data/330000-510000.asc
ncols 200
nrows 200
xllcorner 330000
yllcorner 510000
cellsize 50
[rows 140 to 174 of 200, columns 78 to 155 of 200]
688.1 705.7 723.7 744.6 763 771.9 778.5 785.2 790.2 797.9 805.6 815.1 827.1 840.7 830.7 784.6 751 721.7 697.4 685.6 681.6 677.9 657.7 637.2 617.2 576.4 535.5 501.9 474 453.9 429.4 406.7 390.2 382.1 370 380.3 397.3 406.2 421.5 446 463.6 489.2 516.8 547.4 576.6 604.3 639.2 673.5 704.3 739.5 754 746.2 727 710 693.6 674.8 657.8 641.6 626.4 613.6 602.6 590.3 577.9 566.9 558.3 551.2 539.8 529.9 521.4 509.5 493.8 478.7 464.1 451.4 440.2 428.1 418.7 410.2
679.9 698.8 715.6 734.5 747.7 756.2 762.6 769 775.7 783.5 795.8 807.6 819.5 832.1 828.2 776.4 741.2 714.5 698.4 694.6 686.9 685.5 677.9 647.2 610.7 573.5 534.6 498 467.2 445.3 421.6 402.6 390 379.6 378.5 388.4 399.9 412.5 430.5 456.1 484.1 514 537.2 560.7 593 624.1 659.9 695.7 725.7 744.4 735.5 718.6 701 683.5 663.8 644.5 625.8 610.6 597.2 585.6 571.4 560.9 550.1 539.8 533.4 526.9 518.2 508.3 492.2 474.3 459.8 447.1 432.5 420.7 411.8 400.8 391 382.8
669.4 684.1 698.3 714.5 727.7 737.1 746 754.5 761.5 773.4 787.6 799.5 811.1 822 826.9 787.3 752.2 734.1 719.9 712.9 709.6 701.6 677.4 655.7 626.4 568.1 530.6 499.9 462 437.4 420.3 405.1 394.5 384.2 385.9 399.9 411.2 429.7 447.7 466.8 496.1 532.5 553.2 579 613.4 643.6 674.6 708.7 739.4 729.9 713.2 692.9 671.1 651.2 629.4 609.3 591.5 577.2 565.9 557.1 544.8 534.5 525 515.5 506.5 498.3 490.2 476.1 459.1 444.4 429.7 417.9 406.5 395.6 384.9 374.6 367.9 360.5
656.6 668.8 680.4 692.7 705.8 718.2 730.4 739.7 750 767.6 781.2 792.9 804.7 814.6 820.2 809.2 789.3 773.1 755.4 752.8 746.8 726 698.5 674.1 627.4 582.3 526.9 493.1 464.7 441.4 420.9 407.2 395.4 387 395.4 408.6 426.5 440.6 461.1 483.8 514.6 548.5 573.4 606.6 640 666.4 697.4 730.9 728.1 707.6 685.9 664.1 640.5 618 596.5 577.2 561.9 549.8 540.4 531.3 521.8 509.1 500.1 492 482.3 474.6 469.3 446.5 428.1 414.2 403.3 394 384.5 375.1 364.1 361 354.3 347.3
643.8 653.8 664.1 676.8 689.7 702.9 712.3 730.6 746.6 761.3 774.2 787 797 804.1 806.5 804.1 798.5 790.2 780.5 779.7 770.6 757.2 747.3 709.5 633.1 580.9 534.5 498.4 468.5 446.1 427.8 412.6 404.3 398.4 410.4 436.2 443.5 462.2 479.1 509.8 541.3 569.7 607.5 635.1 659.4 685.6 719.2 732.3 707.3 683.2 657.4 633.5 610.4 587 565.5 549.8 537.1 527.5 518.3 511 501.8 487.7 477.2 468.6 459.7 450.2 430.5 414.3 404.1 393.2 382 373 365.1 358.3 348.8 343.2 341.6 334.3
634.5 641.9 649.9 663.1 673.4 683.9 703.5 720.6 736.5 751.9 767.4 778.4 784 788 787.4 783.6 778.1 771.4 764.8 762.1 761.7 759.1 759.2 718.5 649.7 578.5 538.1 504.4 476.3 462.9 444.6 426.5 410.7 411.9 432.7 445.9 461.2 485.5 498.6 534.6 568.4 605.9 636 655.5 677.6 700.2 722.8 708.1 684 654.8 627.3 602.8 581.5 558.5 536.8 523.9 515.5 506.7 499.8 493.1 484.6 473 461.6 449 438.6 420.4 403.9 390.9 379.3 371.2 362.8 354.9 348.4 340.3 334.4 332.3 330.1 322.5
626.6 633.5 640.4 649.2 659.3 672.8 687.8 703.1 718.9 732.6 747 759.1 764.3 767 765.2 761.2 755.6 749.2 743 740.6 742.4 742.1 737.8 706.2 654.3 583.9 546.8 513.8 488.7 477 461.4 443.6 418 426.8 448.6 464.2 483.1 510.6 530 562.5 593.2 627.3 652.8 667.6 692.6 707.6 699.1 683.8 658.5 627.4 597.5 572.1 554.1 533.7 514 504.5 496.6 490.5 485.2 477.2 464.4 460.5 448.8 435.6 420.6 403.5 386.9 370.7 358.2 350.6 343.4 341.1 339.3 333.5 328.3 320.6 317.7 313.8
618.6 625.8 633.2 638.8 649.1 657.5 669.9 681.2 695.3 707.3 719 730.5 737.7 740.6 739.6 736.1 730.9 725.4 719.1 718.4 718.2 717.2 715 673 637.7 599.9 564.7 523 502.7 491.1 473 451.4 425.1 447 466.8 484.8 508.9 534.4 554.6 580.7 610.6 641 662.1 675.4 691.1 686.3 673.6 658.9 621.8 589.6 566.8 545.7 528.3 512.9 497.9 487.6 483.6 476.8 469.9 463.3 455.8 447.3 438.9 423.3 402.7 382 363.2 351.1 340.8 334.1 325.3 321.8 315.2 318.7 321.9 317.1 304.6 302.8
612.3 618.7 624.3 629.7 636.7 645 653.4 660.9 669.3 679.4 690 700.9 707.7 711.1 711.5 709.8 706.7 701.4 696.7 693.9 693.2 692.8 692.2 684.5 671.1 646.9 577 533.5 509.5 497.7 475.8 454.7 446.7 468.5 491.1 509.6 534.7 556.5 575.9 597.1 624.5 654.9 676.5 682.6 671.1 656.5 642.1 621.4 582.4 564.6 545.9 528.2 513.6 501.7 490.6 482.8 474.8 464.8 457.9 452.1 444.6 438.2 422.4 397.9 376.5 355.7 343.2 335.3 326 322 314.1 307.1 304.1 303.3 310 309.2 300.8 295.4
606.4 610.8 613.3 620.8 626 631.7 638.8 643.6 649.5 656.7 663.8 670 677.9 681.5 683 681.8 680.1 676.2 671.4 667.9 667.2 666.6 663.2 655.9 650.1 622.3 570.2 532.7 510 493.4 474.5 451.8 470.2 491.4 513.5 540 561.4 578.7 597.2 618.2 650.2 671.8 680.8 662.8 638.4 616.8 603.6 577.3 557 542.2 529.2 517.4 505.5 496.5 485.7 477.5 463.9 453.3 447.9 441.7 435.1 417.9 392.6 378.3 360.3 345.8 335.3 329.2 324.2 311.7 307 302.1 300.9 302.8 292.7 290.6 286.8 287.1
598.6 600.2 607.1 611.7 616.6 621 624.3 627.7 631.1 635.6 639.7 644.6 649.6 653.5 655.5 655.9 654.2 651.1 646 643.5 642.1 639 632 628.8 622.9 594.6 556.4 528.2 509.8 489.7 475.7 474.6 494.3 520.3 544.9 562.9 578 596.1 614.3 637.1 666 681.9 666.3 631.6 602.8 584.7 570.9 554.2 539.8 529.5 519.9 512.5 502.2 491.4 474.7 463.4 454 446.3 437.4 435.3 430 429.5 409.1 384.3 366.5 356.1 340.1 327.8 321.3 313.6 304.1 300.8 298.5 296.8 297.9 293.5 287.3 284
589.8 593.8 599.6 603.9 606.7 609.6 610.9 612.4 613.1 615.1 618 621.7 626 629.4 632.5 633.5 631.3 628.4 624.4 621.7 618.1 614 611 608.6 606.5 572.9 540.8 519.1 505.3 493.5 487 498.1 525.9 553.1 566.4 576.1 590.2 609 630.7 655.8 677.8 678.4 643.1 611.4 583.5 567.4 556 543.2 526.8 522.7 514.4 508 497.3 485.2 465.6 454.3 447.7 442.7 444.4 446.5 444.2 435.7 416 396.9 385.1 361.2 338.6 325.4 317.1 308.6 299.8 297.5 296.6 297.1 298.8 286.3 285.2 283.1
583.4 589 592.8 596.6 598.4 599.1 600.1 600.5 600.5 599.8 599.9 602.6 605.8 611 613.3 614.9 612.9 609.6 605 600.7 600.2 597.8 597 594.1 578 553.3 533.8 519.3 510.6 506.2 507.7 527.2 556.3 570 580.9 593.7 605.4 630.9 657.2 677.3 693.7 670.3 633.4 603.4 579.2 564.8 556.4 545.3 532.9 516.9 502.1 493 484.7 473.2 465.4 455.5 449.2 451.2 452.3 455.4 453.8 444.7 430.9 420.5 413.9 366.1 346.1 328.9 313.3 301.9 297.7 296.3 295.1 295.6 296.9 288.1 298.5 289.3
579.5 583.6 587.2 589 590.7 591.1 592.4 592.4 592.7 592.4 593.3 594.7 597.1 599.5 599.6 600.2 598 593.4 589.3 583.6 582.4 582.5 581.6 572.3 556 542.8 533.7 522.2 519.9 521.2 531.7 557.2 575.7 587.1 601.2 613.3 629.7 657.6 678.8 699.6 706.3 665.8 628.5 604.8 584.3 574.3 566.4 557.3 536.8 518.3 508.7 500.9 496.1 477.8 470.1 459.5 459.4 461.9 465.4 469.2 469.4 463.2 451.3 432 408.6 384.7 355.6 333.9 316.7 304 300 296.2 294.3 295.3 292 293.5 302.4 305.8
574.6 578.1 580.5 582.7 584 583.4 584.9 586.6 587.3 588.6 590.5 591.6 591.2 590.7 589.8 586 579.3 576.1 571.6 566.7 562.6 562.7 561.2 552.4 543 536.6 531.5 531.8 532 536.9 557 577.8 597.4 610.8 627.8 643.7 661.3 680.5 698.2 715.2 712.5 670.2 639.1 619.2 599.4 591.4 576.1 553.2 534.5 519.6 511.4 508.2 500.8 502.4 499.5 485.1 487.9 485.9 489.4 495.6 495.8 486.7 470.6 447.6 415 390 369.9 354.8 336.5 317.3 303.8 298 296.7 297.4 296.3 298.6 311.4 314
567.5 569.4 572.4 576.4 576.3 576.1 577 579.6 581.7 584.9 587.3 589 587.6 583.9 575.4 569.5 564.7 558.4 555 550.7 550.1 545.4 542.3 540.2 541.4 539.3 538.1 542.3 544.6 555.5 577.4 598.4 615.9 633.6 652 670 689 706.2 724 740 740 695.2 666.4 637.2 613.9 598.6 572.8 554.6 538.8 526.3 519.1 513.4 515.9 518.7 517.6 511.5 510.2 513.4 518.1 519.3 516.2 501.2 483.3 457.4 429.2 406.4 393 378.4 356.4 334.1 324 314.1 304.6 306.1 310.5 316.6 328.8 332.4
557.4 559.8 562.4 564.6 564.3 566.7 568.5 571.8 575.7 578 584.5 585.7 578.7 570.9 563.4 555.4 549.6 546 543.4 540.3 540.3 540.3 540.3 540.3 540.3 540.7 543.4 547.6 555.8 574.6 597.4 613.7 634.4 656.5 677.5 696.2 718.3 732.7 756.9 773.4 751.8 708.8 672.8 636.9 620 605.5 589 568.5 552.8 537.3 528.6 529.6 530.5 533.8 532.3 535 540.7 544.7 545.9 545.9 544.2 531.8 500.8 467.1 442 426.2 410.6 395.5 372.8 359.7 345.1 331.8 317 325.9 330 338.9 348.9 354.6
543.2 546.2 549.3 551.8 553.4 555.5 559.1 564 570 576.3 580.3 578.4 571.4 560 551.4 544.5 540.3 540.3 540.3 540.3 540.3 540.3 540.3 540.3 540.3 549 556.5 561.4 569.2 592.2 613.4 632.5 655.1 679.6 700.1 719.9 740.2 758.8 781.6 803.7 744 695.8 667.6 648.1 626.9 618.8 599.2 581.5 571.2 547.3 544.9 545.5 548 559.8 563.6 567.9 575.7 579.9 592 610 611 610.4 591.4 530.3 468 448 439.4 431.7 417.6 404.2 375.5 349.9 349.8 349.1 357.3 363.8 376.3 381.9
527 534.2 538.4 544.4 547.3 553.5 558.6 563.6 570.1 573.5 574 565.6 558.4 549.2 542.5 540.3 540.3 540.3 540.3 540.3 540.3 540.3 540.3 540.3 545 557.7 568.2 577.7 593.4 609.1 633.5 652.2 672.7 689.2 715.5 736.1 753.9 777.8 797.5 809.2 742.4 706 686.5 663.1 637.1 632.8 616.9 599.8 594.3 571.2 562.9 562 566.8 578.6 587 608.5 622.6 634.5 662.6 678.6 664.5 643.8 607.2 558.5 499.6 473.9 463.5 447.5 439.6 421 402.8 392.7 384 382.1 382.9 396.9 422.9 431.1
539.9 546 549.5 555.5 562.2 568.1 571.5 573.1 576.5 578.6 572.5 564.8 554.9 548.2 541.3 540.3 540.3 540.3 540.3 540.3 540.3 540.3 540.3 541.4 559.1 577.1 592 607.8 625.3 630.3 650.2 675.3 696.2 717.3 734.3 754.2 772.2 788.3 811.6 784.6 744.1 711.4 693.9 667.8 667.8 661.8 640.7 619.7 604.2 592.2 585.4 590.4 590.2 601.6 647.6 714 702.7 688.5 708.7 706.1 683 669.1 635.4 584.2 538.8 493.4 472.9 469.5 452.9 445.5 438.4 432.3 425.7 416.1 415.2 430.3 456.7 461
551.1 557.8 564.8 571.4 576.9 582.8 586.2 587.7 588.1 586.1 581.5 568.4 557.1 549.9 542.6 540.3 540.3 540.3 540.3 540.3 540.3 540.3 541.8 554.9 577.3 595.6 609.8 629.2 651.3 658.1 677.7 707.5 728.4 742.5 755.6 781 799.7 815.5 818.9 785.3 746.6 717.2 692.9 681.6 693.5 686.7 663.8 651 643.7 621 618.3 615 614.5 634.9 681.4 732.1 737.2 732.6 718.8 687.7 663.7 644.3 623.2 588.3 542 506.8 494.6 481.2 478 494.5 510.7 496.8 462.9 449.5 448 458.7 474.6 489.8
562.9 571.7 577.8 583.9 589.9 595.2 599.6 602.1 603.7 599.8 595.4 587.6 571.7 556.1 547.1 540.3 540.3 540.3 540.3 540.3 540.3 543.3 555.1 573.3 593.6 610.6 628.4 651.9 678.5 687.3 706.8 731.8 752.1 765.8 782.5 807.9 829 838 846.6 813.7 762.1 732 704.7 700.5 712.1 714.6 702.3 691.5 663.8 657.8 685.2 658.8 641.8 658.6 704.8 743.7 746.1 731 703.9 667.7 642.3 615.6 591.2 563 529.3 517.5 508.3 490.4 502.5 516.9 529.7 521.4 517.2 508.2 494.9 495.5 509.9 532.8
576.8 584.3 590.4 596.5 602.7 607.9 613.3 618.7 620 621.9 617.1 607.8 589.8 572.5 560 553.3 545.7 540.3 540.3 540.4 547.9 559 575.5 590.7 605 626.5 648.3 677.3 697.7 715.1 737 762 782.4 791.6 812.5 837.8 848.8 857.2 862.7 838.3 793 749.9 727.6 722.3 742.5 756.9 759.1 747.9 697.7 692.1 712 699.3 676.9 698.5 756.3 756.2 747.7 737.9 703.7 647 625.2 603.4 576.7 545.4 531.9 526.5 514.1 500.4 512.9 532.1 561.7 567.5 563.9 552.1 538.2 548.6 555.7 572.5
588.8 596.4 603 610.2 617.5 625.1 632.4 638.1 643.2 645.4 643.4 631.9 608.6 589.7 575.6 568.8 563.1 554.7 549.8 554.8 565.8 578.5 595.5 607.3 621.9 641.6 663.3 686.6 715.1 739 767.1 791.2 811.2 827 835.3 848.2 855.6 863.1 869.1 858.2 804.1 768.8 748.4 751.9 782.3 801.6 796.6 768.7 737.6 731.4 756.9 737.8 708.2 731.9 773.4 767.1 760 743.8 672.1 628.4 610.6 599.3 584.2 560.4 540.8 524.2 513.3 511.3 522.4 541.1 564.3 573.7 584.5 588.9 575.6 585.9 589.6 588.6
602.6 609.9 616.7 624.2 631.8 639.4 647.7 656.2 664.1 668.9 667.4 653.1 632 611.5 595.2 585.5 577.7 572.8 568.5 572.9 581.5 595 610.4 616.9 627 642.1 665.8 689.1 717.4 746 773.2 795.3 811.6 825 839.2 850.7 859.6 866.4 871.1 868.1 849.6 800.3 776.7 785.4 815.4 837 827.7 792.3 784.5 792.3 813.3 763.1 743 766.2 789.8 783 754.9 711 660.3 626.9 612.8 612.2 604.7 581.9 544.2 522.6 514.3 517.1 529.1 550 570 582.4 596.7 596.3 595.7 599.3 603.5 596.4
616.7 624.3 631.4 636.3 644.5 656 665.8 674.8 683.9 690.6 692.2 675.2 648 627 613.6 603.7 596.8 594.3 586.3 581.5 592.4 607.6 605.1 604 612.8 627.9 645.2 668.5 699.2 730.3 758.2 779.5 797.6 818.3 834.6 847.1 857.9 863.2 870.3 871.9 855.6 841.4 820.2 822.3 843.7 847.8 838 823.1 823.8 825.4 825.8 808.5 780.9 803 803.4 771.3 733 684.3 648.3 621.6 605.8 597.7 589.6 572.3 543.8 525.6 518.1 520.1 535.1 558.5 580.8 594.6 604.2 603.4 607.7 610.1 606.9 599.3
627.7 635.3 643.5 650.4 657.6 667.9 678.7 688 696.7 703.4 707.7 691.4 661.8 643.1 634.2 627.5 621.9 618 603.4 585.8 590.5 591.3 585 579.7 590.8 605.7 625.5 653.3 682.2 711.6 735.8 761.8 785.5 804.6 822.3 838.3 852.3 858.5 866.1 868 865.4 852.8 838.5 849.8 853.7 850.4 841.3 835.7 834.5 834.6 830.5 823.7 812 819.7 814.1 795.8 718.8 668.3 633.3 609 597.8 588 578.2 563.1 544.7 531.8 524.5 529.8 547.8 572.3 589.9 602.9 609.7 614.7 618.9 612.3 604.8 596.8
640.4 648.2 656.1 664.4 672.6 682.1 692 699.9 708.4 716.4 719 709.4 688.2 670 665 655.7 656.2 641.7 623.5 585.9 578.8 568.6 563.7 559.3 570.5 588.7 610.7 639.3 666.5 695.2 722.5 746.6 768.7 788.6 809.2 828.2 844.1 852.7 860.8 864.4 863.7 856.3 859.3 856.9 853.7 849.3 842.1 835 831.1 828.4 832.7 827.6 821.6 821.8 819.4 806.6 712.5 654.1 624.7 610.2 599.7 588.5 575.5 565.6 555.8 544 537.4 543.2 560.7 584.7 603.7 618.5 622.4 623.2 620.1 613.1 600.9 594
652.3 660.6 673.3 680.8 690.4 697.7 706.9 713.6 721.3 727.6 729.4 723.4 712.5 702.2 690 684.6 677.6 649.9 625 577.8 555.6 542 539.9 542.6 560.4 578.4 603.8 630.3 657.6 685.1 707.3 729.3 752.3 772.7 796.6 818 835.1 845.5 854.3 859 861.2 861.2 858.2 853.9 845.9 837.4 829.1 819.1 813.5 801.7 800.7 804.4 812.2 817.2 819.3 792.4 693.4 652 634.3 623.5 613.6 598 590.1 580.4 569.3 567.5 566.2 567.2 582 598.2 616 629.3 627.7 623.5 618.5 607.3 597.4 582.9
660.5 671 681.2 689.8 698.3 707 715.7 722.3 729.6 734.8 735.2 728.7 721 713.2 706.7 699.8 670.1 636.9 611.1 566.2 538.6 527.5 528.6 536.2 552.1 574.9 599.2 624.2 649.8 671.3 691.4 713.1 736.5 759.6 784.5 808 827.7 838.9 848 854.7 857 854.5 846.5 836.2 824.7 812.9 801.4 791.8 785.4 776.4 767.5 773.6 788.2 804.8 806.3 768.2 698 664.9 653.7 641 629.5 623.5 613.4 601.9 600.4 596.7 602.6 595.8 605.3 623.1 630.3 633.3 630.2 623.6 620.3 607.7 590.2 568.1
665.9 677 687.8 698.3 707.4 715.4 722.8 726.4 729 730 727.3 724.5 717.7 713.5 712.1 693.7 653.4 616.8 592.5 550.3 526.9 521.9 523.9 529.8 555 574.6 590.9 611.1 636.5 657 678.4 699.4 723.1 748.7 774.9 800.5 821.2 833.5 843.1 848.8 838.4 822.8 818.4 803.6 791 777.9 764.7 755.3 750.7 740.3 736.5 743 761.8 784.3 788.7 752.6 717.9 693.1 678.4 665.5 661.4 658.5 654 657.8 651.7 645.9 638.2 628.3 634.1 645.6 643.1 641 628.9 618.3 610.4 595.5 569.8 546.7
668.5 680.3 691.5 702.2 714.4 722 723.2 720.4 719 716.3 717.3 715 709.3 707.5 708.5 679.5 636.2 604.7 567.3 539.7 524.7 520 521 530.4 544.8 567.1 584.6 602.2 621.5 642.5 665.6 687.2 712.7 741.5 769.1 794.7 815.3 830.5 838.9 828.6 805.3 786.9 780 767.1 756.2 741.7 728.2 722.3 715.5 710.6 707.7 718.1 737.7 758.6 772.1 768 758 731.6 722.7 712.5 704.7 705 714.9 711 700.4 693.9 673.2 660.3 655.9 651.9 647.9 644.4 628.5 609.2 593.5 572.9 543.9 512.6
664.4 676.5 688.3 698.3 708.5 710.4 707.3 701.2 698.8 695.1 694.8 695.1 694.4 692.4 684.2 661 618.2 582.4 552.2 533.5 524 518.6 519.7 529.2 539.2 556.2 576.5 587.7 605 625.1 654.5 678.6 708.4 738.6 766.4 790.8 812.7 828.1 832.2 803.2 776.3 748.3 736.2 734.9 727.2 715.5 702 698 691.1 684.7 683.5 693.9 712.3 733.9 756.4 776.5 782.8 788.5 777.8 767.7 767.2 762.2 749.7 749.7 744.6 716.3 689.7 675.6 665.1 657.1 648.9 639.5 623.3 603.4 582.2 561.5 524.2 490.7
657.3 669.8 682 688.1 691.5 690.3 683.7 677.5 672.9 669.8 666.2 662.3 658.5 660 649.3 643.4 598.2 567.2 540.3 528.4 521.3 517.7 519.9 523.5 539.4 553.2 560.4 571 585.8 609.4 641.8 671.9 702.9 735.5 764.7 788.5 809.4 824.9 822.1 784.3 749.1 722.2 708.6 707.3 703.6 695.7 681.9 670.9 664 659.2 659.3 671.4 687.9 709.3 738.8 765.3 793.9 810.4 811.7 807.3 801.9 790.3 773.8 758.2 733.2 707.2 690 675.3 661.9 651.1 640.7 622.9 613.7 594.9 570.5 544.7 510.6 481.5
646.3 657.5 666.9 671.2 670.7 665 653.6 645.6 642.3 640.2 635.5 628.2 623.3 621 621 609.7 578.8 550.5 529.8 519 518.8 514.3 517.9 519.4 525 537.5 549 559.4 576.1 604.3 637.7 669.6 700.6 732.8 761.9 786.5 806.3 818.7 805.6 771.3 734.6 707.1 692.3 683.5 674.1 664.8 651.4 640.6 631 626.5 633.5 649.7 668.7 692.2 719.1 749.4 781.7 812.6 819.3 815.4 810 801 782 757.1 732.2 704.1 681.6 666.8 652.3 640.7 626.8 618.7 604.7 590.8 572.9 543.8 516.6 489.1
