data/330000-540000.asc
ncols 200
nrows 200
xllcorner 330000
yllcorner 540000
cellsize 50
[rows 105 to 139 of 200, columns 0 to 79 of 200]
121.7 124.8 126.1 126.9 127.5 126.9 127.1 127.7 128 128 128.4 128.3 127.8 129.6 129.4 129.7 132.1 135.1 137.2 138.5 140.1 140.7 140.9 141.7 142 141.8 141.8 141.8 141.1 139.2 136.4 133.4 129.4 129.8 131.1 131.5 132 132.1 131.9 132.5 134.3 134.5 134.7 134.9 135 134.9 133.7 130.3 123.6 126.3 127 125.8 125 124.4 123.8 123.1 122 121.3 119.1 114.3 115.5 121.4 123.9 125.5 126.7 128.4 129 129.7 129.8 129.9 130.1 129.5 129.5 129.7 129.1 127.9 127.3 125.5 123.6 120.3
119 124 125.7 127.6 129.3 130.4 131.1 131.8 132.1 132.3 132.7 133.4 134.1 134.9 135.7 136.1 137.7 139.4 141.1 141.9 142.7 142.9 143.1 143.4 143.6 143.9 143.6 143.4 142.7 139.8 136.7 132.4 132.1 132.9 133.3 133.6 133.8 133.8 133.6 134.1 135.2 135.6 135.8 136.1 136.2 136.3 135.3 132.4 127.8 130.2 128.3 127.5 126.9 126.3 125.7 124.7 123.6 122.5 116.9 115.3 116.4 120.4 122.1 123.4 124.5 126.1 127.8 129.1 129.9 130.7 130.9 130.3 129.2 128.4 128.1 127.5 127.7 127.3 126.3 123.6
122.5 124.2 125.5 127.5 128.8 130.4 132 133.1 134.2 135.9 137.2 137.9 138.5 139.5 140.4 140.7 141.9 143.5 144.9 145 145.2 145.7 146 146.2 146.2 145.9 145.8 145.7 144.9 141.9 137.8 135.1 135.4 135.6 135.5 135.4 135.6 135.5 135.4 135.7 136.1 136.5 136.4 136.5 136.6 137.1 136.6 132.8 129.9 133 131.2 128.2 127.2 126.6 126 126 125 124 122.7 115.3 116.1 120.9 121.1 121.9 122.5 123.6 125 127 128.5 129.3 130.6 130.5 128.9 126.7 126.2 125.3 125.4 126.8 126 124.4
124.8 126.4 127.5 128.4 129.6 130.9 132.5 133.8 135.3 137 139.4 141.1 142.7 144.1 145 145.5 146 147.6 148.9 148.9 148.7 148.9 149.1 149.7 149 148.5 148.3 148.2 147.2 144.5 140.8 136 138.5 138.8 138.2 137.8 137.3 137.3 137.3 137.6 138.1 137.6 137.7 137.7 137.7 137.7 136.8 133.8 133.6 135.2 133 130.7 128.1 126.9 126.2 125.9 126.1 125.2 124.3 119.1 115.8 116.8 121.6 122.1 122.4 122.9 123.5 124.9 126.3 127.4 128.8 129.5 128.1 126.2 125.4 124.7 124.4 123.6 123.6 122.9
126.7 128.4 129.6 130.9 132.1 133.3 134.4 135.5 136.7 138.2 140.1 142.2 144.3 146.4 147.7 148.7 149.7 151.2 152.5 153 153.1 153.2 153.2 153 152.9 152.2 151.6 150.8 148.4 145.1 143.5 139.3 142 141.8 140.9 140.4 140.1 139.4 139.2 139.6 140.1 139.9 139 138.9 138.8 138.5 137.5 133.2 135.6 135.8 134.2 132.3 130.1 128 126.5 125.7 125.7 125.6 125.1 121.3 116.7 115.7 118.6 122.7 123 122.7 123.4 124.1 124.7 125.4 126.2 127.2 127.4 126 125.5 124.9 124.3 123.1 121.2 120.3
124.7 125.3 128.5 130.9 133.4 136 137.7 138.5 140.3 142.4 143.5 144.8 146.5 148.1 150 151.2 152.5 154 155.3 156.7 157.2 157.3 157.2 156.9 156.7 155.8 154.7 154 151.3 148.5 146.7 141.5 146.9 146.6 145.8 144.7 142.8 142 141.5 141.4 141.7 141.2 140.4 139.8 139.6 138.7 137.9 132 137.3 136.5 134.5 132.6 130.9 129.3 127.9 126.5 125.1 124.3 123.6 122.1 121.6 119.2 118.8 125 124.1 123.2 123.6 124.2 125 125.2 125.1 125.5 126.1 124.7 124.3 124.4 123.6 122.9 120.8 119.6
130.1 130.7 131.1 131.9 133 134.1 136.5 139.3 141.4 144.2 147.4 149.3 150.9 152.2 153.6 155 156.1 156.7 157.7 159.6 160.9 161.5 161.7 161 159.6 158.6 157.8 157.1 155.8 152.8 151.3 148.7 149.2 148.5 148.1 147 145.4 144.8 144.5 144.2 144.5 143.4 142.1 141.3 140.3 139.3 137.8 137.5 138.4 137.4 135.4 133.5 131.8 130.2 128.8 127.3 125.8 124.8 123.6 123.6 122.7 117.9 119.5 125.4 124.8 125.2 125.7 125.9 124.8 125 125.1 125.5 125.5 124.7 124.5 123.8 123.1 122.6 122.4 121.2
135.1 135.3 135.5 135.9 136.4 138.3 138.6 139.6 140.1 141.7 146.2 148.3 151.5 154 156.8 159.3 161 161.9 162.1 163.4 163.9 164.5 164.7 164.4 163.2 161.7 160.8 159.3 157.5 156.7 155.2 151 151.9 151.2 150.6 150.4 149.6 148.8 147.4 147.3 147.1 146.4 143.8 142.9 141.9 140.5 138.6 139.6 139.5 138.3 136.4 134.5 132.6 131 129.5 128 126.5 125.4 124.4 124.3 122.4 116.9 119.3 122.6 126.1 127 126.8 126.2 125.5 124.9 125.1 125.5 125.1 125 124.8 124.6 124.1 123.8 123.3 122.7
141.1 141.8 140.7 141.2 142 142 142.4 143.6 145.6 146.2 146.6 145.5 151 152.5 154.4 158.5 161.7 163.8 166.3 168.3 169.3 169.1 168.2 167.2 166.4 165.1 164 162 159.3 157 153.6 156.3 155.5 154.4 153.4 153.9 153.1 151.8 150.4 149.7 148.9 148 146.7 144.7 143.1 141.1 141.6 141.1 140 139.1 137.4 135.9 133.9 131.9 130.3 128.7 127.9 126.7 125.5 124 121.4 121 119.6 123.4 124.4 125.8 127.3 127.8 127.3 126.7 126.9 126.6 125.6 125.3 125.2 125.2 125.3 124.9 124.3 123.8
146.5 146.8 147 147.3 147.7 147.2 147.1 148 149.8 150.1 150.6 151.4 152.8 156.2 157 158 158.7 160.9 163.3 166.2 169 171.3 172.3 171.5 171.2 169.5 166.6 163.4 159.4 155.7 155 156.9 157.7 158.3 157.5 157.5 156.3 154.8 153.8 152.3 150.9 149.9 148.4 145.9 143.3 143.2 142.9 141.7 140.5 139.5 138.2 136.7 135.2 133.3 131.2 130.1 129.2 127.7 126.4 122.6 123.9 124.9 123 124.7 125.3 126 127.3 128 128.8 128.9 129.3 128.7 127.8 127 126.2 125.5 125.9 125.4 125.2 125.1
150.5 150.9 151.5 152.3 152.8 152.7 152.8 153.4 153.7 154.1 154.7 155.3 156.5 157.9 158.7 160.1 160.9 162.1 163.6 164.6 165.8 168.4 170.3 172.4 173 172.4 171 167.8 160.9 159 156.5 156.7 157.1 157.6 158.6 159.4 159.3 158.2 157 154.8 153.2 151.9 150 147.6 144.8 145.3 144.4 143.2 142 140.9 139.6 138 136 134.2 133.2 131.6 130 129.1 128.1 123 124.8 126.5 125.4 125.9 126 126.3 127 127.8 128.6 129.4 130.1 130.2 130.6 129.6 128.7 127.8 126.8 126.2 126.6 126.5
154.5 155.7 156.5 156.4 156.8 157.4 158 158.5 158.8 158.8 159.2 159.6 161.6 162.2 163.1 163.4 163.8 164.9 166 166.7 167.7 168.9 169.6 170.6 171.8 172.2 172.2 170.3 166.8 162.3 158.2 157.1 156.9 156.8 156.9 157.2 157.8 158.6 158.8 157.1 155.9 153.8 151.6 149.3 147.4 146.9 146 144.8 143.5 142.2 141 139.5 137.4 136.2 135.2 134.1 132.1 130.2 129.4 121.5 125.9 127.6 126.1 127.1 127.1 127 127.2 128 128.8 129.6 130.4 130.9 131.2 131.4 131.4 130.5 129.7 129.1 127.9 128
158.6 158.6 158.6 160.1 160.5 161.4 162.3 163 163.8 164.6 164.9 164.9 165.7 166.8 167 166.9 167.2 168 168.8 169.9 171 171.2 171.8 172.7 173.7 173.3 173 171.4 167.5 164.5 161.2 159.3 158.7 158.2 158.1 157.6 157.1 157.4 158.8 157.9 156.6 153.8 149.4 149.8 148 146.7 146.2 145.6 144.4 143.1 141.8 140.8 139.5 138.3 137.3 136.1 133.5 133 131.5 123.1 128.4 128.8 127.1 128.3 128.3 128.5 128 128.2 129 129.8 130.5 131.3 131.7 132.2 132.8 133.4 132.6 132.1 131.1 130.2
161.6 162.7 163.1 163.7 164.7 165.7 166.6 167.4 167.7 168.3 169.5 170 170.2 170.7 171.2 170.7 171.3 172.7 172.9 173 173.6 175 174.7 175.2 175.8 176 175.8 174.8 171.9 169.9 166.7 162.7 160.8 160.1 159.8 159.2 158 157.4 156.8 155.6 155.1 154.4 153.6 152.5 150.5 148 145.9 145.2 144.6 143.9 142.7 141.9 141.2 140.3 139.3 136.8 135.1 133.1 123.8 126.9 130.8 131.3 126.5 129.6 129.6 129.9 129.5 129 129.1 129.9 130.6 131.3 132.4 132.9 133.6 134.2 134.8 134.9 134.6 134.3
162.9 164.6 165.9 167 168.3 169.4 170.6 171.6 172.4 172.9 173.8 173.9 174 174.2 175.3 175.8 175.9 176.9 177.2 177.4 178.2 178.7 178.4 178.2 178.8 179.2 179.3 178.2 177.5 175.9 173.2 170.3 165.7 163 161.5 160.6 159.8 159 158.3 157.7 156.5 155.9 155.5 154.6 151.8 149.3 147 145.7 145 144.4 142.7 142.2 141.6 141.3 140.1 136.5 132.6 125.1 129 128.6 135 132 126.6 131.5 131.4 131.3 131 131 130.7 130.8 131 131.2 132 133.3 134.3 134.8 134.9 136.2 136.6 137
162.6 164.6 166.8 169.3 170.7 172.3 173.7 174.9 176.1 177.3 177.9 178.3 178.3 179.1 179.5 180.1 180 181 181.7 182.2 182.7 182.3 181.9 181.4 181.4 181.4 181.7 181.6 181.5 181 179.2 176.3 173.3 168.2 164.3 163.1 162.5 161 160.4 159.8 158.7 157.3 156.1 154.9 153.3 151.6 149.9 148 146.1 145.1 143.5 141.5 140.2 138.3 137.2 134.4 130.9 128.5 132.3 136 136.3 129.5 132 133.2 134.1 133.5 133.4 133.1 132.8 132.7 132.9 132.9 132.9 133.1 133.4 134.4 135.6 136.9 137.6 137.7
162.1 164.2 166.5 169.4 172.2 174.4 176.1 177.3 178.8 180.3 181.5 182.6 183.3 183.6 183.9 184 184.1 184.7 185.4 186 186.4 186.1 185.6 184.7 184.8 184.8 184 183.4 182.8 182.7 183 181.2 178.8 175.2 171.1 166.9 164.9 162.9 162.3 161.9 160.7 159.3 158.3 157.1 155.3 153.6 152.4 150.5 148.7 147.5 145.4 143.8 142.5 142 136.4 130.9 128.9 134.7 139.3 140.1 137.3 129.4 137.4 137.4 136.7 135.9 135.5 135.2 134.9 134.6 134.6 134.6 134.6 134.8 135 135.2 135.9 137.1 137.9 139
160.1 163.8 166.7 169.6 172.4 175.2 177.9 179.7 181.3 183 184.4 185.6 186.6 187.3 188.1 188.4 188.6 188.6 188.7 189.1 189 188.9 189 188.2 188.3 187.8 186.9 186.1 185.5 184.7 183.7 182.5 181.3 178.9 176.6 173 167.4 165.3 164.7 163.7 162.6 161.7 160.5 159.3 158.2 156.1 154.7 153.1 151.3 149.4 147.5 146 144.7 141.6 135.4 130 132.7 139.5 142 141.8 135.8 131 140.9 140.7 139.6 139.5 138.1 137.8 137.3 136.5 136.2 136.3 136.3 136.5 136.6 136.9 137.5 138.3 138.9 139.9
157.6 161.9 165.9 169 172.4 175.4 178.1 180.5 182.6 184.6 186.8 188.6 189.9 191.2 192.1 192.6 193 193.1 192.7 192.1 192.1 192 191.1 190.9 190.8 190.4 189.8 188.9 188.1 187.2 186 184.7 182.8 181.3 178.9 175.4 172.6 167.5 167.2 166.2 164.9 163.6 162.2 160.9 159.5 158.1 156.7 155.2 153.8 152.1 150.2 148.6 147.1 139 134.2 130.3 140 142.4 143 143 135.9 132.8 141.1 141.4 142.6 142.8 141.3 140.3 139.6 139 138.6 138 138.1 138.1 138.3 138.8 139.2 139.5 140.2 141.2
150.9 156.9 162.9 167.2 170.7 173.7 177.5 180.6 184 186.1 188.6 190.5 192.4 194.2 195.9 196.5 196.9 197.2 197 196.4 195.8 195.3 194.3 193.1 191.8 192.2 191.8 191.3 189.4 187.9 186.8 185.6 183.4 180.6 176.4 175 173.9 170.2 169.7 168.2 166.8 165.3 164 162.7 161.6 160.2 159 157.7 156.1 154.6 153 151.5 148.2 137.3 133.8 143.3 144.9 145.5 144.4 143.3 139.7 132.4 138.8 141.3 143.8 144.9 143.9 143 142.3 141.9 142 140.8 140.1 139.9 139.9 140.2 140.4 140.7 141.7 143
150.9 150.3 157.8 162 167.1 171.6 175.9 179 182.5 186.3 189.4 192.1 194.3 196.1 198 199.1 199.8 200.6 200.8 200.5 200 199.3 198.7 197.6 195.9 194.9 194.1 192.4 191.1 189.3 189.3 188.2 187.2 186 183.9 179.9 177.1 174.3 172.5 170.8 168.8 167.2 166 164.8 163.6 162.2 161 159.7 158.4 157.2 155.6 153.4 144.8 136.8 143.4 148.6 148.2 147.1 146.1 145 144.1 142.9 140.5 137 142.7 146.5 146.5 145.4 145 144.8 145 144.1 143.2 143 142.3 142.1 142.2 142.1 143.4 144
157.8 155.8 153.8 154.6 160 166.4 171.8 176.4 180.6 184.2 187.7 191.7 195.6 197.4 199.4 201.1 202 203.2 203.6 203.4 202.6 202.3 201.5 200.6 199.5 198.3 196.7 196 195.3 194.1 193.1 192 190.9 189.6 187.4 185.7 182.9 180.4 177.8 173.7 171.5 169.4 168.1 166.9 165.6 164.2 163 161.7 160.4 159.3 157.9 146.4 139 146.6 151.4 152.5 151.9 150.5 149.3 148 147 146.1 145.7 143.8 139 144.1 148.1 147.9 147.7 147.8 147.9 147.5 146.2 145.8 144.9 144.1 143.9 143.6 145 145.2
163.1 161.4 159.9 158.9 155.7 160.1 166.3 171.9 176.2 181.2 183.9 189.3 194.5 197.5 199.5 201.8 204.1 205.7 206.4 206.5 205.6 204.3 204 203.4 202.4 201.1 200.3 199.5 198.7 197.9 196.7 195.7 194.6 193 191.2 189.9 187.5 185 183.4 181.2 178.9 174.8 171.6 168.7 167.6 166.2 165 163.8 162.6 161.4 159.1 149.5 140.4 154.2 155.6 155.1 154.9 153.9 152.6 151.6 150.9 149.8 148.8 147.8 146.6 140.9 143.9 147.7 149.5 150.2 150.1 149.6 149 148.9 148.4 147.3 146.1 145.2 145.9 146.5
172.4 168.3 166 165.3 164.3 163.4 160 165.9 171.6 176.2 180.9 186.1 190.8 194.8 198.8 201.9 204.2 206.4 207.8 208.1 208.1 207.3 206.5 205.6 204.1 202.9 203.1 202.8 202.2 201.5 200.4 199.3 198.4 196.8 195.3 194.2 192.2 189.5 187.4 185.3 183.2 180.4 177 171.9 169.7 168.3 167.1 165.8 164.6 163.1 160.8 151.3 154.7 158.2 158.4 157.8 157.5 156.8 156.1 155.1 154.6 153.7 152.5 151.4 150 148.6 146.6 144.1 144.8 149.9 150.1 150 151.4 151.5 151.5 151.5 150 148.4 147.1 147.5
178.4 175.9 174.5 173.2 169.3 167.6 166.2 164.6 165.1 171.5 176.7 181.9 186.5 190.4 195.1 199.5 202.9 206.3 208.5 209.4 209.8 209 208.5 207.8 206.6 205.3 203.7 203.9 204.4 204.3 203.4 203.5 203.4 202.3 200.8 199.6 197.4 194.1 191.3 188.7 186 182.8 179.4 176 173.2 170.2 168.5 167.3 166.1 164.9 161.2 153.9 160.2 162 161.4 160.7 160.1 159.6 159.1 158.3 157.9 157.3 156.1 155.2 153.4 151.9 151.2 150.2 148.1 144 147.2 153.1 153.7 153.7 153.8 153.6 152.9 152 150.7 148.8
187.6 183.5 182.4 179 176.1 173.3 170.9 170.3 166.1 168.5 172 177.7 182.4 186.5 191.3 196.1 200.3 203.6 205.7 208.7 210.6 210.9 210.4 209.8 208.8 207.4 205.7 205 205 205 204.6 206 205.5 206.2 205.7 205.1 202.3 198 194.2 191.5 188.6 185.2 181.8 178.6 175.8 173 170.2 168.1 166.8 166.2 158.2 159.4 164.5 164.5 163.9 163.3 162.7 162.5 162 161.5 161.2 160.4 159.7 158.9 158.2 155.1 154.7 154.3 153.3 149.5 148.4 148.9 154.4 155.9 156 155.6 155 154.8 153.5 151.4
195.8 193.4 191.1 188.5 184.6 180.5 176.8 174.8 173.2 173 171.8 172.4 178.9 183.1 187.9 192.7 197.2 199.8 204.2 206.7 208.9 210.4 210.8 210.9 210.1 209.1 208 206.8 205.6 204.6 205.1 205 206.6 208.2 209.4 208.5 205.5 201.3 197.5 194.7 191.7 188.7 185.8 181.7 177.8 175 171.7 169.8 167.3 166 162.4 156.3 165.4 166.7 166.3 165.6 164.9 164.8 164.8 164.6 164.3 163.6 162.8 162 161 159.3 158.2 157.3 155.4 154 152.8 150.6 149.9 155.2 156.9 156.7 157.4 157.1 156.1 154
203.2 200.7 199.2 197.6 196.1 191.6 187.2 181.6 178.7 178 176.5 176.1 176 179.9 184.5 189.4 194.1 198 200.9 203.7 206.1 207.5 208.4 209.3 210.1 210 208.6 208.1 207.3 206 205.2 204.4 204.2 205.5 207.1 207.8 208.5 205.1 201.2 198.5 194.7 191.4 188.9 185.7 180.8 176.6 173.4 170.4 167.5 165.1 163.4 150.2 163.8 166.2 167.6 167.8 167.3 167.2 166.6 166.2 166.4 165.6 164.8 164 163.4 161.9 160.8 159.9 159.2 157.4 155.5 154.2 152.3 150.8 153.8 156 157.9 159.2 158.1 156.3
210.8 207.6 204.2 204.4 201.8 199.9 197.3 192.4 189 185.7 181 180.5 177.3 179.1 182.7 186.3 190.1 194.6 199.2 203 205.3 207 208.5 209.7 209.8 210.3 210.5 210.1 209.2 208.1 207.1 206 204.2 202.9 203.2 203.8 205.1 205.4 204 202.3 198.3 194.6 191.6 188.3 183.8 178.4 175.7 172 169.7 167.2 165.6 162 152.4 155.4 161.5 167.3 169.1 168.8 168.3 168.1 168.3 167.6 166.8 166.3 165.8 164.6 163.5 162.6 162.6 161.3 158.8 156.5 155.4 153.7 151.8 154.1 157.5 159.7 159.7 158.9
218.8 216.1 213.3 211.8 209.2 207.2 205.1 201.7 199.1 196.7 192.4 188.6 182.3 179.8 180.4 185.1 188.6 192.6 196.2 199.4 204.1 208.2 210.5 211.3 211.4 211.6 212 211.4 210.6 209.7 208.7 207.7 206.8 205.1 203.4 200.7 200.6 201 200.8 199.6 198.1 195.2 192.3 191.2 187 182.4 176.6 174.7 170.5 170 168.7 165.9 162.9 159.6 155.2 155.2 166.8 169.3 170.4 170.6 170.3 169.6 168.9 168.6 168.2 167.2 166.3 165.3 165.1 164.1 161.6 158.8 157.1 155.6 154.6 152.5 155.6 158.2 159.3 159.4
225.4 223.5 222.7 219.7 217.3 214.8 212.2 210.3 208.2 205.6 201.9 199.6 193.3 187.9 183.8 182.1 185.3 189.8 193.2 196.5 199.8 204.6 209.3 212.3 214.7 214.5 214.3 213.5 212.6 211.7 210.6 209.8 208.8 207.5 206 204.2 201.7 198.5 195.4 194.6 193.5 191.8 190.9 190.1 189 184.8 176.9 173.8 174.5 173.4 171.2 169.9 167.9 166.3 160 161.5 165.9 165.3 169.2 170.9 171.7 171.9 171.5 170.9 170.4 169.4 168.3 167.3 166.6 165.2 162.7 160.2 158 157.2 155.7 154.8 157.2 156.9 157.6 159
233.3 230.7 228.2 226.5 223.6 222.1 219.9 218.7 217.2 215.4 212.6 209.9 204.5 202.2 192.2 189.2 188.4 186.9 187.8 191.6 197.9 202.2 206.1 210.3 213.5 217 218.2 216.7 216.2 215.6 214.2 212.6 210.4 209.4 207.6 206 204.3 202.1 200.7 197.5 195.3 190.4 188.5 183.5 182.2 180.1 179.5 178.5 176.9 175.3 173 172.2 171.1 165.2 158.1 167.1 167.4 166.4 166.1 168.8 170.8 172.6 173.4 173.1 171.8 171 170.1 169.3 167.9 165.5 162.5 160.4 160.7 158.4 156.7 156.6 156.2 158.2 157.6 158
241.2 238.7 235 230.8 229.7 227.3 226.4 224.8 224.1 223.5 221.5 218.8 217.1 213.3 207.8 199.9 193.7 192.6 191.1 187.7 192.9 198.3 202.9 206.6 210.5 213.7 216.1 216.8 217.7 218.3 218.2 216.8 215.1 212.8 210.8 208.8 206.5 204.4 202.4 199.7 197.6 195.5 192.7 189.9 187.2 184.9 183 180.4 178.9 177 175.4 174.7 173.5 157.7 166.5 170.3 170.5 169.6 169.6 169.2 170.7 172.3 172.3 172.6 172.6 171.6 170.6 169.8 168.8 166.5 163.4 161.9 160.6 158.6 159 158.3 157.2 157.1 158.8 159.7
250.9 246.3 242.6 239.3 237.2 233.3 231.6 228.1 229 229.3 228 225 224.8 222.6 219.7 215 207.2 198.2 195.2 192.2 190 193.5 198.7 203.1 208.7 211.7 214.5 216.7 218.4 219.3 220 219.9 218.8 217 214.4 211.9 209.1 206.5 204 201.5 199.1 196.9 194.4 191.6 189.4 187.6 185.6 183.4 181 179.3 177.8 177 175.6 161.4 169.4 174 173.8 172.7 172 172.3 171.3 172.1 171.8 172 172.4 171.9 171.2 170.6 169.7 168.3 166.6 164.7 161.7 160.1 160.1 159.6 158.7 156.9 160.2 161.3
258.1 255.3 251.3 247.1 244.4 241.8 238.9 234.6 232.9 233 232.5 231.3 230 228.6 227.1 224.5 221.8 215.2 205 198 194.8 192.1 195.3 200.3 206.7 209.7 212.6 215.2 217.9 220.2 221.2 221.7 221.9 220.8 217.9 215.3 212.6 209 206.1 202.3 200.3 198.1 195.9 193.4 191.3 189.5 187.8 185.6 183.5 181.9 180.4 179.2 176.5 163.1 174.8 176.3 176.5 176.6 175.7 175.4 174.1 173.4 173.4 173.6 173.6 173.6 172.6 171.5 170.8 170.1 169.2 168.2 164.3 162.8 162.7 161.9 161.3 159.2 158.9 161.1
