data/330000-610000.asc
ncols 200
nrows 200
xllcorner 330000
yllcorner 610000
cellsize 50
[rows 70 to 104 of 200, columns 78 to 155 of 200]
373.9 371 369.6 367.7 365.9 364.7 361.8 363.5 366.6 370.8 378.4 380.9 379 372.8 368.9 370.9 369.8 365.8 364.2 363.2 360.5 351.5 339.8 340.4 339.1 332.9 329.6 328.5 329.4 329 326.9 324.8 323.8 322.9 322 321.1 319.2 318.5 318 317.9 319 321.1 323.3 326.5 330.6 339.3 347.2 353.1 356.9 359.4 361.7 361 357.6 353.7 350.1 346.7 345.6 344.8 343.3 341.7 338.9 337.4 336.8 337.5 337.9 338.4 339.2 339.9 341.9 345.2 343.4 341.8 338.9 337.4 339 339.2 339.2 339.3
370.5 369 366.7 365.8 367.3 368.8 369.8 368.5 358.1 361.3 370.5 372.2 370.6 365 363.1 364.4 361.1 360.1 358.5 353.9 343.5 336.8 338 334.4 330.3 327.4 325.5 325.9 326.2 326 325.3 324.3 323.3 322.3 321.3 320.1 318.8 318.2 317.4 317.8 318.4 320.8 324.2 326.9 330.7 337.1 344 350.6 357.5 359.3 359.8 359 354.7 350.5 347.3 343.9 341.6 340.7 340.3 340.1 337 335.8 336 337.1 337.6 338 339.3 340 340.8 341.7 340.7 339.5 336.9 334.3 336.3 337.3 336.9 335.4
370 370.4 370.6 371.6 372.6 373.4 373.5 372 365.9 353.6 362.2 363.7 361.2 354 354.4 354.7 352.3 352.1 346 338 337.2 334.5 330.6 327.4 325 323.5 323.4 323.9 325 325.1 324.8 323.9 322.9 321.9 320.7 319.2 318.1 317.3 317.2 318.1 319.8 322.1 324.7 327.4 330.5 336 344.1 351.3 355.9 358.3 358.2 355.1 351.3 346.9 343.4 341.1 338.5 337.1 338.8 336.4 335.2 335.2 336.5 337.7 338.2 338.3 339.7 339.8 340.8 341.3 339.1 336.5 334.7 332.5 333.3 334 332.3 335.1
374.4 375.1 375.1 376.1 375.9 376.1 375.6 373.4 368.5 359.8 345.5 346.1 342.6 346.4 347.1 347.7 344.8 340.8 336 334 330.3 327.3 325.4 324 322.6 322.2 322.2 323.3 324.3 324.3 324.1 323.3 322.4 321.1 319.6 318.3 317.3 316.4 317.1 319.8 322.5 325.5 328 328.6 330.7 337.2 343.9 348.1 352.4 355 355.2 351.7 347.5 343.6 340.2 337.1 335.2 336.4 334.9 333.8 334.9 336.9 338 338.5 338.9 339.1 340.1 340 340.5 339.4 336.6 333.7 331.7 330.3 329.3 329.2 331.9 335.3
381.8 382.7 382 380.7 379.9 376.4 371.9 367.5 364.6 359.9 354.4 350 345.6 332.1 343.7 337.7 333.1 331.2 329 326.4 324.8 323.6 322.8 321.3 320.2 319.9 321.3 323.1 323.7 323.6 323.3 322.8 322.2 321.5 320.1 318.6 316.4 317.7 320.4 322.6 325 328.4 329.8 329.9 330.7 335.9 342.8 346.6 349.3 350.7 350.7 347.2 345 340.8 337.2 334.5 333.6 332.6 333 334.5 336.8 338.1 339.1 339.7 340.2 340.6 340.3 339.2 337.9 336.1 333.8 331.2 330.1 329.6 328.3 329.9 332.4 335.4
388.9 388.2 387.4 384.1 377.4 372 365.8 361.1 357 355.3 350.7 344.9 344.3 338.1 326 327 325.9 322.3 321.1 320.5 320.6 320.5 320.1 318.1 318.7 321.7 322.6 323.3 323.2 323 322.8 322.1 321.8 321.1 320.2 318.1 318.4 321 323.1 325.3 327.7 332.7 331 330.5 330.3 334.4 340.7 343.7 345.7 346.4 346.5 344.1 340.4 337 333.8 332.6 333.6 334.8 336 337.1 337.5 338.5 339.6 339.4 339.6 339.5 339.7 337.3 335.4 333.8 331.5 329.4 328.5 328.5 329.4 330.1 332.6 334.7
393.2 391.2 388.1 381.4 372.2 367.3 361.2 356.4 352.6 349.3 345.6 342.3 340.7 337.1 330.9 322.5 318.6 316.2 315.9 316.2 316.4 317.4 315 317.7 320.3 322.1 322.8 322.9 322.8 322.6 322.1 321.4 321 320.2 317.6 316.9 320.7 323.2 325.5 327.7 331.9 334.3 332 330.8 330.3 332.5 338.4 338.7 338.2 340.8 339.2 337.1 335.8 332.5 333.8 334.4 335.6 336.9 337.8 338.2 338.5 338.9 339 339 338 338 337.8 335.9 334.6 332.7 330.4 328.5 328 327.8 328.8 330.2 332.2 334.1
390.7 388 384 375.8 365.5 361.2 356 352.1 349.4 345.6 343.2 339.3 337.7 335.2 330.9 327.5 321.4 314 312.3 312.8 312.1 314.8 317.3 320 321.5 321.9 321.4 321.1 320.8 321.2 320.5 319.9 318.4 316.6 314.9 318.7 321.1 323.9 326.4 330.4 330.2 330.7 332.1 329.7 328.1 328.8 332.3 332.1 333.6 335.2 333.7 333.4 332.5 329.4 332.6 336 337.3 338.1 338.8 339.6 339.4 338.8 338.2 338.3 336.7 336.4 335.8 334.3 333.5 333 330.9 328.5 327.7 327.3 328 329.1 331 332.9
381.8 378.9 374.4 367.8 358.9 352.8 350 347.5 345.1 342.6 339.3 337.1 334.1 330.6 328.2 325 320.4 316.4 312 310.7 309.9 315.2 317.8 318.4 317.6 319.4 318.2 317.4 317.1 316.8 316.6 316.5 314.5 313.7 315.8 318.4 321.4 323.9 326 326 326.8 326.8 326.8 327 326.5 325.8 328.1 329.4 331.3 329.8 329.1 329.9 329.3 329.1 333.6 337.1 337.7 338.9 339.9 339.9 339.8 338.9 338.1 337.5 336.3 334.9 334.6 333.3 332.5 333.3 331 328.1 326.7 325.7 325.2 326.6 328.9 330.8
372.1 368.8 364.9 359 351.3 347.1 344.3 342.7 340 338.2 335.5 333.8 329.8 324.3 322.5 318.7 316.9 314.2 310.6 309 309.2 312.5 313.5 314.3 314.6 313.9 314.5 313 313 312.7 313.1 313.1 314.1 316 318.6 318.1 320.5 323.3 323.1 322.8 323.1 322.9 322.9 322.7 322.3 322.7 325 327.5 326 325 325.8 324.8 326.9 329.2 332.4 336.9 339.4 340.9 339.7 341.6 340 339.1 338.3 337.4 336.5 335 334.1 332.5 331.9 332.5 330.2 327.4 325.7 323.9 321.7 324.2 326.2 328.5
360.9 358.4 355.2 349.8 343.7 342 339.6 336.9 333.7 332.8 331.8 329.9 326.5 321.8 318.7 316.3 314.5 311.8 309.4 308.9 308 308.8 310.7 311.5 309.9 309.7 309.2 308.6 310 311.4 313.5 314.5 316.7 318.4 318.6 318.5 318.6 320.9 320.2 319.8 319.5 319 319.3 319.6 319.9 319.5 321.7 322.1 320.4 321 322.9 324 325.8 327.9 330 334.5 339.9 341.3 343.4 343.8 341.3 339.4 338.3 337.9 336.9 335.7 334.7 333.1 333.1 331.8 329.6 326.7 324.6 322.6 320.4 321.6 323.8 326.9
351.3 349.1 345.8 341.3 338.2 336.6 334.2 331.7 329.5 328.7 327.5 324.9 322.3 319 316.5 314.6 312.7 310.4 308 307.4 307.5 306.3 306.9 307.2 306.3 307.5 310 312.1 313 314.2 314.9 315.6 316.7 317.5 317.7 317.8 316.3 318.4 316.3 316.3 315.5 315.4 316.2 316.5 316.8 317.4 318.1 316.9 315.5 316.9 319.7 322.2 323.9 327.6 329.6 333.1 339.4 344.6 346 344 339.8 338.8 338.4 338.4 338 337.4 336.6 336.6 335.8 332.7 330.5 327.4 324 320.9 320 318.9 320.3 323.7
341.5 340 336.9 335.7 332.6 330.2 327.8 326.1 324.9 325.8 324 321.2 319 316.9 315.3 313.3 311.2 309.3 307.3 307.1 306.7 305.7 305.3 305.1 306.1 309.7 311.4 312.2 313.2 314.4 314.4 314.9 315.6 316.7 316.9 316.4 315.2 314.3 313.3 311.4 311.3 312 313.1 313.4 313.7 314.9 314.5 311.2 309.8 307.9 312.8 315.9 320.3 324 323.6 334.2 340.6 344 343.5 341.4 340.7 338.9 339 339.3 339.8 339.2 338.3 337.1 335.2 333.4 332.1 326.9 324.5 322.3 319.8 317.1 317.8 320.4
334.9 333.2 331.4 330 327.4 322.9 322 320.6 320.2 320.3 318.9 317.4 316 315.6 314.6 312.7 310.7 308.9 307.1 306.8 306 305.2 304.8 304.7 306 309.2 311.5 311.2 311.1 311.6 312.1 312.4 312.3 314.7 314.2 313 311.8 309.5 308.3 308.2 307.9 308.7 309.7 309.9 310.6 312.6 310.3 306.5 304.6 304.5 308.7 311.3 312.9 315.2 318.8 331.3 340 341.2 341.7 342.3 342.9 341.4 341.2 341.9 341.6 341.5 338.5 335.9 334.3 334.5 329.1 325.3 324.5 320.7 315.5 314.6 316.8 319.2
331.2 328.2 325.9 324 321.3 318.4 317.9 317.8 316.4 315.4 314.4 313.5 314.1 314.6 314 312.2 310 308.6 307.6 306.6 305.5 304.7 304.3 304.1 305.4 307.8 308 307.6 306.5 306 307.6 309.4 308.2 308 308.2 307.2 305 303.3 304 304.2 304.8 306.1 307 306.3 309.3 310.9 307.9 303.4 302.3 302.5 304 305.8 307.7 311.9 320.2 331.2 338.1 341.1 340.8 343.5 342.7 342.3 343.4 343.9 342 340.3 336.6 335.6 335.6 331.3 328.2 324.4 323.3 317.4 314.7 315 317.1 321.5
324.5 321.5 320.6 319 315.9 313.7 314.2 313.9 312.5 311.3 311.1 311.2 312.4 312.7 311.2 310 309.6 309 309.4 309 306.9 305.1 304.1 304.3 305.5 304.8 304.7 303.6 302 301.5 302.5 304.4 303.6 300.8 300.6 299.7 299.8 300.1 300.5 301.5 302.6 303.3 304.1 306.2 308.6 306.9 304 300.3 300.2 300.2 300.1 299.9 302.9 311.2 321 328.1 335 335.8 339 341.7 341.1 338.5 341.3 343.8 342.2 338.1 337.2 338.2 332.4 329.5 327.3 323 321 316.8 314.3 314.9 317.9 321.5
320.1 317 313.7 310 306.5 309.3 309.3 308.4 306.6 305.2 306.5 308.9 307.9 307.2 307.7 306.4 306.8 309.2 308.9 307 306 304.4 303.3 304.1 304.4 304.5 304.6 304 302.2 301.8 301 300.3 300 300 299.6 299.2 299.4 299.6 299.6 300 299.2 299.7 301 302.9 303.3 301.9 299.4 299.1 299.7 299.3 298.5 299.2 300.1 306.9 316 323.3 330.1 333.4 335 338 337.2 336.2 337.7 338.7 335.6 334.9 333.7 330.9 329.8 328.7 326.8 322.5 321.5 318.1 315.4 315.1 318.3 321.3
313.1 311.6 306.3 299.8 299.1 302.5 303.2 301.1 301.5 302.1 303.3 303.6 303.1 303.2 301.9 301.6 302.6 304.1 304.7 303.6 303.1 302.8 302.7 302.7 303.3 304.2 304.8 304.1 302.7 302.2 301.1 300.6 299.5 299.3 298.9 298.8 299.3 299.8 299 298.9 299.1 299.2 299.2 299.5 299.1 299.2 299.1 299.1 299.4 299.7 299.3 297.8 299 302.1 307.8 315.8 322.4 325.5 332.4 334.4 334.4 331.8 331.2 332.2 335.6 335.1 328 327.8 329.8 329.2 326.2 326.4 323.5 318 314.9 315.5 317.7 320.3
303.5 299 297.4 297.4 297.4 297.4 297.4 297.4 299.4 300.5 300.6 300.5 299.7 299.9 299.8 299.2 300.5 301.2 301.3 301.7 302.3 302.1 302 302.3 302.6 305 305.9 305 303.7 302.4 300.6 300.6 300.1 298.8 298.5 298.8 299.4 299.9 298.7 299.2 299.5 299.8 300 299.4 299.7 299.8 299.8 301.7 302.7 303.4 302.9 299.9 299.2 298.7 298.1 307 314.3 322.7 326.1 331.3 329 328 327.6 333.7 333.8 325.5 323 332.8 328.8 328.4 329.1 329.1 325.2 318.7 314.5 314.1 316.7 319.4
297.4 297.4 297.4 297.4 297.4 297.4 297.4 297.4 298.9 299.6 299.7 299.6 300.4 300.5 300.4 300.3 300.6 300.8 301.1 301.5 301.7 301.8 302.1 302.5 304 307 307.6 306.6 303.5 301.7 300.5 300.6 301.2 300.8 301.5 301.1 301.4 301.9 302.5 302.3 303.1 302.8 301.4 300.1 300.4 300.5 303.5 305.6 306.3 307.8 307.8 306 304.6 302.3 300.3 297.6 309 316.5 320.9 324 325.3 321.6 323.8 325.4 321.9 318.6 319.9 327.6 332.3 334.4 334.8 333.1 329 321.9 314.8 313.1 315.7 318.5
297.4 297.4 297.4 297.4 297.4 297.4 297.4 297.4 299.3 300.6 300.9 300.8 301.5 301.8 301.9 302.4 302 301.6 301.9 302.4 302.7 302.7 302.3 303.5 305.7 306.5 305.7 303.5 301.2 300.7 300.2 302.4 304.5 304.4 304.7 305.2 306 306.7 308.2 309.5 308.2 306.4 302.7 301.2 301.8 302.4 305.6 307.7 308.9 310.1 311.2 311.8 312.5 309.2 305 299.8 298.7 310.7 315.7 318.2 318.5 317.1 318 316.1 315.4 315.4 319.4 326.4 335.5 336.5 337.1 335.7 331.4 325.9 318.2 314.1 315.2 316.9
298.3 297.4 297.4 297.4 297.4 297.4 297.4 297.4 299.4 301.2 301.6 301.9 302.6 303.9 304.8 305 304.5 306.6 304.9 303.6 303.7 303.8 304.1 305.7 306.4 305 303.7 303.2 302.7 301.4 302.8 306 307.5 308.3 308.9 309.6 310.5 311.6 312.7 312.9 309.5 304.2 303.4 302.9 305.2 305 307.6 310.1 312 313.5 315.4 317.2 317.4 314.5 310.1 304 298.3 303.6 307.9 309.3 309.4 308.8 309.1 312.3 313.6 314.7 318 328.2 332.6 334.9 337.9 336.7 332.8 328.2 321.5 315.6 313.3 314.6
300 299.5 299.1 299.5 299.2 298.7 297.7 298 299 301.4 302.2 303.7 304.8 306.7 307.1 307.4 309.1 311 311.1 310.5 308.6 305.9 308.1 308.3 307.3 304.8 304.4 304.5 304.1 305.6 308.4 310.5 311.9 313 313.8 314.5 315.4 316.1 317 313.3 308.3 304.5 307.4 311.4 311.7 310.9 311.3 312.9 315.8 317.4 320.7 322.6 323.7 320 314.7 309 302.9 297.1 296.8 296.2 298 302.7 304.8 307.1 308.8 311 313.6 322 327.7 335 337.9 337.1 334.7 331.8 326.9 320.4 314.4 312.2
302.2 301.5 301.2 302.8 302.2 300.1 298.3 300 301.5 302.7 304.9 305.9 307.1 309.2 310 311.5 314.4 314.6 314.9 316.5 317 314.8 312.7 310.8 308.1 306 305.6 308.4 308.6 311.5 315.5 316.8 317.7 318 318.9 319.7 320.5 319 316.5 312.1 306.9 309.6 314.4 316.9 316.3 315.1 315.8 317.6 319.6 322.5 326.1 329.2 329.5 326.6 320.4 314.6 309.1 304.4 301.4 299.1 297.1 294.8 294.5 301.3 302.9 305.2 307.6 317.1 322.3 331.8 337.6 338.8 337.4 336.7 333.9 328.6 321.8 315.9
303.7 302.9 302.8 302.2 300.8 298.3 300.2 301.9 304 304 306.4 310.1 310.5 312.4 314.1 317.4 319.1 318.8 319.6 322.7 322.9 320 315.8 310.4 312.8 314.3 316.5 316.2 316.8 318.8 321.4 323 323.4 323 323.8 324.4 322.8 319.3 315.9 309.2 311.2 318.4 319.6 320 319.7 318.8 318.8 321.7 322.9 326.1 328.9 332.1 333.4 331 324.2 318.9 315 309.9 307.4 305.8 304.9 304.3 294.2 294.7 292.5 297 300.5 308.4 319.6 330.1 337.9 340.1 340.6 341 339.5 334.4 328.1 319.9
301.3 300.2 299 298.8 298.1 300.3 302.1 303.6 307.7 309.7 313.5 315.9 316.5 319.9 321.4 323.6 324.7 324 326.2 326.7 323.9 319.8 316.6 320.5 321.3 322 325 323.8 323.6 324.7 326.3 327.4 327.5 326.3 327 327.5 324 319.7 314.7 309.2 318.9 320.9 322.6 322.7 322.9 322.4 322 324.2 326.2 328.4 330.5 333.5 335.6 331.3 326.8 321.9 317.7 313.6 311.4 310.5 309.6 309 306.6 300.2 293.7 291.7 291.1 302.8 316.9 325.8 336.4 340.1 344.2 345 342.9 338 331.3 322.5
299.1 297.6 298.3 298.5 299.6 303.3 306 311.8 318.1 320.6 324.9 325.3 328.4 329.1 329.3 329.9 329.5 330.7 329.8 326.8 322 322.2 326.3 329.7 331.1 332.1 332.1 331.7 330.4 330.4 330.5 330.2 329.4 328.9 327.4 325.6 322.5 318.6 313.5 312.5 320.8 322.8 324.1 325 325.4 325.4 324.8 326.6 327.6 329.7 332 335.2 337.3 332.7 328.7 323.7 319.5 316.6 315 314.6 314.6 313.5 311.8 309.3 306 299.6 289.8 296.6 311.6 324.3 332.5 342.4 347.8 347.3 344.3 339 331.6 323.1
297.1 298.5 299.3 302.7 303.9 307.6 313.4 321.6 327.3 333.9 334.7 336.1 336.4 335.6 334.8 334.9 334.2 333.1 329.1 323.4 325.3 330.7 332.3 336.7 338.4 338 336.8 336.2 335.3 334.4 332 330.5 329.2 327.4 325.6 323.7 320.4 316.6 313.6 315.8 322 324.2 325.6 326.6 327.4 326.5 326.9 328 329.3 331.2 333.8 337.4 338.1 333.1 328 323.1 320.2 318.4 318.1 317.9 318.2 318.4 317.1 315.1 308.5 301.3 291.6 288.2 306 321 334.3 343.1 347.5 346.7 343.5 335.7 328.7 319.3
296.9 300.2 302.7 308.1 309.9 316.9 324.5 334.2 340.6 343.5 343.6 342.1 340.2 338.8 337.1 336.8 335.1 331.8 326.8 327.6 332.2 337.3 339.7 341.8 341.9 339.8 339.5 338.5 336.6 334.5 332 329.9 327.6 325.8 323.1 321.3 319.7 316.4 313.4 317.7 321.3 324.6 326.2 327.5 327.4 327.3 328.4 329.6 331.1 333.9 336.9 339.1 336.8 332.6 328 324.7 322.6 321 321 320.6 320.5 320.7 320.9 316 311.4 304.1 295.4 287.8 299.6 316.4 331.9 339.3 342.4 342.1 335.9 331.5 325.3 319.1
299.2 303.3 307.7 312.8 319.9 326.3 332 338.1 344.9 347.7 346.7 344.5 342 339.7 338.6 337.3 334.8 329.3 328.8 334.9 339 341.4 343.2 343.9 342.8 340.4 338.7 337.4 336.4 334.6 332.3 330.7 329.4 328.5 326.8 324.5 323 319.3 315.3 318.6 323 324.9 326.7 328.8 329 329.3 330.2 331.4 333.4 336.6 339.7 337 334.3 331.8 328.8 326.8 323.9 322.7 322 321.4 320.7 320.4 318.3 314 309.3 304.4 294.1 289.6 292.7 310.7 329.2 334.6 335.8 335.5 333.8 329.6 324.7 320.7
301.2 308.4 312.2 319.5 330.2 332.1 337.6 347.4 351.4 350.7 348.1 343.9 341.4 340 338.4 336.4 332.8 327.7 332.2 337.6 341.5 343.2 343.5 341.7 341 339.9 338.1 337.4 336.6 335.4 334.3 333.1 332.7 331.8 330.4 328.6 326.2 322.3 317 320.2 322.7 327.1 329.9 331.2 330.8 331.7 332.7 334.2 336.2 338.3 336.4 334.2 332.7 331.6 329.9 328 326.3 324.2 322.9 322.3 321.6 320.3 316.8 314.5 310 303.1 298.4 288.9 288.5 303.4 320.6 327.3 331 331.3 331.3 328.5 322.4 321.5
302.1 312.1 325.3 332.3 337.2 339.6 347.2 351.7 352.5 350.7 346.9 342.6 339.6 338.2 336.3 334.4 330.9 331.5 333.6 336.1 338.9 339.9 339.9 339.6 339.4 339.3 337.6 337.2 337.5 337.5 336.7 336.6 337.1 335.5 334.1 332.6 328.7 323.3 321.2 324.4 330.5 334.1 335.4 336.1 335.6 335.2 335.6 336.4 336 336.1 334.7 333.3 332.5 331.7 330.5 329.4 328.1 326.8 325.4 323.8 322.5 320.7 319.3 317.1 314.1 309.8 304 296.6 286.9 294.7 310.4 320.4 323.4 324.7 326.4 322.1 322.7 323.1
310.6 324.9 334.1 341.9 341.9 343.7 348 348.9 350.9 347.5 344 339.4 337.3 336.1 334.2 332.3 329.9 332.6 334.2 335.7 337.2 337.8 338 337.6 337.9 337.8 337.9 338.4 338.9 339.2 339.7 339.9 340.4 340.2 339 336.6 329.5 322.4 323.6 333.9 338.9 341.7 340.5 340 339.5 338.3 338.2 337.5 335.7 334.1 333.3 332.3 331.5 330.8 330.3 330.6 330 329.4 327.9 326.5 324.9 323.6 321.9 319.6 316.8 313.5 307.8 299.5 287.5 286.6 301.6 310.4 314 317.7 317.6 319.9 322.3 316.3
324.8 332 340.4 344.7 347.2 348.3 347.3 345.8 346.2 343.5 339.7 337.4 335.2 333.9 332.1 330.8 329.9 332.1 333.8 335.3 336.2 336.3 336.3 336.1 336.7 337.6 338.7 339.7 340.2 341.3 343.3 344.3 344.7 342.3 340.4 337.3 329.6 325.4 334.1 341.8 345.1 346.9 345.3 343.4 342 340.7 339.3 338.3 336.5 334.1 331.9 330.8 330.6 329.8 329.8 330.2 330.4 330.4 329.5 328.3 327.7 326.5 324.3 322 318.9 315.9 310.9 303.3 293.1 286.4 288.5 299.2 306.6 308.6 311.1 312.3 305.1 316.8
330 337.2 345.2 351.6 350.9 346.1 344.9 344.7 343 338.9 336.6 334.5 333.7 332.9 332.2 331.1 331.2 332.1 333.2 334.9 336.2 336.1 336.1 337 337.8 338.6 339.7 340.9 341.8 344.6 347.2 348.6 348.4 345.7 340.9 335.2 328.5 332.3 341.7 346.6 348.7 348.3 347.3 346.2 344.5 342.5 340.3 338.5 335.7 333.2 331.2 329.2 328.4 328.7 329 329.3 329.8 330.6 330.7 329.6 328.6 328.8 327 324.7 320.8 316.3 311.5 305.4 297.4 297.8 289.6 286 295.8 299.4 301.5 298 301.8 313.8
