data/340000-770000.asc
ncols 200
nrows 200
xllcorner 340000
yllcorner 770000
cellsize 50
[rows 105 to 139 of 200, columns 0 to 77 of 200]
699.2 694.5 688.6 683.6 679 675 672.5 668.1 661.4 657 654.4 649.3 643.4 640.9 637.1 635.3 632 632.3 632.4 630.3 627.3 622.5 616.1 612.1 605.8 597.1 589.3 582.5 575.6 571.7 572.1 573.9 570.9 569.3 574.4 586.4 605.4 616.2 624.5 634.4 640.2 641.9 644.3 643.3 639.5 634.4 627.9 622.3 615.7 607.4 611.8 614.9 616.6 616.6 616.4 617.5 616.6 615.5 615.2 617.8 623.2 628.5 632.4 642.1 649.2 656.4 662.2 665.7 669.3 669.8 669.2 666.7 662 655.1 648.3 642.7 638.3 633.8
701.3 695.9 689.4 682.3 676.7 674.9 672.8 669.6 664.3 659 655.3 649.1 642.7 638.5 635.6 633.2 631 631.4 630.1 629.4 628.4 625.4 619.5 616 611.7 605.7 600 590.7 585.4 580.1 574.1 570 573.6 577 571.8 573.9 592.5 606.8 618.3 628.2 637.4 643.8 647.2 646 641.3 635.3 629.3 623.1 616.9 610.1 603.7 609.8 612.3 612.8 613.4 615 614.9 614.3 613.5 619.1 623.4 627.7 634.4 642.3 649.4 655.7 660 663.6 664.8 664.4 662.8 659.1 654.4 647.8 640.9 636 630.5 626.7
700.2 694.6 688.7 681.5 674.5 674.6 671.8 668.3 665 659.1 653.3 646.7 641.4 637.3 632.8 631.5 630.9 625.4 626.7 625.8 624.9 623.1 619.5 616.1 613 607.6 601.9 595.1 585.3 575 575.2 587.1 588.3 584.5 577.9 566.4 577.7 596.8 612.5 624.9 635.6 644.1 648.6 646.7 641.2 634.1 627 621.1 614.6 609.1 600.6 603 606.3 610 612.6 611.8 612.7 612.6 613.1 619 622.8 627 632.8 639.8 646.8 653.4 657.3 659.3 659.6 658.8 657.2 651.7 644.8 638.6 633 628.5 623.2 619.6
699.1 693 686.4 677 674 670.6 666.7 664.5 659.2 655.9 649 642.9 636.8 631.8 630.1 629.5 628.3 623.6 620.9 618.7 617.6 617.2 615.6 612.9 609.8 604.9 595.3 585.3 577.8 576.5 591.3 596.7 597.8 593.7 585 576.7 561.5 582.7 607.4 621.7 633.3 641.3 647.3 644.7 639.1 631.3 623.7 617.5 612 605.6 600.6 597.8 605.6 609.5 612.2 611.4 610.1 609.4 612.2 617.6 622.4 627.3 631.7 637.4 643.3 648.5 652.7 654.4 653.8 652.3 649.4 642.8 635.3 629.2 624.5 620.4 616.8 613.5
697.5 689.9 683 673.3 668.8 665.1 661.7 658.6 653.9 649.7 643.8 634.7 631.4 627.4 622.4 621 621.5 618.5 614.4 613.4 612.7 612.6 610.6 608.6 604.7 599 588 578.8 581.3 590.5 602 606.4 604.5 601.4 591.5 578 565.4 578.6 603.5 618 628.9 639.6 644.2 640.9 634.3 626.1 618.9 612.4 607.6 602.6 596 594.1 604.3 608.5 610.3 609.6 608.1 607.1 611.4 615.1 621.8 627.1 631.6 635.4 638.2 642.6 646.6 648.2 647.6 645.8 640.7 634 626.6 620.7 616.1 613.4 610.1 606.7
693.9 686.9 679.5 673.9 666.9 659.7 656.4 652.9 649.7 643.4 634.5 626.9 621.5 616.8 612.7 610.2 610.9 609.7 606.1 606.1 606.8 607.9 605.1 601.6 597.3 587.8 581.9 583.4 590.8 601.3 608.2 610.3 608.1 603.1 594 574.8 557.9 581.1 600.1 613.7 625.3 636.4 638.7 635.8 628.7 620.6 613.5 607.7 602.5 598.5 591.9 594.6 602.8 607.4 611.9 609.5 605.6 605.4 609.3 614.6 619.9 625.1 629.3 633.7 636.7 637.9 639.6 642.2 640.3 638.1 632.4 625.7 619.3 612.3 608.8 606.2 602.4 600.2
690.5 681.9 674.3 668.4 663.8 655.7 649.1 645.7 641.7 635.3 624.6 616.3 609.9 604.5 602.5 600.3 599.4 599.1 597.8 598.3 596.9 599.9 598.9 594.8 588.8 583.2 585.7 595.9 604 609.4 611.9 611 609.9 604.8 591.6 569.9 560.2 578.8 596.2 609.7 622.2 629.5 630.3 627.4 620.8 613.3 607.6 601.7 597.3 593 584.6 594.6 600.9 605 606.7 605.2 604.1 601.3 606.4 611.5 617.5 622.1 625.7 629.1 631.7 633.7 633 634.5 632.1 629.5 624 619 611.9 605.7 601.8 598 594.7 592.9
685.5 677.5 671 664.9 657.4 652.1 645.4 636.7 634 626.3 613.3 609 611 612.6 608.9 606.8 598.5 595.8 594.7 593 591.3 589.8 588.9 587.9 585.6 595.5 602.8 606.5 610.2 613.3 614.3 613.8 610.6 605.7 590.8 567.5 559.8 571.7 587.5 604.1 616.2 620.9 621.4 618.4 611.3 605.3 601.7 596.4 591.3 586.6 582.9 591.6 597 600.2 600.8 601.3 601.7 598.9 602.8 609.6 616.6 620.8 622.9 625.3 626 626.2 627.2 625.2 624.3 621.2 616.3 611.2 605.4 599.1 594.9 592.3 588.7 585.8
679.6 672 665.4 660.3 654.8 646.7 639.6 632.6 624.8 616 616.8 624.5 626 624.8 619.6 612 605.2 605.2 606 601.9 598.9 596.9 597.1 597.2 602.2 607.1 612.3 613.6 613.3 613.8 614.7 614.4 610.7 604.3 590.9 569.9 554.7 563.8 579.8 597 607.1 610.8 610.6 608.1 601.5 596.9 593.1 587.9 582.2 577.8 578.8 585.5 590.9 594.9 596.1 596.2 598.2 593.9 600.3 608 615.7 619.7 620 621.3 621 620.3 619.6 619.6 617.4 614 607.7 601 597.1 593 588 585.4 582.6 580.8
672.8 664.8 659.8 655.9 649.6 642.2 635.6 627 619.4 620.8 630.4 635 633.8 630.5 622.6 615.3 614.2 614.5 615.1 612.1 610.4 605.6 606.8 607.4 610.3 613.8 616.8 615.9 614.6 612.6 610.9 611.2 606.7 601.6 589.2 573.1 552.3 556.7 569.8 585.9 596.8 599.9 598.8 597.7 590.4 585.8 582.1 576.1 569.4 561 569.8 573.8 582.1 587.3 591.1 591.7 590.9 588.9 597.6 604.5 610.3 616.1 617.7 615.2 614 612.8 611.5 612.3 608.7 605.3 600.3 594.2 588.7 584.9 582.3 579.1 577.7 577.9
667.4 661.1 653.4 648.3 642.8 638.3 632.6 625.5 618 631.5 637.9 638 636 635.3 629.6 625.7 626.2 624.8 624.5 622.4 621.4 618.3 615.8 615.9 616.9 618.2 618.4 617.1 614.8 610.8 605.5 604.7 602.5 599.7 589.5 571.5 559.4 550.5 559.8 570.8 583.6 586.5 585.2 583.7 576.7 570.7 562.8 557 551.6 543 551.1 553.4 566.8 572.4 583.5 586 584.4 578.8 591 596.4 601.3 606.2 609.9 609.7 607.6 606.3 605.6 604.4 600.5 597.3 592.8 587.4 582.5 579.3 576.9 574.8 573.2 571.6
662.3 653.6 647.8 640.2 634.5 631 626.2 621.2 631.6 638.1 640.2 642.5 645.2 642.2 638.8 636.4 636.5 634.9 633.9 633.9 632.8 629.5 625.1 622.6 620.2 620 617.9 617.5 614.2 609.7 603.6 600.7 599.7 595.8 589.1 572.6 560.9 548.4 554.8 559.1 564.4 569.9 569.1 563.9 555.7 551.9 543.1 531.1 524.4 524.7 526.9 536.5 542.3 557.7 571 578.2 576.6 572.8 581.5 587.5 591.1 595.1 598.8 600.5 601 598.9 597.6 596.3 593.5 591 587.1 581.3 576.6 573.2 570.2 569.3 568.9 565.5
653.1 647 642.1 644.1 640.6 635.8 632.4 627.7 637.6 644.6 649.3 651.3 651.1 648.5 646.4 645.7 646.3 646.4 644.3 643.6 641.5 637.3 631.7 626.1 623.9 620.2 617.2 614.1 611.2 607.5 602.5 598.4 594.5 587.2 578.9 572.2 561.5 549.8 547.5 552.3 553.6 552 552.2 545.9 542.5 533.1 537.2 537.9 531.1 525.9 518.2 520.6 532.1 547.1 554.5 559.2 561.3 562.7 569.8 573.8 579.4 582.8 586.4 589.8 590.2 590.7 591.3 589.6 587.6 585.2 583.8 578.4 574.2 570.5 566.5 565.2 564.2 560.3
662.5 659.6 655.5 653 647.7 639.3 635.8 634.5 645.4 652.9 655.9 656.2 656.6 655 654.8 654.6 655.5 654.9 653.4 652.4 650 646.2 638.8 630.9 626.2 621.3 617.8 614.8 610.9 605.7 599.9 593.1 583.6 574.5 566.3 562.4 555.8 550.7 546.9 546.7 542.6 540.4 538.4 535.7 544.6 551.4 551.7 542.7 536.5 530.7 518.9 515.4 527.5 534.9 542.1 544.8 546.5 545.2 552.8 556.9 560.1 562.9 567.5 572 576.1 581.4 582.3 582.8 580.8 579.4 578.7 575.6 571.4 569 564.1 562.4 559 563.9
675.7 669.7 662.6 656.1 647.3 645.7 643.5 636.5 651.4 657.8 662.8 664.2 661.5 663.6 663.6 665.1 665.6 666.6 664.9 663.1 659.9 652.8 645.7 637.8 630.5 624.3 617.8 613.4 610.3 604.3 593.6 583.6 585.4 586.7 584 575.6 566.5 559.1 550.2 544.2 552.2 558.4 561.1 561.1 565.1 570.2 569.3 563.8 553.1 539.2 528.5 513.5 519.1 528.1 529.6 529.5 532.3 529.6 536.4 541.4 537.9 541.1 545.8 547.6 549.6 555.8 563.6 568.8 571.8 571.5 571.5 569.6 568.5 566.2 563.7 559.3 553.8 563.1
681 674.6 667 659.2 652.7 654.3 652.6 644.9 657.5 663.5 665.9 669.7 671.4 670.8 672.5 674.5 676.1 677.2 677.1 674.9 669.5 662.5 652.2 642.7 634.7 627.2 619.2 614.4 608.2 600.8 597.9 599.3 599.9 601.1 598.5 590.1 579.2 571.5 568.1 567.4 570.7 577.4 581 581 583.4 583.6 581.1 575.2 562.4 549.7 535.6 525.9 508.9 520.3 521.7 515 513.6 515.4 517.2 514.5 510.7 511.1 516.9 520.9 523.5 530.8 538.5 547.1 554.9 561 564.4 564.5 563.5 561.7 559.9 557.4 551.6 557.2
688.6 681.4 675.5 666.3 664.5 663.5 659.9 654.2 663.1 668 672 675.8 676.7 678.4 679.1 683.5 685.8 688.1 686.8 682.4 676.6 667.4 658.5 646.4 638.8 629.6 619.7 613.3 605.8 604.7 607.8 609.3 610.8 610.7 609.8 604.9 595 588.2 587 589.4 592.2 596.6 599.3 599.8 598.4 596.1 591.3 583.5 570.5 558.9 545.9 535.6 523.6 504.4 507.7 506.9 501.6 501 498.9 496.2 494.2 492.6 489.6 489.6 493 504.2 511.8 520.9 532.4 546.6 554.2 557.3 559.1 558.2 554.5 550.2 547.6 549.8
695.9 692 684.9 677.2 673.4 670 663.6 665.5 665.7 671.5 675.4 678.3 679.8 682.4 686.7 688.7 691.6 692.3 691.4 687.4 681 672 662.7 650.8 642.2 634.1 624.9 617.3 612.4 613.2 616.6 618.1 619.3 619.5 618.9 620.1 616.2 611 609.4 609.7 614 618.5 620.1 617.8 614.9 609.7 603.6 593.8 582.8 571 558.5 547.3 536.6 525.7 510.3 504.9 504.7 501.2 490.8 484.7 479.7 474.2 471.3 470 478.9 483.4 492 497.6 510.6 523.5 534.2 543 550.3 553.6 548.6 542.8 538.2 533.9
703.5 697.5 691.8 683.9 679.7 674.3 668.4 671.7 673.3 672.8 676.6 681 683.5 686 688.6 690.7 693.1 693.8 692.9 689.7 683.9 675.1 666 656.8 647.8 641.7 632.6 624.6 620.9 620.6 623.2 625.1 625.6 626.7 626.6 630.1 629 627.8 629.1 631.3 634.9 637.2 636.8 634.5 630 623.5 616.1 608.3 598.6 586.2 573.2 565.6 558 548.6 540.8 536.8 531.3 527.2 523.5 518 513 502.6 492.4 469 461.3 472.9 474.5 478.2 484.7 492 506.3 519.6 534.7 542.2 543.9 536.5 521.8 512.3
708.7 703.7 697.7 688.6 684 678.5 676 678 678.9 677.1 676.6 681.6 683.8 686 687.8 689.9 691.8 693.6 692.6 689.3 684.5 677.4 670.4 662.1 654.9 648.3 640.6 634.9 632.3 629.3 629.3 631.3 631.8 632.3 635.6 636.4 637.8 638.4 641 644.7 646.8 648.5 646 644.2 639.2 633.1 625.6 618.3 610.5 602.6 591.3 586 582.4 573.6 567.8 564 561 555.6 549.8 547.8 539.6 526.2 505.6 484.1 462.6 464.3 470.6 466 468.1 468.4 485.9 499.4 520.9 526.7 532.3 534.8 523.7 499.7
711.2 706.5 701.2 691.7 686 684.8 683.8 684.5 682.6 680.2 678.2 677.9 682.5 684 685.8 689.5 690.1 691.5 690.5 687 683.8 679.4 674 667.9 662.7 656.7 652.5 647.7 643.5 638.1 636.2 637.9 638.5 639.6 642.3 645 643.9 644.9 647.4 650.6 653.2 654.7 654 649.2 644.3 638 631.2 623.7 615.9 608.1 602.9 597.7 594.4 590.5 589 586.2 583.8 579.3 574.3 568.7 558 540.3 521.2 492 467.8 453 462.4 466.4 458.2 455.2 458 475.3 508.3 518.5 507.7 515.8 513 484.3
715.2 710.4 704.2 691.5 692.3 691.1 690.8 689.8 686.8 684.5 683.3 679.3 675.5 679.3 682.9 683.1 685.3 686.9 686.3 684.5 682.1 678.6 675 671.3 667.6 662.4 658.5 655.3 650.8 647.9 644.7 643.4 643.5 644.4 646.2 647.4 647.3 647.6 649.8 652.5 655.5 656.5 655.4 651.8 646.7 640.5 633.8 626.7 619 610.7 604.7 600.4 597.4 595.3 592.8 589.9 587.7 584.6 581 574.4 561.7 545.3 521 498.5 475.5 447.1 451.2 452.5 447.3 442 449.3 455.6 483.4 501.6 510.9 502.1 491.3 481.3
715.6 711.5 705.6 702.6 700.9 699.2 697.9 694.2 693.5 691.2 686.9 684 676.1 672.8 674.5 679.1 680.1 682.1 681.9 680.7 679 676.5 673.9 671.7 668.2 665.7 662.9 659.8 655.4 653.3 649.5 646.6 646.6 646.8 646.6 646.9 648.6 648 649.1 651.5 654.8 655.6 655.5 651.8 646.3 639.9 633.6 627.1 619.2 610.7 605.1 600.2 597.4 594.5 591.5 588.3 585.2 581.9 578.1 571.7 559.7 542.3 521.9 504.1 486.1 461.7 436.4 440.8 452.7 450.2 431.8 442.5 455.8 484.1 505.4 509.3 493.9 468.9
718.9 716.6 716.5 714.3 711.1 709.4 706.6 703.7 701.1 697.9 693.6 687 681.5 671.5 668.7 669.9 674 674.9 676.5 675.9 674.4 673.5 672.2 670.4 669.2 666.7 667.5 662.7 659.5 656.6 653.1 649.2 646.2 646 646.3 645.2 645.4 645.8 646.9 648.2 650.7 652.1 651.2 648.6 643.4 636.3 630 623.9 617.1 609.7 603.5 597.9 594.9 590.7 586.5 582.5 578.8 575.6 572.3 566.5 557.7 546.9 531.9 515.8 499.4 480.9 460.1 440.1 430 439.8 437.4 425.5 436.1 467.7 493 500.7 499.5 469.1
723.2 721.4 724.2 722.8 721 719.5 718.1 715.3 710.3 705 699.4 693.1 686.6 676.4 667.4 662.8 663 667.5 668.6 669.3 669.2 670.2 668.7 668.7 669.2 667.8 666.5 664.9 661.6 657.8 654.2 650.9 646.6 643.3 642.2 643.1 643.5 644.4 646 644.8 646.2 647.9 646.5 643.3 639.1 631.9 623.9 617.8 612.1 606.5 600.6 593.9 587.7 581.3 575.5 571.4 568.3 566.7 564.4 562.2 558.1 553.6 546.8 534 520 505.4 478.3 460.2 440.5 427.4 418.5 413.1 423.7 443.9 462.8 476.4 478.3 470.7
727.3 729.8 730.7 731 731.2 730.4 727.6 723.4 718 711.5 705.2 698.2 690.3 683.4 676.7 668.5 658.5 658.3 659.5 660.3 661.8 663.2 665 666.5 665.9 666.9 667.9 666.4 663.5 659.1 655 650.4 645.5 641.7 638 640.8 640.2 640.6 641 642 641.7 642 640.6 638.5 634.1 627.1 620.4 611.7 605.3 600.6 595.5 587.3 576.6 567.7 562.6 558 555.5 556 556.6 556.4 555.6 552.8 548.1 541.1 532.5 519.7 502.5 488.4 476 460.2 446.1 423.3 408.6 420.2 433.1 445.6 451.6 451.9
732.1 734.8 737.2 740.3 741.9 740.2 736.6 730.9 724.4 717.2 710.1 702.1 693.1 685.4 679.1 674.2 666.5 654.9 652.8 652.4 654.9 655.5 660.1 661.8 663.7 666.4 666.4 666.5 663.4 659.3 655.8 649.8 644.2 638.8 629.5 635.2 635.5 636.4 637 636.7 637.3 637.1 634.6 632.8 629.7 623.6 616.5 607.2 598.4 593.8 588.4 577.7 568 561.3 556 550.3 545.8 545.1 547.4 548.4 548.6 547.1 544.3 540.9 537.2 531.1 519.5 510 495.6 480.7 464.1 437 407.9 403.6 408.5 413.8 422.5 426.4
736.2 739.7 745.2 749.3 751.1 748.9 744.1 737.5 729.7 721.9 714.2 705.9 696.6 688.2 681 674.8 669.3 660.8 651.2 647.4 646.9 649.3 654.9 657.5 660.5 662.4 663.9 664 661.9 658.4 653.8 649.4 643.2 635.3 621.3 623.8 627.7 630 631.2 631.5 633 633.5 630.6 628.1 624 618.5 611.2 602.4 592.9 587 580.8 569 564.1 557.3 548.3 538.3 533.4 528.1 529 533.9 536.3 537.2 538.3 537.9 536.7 533.4 523.3 511.8 501.5 488.1 470.6 443.8 421.1 402.4 393 395.7 400.3 402.5
740.9 746.6 752.7 757 758.8 755.6 749.8 742.4 734 724.3 715.5 708.4 699 689 681.5 675.4 669.8 662.2 653 645 643.8 645.5 648.8 653.2 657.1 658.6 660.4 660.9 659.1 656.4 651.6 647 641 633.7 627.7 608.3 616.2 623.7 625.6 626.6 627.7 627.6 626 622.7 619.5 614 605.8 597.7 588.7 583.4 575 564.7 558.7 552.8 551.4 552.5 547.6 540.3 529.2 514.6 512.4 512.9 519.6 524.4 527.1 528.5 518.3 509.5 498.3 483.2 465.5 443.4 425 407 397.3 389.6 388.1 389
746.7 752.8 759.8 764.3 764.9 760.8 754.1 745.8 736.2 726.3 717.5 709.1 699.6 689.8 681.8 674.4 668.3 660.6 652.7 646.6 639.5 640.7 645.1 648.7 651.8 654.8 656.6 657.7 655.8 653.4 650.2 644.3 638.9 631.9 625.3 612 602.7 614.4 617.6 619 620.5 620.8 619.5 617.4 613.8 608.8 601.4 592.8 585.1 579.3 573.9 568 563 559.1 559.6 559.7 557.6 552.6 545.6 531.2 512.4 484.2 493.4 503.6 507.7 505.2 503 493.8 484 472 464.9 446.8 430.8 413.8 396.3 397.8 390.7 382
752.4 759.1 766.1 769.6 769.3 764 756.5 747.3 737.5 727.4 717.9 708.4 698.9 688.9 680.7 672.2 665.9 658.5 649.3 643.6 639.1 637.2 642.4 646.5 649.4 651.2 654.5 655.1 653.3 650.3 645.1 639.7 633.8 628.7 622.8 612.5 588.4 600.2 608.5 613.9 615.7 615.9 614.4 611.8 608.5 603.1 597.5 591.3 583.8 578.3 572 567.9 564.8 564.7 563.8 565.1 561.5 555.8 547.2 529.6 509.8 487.8 474.7 479.4 485.1 481.4 480.6 474.7 466.7 460.2 452.1 439.9 421.5 426.8 432.2 419.2 407 401.5
757.9 764.5 770.3 773.2 772 765.6 757.6 747.6 737.3 727 716.3 707.1 697.2 686.4 677.2 670.8 663.5 655.6 648.2 642.3 637.7 633.8 639.6 643.6 648.2 650.7 652 652.6 650.1 647.5 642.3 636.3 630.9 624.6 618.3 609.6 592.3 584.6 597.7 605.8 610.2 610.7 609.5 607.2 604 600.4 594.8 589.1 582.8 578.4 574.7 570.3 568.9 569.3 568.9 568.8 565.1 556.4 540.6 518.3 498.4 480.7 466 461.2 460.8 459.4 459.5 450.4 445.8 441.5 438.8 436.9 441 457.7 470.6 462.3 429.5 416.3
762.1 769 773.5 774.6 771.8 765.3 756.8 747 735.7 723.7 712.9 703.1 692.8 682.7 674.7 667 659.9 651.2 644.3 639.5 635.9 628.5 635.4 642.6 646.5 647.7 648.5 648.3 647.2 643 638.3 631.5 624.6 618.4 613.9 603.5 592.2 575.4 583.2 596.2 602.2 602.5 601.5 600.8 598.8 594.6 592.2 587.9 583 581.6 576.5 572.6 573 574.1 574.4 571.3 565 552.2 530.3 505.7 487.3 468.8 472.8 471.7 466.6 467.4 466.9 468.5 467.3 463.5 461 456.9 471.2 484.5 484.6 471.7 453 440
765.5 772.4 775.3 774.8 770.3 763.9 755 744.2 732.4 720.3 709.7 699.1 688.2 678.7 669.4 662.8 656 647.3 640.4 636 632.4 625.7 632.2 638.2 641.2 642.6 644.7 645 642.7 638.9 634.4 624.5 620.4 616 608.3 601.2 593.8 581.8 568.1 580.1 592.3 595.1 594 592.6 590.4 587.9 585.5 583.3 579.6 577.1 575.9 576.6 577.7 577.9 575.3 569.9 560.2 543.1 518.2 498.5 479.5 471.3 480.2 483.5 482 492.5 493.9 495.1 493.5 492.8 489.1 476.8 496.8 509.7 508.5 495.3 476.8 464.9
767.5 774.5 775.9 774.2 769.9 761.8 752.1 740.9 728.8 715.9 704.2 693.2 683.2 673.4 664.9 659.2 651.7 644.3 638.6 632.9 629.3 622.3 627.9 632.4 635.5 636.7 640.1 639.5 638.8 636.8 631.7 625.3 617.9 610.8 606.7 598.3 587.1 574.9 563.1 568.8 580.8 588.2 588.7 586.7 583.3 580.1 577.6 576.4 574.8 575.4 575.6 576.8 577.2 576.7 573 565.1 552.7 533 510.5 491.2 474 479.5 487.8 490.5 512.5 523 524.8 522.3 520.6 519.6 515.8 501 520.2 527.9 528.8 523 510.1 495.7
