data/340000-780000.asc
ncols 200
nrows 200
xllcorner 340000
yllcorner 780000
cellsize 50
[rows 70 to 104 of 200, columns 0 to 77 of 200]
726.7 728.5 730.3 732.9 736.1 739 742.2 746.5 752.2 761.5 775.8 794.2 812.6 828.1 841.8 851.7 858 858.6 849.3 827.3 809 795.2 787.6 780.3 774.2 766.9 759.5 755.1 752.5 748.8 746.4 743.1 742.2 748 757.7 770 781.6 794.9 805.4 814.1 820.7 824 825.8 826.9 827.9 830.6 835.4 840.5 842.5 843.2 841.6 837.2 831 823.1 812.5 800 786 770.5 757.3 742.1 729.5 718.1 708.8 699.6 691.1 684.1 677.3 671.9 667.2 662.3 662 667.4 669.9 669.7 667.9 668 667.1 667.3
723.5 725.2 728.8 731.9 735.2 738.3 741.7 745 750.8 758.7 773 789.5 807.2 821.9 833.8 843.6 849.5 848.8 836.9 815.4 796.8 785.1 777.3 770.4 765.1 759.5 754.8 750 746.8 744.4 742.1 740 741.2 747.1 757.7 769.4 781.9 794.1 803.8 812.3 818.3 821.6 823.1 824 824.9 828.5 833 837.4 839.6 838.7 835.8 830.3 822.7 813.4 800 787.3 773.3 758.8 744.2 731.4 720 710.6 701.6 692.5 685.6 679 672.9 667.8 663.1 659.1 659.9 664.8 666.3 665.9 665.9 664.9 663.7 663.8
719.8 723.6 727.8 730.6 734 737.3 739.6 743.7 749.1 757.6 769.2 784.6 799.9 814 826 835.4 840.9 838.9 824.3 804.3 786.8 776.4 768.3 762.6 757.3 752.2 748 743.6 741.3 739.5 738.1 737.1 740.3 747.8 757.5 769.8 782.4 793.4 802 809.1 814 817.1 818.8 820.3 821.7 826.2 831.2 835.6 838.3 836.8 832.2 826.3 817.4 805.5 791.9 780 761.5 747 734.3 722.2 711.1 703 695 687.5 680.5 673.6 668.2 663 659.2 657.3 656.4 661.1 661.9 663 663 661.9 659.9 660.2
718.3 722.6 726.4 729.7 733.6 735.7 738.4 742.4 747.8 755.9 766.1 779.6 793.2 805.4 817.4 824.4 828.4 826.5 812.4 794.6 778.4 766.1 759.3 754 748.1 743.8 740.3 737.5 735.7 734.4 733.9 734.9 739.3 747.7 756.3 769.3 782.8 793.3 801.3 807.4 810.7 812.9 814.5 816.1 819.3 824.3 829.3 835.3 837.5 836.4 830.6 823.8 814.3 800.8 786.4 773.4 754.6 737.9 725 713.5 704.5 696.6 689.4 682.9 675.9 669.8 664.1 658.5 655.9 654.2 654.2 656.7 658.5 660 660.2 658.6 656.3 656.5
716.7 720.9 724.8 728.6 731.5 734.7 737.5 740.9 746.8 754.1 764.1 776.8 787.9 798.2 808.5 813.2 814.1 810.9 798.9 785.5 769.7 759 751 744.9 740.9 737 734.3 731.8 729.9 728.9 728.8 732 737 745.5 754.3 768.6 781.3 792.3 800.7 806.3 810 811.1 812.2 814.3 817.6 822.6 828.9 834.9 838.4 836.8 829.9 821.9 811.8 798.6 784.3 769.9 750 732.7 718.9 707.1 697.4 690 683.5 679 672.4 666.3 659.4 654.2 653.4 654.2 652.6 653.8 655.3 656.9 657.1 655.2 653.8 654
714.9 719.5 723.1 726.9 730 733.2 736 739.4 745.8 754 762.9 774.1 784.1 791.6 798.1 802.4 801.2 796.4 786.2 775.2 762.9 750.8 743.7 738.1 733.8 730.3 727.5 725.6 723.7 723.9 724.3 728.9 734 742.9 752.8 765.3 778.5 790.5 799.1 806 810.2 810.6 810.8 812.1 815.5 820.8 827.2 834.2 838.6 836.6 830 820.4 809 796.6 782.7 767 746.5 728.1 715.4 700.9 691.3 684.2 678.9 674.7 669.8 662.4 656 654.4 652.9 652.3 650.4 651.2 652.9 653.8 653.3 651.9 651.8 652.1
713 717.7 720.9 724.7 728.3 731.7 734.3 738.1 745 753 762.1 772.2 780.6 785.1 790.5 791.5 790.6 786 778.3 767.9 754.7 742.9 736 731.5 726.7 723.5 720.8 718.7 718.2 719 721.5 726.4 731.5 741.1 751.1 762.3 775 786.4 796.5 804.8 809 808.9 808.6 808.6 812.5 819.1 825.3 831.8 835.6 834 828.3 818 806.3 794.3 779.5 762.9 745.9 726.8 711.5 699 687.4 679.7 674.8 670.9 667.4 663 657.3 654 651.7 650.2 649.6 648.8 649.8 650.8 650.2 649.7 649.6 650.4
710 715.2 718.6 722.1 726 730.2 733.1 737.7 744.5 752.2 761.1 770.9 778.4 781.7 784.2 783.4 782.5 778 772.1 762.3 749.4 736.7 728.5 724 719.6 716.9 714.4 712.9 712.1 713.2 718.4 723.9 730.4 739.8 749.8 760.7 771.6 781.6 792.5 801.2 805.8 805.4 804.3 804.7 809.6 816.1 822 827.9 830.1 828.6 823.6 814.4 801.9 789.4 773.6 758 741.1 722.6 708.7 695.9 683.9 675.5 671.1 667.5 664.6 663.4 660.5 655.6 651 648.8 647.3 647.4 648.8 649 648 647.4 647.6 648.6
706.1 711.7 715.5 719.3 724.3 728.7 732.4 737.1 742.7 750.6 759.3 768.4 774.4 777.2 778.3 777.7 776.6 772.7 766 756.9 746.1 731.2 722.2 715.5 712.3 710.6 708 707 706.2 709 714.1 719.8 726.9 736.8 747.6 758.9 768.4 778.1 787.7 795.2 798.8 798.4 799.4 800.6 804 810.8 816 821.7 823.2 820.8 814.5 806.6 794.6 782.7 767.2 751.2 734.8 718 704.3 691.2 679.8 672 666.8 664.2 663 662.4 661 657.8 652.9 648.1 644.9 645.2 646.8 646.8 646 645.3 646 646.9
700.1 706.1 712 716.5 721.5 726.7 731.3 735.6 741 748.7 756 762.9 769.1 771.8 772.6 772.2 770.8 767.3 760.3 751.5 739.6 724.1 714.2 707.6 704.6 703.4 701.1 700.6 700.2 704.6 709.9 716 722.8 732 742.1 753.6 763.8 773.4 782.3 788 790.4 792.6 793.8 794.9 799.1 804.5 809.1 812.8 813.1 809.7 803.6 795.3 784.5 771.1 757 742.4 727.6 712.7 698.9 685.5 675.7 667.1 661.9 659.8 660.8 660.2 660.3 658.4 653.6 648.5 643.3 643.1 644.6 644.6 643.8 643 643.5 645.2
693.9 700.7 707.4 714.5 719.9 725 729.7 734.2 739.5 746.2 751 756.7 763 765.8 766.9 766.3 765.2 761.7 755.7 746.7 732.2 716.5 707.9 702.9 699.2 695.9 693.3 692.6 694.8 699.8 705.1 711.2 717.9 726.4 736.4 747.2 757.7 767.5 775.4 781 784 785.1 786.1 788.2 791.7 797.9 801.4 803.3 801.7 797.9 791.9 783.2 772.2 759.7 746.3 733.3 719.6 705.9 692.7 680.7 669.7 662.6 657.4 655.8 656.6 658.7 659.7 657.8 653.4 647.8 642.5 642.1 641.6 641.7 641.6 640.7 641.4 642.2
689.7 697.3 704.4 712 718.5 723.3 728.2 732.6 736.3 741.9 746 752 756.9 759.6 760.1 759.9 759.5 756.1 750.2 740.6 726.2 709.7 700.3 696.5 692.3 688.9 685.9 683.7 690.4 695 700 705.2 712.1 719.8 729.3 738.4 747 758.8 766.7 772.7 777.2 778 778.1 777.9 782.1 786.7 789.4 791.6 790 785.3 778 768.8 759.9 748.1 734.8 723.8 711.2 697.9 685.7 674.7 665.4 657.3 651.6 650.8 651.9 653.9 657.1 655.4 651.7 646.8 642.4 638.1 638.9 639.3 638.8 638.8 640.3 641.2
686.2 693.8 701.6 710.1 717 722.1 726.3 730.1 733.8 737.2 741.2 745.6 749.8 752.6 753.4 753.6 753.3 748.8 742.7 733.8 720 703.2 693.3 689.7 686.5 681.6 677.9 678.4 684.5 689.9 694.7 699.4 704 710.6 720 729.6 737.5 746.6 755.5 761.9 766.4 768.1 767.2 765.6 771.4 774.7 776.7 776 773.5 768.5 761.7 754.5 743.7 732.9 723.5 712.4 700.5 689.1 678.4 668.6 659.2 651.4 645.4 642.9 645.5 649.8 653 652.3 649.9 645.6 641.4 636.8 637.4 636.7 635.7 637 639.6 640.5
684.3 692.3 700.8 709.2 715.6 720.9 724.2 727.8 730.6 733.4 736.8 739.7 742.9 745.2 746.6 746.6 744.6 740.3 734.6 726.1 712 697.2 688.1 682.7 679.9 676.4 671.1 673.3 678.4 683 687.8 691.9 696.3 701.7 710 718.9 726.6 735 742.6 748.3 752.1 754 754.7 754.6 757.7 760.9 762.6 762.4 760.1 754 746.5 736.7 727.6 719 710.8 700.4 689.3 679.4 669.4 659.8 651.9 644.8 638.3 633.6 638.1 644.9 648.5 649.7 646.8 642.4 638.5 635 635.5 634.8 635.2 637.4 638.8 640.8
684.6 692.7 700.9 708.1 713.7 718.5 721.8 724 726.7 729.3 731.9 734.6 737.2 738.5 739.4 738.9 735.6 731.1 725.9 717.5 705.5 690.8 681.4 676.8 673.5 670.4 664.8 667 672.5 676.5 680.3 684.4 688.3 693 699.8 708 715.2 722 730.1 735.8 738.3 740.3 741.2 742.9 745.9 746.8 747.3 748 744.5 738.6 731.2 722 713 705.1 697.1 688 678.4 669.7 661 652.8 644.8 638.4 632.1 626.2 632.7 640.1 644.6 645.8 643.3 639.3 636.5 632.7 633.4 633.1 635.4 637 639.3 641.3
685.5 693.1 701 706.5 712 715.6 718.7 720.8 722.8 724.8 727.2 729.7 731.9 732.9 732.6 731.7 728.1 722.3 716.5 708.2 696.5 683.3 674.7 669.8 666.5 664.4 659.1 661.2 665.8 669.4 673 676.8 680.3 683.5 688.8 696.6 702.8 709.6 716 721.7 724.3 726.6 727.5 729.5 732.3 734.6 735.4 734.7 730 723.9 716.7 707.8 698.9 691.2 683.6 676.7 668.5 660.5 653 645.2 637 631 626.7 622.8 630.4 636.8 640.9 642.1 640.6 637.7 635.8 634.2 630 629.8 633.8 636 639.8 642
687.3 693.7 699.8 705 709.3 712.6 715.4 717.4 719.2 720.7 722.5 725 727.4 728.4 727.4 725.2 720.3 714.4 707.6 698.6 686.6 675.4 668.2 663.6 660.3 657.3 653.8 654.7 658.7 661.7 664 667.8 671.6 674.5 678.9 684.1 689.5 695.9 703.1 708 711.1 712.7 712.9 716.2 720.4 722 721.6 719.5 714.8 708.9 701.4 692.8 686.2 679.4 673.4 667 660.4 652.7 645.6 638.6 630.6 624.2 621 621.1 629.6 636.4 641.4 642.3 639.8 638 636.4 634.5 633.3 629.3 632.3 636.2 640.3 643.4
689 695.1 698.9 703.8 706 709.2 711.7 713.5 715.2 716.6 718.1 720.2 722.6 723.7 722.7 719.4 714.9 708.1 699 688.9 677.8 669.9 663.7 659.8 655.7 652.1 649.3 649 651.4 654 655.3 656.9 660.5 663.6 667.5 672.7 677.8 684.1 690.3 694.5 696.5 697.8 698.5 701.1 704.2 707 706 703.6 699.8 693.7 686.7 680.4 675 669.3 663.9 657.9 652.4 645.8 639 632 625 617.8 616.6 622.7 630.2 637.1 641.8 642.7 640.7 638.9 637.8 635.4 632.5 627.7 631.5 635.7 641.5 644.4
691.7 695.8 698.5 701.4 703.1 705.7 707.8 709.4 711 712.4 713.8 715.9 717.8 718.8 717.1 714.4 709.3 702.7 693.4 682 672.4 665.2 659.8 656.3 652.5 648 643.7 643.8 644.7 646.9 649.3 650.7 651.4 654.4 657.3 662.4 667.3 672 677.1 681.8 683.5 684.6 685.8 688.4 692.3 693.6 692.5 689.8 687.1 682 676.7 671.9 666.5 661 655.8 650.2 644.8 638.6 631.9 625.8 618.9 613.3 614.6 624.1 631.7 638.1 642.8 642.1 640.7 639.8 638.9 636.1 631.7 627.7 632.5 636.9 643.5 646
693.1 696.3 698.7 699.4 700.5 702 703.4 705.1 706.7 708.4 709.3 711 712.6 713.1 711.8 708.6 703.3 697.4 688.2 677.2 667.9 661.3 656.7 652.2 648.8 645.1 640.3 640.2 639.8 642 644 645.4 646.7 648.6 651.9 654.5 657.5 661.5 664.7 668.8 670.8 671.4 674.1 677 680.2 680.4 680 679 676.8 673.1 668.7 664.9 659.5 654.6 649.8 643.9 638.1 632.2 626.2 621.5 615.8 610 614 624.3 632.7 639.1 643 644.5 642.6 640.2 639.3 635.3 630.6 627.4 634.2 639.4 645.1 648
693.5 697.1 697.8 698.5 698.9 698.2 699.3 700.6 701.8 702.5 703.8 705.4 707.1 706.8 705.3 702 696.7 690.6 681.7 671.5 663.1 657.9 653.5 649 644.7 641.1 638.6 635.3 636.3 637.8 639.8 641.4 642.2 643.4 645.8 648.4 651.1 653.8 656.6 659 660.3 662.1 664.4 668.9 672 672.5 672.6 671.4 669 666.1 662.5 658.6 653.8 648.8 643.7 637.8 632 626.1 621.4 617.3 614.2 608.3 613.9 625.1 632.7 638.7 642.4 643.7 642.3 641 639 634.1 628.6 629 635.3 641.9 646.7 649.5
693.4 696.8 696.9 696.9 696.7 694.2 694.9 696.2 696.2 697.1 698.2 699.9 700.3 698.8 697.2 694 689.1 681.6 672.5 663.9 657.9 654.1 650 645.8 641.6 637.5 634.7 628.8 633.4 634.7 636.1 637.6 638.9 639.7 641.8 644.4 646.5 649.1 651.6 654.2 656.6 659.3 661.7 664.1 666.5 667 666.8 665.7 663.3 660.9 657.7 653.8 648.9 644 638 631.8 625.9 620 615.8 613.1 611 604.4 612.3 624.2 631.5 637.9 641.6 642.5 642.1 641 638.1 633.7 629.9 630.1 637.4 644.3 648.5 650.9
692.5 695.7 695.8 695.5 694.1 691.3 689.5 690.1 690.8 691.7 692.7 692.7 692.7 691 688.4 684.6 679.5 671.5 662.9 656.4 652.5 649.2 645.5 641.3 637 633.7 630.9 626.8 630.4 632.6 633 634.5 635.1 636.2 637.8 640.9 644.3 647.7 650.1 651.3 654.7 656.6 658.9 660.8 662.4 662.7 662.5 661.1 658.6 656.1 652.7 649 644.1 638.3 632.3 626.2 620 613.9 610.1 607.3 605.5 600.9 612.6 622.2 629.9 635.9 640 641.9 642 640.9 636.8 633.7 627.6 630.9 638.7 645 649.5 651.7
691.6 693.8 694.1 693.4 692.2 688.5 684.9 684.4 684.5 685.3 686.1 685.3 684.8 682.5 678.8 674.9 668.9 661.1 654.2 649.9 646.9 643.8 640.7 636.8 631.7 627.6 625 624.3 628.5 630.2 630.1 631.3 632.3 633.4 636 640 642.9 646.5 648.8 651 652.9 654.2 656.3 657.7 658.6 659.1 658.4 656.7 654.2 651.3 647.7 644.1 639.1 632.4 625.9 619.7 613.7 610.1 605.6 601.6 597.9 599.4 610.6 619.9 627.7 633.4 638.1 640.5 641.1 638.7 635.5 633.7 628 630.4 638.9 645.4 649.5 652.1
689.6 691.2 691.4 691 690.1 687 683.3 679.2 678.7 679.3 679.4 678.4 675.9 673.4 669.2 663.6 657.4 651.1 646 642.8 640.7 638.5 635.3 631.3 625.5 621.6 616.6 621 625.6 627.1 627.6 628.2 630 631.9 635 638.4 641.5 644.7 647.2 649.2 651 652.1 653.1 654.2 655 655.3 654 652.4 649.8 646.6 642.8 638.8 633.8 626.9 620.1 613.6 609.3 605 600.5 596.2 590.4 598.3 609.3 618.1 625.2 630.8 636.2 639.2 639.5 637.5 634.9 631.9 623.9 631.4 638.5 645.5 649.6 652
686.5 688.2 688.6 688.6 688.1 685.3 681.6 676.3 672.8 673.3 672.4 670.5 666.8 663.7 658.3 650.7 644.9 641.3 638.5 636.7 634.7 632.9 629.9 626 619.3 615.6 609 617.3 621.4 623.5 623.3 623.6 625.7 629.2 632.3 635.4 638.7 642 645.6 647.3 648.4 649 649.7 650.5 651.3 651.1 649.5 647.9 645.3 641.9 637.6 633 628.3 621.6 614.9 608.8 603.6 598.6 594.5 590.6 590.9 599.8 608 615.7 622.4 628.8 634.3 636.8 636.9 634.5 629.4 622.6 620.1 627.9 636.2 644 648.7 651.2
684 684.7 685.3 685.5 685.4 683.2 679.1 673.5 668.1 664.6 665.3 662.1 658.2 653 647.4 641.1 637.1 634.7 632.3 630.4 629 627.3 624.3 620 613.6 606.3 607.6 613.4 617 618.9 618.4 618 621.1 625.2 628.8 631.5 635 639 642.4 644.4 645 645 645.8 646.6 646.8 646.4 644.5 642.4 640.2 637.4 633.5 628.4 620.5 614.9 609.7 604 598.5 593.1 590.3 585.2 593.2 598.2 605.3 612.2 618.6 625 629 630.2 627.6 629.7 632.9 631.8 627.4 617.6 633.6 641.6 647.3 650.7
679.6 680.5 681.7 681.8 681.8 679.9 675.7 670.7 665.2 651.6 657.3 653.1 648.5 643.7 638.3 633.5 630.8 628.4 626.2 624.9 623.7 622.1 618.7 613.7 607.2 595.7 603.6 608.5 612 612.7 612.1 609.5 614.4 619.3 622.5 627 631.2 635.5 639 641.1 641.6 641.4 641.3 642 641.5 641.1 639.1 637 635.6 633.2 629.1 623.8 617.1 610.2 603.5 598.5 594.3 589.8 586.6 587.4 594.1 599.6 604.9 611.2 615 619.9 626.5 631 635.8 638.2 637.6 635.4 630.2 618.1 628 638 645.5 649.4
674.9 676.5 677.9 677.9 677.5 675.8 671.7 666.6 659.9 651.8 646.6 643.5 638.6 633.9 629.4 626.5 624.5 622.5 620.7 618.9 618.2 616 613.2 608 598.9 585.3 598.1 602.8 605.5 606.3 605.1 601.4 607.1 612.1 616.1 621.2 627.7 631.7 635.5 637.7 638.2 637.9 637.2 637.3 637 635.8 634.5 633.2 631.8 629 624.8 619.6 612.7 605 597.9 592.6 590.2 586.9 580.1 591.8 597.7 604.3 610.3 616.1 621.7 627.9 633.1 637.3 640.2 640.5 640.1 638.6 632.4 623 618.8 633.8 642.8 645.8
671.7 673.8 674.1 674.1 673.3 671.5 667.5 661.4 653.8 646 636.7 633.9 629.3 624.7 622.2 620.5 618.8 616.9 615.1 613.3 611.6 609.6 607.6 602.7 593.1 579.3 591.2 596.1 597.5 598.6 597.1 589.4 598.7 604 608.5 616.3 622.8 628.7 632.3 635.1 635.2 633.7 633.5 633 632.5 631.7 630.8 629.3 627.6 624.6 620.3 615.2 607.6 599.1 592 586.4 584.8 580.8 586.4 595.2 601.3 607.3 613.7 620.3 627.7 633.4 638.3 640.8 641.9 642.6 642.4 641 635.2 626.5 612.4 628.3 637 640.9
669.8 671.8 672.6 672 669.8 667 662.5 654.8 647.3 637.7 629.7 623.9 620.5 616.3 615.2 614.5 612.9 611.2 609.4 607.6 605.9 603.9 601.7 597.5 588.7 570.6 583 586.3 588.1 589.7 588.2 576 590.6 595.8 603.3 612.7 620.2 626.8 630.4 632.9 632.4 631.5 628.8 628.1 627.6 627.3 626.7 625.5 622.8 619.5 615.2 610.8 603 594.4 586.7 580.5 578.8 575.5 590.3 598 604.6 610.6 617.5 625.6 633.4 638.7 641.9 643.6 644.6 644.7 644 642 636.7 627.8 610.6 620 629.7 635.8
665.3 668.9 672.6 672.5 669.7 665.2 655.8 649.1 639.6 627.2 620.2 613.6 612.2 609.1 608.9 608.5 607.1 605.5 603.7 602 600.4 598.5 596.6 593.6 586.8 559.7 571.3 574.3 576.3 578.3 575.5 573.3 583.1 591.1 600.9 611.2 618.8 624.6 628.6 630.1 630.2 628.7 625.5 622.9 622.5 622.6 621.4 620.1 617.9 614.1 609.8 604.8 599.2 591.1 582.1 575.1 569.5 584.3 594 601 607.6 614.9 623 631.2 637.6 642.4 645 646.8 647.2 647.2 645.8 644.1 640.1 630.4 614 614.6 621.6 629
662.9 667.9 672.5 673.7 672.3 668 660.5 649.7 638.4 623.6 613.7 602 604.5 602 602.1 601.9 601.1 599.7 597.8 596 594.3 593.8 592.3 590.1 584.9 570.6 554.1 559.3 560.5 562.8 559.6 566.4 581.2 591.4 601.6 610.6 617.8 622.8 626.3 626 625.9 625.4 622.3 618.5 617.7 617.5 616.2 614.8 612.8 609.9 606.3 601.1 592.7 583.1 574.7 563.6 577.1 589.6 598.1 605.6 612.4 619.4 626.7 634.4 641.3 646.4 648.8 650.5 650.4 649.4 648.9 647 642.8 633.9 619.7 606.7 614.7 622.8
661.7 666.7 671.4 674.5 673.7 669.6 662.5 652.2 640.7 626.5 611 601.3 596.8 595 594.3 593.9 593.2 591.8 590 589 588.9 588.5 587.8 585.1 580 569.1 557.2 536.1 544.1 544.4 544.7 566.6 581 592.6 603.5 611.9 617.9 622.5 623.2 622.8 621.8 620.9 619.1 614.1 609.5 612.1 610.7 609.3 607.4 605 600.9 595.1 586.5 576.7 564.7 569 582.9 593 601.3 609.3 616.5 622.6 629.6 638.1 645.6 650.7 653.1 654.4 653.6 652.8 651.9 649 644.8 639.1 626.7 610.2 605.1 616.9
658.4 663.5 670 674 674.4 670.7 663 654 642.4 629 612.4 599.1 589 588 586.5 585.3 585.3 585.1 584.5 584.5 584 583.2 581.9 578.1 559.7 541.1 526 516.4 523.9 533.6 552.2 569.1 583.1 596 605.6 612.5 617.4 619.2 619.6 620 618.1 616.1 614.7 611.8 605.6 604.1 604.3 603.7 602 599.2 594.3 587.5 577.4 562.9 559.4 578.5 588.5 596.4 603.9 612 619 626.2 635.1 644.9 651.2 655.4 658.1 658.3 657.3 655.5 653.3 650.2 646.2 640.4 628.9 614.3 608.1 608.9
