data/340000-640000.asc
ncols 200
nrows 200
xllcorner 340000
yllcorner 640000
cellsize 50
[rows 0 to 34 of 200, columns 78 to 155 of 200]
250.3 248.9 247 245.1 244.6 243.6 241.8 239.5 236.4 231.9 232.9 243.8 253.1 261.7 266.4 268.7 270.5 272.8 274 274.6 277.7 281.9 285.5 289.9 294.6 299.7 301 308.4 313.2 318 322.2 325.1 326.7 327.3 328.4 328.1 326.8 325.3 324.3 322.5 320.5 317.8 314.7 310.2 307 309.8 315.1 318.4 320.4 320.6 319.4 317.3 317 317 315.2 311 303.7 296.5 290 287.1 286.3 282 277.9 273.8 270.6 268.4 267.2 268.5 273.7 281.5 291.2 299.6 304.9 308.1 309.9 309.5 309.5 309.3
244.5 242.9 241.4 240.1 237.4 235.4 233.3 230.8 229.1 234.8 239.4 241.3 243.4 249.8 255.7 259.4 265.1 268.5 272.9 277.7 280.9 286.3 290.4 295 299.3 304.9 307.6 311.2 316.8 321 324.5 325.7 327 327.8 328.6 328.9 327.8 326.3 324.3 321.5 317.8 314.3 311.4 310.1 309.1 311.6 315.9 318.7 320.3 320.5 321.9 320.4 320.8 320.6 319.1 315.4 308.8 303.2 297.4 298.4 296.2 290.4 285.5 280.1 274.5 270.3 267.6 266.5 271.5 280.3 289.8 296.1 299 301.1 300.8 301.4 302 302
240.2 238.6 236.8 234 231.8 229.7 226.7 229.5 237.2 247.5 255.2 256.6 254.5 256.1 260.3 262 264.1 268.6 275.2 278.3 282.4 286.2 294.7 300.4 304.8 309 313.1 318.5 322.1 327.7 329.9 329.3 328.4 329 329.4 328.4 326.6 325.8 324.4 321.7 317.1 316.1 313.7 312.5 312.1 313.3 315.7 317.9 319.6 320.1 321.7 321 322.5 323.6 322 319.5 313.7 310.2 307.8 304.4 300.6 295.2 289.4 283.8 277.5 271.6 267.7 265.4 270.8 280.3 289.6 294.5 296.5 296.6 295.5 295.4 295.9 296.9
238.1 234.9 233 229.3 226.7 223.8 229.2 237.2 249.9 258.6 262.4 264.7 265.9 267.1 270 272.6 273.6 275.9 281.3 286.1 290.8 294.5 294.2 301.5 307.4 310.8 317.8 321.2 323.9 326.1 327.6 329.4 331.1 331.7 333.2 332 330.6 327 325.4 322.6 320.6 318.6 317 315.6 314.7 314.7 315.9 317.2 318.6 319.9 321.1 322.9 324.6 326 324.6 322.4 319 316 312.4 307.9 303.5 298.1 291.4 285.5 278.7 272.1 266.7 265.2 270 281.9 288.7 292.3 292.9 292.1 290.9 291.1 292 292.7
236.2 231.7 228.1 225.3 223.2 227.7 237.8 249.3 259.5 265.5 268.3 270.9 273.1 274.3 277.2 279.8 279.6 278 286.3 291.5 295.8 299.5 303.1 306 309.7 316.1 317.7 323.2 325.5 331.3 334.3 336.4 338.4 339.7 337.8 335.8 333.1 329.8 326.5 324.2 323 321.5 320.6 319.7 318.8 317.6 317.3 317.6 318.6 319.9 322 324.2 325.6 326.6 325.7 324.7 322.9 319 314 308.2 303.7 298 291.8 285.6 277.7 271.6 266.7 265.2 270.5 281.1 287.6 290.3 289.2 287.6 286.5 285.5 284.5 284.3
233 228.9 224.4 220.6 227.2 238.3 250.6 260.7 266.8 270.5 273 276.2 278.6 280.5 283.1 285.1 285.1 281.2 289.4 295.3 299.2 303.4 306.4 309.3 312.4 315.4 324 330.1 333.2 338.3 341.4 343.4 343.8 342.2 340 336.8 333.3 331.4 329.6 326.9 325.7 323.7 322.3 321.5 321 318.8 318.6 319.1 318 319.7 322.1 323.8 325.6 326.6 326.6 325.8 323.4 319.4 314.5 308.3 302.6 297 290.7 284.1 276.4 270.8 266.7 264.2 268.3 278.3 283.2 285.4 283.9 282.6 281.9 280.4 278.9 279.2
229.1 225.2 219.9 223 234.2 251.3 260.9 267.6 271.4 274 276.5 280.4 282.7 284.7 287.1 289.6 291 289.7 290.4 295.7 299.8 304.7 307.8 310.5 317 320.1 327.5 332.2 337.2 341.6 344.9 346.5 345.9 341.8 339 336.3 336.1 334.7 333.6 332.4 331.2 329.5 327.4 325.7 322.8 322.1 319 318.4 316.5 317.4 320 323.1 325.1 325.8 326.3 325.7 321.6 317.4 313.1 307 301.1 295.5 288.9 283.2 276.4 270.4 267 264.3 265.2 273.2 276.2 278.4 277.9 278.1 276.9 275.1 278.3 281.5
225.3 220.7 217.8 230.6 241 257.4 267.2 270.7 274.2 276.8 279.9 283.1 285.7 288.4 291 293.8 295.5 295.8 298.4 298.5 301.9 305.2 311.5 318.2 321.6 325.3 330.2 335.1 340.3 344.2 347.1 347 344.3 340.9 339.7 340.7 341.3 340.7 339 337.3 335.2 332.1 330 327.4 324.8 321.8 319 317 313 315.6 318.2 320.2 323.4 324.7 325.3 323.6 319.7 314.8 310.2 305.5 300.6 293.2 287.4 281.9 275 270.2 267.4 264.6 263.5 266.7 269.6 271.8 272.3 272.7 273.7 279.3 284.7 290.8
221.6 217.1 223.2 236 250.1 260.7 267.2 271.1 274.5 277.4 281 283.9 287.1 290.1 293.6 296 297.5 299.8 302.3 304.2 306.3 310.6 314.7 319.9 322.8 327.1 332 337.1 341.3 343 343.7 343.9 341.4 343.1 344.9 345.8 347.2 345.6 341.7 339.5 336.3 333 329.5 326.2 322.7 319 316.4 313.8 311.6 313.8 314.9 318.1 319.7 322.2 322.2 319.2 315.6 310.5 305.8 301.5 294.3 288 283.6 280.2 273.6 269 267.6 265.9 263.2 263.1 265.1 267.1 268.4 273.3 279.2 284.1 290.3 295.6
218.3 213.4 226 240.1 253.9 262.8 267.5 269.9 272.1 275.5 278.2 283 287 290 292.8 294 295.4 298.7 300.8 302.4 305.8 308.5 314.2 319.4 320.7 325.4 330.9 335.4 337.4 339.3 341.7 343.5 345.6 348.5 349.5 349.9 348.9 346.9 343.3 340 337.1 332.5 328.9 324.7 319.8 316 312.4 309.3 308.1 309 309.8 312.5 315.1 317.6 317.2 313.8 310.2 305.7 300.2 296 289.5 283 277.7 274.6 270.7 267.3 265.7 263.7 264.9 262.9 264.6 267.2 272.1 278.8 284.2 289 295.3 300.9
216.3 214.4 231.1 245.5 255.6 263.1 265.4 266.3 267.3 271.3 275.8 280.8 283.9 286.1 287.7 288.7 290.1 292.8 295.9 299.4 301.9 304.9 309.3 314.4 317.5 321 324.3 328.8 334.3 339.2 343.5 347.6 350.7 354.8 355.3 352.4 350.5 347.4 344.5 339.5 334.5 330.8 326.5 321.8 317.6 313.8 308.8 304.7 303.5 304.6 306.6 308.9 310.3 311.2 310.9 308.3 304.7 300.8 295.2 290.2 285.9 280.4 274.1 270.3 267.7 266 263.9 262.4 261.8 261.9 264.3 266.6 272.3 280.4 286.7 292.4 299.6 304.8
217.4 217.2 234.1 247.7 254.3 258.4 260.4 262 263.4 266.3 273 275.9 276.6 279 281.3 282.8 284.5 287 290.2 292.9 295.7 299.8 305 310.1 315.1 319 323.4 327.8 335.4 342.2 346.3 347.6 351.4 353.2 352.8 350.3 347.6 344.4 340.6 335.5 330.8 326.4 323.2 319.5 315.7 310.6 306.2 302.1 300.1 301.5 304.7 306.8 306.6 305.6 304 303.3 299.7 294.9 289.5 285.7 281.6 276.7 271.8 268 266.2 264.8 263.2 262 259.6 261.9 264.3 267.4 270.1 277.9 287.1 294.2 301.5 307.9
215.2 213 230.7 241.4 247.7 250.4 252.7 255.7 259.3 261.7 263.7 266.5 268.5 271.8 276.1 277.3 279.4 281.8 284.5 285.4 286.6 293 300.1 304.5 311.2 318.2 323.2 327.3 332.7 339.5 341.2 344.4 348.3 350.4 349.5 345.8 342.4 338.8 334.5 330 325.8 324.1 321.1 316.8 313.1 308.5 304.1 300.7 296.9 298.8 303.3 304.1 303.7 303.3 302.4 299.6 295.9 291.1 286.4 282.5 278.5 274.4 271.1 268 265.5 263.3 261.7 260.8 260.4 264.6 271.2 273 276.4 276.7 284.7 294.6 301.4 307.9
210.6 219.8 224 235 240.1 241.3 243.2 248.3 255.6 260.3 263 265 264.5 267.2 269.8 272.1 274.2 276.8 278.3 277.8 282.6 291.6 298.6 304.1 308.9 314.3 319.8 323.5 327.1 331.6 336.7 340.7 342.5 343.1 342.4 342.4 340.4 334.6 331.4 327.6 324.4 321.9 318.2 314.9 310.8 307.6 302.1 298.5 294.9 296.1 300.5 301.8 300.7 299.8 297.4 295.2 291.7 288.4 284.1 280.6 277.9 274.6 270.9 267.9 265.4 262.9 260.2 258.9 262.5 271.7 277.3 281.3 284.8 286 284.7 290.6 298.7 306.5
208.5 210.2 222.6 229.8 233 236.3 243.9 252.1 257.2 260.2 260.7 261.3 260.4 260.2 260.4 264.5 268.2 270.2 270.8 273 283.7 290.6 297.3 302.2 306.6 311.1 314.8 319.4 323 326 329.5 333.2 335.4 337.3 339.3 338.1 336.1 332.5 328.8 325.5 322.3 318.4 315.3 312.2 308.9 304.2 300.2 296.7 291.8 292.2 297.7 298.7 298.8 297 294.5 292.5 289 285.2 282.2 279.7 276.9 275 271.6 268.3 265.5 262.5 259.3 259.5 267 274.9 283.8 289.3 292.6 293.5 292.3 290 293.7 303.4
207.3 213.9 219.5 226.5 229.6 238 247.5 252.8 255.7 256.5 255.9 255.4 253.9 253 251.9 255.6 260.2 259.9 261.3 273.5 283.1 288.1 293.6 298.3 301.3 304.5 308.9 313.3 316.2 318.6 322.3 328 331.8 334.5 334.6 334.1 332.6 330.1 326.5 322.5 318.9 315 311.9 307.7 303.8 300.3 297.7 293.6 288.6 290.6 295.5 298.8 298.8 295 292.3 289 285.8 283.1 280.7 278.7 276.8 274.7 272.2 269 266.6 264.2 256.5 260.3 269.8 281.4 291 296.5 298.6 300 299.2 296.6 291.3 300.5
205.9 208.7 215 219.9 229.1 240 244.7 248.9 251.7 251.6 250.9 249.4 246.2 243.5 242.5 244.6 247.4 250.3 259.7 271.2 277.8 282.3 287 291.2 292.9 297.4 300.7 304.3 306.8 311.6 319.2 326.9 327.9 329.7 329.8 329.8 328.5 325.5 322 317.9 315.2 311.2 307 303 299.6 295.7 292.9 289.8 285 289.6 295.7 298.3 297 293.8 290.2 286.8 284 281.3 279.6 278.1 276.2 273.7 272.1 269.4 266.9 264.4 257.6 262.4 275.6 287 295.7 300.2 304.2 305.3 305.2 302.6 294.5 298.6
204.3 205.4 209 214.8 220.7 234.3 239.4 242.5 244.1 244.5 242.2 238.5 235.7 233.2 234.4 236.3 240.8 248.3 257.1 263.4 269.4 274.5 277.8 278.8 281.2 282.2 286.2 291 297.6 305.9 317.4 322.3 324.9 326 326.5 326 323.8 321 316.8 313.2 309.4 306.3 302.7 298.7 295.1 291.5 287.9 284.5 281 287.9 293 294.5 292.4 289.3 286.8 284.8 281.8 279.5 278.6 276.9 274.3 272.1 270.6 268.2 265.2 262.5 255.1 262.9 276.9 290.1 299.2 303.8 308 309 308.4 304.7 303.7 306
203.4 203.4 203.4 207.8 214.3 221.1 230.5 233 231.8 229 228.7 226.3 225 227.1 228.8 232.1 238.8 245 251.4 256.5 261.2 265.4 266 266.9 270.5 275.2 281.2 288.4 297.1 309.4 316.5 321.4 321.4 322.7 322.1 320.6 318.4 315.4 311.9 308.1 304.9 301.7 297.9 293.1 289 285.8 282.8 279.6 278.2 283.8 286.5 286.4 284.5 285.4 283.6 281.6 279.7 278.7 277 274.4 272.5 269.9 268.2 265.7 262.4 260.1 255.8 267 280.5 292.7 301.6 308 311.3 311.4 310.6 306.7 308 309.1
202.9 203 202.8 202.9 205.3 212.3 217.4 218.4 217.7 218 216.6 217.1 219.5 222 224 227 231.2 237.7 244.5 249 252.1 255.4 258.2 262.7 271.4 278.5 289.2 299.9 307.8 314.5 317.4 319.5 318.6 318.2 317 315.4 313.1 310.3 307 303.6 300.4 297.1 292.4 287.7 284.1 281.2 278.4 276.2 274.7 276.1 276.6 278.5 280.6 281.4 280.9 279.6 277.3 275.8 274.3 271.3 269.6 267.4 265 263 260.1 255.3 259.1 271 285.7 295.3 304.2 309.3 312.7 313.9 313.2 309.7 310.7 312.9
201.8 202.6 201.9 202.1 202.6 202.5 208.3 215.3 210.4 215.2 219.4 221.1 223.3 223.1 223.4 225.6 227.1 230.4 236 240.7 244.1 250.6 259.7 270.2 280.9 289 297.9 305.8 312.5 317.1 319.1 319.9 317.5 315.4 312.9 310.6 309.1 306.4 303.5 300.6 297.5 293.5 288.7 284.4 281.3 278.3 275.8 272.6 269.4 270 273.1 276.8 278.8 278.4 277.9 277.2 274.4 272.7 269.9 268 265 263.3 261.6 259.1 255.5 255.1 262.8 275 288 297.1 304.7 310.5 315 316.1 315.1 313.1 313.4 316.2
202.5 201.3 201.3 201.6 202.1 202.1 202.6 207.5 216.1 224.5 230 231.9 235.6 236.7 237.4 236.7 234.4 233.8 233 239.1 246.9 256.1 267.4 277.1 284.4 292.7 300.4 308.3 316.7 321.8 321.8 320 316.6 314.1 311.4 309.6 307 303.6 300.6 298.3 294.5 290 286.5 283.3 280.2 275.9 272.3 268.6 266 266.5 272 275.1 276.2 274.9 274.2 272 269.5 267 264.5 262.1 260.2 258.7 257.4 254.5 253.6 257.8 268.7 279.5 291 300 306.6 312.3 316.3 317.3 317.4 314.2 315 319.7
203.6 202 201 201.2 201.5 201.6 202 205.9 216.3 229.5 235.2 240.1 244.6 248.8 248.9 246.9 243.4 241.2 237.9 238.2 247.6 258.6 269.5 279 287.1 295.7 303.8 313.8 320 321.9 320.9 318.8 316 314.1 312.6 309.9 307 304.5 301.5 297.8 294.3 290.9 286.9 283.3 278.7 274.5 270.5 266.6 263.5 262.9 270.2 272.5 273.2 271.8 269.9 267.2 264.2 261.9 260.3 258.4 256.2 254.2 251.7 253.4 256.3 264.6 275.9 284.6 295.8 304.4 309.8 314.4 318.3 318.9 318.4 315.7 316.9 322
209.1 208.2 203.5 200.9 201.2 201.2 201.2 201.4 217.6 228.9 240.6 248.9 254.6 256.3 255 252.2 248.6 245.8 242.7 240.7 244 254.2 265.8 280.4 289.8 298.7 306.7 314.6 318.8 319.5 318.7 316.9 316.4 315.5 313.6 311.1 308.1 305.1 302 298.1 294.8 290.8 286.8 282.3 279.3 275.6 273.6 270.7 267.3 261.8 265.1 268.5 269 268.2 265.9 262.7 259.7 258.1 256.4 253.6 252 250.8 251.8 255 262.7 271.7 281 290.8 300.5 309.2 314.2 318.1 322 322.7 321.2 317.3 318.1 323.9
218.5 210.9 208.2 201.4 201 201 201.1 201.1 220.5 235.8 249.8 257.8 261 260.2 259.1 257.4 253.4 251.5 249.2 247.4 246.5 252 261.8 279.7 289.5 298.6 306.4 314 317.2 319.7 316.7 315.2 316.2 315.8 314.3 311.9 308.5 305.1 302 299 296 294 291.7 288.4 285.9 281.8 278.3 273.1 267.7 262.9 258.1 265 265.9 264.2 261.7 259 255.7 253 250.4 250 249.7 250 255.1 259.7 267.8 277.1 287.2 297.5 305.8 312.5 317.5 322.2 324.7 325.5 323.4 319.7 320.8 326.4
221.8 216.5 209.9 202.3 201.3 200.8 200.5 208.2 226.3 246.5 257 262 264.1 264.1 264 262.3 261.4 260.2 257.9 254.9 252.2 252.1 259.5 267.6 279.2 291.8 303.5 311.2 315.1 316 314.7 316.1 316.6 316.5 315.1 312.3 309.7 307.2 304.1 301.6 300 298.6 296.3 292.9 289.2 284.4 279.2 273.7 267.8 261.2 256.2 261.4 261.2 260.1 257.2 254.3 251.6 248.7 248.4 248.7 252 254.9 257.3 264.2 272 281.1 290.6 299.9 309.2 315.1 320.2 325.2 327.6 328.6 327.4 324.3 321.7 329.7
222 216.4 207.7 202.2 200.8 200.6 200.4 211.2 235.4 255.2 260.9 263.5 266.7 269 269.7 268.7 268.3 267.4 263.6 260.4 257.2 256.5 260.7 266.7 274.3 283.2 294.2 299.7 306.8 310.6 315.8 317.4 317.8 316.8 315.5 313.9 312 310.1 307.7 306 304.2 302.2 298.5 294.7 289.9 284.1 277.5 272 266.4 260.5 255.4 256.6 258.2 256.8 254 250.6 247.8 248.1 252.5 256 257.8 260.3 260.2 265.5 274.9 283.7 292.1 301.2 309.3 316.1 321.6 327.5 331.1 332.2 330.8 330.7 327.2 330.4
222 215.3 207.7 201.8 200.3 200.7 200.9 211.3 236.6 248.1 258.2 264.7 269.9 275.3 277.6 277.4 275.1 274.4 268.6 267.3 267.3 269.1 271.5 272.5 275.8 280.6 291.5 302.6 305.3 310.5 315.9 318.7 318.8 317.9 317.3 317.6 315.7 313.8 311.9 309.6 307.4 303.5 299.5 294.6 289.1 282.6 275.8 269.6 263.9 258.3 253.8 252.2 253.9 253.1 250 247 248.3 255.5 261.3 264.3 265.8 265.6 265.6 267.4 277.5 286 292.5 300.5 309.4 316 322.6 329 332.4 333.5 333.7 333.9 334.8 338.1
220.6 213.5 206.3 200.6 200.3 200.3 198.9 211.2 225.7 240.8 257.7 266.9 276.3 282.8 286 284.4 283.1 282.1 279.5 279.5 282.5 287.3 288.9 291.1 290.9 292.8 298.5 313.3 318.7 320.5 322.2 323.4 323.4 322.8 321.8 320.7 319.1 317.1 315.6 312.5 307.9 303.7 299 293.1 285.7 278.7 272.3 266.4 260.8 256 252.3 250.2 250.2 249.1 246.2 247.2 252.5 261.9 268.4 272 273.3 272.2 271 269.7 277.6 286.2 292.4 299.5 307.7 316.1 324.4 329.6 332.8 335.3 336 336.2 339.8 345.1
218.6 212.6 206 200.9 200.6 200.4 200.4 215.3 238.4 254.3 263.4 273.4 282.7 288.5 292.5 289.9 290 291.3 292.2 295.6 301.2 305.4 307.2 310 314.5 314.4 313.6 324.2 328.3 329.5 330.7 331.7 330.3 328.8 326.5 324.6 322.5 320.2 317.4 312.6 307.6 302.4 297 289.6 282.4 275.5 268.8 263.1 258.3 254.6 251.6 249.7 248.2 246.6 245.9 248.7 257.4 268.4 275.5 279.2 280.7 280.1 279.1 276.5 277 284.7 292.2 299.2 307.1 317.3 326.8 331.6 335 338.1 339.1 341.3 345.6 349.2
216.4 210.3 204.1 200.7 203.8 200.1 200 222.4 247.6 256.8 267.5 276.1 284.1 291.3 293.5 295.3 298.3 301.3 304.7 309.8 317 321.8 325.2 330.1 333.4 334.1 332 335 338 339.3 338.9 337.4 335.8 333.1 330.8 328.1 325.6 322 317.3 312.1 305.9 299.9 293.8 286.6 279 272.3 266.7 264.3 260.3 256.4 253.6 252 249.6 247.8 245.4 250.5 261.9 273.5 280.4 285.6 287.7 286.5 286.3 283.2 283 283.9 292.5 298.7 308.3 318 328.2 333.4 338.8 341.9 342.8 345.6 348.9 350.7
214.4 209.2 203.6 201.4 199.9 199.5 204.7 230.8 247 256.9 268 275.2 284.1 288.9 294 300.2 304.7 309.4 316.2 324.6 331.9 338 342.9 346 349 347.8 346.8 346.8 348.2 348.4 346.1 343.4 340.1 336.7 333.3 329.4 324.4 320.9 315.9 309.3 302.8 297.5 292 285 278.3 275.4 273.4 270.6 265.8 260.9 259 255.7 251.6 248.8 245.2 251.3 263.9 276.7 285.6 291.8 293.7 292.7 292.3 290.4 288.5 287.5 291 297.8 306.6 317.8 327.1 335.3 341.9 345.5 347.1 348.8 351.1 352.5
212.6 207.4 199.9 199.9 199.7 200 209.7 226.8 237.2 249.6 262.7 269.8 279 289.6 297.8 305 310.7 317.9 326.1 336.4 345.8 353.1 355.9 359.2 360.8 360.8 359.6 358 356.1 355.8 353.5 349.1 343.4 338.4 333 326.9 322.4 319.1 313.4 306.8 300.9 296.1 290.2 283.9 283.7 281.5 278.4 275 270.8 266.6 262 257 252.8 249 244.5 252.6 266 280.9 290.5 296.6 299.2 300 299.5 297.6 296 294.8 294.6 297.8 308.8 320 331 339.4 345.5 348.7 350.9 352.6 354.5 356.7
210.1 201.8 199.5 199.6 199.4 202.6 208.9 218.8 228.6 243.3 258.3 269.6 281.8 292.8 302 309.8 317 326.2 337.8 347.8 357.9 364 367.8 368.9 370.5 370.9 369.5 367.6 364.6 360.8 355.6 350.4 343 336 328.8 323.8 319.6 315.8 309.7 304.7 299.9 294.7 291 290.8 288.1 285 281.4 277.7 274.4 269.2 262.9 257.2 252.3 247.6 243.9 256 271.5 284.7 293.8 299.4 303.6 305 306 309.3 308.2 305.8 305.2 305 314 324.8 335.2 343.9 348.9 352.3 354.3 356.3 357.9 360.2
208.9 200.4 199.3 199.4 198.2 199.6 208.1 217.4 231.4 247.6 261.9 273.5 286 296.2 304.4 313.8 323.4 334.5 345.1 356.3 364.4 370.8 375 376.2 377.7 377.5 375.7 372.4 366 359.8 353.3 347.7 341.2 333.8 327.4 323.2 318.7 314 308.3 303.9 300.2 297.5 296.4 293.3 290.2 287.2 283.4 279 274.5 269.1 262.9 256.2 251.5 245.4 246.6 259.6 276.3 288.9 296.8 303 307.6 308.9 315.4 318.1 318.4 319.5 315.6 313.7 320.5 329.4 340.2 347.3 352.4 356.2 358.3 360.1 361 360
