data/340000-830000.asc
ncols 200
nrows 200
xllcorner 340000
yllcorner 830000
cellsize 50
[rows 35 to 69 of 200, columns 78 to 155 of 200]
260.2 266.1 271.3 274.4 278.7 281.8 285.1 288.2 290.5 290 289.4 290.2 288.8 287.4 286.1 286.6 286.5 290.8 295 298.5 304.4 309.1 314.2 321.1 325.2 329.8 335.3 345.2 353.5 359.1 360.9 359.3 357.2 354.5 356 357.8 360 363.5 371.1 379.9 386 388.1 385 379.5 370.1 358 345 333.6 325 316.3 307 300.3 293.7 288.2 283 278.3 275 271.8 267.7 264.7 261.7 255.4 249.7 252.8 252.4 251.9 249.2 246.4 243.6 240.2 239.8 245 251.5 258.3 265.1 271.6 277.9 281.7
260.7 267.1 271.4 275.5 278.9 283.3 286.8 289.8 291.5 292.8 292.7 292.3 292.9 291.2 290.1 290.4 293.4 299.4 301.8 307.5 311.4 314.6 320.9 325.6 329.3 334.1 341.7 353.4 362.7 368.7 368.1 366.2 364.5 362.7 362.8 364.3 366.4 370.4 378.2 384.5 388.9 389.3 385.2 379.7 372.5 360.8 345.2 334.2 324.7 316.2 307.6 300.7 294.3 288.3 283.1 278.1 274.9 271.2 265.8 260.8 259.2 259.8 260 259 256.4 254 251.3 248.8 245.7 242.4 240.6 244.6 251.9 258.3 264.7 271 277.4 282.4
263.1 268.2 272.7 277.4 282.1 286.2 289.7 292.6 293.7 295.5 295.5 294.9 295.2 295.7 296.4 299.7 303.8 309 311 312.2 314.8 318.8 324.4 328.7 333.2 338.4 347.7 359.3 368.5 374.6 375.5 373.7 371.7 369.3 369.2 370.6 372.6 375.5 380.1 384.1 387.4 386.2 384.1 379 369.9 358.1 344 332.5 323.9 315.2 307.3 301 294.7 289 283.8 278.8 274.8 269.5 264.6 260.2 260.9 261.1 263.1 262.7 259.8 256.5 253.8 250.6 247.5 244.6 240.9 246.2 251.9 258.1 264.1 270.3 276.7 283
264.9 269.7 275.8 280.6 285.4 289.1 292.2 295.1 297.2 298.2 298.6 298 298.6 299.4 304.3 310.5 312.1 313.5 313.2 315.6 317.9 321.8 327.2 331.4 336.6 342.5 350.5 363.6 373.9 377.7 380.3 380.2 377.6 375 375.8 376.7 378.2 380.1 381.5 381.5 382.9 381.2 376.6 369.7 362.6 351.5 339.9 329.9 322.8 314.1 307.7 301.4 294.8 289.3 283.7 278.5 274.5 269.3 264 259.8 261.6 265.9 266.4 264.9 261.9 259 255.6 252.3 249.1 247.6 247.7 250.3 253.5 259.7 265.3 270.5 275.9 282.2
267.6 272.8 278.5 283.8 288.5 291.7 294.6 298.2 300.4 301.1 302.3 301.7 305.4 310.6 312.6 314.2 316.3 317.3 317.3 317.9 320.1 324.8 330 334.8 339.9 346.1 354.4 366.4 375.1 381.2 382.8 383.3 380.7 380 381.1 380.8 381 379.9 379.9 379.9 377.4 373.5 367.1 360.1 353 344.4 335.7 328.1 321.1 314 308 301.7 293.3 287.2 282.3 277.5 273.1 270.3 267.3 264.9 267.5 270.5 270.3 267.7 264.9 261.2 257.5 254.1 251 248.4 249.9 253.4 258.4 263.1 267.3 272.3 277.5 283.3
270.5 276.1 281.7 287.3 291.2 295 298.6 301.4 303.6 305.2 307.3 309 310.6 312.9 315.3 317.6 320.1 321.6 321.6 321.7 325.1 329.2 333.7 338.4 343.5 349.8 357.1 367.4 377 381.5 384.9 385.4 383.4 381.1 381.1 381.1 381.1 379 376.1 372.1 368.5 363.9 358.7 351.9 345.8 338.6 332.4 326.2 319.7 314.4 308.2 300.7 293.5 288.2 282.3 276.5 271 268.8 269 271 272.4 273.1 271.9 270.3 267.1 263.3 259.6 255.8 250.1 249.1 252 257.7 262 265.9 270.1 275.1 280.2 285.3
273.9 279.7 285.3 290.3 294.9 299 301.7 304.4 306.9 308.6 310.3 311.9 313.8 315.5 317.3 319.7 322.1 324.3 326.4 327.3 330 333.9 338.3 342.7 347.5 352.6 359.1 367 374.2 380.2 382.1 382.8 381.7 381 379.4 378.5 376.5 374 369.8 365.1 360.5 355.2 350.1 345.4 339.4 333.9 328.7 323.2 317.6 311.5 305.2 298.8 292 285.8 279.7 273.7 269.9 270.2 271.5 273.1 275.5 276.6 275 272.6 269.5 265.9 262 258 253.9 253.4 257.4 261 264.6 268.5 273.6 278.7 283.8 288.3
277.9 283.4 288.3 293.1 297.7 301.3 304.2 306.9 309.2 311.4 313.1 314.7 317 319.6 320.1 321.7 324.2 327.1 329.6 332.1 334.5 338.3 341.9 345.6 349.8 354.3 360.3 366.7 372.8 377.4 379.4 379.7 379.3 376.7 375.7 373.8 371.1 368.1 364.3 359.5 354.6 349.6 344.7 339.7 335.3 330.7 325.1 319.6 314 308.5 299.8 295.8 289.3 284.9 278.5 272 269.4 271.9 274.2 276.9 278.7 280 277.4 274.6 271 268 264.2 259.7 255.2 258.5 261.1 264.6 268.3 272.5 277.8 283.1 288.1 292.6
282.2 286.5 291.1 295.9 300.1 303.5 306.7 309.4 311.5 313.7 315.8 317.5 320.2 323 324.2 324.8 326.2 329.3 331.8 335.1 338.2 341.8 344.2 347.8 352.4 356.6 361.1 365.5 370.2 374.3 375 374.9 373.7 372.4 370.9 368.4 365.5 361.8 358.1 354.3 349.3 344.7 340.6 336.4 332.2 327.1 321.5 316 310.4 304.8 300.2 294.7 288.6 282.7 277.1 272.4 275 277.6 278.2 279.8 279.8 280.8 278.3 275.4 272 268.6 264.8 260.9 257.5 261.2 265.2 269.7 273.7 278.2 283.5 288.7 294 298.6
285.3 289.7 294 298.7 302.3 305.7 309.1 311.6 313.8 315.9 318.3 320.9 323.5 326.2 328.3 328.8 330.2 332.7 336 339.3 342.1 345.2 347.5 351 354.9 359 360.4 364 368.5 369.5 370.5 369.9 369.2 368.4 366.2 363.1 359.7 356.3 352.9 349.5 345.7 341.5 337.3 333.2 329 323.5 317.9 312.3 306.7 302.5 297.7 292.7 287.6 280.6 277.3 278.6 279.6 280.2 280.5 281.6 281.6 281.1 278.1 275.9 272.7 269.9 266.2 262.1 261 264.9 269.1 273.7 278.4 283.9 289.2 294.4 299.5 304
288.5 292.9 297.2 301 304.5 307.9 311.4 314.4 317 319.6 323.4 325 327.6 329.8 332.2 334.3 336.5 339.6 343.3 344.6 346.8 348.9 352.6 356.9 359 359.7 361.9 363.4 366.2 367.3 368.1 367.4 366.1 364.6 362.1 359.5 356.4 353 349.6 346.2 342.5 338.3 334.2 330 325.6 320 314.4 308.7 304.4 300.1 295.2 290.1 285.9 279.9 280.6 280.8 282 282.3 281.8 282.6 282.3 281 278.6 276.6 274 271.3 267.6 263.8 263.1 268.6 273.7 278.5 283.4 288.4 293.7 298.7 303.6 307.6
291.6 296 299.7 303 306.5 309.7 314.5 318.1 321.3 325.1 329 329.3 332.3 335.4 338.1 342 344 346.7 350.3 353.6 354.2 356.2 357.4 361.6 362.5 361.8 363.3 364.4 363.2 365.8 366 364.7 363 361 358.4 355.8 352.9 349.6 346.2 342.8 339.3 335.1 330.9 326.7 322.3 317.5 312.6 307.9 303 298.1 292.5 287.5 283.9 282.1 283.1 282.9 282.9 283.3 283.4 284 283.1 281.6 280.2 278.2 275.9 273.5 270.1 265.9 267.9 273.1 278.1 282.4 286.8 291.4 296.7 302 307 311
294.7 299.3 301.4 304.9 308.4 314.1 319 323.4 327.6 331.2 334.1 336.2 339.2 342.4 345.3 349.5 353.4 355.1 358.7 362.6 363.1 363.3 363.5 365 365 363.8 364.6 365 365.2 364.1 364.8 362.9 361.3 359.2 356.1 352.9 349.7 346.5 343.3 339.8 336.7 332.5 328 323.8 319.3 314.4 310 305.7 301.4 296.6 291.3 285.6 284.1 286 284.8 284.6 285.1 284.6 285 285.3 284.5 283.4 282.5 280.3 278.1 277.1 272.4 268.1 271.2 279.4 282.6 287 291.4 296 300.5 305.4 310.1 313.7
299.6 302.1 304.8 307 312.5 319.1 325.5 329.7 333.8 337.8 342.5 343.9 346.5 350.2 353.7 359 363.1 365.1 366.7 368.7 369.8 370.1 370.2 368.6 367.3 365.8 365.2 365.5 364.7 363.7 363.6 361.7 360.7 357.9 354.8 351.6 348.4 345.2 342 338.1 334.1 330.8 325.9 321 316.6 312.2 307.9 303.5 299.2 294.9 290.2 288.6 287.6 288.1 288.5 287.6 287.5 287.4 286.9 288.3 287.6 286.9 285.7 284.2 283.5 281.4 275.4 269.9 275.7 282.6 286.7 291.6 296.1 300.7 304.9 309.5 312.4 316.2
303.7 306.6 310.8 314.5 321.4 330.2 336.6 339.2 341.9 346.4 350.8 352 355.8 359.5 364 369.3 372.5 372.6 373.6 374.8 374.8 373.9 373.9 372.8 369.3 368 365.9 365.2 364.2 363.2 362.4 361 359.6 356.5 353.4 350.3 347.1 343.9 340.7 336.7 332.5 328.7 323.9 318.8 314.2 310.1 305.7 301.4 297.1 293.1 290.6 289.7 289.7 290.1 290.6 291 290.4 290.9 290.9 291.8 292.1 290.8 290.4 289.9 289.6 285.3 277.9 273.3 279.8 285.4 290.5 295.6 300.1 304.4 309.1 311.7 314.3 316.4
311.3 315.1 320.9 325.6 336.8 344.3 348.7 349.1 351.7 356.2 358.5 360.1 365.6 370.3 374.8 378 380.2 379.6 379.7 380.6 379.4 378.5 378.3 375 371.7 369.2 367.5 365 363.2 362.2 361.2 360.4 358.2 355.1 352.1 349 345.8 342.3 339.3 335.3 331.2 327.3 323.3 318.1 312.5 308.5 304.9 300.8 297.5 294.4 292.4 291.7 292.2 292.4 292.9 294.1 294.8 295.2 296.4 296.8 297.3 300 301.4 297.9 292.6 286.8 278.4 275.2 281.4 288.1 294.1 298.9 303.2 306.6 310.5 311.6 314.2 316.7
316.8 324.5 331.5 341.3 350.5 355 355.9 356.9 362.3 365.4 367.9 371.3 376.1 378.8 385.4 390.2 389.3 386.8 386.9 386.4 384.5 382.9 381.5 379.2 375.5 371.5 368.7 366.1 363.8 361.5 359.9 359.3 358 355.1 352.3 349.3 346 342.1 338.3 334.1 330.2 326.5 322.7 319.5 314.7 310 307.8 303 298.8 295.8 294.2 294.6 294.8 294.9 296.5 298.2 299.2 301.1 302.4 305.3 306.4 309.6 305.9 300.3 292.2 285.8 278.8 276.5 283.6 290.9 296.2 301 303.6 306.3 309 310.9 313 315
326.6 334.9 343.4 352.3 358.8 361.2 363.5 365.6 370.1 373.2 376.1 382 386.1 391.5 395.7 398 398.2 395.2 393.5 390.8 388.3 386.4 384.5 381.2 376.7 373 369.9 367.2 364.9 362.6 360.6 359.8 359.5 356.6 353.4 349.8 346.6 343.3 339.9 336.9 332.9 330 326.9 322.9 320.6 315 310.7 304.1 299 299.2 298.3 298.6 299.6 300.5 301.3 302.3 305.2 308.5 312.4 316 317.7 312.7 304.5 296.8 290.2 285.5 280.1 277.8 285 291.3 296.2 300.8 302.6 304.7 306.9 309.2 311.3 313.3
335.7 343.1 351.5 358.4 364.9 367.5 370.5 373 375.3 378.3 383.1 388.5 393.4 398.4 402.9 404.5 404.3 401 396.9 393.8 392 389.9 387.2 382.2 377.8 374.6 371.3 368.3 366 364.6 362.4 360.3 360.6 357.3 353.8 350.3 347.3 344.4 341.8 338.4 334.9 331.4 329.7 325.7 321.9 317.9 310.6 306.3 302.3 303 303.4 303.8 303.5 307.5 308 308.5 312.7 318.4 320.7 321.1 317.7 308.3 298.7 295.3 290.5 287.3 282.8 278.8 285.7 290.6 294.7 297.9 300.7 302.6 304.9 307.2 310.6 312.1
342.9 349.7 356.9 363.5 371.8 375.7 378.6 380.8 381.5 386.5 391.9 395.8 399.7 404.5 410.3 411.5 407.7 404.5 400.1 396.8 395 392.5 388.3 383.1 379.4 376.2 373 369.8 368.2 365.7 363.1 360.6 360.2 356.8 353.4 350 346.8 343.4 340.8 337.4 333.9 331 330.8 326 320.9 316.7 309.4 309 309.4 308.7 309.5 310 314.7 316 316.5 319.8 321 321.1 321.1 321.1 314.1 304.7 299.7 295.8 292.1 288.9 285.3 281.2 283.7 288.2 292.4 295.3 298.2 300.5 303 305.6 308.7 310.6
350.6 357.4 365.7 373.3 379.4 383.1 386 389.1 391 395.7 399.1 402.5 406 410.8 413.7 413.8 409.8 407 403.3 399.5 396.5 392.8 389 384.7 381.4 378.3 375.2 370.9 368.7 366.5 364.2 361.7 358.7 355.6 352.2 349 344.9 342.3 339.5 335.9 332.8 330.3 326.6 321.4 318.8 317.1 316.5 318.1 319.2 320.9 321.1 322.4 322.8 322.6 323.3 324.8 322.5 320.8 320.8 313.3 307.5 304.4 301.6 297.7 293.9 290.7 288.3 284.7 284.5 287.9 290.7 293.2 295.9 299.8 302 304.2 306.5 309.7
361.9 369.5 375.7 381.1 387.2 390.6 394.5 400.7 401.9 404.4 405.4 408.1 411.6 415.3 418.2 417.1 412.6 409.1 405.1 401 397.3 393.6 390 387 383.8 380.6 376.3 371.7 369 366.7 364.1 360.8 357.3 354.5 351.1 347.8 342.9 340.3 337.6 333.9 330 328.9 326.8 323.6 321.3 320.8 324.5 325.4 327 328.2 328.4 329.5 328.9 327.7 328.5 329 324.9 320.1 317.7 312.4 307.7 304.5 301.1 298.5 294.6 291.2 289.6 287.2 284.7 286.9 289 291.7 294.8 299 301.3 303.7 306 308.8
375.2 380.6 385.8 391.2 397.3 403.7 408.8 411.2 411.9 412 412.8 414.9 417.6 420 421 420.7 415.9 410.5 406.3 402.1 398.6 394.9 392 388.9 385.1 381.1 377.3 372.4 369.3 366.5 363.5 359.8 356.2 353.1 350.2 346.6 341.1 339 337 334.6 331.3 330.1 330.3 328.4 328.7 329.5 332.1 332.8 335 336.4 337.6 337 336.3 333.4 332.1 329.4 324.9 320.4 315.8 311.6 308.6 305 301.1 298.1 295 291.6 289.5 287 286 287.9 288.8 291.2 295.3 300.4 301 303.3 305.6 308.1
386.4 391.7 399.4 405.5 411.5 417.4 418.7 419.7 419.8 419.4 420.9 424.2 424.6 423.1 422.8 421 417.7 410.5 407.2 403.3 399.8 396.2 392.6 389.4 385.3 381.5 378 373.6 369 366 362.6 358.9 355.6 351.8 349.4 346.6 343 340.6 338.6 337.3 336.4 335.4 334.4 334.5 336 337.9 339.4 340.7 342.2 342.2 342.7 341.8 340.8 336.8 330.2 327.7 323.2 319.3 316.1 312.3 308.6 304.8 301.2 297.9 295.1 292 289.7 288.2 287.6 289.6 290.3 291.8 295.8 299.9 300.7 303.1 305.4 309.3
402.1 408.2 415.8 421.9 425.3 428.1 428.9 428.1 428 428.2 430.3 431.3 429.3 427.7 424.6 421.5 417.3 410.5 407.2 404.4 401.1 398 393.9 389 385.6 382 378.1 374 369.7 365.4 362.1 358.8 354.9 350.5 349.1 348 346.6 344.3 343 341.6 340.3 340 340 340.6 342 343.5 344.9 346.2 346.9 345.7 344.5 343 340.6 335.2 329.1 326.6 323.5 320.3 316.7 313 309.2 305.5 302.2 298.8 296 293.4 291.2 289.2 288.8 290.2 292.3 294.5 296.9 298.6 300.7 303.1 306.7 311
419.6 427.2 432.3 435.7 439 437.6 436.9 436.2 434.8 434.5 434.6 432.7 431.8 429.7 425.8 420.7 415.6 409.8 407.4 404.4 401.3 398.2 393.1 388.6 385.2 381.8 377.8 373.8 369.7 365.4 361.3 358.9 356.7 352.9 352 351 349.6 348.2 346.7 345.1 344.3 343.8 343.9 344.9 346.4 348.2 350.7 350.8 350.3 348.4 346.5 343.9 340.4 336.3 331.5 327.7 324.5 321.2 317.4 313.6 309.8 306.1 303.3 300 297.4 294.8 292.8 290.8 290 291.9 294.6 297.2 299 300.7 300.3 304.2 308.4 311.9
435.4 441.3 446.9 447.2 446.4 445 443.9 441.9 440.3 438.9 437.2 434.6 431.5 430.3 425.2 420.1 415.2 410.2 406.2 402.7 400.1 396.7 392.3 388.2 384.7 381.3 377.5 373.5 369.4 365.6 360.9 360.6 359 356.3 356.2 354.3 352.7 351.3 350.2 348.7 347.9 347.4 347.7 348.9 350.7 352.4 353.5 353.7 354.2 352.3 350.3 347.1 344.1 338.5 333.5 328.8 325.4 321.9 318.1 314.3 310.5 307.8 304.4 301.1 298.7 296.3 294.5 292.6 293 295.1 297.7 299.6 300.9 301.6 302.5 305.9 310 313.4
449.7 457.4 462 459.4 453 452.4 450.4 448.1 444.6 442.3 439.6 436.9 433.4 429.6 424.5 419.3 414.4 409.1 405.1 401.2 398.8 394.9 390.9 387.6 384.2 380.8 377.2 373.8 370.2 367.6 364.4 362.9 362.2 360.7 359.5 357.7 355.9 354.3 353.7 352.5 351.5 351.1 352.2 352.5 354 355.3 356.4 356.8 357.4 356.9 354.9 352.5 349.1 342.9 336.3 331 326.3 322.5 318.7 314.9 311.1 308.9 305.5 302.5 300.4 298.6 297.3 295.8 295.9 297.8 300.4 300.8 301.9 303.6 305.2 308.1 310.1 313.8
463.7 470.4 470.4 469.5 465.1 460.1 455.6 451.5 447.5 444.4 441.2 437.3 432.5 428.1 424 418.6 413 408 404.1 400.7 396.9 392.9 390.7 387 383.5 380.8 377.2 373.4 369.5 370.9 368.7 366.6 365.4 364.7 362.9 361 359.4 358.1 357.4 356.3 355.1 355.3 356.9 356.2 358.9 359.9 361.4 363.7 366.1 366.6 365.1 362.4 356.5 349.2 338.8 333.3 328.3 323.9 319.6 315.8 312 309.2 308.2 306.3 304.7 302.1 300.7 299.6 298.7 299 300.7 302.6 304.6 306.5 308.1 310.2 312.5 315.2
472.3 475.9 478.4 477 469.9 465 458.8 453.2 449.3 445.2 441.1 436.6 431.6 426.8 422.1 417.4 411.7 408.3 404.4 400.6 396.8 392.8 389.9 387.4 384.3 380.9 377.6 375 373.7 373.5 372.2 370.8 369 367.8 365.8 365.2 364.1 362.4 361.8 361.6 361.1 360.7 363.5 365.8 368.6 371.3 371.7 375.5 377.4 375.5 371.6 366.8 359.8 350.4 340.7 335.5 330.5 326.4 322 317.5 314.7 312.4 313.3 311.2 308.6 305.9 303.4 302.1 301.9 301.2 302.7 304.6 307.1 309.7 312.5 314.2 315.9 318.1
475.6 479.3 482.2 481.1 474.3 465.8 459.5 453.6 448.7 445.1 440.4 435.9 431.1 425.9 421.1 416.5 412.1 407.9 404.2 400.5 396.7 392.8 389.4 389.7 387.1 382.7 378.9 376.7 376.5 376.3 375 373.7 372.3 370.7 369.4 369.2 368.8 367.6 367.7 369.3 370.3 373.3 375.8 378 381.7 383.5 384.5 385.9 383.9 380.2 375.2 368 357.1 348.4 342.8 337.5 332.6 328.7 324.4 321.3 319.1 317.4 317.9 318.4 315.8 311.9 309.9 308.5 308 307.4 308.4 310.8 314.3 317.4 318.3 318.9 320.6 322.1
477.9 482.7 484.4 481.3 472.6 464.8 458.7 453.1 450.2 444.8 440 435.3 430.6 425.4 420.3 416.1 411.8 407.5 403.8 400.1 396.4 392.7 390.9 389.2 388.1 383.9 380.5 379 379.4 379.1 377.9 376.9 376.1 374.7 374.8 375 375.5 376.4 378.4 380.8 383.8 385.1 388.6 389.8 391.9 390.8 391.2 390.9 387.3 382.2 374.1 365.9 355.7 348.2 343.8 339.2 334.2 330.2 328.2 325.6 323.9 322.3 322.8 323 322.8 322.1 320.9 319.1 318.4 319.8 321.6 324 325.4 325.6 324.9 325.2 325.7 327.6
478.4 482.1 481.6 479 469.2 464 457.9 453 448.5 444.6 439.6 434.8 430 425.3 419.9 415.1 411.4 407.2 403.4 399.7 396.3 393.3 391.1 388.1 386.9 384.6 383.2 381.4 381.3 380.5 380.6 380.6 380.2 380.7 380.8 381.1 383.6 386.4 389 391 393.2 395 395.3 394 392.9 392.2 391.6 391 385.5 379.2 370 363.4 355.6 350.3 345.7 340.4 335.8 332.5 330.9 331.5 329.7 327.9 327.5 327.5 326.8 326.3 325.5 325.3 326.1 327.7 329.4 332 334.1 334.9 336.2 335.7 334 335.2
476.3 479.8 479.3 475 468.9 461.8 455.9 452 448.1 443.9 439.2 434.4 429.9 424.8 419.6 414.2 410.1 406.4 403.3 400.1 397.1 394.2 391.3 389.1 387.3 386.9 386.3 384.9 384.7 384.1 383 384.1 385.2 386.6 386.7 385.7 389.7 393.6 396.1 398.2 399.3 399 395 392 390.3 389.2 388.9 385.2 379.4 374.3 367.1 360.7 356.6 351.8 348.8 343 340.4 337.9 337.6 337.6 336.8 335.6 334.3 332.6 332.9 332.3 331.9 332.9 334.1 337.6 339.6 341 344.1 346.8 347.4 346.3 345 345.6
471.5 474.5 474.7 470.9 465.6 458.6 455.6 451.8 447.6 443.2 438.6 433.7 428.9 423.8 418.7 413.7 408.8 406.3 402.8 399.7 397.2 394.6 391.6 389.6 387.9 387.7 387.2 386.9 388.1 388.5 388.1 389.2 389.6 390.1 390.2 390.4 393.9 398.3 400.4 401.1 401.1 398 393.6 389 385.1 382.6 379.6 377.3 375.5 371.1 366.5 360.8 357.1 354.4 351.2 348.1 345.2 343.3 342.3 341.9 341.5 341.4 342.8 340.4 338.8 338.4 339.9 341.2 342.4 345.3 349.2 352.3 355.1 356.4 355.5 354.4 353.3 353.3
