data/340000-760000.asc
ncols 200
nrows 200
xllcorner 340000
yllcorner 760000
cellsize 50
[rows 140 to 174 of 200, columns 78 to 155 of 200]
298.7 291.5 279.8 267.4 262.5 258.9 257.1 241.8 229.6 229.4 230.2 227.7 223.4 219.8 215.3 211.1 207.5 203 202.3 201.6 200.8 198.8 197.7 196.6 196.1 197.8 200.5 206.2 206.2 207.8 210.7 211.3 210.6 209.3 207.2 201.4 196.3 200.7 212.7 222.1 227.9 234.1 241.4 251.6 257.1 258.6 260 261 262.1 264.3 266.9 267 266.7 265.1 263.7 263.6 261.8 259.3 256.5 253.7 251.4 245.8 240.8 235.2 228.5 220.5 214 208.2 203.6 198.7 195.3 191.8 188.5 182.8 174.5 169.3 159 158.2
296.7 286.8 276.2 266.8 260.2 253.5 249.4 241.3 232.5 229.8 229.9 227.6 223.1 218.8 212.6 206.7 203 202 201 200.2 201.4 201.3 197.2 196.7 196 194.9 194.6 194.2 198.4 202.9 206.1 206.3 204 201.3 197.2 197.4 208.1 217.4 225.5 229.6 233.4 239.8 247.7 254.6 258.9 262.5 265.2 267.3 269.7 272.2 273.2 273.6 274 273.1 270.9 267.8 265.3 261.9 259.1 257 254.6 249.8 242.6 234.4 225.7 217.9 211.8 206.8 201.5 197.6 194.1 185.3 180.5 180.8 187.2 175.5 160.4 157.7
289.9 282.1 271.8 263.9 255.3 249.5 245.3 240 236 232.2 231.2 226.6 219.3 211.9 205.2 202.8 201.5 200.4 200.5 200.9 202.7 202.6 201.5 198.7 195.4 194.9 194.4 193.5 191.5 196.3 198.5 199.7 199.1 196 200.1 210.6 215.4 220.5 227.2 232.2 237.5 245 251.1 256 260.8 264.8 267.4 271.5 274.4 277.5 280.3 280.8 281.1 279.9 277.4 272 268.4 263.8 260.3 257.1 253.1 245.6 237.1 228.2 220.2 213.2 208.6 204.1 200.1 195.9 189.6 189.2 190.9 188 184.7 176.1 168.9 157.5
283.6 275.6 267.1 261.1 253.5 247.6 242.7 239.1 235.8 231.3 229.4 222.4 213 204.6 202.9 201.3 200.4 200.3 201.2 201.8 204.3 203.9 202 200.8 196 195.3 195 193.9 195.8 193.6 192.7 194.5 195.9 202.1 210.1 213.7 218.5 223.5 229.7 235.2 241.9 247.8 253.2 259.2 263.9 269.1 272.4 275.5 280 282.6 283.9 284.4 285 284.2 280.9 274.8 270.5 266 260.9 252.9 244.8 237.7 230.6 223 216.9 211.1 207.5 204.4 201.8 197.3 195.8 193.6 191.2 187.2 183.7 183 175.8 158.8
277.7 269 260 254.6 249.2 243.3 240.1 236.8 234.4 226.7 223 215.3 206.7 202.2 201.4 202.2 201.6 201.9 202.7 203.5 203.5 203.7 202.4 201.7 200.8 195.4 201.1 200.5 201.9 197.8 188.8 193 202.3 206.6 211.4 216.2 220.8 226.7 232.4 239.1 245.1 250.2 256.5 262.6 268.8 272.6 276.4 281 283.8 286.1 287.2 287.9 286.9 283.7 279.6 275.6 271.3 263.1 256.7 249.4 243.1 236.8 230.1 223.6 216.8 212.9 209.8 207.6 204.7 200.9 198.1 196 193.7 190 186.4 182.9 179 168.4
270.2 258.9 252.6 248.3 244.3 237.9 234.2 232.7 228.7 221.5 213.4 205.4 203.6 204.1 203.5 205.5 206.3 204.5 204 203.6 203.6 204.2 202.1 201 200.5 200.4 201 201.6 199.7 192.3 193.2 200.8 204.8 208.1 212.2 217.7 225.2 231.8 236.9 241.8 247.6 253.2 258.2 264.8 270.6 276.6 280.4 283.1 285.4 287.4 289.8 291.9 291.2 286.6 282.6 278 269 261.3 254.9 248.5 242.2 237 230.6 223.5 223.3 219.7 214.9 211.8 208.5 203.7 201 197.6 193.6 191.5 187.3 183.8 180.2 175.7
258.3 248.5 246.3 244 240.9 234.3 230.4 226.3 216.8 209 205.4 206.2 206.2 206.4 206.1 206.5 206.7 205.1 204.4 203.9 203.8 204.1 204.1 203.9 202.2 201.7 201.4 202.9 195.8 190 199.5 202.4 207.3 210.9 214.3 220.8 228.6 233.2 238.1 244.2 249.1 255.9 261.7 269.1 276.2 280.8 283.3 284.6 287.7 290.2 292.8 294.8 294.5 290 280.8 269.9 262.6 257.1 252 246.8 242.2 237.7 232 232.4 229.2 225.5 221.4 217.9 212.6 207.5 202.2 197.8 194.7 191.3 187.5 183.4 178.8 175
254.3 250 245.4 240.9 236.8 231.3 221.6 212.2 210.3 207.3 209.3 210.5 208.4 208.6 208.3 207.7 207.4 207.5 205.9 206.2 204.6 205.4 204.7 202.8 202.2 202 201.6 195.7 188.3 192.5 200.1 205.4 209.3 212.2 215.8 222.6 229.8 236.7 242.1 246.9 254 260.7 269.9 276.2 280.2 282.6 283.4 285.7 287 288.6 290.2 289.1 284.4 273.2 265.1 259.8 255.4 251.7 248.6 245.6 243.6 239.2 239.1 237.9 235.5 230.6 225.5 220.4 214.7 208.6 202.7 197.9 192.7 189 185.2 181.1 176.2 172.7
250.1 243.4 240.2 235.2 230.3 219.9 211.2 212.8 212.5 210.6 210.2 208.6 207.2 207.8 205.1 202.7 206 207.5 205.8 205 205.4 205.4 204.3 203.8 205.1 202.5 198 186 189.2 199.4 203 206.2 209.6 213.4 218.7 226.2 234.1 240.7 245.7 252.3 260.1 268.3 274.7 277.7 279.6 280.3 280.9 281.8 283.3 283.5 281.8 274 264 258 253.5 250.9 249.3 247.7 246.6 245.3 242.3 243.8 243.8 242.5 238.7 233.6 227.9 221.7 215.7 208.6 202.1 196.4 191 186.1 182.2 178.2 174.4 171.9
246.1 240.1 235 228.1 216.6 207.6 215.5 215 211.8 210.6 207.9 207 205.9 203.7 199.9 198.5 199.1 199.9 200.8 202.5 205.3 204.5 203.5 202.9 202.7 200 194.2 184.7 194.9 200.8 203.6 206.5 211.1 216.3 222.9 229.9 236.7 244.3 251.5 258.3 266 272.4 276.1 277.6 276.8 277.6 277.8 280.1 279.1 273.5 262.9 256.7 250.7 245.8 244.2 243.5 243.9 244.6 244.9 244.6 247.3 249.9 248.8 245.7 241.3 236.6 230.5 223.6 215.5 207.7 200.9 195.5 189.9 185 180.6 176.5 173.5 171.8
242.5 232.8 227.2 211.2 206.4 214.3 213 211.9 209.7 208.1 209.1 207 204.4 201.8 198.6 197.5 196.7 197.4 197.3 199.2 200.9 202.1 204.3 203 200.4 198.1 187.6 190.7 196.2 200.6 203.8 206.9 211.5 217.8 226.1 234 241.7 248.3 255.5 263.2 269.6 273 275.7 275.9 275.7 276 275.8 268.9 262.1 256 250.4 244.8 238.6 236 235.7 236.5 238.4 240 244.7 247.5 252.5 255.7 254 250.3 246.3 240.4 231.6 221.7 213.7 205.7 199.2 194.3 189.6 185 180.2 175.8 173.8 172.3
234 220.6 212 205.8 212.7 211.2 209.9 208.6 207.1 206.6 207.6 205.4 204 201.3 198.4 197.5 196.6 196.1 195.7 195.9 198 199.4 201.8 200.4 198.8 197.6 187.7 167.4 190.4 199.7 203.3 206.8 212.4 220.3 227.8 237.3 243.7 250.6 259.1 265.5 269.7 273.6 275.2 276 276.5 271.7 265 258 251.8 246 240.6 234.4 230.8 229.7 230.4 232.5 235.7 241.7 248 254.4 261.3 262.4 261.2 255.3 246.9 235.2 225.4 217.8 210.9 203.8 199.1 194.1 189.2 183.1 179.6 177.5 174.4 173.4
224.3 215.7 208.9 204.1 205.3 203.6 205.3 205.6 203.8 203.3 203.8 203.7 203.1 202.1 198.3 196 194.1 193.8 193.3 194.1 194.7 195.3 196.6 195.9 195.7 196 190.4 166.8 184.5 197.4 202.9 208.2 214.2 223.2 231.5 238.9 247.6 254.9 260 265.2 268.8 272.5 272.3 270.1 265.3 259.4 253.4 247.6 242 235.7 231 228 227.9 229.6 231 234.7 241.1 248 255.9 261.8 264.5 262.3 254.9 244.1 232.7 225.3 220.4 215.5 209.3 203.3 199.1 194.3 186.7 185.9 183.4 181.2 179 177.4
216.6 211.1 205.9 202.7 198.6 195.9 193.3 191.1 193.5 195.7 199.9 198 198 199.2 195.5 192.6 192.4 191.4 191.3 191.4 192.4 192.6 193.6 193.6 193.3 193.1 189.3 170.9 174 197.2 204.4 209.9 216.9 226.6 234.2 243.2 251.6 257.3 261.3 264.4 267.1 268.6 267.9 262.5 257 250.5 244.2 238.3 231.7 228.5 227.3 228.4 228.3 230.4 233.8 239.2 249.1 254.7 255 254.6 253.6 244.8 237.1 228.8 225 221.5 216.9 212.1 207.1 202.7 198.6 194.4 188.7 187.5 185.2 185.4 182.7 180.3
210.7 206.7 203.6 209.6 197.9 192.5 189.7 186.1 186.5 188.1 190.9 191.6 191.6 192.3 190.1 189.4 189.3 188.8 187.8 187.6 188.7 189.9 189.7 189.7 189.3 188.6 182.5 168.5 171.2 197.5 205.8 214.3 221.4 230.4 237.8 245.7 252.4 258.4 261 262.8 263.8 262.5 258.3 253.3 247.3 241.9 236.8 231.8 229.9 228.5 226.5 222 224.1 224.8 232.9 242.4 249.2 249 247.7 244.2 237.5 230.4 226.8 223.6 220.7 217.7 213.7 209.8 206.1 202.1 198.1 194.1 190.8 190.6 189.1 189 186.5 183.3
205.7 203.5 200.4 212 197.3 192 188.7 186 182.9 182 181.7 181.6 183.5 185.4 185.7 185.7 185.7 184.9 184.5 184.6 185.4 185.6 185.5 186.2 185 181.9 166.1 173.9 192.2 201.5 210 219 225.7 232.9 238.7 244.4 249.7 254.1 257.1 257.5 256.4 253.2 249.7 245.4 240.5 235.2 230.7 227.8 224.4 222.4 219.9 216.8 219.1 220.9 227.3 238.1 243.5 243.6 240.5 231.9 226.7 224.1 223.1 219.8 217 213.7 210.7 207.6 204.2 200.8 196.6 195.3 195.7 195.3 194.6 191 187.4 184.2
200.4 199.3 198.2 207.4 198 194.1 187.6 185.2 183.7 179.6 177.2 177 176.7 178.4 180.6 182 182.3 181.8 182 182.4 181.7 181.9 182.5 183.5 178.3 167.2 164 186.5 195.5 204.2 214.8 221.1 226.8 231.5 236.4 242 245.7 247.7 248.4 246.8 245.9 244.8 241.5 235.5 231.1 226.6 222.3 218.2 214.9 212.4 211.4 209.2 213.6 216.2 218.6 228.2 235.9 230.1 226.7 222.8 220.2 219.1 217.7 215.8 212.8 210.6 207.7 205.2 202.4 199.6 199.9 201.5 203.2 201.3 194 189.2 186.1 183
200.6 199.4 197.3 198.6 203.1 196.4 189.9 188.1 187.4 185.6 173.6 172.6 171.8 171.5 173.1 175.8 175.6 176.5 178.1 178.5 178.3 179 178.5 177.6 169.3 163.5 165.5 188.9 197.8 206.9 215.1 221.5 225.8 229.7 234 236.8 237.1 237.3 237.2 236.2 235 231 225.4 220.2 216.2 214.5 210.3 206.1 204.1 202.2 203.1 205.5 208.8 211.5 217.1 222.6 219.1 219.4 217.1 215.8 214.1 212.8 211.5 210.9 208.9 207.2 205.1 203.4 203.1 204.6 208 208.7 201.9 194.5 190.1 186.3 183.2 180.1
199.9 199 199.5 200.7 201.7 202.9 190.1 184.9 182 174.2 170 168.6 169 167.8 167.2 166.2 166.6 166.7 169.3 171.1 172.9 172.7 172.6 171.9 163 162.4 184.5 189.4 198.9 208.5 214.7 218.9 222.1 225.6 228.7 229.5 229 226.9 223.9 219.9 216.7 213.6 207.9 205.2 202.4 200.5 199.3 197.9 199.1 199.7 201.6 203.1 205.5 208.6 214.3 212.9 213.3 212.9 211.2 209.8 208.3 207.8 208 207.3 205.6 204.7 203.8 204.1 207.3 210.2 207.5 198.9 194 189.5 185.4 182 179 175.6
198.3 198.7 202.5 202.3 201.5 191.9 179.3 165.7 162.5 161.5 162.8 162.7 160.2 160.6 160.3 160.2 164.7 164.6 165.1 164.9 165.2 165.2 165.2 161.5 162 177.5 182.9 188.8 197.5 204.9 210.3 214 217.1 219.8 221.2 220.4 218.2 216.2 212.1 207 203.7 200.3 198.4 197.1 196.2 195.9 195.4 196.8 198 199 200.4 201.9 204.2 207 208.2 208.4 207.7 206.9 206.1 205.1 204.9 206.2 206.8 207.3 205.7 206 206.5 208.9 209.4 203.5 196.5 192 187.9 184.3 181.1 177.3 173.5 169.9
198 197.2 195.9 190.6 187 167.7 163.9 167.5 164.9 162.3 163 162.2 161.6 160.9 160 159.5 159.5 161.2 164.3 163.9 163.9 163.2 160.9 160.4 170.2 175.8 180.1 184.7 191.9 198.5 204.1 208.3 210.9 211.4 209.6 207.1 204.9 202.2 199.3 197.9 196.2 195.7 195.1 194.8 194.4 195 195 195.3 196.7 198.4 199.7 200.8 202.5 205 205.8 204.2 203.3 202.2 202.1 202 204.1 206.1 207.7 208.6 209.8 209.4 210.7 207.8 200.6 193.7 189.7 186 182.3 179.1 171.8 168.6 164.2 162.1
190.1 184.5 172.7 166.5 165.7 164.3 179 184.6 178.2 176.4 175.5 176.4 171.1 166.7 163.3 160.5 159.9 159.2 159 161.3 162.6 159.4 159.8 161.4 165.8 172 177.1 181.2 186.4 192.3 196.8 199.9 200.7 200.4 198.5 196 194.7 193.6 194.1 193.5 193.3 192.9 193.1 192.4 192.3 192 192.2 194.5 195.3 198.3 199 200.1 201.3 200.8 200.5 199.4 198.4 197.8 198.2 200.8 203.4 205.3 208.7 211.2 212.8 210.9 204.8 198.2 192.1 187.8 183.9 179.4 173.3 167 159.6 158.1 155.7 153.4
182.3 182.3 170.9 172 173.4 182.7 190.7 193.5 190.7 188.1 185.4 183 177.6 173.9 170.5 165.9 161.8 159.2 159.2 159.7 160.2 159.1 158.7 160.6 161.6 166.3 174.1 177.7 182.2 184.5 187.6 188.2 188.6 188 187.4 185.2 185.1 185.9 187 188.3 189 189.3 189.3 189.4 189.6 191.8 193.4 196.4 197.3 197.5 197.4 195.8 194.5 193 192.6 193.4 193.5 193.5 192.5 198 201.9 206.1 210.6 213 209.4 201.6 196.2 190.5 184.8 177.7 170.9 162.1 156.7 153.7 152.3 151.6 151.2 150.9
182.3 189.2 190.9 191.6 195.7 202.4 201.5 203.7 200.6 197.4 193.1 190.1 185.6 180.9 176.6 172.7 167.7 161.5 159 158.8 159.2 158.3 157.3 158.7 159.2 162 169.3 175.4 176.8 178.6 179.8 177.1 177.9 177.3 177 177.4 178.9 180.1 181.6 182.2 183.8 186.2 187.6 191.7 193.1 196 197.5 197.2 196.4 195.5 190.9 188.5 186.3 184.8 184.1 184 184.7 184.1 186.2 190.9 197.2 204.2 207.5 204.8 197.9 192.6 186.9 180.6 173.6 164.5 158.1 155.1 153 152.6 153.7 155 155.6 156.8
196.7 202.4 208.9 212.8 213.9 213.4 212.8 211.6 207.7 205.3 200.6 195.5 191.4 187.2 183.3 178 173.9 168.1 161.2 158.2 158.9 157.6 156.8 157 156.9 158.5 161.5 167.7 168.8 169.4 169.1 168 166.2 164.6 164.3 166.4 170.5 173.3 176.8 178.9 178.7 184.4 188.7 192.8 196.4 196.6 195.3 193.5 190.4 185.6 180.1 178.7 177.6 176.7 176.3 176.1 176.1 175.1 177.4 181.8 191.2 196.6 196.2 191.5 187.6 183.1 177.8 171 163.2 155.3 153.5 152.5 155.2 158.8 162.4 163.5 164.1 163
214.9 219.4 224.4 224.2 221.7 220.3 220.6 219.3 216.7 211 206.6 201.6 196.4 192 186.5 181.2 176 171.1 165.2 159.8 158.7 158.8 156.7 156.1 156.4 156.9 158.4 159.5 160.6 159.4 159 159 159.1 159.9 159.3 160.3 161.8 166.7 170.9 174.8 175 182.2 186.8 190.4 188.7 188 186.2 183 179.2 174.7 172.1 170.8 169.8 169.3 167.5 166.3 167.3 165.5 168.5 177.4 182.1 179.8 178.9 177.8 176 173 169 162.9 156.1 152.6 153.4 161.5 165.1 168.4 169 169.1 166.9 165.1
226.8 227.3 228.6 226.4 224.9 225.8 226.4 224.8 220.7 215.2 210.1 204.8 198.5 192 185.8 180 175.5 171.1 165.9 160.7 157.4 156.5 157 156.1 155.6 155.8 159.7 158.4 157.2 156 154.1 152.4 152.2 154 155.7 159 164.3 162.8 164 164.4 173.5 178.4 179.8 179.7 179 177.4 174.3 171.4 168 165.9 164.6 162.2 161 159.6 158.4 158.5 159.2 159.3 163 165.6 163.1 163.2 163.5 164.9 164.6 162.6 159.1 155.1 152.5 155.5 166.6 174.5 176.3 175.6 173.3 170.4 167.6 164.9
228 226.9 225.8 225.4 226.9 229.2 227.7 225 220.9 215.7 210.6 204.2 197.9 191.7 183.6 177.5 173.3 169.6 165.8 163 157 156.9 156.9 156.2 155.5 155.2 156 155.1 154.3 154.6 153.1 151.8 151.4 152.3 154.9 160.7 168 168.7 162.1 161 168.6 171.1 170.6 170.2 167.8 164.2 161.3 160.9 158.9 158.3 158.2 157.3 157.5 156.5 156.8 156.2 156.6 156.9 156.3 155.5 155.8 156 156.6 156.2 156.3 155.2 152.9 152.8 158.1 168.1 177.3 181.1 180.1 177.5 174.4 170.7 166.8 163.7
227.7 226.6 226.2 227.3 228 227.8 225.9 223.1 219.5 214.1 207.5 200.4 194.1 187.1 179.8 174.4 170.8 167.6 164.8 161.1 157.9 156.8 156 155.4 155.4 155.5 155.3 154.7 154.1 153.6 153 151.6 151.8 152 154.9 162.2 169.1 170.1 163.9 159.6 160.1 161.9 161.6 160.8 159.9 158.8 157.5 157 156.8 156.7 157 157.2 157.6 157.8 157.6 156.9 156.9 156.3 155.8 155.5 154.6 154.9 153.7 153.6 152.3 152.4 153.4 160.1 169.4 177.7 183 183.4 180 176.5 172 167.9 164.3 163
226.6 227.1 228.4 230.8 231.6 230.9 227.5 223.6 218.5 210.9 203 196.1 189.1 182.5 176.5 172.9 169.1 165.5 162 159.6 156.7 156.2 155.3 154.5 154.3 153.5 153.7 154 153.4 153.6 152.5 152.1 151.9 151.9 149.9 155 156.6 157.7 159.5 158.1 156.8 158.9 159.4 159 158.9 158 156.4 156.3 157.7 162 159 159.1 159.1 160.5 162.8 158.9 159.9 157.3 155.8 153.6 153 152.9 153.3 154.1 153.8 155.5 161.7 168.5 177.4 183.2 183.3 179.3 175.9 172.2 168.8 166.3 162.8 164.1
227.7 230.1 235 237.9 238.9 234.8 230 223.9 217.1 208.4 200.5 192.9 186.4 179.8 174.6 169.2 165.3 162.5 159.5 158.1 155.7 154.7 154.4 154.2 153.5 153.2 153.7 152.4 151.6 151.2 152.5 151.6 150.6 149.7 149.3 148.9 148.5 149 149.2 151.2 152.7 155.2 156.8 157 156 154.3 154.4 156.6 156.9 160.3 157.1 155.4 154.6 156.2 157.2 157.4 158 157.5 155.3 153.7 153 153.1 155.7 156.5 158.7 164.2 169.8 176.5 179.6 181 178.6 174.8 171.7 168.4 166.1 163.4 161.1 160.7
232.1 238.1 242 242.6 240.7 235.9 231 223.9 216.1 208.1 199.4 191.4 184.1 177.9 171.3 166.3 162.6 160.3 158.5 157 155.7 154.7 153.6 154.4 153.7 153 152.9 152.2 151.3 150.4 151.1 150.6 148.6 148.6 147.8 146.6 145.9 145.3 146.5 147 146.4 146.1 148.4 150.2 149.3 150 151.7 157.6 156.9 155.4 153.1 152.2 152.6 155.3 156.1 154.3 153 154.1 152.4 152.6 155 157.6 159.8 164.1 170.4 174.7 179.5 181.3 179.8 177.2 173.8 169.8 167.7 165.5 162.5 161.2 159.4 158.2
241 245 246.1 246.2 242.2 237.3 232 225.1 216.7 208.2 199 191.2 182.7 176.5 170.4 165.6 162.8 160.6 158.5 156.9 156.7 155.3 153.9 154 153.8 152.6 152.9 152 151 150.1 150 149.8 148.3 147.8 147.3 146.4 145.5 144.9 145.3 144.6 144.7 144.5 144.7 144.5 145.1 146.1 147.2 150.5 151.2 148.8 149.2 149.7 150.9 151.7 150.6 150.5 151.4 151 152.6 154.4 157.4 160.8 166.3 172.3 178.5 181.2 181.1 178.3 174.9 170.5 167.9 165 162.7 161.5 159.4 158.4 157.4 155.9
246.4 248.2 248.6 248.4 243.5 238.4 233.1 226.2 217.2 208.4 198.4 190.5 183 177.5 173.3 169 165.5 162.1 158.9 156.9 156.3 155.4 153.4 153.3 152.7 152.2 152.2 151.9 151 150.1 148.6 148.2 148 147.5 147.1 146.6 146.2 144.6 144.5 144.4 144.4 143.8 144.3 143.7 143.7 144.6 146 145.6 145.7 146.4 147.4 147.6 147.8 148 148.6 149.3 150.7 150.6 153.5 156.8 160.2 164.4 169.7 174.7 178 178.6 176.2 172.3 168.3 165.4 163 161.2 160.5 158.9 159.2 157.1 156.6 155.9
252.1 253.9 254.4 252 247.6 241.8 234.9 226.9 218.1 209.7 201.7 193.6 187.5 182 177.6 173.4 169.4 165.4 160.4 156.6 155.4 154.6 153.8 152.9 152.5 152.1 151.4 151.2 150.9 150.2 149.5 148.2 147.5 147.7 147 146.4 146 149.6 146.5 142.6 143.2 143.1 143.8 143 142.3 141.6 143 144.6 144.4 144.9 146.1 146 146.3 147 147.2 148.4 148.3 150.7 154 158.4 162.5 167.5 170.3 172.5 174.1 172.9 169.2 166.9 164.6 162.5 161.4 159.4 158 157 156.6 156.3 156.4 155.5
