data/340000-980000.asc
ncols 200
nrows 200
xllcorner 340000
yllcorner 980000
cellsize 50
[rows 0 to 37 of 200, columns 85 to 169 of 200]
26 27.8 30.5 32.5 35 35.5 36.2 37.2 38.4 39.9 41.5 41.7 40 38.5 35.8 34.1 33.3 33.8 34.8 35.7 35.7 35.6 36.1 35.3 36 36.7 37.2 37 36.5 35.9 35.2 32.7 29.3 24.7 20 16.1 11.2 9.4 10.1 10 5.6 -0.9 -0.9 -0.9 -0.9 -0.9 -0.9 -0.9 -0.9 -0.9 -0.9 -0.9 -0.9 -0.9 -0.9 -0.9 -0.9 -0.9 -0.9 -0.9 -0.9 -0.9 -0.9 -0.9 -0.9 -0.9 -0.9 -0.9 -0.9 -0.9 -0.9 -0.9 -0.9 -0.9 -0.9 -0.9 -0.9 -0.9 -0.9 -0.9 -0.9 -0.9 -0.9 -0.9 -0.9
23.1 24.4 25.8 27.2 29 30.3 31.7 33.3 34 35.3 35.6 35.8 34.7 33 32.4 32.9 34.3 35.5 37.1 38.5 38.3 38 37.7 36.7 37.1 37.9 38.7 39.1 38.5 37.9 37.1 35.5 32.8 29.2 25 20.1 14.8 10.6 10.4 13.8 2.3 -0.9 -0.9 -0.9 -0.9 -0.9 -0.9 -0.9 -0.9 -0.9 -0.9 -0.9 -0.9 -0.9 -0.9 -0.9 -0.9 -0.9 -0.9 -0.9 -0.9 -0.9 -0.9 -0.9 -0.9 -0.9 -0.9 -0.9 -0.9 -0.9 -0.9 -0.9 -0.9 -0.9 -0.9 -0.9 -0.9 -0.9 -0.9 -0.9 -0.9 -0.9 -0.9 -0.9 -0.9
20.2 20.7 21.7 22.9 24.2 26 27.9 29.2 29.6 30.4 29.6 29.9 30.3 33.5 34.4 36.1 37.4 38.4 39.8 41.1 41.1 41 40 39 38.8 39.4 39.9 40.9 40.4 39.9 38.6 37 35.3 31.8 28.5 24.3 19.6 14.2 10.4 10.1 6.2 -0.9 -0.9 -0.9 -0.9 -0.9 -0.9 -0.9 -0.9 -0.9 -0.9 -0.9 -0.9 -0.9 -0.9 -0.9 -0.9 -0.9 -0.9 -0.9 -0.9 -0.9 -0.9 -0.9 -0.9 -0.9 -0.9 -0.9 -0.9 -0.9 -0.9 -0.9 -0.9 -0.9 -0.9 -0.9 -0.9 -0.9 -0.9 -0.9 -0.9 -0.9 -0.9 -0.9 -0.9
18.7 19 19.6 20.4 21.6 22.8 24.1 25.3 25.8 26.6 27.9 30.1 32.1 34.5 37.1 39 39.9 41 41.6 42 42.8 42.8 42.5 41.9 40.7 41.5 43.1 43.9 43.6 42.3 40.5 39.3 36.6 33.6 30.3 27 22.8 17.6 12.9 10.5 7.6 1.1 -0.9 -0.9 -0.9 -0.9 -0.9 -0.9 -0.9 -0.9 -0.9 -0.9 -0.9 -0.9 -0.9 -0.9 -0.9 -0.9 -0.9 -0.9 -0.9 -0.9 -0.9 -0.9 -0.9 -0.9 -0.9 -0.9 -0.9 -0.9 -0.9 -0.9 -0.9 -0.9 -0.9 -0.9 -0.9 -0.9 -0.9 -0.9 -0.9 -0.9 -0.9 -0.9 -0.9
18.3 18.9 18.9 19.8 20.5 21.8 23.1 24.7 26.9 27.7 30.2 32.3 34.3 36.6 38.3 39.7 40.6 41.3 42 42.8 43.7 44.4 44.5 44.2 44 44.4 47 48 47.2 44.9 43 40.7 38 35.4 32 28.7 24.9 20.5 16 12.6 6 2.5 0.8 -0.9 -0.9 -0.9 -0.9 -0.9 -0.9 -0.9 -0.9 -0.9 -0.9 -0.9 -0.9 -0.9 -0.9 -0.9 -0.9 -0.9 -0.9 -0.9 -0.9 -0.9 -0.9 -0.9 -0.9 -0.9 -0.9 -0.9 -0.9 -0.9 -0.9 -0.9 -0.9 -0.9 -0.9 -0.9 -0.9 -0.9 -0.9 -0.9 -0.9 -0.9 -0.9
19.4 19.8 19.4 19.8 21.2 23.3 25.3 27.2 28.9 30.6 33.2 34.3 35.8 37.1 38.6 40 40.7 41.5 41.9 42.7 43.2 43.8 44.4 45.8 46.2 47.2 50 51.2 50.6 48.4 45.4 42.8 40.3 37.2 34.7 31.2 27.3 22.9 19.3 16.4 12.6 13.5 11.5 2.8 1.1 0.3 -0.9 -0.9 -0.9 -0.9 -0.9 -0.9 -0.9 -0.9 -0.9 -0.9 -0.9 -0.9 -0.9 -0.9 -0.9 -0.9 -0.9 -0.9 -0.9 -0.9 -0.9 -0.9 -0.9 -0.9 -0.9 -0.9 -0.9 -0.9 -0.9 -0.9 -0.9 -0.9 -0.9 -0.9 -0.9 -0.9 -0.9 -0.9 -0.9
20.1 20.6 21 21.3 22.6 24.6 26.8 28.7 30.5 32.3 34.2 35.2 36.1 37.5 38.9 40 40.6 40.8 41 41.1 42 43 43.4 45.4 47.6 49.2 51.7 53 53.3 51.5 47.7 45.1 42.7 40.1 37.2 33.6 29.7 25.4 22 19.1 17.6 16.2 14.9 13.1 12 4.9 1.3 -0.9 -0.9 -0.9 -0.7 -0.9 -0.9 -0.9 -0.9 -0.9 -0.9 -0.9 -0.9 -0.9 -0.9 -0.9 -0.9 -0.9 -0.9 -0.9 -0.9 -0.9 -0.9 -0.9 -0.9 -0.9 -0.9 -0.9 -0.9 -0.9 -0.9 -0.9 -0.9 -0.9 -0.9 -0.9 -0.9 -0.9 -0.9
20.6 21.2 21.6 22 23.6 26.1 28.3 30.2 32 33.4 34.7 35.6 36.4 37.3 37.9 38.6 39.2 39.3 38.6 39.6 40.4 41.4 43.1 45.5 47.8 50.2 52.5 53.9 54.9 53.9 49.9 47.2 44.9 41.8 39 35.7 31.6 27.9 24.9 22 21.3 20.5 19.2 17.9 16.2 14.2 12 1.4 -0.9 -0.9 1.4 -0.9 -0.9 -0.9 -0.9 -0.9 -0.9 -0.9 -0.9 -0.9 -0.9 -0.9 -0.9 -0.9 -0.9 -0.9 -0.9 -0.9 -0.9 -0.9 -0.9 -0.9 -0.9 -0.9 -0.9 -0.9 -0.9 -0.9 -0.9 -0.9 -0.9 -0.9 -0.9 -0.9 -0.9
20.8 21.7 22.3 23.2 24.3 27.3 29.8 31.2 32.5 33.8 34.6 35.3 35.2 35.7 36.3 36.9 37.6 37.3 36.9 37.4 39 40.8 43.7 45.9 47.9 50.5 52.8 54.8 55.4 54.8 52.1 49.3 46.6 43.3 40.3 37.5 34.4 30.9 27.7 25 24.5 24.2 23.8 22.6 20.9 18.5 17.1 15.5 14.3 12.1 13.1 2 -0.9 -0.9 -0.9 -0.9 -0.9 -0.9 -0.9 -0.9 -0.9 -0.9 -0.9 -0.9 -0.9 -0.9 -0.9 -0.9 -0.9 -0.9 -0.9 -0.9 -0.9 -0.9 -0.9 -0.9 -0.9 -0.9 -0.9 -0.9 -0.9 -0.9 -0.9 -0.9 -0.9
20.2 21.2 22.2 23 24.9 27.7 29.7 31.4 32.9 33.7 33.7 33.3 33.3 34.2 34.8 35.5 36.1 35.6 36.2 37.4 38.9 41.4 44.3 45.9 47.9 50.7 53.2 55.3 55.7 55.1 53.2 50.8 48.3 45.1 41.7 38.8 36.4 33.6 29.2 29.4 28.8 28.3 27.7 26.7 24.9 23.3 22.4 21.1 19.8 18.6 19.1 -0.9 -0.9 -0.9 -0.9 -0.9 -0.9 -0.9 -0.9 -0.9 -0.9 -0.9 -0.9 -0.9 -0.9 -0.9 -0.9 -0.9 -0.9 -0.9 -0.9 -0.9 -0.9 -0.9 -0.9 -0.9 -0.9 -0.9 -0.9 -0.9 -0.9 -0.9 -0.9 -0.9 -0.9
19.5 20.4 21.2 22.7 25.3 27.9 29.1 30.8 31.7 32.1 31.7 31.4 31.5 32.2 33.1 33.9 34.6 34.7 35.9 37.6 39.1 42 45 46.5 48.1 51.2 53.2 55.2 55.4 54.5 53.3 51.6 49 45.9 42.8 39.6 37.4 34.4 34 33.1 32.6 32 31.3 30.2 28.8 28 27.1 26.3 25.3 24.2 1.4 -0.9 -0.9 -0.9 -0.9 -0.9 -0.9 -0.9 -0.9 -0.9 -0.9 -0.9 -0.9 -0.9 -0.9 -0.9 -0.9 -0.9 -0.9 -0.9 -0.9 -0.9 -0.9 -0.9 -0.9 -0.9 -0.9 -0.9 -0.9 -0.9 -0.9 -0.9 -0.9 -0.9 -0.9
19.5 20.2 21 22.2 23.5 26.3 27.8 29.3 30 30.4 30.5 31.1 31.2 31.6 32.5 33.2 34.2 35.3 36.2 37.6 39.6 42.8 45.5 47.4 49.3 51.1 52.8 54.5 55.3 55.5 54.3 52.4 49.6 46.4 43.2 40 37.9 37.3 37 36.6 36.3 35.6 34.5 33.3 32.8 32.6 32.1 31.4 30.1 30 1 -0.9 -0.9 -0.9 -0.9 -0.9 -0.9 -0.9 -0.9 -0.9 -0.9 -0.9 -0.9 -0.9 -0.9 -0.9 -0.9 -0.9 -0.9 -0.9 -0.9 -0.9 -0.9 -0.9 -0.9 -0.9 -0.9 -0.9 -0.9 -0.9 -0.9 -0.9 -0.9 -0.9 -0.9
20.6 21.3 21.8 22.9 24.4 26.3 28.7 29 29.2 30.2 30.7 31.2 31.6 31.9 32.7 33.3 34.5 35.8 36.9 38.4 41.2 43.9 45.5 47.7 49.2 51.2 53.2 55 55.5 55.8 54.6 52.7 50 46.8 43.2 41.2 40.5 40.2 39.9 39.6 39 38.2 37.1 36.5 36.4 36.1 35.9 36.1 35.6 35.1 26.1 -0.9 -0.9 -0.9 -0.9 -0.9 -0.9 -0.9 -0.9 -0.9 -0.9 -0.9 -0.9 -0.9 -0.9 -0.9 -0.9 -0.9 -0.9 -0.9 -0.9 -0.9 -0.9 -0.9 -0.9 -0.9 -0.9 -0.9 -0.9 -0.9 -0.9 -0.9 -0.9 -0.9 -0.9
22.7 22.4 22.8 24.2 26.3 29.3 30.8 31.4 31.9 32.1 32.6 33.1 32.6 32.9 34.5 35.7 36.2 37.2 38.7 40.3 42.7 44.1 45.6 47.4 49.1 51.1 53.2 54.5 55 55 53.6 51.4 49.2 46.7 43.6 42 42.3 42.6 42.6 42.4 41.7 40.7 40 40 40 39.7 40.1 40.4 40.1 38.7 4.1 -0.9 -0.9 -0.9 -0.9 -0.9 -0.9 -0.9 -0.9 -0.9 -0.9 -0.9 -0.9 -0.9 -0.9 -0.9 -0.9 -0.9 -0.9 -0.9 -0.9 -0.9 -0.9 -0.9 -0.9 -0.9 -0.9 -0.9 -0.9 -0.9 -0.9 -0.9 -0.9 -0.9 -0.9
23.6 24.2 24.6 26 28.3 31.4 33.8 35.3 35.3 35.4 34.7 34.1 33.5 34.8 36.5 38.2 38.3 39.9 41.7 43.1 44 44.5 46 47.3 49.2 51.4 52.9 54.3 54.9 54.3 52.3 50.3 48.6 47 44.2 44.1 44 44.4 44.7 45 45 44.7 45.6 45 43.9 44.3 44.1 44.3 43.7 42.4 23.8 1.7 -0.9 -0.9 -0.9 -0.9 -0.9 -0.9 -0.9 -0.9 -0.9 -0.9 -0.9 -0.9 -0.9 -0.9 -0.9 -0.9 -0.9 -0.9 -0.9 -0.9 -0.9 -0.9 -0.9 -0.9 -0.9 -0.9 -0.9 -0.9 -0.9 -0.9 -0.9 -0.9 -0.9
25.5 26.1 26.7 28.5 31.4 35.4 38 38.7 37.7 36.6 35.9 36.1 36.5 38 39.3 40.7 41.7 43 44.7 46 45.5 46.5 46.8 48 49.8 52.5 54.6 56.7 57.2 55.7 53.4 51 48.6 47.1 47 46.8 47 47.2 47.8 48.4 50.1 52.2 54.3 53.4 50.7 49.7 49.4 49.6 49.5 48.6 46.7 5.7 -0.9 -0.9 -0.9 -0.9 -0.9 -0.9 -0.9 -0.9 -0.9 -0.9 -0.9 -0.9 -0.9 -0.9 -0.9 -0.9 -0.9 -0.9 -0.9 -0.9 -0.9 -0.9 -0.9 -0.9 -0.9 -0.9 -0.9 -0.9 -0.9 -0.9 -0.9 -0.9 -0.9
26.5 27.7 28.9 32 36 38.8 40.5 40.9 39.9 38.7 38 38.3 39.8 41.3 42.7 44 45.3 46.6 47.8 48.6 49.3 48.7 48.7 49.7 51.5 54.8 57.5 59.7 60.3 58.8 55.7 52.4 50.7 49.7 49.9 51.1 51.8 53.3 54.7 56.8 59.4 61.4 62.9 59.6 58.3 56.9 56 56.1 55.2 54.1 52.8 24.3 -0.9 -0.9 -0.9 -0.9 -0.9 -0.9 -0.9 -0.9 -0.9 -0.9 -0.9 -0.9 -0.9 -0.9 -0.9 -0.9 -0.9 -0.9 -0.9 -0.9 -0.9 -0.9 -0.9 -0.9 -0.9 -0.9 -0.9 -0.9 -0.9 -0.9 -0.9 -0.9 -0.9
26.4 28.5 31.4 34.6 37.8 41.3 42.8 42.6 42 41.5 40.5 41.5 43 44.6 46.1 47.3 48.8 50 50.8 51.5 51.6 50.9 50.6 51.6 53.6 57 59.9 62.1 63.1 62.2 60.1 57.7 56 56.4 57.3 58.9 59.7 61.1 63.1 65.4 67.2 67.6 66 65.8 64.6 63.5 62.1 61.2 60.4 59.3 58.5 40.7 21.1 -0.9 -0.9 -0.9 -0.9 -0.9 -0.9 -0.9 -0.9 -0.9 -0.9 -0.9 -0.9 -0.9 -0.9 -0.9 -0.9 -0.9 -0.9 -0.9 -0.9 -0.9 -0.9 -0.9 -0.9 -0.9 -0.9 -0.9 -0.9 -0.9 -0.9 -0.9 -0.9
28.8 31.9 34.8 37.6 40.9 44 44.8 44.3 43.7 43.3 43.7 44.9 46 47.5 49 50.3 52 52.8 53.5 54.1 54.2 53.4 52.7 53.8 55.7 58.5 61 63.2 64.5 65.1 64.3 62.9 62.6 64.5 66.2 66.9 67.7 68.5 70.2 71.4 71.4 70.8 71.1 71.3 70.9 69.6 68.3 67.1 65.7 64.8 64.1 57.6 47.9 -0.9 -0.9 -0.9 -0.9 -0.9 -0.9 -0.9 -0.9 -0.9 -0.9 -0.9 -0.9 -0.9 -0.9 -0.9 -0.9 -0.9 -0.9 -0.9 -0.9 -0.9 -0.9 -0.9 -0.9 -0.9 -0.9 -0.9 -0.9 -0.9 -0.9 -0.9 -0.9
31.8 34.5 37.1 39.9 42.8 43.8 44.3 44.5 44.5 44.8 45.2 46.3 47.6 49.5 50.8 52.5 53.4 54.2 55 55.8 56.7 56.6 55.9 56.9 57.7 59.4 62 64.3 65.7 67.5 68.2 68.5 70.8 73.3 75 74.7 73.7 73.3 73.6 74.1 74.3 74.6 75.2 75.8 76.3 76.1 75 73 69.7 68.7 67.8 -0.9 -0.9 -0.9 -0.9 -0.9 -0.9 -0.9 -0.9 -0.9 -0.9 -0.9 -0.9 -0.9 -0.9 -0.9 -0.9 -0.9 -0.9 -0.9 -0.9 -0.9 -0.9 -0.9 -0.9 -0.9 -0.9 -0.9 -0.9 -0.9 -0.9 -0.9 -0.9 -0.9 -0.9
32.8 35.7 38.4 41 42.3 42.6 42.6 42.7 43.2 44.8 46.3 47.3 49 51.3 52.8 53.9 54.8 55.7 56.6 57.9 58.8 58.8 59.5 60 60.7 61.6 63.1 65.4 67.8 70.4 72.5 75.6 78.8 79.9 79.9 79.5 77.3 76.5 76.7 76.9 77.3 79 79 78.9 79.3 79.2 78.2 75.7 72.5 71 -0.9 -0.9 -0.9 -0.9 -0.9 -0.9 -0.9 -0.9 -0.9 -0.9 -0.9 -0.9 -0.9 -0.9 -0.9 -0.9 -0.9 -0.9 -0.9 -0.9 -0.9 -0.9 -0.9 -0.9 -0.9 -0.9 -0.9 -0.9 -0.9 -0.9 -0.9 -0.9 -0.9 -0.9 -0.9
33.8 36.1 38.6 41 40.8 41 41.1 41.4 42.4 44.3 45.8 47.9 50.2 52.2 54.5 55.5 56.5 57.5 58.9 60.8 62.5 63.1 63.7 63.4 64.2 65.4 66.8 69.7 73.3 78.1 82.5 85.3 87.1 84.7 83.4 82.7 81.1 79.5 79.5 80.5 82.3 82.2 81.7 81.1 81.3 81.1 79.8 78.1 75.1 72.9 -0.9 -0.9 -0.9 -0.9 -0.9 -0.9 -0.9 -0.9 -0.9 -0.9 -0.9 -0.9 -0.9 -0.9 -0.9 -0.9 -0.9 -0.9 -0.9 -0.9 -0.9 -0.9 -0.9 -0.9 -0.9 -0.9 -0.9 -0.9 -0.9 -0.9 -0.9 -0.9 -0.9 -0.9 -0.9
33.7 35.7 37.6 38.6 39.1 39.3 39.4 40.9 42.3 43.2 45 47.5 51.1 53.5 56.5 58.3 59.2 61.2 64 65.5 67.9 69 69.6 70.3 71.9 74.1 75.8 81.1 86.3 90.8 93.1 95.2 93.1 89.6 87 85.9 84.8 85.2 85.1 86.5 85.8 84.2 82.5 83.4 84.6 83.6 81.8 80.3 78 75.8 56.8 -0.9 -0.9 -0.9 -0.9 -0.9 -0.9 -0.9 -0.9 -0.9 -0.9 -0.9 -0.9 -0.9 -0.9 -0.9 -0.9 -0.9 -0.9 -0.9 -0.9 -0.9 -0.9 -0.9 -0.9 -0.9 -0.9 -0.9 -0.9 -0.9 -0.9 -0.9 -0.9 -0.9 -0.9
32.1 33.7 34.8 35.5 36.4 37.9 39.2 40.7 42.1 43.3 45 48.5 52.5 56.7 59.6 62.1 62.8 65.6 68.6 71.1 73.9 76 77.7 79.6 80.7 83 88.9 96.6 101.9 103.3 102.7 100.3 96.2 92.4 89.9 88.9 88.4 89.4 89.2 88.5 86.9 85.7 85.4 86.4 86.2 85.5 84.1 82.3 80 77.2 53.3 -0.9 -0.9 -0.9 -0.9 -0.9 -0.9 -0.9 -0.9 -0.9 -0.9 -0.9 -0.9 -0.9 -0.9 -0.9 -0.9 -0.9 -0.9 -0.9 -0.9 -0.9 -0.9 -0.9 -0.9 -0.9 -0.9 -0.9 -0.9 -0.9 -0.9 -0.9 -0.9 -0.9 -0.9
30.1 31.6 33.2 34.2 36 38 39.1 40.3 41.9 44.1 47.5 52.3 55.9 59.5 62.7 64.6 66.9 70.1 73.1 76.1 79.7 82.2 84.7 86.2 89.5 94.3 102 107 109.7 108.9 106.3 102.2 98.4 95.1 92.4 91.9 92 91.5 91.2 89.7 88.2 86.7 87.3 87.2 87.1 86.5 85.4 83.9 81.9 76.7 35.7 -0.9 -0.9 -0.9 -0.9 -0.9 -0.9 -0.9 -0.9 -0.9 -0.9 -0.9 -0.9 -0.9 -0.9 -0.9 -0.9 -0.9 -0.9 -0.9 -0.9 -0.9 -0.9 -0.9 -0.9 -0.9 -0.9 -0.9 -0.9 -0.9 -0.9 -0.9 -0.9 -0.9 -0.9
30.6 31.8 33.4 35 36.9 38.8 39.8 41.1 44 46.2 50.4 54 57.1 60.2 63.4 65.5 68.8 73 76.3 80.1 84.9 88.3 91.4 94 100.1 107 111.4 112.1 112.3 110.4 106.9 102.3 98.1 95 94.3 94.3 94.1 93.7 92.1 90.1 88.3 87.4 87.3 87.3 87.3 87.2 86.1 84.6 82.7 -0.9 -0.9 -0.9 -0.9 -0.9 -0.9 -0.9 -0.9 -0.9 -0.9 -0.9 -0.9 -0.9 -0.9 -0.9 -0.9 -0.9 -0.9 -0.9 -0.9 -0.9 -0.9 -0.9 -0.9 -0.9 -0.9 -0.9 -0.9 -0.9 -0.9 -0.9 -0.9 -0.9 -0.9 -0.9 -0.9
31.9 33.9 37 38.1 39.8 40.8 41.3 42.4 45.5 48 50.9 53.8 56.9 60 63 66.4 70.6 75.1 79 83.3 88.1 93 97.1 101.4 109.1 115.5 116.8 115.4 112.8 109.9 104.8 100.5 97.3 95.9 95.8 96.3 96.2 94.5 92.8 90.9 88.6 87.5 87.4 87.3 87.2 87.2 86.8 85.5 -0.9 -0.9 -0.9 -0.9 -0.9 -0.9 -0.9 -0.9 -0.9 -0.9 -0.9 -0.9 -0.9 -0.9 -0.9 -0.9 -0.9 -0.9 -0.9 -0.9 -0.9 -0.9 -0.9 -0.9 -0.9 -0.9 -0.9 -0.9 -0.9 -0.9 -0.9 -0.9 -0.9 -0.9 -0.9 -0.9 -0.9
36.1 38.3 40.5 41 42.9 42.9 43.5 45.5 46.9 48.9 50.8 54.1 57.2 60.5 64.3 68.4 72.8 77.2 81.9 86.8 91.5 96.8 102 107.9 113.3 116.8 116.4 114.2 110.3 105.9 101.6 98.5 97.6 97.2 98.4 98.5 97 95.3 93.5 90.6 88 87.6 86.9 86.6 86.4 86.2 86 85.6 -0.9 -0.9 -0.9 -0.9 -0.9 -0.9 -0.9 -0.9 -0.9 -0.9 -0.9 -0.9 -0.9 -0.9 -0.9 -0.9 -0.9 -0.9 -0.9 -0.9 -0.9 -0.9 -0.9 -0.9 -0.9 -0.9 -0.9 -0.9 -0.9 -0.9 -0.9 -0.9 -0.9 -0.9 -0.9 -0.9 -0.9
39.3 41.3 42.2 43.8 45 45.1 46.2 48.4 49 50.8 54 56.5 59 63 67.2 71.9 76.9 81.7 85.8 90.7 95.6 100.6 105.1 109.8 113.6 114.2 113.4 110.7 106.5 102.4 99.9 98.9 98.5 99.6 100 99.4 97.4 95.9 93.6 90.5 88.2 87.2 85.5 85.1 84.8 84.6 84.2 84.4 -0.9 -0.9 -0.9 -0.9 -0.9 -0.9 -0.9 -0.9 -0.9 -0.9 -0.9 -0.9 -0.9 -0.9 -0.9 -0.9 -0.9 -0.9 -0.9 -0.9 -0.9 -0.9 -0.9 -0.9 -0.9 -0.9 -0.9 -0.9 -0.9 -0.9 -0.9 -0.9 -0.9 -0.9 -0.9 -0.9 -0.9
41.5 43.9 46 47 47.1 47.9 49 50.4 52.4 56 58.5 59.8 62.1 67 72.6 77.6 82.6 87.3 91.2 94.7 97.8 101.8 105.3 108.8 110.1 110.1 108.3 106.6 104 100.4 99.2 99.1 101.2 101.4 100.6 99 97.4 96.3 93.4 91 88.5 86.9 84.8 83.6 83.1 82.3 82.2 82.2 -0.9 -0.9 -0.9 -0.9 -0.9 -0.9 -0.9 -0.9 -0.9 -0.9 -0.9 -0.9 -0.9 -0.9 -0.9 -0.9 -0.9 -0.9 -0.9 -0.9 -0.9 -0.9 -0.9 -0.9 -0.9 -0.9 -0.9 -0.9 -0.9 -0.9 -0.9 -0.9 -0.9 -0.9 -0.9 -0.9 -0.9
43.6 46.5 48.8 49.3 49.1 50.4 52.6 54.7 57.2 59.8 61.3 62.6 65.2 69.3 74.1 79.3 84.8 89 91.9 95.3 98.4 101.2 104.4 105.3 105.2 105.4 103.7 102.5 100.7 100.6 100.4 101 101.2 100.2 98.7 96.8 95.7 94.8 93.5 91.3 88.9 86.6 84.7 83.4 81.7 80.2 79.5 78.7 -0.9 -0.9 -0.9 -0.9 -0.9 -0.9 -0.9 -0.9 -0.9 -0.9 -0.9 -0.9 -0.9 -0.9 -0.9 -0.9 -0.9 -0.9 -0.9 -0.9 -0.9 -0.9 -0.9 -0.9 -0.9 -0.9 -0.9 -0.9 -0.9 -0.9 -0.9 -0.9 -0.9 -0.9 -0.9 -0.9 -0.9
47.2 48.7 49.8 51.1 53.1 55.5 57.8 58.8 58.6 61.6 64.1 65.7 68.6 70.6 74 78.7 82.7 87 91.3 94.9 98 100.7 101.7 101.8 101.8 102.9 101.6 100.7 100.1 99.8 99.4 98.8 98 96.3 94.9 93.6 93.7 94 92.3 90 87.8 85.8 85.2 84.4 82.5 81.2 74.1 -0.9 -0.9 -0.9 -0.9 -0.9 -0.9 -0.9 -0.9 -0.9 -0.9 -0.9 -0.9 -0.9 -0.9 -0.9 -0.9 -0.9 -0.9 -0.9 -0.9 -0.9 -0.9 -0.9 -0.9 -0.9 -0.9 -0.9 -0.9 -0.9 -0.9 -0.9 -0.9 -0.9 -0.9 -0.9 -0.9 -0.9 -0.9
49 49.6 51.4 53.9 57 59.2 60.7 61.2 61.5 63.3 65.2 67.1 68.6 71.4 74.4 78 82.4 86.9 90.8 94.1 96.8 97.9 98.4 98.6 98.9 100.9 99.9 99.4 98.6 98.2 96.1 94.9 93.9 92.5 91.2 92 92.9 93.1 91.1 88.8 86.5 87.1 85.2 84.8 83.6 82.8 -0.9 -0.9 -0.9 -0.9 -0.9 -0.9 -0.9 -0.9 -0.9 -0.9 -0.9 -0.9 -0.9 -0.9 -0.9 -0.9 -0.9 -0.9 -0.9 -0.9 -0.9 -0.9 -0.9 -0.9 -0.9 -0.9 -0.9 -0.9 -0.9 -0.9 -0.9 -0.9 -0.9 -0.9 -0.9 -0.9 -0.9 -0.9 -0.9
49.7 50.6 53 57.2 60.5 62.4 63.6 63.8 64.4 65.7 67 67.4 69.7 72.1 74.8 77.8 82.2 86.8 90.3 92.7 94.2 94.5 94.7 95.4 97.3 98.9 98.5 98 96.6 94.9 92.3 89.3 88.3 88.7 89.6 90.8 91.8 92 89.9 87 84.9 85.7 83.8 84 85.7 63.4 -0.9 -0.9 -0.9 -0.9 -0.9 -0.9 -0.9 -0.9 -0.9 -0.9 -0.9 -0.9 -0.9 -0.9 -0.9 -0.9 -0.9 -0.9 -0.9 -0.9 -0.9 -0.9 -0.9 -0.9 -0.9 -0.9 -0.9 -0.9 -0.9 -0.9 -0.9 -0.9 -0.9 -0.9 -0.9 -0.9 -0.9 -0.9 -0.9
50 51.7 55.9 60.4 63.9 66 67.6 68.1 68.2 68.2 69.7 71 71.2 73.4 76.1 78.4 82 86.4 89.1 90.4 91.8 92.4 92.9 94.6 96.1 97.8 96.8 95.5 94.2 92.5 89.1 85.4 86.4 87.3 88.5 89.7 90.4 89.9 87.2 83.8 83.1 84.5 85.8 83.5 85.5 -0.9 -0.9 -0.9 -0.9 -0.9 -0.9 -0.9 -0.9 -0.9 -0.9 -0.9 -0.9 -0.9 -0.9 -0.9 -0.9 -0.9 -0.9 -0.9 -0.9 -0.9 -0.9 -0.9 -0.9 -0.9 -0.9 -0.9 -0.9 -0.9 -0.9 -0.9 -0.9 -0.9 -0.9 -0.9 -0.9 -0.9 -0.9 -0.9 -0.9
50.1 52.2 58.6 63.3 67 69.5 71.2 72.1 72.2 71.5 72.2 73.1 73.8 74.7 76.9 78.4 82.1 85.5 86.8 88 89.3 90.4 91.6 94.5 96 96.5 94.9 92.6 91.2 88.3 85.4 83.1 83.5 84.4 86.3 87.6 87.4 87 84.3 80.8 80.8 83.6 85 85.3 84.7 74.8 -0.9 -0.9 -0.9 -0.9 -0.9 -0.9 -0.9 -0.9 -0.9 -0.9 -0.9 -0.9 -0.9 -0.9 -0.9 -0.9 -0.9 -0.9 -0.9 -0.9 -0.9 -0.9 -0.9 -0.9 -0.9 -0.9 -0.9 -0.9 -0.9 -0.9 -0.9 -0.9 -0.9 -0.9 -0.9 -0.9 -0.9 -0.9 -0.9
51.5 54.9 60.3 65.9 69.8 72.4 74.2 75.6 76.1 76.5 76.2 76.1 75.8 76.8 79 80.6 82 84.1 85.3 86.5 87.4 88.5 90.9 92.9 93.7 92.2 90.2 89.3 87.5 84.1 81.8 80.7 80.3 81.9 83.4 84.2 84.2 83.5 81.4 78 79.8 82.3 84 84.4 83.6 85.1 58.1 -0.9 -0.9 -0.9 -0.9 -0.9 -0.9 -0.9 -0.9 -0.9 -0.9 -0.9 -0.9 -0.9 -0.9 -0.9 -0.9 -0.9 -0.9 -0.9 -0.9 -0.9 -0.9 -0.9 -0.9 -0.9 -0.9 -0.9 -0.9 -0.9 -0.9 -0.9 -0.9 -0.9 -0.9 -0.9 -0.9 -0.9 -0.9
54.9 57.5 62.1 67.7 72.8 75.8 76.9 78.3 79.8 79.6 79.5 79.7 79.1 79.4 80.9 81.6 82.5 83.2 84.2 85.2 86.2 88 88.9 88.4 88.1 87.4 86.7 85.8 83.1 80.1 78.2 77.3 77.4 78.4 80.1 80.6 80.8 80.1 78.6 77.3 78.7 80.1 82.1 82.3 82 85.6 71.7 -0.9 -0.9 -0.9 -0.9 -0.9 -0.9 -0.9 -0.9 -0.9 -0.9 -0.9 -0.9 -0.9 -0.9 -0.9 -0.9 -0.9 -0.9 -0.9 -0.9 -0.9 -0.9 -0.9 -0.9 -0.9 -0.9 -0.9 -0.9 -0.9 -0.9 -0.9 -0.9 -0.9 -0.9 -0.9 -0.9 -0.9 -0.9
