data/340000-630000.asc
ncols 200
nrows 200
xllcorner 340000
yllcorner 630000
cellsize 50
[rows 105 to 139 of 200, columns 0 to 77 of 200]
395.8 383.7 371.4 350.1 332 319.1 317 318.3 318.8 319.6 316.3 319.3 321.7 322.6 326.4 331.8 336.2 338.7 341.5 344 344.5 345.7 345.8 346.1 345.1 343.3 345.7 349.5 354 356.5 358.2 358.4 357.1 352.8 346.8 340.3 329.8 325.4 318.7 307.6 294.6 282.6 270 257.3 243.8 229.8 222.7 217.6 211.2 207.6 205.8 204.9 204.7 207.8 206 202.1 198.2 193.9 188.9 181.3 174.2 167.8 161.8 153.4 155 151 147.7 142.9 135.4 128.8 133.8 136.9 143.8 146.4 146.2 143.9 141 138.1
407 393.4 377.1 353.3 338.9 333.3 335.2 336.5 337.7 339.7 338.1 338.6 340 340.9 342.9 345.5 348.5 349.2 350.8 353.7 356.4 358.6 359 360 359.9 358.3 357.8 360.6 362.2 364.2 365.3 365.4 363.1 356.9 352.4 344 335.8 331.7 322.1 309.7 298.4 289 276.2 264.3 249.5 243.6 236.8 229.8 224.5 222.2 220.3 218.1 216.5 217 214 208.8 203.8 200.1 193.9 186 178.2 171.6 165.6 160.1 159.2 147.4 136.7 132.2 130.4 142.1 145.5 149.2 147.6 153.4 152.8 149.8 146 144
412.4 401.2 381.2 357.8 358.1 354.4 353.8 354.5 356.5 355.8 355 355.6 357 356.7 356.7 358.2 358.9 360.3 362.5 364.7 368.8 371.2 371.5 371.8 370.7 369.4 368.1 369.1 369.1 369.4 370.4 370.2 366 360.2 353.7 346 341.1 334.6 323.7 313.5 306.9 296.7 283.7 271.3 265.4 262.2 254.9 246.9 240.5 239.2 236.1 230.9 226.1 224.2 221.3 215.7 210 205 197.3 189.5 184.4 179.1 173.2 165.7 154.1 139.2 135 145.5 151.9 154.6 156.5 158.1 158.3 160.1 159.2 157 156.3 156
418.6 406.6 387.3 382 378.7 373.6 371.8 372.4 371.9 370.1 367.1 368.3 368.6 366.8 367.2 367.5 368.4 371.1 374.9 377.2 378.9 381.3 382.3 382.2 379.9 378.6 376.7 374.4 373.5 373.6 372.4 370 365.9 360.5 355.8 349.2 344.1 336.8 325.8 320.1 313 302.6 290.1 283.1 279.4 273 266.5 258.9 256.7 251.7 244.4 238.9 233.8 228.5 223.8 217.2 212.2 206.6 199.6 192.5 186 180.5 174.1 167.9 152.4 138.9 152.3 159.4 160.2 161.8 164.4 164.2 164.4 165.7 165.8 166.7 169.8 172.8
426.2 414.9 404.3 398.3 392.5 388.6 387.9 385.6 383 379.9 377.1 376.6 376 374.5 373.1 373.8 375.4 379.7 383.7 386.4 388.2 389.5 390.3 389.5 388.4 386.8 382.7 378.5 376 372.7 371 368 364.3 360.6 355.6 350.6 344.7 335.8 329.8 323.9 315.7 306.9 296.3 292.5 287.9 282.9 277.3 272.2 266.3 259.4 253 247.2 241.1 232.6 225.5 218.9 212.2 205.1 195.5 188.4 180.9 177.3 174.5 170.7 152.8 139.4 161.6 166.4 170.7 170.6 172.2 171.9 172.8 173.7 176.7 180 184.4 188.3
432 423.4 415.9 408.2 401.8 400.6 397.7 393.3 388.5 385.4 382.7 380.7 380.5 379.5 378.6 379.8 382.9 386.3 389.8 393.2 394.2 395.3 396.2 396.2 395.7 390.1 384.8 379.9 375.9 372 368.5 365.1 361.7 357.1 353.9 349.5 342.8 336.3 331.4 324.8 317.7 311.2 303.7 299.2 295.4 290.5 284.6 279 271.7 266.2 260.7 253.6 242.2 232 224.3 215.7 208.8 196.4 183.9 178.2 175.2 173 165.9 155.6 141.5 157.3 172.5 180.4 181.3 185.2 186.2 184.8 184.1 185.5 188.7 192.4 197.1 202.2
435.5 428.4 421.8 415 410.4 406.9 404 396.4 391 387.3 384.6 382.5 381.3 380.1 379.5 382.1 385.7 389.2 393 395.6 396.6 397.7 399.5 400.9 397.2 392.6 387.5 379.4 375.2 371.6 365.4 360.7 357.1 354.4 351.2 346.8 340.5 336.3 331.1 324.5 318.2 312.7 307.6 304.4 300.5 296.6 290.9 284 276.4 270.3 262.2 252.5 239.7 228.1 218.1 210 199 185.3 174.9 167.1 161.4 156.8 146.6 142.9 159.7 178 187.3 190 192.2 196.1 197.9 197.1 196.2 197 200.4 204.5 209.7 216.8
437.8 432.2 425.7 418.7 413.5 410.2 405.2 396.4 391.8 388 385 381.9 379.8 378.8 378.9 380.2 384.2 387.9 390.8 391.4 394.2 395.6 398.6 398.3 397 394 388 380.7 373.7 367.8 363.4 357.4 353.2 350.5 347.4 342.6 339 334.8 329.3 322.8 317 313 309.1 306.3 304.4 300.1 294.2 287.7 279.1 271.1 261.2 249.4 234.4 220.7 208.9 198 188.1 175.1 165.8 157.4 147.5 148.1 155.6 167.8 180.5 191.7 199.2 201.3 202.9 206.4 208 207.4 206 206.6 210.8 216.3 222.9 230.1
437.7 432.8 424.4 417.7 412.6 407.7 401.9 396 391.2 387.3 383.2 379.8 376.7 375.4 375.2 376.8 380.1 382.4 384.2 386 387.8 391.3 393.1 393.8 394.2 393 387.1 379.6 371.9 366.7 361.8 354.5 347.5 344 340.3 338.4 335.9 332.5 327.6 321 316.2 312.4 309 307.3 305.3 301.7 295.8 287.1 279.8 270.1 259.2 245 224.2 217.1 203.1 188.1 179.2 167.9 158.8 149.5 162.3 168.9 175.8 186.1 197.8 202.7 206.9 211 214 217.1 217.9 217.2 216.2 217.9 221.8 227.3 234.3 242.9
435.5 428.5 419.1 412.3 407.8 403.8 399 394.4 389.7 385.2 381 376.1 372.6 370.7 370.1 371.5 374 375.7 377.4 379.1 381.1 384.1 386.7 389.2 390.4 389.7 385.2 377.4 369.5 362.9 357.9 350.4 342.1 336.7 334.2 334.3 332.6 329.5 325.8 319.1 315.5 310.6 307.1 306.2 304.4 301 293 284.9 277.4 267.5 254.6 239.8 222.2 205.9 191.2 184.4 173.2 160.2 154.6 171.3 182.1 187.7 195.6 203.6 208.6 213.7 219 222.2 225.3 227.6 227.7 227.3 226.5 228.6 233.1 238.2 246.7 253.6
430.1 421 412.7 407.1 403 399.8 395 391.2 387.2 382.3 377.3 372.2 368.3 365.9 364.7 364.6 367.1 368.7 369.5 371.6 373.5 376.6 379.2 381.8 383.7 384.5 381.3 375.1 367.3 359.7 354.2 346.8 336.9 329.6 329.2 329.4 328.8 326.6 322.8 318 312.4 306.6 304.1 302.9 301.9 297.2 290.5 282.3 271.1 258.8 246.6 230.4 210.2 191.2 184 178 166.5 152.1 166.5 182.7 193.3 201.9 208.1 215.6 222.5 228 231.3 233.7 236.5 238.1 237.6 237.2 237.2 239.5 243.4 248.7 256.2 261.8
422.2 411.3 404.9 400.6 397.4 394.6 390.7 387 383.1 378.4 373.6 367.6 363 360.4 358.5 358.4 358.9 360.8 362.1 363.9 366 368.5 371.3 374.1 376.6 377 375.5 371 363.2 355.9 349.3 341.4 332.1 326.4 324.5 323.1 324.6 323.2 319.5 314.3 307.9 302.5 300.2 299 297.7 293.3 285.9 275.7 261.4 248.8 234.5 215.1 195.8 184.2 176.2 169.2 158.2 161.7 177.4 191.4 203.5 212.7 220.9 228.7 234.1 238.2 241.8 244.8 246.6 246.8 246.4 245.1 247 250.9 255 259.5 264 270.8
414 404.8 399.2 395.6 392.4 389.6 386.3 382.9 378.6 373.8 367.2 361.4 357.4 354.6 352.5 352.6 353 353.8 355.1 356.6 358.5 360.4 362.9 365.1 366.8 367.8 366.6 361.8 356.3 349.6 344 336.1 329.5 324.4 319.7 317.7 319.8 318.7 315.3 310.9 305 299.7 296.2 294.3 293.4 288.9 278.2 265.2 251.5 238.9 223.3 201.4 184.2 173.6 163 159.2 155.7 175.9 188.4 201.8 213.6 222.5 230.9 240.2 245.8 249.3 252.6 254.2 255.1 255.1 253.1 252.8 256.2 260.1 264.1 269.3 274 280.8
405.3 400 395.2 391.2 387.1 384.2 381.2 376.9 373.2 367.2 360.7 355 351.2 347.6 345.7 346.1 346.8 347.9 348.4 349.1 351 351.8 353.3 355.1 356.4 357.6 356.5 355.2 351.7 346 338.6 332.3 327.5 322 317.2 311.1 313.6 313 310.7 306.3 301.6 296.7 290.9 289 287.1 280.5 269.1 253.9 241.9 227.4 206.7 187.6 173.8 162.3 159.8 167.5 177.2 190.7 200.3 210.7 223.6 233.1 244.4 252.7 256.1 259.3 261 262.3 263.6 263.8 262.8 262.9 267.1 270.3 273.5 278.9 285.2 290.8
399.3 395 391 386.3 382.1 377.4 373.9 371.6 366.1 360.2 353.3 347.9 344.1 340.6 337.5 338.9 340.2 341.6 342 342.5 342.3 342.6 343.3 344 344.9 345.4 345.7 346.2 343.2 339.3 333.6 331.7 327.8 321.4 314.6 306.9 305.6 306.2 305.1 302.3 299.1 294.2 287.2 283.3 280 271.6 258.3 241.4 225.8 208.4 190.3 174 163.5 161.6 171.8 181.9 192.4 203.1 213.1 222.5 232.7 246.2 255.4 262 266.2 267.7 269.2 270.6 272.6 272.8 272.9 273.5 277 280.3 283.6 288.4 294.9 301
395.4 390.7 385.8 380.1 375 370.1 367 363.3 358.4 352.1 345.9 340.8 335.5 332.1 327.7 328.6 332.4 335.2 335.6 335.2 334.6 334 333.1 332.4 332.7 333.1 334.3 334.9 332.9 331.3 330.5 329.1 325.7 320.6 314.1 307.1 298.3 299.1 300.4 299.1 295.6 289.8 281.7 277.4 271.4 259.5 243.4 227.4 204.2 189.8 176.3 165.7 165.9 174.5 185.5 196.6 206.5 216.6 226.1 234.9 246.6 257.2 265.3 271.7 276.4 278.1 278.6 279.9 281.6 284.1 284.1 284.5 286.4 289 293.8 298.8 304 310.6
390.8 386.6 381.5 374.6 368 362.7 357.9 354.5 350.8 344.2 338.3 330.2 325 321.5 316.8 318.3 324.4 327.7 328.4 327.8 327.2 324.7 322.9 320.6 319.3 320.8 321.9 322.5 321.9 323.1 324.4 324 322.3 317.6 311.7 305.1 298.8 291.6 295 294.5 290 284.1 274.3 269.2 260.7 242.8 230.6 213.9 195.1 178.7 168.6 167.9 175.4 187.3 198.9 209 219.9 228.1 236.9 245.4 256.5 264.9 273.1 280.1 285.1 289.5 290.8 291.3 293.2 295.2 294 294.2 295.1 298 301.6 307.5 311.8 321.9
383.9 381.7 375.8 369.4 362.7 357.8 350.2 343.8 340 335.4 326 318.9 314 310.1 301.8 309.8 316.7 316.8 316.7 319.6 319.7 316.8 313.4 308.4 306 308.2 309.3 309.8 312.5 315 317.2 317.2 315.9 312.6 308.5 302.2 295.6 288.4 287.8 288.2 283.4 276.6 266.1 255.4 245.1 233.3 216 197.5 184.7 173.4 168.5 171.6 187.8 200.8 210.9 222.2 233.3 242.3 250.5 257.7 266.6 273.7 280.6 286.5 292.6 298.4 301.7 302.7 303.6 304.9 303.6 303.4 303.1 305.1 309.8 316 322 329.5
377.2 375.4 370.2 362.6 358 350.3 341.2 334.5 328 321.9 315.5 309.2 304.9 299.9 293.7 295.7 300.4 295.9 294.6 297.7 300 302.2 301.1 298.7 295.6 293 293.6 296.5 301.1 306.2 308.3 307.9 308.6 305.7 302.2 298.9 292.6 285.4 272.7 276.8 272.7 264.7 250.9 237.8 226.6 217.4 201.3 187.5 177 171.9 171.1 188.4 202.3 213.2 224.3 235.4 246.3 255.9 262.7 268.4 276.1 280.8 286.1 293.4 300.3 305.1 308.7 311.3 312.8 313 311.4 311.9 313.8 317.5 319.5 324.7 329.7 336.8
369.6 367.7 362.4 354.3 349.7 342.3 335.7 327.7 319.1 312.1 305.8 298.8 291.8 284.6 279.6 274.7 274.6 272.5 269.9 272.5 274.3 276.4 279.9 284.6 283.7 278.7 269.1 276.1 289.9 294.8 297.4 297.7 299.6 297.7 297.5 293.2 288.2 281.8 265.6 256.7 256.2 245.8 234.7 221.9 212.6 203.6 187.8 177.4 175 170.8 184.6 202.3 218.3 231.2 238.6 248.3 258 266.2 272.4 278.9 282.9 285.9 291.4 298.5 305.3 309 315 318.2 319.8 321.1 320.7 320.7 320.6 324 330.4 333.5 337.4 345.3
355.3 350.5 341.2 340.2 337.5 331.9 326.2 318.3 311.6 303.3 292.1 283 275 264.8 263.6 254.4 250.1 246.4 245.7 245.5 247.1 248.8 258.1 266.2 265.5 258.9 253.8 263.7 276.6 280.7 284.6 287.2 287.2 289.5 286.5 283.3 280.5 274.9 261.9 243.4 245.9 236.4 225 213 204.5 192.3 181.8 175.9 174.7 180.7 199.8 218.4 233.2 243.1 252.5 257.2 266.1 274.5 281.3 285.4 287.9 289.3 294.8 301.5 307.4 312.2 318.9 321 321.5 323.8 326.2 326.7 328.7 331.9 336.9 341 345.5 350.7
330.1 324.4 315.7 312 313.4 319.2 314.6 306.1 298.6 291.1 274.2 265.8 261 255.5 255.9 255.2 251.5 248.7 243.2 238.4 235.4 233.6 233.5 238.3 241.9 241.8 245 255.9 256.3 260.2 265.1 268.5 272.9 275 273.6 273.1 269.8 266 258 238 232.3 226.7 216.1 206.1 198.1 185.6 178.2 176.2 181.7 199.2 215.4 230.6 243.4 255 261.8 267.4 272.5 279.9 285.8 289.4 290 291.7 297.2 302.7 307.6 311.9 315.5 320.2 321.5 324.7 328.8 331.2 334.4 335.9 339.9 345.2 349.9 353.1
312.6 304.5 301.6 298.5 290.1 291.4 292.1 289.4 276.8 272.9 272.8 273.7 271.7 274.5 263.2 273.8 270 266.3 259.3 254.4 251.6 242.1 231.1 227 224.7 225.6 239.4 243.3 241.2 232.8 239.9 245.5 249.5 253 254.6 253.9 254.2 251.4 247.5 236.7 225.2 218.6 209.7 200.2 190.1 181.8 179 181 196.4 212.4 227.9 241.6 257 264.2 269.1 273 276.5 280.4 285 287 288.2 290.2 295.4 299.2 303.3 304.2 306.1 312 317.7 322.2 327 330.4 331.9 334.2 336.8 343.6 348.3 351.9
320.6 317.5 318.1 315.2 308.5 298 294.5 292.4 290.4 287.4 283.2 282.8 286.7 291.4 282.2 290.7 285 279.6 271.3 267.8 262 255.4 244.5 238.4 231.1 221.5 219.3 219.3 218.2 213 210.8 216.7 225.7 228.1 228.5 228.8 231.2 233.4 231.9 225.3 216.7 210 202.9 193.6 184.5 181.2 182.5 194.8 210.6 221.7 237.1 253.2 261.8 266.3 270.4 273 274.8 277 279.6 282.1 283.5 286.1 289.6 292.4 293.8 295 297.8 303.4 309.6 314.5 319.6 323.5 326.5 325.9 330.1 337.8 343.1 344.4
336.3 336.9 333.1 327.2 323.4 315.2 308.3 301.9 298.8 294.8 291.2 294.6 300.6 303.5 299.3 302.4 295 289.2 282.9 276.8 272.9 266.4 257.1 247.2 241.3 234.3 225.7 217 214.4 211.6 208.6 208.2 206.5 204 204 205.8 207.3 209.5 210.1 207.9 204.3 198.3 192.7 187.5 183.3 182.4 190.1 209.5 223.9 231.4 241.6 257.5 259.6 264 267.5 269 269.6 271 273.4 276 278.7 281 282.6 283.6 284.7 286.7 290.1 296.3 300.8 304.8 309 313.6 315.5 316.3 322.4 328.5 331.2 332.2
359.3 356.6 346.7 337.7 330.1 324.2 318 310.6 307.2 302.8 299.8 307.5 312.1 304.5 312.6 309.2 301.6 296.8 291.4 283.9 276.3 268.3 261.2 251.4 248 241.5 231.9 225 222.5 220.2 217.5 213.1 208.7 205.1 202.5 200.4 197.8 195.8 194.8 193.4 192.3 189.6 187.3 185.3 185.6 187.9 204.4 219.9 230.8 236.4 242.4 248.1 255.2 255.4 258.4 259.5 261.9 264.3 266.7 269.5 272.1 273.9 274.5 275.2 277.5 279.1 283.1 286.8 289.9 295.1 299.3 303.5 306.6 305.5 309.9 314.9 317.3 318.8
374.3 367 358.3 346.3 339.8 332 324 317.6 311.2 307.7 311.6 317.3 316.7 317 319.1 314.4 309 303.1 295 286 276.1 267.3 261.3 258.9 259.2 256.7 252 246.6 243.8 239.6 234.2 229.2 223.5 217.4 210.2 204.9 204 197.8 193.3 192.9 193.6 193.5 193.9 194 192 191.8 207.2 220.3 227.3 230.9 235.8 241.9 244.9 249.1 248.4 248.5 251.9 255.2 258.4 261.7 263.6 265.4 265.8 265.7 267.8 270.3 272.7 276.8 282.1 286.6 290.2 294.1 293.7 293.4 297.6 300.9 306.8 306.9
386.3 377.2 364.8 352.9 346 337.2 329.3 321.3 314.9 313.5 322.1 325.3 319.7 317.4 325.5 320.3 311.7 303.7 294.7 285.5 276.9 270.4 268.9 273.2 276.9 277.4 272.5 269 265.1 259.6 253.9 245.6 235.7 224.4 210.7 218.6 221.6 218.6 212.9 207.3 203.6 203 202 201.4 199.8 196.9 196.9 207.9 215 219.5 224.2 227.8 231.8 236.8 240.1 241.7 245 247.9 249.9 252.3 254.1 254.7 255.8 257.1 258.4 259.5 262.4 266.9 271.2 275.4 278.2 279.1 282.8 285.1 290.1 290.4 293.6 295.8
394.5 382 370.5 357.9 349.8 341.4 332.7 324.4 319.6 322.4 330.6 326.2 310.9 327.6 325.6 320.5 312.4 303 293 284 279.7 282.6 286 289 290.2 288.5 284.9 281.8 274.9 266.9 258.8 249 234.7 217.6 226.7 239.2 244.3 242.9 237.3 223.4 214.2 211.4 209.2 209.6 208.5 205.6 206.3 208 211.1 214.9 219.8 222.6 227.3 230.8 235 238.7 240.6 242.8 243.5 245.1 245.6 245.8 246.9 247.8 248.5 249.7 252 255.8 258.8 262.6 265.4 269.2 272.2 274.6 275.4 278.4 283 284.1
396.1 384.6 370.8 360.8 352 341.7 334 326.9 325.7 333.2 320.8 323.9 335.7 334 328.5 320.4 311.9 299.9 291.8 288.3 292.3 296 298.8 301.1 300.1 297.3 292.2 285.3 277.4 268.8 260.5 247.3 230.7 229.1 244.1 260.1 263.1 259.5 245 229.6 221.8 218.5 217.7 221.2 222.3 223.2 217.8 216 219.3 219.3 222.2 225.3 229.1 231.3 235.3 237.6 238.9 239.3 240.3 241 240.5 239.8 240.5 240.1 240.7 241.3 242.1 243.8 247.4 249.6 253.7 257.9 259.7 261.1 263.8 265.8 269.6 270.1
397.4 384 370.7 360.3 349.8 341 335.9 331.3 333.6 324.6 336.4 345.6 343 337.5 331.2 322.4 309.8 301.2 299.7 303.3 305.2 307.6 310 310.1 308.3 302.9 294.3 286.3 278.2 270 262.5 247 233.6 243.2 260.2 268.2 266.1 257.6 242.3 233.7 227.7 226.6 232.2 237.9 236.7 237.2 235.2 232.7 231.2 229.6 227.1 230.9 235.1 237.1 238.5 239.5 239 238.9 238.5 238.3 237.6 236.3 235.3 235.5 235 234.4 233.4 233.7 234.8 238 239.9 242.3 246.6 250 251.1 251.8 255.3 256.4
394.9 381.3 367.8 356.4 348.5 344.4 341.3 337.1 340.8 334.7 350.2 352.4 349.5 344.7 335.7 324.1 313.3 312.6 314.7 316.2 317 318.4 318.6 316.4 311.7 303.3 294.2 286.2 280.1 274.2 265 244.4 242.6 257 271.5 272.4 267.6 253.3 244.2 238.9 237.1 241.9 247.1 246.6 246.8 245.1 244.5 243.8 243 240.7 235.8 235.6 240.6 243.3 243.9 244 243.2 240.7 239.2 238.4 237.3 234.6 232.2 231 230.3 228.9 226.9 226.1 225.9 225.8 227.3 229.7 233 235.8 237.7 238.7 242 240.1
390.4 376.2 362.8 357.3 354.3 351.1 350.6 349.5 345.4 354 360.1 360.4 357.5 350.9 341.5 333.9 329.8 328.4 327.1 328.2 327.9 326.3 324.4 318.7 310.5 302.8 294 288.8 283 273.6 263.6 246.6 250.2 266.8 275.7 275.7 264 255.2 249.8 251.5 254.9 257.8 258.7 255.6 254.5 253.5 252.6 251.6 250.6 246.5 240.3 243.8 247 249.7 250.8 249.5 247.5 245.2 243 240.2 238.6 236.4 232.5 229.3 226.5 223.3 222.1 220.6 219.2 217.7 217 217.6 220 222.8 224 223.1 225.7 222.3
384.9 375.2 373.4 369.6 364.8 364.6 363.6 357.5 352 366.8 369.2 369.3 366.6 361.1 351 348 345.3 340.8 337.2 335.1 334.2 330.1 324.1 317 310.7 301.3 294.1 289.2 282.8 274.1 259.8 244 254.8 268.3 276.1 273.2 264.6 260.8 266.1 268.6 267.5 268.7 265.7 264.7 263.1 261.7 259.6 257.6 255.7 250.8 249.2 250.1 253.8 257 258.1 257.6 255.5 251.9 249.7 245.2 242 238.8 234.9 230 225.8 221.2 218 217.2 215.7 213.4 211.1 208.9 208 210 211.3 208.1 208.9 207
394.4 392.5 388.8 385.5 378.3 378.5 371.9 354.3 369.1 378.7 381.1 379.9 376.8 370.4 365.7 362.1 356.4 350.5 345.9 340.6 335.4 329.4 322.9 315.7 308.3 300.5 294.4 289.9 282.6 273.7 258 252 261.4 271.2 280.8 273.9 270 273.5 280 280.2 277.2 276 274.5 275.7 272.2 267.4 264.9 262.3 258.4 255.3 255.6 256.8 261.6 266 267.6 267.2 264.8 261.6 256.9 253.1 247.1 243.4 238.2 232.3 226.4 220.8 217.2 213.9 212.8 210.4 207.8 203.9 200.5 198 197.3 193.8 194.8 191.6
