data/340000-220000.asc
ncols 200
nrows 200
xllcorner 340000
yllcorner 220000
cellsize 50
[rows 36 to 71 of 200, columns 0 to 79 of 200]
71.9 70.8 69.9 70.7 72.1 74.4 79.8 80.8 84.2 88.1 91 95.7 101.2 105.4 107.2 107 108.1 109.2 107.8 107.4 114.5 121.6 129.8 134.3 137.2 140.7 145.3 149.5 154.3 156 156.8 153.9 151.1 149.8 150 151.4 153.3 153.6 151.4 149 146.2 141.6 136.1 139.6 143.6 144.4 142 145.5 148.6 148.7 145.9 144.5 145.4 148.4 151.4 150.5 150.8 155.4 159.8 162 160.2 158 154.4 155.3 159.2 163.4 167.6 171.8 175 176.8 177.2 173.2 167.7 159.3 147.3 139.1 136.2 143.6 150.7 157.8
71.5 71.3 70.8 70.9 72.7 79 86.7 92.7 93.6 96.3 99.4 103.3 109.4 115.8 116.2 116.4 116.6 118.3 119.1 117.6 116.9 125.1 133.3 140.1 144.1 147.1 150 153.8 156.6 158.2 158.7 157.7 156.7 155.2 154.5 155.4 155.4 153.6 150.8 148 144.8 140.2 135.1 143.4 148 149.4 145 150 151.7 152.4 150.7 149 148.9 151.8 154.8 155.8 156.3 160.6 164.6 165.3 163.8 160.1 156.3 156.5 159.8 164.3 169 173.6 178 179.9 179.3 175.4 168.9 160.9 149.8 141.6 137.7 147.5 155.1 161.8
71.2 70.9 69.8 70.9 75.5 84 94.1 106 109.2 110.2 113.4 116 117.9 122.2 122.6 122.8 124.3 125.8 126.9 127.7 125.9 127.3 135.7 142.9 149.3 153.4 156.2 157.6 159.8 160.2 161 160 159.2 158.6 157.7 157.2 155.9 153.2 150.2 147.3 143.3 138.1 139 145.1 150.8 152.8 150.3 154 156.5 156.9 155.9 154.1 153.6 155.7 158.4 159.6 159.9 165.1 168.2 168.9 166.3 162.4 158.4 158.9 163.2 167.5 171.3 175.9 180.1 182.2 180.7 177.4 170.8 163.3 153.6 143.8 141.7 150.6 158.3 164.6
70.9 70.6 70.2 71.2 79.1 89.9 103.3 116.9 122.7 123.4 123.2 122.7 124.7 126.3 127.7 128.2 130.4 131.9 133.1 134.4 134.9 135.1 137.8 146.6 152.3 157.3 159.4 160.6 162.3 162.8 163 162.3 161.6 160.9 159.6 158.1 155.7 152.9 149.9 146.8 141.7 138.2 143.1 149.2 151.8 154.1 156.6 159.5 160.7 161 161.1 159.1 158.3 160.2 162.6 164.5 164.2 168.1 171 172 169.5 165.1 161.1 162 166.8 171.6 175.6 179.4 182.7 183.7 182.1 178.5 172.7 165.5 157.5 147.8 142.4 151.5 159.4 166
70.2 70.7 70.5 75.7 85.6 98.3 113.9 125.5 132.9 129.4 125.2 124.3 125.8 128.1 130.3 132.8 135.2 137.4 138.8 139.2 141.3 141.5 147.2 151 155.5 159.8 162.2 163.4 163.9 164.3 164.3 163.9 162.7 161.7 160 157.9 155.6 152.6 149.6 145.4 139.7 142.9 147.7 151.7 154.6 157.7 161.4 163.5 164.7 165.7 166.2 165 163.2 164.8 166.7 169 169.6 171.5 173.4 174.1 172.1 167.8 164.2 165.4 170.1 175 179.5 183.1 185.2 185.9 183.3 178.6 173.5 167.5 160 150.3 144.5 151.3 158.5 165.6
69.2 68.3 72.2 81.1 92.2 106.1 119.7 130.2 134.8 127.8 120.7 119.8 120.5 122.9 125.7 129.5 134.1 138.8 141.9 143.9 144.8 146.7 149.7 153.9 157.8 161.2 163.4 165.1 165.5 166 165.3 163.4 162 160.3 157.7 155.5 153.5 149.8 147.5 143.4 144.1 147.6 152.1 155.5 158.5 162 165.4 168 170.2 170.9 171 171.1 169.9 169.7 171.6 173.4 174 174.7 175.4 175.9 174.7 170.9 165.7 169.2 173.9 178 182.5 186.3 188.1 188 184.2 179.1 174.1 168.7 162.1 153.3 147.2 150.5 157.1 164.5
68.8 70.8 78.1 87 98.6 112.4 122 129.1 127.6 121.1 115.1 112.2 111 112.7 117.5 122.1 128.6 133.8 138.2 141.8 143 145.7 150.9 155.7 159.7 162.4 164.9 166.8 167.5 167.2 165 162.7 160.2 157.3 155.1 152.8 150.5 146.2 144.5 146.1 149.4 152.7 156.9 160.4 162.7 166 169.4 172.1 174.1 174.9 174.8 175.4 174.6 174.1 175.7 176.3 176 176.6 177 177.3 176.8 174.7 170.1 172.9 177.5 181.3 184.8 187.3 189.8 189.6 185.8 181 175.4 169.4 163.3 156.2 150.8 149.4 156.2 163.7
70.1 78 81 91.1 103.7 111.7 119.2 121.1 117.9 113.2 106.9 101.6 106.7 109.5 110.2 114.5 121.4 126.5 131 134.8 139.2 145.4 151.2 156.5 161.6 165.2 167 168.7 169.5 167.7 164.5 161.3 158.9 155.7 151.7 149.8 145.8 148.1 149.3 151.3 154 158.2 162.2 165.6 167.1 170.2 173.5 175.6 176.9 177.9 177.9 178 177.5 177.4 177.2 178.2 178 178.7 179.1 179.2 179 177.7 175 175.9 178.6 181.3 184.2 186.1 188 188 185.7 181.9 177.3 170.7 164.3 158.4 157.1 152.2 158.6 166
77.4 77.1 83 93 101.4 105.7 111.4 110 107.3 102.6 98.6 107.7 113.5 116.6 118.4 118.8 118.9 119.3 123.1 131.3 139.9 147 152.8 158.1 163.1 167 169 170.6 171.2 169.4 166.2 162.8 158.7 154.6 151.1 147.7 150.1 152.2 153.8 156.3 159.5 163.6 166.8 169.5 171.5 173.9 176.1 177.1 177.6 178 178.1 177.8 177.4 177 176.7 177.7 178.9 179.5 180.2 180.9 180.9 179.6 178.3 176.8 178.7 181 183.2 185.1 186.7 186.8 184.7 181.7 177.6 172.3 166 162.4 160.2 154.4 159.4 166.5
73.7 75.8 80.7 89.3 94 95.8 98.9 97.4 94.7 96.6 104 110.7 117.3 121.9 124.9 126 126.7 127 130.1 135.6 143.2 149.6 155.3 160.4 164.8 168.3 170.9 172.8 173 170.8 167.1 163.1 158.8 154.5 152.2 150.5 153.9 156.3 159 161.2 163.8 167.7 171 173.2 173.5 174.6 175.8 176 175.9 176.1 175.8 175.6 175.3 175.6 176 176.7 178.2 179.2 180.4 181.4 182.7 181.8 181.5 180.5 181 182.4 184.4 185.8 187.2 187.2 185 182.3 178.4 173.9 168.2 165.6 161.6 156 158.9 164.8
75.7 77.6 79.7 81.8 84 84.3 87.9 93.3 100.4 104.8 110.4 116.4 122.4 127.3 131.1 132.4 132.4 132.5 134.4 139.8 146.2 152.1 157.9 162.8 166.9 170.4 172.8 174.8 174.4 171.8 167.6 163.6 159.2 157 155.1 152.3 157.1 160.5 162.4 164.5 168 170.9 173.3 175.2 173.6 173.4 173.5 173.7 173.9 173.8 173.4 173.1 172.7 172.9 173 175 177.3 179.9 181.3 181.7 183 183.6 183.7 183.8 183.5 184.4 185.5 186.7 187.8 187.6 185.6 183 179.3 174.6 170 167.2 162.4 158 158.3 163.3
79.5 81.5 84.7 86.3 87.6 90.4 95 100.6 106 111.4 117.2 123.3 129.4 133.3 137.4 138.5 138.4 138.6 140.6 144.2 150.8 155.8 160.7 165.7 169.9 173.1 174.7 175.9 175 172.8 169 165.2 163 161.3 159.4 157.8 161 164.6 166.2 168 169.9 171.4 172.5 174 172.2 171.5 171 170.7 170.6 170.4 170.7 169.9 168.7 169.5 170.4 173.5 176.6 179.1 180.5 178.9 182.9 184.2 184.6 185.1 185.3 186 186.5 187.4 188.3 187.5 185.9 183.6 180.5 176.1 172.1 168.8 163.6 162.5 162.5 162.2
84.3 88.1 91.5 94.8 96.9 99.7 103.6 108.2 113.8 118.9 124.8 130.9 136.1 140 143.8 144.5 144.3 145 146.9 150.1 156.1 162 166.1 169 172.1 174.5 175.8 176.2 175.3 173.4 170.7 168.5 167.1 165.5 164.2 164.1 165.3 167.4 168.4 168.5 169.4 169.7 170.7 170.7 169.3 168 167 167.2 167.1 166.9 167.1 165.9 163.7 164.1 167.9 171.3 172 172.5 175.9 179.3 181.3 183.5 184.9 185.9 186.2 186.6 187.4 187.7 188.4 187.1 186.4 184.4 182.3 178.3 174.5 171.1 168.6 168.3 167.8 164.8
94.3 99.1 103.2 106.2 108.2 110 113.1 116.6 121.5 126.8 132.6 138.4 142.7 146.3 149.5 150.3 150.4 151.3 153.2 157.1 162.4 166 168.7 170.4 173 174.5 175.8 175.7 175.4 175.7 174.7 173.7 172.1 170.8 170.5 169.8 168.3 169.5 167.6 167.4 166.9 166.1 165.6 165.2 165.1 164 163 163.1 163.6 163.4 163.4 162 159.6 156.5 158.2 163.7 170.2 175.2 178.9 180.8 182.8 184.5 186.1 186.4 186.8 186.6 187.2 187.6 187.6 187.3 186.8 185.5 183.5 181.1 177.8 175.7 174.3 174.3 173.3 169.9
104.6 108.1 112.3 115.4 117.5 119.2 121.8 124.6 128.8 134.7 140.5 145.4 148.5 151.6 154.6 156.5 157.5 158.2 159.7 163.2 166.7 168.6 170.6 172.4 173.2 173.4 173.8 174.2 174.5 175.4 177 177.6 177.1 176 175.6 173.6 171.4 169 166.6 164.9 162.5 160.5 160 160.5 160.9 160.1 159 159 159.8 159.9 159.5 157.7 155.6 155.7 160.7 167 173.4 177.7 180.6 182.4 184.2 186.1 185.9 185.7 184.2 183.9 185.1 186.4 187.2 187.6 187.1 185.9 184.8 182.6 180.4 179.2 178 177.8 177.6 175.7
105.8 112.4 116.1 120.8 124 126.1 128.3 130.6 134.9 140 145.3 149.5 153.7 157 158.8 161.1 162 163.2 164.4 166.9 168.8 169.9 171 171.5 171.1 170.2 170.4 170.6 173.4 174.4 178.3 181.2 180.8 180 178.1 174.7 172.1 169.3 165.3 161.6 158.1 155.8 155.9 156.3 156.4 155.9 155 154.9 155.8 155.5 154.8 153.9 153.5 157.8 163.3 169.8 175.1 179.2 182.3 184 185.5 184.4 180.9 179.4 179.3 179.1 180.2 181.9 183.5 183.9 184.6 185.6 185.4 184.3 183.1 181.9 181.3 180.9 180.7 179.2
100.3 107.7 113.4 120.4 123.4 126.6 129.6 131.8 136.4 141.9 146.5 151.3 156.1 159.6 161.3 163.2 165.4 165.7 166.4 167.2 167.9 168.8 169.5 169 167.7 167 167.3 168.8 171.4 174.9 178.9 182.5 182.7 181.4 178.4 174.9 172.2 168.1 163.6 159.3 155.6 152.6 151.9 151.8 150.6 151.1 150.2 150.9 150.6 149.3 149.1 149.9 154.2 159.1 165.3 171.6 176.4 180.4 183.2 184.9 185.3 183.9 178.5 173.1 171.8 172.3 172.9 174.4 175.3 177 179.1 183.3 185.2 185.5 185.1 184.4 183.9 183.4 183 181.7
96.4 102.4 107.8 115.5 119 123.5 127.9 132.9 137.4 142.1 146.8 151.7 155.3 158.5 161.5 163.5 165.4 166.5 166.5 166.1 166.9 167 166.5 164.4 163.1 162.5 162.6 167.8 171.8 175 179 182.5 183.4 181.5 178.7 175 171.5 167 162.5 158.6 155.2 152.1 149.9 147.6 146.2 145.2 142.7 143.7 143.6 142.7 143.9 148.3 153.3 159.3 166.7 173.4 178 181.3 183.6 185.7 185.1 183.7 181.3 174.4 163 163.3 164.6 165.9 167.3 174.5 180.5 182 182.9 183.3 183.1 183 182.5 182.6 184.6 183.9
90.2 95.6 101.7 108.5 113.8 120.2 126.2 131.5 136.6 141.3 146.1 150 153.5 156.9 160 162.6 164.7 165.4 165.3 165 164.9 164.4 162.8 159.6 155.5 155.9 163 167.2 171.2 175.1 178.7 181.3 182 181.1 178.8 174.8 170.4 165.9 161.4 158.2 154.8 151.9 150.5 149.2 145.5 140.3 134.9 136.4 137.5 137 139.5 146.3 153.6 159.6 167.4 173.7 178.1 180.8 182.4 183.6 183.4 181.3 178 173.8 168 155.4 156.6 161 169.7 174.6 176.7 177.6 178.4 178.1 178.3 177.9 179.5 182.8 185.8 186.3
82.9 88.1 93.6 101.5 110.3 117.8 124.3 129.1 133.9 139 144 147.7 151.4 155.1 158.4 161 163.3 163.5 163.2 162.9 162.6 160.7 158.7 153.7 149.3 154.2 160.8 166.2 170.1 173.9 177.4 179.6 180 179.9 177.7 173.9 169.4 164.8 160.5 156.5 152.3 150.9 150.6 149.4 147.9 142.9 136.7 131 130.7 131.4 137.8 144.4 151.7 159.4 167.1 173.1 176.9 179.1 180.5 180.3 180.8 179.4 173.6 167.5 163.1 157.1 154.4 163.7 167.7 168.5 168.8 170 171 170.8 171.4 173.7 176.6 181.8 185.7 186
76.6 81.9 90.4 98.3 107.4 115 121.9 126.7 131.9 136.8 141.8 146 149.7 153.5 157.2 159.4 160.8 161.4 161 160.7 159.4 156.9 152.8 147.4 147 153.3 158.3 163.5 168 172.3 175.7 177.1 177.8 177.4 175.8 172.6 168.5 163.8 159.4 154.5 149.5 148.3 148.3 148 147 145.1 139.9 133.1 126.5 129.9 136.3 142.9 150 158.2 166.2 171 174.3 175.6 176.5 175.8 174.4 172.9 170.8 164.9 158.2 151.4 152.1 157.9 159.4 159.7 160.1 161 161.9 163.4 166.5 170.3 176.1 179.6 181.4 184.8
73.5 81.3 88.9 96.3 105.7 113.5 119.9 125.5 130.8 135 139.5 144.4 148.7 152.4 155.4 156.4 157.5 159.2 158.8 158.4 155.1 151.1 145.6 140.2 145.6 150.9 154.8 160.4 165.1 169.2 173.5 174.1 173.8 173.4 171.8 169.7 166.5 162.1 157.4 152.2 147.7 144.9 145.6 146.3 145.3 144.3 142 134.8 126.2 127.2 134.9 141.5 149 157.6 164.4 168.9 170.8 171.5 171 170.3 168.9 167.2 165.4 160.5 154.8 148 144.4 148.8 151.4 151.3 151.8 153.3 154.5 157.8 162.2 169.3 173.9 175.2 178.9 184.5
72.8 80.2 89.2 95.5 105.1 112.6 118.5 124.2 129 133.2 138.2 142.9 147.6 149.6 152.1 152.4 153.4 155.8 156.6 156.1 152.5 145.7 137.9 133.9 143.5 148 152 157 161.9 167 169.9 170.2 170 169.1 167.7 165.8 163.2 160.1 156.1 151.2 146.6 142.2 141.7 142.7 143.5 142.3 138.4 131 122.8 124.7 133.4 141.7 150.1 157.1 162.3 165.8 167.4 166.3 165.2 164.4 162.8 161.2 159.6 155.5 149.3 143.4 139.2 142.3 143.4 143 145 148.4 149.4 153.6 159.3 166 169.2 171.6 176.7 182.1
71 79.1 88.4 95.2 103 111 117.6 122.3 126.1 131.5 137.4 140.4 142.9 145.1 146.8 147.9 149.6 152.6 154.5 153.8 150.4 142.9 134.8 127.9 139.7 145.4 149 154.8 160.3 164.9 166 166.1 166.2 164.8 163.5 161.9 160.1 157.1 153.8 149.7 145.5 141.6 137.5 138.9 140.4 139.9 133.6 124.9 118.3 124.6 132.7 141.7 150.8 155.9 159.1 161.9 162.4 160.9 159.7 158.7 157.4 155.6 153.9 149.1 143.7 138.6 134.3 136.8 137.8 144.6 150 153.4 155.6 156.2 155.8 158.8 163.6 168.4 175.3 178.7
70.4 80.8 90.4 98.1 105.5 112.4 117 119.2 122.7 129.5 133.8 135.1 136.6 138.8 140.9 142.9 146.8 150.6 152.2 150.4 147.1 140.5 131.5 124.9 135.1 140.7 146.5 152.3 158.2 163.6 164.2 164 162.8 162.1 160.9 159.2 157.4 154.7 151.6 147.6 142.6 138.2 134.6 135.2 136.9 136.5 130.9 120.4 116.5 123.1 131.6 141 149.9 153.4 155.4 157 156.7 155.8 153.9 153.6 153.2 152 148.1 143.5 138.4 134.1 130.9 133.7 141.7 149.9 155.6 160 161 162 164.3 166.7 167.5 166.6 170.2 173.8
71.7 81.1 89.1 96.9 102.9 108.2 112.3 115.8 119.7 124.7 127.7 128.9 130.7 133.6 137.2 142.5 145.6 149.1 149.3 146.7 143 137.4 128.8 120.9 130.8 138.9 145 150.8 156.6 161.9 162.3 161.5 159.7 159 158.7 157.2 155.4 153.4 150.1 146.5 142.5 139 134.2 129.7 130.7 130.5 126.7 116.5 113.5 121.7 129.9 139.4 147.7 150 150.8 152 152.2 149.4 145.8 145.1 145.2 145.5 141.3 136.8 133 128.8 128.8 133.6 142.5 152.4 157 159.7 162.7 166.7 169.2 172.1 174.4 176.3 176.8 174
71.7 80.8 88 94.1 99.1 103.2 106.6 110 114.1 118.4 121.7 122.7 125.1 130.3 136.9 142.1 145 147.6 145.8 141.9 137.5 132.9 125.2 117 129.2 137 144.1 149.4 155.2 159.4 160.1 158.5 156.7 155.6 154.5 155.3 154.8 152.7 149.5 146.4 142.7 139.1 134.8 128.7 122.7 123.5 120.3 111 109.6 118.2 126.9 136.1 141.2 143.1 144.5 145.2 144.7 141.5 136.7 136 136.4 137.3 134.3 129.8 126.1 129.5 133.4 132.2 138.8 149.5 153.4 159 164.2 168.7 170.2 171.6 176.3 180.1 182.2 182.4
72.9 79.6 85.6 90.5 94 97.8 100.7 104.2 108.5 112.6 115.5 116.5 122.5 129.7 136.7 142.1 145.8 145.6 143.3 137.7 132.2 127.7 121.2 118.1 127.5 135.1 142.2 148.5 153.2 156.9 157.6 155 152.3 150.8 150.3 151.2 152.8 151.9 149.1 146.2 142.6 138.4 134.1 129.3 118.9 113.8 111.8 105.1 105.8 115.2 122.8 128.4 131.4 133.9 135.4 136.6 135.3 131.5 126.3 125 124.3 125.9 125 123.7 129.4 135.3 142.3 140.2 134.6 144.6 150.2 155.7 161.6 165.6 166.7 169 174.8 180.3 184.1 186.3
75 78.8 82.8 86.4 88.9 92.6 95.2 98.6 102.7 106.5 108.5 115.1 121.9 129 136.1 142.2 143.7 142.9 139.5 134.7 128 122.6 116.8 116.2 125.5 133.3 140.4 147.5 151.3 154.4 154.6 152.5 149.9 146.1 145.8 147.8 149.8 150.3 148.3 145.4 141.6 137.3 133 128 117.2 106.4 103.4 99.3 100.7 109.3 114 116.7 118.7 120.5 122.4 123.9 123.5 119.9 116.2 116.6 121.1 123.7 126.2 130.2 135.8 142.5 149.4 147.8 141.4 140.2 146.6 151.4 157.5 161.3 163.2 167.1 172.5 178.9 184.3 188.6
76.1 77.6 80.4 81.9 84.3 87.3 89.4 93.3 97.2 100.7 107.9 115.8 122.4 129 135.6 140.5 140.9 139.5 136 130.5 123.1 116.3 106.3 116.2 125.5 132.5 141.2 147.5 150 151.8 151.5 149.4 146.8 144.3 142.3 144.4 145.4 146.5 147.4 144.6 140.7 136.3 132 125.3 114.1 104.1 96.7 93.5 92.8 97.6 101.7 104.4 106.8 108.5 109.7 109.3 107.7 114.4 122.1 128.6 133.3 136.1 138.7 143.6 148.2 155 157.4 156.2 150.5 144.7 142.8 147.2 155.2 160.2 162.7 166.8 174.5 180.8 185.7 189.3
73.8 75.2 76.8 78.9 80 83.2 86 89.9 94.8 101.3 107.8 115.3 121.9 128.3 134.5 138.3 138.3 136.2 131.9 125.4 117.1 112 104.4 116.1 127.1 135.2 143.1 146.7 147.6 148.1 148.2 146.3 143.7 142.4 139 139.9 141 142.6 143.9 143.9 139.8 135.3 129.7 121.3 110.6 101 94.5 87.5 89.3 90.8 94.1 98.3 101.8 105.2 108.1 111.7 114.4 123.3 132.2 138.1 143.1 148.8 154.1 156.8 160.4 163.2 164.5 161.5 155.3 149.4 147.5 154.7 156.8 160 165.7 173.4 177.9 183.8 187.6 191.3
72.8 75.9 77.3 79.3 80.1 82 85.3 88.9 94.6 101.4 108.1 114.9 121.6 127.7 133.4 136 135.1 131.6 127.7 120.1 110.6 103.8 107.6 119.8 128.5 135.9 142.6 142.9 143.2 144.1 143.5 142.1 140.1 139.5 136.8 135.8 137.3 138.9 140.6 140.8 138.5 134.4 128.7 120 107.8 97.9 90.6 91.6 100.7 103.9 107.2 108.5 112.3 116 121.1 124.4 126 127.1 136.6 144 151.4 156.3 159.3 162 165.3 168.2 168.4 165.1 159.4 153.2 148.1 154.2 159.1 164.2 166 176.4 181.7 185.9 189.5 193.4
74.4 77.6 78.6 79.7 80.4 81.7 84.7 88 94.2 100.7 107.2 113.8 120.4 126.5 132.3 134.1 131.2 127.5 122.1 114.4 104.2 99.9 111.8 122.2 129.7 136.5 139 138.9 138.7 139.4 139.3 137.5 136.4 136.1 135.8 133.1 134.4 135.7 137 136.6 135.8 133.4 127.5 118.9 106.6 95.8 88.4 90.2 103.8 113.4 117.7 120.6 125 130.4 134.6 137.1 138.8 138.6 138.1 146.7 154.4 158.6 161.2 164.2 167.9 171.3 171.9 169.9 164.5 157 153.2 153 160.3 169.2 175.9 178.3 182 186.5 189.9 195.3
76.3 78.8 79.6 79.5 80.1 80.6 83.2 86.9 92.8 99.3 105.7 111.9 118.9 124.9 130.2 129.7 126.7 122.9 116.9 107.3 98.4 102.8 113 122.6 130.2 134.1 134.3 134.2 134 134.5 134.9 132.4 131.1 133.6 133.6 131.8 130.2 131.3 132.3 133 132.9 132.2 128.1 119.5 106.2 94.3 85.4 95.3 105.6 116.5 126.5 132.8 137.2 139.9 143 145.4 147.1 146.6 147 147.7 154.3 157.7 161 164.3 167.7 171.4 173.5 173.8 169.3 162 158.5 155.8 161.8 173.5 178.6 181.4 184.2 187.4 191.9 196.8
77.6 79.2 79 78.6 79.6 80.1 82.2 85.8 91.3 97.5 102.7 108.5 114.8 121.9 125.1 123.3 121.4 117.9 111.2 101.4 95.1 105.8 115.6 123.4 128.3 129.6 129.2 129.1 129.1 130 131.1 128.6 126.4 129.7 131 130.9 127.9 127.1 127.7 128.6 128.6 128.8 127.2 119.6 107.4 94.6 84.6 91.3 104.4 115.1 125.4 134.2 140.3 142 143 145.9 150 151.5 152.5 154.8 157 159.6 162.4 165.2 168.5 172.1 174.9 176.4 174.2 170.4 166.4 162.6 159.4 172.3 177.6 181.4 184.9 188.6 193.5 199.2
77 78.4 78.1 77.7 78.1 79.8 82.4 85 89.2 94.1 99.1 104.3 108.7 113.1 115.2 117.5 116.1 112.1 106.1 96.3 96 108.8 116 122.2 124.2 124.7 124.7 123.9 123.2 125.3 126.6 123.7 121.5 125.3 128.6 129.6 127.7 123.6 123 124.2 124.3 125.8 124.8 118.3 107.3 94.5 84.8 89.5 101.8 112.6 122 131.1 135.5 136.3 136.5 139.5 145.9 151.1 154.3 157.5 159.2 161.8 164.3 166.2 170 173.2 176.1 178.8 179.9 178.5 174.9 168.8 162.1 170.3 176 179.6 184 188.3 193.1 201.6
