data/340000-490000.asc
ncols 200
nrows 200
xllcorner 340000
yllcorner 490000
cellsize 50
[rows 140 to 174 of 200, columns 0 to 79 of 200]
118.8 117.8 118.7 119.7 119.9 119.2 118.9 119.1 121 126.3 126.1 131.8 143.2 141.9 139.1 141 140.9 137.7 132.8 128.4 116.7 94.4 81.2 68.5 65 62.5 58.8 58.5 57 58.2 59.4 70.3 77 82.9 85 85.2 85.6 85.9 88.7 90.6 85 74.1 81.9 91.9 101 108.5 116.6 130.9 147.4 161.4 165.7 164.1 157.4 155.6 156.8 155.8 157 147.4 131.4 118.4 111.4 105.7 96.1 74.2 57.2 49.3 49.2 50.2 51.6 56.8 64 72.2 84.5 92.1 95.7 107.6 122.4 131.7 138.8 148.6
122 118.8 118.4 118.9 119.1 119.1 120.3 123.4 126.4 132.6 136.7 134.6 143.8 143.2 140.2 141.3 140.9 139.4 137.5 122.4 108 85.6 76 70.3 62.1 63.4 65.7 58.9 57.7 58.1 61.9 70.9 77.8 82.1 82.9 84.2 84.6 86.4 91.2 90.2 83.4 74.4 80.4 89.2 96.1 106.7 115.5 128.2 145.3 158.8 168 162.6 159 162.1 163.9 164 153.6 136 132.8 125.4 113.8 94.7 76.3 62.3 52.2 48.3 47.4 50.3 50.9 58.3 66.6 74.9 78.5 85.4 96.5 109 121.2 128.9 138.2 144
119.9 118.7 118.5 118.3 118.7 121.8 125.8 125.6 126.3 137.3 137.2 134.8 135.6 138.6 139.1 138.1 139.5 140 128.7 111.8 93.8 84.4 75.7 68.6 62.2 64.1 64.9 59.2 57.7 59.1 61.4 69.5 73.5 78.3 81.9 84.1 89.6 90.2 86.7 86.1 81.8 72.7 74.7 82.5 93 105.4 119.3 127 142.2 157.6 159.9 163.4 164.5 163.8 165.9 158.6 145.3 141.8 135.8 113 88.7 76.1 63.4 54.1 49.4 47.8 46.9 48.4 50.5 60.4 65.7 74.2 79.7 87.6 95 104.4 115.8 123.8 131 135.2
119.5 126.3 123.6 124.1 128.2 131.9 129.3 130 128.7 134.5 133.4 134.1 135.4 136 136.4 136.7 137 131.9 118.1 108.7 95.1 86.2 75.1 68.6 63.6 59.6 58.4 57.1 56.5 61.8 65.9 69 74.1 79.4 85.1 90.2 89.7 86.5 84.7 83.7 81.2 74.7 69.4 78.8 90.1 104.1 115.7 126.3 138.1 147.1 154.1 166.9 163.2 157.9 151.9 147.6 144.7 130.4 107.9 95.2 80.1 68.3 57.6 53.4 48.7 47.8 46.7 47.5 53.4 61.9 66.8 73 81.4 89.9 93.6 101.9 112 119.2 124.7 129
126.8 134.7 133.4 134.4 139.8 137.7 130.1 129.1 129.2 129.4 129.2 134.6 135.4 134.8 137.6 140.1 139.4 128.8 127.7 115.1 101.6 88.3 75 68 63.1 56.8 54.9 54.3 57.1 60 63.1 67.4 75 82.2 88.6 89.3 89.1 88 86.9 85.9 82.6 75.6 69.4 78.7 89.2 101.4 113.2 124.7 127.9 140.7 148.7 149.5 151.3 148.1 144.5 141.8 128.7 117.7 108 95.5 83.2 72.4 62.7 51.3 48.8 47.9 47.9 45.9 54.3 61.5 65.1 72.7 83.4 91.1 92.3 98.5 107.4 114.9 118.8 121.2
126.3 140.9 136.1 141.1 140.3 135.5 134.7 134.6 136.6 135.2 133.8 134.2 133.3 132.1 141.5 140.2 139.4 138 136.9 126.3 105.3 92.3 75.9 64.6 58.9 53.9 53.9 53.9 56.6 60.8 64.8 70.2 76.3 83.4 90.9 93.2 93.9 91.8 93.9 90.9 82.1 73.6 69.2 77.7 88.5 98.3 110.2 115 125.3 129.7 137 144.3 150.5 150.6 133.1 126 126.2 124.4 116.8 105.8 97.2 88.4 79.4 67.4 59.1 50.7 47.1 46.3 49.6 58.8 65.9 72.8 78.7 85.6 90.3 96.1 104 113.1 114.7 120.2
125.2 128.4 139.3 141.2 141.6 144.5 142.3 139.7 144.7 140 132.3 126.5 126.3 130.2 132.9 135.2 136.6 141 141.5 127.8 100.6 84.5 68.2 60.6 54.5 53.9 53.9 54.6 57.7 60.7 65.7 70.3 76.6 84.3 92.8 94.9 97.7 100.1 98.2 92.2 84.6 73.9 69 73.6 85.8 94.1 102.7 110.5 121.5 126.8 138.3 142.5 140.5 130.9 119.3 117.9 121.5 125.6 130.4 122.1 111.2 100.8 95.2 83.4 70.3 61.4 52.4 47.7 46.7 54 60.9 68.3 77.4 84.5 88.3 94 101 109.8 110.9 112.5
125.6 126.3 135.7 142.1 143.7 145.9 141.9 136.8 134.6 135.2 132.8 126.6 123.3 121.9 123.4 127.7 131.1 134.1 127.6 109.8 97 78.2 64.4 53.7 53.9 53.9 54.3 55.2 57.9 63.8 69.8 74.6 79.5 85.7 95.1 96.3 100.1 98 93.9 90.8 85 73.7 68.7 68.8 78.7 89.6 97.9 105.3 115 124.9 130.3 128 121.7 118.9 111.6 115 122.2 134.4 140.5 134.3 123.2 116.4 112.5 96.7 66 56.3 50.5 45.6 45.3 51.4 64.3 71 75.8 80.2 83 87.4 95.5 105.2 108.7 105.9
126 130.1 138.7 143.4 146.5 139 133.6 133.9 138.3 141.2 135 128.2 118.1 116.3 119.5 122.5 121.9 118.4 116.1 107.1 89.8 75.1 61.3 54.1 53.9 53.7 53.9 54.8 55.5 62.1 70.7 77.9 81.3 86.6 91.7 94.8 98.2 99.6 97.9 91.9 88.5 75.6 69.1 69.1 74.9 86.7 94 102.4 112.6 114.4 117.3 112.1 104.6 103 107.3 117.2 135.5 144 147.1 140.3 133.6 131.7 115.4 85.5 71.6 60.6 51.1 43.6 45.2 50.6 60.1 68.6 71.9 75.6 80.7 80.3 93.9 99 101.2 105.2
127.2 133.8 134.9 134.6 132 133.3 133.4 137.7 140.4 138.3 139.2 131.3 118 113.5 113.9 115.5 119.1 121.8 117.1 105.6 86.1 73.8 62.6 54.8 56.8 57.9 55 54.1 57 64 69.8 77.6 81.1 86.2 89.1 95.9 98.5 99.2 99.3 102.4 94.7 73.4 68.9 69.4 78.3 86.2 93.6 97 102.2 104.9 105 101.1 101.8 100.8 108.9 118.5 133.1 136.6 143.1 143.1 135.3 117.3 102.3 90.6 78.6 56.3 45.9 42.8 44.6 53.1 59 66.1 69.2 76.3 78.4 81 93.1 95.5 96.8 99.2
129.6 128.7 129.6 129.5 131.3 133.9 131.8 133.1 132 132 132 131.1 121.9 111.8 112.9 115.9 120.2 120.4 107 96.6 84.3 76.9 65.3 54.5 58.3 56.1 54.1 55.7 59.9 64.3 70 75.3 79.9 84.3 87.6 92 95.3 99.4 103.9 101.7 97.3 71.7 70 69 78.2 84.8 90.9 94.5 98.2 99.4 101.8 100.2 100.6 101.9 106.3 114.4 126.8 140.6 147.5 137.2 125.4 108.1 91.4 80.1 64.4 57.4 51.6 43.8 43 49.9 55.2 64.4 70.3 75.2 81 80.8 88.8 93.8 98.7 94.2
131.6 129.9 129.7 130 129.7 131.7 132 132 132 132 132.4 141.1 130.1 113.7 109.6 105.1 103.2 104.2 97.2 87.3 80.2 71.8 60 53.4 52.6 53.3 56.6 60 60.4 62.8 65.4 72.2 79.3 81.9 84.7 88.4 98.2 106 105.3 103.8 90 71.4 69 69.8 75.3 79.4 88.9 92.9 97.1 100.9 98.4 99.3 102.6 104.1 108.9 121.5 136.2 144.4 133.4 117.1 105.6 85.6 76.9 70.1 65.6 65.6 63.7 54.7 41.4 45.1 58.4 64.4 73.1 77.8 80.8 81.5 89.6 94.8 96 95.4
131.6 131.1 130.5 134.3 134.2 132 130.1 133.2 132.4 131.9 129.8 126.4 119.8 110.1 105.3 104.7 107.4 109.1 103.3 92.7 81.9 71.3 60.2 53.3 50.6 52.8 58.8 62.4 61.1 62 64.4 71.8 77 77.7 83.3 95.5 103.4 108.2 109.9 98.3 83 74.2 68.4 65.8 70.9 71.9 85.9 91.8 97.9 95.4 97.2 101.6 109.3 114.4 114.7 125.1 131.1 128.1 118.3 109.8 101.8 96.3 87 80.4 71.2 69.1 65.8 54.4 43.1 45.4 55.2 63.4 73.9 76.7 80.7 80.3 88.2 93.6 90.1 90.3
129.1 133.5 130.7 131 133.3 132.1 136.8 139 134.1 134.9 136.4 128.1 119.6 110.4 109.9 112.5 116.5 113.7 104.3 97.6 87.7 75 60.3 52.9 49.4 53.1 58.4 63.3 61 61.5 66 71.5 70.1 74.9 85.2 97.1 104.9 109.7 101.5 91.4 83.4 75.8 69.1 65 65.5 69.5 81 90.7 91.2 95 97.7 105.2 117.3 134 126.2 120.5 123 117.8 113.4 112.2 109.1 103.2 100.5 91.4 76.2 66 59.2 50.8 42.7 43.8 51 60 68 81.4 79 81 81.1 84.8 86.1 89.7
131.8 136.2 134 131.1 130.4 131.2 137.8 139 136 139.1 135.2 125.1 116 110.7 113.6 115.9 115.5 109.9 110.2 107.1 97 82.4 68.1 54.1 49.6 49 56.3 63.2 61.9 60.4 64.2 61.2 62.7 76.1 87.8 97.8 102.8 97.7 90.7 85.9 81.4 74.9 69.8 66.7 62.8 65.2 75.7 87.5 91.3 93.7 100.9 109.5 119.7 129.8 129.1 116.1 114.5 114.1 118.7 123 123.7 116.6 98.2 78.2 71.5 64.5 55.4 50.2 41.9 41.2 48.5 56.7 63.4 72.6 73.8 74.1 73.8 78.1 86.7 89.9
132.5 131.6 131.4 130.4 129.8 130.2 134.2 135.8 138.2 139.1 133.1 126 115.5 112.1 115.6 120.3 120.8 116.7 118.5 116.7 106.5 88.6 73.4 56.8 49.2 48.6 54.5 60.8 54.2 53.5 57.8 56.2 73.2 81.1 94.5 93.9 89.4 87.7 84.7 81.2 77.9 73.2 68 65.8 60.5 62.8 70.4 85.5 87.2 94.2 102.9 113.7 121.6 130.4 128 115.3 110 117.6 124.4 139 120.8 96.2 89.6 85.2 78.6 70.4 62.8 54.5 43.4 37.6 45.8 53.1 59.3 64.9 69.1 70.3 69.1 77.3 83.6 85.6
132.8 131 130.1 129.9 130.2 133.2 135.2 138.9 140.2 139.5 135.6 130.8 128.3 121 119.4 123.7 125.3 120 121.1 120.9 105.9 90.9 76.9 63.4 57.4 49.5 51.3 54.5 49.1 53 55.7 63.3 79 80.8 84.9 82.7 80.1 81 80 78.7 77.1 73.8 66.3 64.9 61 59.7 65.1 77.4 87.1 94.1 103.4 118.2 121.3 124.5 118 115.3 109.3 115.5 126.8 128.5 111.4 99.2 94.9 92.7 88.2 79.7 68.5 55.8 44.9 35.9 42.3 47.1 54.4 61 62.2 66.9 68.7 77.7 81 80
131.2 129.6 130.1 132.9 132.9 132.4 135.6 140.5 140.3 142.6 143.1 141.1 137 130 122.9 124 124 125.4 125.2 122.1 111.2 101.2 86.9 75 58.7 49 48.2 49.1 51.3 54.5 64.5 69.5 75.3 74.9 76.9 77.1 76.5 76 75.4 77.6 79.6 77.1 68.9 60.9 58.8 57.3 60.5 77.8 86.2 95.4 101.5 114 116.7 113.6 115.9 120.1 106.1 110.7 111.3 112.6 106.9 100.7 99.9 103.8 87 78.9 67.5 58.4 47.6 39.1 39.2 45.4 51.2 54.2 56.2 65 67.6 74.2 79.5 76.2
129.8 131 135 134.8 132.4 130.5 132.1 135.9 139.6 148.2 148.1 145.5 144.8 139.8 132.6 126.4 124 124.6 136 130.4 112.4 96.5 81.7 68.4 54.9 48.3 48 49.7 53.7 60.6 68.7 68.5 67.3 72.7 76 75.5 73.1 70.9 73.3 79.6 82.7 81.6 79.3 66.4 58.2 56.1 57.6 69.7 84.1 95.7 102.3 108.1 115 113.5 112.5 108.5 100.3 103.4 107.7 110.7 109.8 104.7 99.2 93.9 87 80 68.6 61.6 47.4 36.4 38 40.5 41.2 46.1 48.5 61 64.4 68.2 74.1 75.3
131.6 133.2 132.9 133.2 130.7 131 131.7 136.7 145.2 150.1 152.1 148.1 146 144.3 145.3 131.5 129.5 123.4 125.4 110.3 99.3 92.1 81.8 63.1 48.9 48.3 48 50.5 55.3 61.1 60.4 64.3 69.3 73.1 73.2 71.5 65.9 64.6 69.8 79.8 87.8 91.7 83.8 74.1 58.8 54.8 58.7 70.6 79.5 91.3 103.1 105.4 117.5 113 101.3 98.5 100.9 103.5 110.5 108.8 106.6 98.3 96.4 94 89.5 73.3 63.1 52.4 41.6 34.9 35.1 36.2 38.4 41.6 46.5 54.3 58.9 63.6 70.2 75.8
132.2 132.2 130.8 130.6 130.4 131 133.2 139.7 145.7 153.5 160.3 151.8 146.1 141.9 139 129.5 122.4 115.8 108.6 102.9 99.1 84 71.8 61.3 49.3 47.8 47.9 50.8 51.9 54.7 58.8 67.3 71 65.6 64.2 65 63.6 63.6 70.4 76.7 84.2 85.6 77.4 67.1 57.7 53.4 58.7 69.9 84.2 96.9 102.9 104.4 103.3 102.3 94 96.3 99.6 101 98.5 100.2 101.6 94.4 94.2 87.4 79.1 62.2 53.1 45 40.2 34.3 34.5 36 38 40.9 48 53.4 60.7 65.2 64.1 70.2
131.8 132.3 130.9 130.5 131 134.1 139.2 141.1 146.4 154.7 153.1 146.9 139.8 137.7 130.7 123.9 123.9 116.6 110.8 105 96.2 87.1 82.5 72.5 54.6 47.9 47.6 48.5 49.3 54 61.3 66.5 64.8 63.5 63.6 63.6 63.6 66.9 71.4 76.5 75.3 75.5 67.3 65.2 61.1 53 58 72.5 85.8 101 107.9 102.1 95.3 98.1 92.5 91.3 95 97.6 102.1 97.7 91.6 85.5 80.4 75.9 70.9 59 50.8 44.9 40.5 33.7 33.7 36.8 41.5 44.3 50.4 55.6 62.5 69.7 69.9 65.5
132.3 132.7 130.7 131.3 131.7 131.5 134.1 145.7 142.9 145.1 148.6 143.8 137.3 129.9 130.1 134.5 131.2 118.4 104.8 104 98.5 90.9 84.4 72.7 59.6 47.7 47.7 49.8 52.9 57.6 62.7 65 64.4 64.2 64.1 67.2 73.3 72.8 69.3 71.1 72.4 69.4 71.9 66.7 57.5 49.6 56.6 70.9 86.2 101.2 101.3 102.5 92.3 90.9 88.3 88.3 93.7 102.4 96 86.7 82.9 79.3 73.7 70.1 66.8 60.2 54.2 49 41.5 33.8 33.5 40.3 40.3 41.7 49.6 56.6 65 73.5 73.3 65.9
138.3 135.3 132.3 132.2 130.8 130.6 132.7 133.9 135.4 136.2 134.2 136.6 138.3 134.5 136.7 138.4 131.8 115.3 99.8 97.7 93.4 81.6 69.5 55.5 47.1 47.8 47.8 51.2 56.5 59.4 62.1 69.4 71.8 68 69.5 75.7 80.8 74.7 67.7 67.7 71.7 68.5 62.8 60.1 53.5 49.5 57.1 71.1 81.8 91.2 99.1 100.6 94.3 86.1 84.5 87.9 98 93.5 85.4 81.3 76.4 74.6 69.1 65.9 64.7 59.4 49.6 43 36.3 32.7 32.5 35.1 36.1 40.8 50.1 57.4 64.2 72.4 77.8 67.3
142.6 139.9 137.2 131.2 131.8 132 127.2 127.4 131.6 134.5 134.2 137.6 139 141.2 140.1 138.5 130.7 114.8 97.5 87.6 74.6 64.9 58 52.2 48 46.1 49.3 55.9 59.9 59.9 62.4 71.2 78.1 77.3 80.4 85.9 78.2 67.8 67.7 67.3 67.3 62.2 60.6 58.1 52.5 49.6 53.8 65.5 75.8 84.1 93.6 99 100.5 85.1 82 89.4 87.8 84 81.9 79.1 72.7 69.3 66.2 62 60.6 53.7 44 37.4 33.9 34.4 31.5 32.6 36 43 50.5 56.2 62.3 70 74.7 69
146.5 145.6 142.5 136.7 134.5 131.2 127.2 127.2 127.5 129.9 129 138.6 150 146.4 138.7 136.4 131.4 110.4 91.7 81.4 73 68.3 62.8 53.3 47.5 46.9 50.8 57.7 59.3 61.3 66.9 79.4 82.6 85.4 82.3 79 71.9 66.3 64.2 63.8 64.2 60.7 57 53 53.1 47 48.7 58.7 67 76.6 87.2 93.4 97.9 85.5 80.9 79.8 80.5 82 80 76.5 70.8 64 59.2 55.4 52.3 45.1 38.2 43.1 46.2 47.8 34.2 32.1 37.8 41.6 47.7 52.7 58.2 65.8 70.7 66.5
150.2 150.4 147.9 142 133.5 130.3 127.2 127.2 127.2 127.5 137.3 145.3 145.2 137.8 135.5 129.7 121.8 103.5 89.6 79.9 70.8 62.4 50.9 46.5 46 46.5 50.2 56.5 59.2 66 73.5 79.6 81.5 81.3 77.6 72.6 67.9 65.9 65.1 64.8 63.8 61.3 61.1 60.7 59.2 48.3 47.3 49.8 58.1 71.6 82.8 90.8 92.3 88.1 77.1 73.3 73 79 77.7 70.1 64.3 57.3 50.5 47.9 44.4 40.7 42 50.3 53.3 48.2 34.1 30.3 33.4 36.2 43.5 48.4 54.3 59.8 63 59.2
150.3 149.9 149.3 144.3 134.7 129.1 127.2 127.2 127.2 129 132.9 130.1 131.7 131.9 128.6 115.8 103.5 98.2 80 72.1 62.8 55.9 48.2 47.5 44.5 44.5 51.3 58.4 64.3 70.2 73 75 75.9 75.5 72.4 68.6 69.1 68.2 67.1 65.8 65.6 65.8 66.4 64.6 62.6 52.7 46.7 47.4 55.9 73 79.8 81.9 85.7 85.6 78.7 71.1 69.1 70.3 69.9 62.9 55.7 51.2 45 43.6 45.2 49 46.9 48.1 44.4 40.5 31.3 29.7 31.6 35.1 39.1 43.1 48.4 53.7 54.3 55.6
152.5 145.8 144.4 140.1 135.1 129.5 127.4 127.2 127.2 127.2 127.9 129 126.4 119.6 113.7 108.6 102.3 88.2 69.1 65.5 63.1 58.8 49.3 43.9 43.2 44.1 55.2 60.5 64.3 68.9 70.1 69.6 71.4 69.1 68.9 72.1 72.4 70 69.5 70.4 72.6 73.8 74.2 69.6 65.3 55.2 45.8 45.3 55.3 65.7 71.9 74.4 77.8 80.5 73.7 73.6 68.4 62.9 59.5 53.7 50.6 48.3 47.6 51.2 50.8 48.5 44.3 41.3 39.6 36.2 32.6 31.5 33.8 36.5 40.3 40.7 42.9 44.4 43.8 52.1
155.6 143.3 139.3 136.5 134.5 131 128.7 127.2 127.2 127.2 128.6 128.4 125.7 122.1 118.9 112.4 100.5 79.6 67.4 63.5 59.8 52.4 43.7 41.3 41.7 47.7 49.9 56.6 61.4 66.5 69.4 69.9 68.9 72.3 78.2 77 72.4 71.4 75.3 83.1 86.4 86.1 80.3 71.1 63.1 50.2 45.7 46.5 56.9 64.4 73 74.3 74.7 76.7 72.9 67.2 59.6 56.6 56 56.6 54.8 52.1 53.1 50.5 48.3 47.9 46.8 45.5 39.6 35.8 32.8 32.5 33.7 34.7 36.3 38.4 38.7 39.9 42.8 47.7
150 144 137.8 133.4 132.8 132.3 130.8 128 128.9 131.3 132.8 131.5 130.1 129.3 121.2 103.2 91.9 80 60.9 51.4 48.1 45.2 41.8 39.9 40.4 43.4 49.2 53.8 58.5 63.5 64.9 65.9 73.3 76.4 78.5 72.9 71.8 75.3 79.3 90.5 89.8 82.6 78.4 68.3 57.1 47.2 45.5 50.1 58.8 66.4 73.7 75 68 67.3 62.3 57.1 59.7 62.7 64.4 64.8 61.9 57.3 52.9 52 49.3 46.3 47.8 44.7 39.5 36.3 31.4 30.7 32.3 33.7 35.8 35.3 34.4 38.8 40.7 43.6
155.2 151.2 137.2 134.1 134.2 135.9 134.6 133.9 134.8 139.5 138.7 137.7 133.6 126.1 108.4 95.7 81 67.6 53.9 49.2 46.4 43.2 40.7 39.1 39.7 43.4 50.1 56.8 59 60.2 64.6 69 76 76.3 73.8 69.6 78.3 79.8 81.7 86.1 84.7 79 72.6 67.2 63.8 44.8 45.4 52.7 59.4 66.1 63.4 64 59.4 59.1 56.8 59.4 63.3 70.1 70.3 68.4 65.8 59.9 55.5 54.9 49.1 45.5 45.6 44.9 41 39.2 32.1 29.2 32.4 30.9 30.4 31.6 34.1 36.7 34.3 36.2
162 157.7 144 140 140.5 144.2 148.2 145.1 145.6 148.8 146.8 142.4 136.2 127.5 98.9 81.5 72.8 66 58.9 46.7 43.1 38.8 38.7 38.6 40.2 45.7 52.8 62.8 63.5 67.2 72.8 74.4 73.9 72.1 69.4 71.4 80.9 79.5 82.3 83.1 77.5 74.5 72.7 73.3 64.8 45.3 46.5 53.6 56.7 56.3 54.7 51.8 52.4 54.3 57 59.8 64.5 69.6 71 70.8 67.7 63.5 59.4 54.5 51.4 49.1 48.8 48 48 38.7 29.1 28.3 28.1 27.6 29.8 31.1 30.9 31 34.7 38.3
167.3 159.1 146.5 145.5 152.2 153.8 158.1 160.2 155.6 154.4 149.7 140.8 131.2 119.3 94.9 85 72.3 61.5 50.4 42.4 40.3 38.5 39 40.5 42.8 48.4 53.8 65.1 67.1 70.7 76.6 71.6 69.9 69.4 69.4 73.1 79.2 78.9 80.5 80.9 82.4 80.3 81.4 65.9 51.9 46.7 47.6 51.2 52.2 53.5 51.1 50.6 50.8 52.5 56.5 61.3 66 67.7 68.1 68.7 68.8 64 59 58.5 57 54.5 51.5 48.3 43.2 35 28.7 27.1 26.9 26.8 28.2 29.2 29.4 32.1 33.9 35.1
168.5 156.3 149.1 148.6 161.3 168.1 169.8 166.7 163.2 153.8 143.2 138.2 130.1 116.2 99 77.9 65 57.3 46.2 38.9 38.5 38.2 39.2 41.7 44.7 48.7 56.4 63.9 68.3 70.8 71.4 69.4 69.6 73.2 73.9 77.2 77.5 79.8 85.7 87.4 85.7 88.7 74.2 61.7 45.8 46.5 49.8 54 54.8 55.6 57.5 54.6 50.5 50.8 53.6 60.3 64.6 64.2 64.9 64.9 63.4 62.8 64.1 66.2 62 56.9 52.3 46.8 40.5 33.9 28 26.2 25.4 25.4 25.8 26.9 27.5 28.9 30.7 30.9
