data/340000-500000.asc
ncols 200
nrows 200
xllcorner 340000
yllcorner 500000
cellsize 50
[rows 70 to 104 of 200, columns 78 to 155 of 200]
606 592.4 574.8 564.2 553.7 542.5 514.7 489.7 455.1 421.2 387.5 350.9 327.4 311.6 297.2 286.1 283 277.7 267.7 260.1 266.5 269.2 265.9 266.2 266.6 258.9 251.8 243.5 238 231.2 227.5 224.1 221.5 218.8 218.1 217.3 217.1 218.3 223.5 235.8 257.8 273.4 279.3 297 310.8 318.4 320.3 336.1 355.8 368.8 364.6 375.7 388.1 399 415.1 432.3 450.7 469.4 489.9 506.4 521.2 533.6 545.7 557.7 566.5 572.3 577.2 572.2 551.4 508.1 472.7 443 419.7 404.9 386.9 367.6 346.2 324.3
586.2 573.2 560.1 550.9 542.1 528.7 505.7 467.3 425.9 401.8 370.5 349.6 330 311.7 297.9 291.2 288 283.2 280.8 269.5 279.1 280 276.2 272.7 270.4 267.5 260.3 251.3 246 240.9 235.2 229 223.7 219.2 218 217.4 216.7 216.7 217.6 224.6 241.5 252.8 270 283.7 302.8 307.1 309.3 321.7 344 345.9 353.5 369.2 383.5 399.6 415 434.3 449.4 468.8 490.1 503.9 518.6 530.2 543.7 556.8 565.1 572.6 576.6 574.5 549.4 511.4 474.6 443.6 420.4 402.2 385.2 369.6 355.4 333.5
575.3 560 550.7 539.2 528 519 506.7 487.2 455.2 410.2 378.2 344.1 323.6 309.4 298.8 293.8 291.8 289.1 284.9 282.8 285.3 282.3 282.6 283.9 281.4 275 266.2 260.5 255.5 251.3 245.6 236.9 228.8 226.1 220 217.6 216.8 216.1 216.3 218 233.5 239.3 249.2 259 272.7 292.5 296 304.3 326.5 326.1 345.1 363.4 379.3 396.6 415 430.8 447.3 467.9 485.5 502.3 518.4 527.5 542.1 554.7 565.2 574.8 578.9 579.6 553.1 511.6 477.5 451.9 432.3 416.1 394.5 373.6 352.6 339.1
568.1 555.6 543.8 526.7 515.9 506.5 492.3 476 446.1 405.9 368.9 340.9 319.9 308.4 302.2 302 298.7 291.7 292.5 294 297.4 300.6 294.5 297.3 288.8 282.1 273.9 269.6 268.3 261.6 253.4 244.8 236.6 229.1 219.3 217.9 217.2 216.3 215.3 216 218.8 223.7 225.6 234.6 248.1 271.7 275.3 286.8 298.7 318.4 331.2 357.3 374.9 393.9 412.6 429.7 449.4 466.9 479.9 496.9 510.8 522.4 539 553.1 564.3 575.2 581.4 581.5 559.9 533.1 494 474.3 453.1 421.3 394.3 371 348.2 336.6
557.8 546.8 534 516.6 501.4 494.4 476.3 457.8 430.6 396.1 363.9 338.1 321 311.1 310.1 304.4 299.9 300 302.2 304.6 311.4 307.6 301.7 299.6 293.7 290.9 284.2 273.6 269.1 268 258.9 250.6 242.5 232 220.8 218 216.9 215.5 214.9 214.7 215.8 215.7 224.4 222.4 231.1 249.6 260.7 260.4 285.2 297.5 319.3 348.6 370.5 389.5 409.4 431.3 445.4 461.1 472.9 487.3 504.1 515.9 532.4 549.2 563 574.6 581.1 578.8 565.7 539.1 509.7 479.2 461.7 432.7 396.4 374.7 354.8 342.1
551.4 535 523.7 505.9 487.8 478.3 461.5 441.2 417.8 386.2 355.2 333.5 324.4 317.7 317 312.1 304.8 314.1 319 322.8 320 313.7 307.2 304.7 302.5 302.2 294.1 278.2 274.1 270.1 262.2 251.3 239.7 226.9 219.7 216.6 215.8 215.1 214.5 214.1 213.9 214.3 214.8 215.9 221.6 230.8 242.7 254.4 266.7 277.9 305.3 331.4 361.1 385.6 405.2 429.3 442.2 454.2 470.9 482.9 496.2 511.7 527.3 542.5 558.1 572.1 581.3 580 560.4 535.3 503.6 471.5 448.9 425.7 398.9 377.1 359 349.7
542.5 526.1 508.4 492.7 476.1 462.1 447.6 424.8 406 376 350.5 336 331.7 325.9 324.8 319.1 317.3 323 331 333.6 329 319.9 313.5 311.1 310.5 312.2 302.3 285.9 278.9 271.5 262.4 255.9 250.3 236.8 224.4 216.1 215.9 214.6 214.1 213.8 213.6 213.4 213.5 214.6 218.6 224.2 230.5 242.9 253.9 264.9 286.4 319.4 350.1 376.2 397.2 427.2 433 447.2 462.8 476.5 492.9 507.2 523.5 537.1 555.4 571.1 576.6 580.3 561.7 529.4 503.7 474.9 442.5 419.2 390.6 374.9 365.9 359.5
538.1 520.7 503.6 484.3 460.1 445.1 429.2 412.8 390 371 351.7 342.2 338.5 332.9 326.3 328.9 328.8 336.6 340.8 343.4 338.9 328.4 319.7 315.7 317 312.5 303 292.2 283.7 276.4 270.1 261.3 253 241.6 229 222.4 224 224.8 214 213.9 213.6 213.1 213.7 216.1 218.5 220.8 227 234.7 243.5 254.2 275.8 303.3 333.6 362.3 383.9 410.5 420 438.4 455 468.5 488.4 506.3 521.9 538.3 552.2 563.7 565.3 573.4 559.4 527.2 496 480.5 445.7 416.5 397 379.5 375.9 369.3
534.4 518.8 501.9 483.5 466.1 448.3 422.6 400.1 382.9 366.1 355.9 348.8 341.4 334.6 331.4 335.1 341.4 344.8 349.1 354.3 348.5 338.1 332.5 322.2 316.6 309.2 304.6 300.2 288.6 284.6 277.1 266 250.2 238.4 227.6 226.9 224.6 223 213.1 213.6 213.6 212.9 213.5 214.6 216.5 217.4 220 226.3 232.5 247 269.3 296.8 320.8 348.1 370.9 390.2 408.8 431.6 448 465.5 481.6 505.3 523 535.2 547.8 560.1 557.4 549.1 547.2 517.3 489.8 467.3 437.9 418.1 395.2 391.3 387.9 377.4
532.2 517.7 501.6 481.3 463 450.1 433.4 409.6 386.5 371.3 360.6 352.7 342.5 339.2 342.8 345 349.9 350.6 357 352.4 345.3 341.2 335.4 329.5 323.5 316.3 305.6 299 295.1 292.7 283.1 270.1 257.8 241 229.9 224.7 222.1 217.6 212.5 213.4 213.4 212.8 212.6 213.2 215.4 217.6 217.1 218.8 228.1 242.9 263.6 289.7 312.2 335.5 357.2 379.9 401.2 420.6 439.4 461.5 477.6 504 519.9 529.6 541 550.2 547.9 535.8 532.6 503.8 484.8 466.6 434 418.7 399.8 405.2 391.3 380.7
530.5 513 500.3 482.9 457.6 442.4 429.8 408.7 389.9 372.3 360.1 351.1 349.4 351.4 356.4 358.6 358.5 358 356.4 348.6 345.3 342.7 339.3 335 329.3 319.5 312.1 307.8 303.7 298.7 287.2 277.1 268.1 258.3 240.6 229.5 225 214.9 213.5 213.6 213.2 212.8 212.4 212.1 213.5 216.1 216.9 216.5 225.4 240.5 258.3 280.3 300.6 326.6 348.5 368.4 388.8 408.1 436.5 458 470.9 494.4 508.7 522.2 532 540.5 539.1 528.5 516.7 494.7 481.2 453.6 440.7 417.5 410.7 410.8 394.6 382.3
523.2 507.5 490.9 473.3 453.2 437.3 420.2 401.3 383.1 366.8 363.3 361 365.7 365.1 369.4 369.1 364.2 361.7 359.8 358 355.3 350.9 347.6 345.9 335.1 329.2 317.4 312.3 307.6 300.8 299.6 293.2 277.4 264.2 245.2 232.1 221 213 213.7 213.4 213 212.6 212.7 213.9 213.3 214 215.6 217.2 225.5 234.8 245.2 264.9 288.6 315.6 339.5 361.1 378.5 400.2 422.4 442.6 458.5 475.1 498.2 514.6 522.1 529.9 532.9 519.1 499.8 486.7 470.9 456.4 439.9 418.8 410.1 404.6 392.7 381.5
518.8 503.3 487.7 470 453.6 437.3 418.8 401.7 387.3 381.6 380.4 376.1 377.6 377.1 380 380 377.4 374.4 371.1 365.9 362.7 359 356.2 351.9 345.7 332.5 324.6 319.5 314.5 311.3 317.5 309.8 296.5 274.7 254.6 238.7 225.2 213.8 213.3 213 212.7 212.4 212 212.6 212.4 212.2 214.8 217.9 225 232.6 240.2 253.5 277 302.4 329.6 353.2 373.7 394 414.3 433.4 449.7 471 489.4 504.9 511.8 517.5 513.1 504.7 484.4 475.3 466.6 454 437.4 429.8 415 403.4 397.1 390.6
516.9 499.5 484.5 470.5 456.3 437.1 422 407.1 406.5 396.8 395.5 392.8 388.7 389.1 388.5 389.1 388.4 381.9 378 376.4 371.7 369.4 363.6 356.4 348.9 341.7 332.1 325.7 320.4 319.1 318.5 310.4 302.9 294.6 267.6 248.4 233.8 220.4 212.8 212.5 212.4 212.1 211.7 211.4 211.5 211.2 213.1 217.3 224.8 229.4 235 248.3 266.1 290.2 321.3 347.4 368.1 388 405.7 424.2 443 469.6 481 492.1 499.4 505.6 508 491.8 484.5 478.3 468.6 458.9 447.7 440.5 421.7 408.2 402 390.7
513.8 498.5 484.3 472.6 459.7 447.7 431 422.4 415.5 408 406.6 403.8 399.5 400.6 400.2 398.1 392.7 385.8 382.7 382.1 379.6 374.1 370.2 362.7 353.2 348.9 337.9 332.3 335.5 334.4 334.4 323.7 313.1 298.8 278.3 260.6 250.2 232.1 216.8 212.1 212.1 212.1 212 211.3 210.9 210.6 210.7 214.6 219.3 226.1 234.4 249.5 269 290.3 314.8 337.8 362.3 381 396.1 411.5 432 451 469 479.4 493.3 501 497.6 490.5 485.8 479.7 470.4 459.6 461.3 449.4 426 411 402.9 390.5
511.1 498.6 485.1 475.6 464.2 452.4 441.3 432.1 427.5 420.7 415.8 411.7 409.9 406.9 405.3 403.7 399.4 388.3 385.8 386.7 383.5 374.7 370.3 366.8 361.2 354.5 346 339.8 341.8 344.1 343.7 338.6 326.2 309.4 290.1 271.4 259.7 246.7 227.1 213.1 211.6 212 211.7 210.6 210.8 210.5 209.9 210 216.5 226 238.5 252.2 268.6 288.1 312.8 333.8 353 372.6 387.6 398.1 415.1 440.3 455.6 469.6 484.9 489.4 483.7 488.7 485.1 478.5 469.2 465.9 460.4 451.6 430.5 413 402.2 392.2
510.5 498.9 487.7 476.2 464.3 454.2 447.4 440 429.7 428.6 426.6 419 416.4 412.8 411 408.8 409.1 403.6 398.1 397.4 397.8 382.5 371.1 368.7 372 360.8 354.7 348.3 348.1 348.3 350 344 329.9 319.2 310 282.2 268.9 258.4 239.4 221.4 211.4 211.6 210.6 210.3 210.4 210.3 209.9 208.8 214.8 222.6 235.3 249 263.6 288.3 306 326 345.6 362.7 380.8 393.1 406.3 427.1 443.3 454.5 469 475.7 482.5 489.3 485.5 479.7 469.1 462.4 456.2 441.6 426.5 410.9 397 384.1
509.7 499.1 490.5 480.9 471.3 460.4 452.4 446.8 438.8 437.4 434.1 426.9 422.9 420.6 417.5 414.9 413.5 410.6 404.9 402.8 409.3 386.9 379.4 374.5 371.5 364.3 360.5 353.5 349 350.7 352.8 346 326.7 311.5 303.2 283.7 273.2 264.3 255.9 235.5 217 211.1 209.5 209.1 209.8 210.1 209.9 208.9 211.7 219.9 231.8 245.4 262.3 290 301.4 318.4 337.5 355.9 378.9 388.5 398.6 410.7 429.2 445.9 461.2 462.7 476 481.6 486.3 478.8 473 459.9 453.9 437.8 422.1 407 387.6 375.4
508.9 501.2 493.2 484.6 475.8 468.1 460.1 454.7 447.4 445.8 447.4 438.2 430.7 427 422.8 418.9 416.1 414.9 412.1 412.6 411.1 397.8 389.2 382.2 373.4 365.2 358.6 354.8 348.9 349.8 356 353.3 331.6 309.4 296.4 282 271.8 260.9 252.6 239.5 223.6 211.8 208.5 208.5 209.6 210.3 210.1 208.6 208.8 218 230.7 246.3 262.5 285 295.8 317 332.6 351 369.7 383 391.1 402.7 415.8 431.8 448.1 454.6 469.6 479.8 480.3 478.9 474.1 462.8 451.6 431.1 411.5 394 383.9 373.8
510.8 503.9 495.7 487.6 480.9 474.9 468 459 455 453.8 452.2 446.8 436.6 431.8 428 424.3 423 426.4 425 414.3 407.5 409.8 396.1 386.8 376 370.3 360.8 358 350.5 348.9 340.6 350.6 336.4 319.4 298.8 285.1 268.1 258.5 251.8 247.5 228.3 213.8 209.2 208.2 209.5 208.8 208.9 208.5 209.1 217.3 230.7 243.7 259.4 277.6 290.5 310.7 326.7 346 360.3 373.4 383.4 395.9 408.2 420.3 431.1 448.4 464.6 473.3 472.8 470.8 467.7 456.1 450.5 428.9 406 385.7 381 373.5
512.9 505.8 499 492.5 485 480.3 471.6 462.6 460.8 460.4 464.8 451.3 443.7 437.1 431.6 430.3 430.5 438.7 436.3 420.4 410 404.2 401.3 385.2 377.8 376.2 373.1 363.2 354.6 353.6 344.2 329 327.3 318.8 295.7 286.8 273 258.1 243.5 235.2 224.9 214 208.7 208.1 209.5 208.8 207.7 207.6 208.2 215.4 237.7 244.9 258.5 270.6 285.9 302.3 320.6 343.6 354.7 361.2 373.6 391.1 402.1 409.9 429.6 448.5 462.2 469.4 470.6 463.1 456.7 441.5 432.4 417.4 402.3 387.2 372.1 365.2
515.1 508.4 502.9 497.4 490.5 487.2 482.3 473.5 468 460.5 465.3 458.2 450 443.7 442.1 442.6 440.3 435.1 425.9 408.4 409.4 402.9 399.9 389.8 389.5 382.4 380.6 366.9 358.6 357.7 352.5 341.8 324.6 317.5 295.7 279.4 267.2 260 243.5 223.6 215.6 212 209.1 209.3 209.5 208.9 207.8 207.6 208.6 216.8 231.4 243.8 256.6 265.5 277.3 294.7 311.2 331.5 346 353.3 364 383.2 392.7 407.5 426.3 448.5 459.8 469.5 463.9 455.4 443.7 429.8 419 406.8 399.2 390.4 375.3 360.5
518.1 511.2 505.8 500.7 497.2 494.3 489 482 469.2 460.7 464.2 458.7 452.8 450.6 449.2 450.4 443.7 431.5 415.7 408.7 406.3 401.1 402 391.2 392.8 390.1 392.8 376 356.9 347.9 349 347.1 340.1 331.3 294.8 275.9 269.8 263.5 250.8 225.2 212.5 208.9 208.6 208.9 209.3 208.9 208 208.4 211.1 220.6 231.2 240.4 251.7 258.2 267.9 288.8 300.1 314.7 331.6 345.5 356.5 373.1 387 401.5 422.4 444.4 456.5 470.8 462.5 452 436.4 417.9 413 409.4 399.4 385.4 370 360
522.9 511.5 508 504.4 502.1 499.3 497.2 490.1 474.3 462.8 458.7 458.7 458.3 452.6 452.1 455.7 447.7 430.9 419.7 410.8 405.4 400.7 399.7 392.3 390.7 395.9 399.7 383.8 360.6 346.9 342.8 329.5 331 326.7 300.5 281.8 272 264.5 246.9 225.2 213.8 208 207.8 208.4 209 208.7 207.7 210.1 216 221.5 229.2 236.2 247 253.9 266.3 278.4 289.4 302.8 319 339.5 356 370.3 384.8 397 418.8 442.6 459.7 462.8 449.8 437.2 422.8 411.4 409.7 409.6 395.8 379.5 362.4 359.4
526.7 512.9 508.6 509.1 511.1 509.6 508 500.3 484.9 471.2 462.1 459.3 460.6 459.2 460.2 460.4 455.1 437.5 426.1 415.8 409.1 407.3 399.1 394 393.4 391.4 393.8 382 358.8 347.7 329 324.2 312.3 311.2 307.2 285 274.9 272 259.5 235.4 215.8 208.3 208.3 208.8 209 208.7 208.7 212.8 221.3 227.6 232.3 236.4 243.8 253 265.2 269.1 279.5 294.5 314.6 334.4 354.5 376.1 387 396.8 416.2 439.7 452.9 440 420.5 411 405 398.1 394.9 398.7 401.4 373.7 361.8 360.8
522.3 511.5 510.5 514.8 517.3 516.4 512.8 506.8 489.2 474.3 468.2 464.7 465.2 468.4 469.7 464 455.6 449.5 435.5 423.5 408.2 419.4 412.7 403.2 399.3 393.4 390.5 381.1 360.5 346.4 324.7 319.3 311.9 302.1 310.1 281.4 273 274.5 264.2 237.4 217.1 208.3 208.8 209.2 209.8 210 210 214.5 227.2 234.6 236.7 241.3 246.6 254.8 262.3 265.8 273.1 288.7 313 331.5 359.6 376.2 387 400.8 413.9 424.3 434 415.9 402.9 399.3 397.4 389.6 384.6 388.8 383.1 366.2 356.2 356.4
514.3 515.1 517.1 520.1 521.9 521.7 516.5 506.6 483.6 478.5 473.7 471.8 471.4 483 469.7 464.3 446.3 443.8 434.1 417.9 407.6 411 409.7 409.8 405.8 396.6 388 374 359.9 341.2 325.6 318.9 315.2 303.6 290.2 271.4 267.4 285.8 279.3 241.2 214.3 207.8 208.4 209.1 209.5 210 210.6 217.6 228.4 238.4 247.7 245 252.9 258.9 260.8 263.8 272.1 291.9 311.6 336.5 363.3 373.5 386.7 400.8 405 412.9 415.3 395.6 392.9 390.1 390.6 382.6 377.7 378.2 370.8 355.2 348.9 349.3
515.3 519.3 521.3 520.2 521.2 519.2 510.9 499.6 475.5 470.8 471.8 476 480.3 483.8 474.5 463.4 452.8 435.9 423.8 411.8 402.6 403.6 407 410.7 408.9 398.6 392.5 384.2 363.3 340.2 320 319.1 314.8 297.7 265.6 259.9 257.9 267.8 273.1 242.9 214.2 207.8 208.3 208.9 208.7 209 208.9 218.4 229.6 240.8 253.9 253 257.9 267.6 260.1 267.2 277.1 294.8 316.9 334.5 354.9 372.4 384.2 387.4 388.5 391.5 387.3 380.7 383 383.8 380.4 375.6 372.2 364.2 356.3 349.4 348.8 354.4
522.3 526.4 526.5 509.3 516.4 503.3 489.1 476 464 463.2 464.9 469.4 477.4 475.1 473.6 475.9 459.1 442.1 424 410.9 401.3 399.2 404 412.8 407.1 399.8 398.6 392.3 368.5 343.5 315.8 320.3 326.7 276.1 240.6 238.1 236.5 244.3 248.1 215.5 208.7 209.1 209.2 209.3 210.1 211.7 213.8 220.1 232.8 246.8 255.1 256.3 260.5 261.3 260.5 269.8 290.1 297.7 314.7 332.4 353 370.3 373.7 370.2 370.4 371.9 368.3 368.9 373.4 372.9 371 365.3 358.3 351.4 348.4 348.4 351.3 359.6
525.7 525.6 520.4 496.2 498.4 494.6 474.7 463.6 452.2 454.1 455.3 454.2 466.1 471.2 469.7 477.8 465.4 446.4 432.1 412.5 402 398.7 399.8 406.4 407.3 396.4 392.7 387.8 356.3 328.4 305.2 317.1 316.9 269.4 228.9 218 218.9 223.4 213.4 207.7 207.7 207.9 208.2 208.6 207.8 209.7 213.8 221.6 235.1 246.7 253.7 257.5 263.7 263.6 265.7 276.5 284.7 297.8 308.6 330.6 350.2 361.1 358 352.4 351.2 350.3 351.9 351.4 355.7 354 354.3 350.7 350.1 350.7 348.5 348.5 357.2 370.7
523.4 522.2 513.3 479.7 462.6 459.6 455.9 443.1 435 435.8 439.8 441.5 458.4 462.6 461.5 467.2 471.1 449.5 430.3 412.2 401.9 395.8 393.6 399.3 404.5 390.8 376.2 360 337.9 316.2 287.2 290.8 283.4 259.4 223.5 213.5 210.5 209.8 209.1 207.9 207.8 207.9 208.1 208.3 208.5 211.2 217.6 229 244.2 255.8 262.7 262.5 267.5 271.5 270.9 275.9 280.5 295.6 306.9 323.7 339.4 343.9 337.9 336.1 331 332.7 334.2 334.1 339.2 341.9 345.2 344.8 348.6 349 348.7 351.6 358.9 357.2
513.8 514 494.5 459.7 440.4 437.3 437.5 425.4 415.4 418.9 425 428 437.2 446.9 458.2 455.1 448.4 445.8 425.5 404.4 400.7 396 385.6 392.5 388.8 373.1 362.2 342.4 333 297.1 261.5 244.3 243 232.9 222.8 210.6 208.2 208.1 208.4 208.6 207.8 208 208.2 208.4 208.3 213.4 222 235 248.2 259.9 268.4 268.8 269 273.2 279.9 280.8 282.1 291.7 304.8 314.7 324 326.2 322.3 317.8 313.7 319.8 321.7 326.1 332.5 333.2 333.6 331.2 339.4 349.7 351 349.2 347 339.8
493.9 503.2 492.6 446.7 424.3 425.8 425.6 412.6 399.6 399.9 406.1 410.8 412.2 430.7 432.2 424.2 420.1 416.9 402.6 393.9 395.2 402.4 383.1 368.1 369.5 350.7 331.5 328.2 321 285.4 250.4 225.5 218.7 218.6 218.3 216.2 211.4 208.4 207.7 208 207.9 208.1 208.3 208.5 209.6 215.1 224.9 238.1 249 262.8 272.2 273.4 269.8 276.9 283.4 286.5 285.1 290.4 298.6 305.6 311.9 311.2 307 301.5 301.6 307.2 312.6 318 321.3 325.7 327.9 336.8 348.1 358 349.6 340.3 337.9 333.2
480.2 477.3 451.3 436.7 415.5 411.8 408.6 390 383.3 376.3 382.4 390.9 399.6 414.1 406.7 403.9 407.7 387.1 384.5 384.8 396.8 405.3 385.7 367.8 343.9 331 321.1 317.3 291.5 264.7 241.3 221.1 218.3 223.1 221.1 220.8 219.1 211.9 208.2 207.1 207.9 207.9 207.9 207.9 209.4 217.1 229.5 241.9 255.8 267 276.9 280.1 275.9 280 280.7 284.8 287.8 289.6 292.5 298 300.9 297.7 295.3 295.6 297.6 302.3 308.9 314.5 317 323.5 330.1 340.2 352.3 355.6 350.4 345.4 341.1 341.8
462.7 451.1 428.8 421.5 413.3 400 389.1 370.8 363.6 362.4 366.2 376.9 385.6 396.4 388.3 386.2 393.2 368.6 369.1 372.6 395.4 394.5 383 361.6 336.5 315 308.2 304.5 271.3 255.3 233.8 224.5 222 225.3 224.3 227.6 224.2 219.8 210.4 213 207.1 207.9 207.9 208.2 210.3 222.2 236 247.6 260.2 271.8 280.8 286.6 285.6 284.2 283.3 285.9 286.2 288.9 289.2 289 291.1 290.8 291.6 296.8 303.1 311.9 318.5 324.3 327.1 328 333.1 340.6 354.3 356.9 359.3 359.4 356.1 356.5
