data/340000-220000.asc
ncols 200
nrows 200
xllcorner 340000
yllcorner 220000
cellsize 50
[rows 36 to 71 of 200, columns 80 to 159 of 200]
161.9 163.9 164.6 163.6 163 162.7 159.5 155.1 149.3 148 154 157.7 157.3 153.6 150.4 151.2 153.8 157 161.7 166.4 168.6 172 176.9 179.1 180.3 182.2 182.9 184 182.8 178.3 187.4 192.8 195.5 195.9 196.2 191.3 194.7 196.5 194.7 201.1 212 222.3 233.3 243.1 254.2 261.2 270.9 276.5 278 281.8 283.4 284.1 283.2 283.4 285.8 284.1 283.3 282.6 281.9 280.3 278.7 276 273.7 268.2 262.6 255.8 249.2 242.7 237.3 232 228.4 224.2 221.4 218.8 217.6 216.9 216.6 215 213.8 212.2
166.1 168 168.5 167 165.7 164.1 160.3 156.1 150.8 152.9 158.3 161 159.6 155.9 153.2 155 156.2 157.1 158.7 160.9 165.1 169.9 177.6 182.1 183 185.4 187.6 189 189.4 185.6 193.7 198.8 201.5 202.4 203.5 199.4 205 206.8 207.8 208.8 217 224 233.1 238.5 245.2 252.1 259.5 267.3 272 273.7 274.1 274.3 273.7 274.9 275.8 276.7 276.1 275.7 275.4 273.8 274 271.5 266.4 261.8 256.2 250.5 244.2 238 232 226.5 222.2 218.6 216.1 213.5 211.9 211.5 212 211 209.9 209
168.2 170.9 171.7 170 168.1 165.9 162.3 158 152.9 156.3 162.2 164.9 160.7 157.6 155.3 159.9 160.5 163.2 163.8 167.5 172.3 176.2 178.1 181.7 184.5 188.3 191.7 193.3 194.7 193.9 196.3 202.6 205.6 207.8 211.5 211 217.8 220.1 222.1 225.1 227 230.6 232.1 232.5 236.5 242.4 246.7 254.5 260.8 262.2 262.8 262.9 262.5 262.8 262.3 263.4 265.4 265.9 265.6 264.5 265.6 263.4 258.4 254.7 249.6 245 238.9 232.6 226.6 220.9 216.1 212.9 210.2 207.9 206.3 206.5 207 206.4 205.7 205.8
170.2 172.9 174.1 172.7 170.5 167.7 164.4 159.9 153.8 159 164.1 167.1 164.2 160.8 157.1 160.9 165.2 168.6 170 170.2 176.1 179.7 181.6 182.2 185.4 189.2 193 196.3 197.5 200.7 196.3 206.3 209.6 214.4 219.3 223 229.2 234.9 237.7 236.3 234.8 230.6 225.4 224.4 225.1 233.7 236.8 244.5 248.1 250.1 249.4 248.2 247 245.7 245.5 247.2 247.8 248.1 250.8 251.6 253.8 254.4 249.9 247.3 243 238.1 232 226.6 221.2 215.6 210.6 206.5 204.1 201.9 200.5 200.9 201.9 201.6 201.4 201.8
171 174.7 176.6 175.4 172.8 169.7 166.2 161.6 154.4 160.7 165.5 168.6 167.2 164.2 160.3 165 170.3 174.9 176.2 175.1 176.1 181.9 186.1 185.6 186.3 190.3 195.2 199.2 201.4 204.3 206.8 207.7 214 219.6 225.1 230.2 236.9 246.6 253 244 236.4 228.3 217.2 216.1 217.3 224.4 228.8 232.3 233.4 232.9 231.9 231.6 229.9 227.9 227.6 228.8 229.4 230.7 233.7 235 237.5 239.3 238.2 237.4 234.5 229.9 225.8 220.7 215.4 210.5 205 200.7 197.9 195.4 194 195.2 196.2 195.9 196.3 195.9
172 176.5 179.1 177 174.7 171.2 167.3 161.4 156.3 162.4 166.7 170.4 171.5 168.9 166.1 165 171.3 177.1 180.1 181.4 179.7 184.1 189 190.5 189.9 190.9 197.5 202.5 207 208.3 212.3 212.3 215.7 223.3 228.9 234.8 244.6 257.7 259.2 245.6 234.9 225.7 213.5 205.9 207 209.7 212 214.5 216.2 214.6 213.7 213.9 213.2 212.7 212.1 212.6 212.9 213.9 217 217.9 218.7 219.7 220.8 224.4 226.2 223.8 220.1 214.6 209.2 204.9 200.1 194 190.2 188.6 187.2 188.6 190 191 191.5 190.5
171.2 178.2 180.8 178.8 175.3 171.5 167 162.1 157.3 165.1 169.8 173.7 175.7 174.3 171.2 167.3 170.5 177.1 184 185.3 184.2 187 191.5 195.6 196.6 197.5 200.2 205.5 210.7 216.2 216.7 218.7 218.2 225.2 232.3 237.4 250.3 264.6 261.6 243.7 232.7 222.9 211.6 199.6 198.7 199.4 199.8 199 199.1 199.3 199.2 199.6 200.2 200.5 199.2 199.4 199.7 200.9 203.4 204.8 205.3 207 208 211.5 215.2 215.7 213.6 208.4 203.2 197.7 191.8 186.2 180 178.6 179.4 180.6 182.6 185.5 186.8 189.3
173.4 179.1 181 179.2 175.1 170.4 167 161.9 159.4 163.9 170.7 176.1 179.6 178.7 176 171.4 173 179 185.5 188.9 188.7 192.1 197.1 201 203 204 207.5 212.7 218.1 223.5 223.8 225.9 225.8 228 233.5 241 253.6 266.2 260.5 241.1 228.7 218.5 208.3 197 191.4 192.3 191.7 189 189 189.3 188.6 187.5 187.3 188.1 186.5 186.4 188.3 191.1 193.3 194.8 196.2 196.8 197.5 199.6 202.8 205.1 205.9 203.2 198.4 193.3 186.8 178.5 170.8 169.6 170.9 173.1 175.7 178.8 183.1 190.4
172.9 177.6 180.8 179.7 176.1 172.6 169.2 165.6 165 161.9 168.9 174.4 179.2 182.2 180.4 177.3 179 183.5 188.5 192.4 194.7 199 204.1 208.4 211.7 212.5 216.1 222.2 228.2 232.4 232.6 234.9 234.4 233.7 236.5 242.6 251 263.4 260.9 239.3 225.9 215.4 204.9 195.4 187.6 185.6 184.5 180.4 180.3 180.8 179.4 177.2 177.5 178.3 175.8 176.5 179.3 181.9 184.2 185.8 187.3 188.3 188.8 189.6 191 193.6 196.7 196.3 194.4 190 183.4 174.7 164.8 161.8 163.9 166.4 169.7 175.8 184.7 191.4
170.5 176.9 180.2 181.2 179.5 176 171.7 169.5 167.8 163.1 168.7 173.2 178.2 183.5 185.3 183.5 184.3 188.7 194 198.9 201.9 205.3 210.7 216.1 220.5 222.1 225.2 230 235 239.7 241.1 242.6 241.8 238.1 235 238.4 244.7 257.2 261.8 239.3 223.2 211.8 201.6 192.7 184.9 180.2 178.3 174.9 173.1 172.7 172.5 170.6 170 169.6 168.1 170 172.3 173.4 175.8 177.1 177.7 178 178.6 179.4 180.9 184.2 188.3 190 188.8 184.1 178.4 168.7 160.5 157.1 157.6 163.2 170.2 178.9 186.3 192.7
169.6 176.2 181.9 184.3 182.5 178.8 173.5 174.2 170.2 165.7 172 177.7 182.6 187.1 190.1 191 191.1 193.2 199.3 204.3 208 211.1 215.6 221.9 227.8 229.8 231.9 235.4 239 241.2 242 242.6 239.4 232.9 229.5 232.7 238.2 247.1 259.9 238.1 220.7 209.2 198 189.2 182.8 176.4 173.4 170.9 168.7 166.8 167.2 166.5 164.5 163.5 163.1 164.4 165.7 166.8 167.9 169.3 169.8 170.3 170.7 171 172 176 179.5 181.2 180.1 176.3 170.3 162.4 155.4 152.9 158.3 165 172.7 180.6 187.6 194.5
169.2 176 183.4 186.3 184.9 180.6 177.5 177.9 172.7 168.4 176.6 182.4 187.9 191.9 195.4 196.7 197.4 198.9 204.6 209.3 214.1 217.1 220.1 224.6 229.3 233 234.4 234.6 235.5 233.5 233.2 234.2 230.9 226.3 224.1 226.7 232.2 240.6 251.1 235.2 218.1 205.5 194.3 187.1 181.1 175.4 170 168 166 163.2 162.1 161.3 159.2 158.7 158.2 159.5 160.7 161.6 162.7 162.9 162.5 162.9 163.1 163.3 163.9 166.6 169.3 169.8 169.7 166.8 160.8 154.9 149.7 152.7 159.9 167.8 175.6 182.9 190 195.6
169 175.9 181.5 186 187.1 183.4 182.8 181.8 175.4 173.7 178.4 182.3 187.6 192.4 196.2 199.2 201.8 203.4 208.3 213.3 217.9 220.3 221.5 222.7 225.3 227.5 228.3 229.1 229.1 226.2 225.9 227.6 225.3 221.7 218.2 220.1 225 233.9 241.9 228.5 213.3 201.5 191.2 184.7 178.3 171.9 167.7 165.7 163.4 160.5 158.1 156.6 155.2 154.6 154.5 155.5 156.5 156.9 157.1 157.1 155.9 155.7 155.7 155.8 155.7 158 160.8 161.2 160.3 157.1 152.9 148.5 147.8 155.5 162.4 170.6 178.3 187.4 194.7 200
167.3 173.5 180.1 185.4 187.1 187.3 186.2 185 180.4 175.5 178.2 181.7 186.3 190.8 194.7 198.9 202.9 207.8 212.7 217.4 219.7 218.7 217.6 215.9 215.4 216.7 217.9 220.9 222.5 219.6 219 220.3 220.4 217.4 212.4 212.2 217.5 226.7 233.7 221.5 208.8 197.3 187.1 180.8 174.4 169.2 165.4 163.2 160.9 158.4 155.5 153.5 152.1 151.1 151.1 152 152.1 152 152 151.6 150.5 149.9 149.2 147.4 147.3 149.9 152.6 153.4 153.2 149.7 145.8 141 150.6 157.9 165.2 173.9 182.9 191.8 199.4 203.5
171.2 174.1 179.6 183.4 186.6 188.2 188.9 188.1 184.2 182.1 178.5 180.5 184.8 189.2 193.4 197.9 203.6 209.8 215.7 218.3 216.8 214.2 212.5 207.3 203.9 205.4 207.2 209.9 213.7 213.1 210.9 212.7 213.7 212.3 207.5 200.6 207.8 216.1 220.1 212.7 203.1 193.4 184.5 177.1 171.3 166.5 163 160.6 158.3 155.9 153.5 151.5 149.6 147.5 147.5 147.7 147.4 147.2 147.1 146.4 145.5 144.6 143.5 142.2 141.8 143.5 145.5 146.7 146.2 143 139.8 146.1 154.5 162 171.3 179.7 189.2 197.1 203.5 205.7
175.3 174.8 179.4 184 186.5 188.2 189.5 190.5 188 187 183.9 181.1 185.4 188.8 193.5 199.6 205.6 211.2 215.6 215.9 212.2 208.5 205.3 200.1 195.4 197 198.7 201.3 205 205.9 202.4 202.5 204.3 203.8 201.1 191.9 196.7 203.4 205.8 201.9 193.9 187.6 181.3 174.1 169.1 164.4 160.6 158.1 155.7 153.3 151.5 149.7 147.4 144.9 143.6 144.1 144.1 143.9 142.6 141.3 140.4 139.5 138.7 137.4 137.4 138.4 139.7 140.5 140 137.7 141.9 150.6 158.6 167.4 177.6 186.4 196.1 203 206.7 207.5
178.7 176.8 180.7 184.7 187.2 189.4 191.5 193.4 193.1 190.6 187 184.5 189.3 194.2 197.8 202.5 207.2 210.9 213.3 212.2 208.6 204.4 197.8 193 190 191 193 194.9 197.7 197.5 193.9 191.4 193.6 197 194.6 188.2 186.7 190.5 191.6 188.6 183.6 178.8 174.7 171.3 168.5 163.9 159.4 155.5 153 151.2 149.5 147.9 145.7 143.2 141.4 140.6 140.4 139.8 137.4 136 135.3 134.5 133.8 132.6 133.3 133.7 134.8 135.6 134.7 137.7 145.6 154 162.8 173 183.2 193.3 201.3 206.5 208.8 210
181.3 178.7 182.5 187 190.7 193.2 194.8 196.3 196.1 194.8 190.7 189.3 191.1 196.2 199.4 202.6 206.7 209.8 210.7 208.5 204.5 199.3 193.3 186.8 184 184.7 188.1 190.7 191.7 190.7 188 181 184.2 189.2 187.8 182.4 178.3 182.6 181.8 178.5 175.7 173.2 171 169.3 167.3 163.4 158.7 154 151.2 149.4 147.8 146.2 144.3 142 140.9 138.6 136.7 135.7 133.6 133.1 131.8 131.1 129.5 128.2 130.4 130.8 131 129.9 134.5 139.8 148 157.6 167.3 178.5 188.9 198 204.6 208.7 210.7 212.4
184.1 182.8 185.1 189.9 193.3 195.9 197.3 198.8 200.1 198.9 196.1 195 195.2 196.3 199.5 202.7 205.8 206.3 205.6 203.9 201.1 195.7 189.6 183.7 178.5 178.8 184.6 185.5 185.6 182.1 178.1 172.2 175.8 180.5 181.7 178.3 172.3 175 174.5 172.1 170.3 169.2 169.1 168.9 166.5 163.1 158.8 154.2 150.7 148.1 146.2 144.5 143.1 140.9 139.3 138.2 136.8 135.3 133.8 135.1 134.2 132.7 131.2 129.1 127.9 128.4 127.9 129.7 133.2 139.9 149.6 159 169.4 182.2 193.7 200.8 206.4 210.9 213.3 214
186.2 185.7 186.7 190.8 194.4 198 200.3 201.9 203.2 203.1 201.7 200 198.3 197.6 200.7 201.9 202.3 201.4 198.8 197.4 194.3 190.2 186.8 180.6 172.8 170.4 175.8 176.7 177.9 174 169.4 164.8 170.5 173.5 174.3 173.3 168 167.3 167.6 167.7 166.2 166.1 166 167.5 165.5 162.9 159.3 154.9 151.6 149.4 147.5 145.7 144 142.5 140.9 140.9 140.3 138.5 137.1 135.6 133.8 132 129.7 129 127.2 125.1 125.9 129.3 131.4 139.3 148.6 159.3 169.8 183.7 195.2 201.5 206.2 210.4 213.2 213.5
188.3 189.4 189.9 191.5 194.8 198.5 202.7 204.8 206 206.7 205.4 202.7 200.7 200.5 198.7 198.4 197.5 195.6 193.1 189.2 186.2 182.8 181 178.4 169 162.1 167.2 168.9 169.9 167.5 164 162.8 166.5 166.4 167.5 167.6 163.7 160 160.2 165.6 164.2 161.8 165.4 166.4 164.5 161.8 158.9 155.3 152.6 150.5 148.4 146.5 145 143.5 141.9 141.1 140.2 138.1 136.1 133.4 131.4 129.8 128.2 128.1 126.7 124.6 124.5 128 130 138.6 147.2 157 168.5 183.3 195.2 201.1 204.9 207.8 210.1 211.8
187.8 188.4 190.3 191.7 194.6 199.2 201.7 204.5 207.6 208.5 207 204.8 203.9 201.2 195.9 193 192 190.8 186.2 181.6 179 176.2 174.5 172.9 166.9 159.1 160 162.6 164.2 162.9 158.3 158.3 161.1 160.4 162.3 161.8 158.6 154.9 153.3 158.1 159.2 158.6 162.2 163.7 163.3 160.4 157.9 155.1 152.1 149.7 147.6 145.3 143.4 142.1 140.8 139.1 137.9 137 134.3 131.4 129.4 127.6 126.6 126.6 126.2 125.4 123.6 126.2 129.1 136.9 145.1 154.4 165.9 179.1 191.4 197.8 201.4 204.7 207 209.1
184.2 189.1 192.2 192.4 193.7 196.1 200 204.9 207 208.1 208.8 208 205.8 200.6 195.1 188.5 186.4 185.7 181.5 175.5 172.3 169.5 167.6 164.1 159.2 154.7 153.5 157.8 159.6 158.3 157 155.2 156.7 155.7 158.1 158 156.9 154.2 149.8 152.6 153.4 156 159.6 162.1 161.3 158.4 155.5 153.9 151.9 148.9 146.8 144.3 141.9 140.3 139 137.5 135.8 134.8 132.4 129.6 127.6 126.1 124.9 124.2 125.2 126.1 123.5 125.3 128.3 134.6 142.3 151.2 162.5 176.1 187.1 193.4 197.9 201.4 203.8 205.8
184.1 189.9 191.8 191.5 190.3 194.8 199.6 203.4 205 208.6 208.7 205 201.9 196.6 191 184.6 180.6 179.3 175 170.2 165.9 162.8 159.6 155.3 155.6 152.7 147.7 147.6 151.8 153.5 152.4 153.4 154 153.3 154.2 154.1 155.8 155 152 147 148.2 154.5 159.5 161.8 159.3 156.3 153.3 152 150 147.9 145.9 143.4 140.9 138.6 137.3 136 134.7 132.7 130.3 128 126.4 125.1 123.7 122.6 122.8 122.8 122.6 123.7 127.4 133.2 140.1 149 158.7 171.1 182.1 188.5 194.1 197.1 200.7 202.5
180.3 185.6 188 187.4 189.8 195 198.3 201.4 204.4 207.8 205.1 200.5 196.2 191.3 185.8 180.9 176.8 172.6 168.1 164 163.5 165.1 165.5 163.8 160.4 156.6 151.1 147.6 144 146.6 145.9 148.4 149.8 150.9 151.9 153.5 156.1 155.3 150.4 143.9 145.8 152.4 158.8 160.6 157.3 154 151.2 149.6 148.1 146.3 144.6 142.2 139.9 137.5 135.6 134.6 133.8 133.1 130.8 129 127.1 125.5 124.3 123.2 121.2 120.7 120.4 122.6 126.5 131.6 138.3 146.9 156.2 166 176.1 182.5 188.5 193 196.9 199.6
174.7 179.6 183.3 187.1 192.4 195.1 197 201.8 205 206.6 203.3 195.6 191 186.1 181.4 179 175.1 168.7 166.7 171.7 173.9 173 168 163.3 159.3 157.6 155 152.3 148.7 146.9 143.7 141.1 141.4 143.4 145.6 151.6 154.4 154.3 150.8 143.8 141.9 148.6 155.9 157.1 154.6 151.4 148.8 147 146.4 144.9 143.2 141 138.6 136.3 134 133.2 133.3 133 131.4 130.1 128.6 127.4 125.8 123.9 121.7 119.6 119.2 121.8 125.4 129.6 136.1 143.7 151.8 159.9 168.9 176.3 182 189 193.2 196.9
182.9 183.4 187.6 192.6 196 198.5 201.3 203.4 206 208.1 206.2 201.2 198.8 195.9 191.5 185.8 180.9 175.4 173.4 179 176.9 171.7 167.4 164.5 163.2 162.1 159.8 156.1 153.7 152.1 149.9 145.8 141.6 138.8 139.8 146.7 151.2 153.3 150.9 146.5 138 145.7 152.7 153.1 152 148.8 146.2 144.5 144 143.2 141.8 139.7 137.5 135.2 132.9 131.6 132.3 131.7 131.1 129.7 128.8 127.5 125.6 123.8 121.4 119 118.8 121.8 124.6 128.2 133.3 139.8 146 154.2 162.2 170.2 177.1 185.1 190.1 193.6
188.3 190.4 193.5 196.5 199.8 202.6 206.1 209 209.2 209.7 209.6 208.2 205.2 202.3 197.3 191.2 187.3 183.5 180.1 182.2 178.1 174.4 170.1 167.8 167.5 166.5 163.6 159.7 157.6 156.3 152.5 151.5 146.7 141.7 137.9 140.1 147 151.2 149.3 144.1 135.7 145.3 150.1 148.8 148.2 146.2 143.9 142 141.6 141.4 139.8 138 136.2 133.9 131.7 129.8 129.5 129.3 128.6 128 127.1 126.2 124.6 123 121 118.4 117.2 120 122.6 126.4 130.5 136.2 142.3 148.3 156.2 164.2 172 180.2 187.1 190.4
191.2 193.8 197.1 201.4 206.1 209.3 211.2 211.4 209.4 208.8 208.6 208.8 209.3 205.8 200.9 195.8 192.6 189.4 185.1 183.9 180.8 177.3 172.8 171.9 169.3 168 164.4 160 157.7 157 155.3 152.4 148.6 144 139.4 136 141.2 145.7 145.7 140.4 132.4 144.1 146.1 144.1 144.1 143.5 141.5 139.6 139.1 138.6 137.5 135.5 134 132.5 130.2 127.3 126.8 126.8 126.1 125.5 125 124.1 123.1 121.7 120.1 116.8 114.7 117.6 120.6 123.6 126.8 131.3 137.1 143.3 151 159.5 167.9 175.5 183.3 186.9
194.2 197.5 201.9 206.8 211.4 215.2 214.5 211 206.7 203.4 203 200.1 202.1 201.8 200.5 197.3 196.4 194.1 190 185.4 181.5 176.7 172 170.2 168.8 166.4 162.8 160.2 157.6 156.1 153.2 150.7 146.3 142.3 139.6 136.3 134.8 137.7 139.2 135.6 137.6 146.3 144.1 140.5 140 141 139.8 137.5 136.1 135.7 135.1 133.2 131.3 130 128.7 126.5 124.5 124.1 123.5 123 122.6 121.9 121.1 120.2 118.5 115.6 113.2 116 118.9 120.2 120.2 123.2 130.4 138.4 146.5 155.1 163.9 172.5 179.1 183.3
196 200.8 205.5 212.3 216.7 217.6 215.3 210 203.9 197.9 194.6 191.6 192.2 194.2 194.8 196.3 196 192.4 188.3 184.5 178.7 172.8 168 163.1 162.8 161.5 160 157.5 155.8 155.3 151.8 150.6 146.4 143.8 141.1 138.2 135 131.7 132.7 131.3 138.1 143.8 141.4 137.8 136.9 138.1 137.9 135.3 133.1 132.7 132.4 130.9 128.6 127.3 126.2 126.4 124 121.9 120.9 120.5 120 119.6 119.1 118.5 117 115.5 113.1 114.4 117 120.7 123.6 126.7 130.8 135.4 141.8 151.9 160.8 169.5 176.1 180.1
198.7 204.1 210.1 218 220.7 220 215.5 208.5 201 194 188.9 184.5 184.2 185.1 187.7 189.6 193.7 191.1 187.2 183.3 180.1 175.6 172.9 168.3 163.7 159.1 155 153.8 152.6 153.5 153.3 151.3 147.7 145.7 143.2 140.1 136.8 133.7 130.1 127.2 134.4 138.2 137.1 134.7 133.4 135.4 136.1 133.4 131.3 130 129.5 128.5 126.2 124.8 124.6 124.4 122.8 120.4 119.1 118.6 118.2 117.8 117.2 116.2 115.7 115.1 112.6 115.1 115.7 119.3 122 124.6 128.6 133 138.5 147.4 158.1 166.7 173.9 177.7
202.3 209.4 215.5 219 222.4 222.4 218 208.1 197.7 191.2 185.9 180.6 177 177.7 181 183.2 190.5 189 185.7 182.2 179.3 177 172.9 168.1 163.5 160.6 157.6 153.1 149.1 149.2 148.5 148 146.3 145.4 145 141.7 138.7 137 133 128.6 125.4 130.9 132.7 130.9 129.5 132.3 133.9 133.2 131.3 128.6 127.8 125.6 123.9 123 122.5 122.3 121.6 119.2 117.4 116 116.5 116 115.5 114.6 113.8 113.2 112.1 113.2 115.5 116.9 119.7 122.4 126.6 131.1 139 147.3 155.4 164.4 171.9 174.3
205.1 214.4 219.8 223.7 226.5 229 223.6 210.4 199.1 190.4 183.7 178.8 173.1 168.1 174.5 176.5 184 185.9 182.7 178.9 176.1 173.5 170.7 167.1 162.8 160.3 157.5 152 149 148.1 145.8 143.9 143.4 142.3 142.3 142.6 142 140.3 136 131.5 128.1 124.9 123.7 123.8 123.8 127.1 129.3 130.7 130.8 127.8 126 123.6 122.2 121.3 120.4 120.1 120 118.1 115.8 114.3 113.9 114.1 113.7 113.2 112.9 112.5 111.3 111.8 112.3 114.5 117.4 120.3 124.4 129.7 137.5 146.9 155.5 165 169.5 170.6
208.1 217.3 225.6 231.4 236.3 235.3 225.7 212.3 201.1 192 184 178.3 172.9 167.2 165.5 170.3 176.8 180.8 179.3 175.5 173.5 171.2 167.9 164.9 161.6 159.1 156.6 154.8 152.6 150.7 148.6 145.9 143 139.4 135.9 136.5 140.9 141.8 138.9 135.7 133.4 132.2 130.1 126.9 123.9 122.2 123.7 128.1 128.7 127 124.1 122.2 120.6 119.5 118.7 117.8 117.6 116.1 114.4 112.7 112.2 112.6 111.2 111.6 111.5 110.9 110.9 110.4 111.1 112.8 115.3 118.4 122.9 128.3 136.4 146.7 155.2 161.4 164.7 165.1
212.7 223.2 233.7 244.6 247.5 237.1 226.2 214.5 202.3 193.1 185.3 178.2 172.6 166.4 160 166.5 170.8 175.1 174.7 171.1 170.5 170 170 168 164.5 162.6 160.8 158.8 156.3 153.5 150.8 147.9 144.3 141.1 137.7 134.2 135.6 138.5 138.1 136.8 135 132.7 130.8 128.9 125.7 123.6 122.6 122.7 126.2 125.4 123.2 120.8 118.8 117.9 116.9 116 114.9 115.4 113.3 113.5 114.6 115.4 114.4 114.1 114.3 115.3 114.2 113 110.1 109.2 111.8 115.5 119.9 126.1 134.5 144.4 153.5 157 158.4 158.6
