data/340000-830000.asc
ncols 200
nrows 200
xllcorner 340000
yllcorner 830000
cellsize 50
[rows 140 to 174 of 200, columns 78 to 155 of 200]
349.4 344.7 339.9 334.3 330.3 328.4 328.3 328 322.1 320.3 320.9 323.6 329.7 330.1 329.8 324.7 318.7 313.6 306.3 298.2 295.2 293.3 291.9 290.5 289.3 298.6 310.8 318.1 321.4 321.9 318.2 313.5 306.3 297.6 290.3 287.8 285.5 281.7 276.7 272 270.8 269.4 264.8 259.2 258.7 258.7 255.8 254.8 255.6 256 257.7 264.2 272.2 281.1 287.9 295 298.7 294.2 296 309.1 323.1 333.6 338.8 339.8 341.2 341.3 341.1 340.1 339.5 337.3 338.1 339.7 341.3 343.5 344.4 343.9 343.1 341.1
345.5 341.9 340.1 332.5 329.4 327.9 329.6 332.6 333.8 335.9 337.7 339.8 340.4 340.2 337.9 333.9 327.2 320.1 318.4 308.6 307.3 302.9 303.1 301 287.9 288.1 296.4 306 309.9 309.1 304.7 300.7 293.1 286.2 280.4 275 269 268.4 265.5 263.6 266.4 264.7 268 270.4 268.3 267.3 268.4 269.1 269.8 270.5 271.2 274.8 281.8 292.4 303.5 310 311.2 308.1 299 308.6 324.8 334.8 341 343.5 345.4 346.5 347.8 347.6 347 348.1 349.2 350.2 351.2 352.5 352.8 352.9 349.5 347.9
340.5 339.2 332.2 328.7 332.3 342.4 346.2 347.4 348 348.7 348.7 347.5 347.1 346.2 344.5 340.3 335.5 326.8 319.5 319.7 316.7 314.9 312.1 309.5 297.6 289 287.7 293.1 294.4 294.7 290.7 286.9 282.3 276.1 271.1 268.7 271.2 273.3 272.5 272.8 274.3 279.2 281.7 284.2 285 285.2 286.8 287.3 287.1 286.1 285.1 284.8 290.4 303.7 313.4 318.3 320 317.6 312 310 326 338.8 344.6 346.7 349.6 352.2 354.7 356.7 358.2 360 360.8 361.4 362.1 359.9 360.5 359.2 355.2 351.9
339.5 339.5 340 345 351.5 356.5 357.9 358.2 358.2 357.8 356.6 355.8 354.4 351.2 348.6 345.1 339.4 333.3 328.8 326.2 322.6 320.3 318.4 316.4 308.2 297.8 285.8 279.2 279 278.8 276.6 275.3 276.3 277.5 280.8 283 284.6 286.9 288.4 288.9 291.5 293.3 296.6 298.9 300.1 301.6 303.8 304.7 304.4 302.8 301.9 298 297.1 309.7 318.6 324.1 326.8 329.4 323 320.2 330 342.3 347.2 350.3 353.9 356.5 360.8 365.7 369.7 370.1 371.5 372.3 371.2 369.1 365.7 362.1 359.3 354.4
345 347.5 352.8 358.8 362.6 365.2 366.3 366.7 366.7 366 364 362.7 358.3 354.5 352.1 348.2 341.9 335.8 332.2 329.2 324.6 321.1 319.5 316.3 312.2 306 294.1 281.5 282.8 284.4 287 289.2 290.7 292.2 293.9 295.8 297.2 298.7 300.2 301.3 303.9 308.3 314.2 317.7 319.7 320.4 321.1 321.7 320.5 317.8 314.5 308.4 303.6 316.1 323.9 329.7 334.2 336.2 335.1 333.5 337.1 343.7 349.3 355.1 360 365 369.3 374.3 378.7 379.8 380.9 378.1 374 370.8 366.7 362.6 358.6 353.2
353.2 357.3 366.2 370.3 371.5 372.4 372.7 373.1 373.2 371.1 369.3 366.2 361.3 356.9 353.3 348.8 342.7 337.8 331.4 326.2 321.8 314.7 314.9 311.6 308.1 303.6 291.3 292 298.3 300.4 299.8 301.3 301.9 302.8 303.9 305.6 308.9 310.5 312 315.4 319.8 327.3 337.8 339.7 340.8 340.3 339.1 337 333.7 330.7 325.1 317.5 309.9 321.6 331 338 338.9 339.6 340.3 339.1 341.1 347.2 353.4 360.1 366.5 371.2 375.3 379.8 382.6 384 383.3 380.5 376.4 371 366.4 361.7 356.7 351.2
364.5 371 376.9 378.5 379 379.6 379.3 379.2 377.9 375.6 371.6 367.1 361.8 356.5 352.8 348.8 340.3 330.4 324.9 317.2 307.3 305.9 303.2 300.6 296.5 291.4 299 307.9 311.3 311.5 312 312.9 312.8 313.1 315.4 317.9 320.9 322.8 326.9 331.9 340.7 350.3 354.4 356.4 356 353.8 351.2 349.2 346.7 343.1 337.3 331 321.5 326.6 338.9 341.3 342.4 343 343.8 345 347 352.4 359.3 365.3 370.5 373.6 377.8 381.2 383 384.2 383.6 380 373.7 368.3 364.2 360 354.8 349.3
374.5 377.6 381.4 385 385.6 385.2 383.7 382.8 381 377.8 372.8 367.8 361.8 354.6 348.2 334 328.7 324.8 318.4 316.6 319.1 318.9 315.4 306.9 304.1 308.9 315.7 323.8 326 326.3 325.5 325.6 326.8 329.1 332.1 336.4 339.5 342.5 345 349.1 357.4 362 364.7 366.8 365.5 362.7 360.1 357.8 355.1 352.4 349.7 344.6 337.5 337.9 344.1 345.3 346.6 350.9 351.3 353 358.1 355.4 360.6 365.7 370.2 372.5 375.1 379 381.2 379.8 377.3 371.3 369.7 365.6 361.9 357.3 351.5 345.9
384.6 387.1 389 390.2 389.8 388.5 386.3 382.9 381.4 378.3 372.4 365.8 358.4 347.7 337.2 329.9 330.4 333.7 333.4 337.9 336.1 334.6 330.8 316.7 318.2 325.5 335.4 341.5 342 341 341.7 342.4 344.2 346.9 351.2 353.9 356.5 357.7 360.2 363.5 367.6 370.9 373.9 375.3 373.2 370.3 367.3 364.3 361.2 358.6 356.7 353.7 351.1 349.7 350.1 352.7 355.5 360 358.1 360.8 362.4 360.6 360.6 362.2 364.5 367 368.5 370.1 370.2 369.3 368.9 365.8 365.2 363.8 359.4 354.3 348.5 342.9
394.7 394.4 394.1 393.3 391.4 389.8 385.2 381.7 380.2 375.4 369.8 361.4 349.7 338.9 337.3 339.3 344.5 348.8 350.4 350.9 347.7 345.7 338.2 321.6 330.2 343 353 355.2 354 352.7 354.2 356.2 357.5 359.9 361.3 363.8 366.4 368.3 371.1 374.7 376.2 378.6 382.7 381.4 378 374.4 371.9 370 367.3 364 361.2 358.9 357.7 356.7 358.9 362 364 364.7 363.9 363.3 360.8 356.1 355.4 355.7 354.6 355.3 356.6 357.9 358.8 359.1 360.4 361 360.2 358.2 355.2 350.7 345.2 340
398.5 398.6 398.3 395.5 392.1 387.7 384.4 380.2 375.5 371.9 363.8 353.2 347.8 345 351.1 357.8 362.7 366.7 365.9 362.3 359.5 355.2 345.8 331.7 344.1 356.5 361.8 363.1 362.2 363.5 366.4 368 369.4 370.1 371.6 374 376.1 378.1 380.3 382.8 384.2 386 387.3 384.2 381.2 377.7 375.6 373 370.5 368.3 366.1 364.3 362.4 363.4 365.2 367.8 369.6 368.6 365.9 362.8 357.5 352.9 350.2 346.4 344.2 344.4 344.6 345.7 347 348.1 350.8 352.2 351.6 350.9 347.8 344.5 340.3 333.8
403.2 403 400.1 395.7 390.1 386.9 381.3 375.9 371.7 363.4 355 349.1 352.2 360.6 365.7 368.8 371.1 374.6 373.4 368.9 366.4 363.5 358.2 344.8 357.8 365.4 368.6 370.1 372 374.1 377 379.6 380.3 380.3 381.9 383.3 385 386.8 387.9 389.9 390.7 391.8 390.1 386.5 383.7 380.3 377.2 374.9 373.1 371.3 368.6 366.2 364.6 365.1 367 369.3 370 366.8 364.6 360 354.7 349.3 343 338.3 334.5 334.8 334.9 333.8 335.1 336.5 338.5 339.8 341.3 340.2 338.2 335.6 330.8 324.8
406.9 403.8 400.8 396.5 390 383.5 377.2 369.5 363 359 358.7 357.5 362.8 369.6 374.1 375.8 377.6 379 377.9 375.9 373.5 370.1 364 359.9 366.2 371.6 374.7 376.1 379 382.6 385.6 387.5 388.3 390.4 391.6 392.6 394 393.6 393.2 392 392.5 392.3 391 387 382.1 378.9 376.5 374 371.8 369.6 366.6 365.1 364.2 364 365.4 366 364.7 362.5 358.8 354.1 347.5 340 332.4 327.9 324.9 323.3 321.9 321.6 322.9 323.8 325 326.1 327.1 327.4 325.6 324 319.5 315.5
408.2 404.7 401.2 397.8 392.1 386.1 378.2 369.4 365.1 363.6 362 361.1 366.3 374.2 378.4 381 383 384.1 383.6 381.9 380.1 376.5 374.2 373.4 374.2 375.8 378.6 381.5 384.8 388.4 391.7 394.4 396.6 400.9 402.9 401.2 400 400.4 397.8 394.6 392.3 391.6 389.7 383.7 379.5 377.1 375.2 373.1 370.4 367.5 364.5 362.8 362 360.4 360 358.2 355.4 352.8 349 343 336 329.2 322.3 316.8 312.1 310 308.7 308.8 309.3 309.8 311.1 312.4 313.4 313.8 312.9 311.9 308.3 305.9
410.6 407.2 403.8 400.2 394.7 389.3 383.3 376.6 373.1 371.4 369.4 367.4 370.5 377.7 382.8 385.8 388.4 391 389.7 387.6 385.2 382.4 380.5 378.8 379.5 378.9 381 384.7 387.5 390.4 391.4 395.2 398.7 400.1 401.7 400.9 400.2 399.2 396.5 392.7 391 390.1 385.8 380.7 377.3 373.8 371.5 370 366.5 363.3 361 357.7 354.8 352.3 349.9 345.5 342.2 340.1 337.4 330.5 324.4 317.7 310.7 304 300.3 297.9 296.5 294.4 294.5 295.9 297.3 298.7 300.5 301 300.6 300 298.4 296.8
411.8 409.9 406.4 403.2 398.3 393.5 388.7 383.8 380.6 378.7 376.5 374.1 375.9 381.3 387 390.7 394.4 398.5 396.5 392.8 388.9 387.1 385.4 383.2 381.3 379.8 380.9 382.4 386 389.4 389.7 390.7 395.6 394.5 395.7 396.9 396.2 395.7 393 390.5 388.7 386.3 381.6 378.5 374.7 371.3 368.3 366.5 362.5 358.4 354.2 350.4 344.8 339.8 335.7 333.8 331.2 327.6 324.5 319.6 312.9 306.2 299.2 298.9 298.2 294.4 289.6 288.9 288.8 288.5 288.5 286.7 288.2 289.1 289.3 288.8 288.9 287.3
411.6 411.3 409 405.5 401.6 397.5 393 389.6 386.9 385.9 384.4 379.4 381.3 386 391.1 395.1 398.8 400.5 399.9 395 392 389.8 387.4 385.6 382.9 380.6 380.7 380.1 382.1 383.6 384.4 386.8 388.9 388.8 389.6 390.7 390.9 390.8 390.6 388.6 386.3 382.4 379.6 376.8 373.3 368.7 363.8 360.6 356.3 350.1 345 337 330 328.2 324.5 322.9 321 317.5 312.6 308.4 309.7 310.3 310.4 311 309.4 307.2 303.9 299.5 294.3 290.1 288.9 282.2 279.9 281.2 277.9 278 277.1 274.5
410.7 410.5 409.9 406.7 402.8 398.8 396.1 393.7 391.7 390.8 390.3 389.3 386.4 389.1 393.4 396.8 399.9 398.9 399.4 397 393.4 391.1 388.4 384.5 380.8 377.7 376.4 376.3 375.7 376.9 378.8 381.7 383.3 384.3 385.7 387.8 387.8 387.5 386.8 386.3 384.7 381.2 378.1 375.3 371.1 365 357.1 349.7 346.2 339.9 339 335 332.4 333.7 328.5 324.9 320.1 320.2 321.3 323.6 325.2 325 324.4 324.5 323.6 321 317.9 314.2 308.3 302 295.7 289.3 282.2 279.6 273.3 269.4 269.5 268.3
408.2 409.4 408 405.8 402.1 401.2 398.7 396.3 395.7 394.8 394.2 393.1 390.7 391.5 394.1 398 399.3 399.5 398 396 392.1 388.7 384.6 380.7 377.7 374.3 370.9 370.5 369.7 371.4 373.6 374.5 376.9 380.1 382.3 385.1 385.4 386.4 386.1 384.7 383.1 380.1 376.9 373.7 369.3 362.1 356.4 351 347.5 344 344.4 344.2 344.1 343.8 341.6 338.5 333.6 338.4 339.8 340.5 340.7 340.4 339.9 339.1 338.1 335.9 332.2 327.4 321.7 315.4 307.1 298.7 291.3 284.8 281.2 279.2 279.2 278.3
403.9 405.1 405 402.8 401.8 400 400.9 399.6 399.1 397.8 396.5 395.6 395.1 395 396.5 399.2 399.6 399.5 397.1 394.6 390.3 384.7 380.2 373.8 370.7 367.2 364.3 363.1 363.6 365.9 367.2 368.1 370.5 373.2 377.9 382.8 384.6 385.3 385.5 385.1 384.1 381.2 377.8 375.5 371.5 365.7 361.2 356 353.1 351.8 352.9 353.5 354.3 355.1 355.1 353.3 352.6 353.7 354.7 355.5 356.2 355.8 355.4 354.7 353.5 351.1 346.8 341.5 335.7 328.2 318.6 309.2 299.8 293.4 288.7 291.6 291.6 291.8
398.7 401.2 400.5 400.6 399.8 398.8 400.1 401 401.2 400.1 398.7 397.3 398.1 398.9 399.4 399.8 399.9 399.3 396.6 394 387.1 379.9 370.6 363.6 361.3 356.5 353.6 354.1 355.8 360.1 358.9 361.8 364.3 368.7 375.2 381.6 384.3 385.9 387.9 387.5 386.4 385.5 383.3 380.4 376 371.8 367.2 362.3 358.6 357.3 360.1 363.7 367.5 369.4 370.8 369.4 367.7 368.6 369.5 370.7 372.2 371.2 370.8 370.5 369 366.3 361.7 357.1 350.4 342.3 333.4 324.1 313.4 304.1 302.2 304.7 307.2 308.4
395.3 396.3 396 396.5 397 398.1 401.3 402 402 401.4 399.9 399.2 400 400.8 400.9 400.6 400.5 399.1 397.2 394.1 388.8 383 377.1 366.6 356.2 349 343.4 340.8 342.9 345.4 348.3 353.2 360.6 368.3 374.6 379.5 384.6 387.8 389.9 390.8 390.4 389.6 388.9 386.8 383.9 379.8 375.9 372.5 368.8 368.6 371.8 376.1 381.3 385.1 387.6 386.6 384.3 383.3 385.3 389.3 392 392.1 389.7 388.6 387.1 385.2 379.8 375.1 369.6 359.7 348.4 338.6 328.8 321.1 323.3 327.4 328.4 328
392.1 391.7 391.7 392.2 393.4 397.4 401.4 402.8 402.8 401.7 401 400.9 401.1 401.2 401.3 400.9 400.6 400 399.6 396.6 391.6 386.7 379.8 371.7 364 354.8 345.3 339.5 333.6 336.2 343.9 350.7 358.5 365.2 371.9 377.5 383 387.9 392.9 395.9 399.2 399.3 397.7 395.1 391.9 388.5 385.5 383.1 381.7 382.9 385.2 389.1 394.5 397.4 399.8 401.7 400.9 400 405.1 412.3 414.9 412.6 411.2 410.1 408.3 405.8 401.1 394.7 385.5 374.7 362.6 352.4 344.7 340.1 339.6 340.9 341.7 342.5
386.6 386.1 385.6 385.6 390 394.5 398.6 400.7 401.6 401.7 401.1 400.3 401.1 401.3 401.5 402.4 403.5 403.5 403.4 399.4 394.8 390.1 383.9 376.7 368.6 358.5 349.9 341.4 331.7 331.3 342.1 348.4 355 361.7 368.4 375.2 381.1 386.2 394.6 401.9 408.7 408.7 406.2 403.5 400.8 398.5 395.9 394.3 392.9 390.9 393.4 397.6 404.8 411.4 415.4 418.8 419.9 423.1 429 427.1 425.8 422 420.6 421.8 422.9 424.1 420.7 411.1 399.3 386.5 373.6 363.3 356.5 352.6 352.5 351.7 352.1 352.4
378.1 379.1 378.8 379.5 384.9 389.5 394.3 397.7 398.7 400.8 401 400 400.6 401.1 402.3 404.9 406.8 407.2 407 404.1 399.2 394.9 388.6 381.5 372 362.6 354.8 344.6 335 329 336.5 344 350.2 357.8 365.5 372.3 378.5 384.4 392.1 404.1 411.2 412.7 413 410.5 407.9 405.5 404.6 403.6 402.8 404.3 412.1 417.9 423 430.4 432 435.3 437.3 437.9 434.7 433.6 428.5 422.6 421.1 424.6 429.5 431.7 430.6 421.3 409.8 394.2 380.5 370 365.3 362.5 360.8 359.3 358.9 358.8
369.5 370.5 369.8 372.1 376.9 384 389.6 393.4 396.5 398.9 400.1 399.2 398.9 401 403 405.5 408.3 410 410.7 410.6 406.2 401.4 393.5 385.4 375.8 367.6 357 346.8 334.2 325.7 326.5 336.9 343.9 351.8 359.9 367.7 375.7 384.2 395.3 402.8 411.7 415.4 417.3 416.6 413.8 412.2 411.6 410 412.1 421.2 428.4 433.1 435 436.4 439.5 440 440 439.7 435.2 429.9 421.5 415.6 413.3 418.5 422.8 425 426.4 420.9 409.7 396.1 383.4 374.4 371.2 368.6 367.1 365.9 364.8 363.9
361.3 361.9 360.5 362.8 367.6 375 382.6 387.3 392.5 394.9 397.6 398.1 398.2 399.8 401.5 404 408 410.6 412.1 412.9 412.1 408.8 399.2 389.4 380.2 371 360.4 349.4 337 325.5 318.8 327.7 337.2 345.9 354.7 362.8 371.2 379.5 393.1 402.7 410.1 417.2 419.3 419.6 421.2 418.6 416.7 416.5 418 428.8 431.3 432.9 432.7 432.5 434.3 434.5 436.2 435.4 430.2 420.7 411.7 404.6 398.6 401.3 407 412.1 413.3 410.3 401.9 390.5 381.5 374.6 373.3 372.7 372 370.7 369.9 368.7
353.1 353.3 351 352.6 357.7 365.9 374 381.2 387.3 391.8 395.3 396.1 395.7 396.5 398.4 401.1 405 410.5 413.2 414.5 414.6 411.8 404 394 384.4 375.1 363.6 352.5 341.6 327.6 319.6 319.8 329.5 339.7 348.7 358.1 366.4 375.3 388.4 399.1 407.6 415.9 419.9 421.2 421.2 419.1 418.5 418.1 421.1 430.3 430.5 427.4 426.8 425.7 425.3 426.6 427 425.5 418 408 397.8 388.8 382.2 382.7 388.3 393.1 396.4 394.9 391.1 382.8 376.9 374.1 374.4 373.1 372.7 372.6 373.2 371.3
344.1 345 342.6 343.3 351.7 359.8 369 378.6 386.1 389.7 391.2 391.9 391.5 391.7 393.2 396.5 400.5 406.6 410.8 413 414.4 413.3 409.8 400.3 390.7 381.2 368.8 357.1 345.5 331.5 320.4 318.5 321.8 331.5 343.3 353.5 361.8 369.4 381.7 394.5 404.4 411.9 418.7 421.2 421.2 419.5 418.6 418.2 419.8 422 420.8 418.3 416.3 413.2 413.9 414.2 413 411.1 405.1 394.4 384.2 371.8 359.8 361.4 368.8 374.3 378.5 380.1 379.3 375.6 374.6 374.6 372.8 371.2 371.2 372.3 373.2 370.2
335.2 335.3 335.7 340 346.7 355.2 363.6 372.4 378.2 381.6 383.6 385.4 385.6 384.6 385 387.7 392.7 397.6 403.6 410.1 413.5 415.9 412.7 406.6 397.1 388.2 375.2 362.2 349.9 335.8 322.1 317.1 317 323 332.7 346.6 355.6 363.2 372.7 385.8 397.1 406.8 414.3 416.9 416 414 413.2 413 413 411.2 409.4 407.8 405.7 403.3 402.5 400.3 397.8 395.6 388.2 382.6 373.2 356 342.7 343.4 351.3 358.6 365.2 370.2 371.9 373.9 373.2 370.5 368.7 367.8 370.3 371.7 370.7 367.8
327.3 327.5 329 333.6 338.1 346.5 355.2 361.7 367.9 371.3 373.8 375.9 376.4 376.1 376 376.8 380.9 388 394.6 403.8 411.5 419.2 417.7 411.2 405.1 394 381.8 369.4 354.7 340.2 325.8 315 311 317.7 322.7 335.9 346.8 358.1 367.6 376.8 387.5 398.4 405.7 408.8 408.1 407.5 407 406.2 404.8 403.3 401.5 399.5 396.9 394.3 392.5 389.2 386.3 381.8 378.3 372.4 364.2 349.7 329.3 326 335.4 345.4 353.6 359.3 363 364.8 364 362.8 361.7 360.8 362.8 365.1 365 363.4
321.4 320.7 321.8 324.3 329.6 335.5 341.1 348.4 355.5 359.2 360.4 362.5 363.1 362.5 362.7 364.4 369.7 377.3 385.9 395.1 405.4 414.6 414.8 414.5 410 398 387.7 375.2 361 344.7 330 316.5 309.5 312.5 315.6 325 334.6 346.3 359 368.9 378.8 386.3 393.2 396.2 397.6 398 398.2 398.3 396.7 395.2 393.4 390.8 388.1 385.2 381.5 378.9 375.3 372.1 368.2 362.7 356 339.8 321.4 310.1 320.3 330.7 342.5 347.3 351 353 352.3 350.9 350.2 350.4 352.1 354.8 356.3 355.7
319.1 319.1 319.2 319 318.7 322.7 326.7 332.1 340.2 343.4 345.6 347 348.3 348.6 349 351.5 355.9 365.5 375.5 386.5 396.7 407.5 412.8 414.5 410 401 393.6 382.3 365.8 349.1 334.7 320.1 310.5 308.3 309.6 314.8 322.4 335.9 349.1 360.7 369.4 376.2 381.2 385.8 388.7 389.4 390.2 389.9 389.2 387.5 384.7 381.9 378.3 374.4 368.1 364.3 363.1 360.6 357.8 352.6 346.5 333.7 319 305.6 307.8 320.2 329.2 336.5 338.8 339.6 340.3 339 339 339.1 341.2 342.8 344.2 342.1
321 319.1 319.4 319.7 319.4 318.1 317.4 318.5 321.4 325.7 328.7 334.7 335.3 335.7 336 338.1 341.1 349 363.4 375.7 387.5 398.5 407 411.6 409.3 404.2 397.1 387.5 372.2 354.8 340.2 322.4 312.4 307.6 303.9 305.8 312.6 327 337.8 348 358.2 364.7 368.7 372.2 377.5 381.3 382.1 382 380.9 379.2 378.7 375.3 370.6 362.5 354.4 352.7 352.7 350.3 347.8 344.7 339.8 329.9 314.8 302.6 298.6 310.9 318.9 325.2 328.4 328.8 328.7 327.4 327.4 327.1 329.2 330.6 332.3 333.5
330.5 325.7 324 322.9 321.1 318.2 314.8 314.6 312 311.9 310.4 311.4 316 318.8 320.6 324.4 331.3 337.2 347.3 363.4 377.2 388.3 397.9 404.2 406.4 403.9 398.1 389.9 375.3 360.5 346.6 327 317 308 301.8 302 308 318.4 329 336.5 345.2 352.2 357.8 360.9 364.1 366.2 369.3 372 371.1 374.8 374.2 372.1 366.9 362.3 350.8 343.5 341.3 339.4 337.9 335.7 331.9 325.1 310.7 297 291 297.6 305.6 312.7 316.3 317.4 315.6 312.7 309.4 308.7 311.2 317.2 320.7 325.2
