data/340000-780000.asc
ncols 200
nrows 200
xllcorner 340000
yllcorner 780000
cellsize 50
[rows 140 to 174 of 200, columns 0 to 77 of 200]
481.3 500.1 517.2 530.4 542.6 548.4 553.5 561.8 568.4 571.8 571 568.7 560.4 537.3 497.5 456.8 407.6 381.1 342.3 327.6 325.5 332.6 351 355.9 360.8 363.5 365.1 364.6 366 366.7 359.3 346.1 335.3 318.6 307.1 306.7 309 310 310 311.2 313.5 314.7 321.6 327.4 340 353.5 368.1 384.8 407.4 427.3 447.1 464.5 479.8 495.3 510.6 521.4 528.3 531.2 530.7 521.7 510.5 497.9 484 473.6 467.4 457.8 473.2 488.3 504.6 519.7 532.7 545.7 562 577.2 587.1 592.8 597.6 602.1
509.5 524.9 542 555 565.7 568.4 567.3 570.8 576 579.8 580 576.8 567.4 543.4 502 457.4 421.1 394.6 359.5 344.1 344.8 352.4 368.7 375 380.9 384.5 388 391.9 402 405.7 404.7 382.2 364.5 341.5 316.5 307.1 305.4 307.2 307.4 307.9 310.9 313 317.2 322.4 333.4 346.1 358.6 372.9 390.8 409.8 431.9 454.1 471.9 488.8 503.2 513.8 521.1 524 522.9 515 504.3 488.3 474.4 463.4 456.7 449.6 462.7 478.2 493.8 510.6 523.2 535.1 550.7 565.7 574.5 580.4 585.4 590.5
545.8 552 567.4 579.5 583.5 583.7 578.6 581.3 582.4 586.7 587.6 582 570.6 548.5 500.4 465.3 441.6 405.4 386.8 365.2 361.6 368.7 382.3 389.1 397.1 403.4 410.3 419.5 432.5 441.2 447.7 426.8 399 367.7 337 318.8 305.3 304.3 306.4 306.2 306.3 309.1 313.8 319.7 326.8 339 351.8 362.3 377.6 397.3 420.8 445.7 465.8 483.4 497.4 507.3 515 518.8 517.2 509.8 498.1 481.9 467.5 456 448.3 443.2 452.1 467.2 482.9 498.7 512.2 523.4 537.6 549.5 559.2 565.5 571.6 576.9
588.2 590.3 597 600.9 599.6 598.4 594.5 591.2 590.5 593.3 593.7 589.6 571.2 544.8 493.1 472.2 453.5 417.7 402.2 385 383.2 389.4 399.3 403 415.7 424.8 432.5 440.4 449.4 459.9 470.8 472.3 442 391 362.6 334 313.4 303.5 305.6 305.4 305.1 306.1 311.1 316.9 324.2 332 344.5 354.7 365.2 387.6 411.5 436.7 459.4 477.3 490.9 501.8 510.6 514.7 511.9 503.6 491.5 475.3 461.7 451 442.5 436.4 442.2 455.8 469.2 483.2 496.8 507.4 519.9 531.4 541.2 549.1 556.5 562.9
630.5 630.3 626.9 621.2 617.8 614.7 607.9 602.1 599.2 599.1 599 595.7 571.1 523.3 495.2 475.4 461.1 432.2 412.7 405.9 409.1 417.3 423 429.9 441.2 450.4 454.9 459.1 466.3 474.2 485.4 496.9 464.6 418.3 378.2 347.2 324.8 308.3 303.4 304.2 304.5 305.1 308.7 314.4 320.8 325.8 336.3 349.2 355.8 376 398.6 424.9 449.5 467.8 482.5 494.3 506 511.6 509.2 499.5 485 469.9 456.2 445.7 438.4 431.4 430.3 444.7 455.7 467.4 479 489.8 501.2 512.7 521.8 530.8 539.8 548.4
660.2 656.5 650.4 641.8 637.2 633.7 625.9 618.3 610.9 606.5 603.8 599 556.6 519.9 489.5 476.4 460.2 445.6 429.5 422.2 426.6 437.2 447.6 457.8 470.1 477.6 481.3 482 485.6 489.2 498.9 508.9 506.7 457.5 411.2 364.7 334.5 315.5 304.5 303.1 304 303.4 306.3 311.5 317.5 321.4 329.8 341.8 348.8 363.6 385.6 409.2 435.2 455.6 471.8 486.1 499.3 507.2 505.3 496.6 482 464.9 451.6 442.6 434.9 427.7 415.7 433.1 443.6 453 462.8 472.6 483.4 493.7 503.5 513.5 522 532.6
666.2 664.1 661.4 658.2 654.4 651.3 645 637 626.3 615.7 609.4 598.1 538.8 511 485.8 473.3 457.3 453.5 440 449.1 452.7 462.9 476.4 488.8 499.5 504.4 509.6 511.6 509.1 504.7 511 515.7 515 477.9 433.9 384 341.9 318.3 305.8 304.4 303.2 303.3 303.5 307.6 313.7 319.3 326 336.5 336.4 350.2 369.8 392.3 418.2 441.4 460.2 478.1 495.6 503.7 505.1 497.3 479.4 461.2 448.1 439.8 431.7 424.4 412.3 420.8 431 439.8 448.6 457.8 467.9 477.1 486.4 495.6 505.4 517.1
664.3 664.8 664.6 664.8 664.2 660.7 655.7 649.6 640.4 629 616.2 587.1 539.8 502.6 484.1 471.9 464.3 457.1 453.7 463.9 489.7 510 526.8 534.1 536.6 533.6 533.5 532.2 530.2 521.1 522.2 520.6 520.1 506.3 457.1 410.2 353 321.9 305.9 304.3 302.2 303.3 303.3 303.8 310 316 321.1 326.1 329.6 341 356.2 375.1 403.1 427.7 448.7 470.7 488.2 498.1 502.8 497.8 483.4 462.3 446.4 437.3 429.9 423.4 413.6 410.1 419.2 426.8 437.2 445.8 455 464.1 473.1 483.1 493.7 505.2
660.1 662 665.2 668.1 668.9 666.8 662.2 656 648.9 639.5 622.6 573.6 546 511.9 487.1 479.6 472.1 469.7 477 491.3 513.7 533.9 549.1 557.3 560.8 562.7 558.2 550.3 539.8 536.3 528.5 522.6 517.4 498.4 460.1 416.2 353.9 318.5 305.7 304.6 303.5 302.5 302.1 301.8 307.5 312.8 316.8 319.6 325.5 335 344.3 359.7 385.4 412.2 436.1 459.4 477.4 490.4 493.1 491.4 483.9 469.6 452.6 437.5 427.8 419.6 413.4 400 409.8 416.9 425.9 434.6 442.8 452.6 462.9 473.6 484.8 496.2
654.7 659.1 663.2 667.2 668.8 665.1 664.1 661.3 653.6 645.1 629.3 584.2 552.7 527.7 499.2 489.1 486.1 492.3 508.1 525.6 541.9 563 574.2 579.3 579.8 580.7 577.8 566.9 554.6 548.8 537.4 530.9 516.7 492.5 456.9 413.2 352.1 318.4 306.4 304 302.7 301.7 301.9 301.5 305.5 309.5 313 316.1 322.1 329 337.2 346.8 367.4 392.4 419.7 443.1 461 473.4 484.8 485.2 478.7 469.7 455.8 439.9 427.7 417.1 407.7 395.3 398.8 405.3 415.5 423.6 432.6 442.8 453.3 465.4 477.7 490.5
647.2 653.2 658.6 662.6 663.5 662 661.7 659.9 654.6 647.6 638.7 612.4 570.9 540.7 516 507.5 503.2 521.7 540.6 558.1 572.3 583.9 591.4 598.5 600.5 598.6 594.3 583.3 568.2 557 545.4 536.9 509.9 478 446.6 408.5 350 319.9 305.2 303.9 302.3 301.6 301.3 301 301.9 306.4 308.8 311 315.7 323.6 330.3 337.4 348.8 373.2 400.1 423.3 442.7 456.6 467.7 472.1 468 464.5 455.8 440.7 423.6 412.9 403.5 398.6 391.4 396.1 404.9 413.2 423.5 434.3 446 459.4 471.5 484.8
638 645.9 651.2 654 652.3 652 651.5 650.5 649.2 646.1 641.1 629.8 600.5 560.5 533.7 525 519.5 540 558.2 574.1 585.3 595.6 604.3 611.6 617.1 615.9 611 601.8 586.1 569.4 556.2 536.7 497.6 462.3 430.2 394.6 349.7 325 305.1 302.5 301.2 301.3 300.7 300.4 300.3 303.9 308.1 307.7 313.8 317.2 323.1 329.8 336.5 354 377 402.2 422.7 438.1 451.9 458.1 460 458 456.7 443.8 427.8 406.1 397.3 397.7 384.2 390 395.1 404 415.3 427.5 439.7 453.3 466.3 480.4
628.6 634.9 639.3 639.8 637.6 636.9 636.4 638 638.7 640.5 640.2 634.5 615 589 559.9 546.5 533.7 552 566 579.3 591.5 602.9 612.2 621.2 628.4 630.7 626.2 617 603.5 584.4 566.2 537.1 494.8 455.6 426.4 388.8 349.8 326.6 306.9 302.9 300.3 301 300.1 299.4 299.8 302.4 306.8 306.4 309.7 312.7 316.5 323.6 327.9 336.7 354.9 377.6 399.1 414.9 428.2 441 446.2 450 450.7 438.1 420 404.2 396.2 386.9 379.5 383.7 387.6 397 409.2 422 434.4 447.5 461.1 476.1
617.9 623.3 625.9 625.7 622.9 621 623.2 625.6 628.6 633.7 637 636.4 626.5 605.9 585 569 554.2 555.4 571.6 585.9 598.6 609.7 620.5 630.3 637.1 641.7 641.3 632.7 618.8 597.8 573.4 532.3 497.2 456.4 424.7 390.7 353.4 329.5 309.9 303.3 302.1 300 301.5 300.6 299.7 301.4 303.7 304.2 306.5 308.2 311 316.5 321.1 326.5 337.7 354.7 374.3 391.8 406.3 416.7 428.1 434.2 431.6 423.8 409.2 396.1 388.3 383.5 378.7 376.9 381.7 388.7 403.2 416 429 442.2 456.7 473.4
608.1 611 611.9 610.5 607.7 607.4 610.3 615.1 619.8 627.1 632.8 636.6 636 621.8 599.7 585.9 574.5 562 574.3 590.9 605.3 618.5 630.2 638.2 645.4 651.2 651.7 646.5 632.5 611.2 581.2 536.7 503.5 469.3 427.8 390.4 357.7 334 317.7 307.5 302.1 301.1 301.1 301.2 300 297.7 301.3 303 303.6 304.9 308.4 313 316.4 322.6 330.3 338.1 353 368.1 381.4 393.8 402.1 406.8 408.2 402.9 394.5 385.2 381.6 377.2 371.4 372.3 376 379.2 398.6 411.2 423.2 436.6 453.8 469.6
596.9 597.9 597.2 594.4 592.4 594.5 599 604.7 611.8 621.6 630.7 637.5 639.9 634 614.3 600 588.2 579.5 573.7 593.6 610.1 623.8 635.9 645.2 653.4 660.1 659.5 655.2 643.2 621.4 586.7 542.4 509.2 470.9 434.8 397.7 367.6 344.7 326.6 312.3 302.3 300.9 300.9 300.4 299.6 298.8 299.4 301.7 302.3 302.9 305.7 308.4 310.6 317.5 323.8 329 338.9 350.1 361.4 369 377.8 384 386.6 385.7 381.7 376.3 373.6 372.8 369.4 367.7 371.7 379.4 393.3 405.5 417.7 433.2 450.1 465.8
584.8 585.1 584.4 580.2 578.5 581.6 587.8 595.1 606.4 617.5 628.5 637.7 641.6 641.4 627.6 612.5 600.9 593.1 589 596 612.9 625.9 636.6 647.6 656.2 664 665.5 662.6 653.8 633.2 601.6 559.9 515.8 479.4 443.7 409.3 382.3 359.8 338.1 318.9 305.2 300.4 300 299.5 298.8 298.4 296.8 299.8 300.7 300.5 303.1 305.2 308.1 312.2 316.6 325.6 329.5 334.6 346.8 356.2 362.2 366.3 367.3 369.2 369.8 368.8 369.4 368.9 367.4 365.3 368.8 377.9 387.7 398.8 413.3 429 446.1 461.9
572.7 573 569.3 563.5 562.7 566.8 574.2 585.8 599.4 612.8 626.2 636.9 645.1 647.2 638.9 627 615.9 607.4 603.1 601.7 613.4 626.8 636.2 647.5 656.4 665 669.3 668.7 662.9 644.8 611.4 569.2 527.5 487 456.9 432.9 402.6 375.4 353 333.4 314.1 302.3 299.4 298.9 298.7 298.5 298.2 298 298.8 299.5 300.7 304 306.3 308.5 315.2 322.3 327.1 326.3 336.6 343.6 350.4 354.5 358.4 361.7 362.4 363.5 363.9 364.2 360.3 363.1 366.1 372.3 382.9 393.8 409.5 425.2 441.9 458.3
560.3 558.5 550.3 545.5 546.3 550.6 562.6 577.8 592.8 609.1 623.9 635.5 646.3 650.9 647 638.9 628.1 618.5 614.3 612.4 617.3 627.2 637.3 647.2 655.9 664.8 670.8 670.5 667.2 655.2 620 580.3 543.4 512.3 479.8 453.5 429.4 394.5 368.1 345.7 328.1 307.8 299.8 298.7 298.6 298.3 298.2 295.4 297.8 299.1 298.5 301.9 305.6 306.9 311.4 317.6 319.7 323.9 327 333.8 340.7 346.9 352.6 355.9 358 360.2 360.3 359.9 359.2 355.6 362.4 368.4 377.5 384.9 404.5 419.5 435.9 451.3
540.4 536.3 529.8 528.6 529.5 535.8 551.4 568.6 585.7 603 619.2 633 645.7 653.3 654.2 650 641.2 630 623.5 621.3 623.9 629.7 638.3 647.1 655.4 663.3 668.6 669.2 667.6 660.2 634.4 597.5 565.7 534.3 504.9 480.4 461.9 425.3 389.4 360.2 339.4 317.7 300.8 298.5 298.1 298 298.2 297.7 296.7 297.3 298.2 299.6 300.1 302.5 308 313 315.1 322.4 325.7 326.8 333.7 339 344.8 348.8 352 355 356.2 355.8 355.2 352.6 358.8 363.8 367.4 379.6 398.1 413.2 428.6 442.7
518.9 515.6 513.7 513.9 514.6 524.3 540.6 558.7 577.8 597.6 614.6 630.6 643.6 653.7 657.9 657.8 650.4 639.6 632.5 629 630.6 634.6 639.7 646.8 654.9 660.4 664.3 665.9 665.1 659.9 650.4 625.1 587.5 554.7 528.5 505.9 486.4 458.5 422.1 382.1 351.1 327.5 307.1 298.5 297.8 298 298.1 297.2 296.6 296 296.2 297.8 296.1 300.1 304.9 308.5 312.6 317.3 321.8 323.6 326 329.4 336.2 341.5 344.7 348.9 350 350.5 351 349.5 356.2 359.7 362.3 376.8 391.4 404.8 419.4 432.4
499.5 498.8 499.8 500.9 501.8 513.7 530.9 550.2 570.7 590.6 609.9 625.4 640.8 653 660.2 660.1 657 648 640.2 637.3 637.7 640.7 644.1 648.7 652.8 657.1 659.8 660.5 660.3 657.2 653.1 647.7 618.3 585.9 558.1 529.1 507.4 482.3 452.6 418.6 370 340.4 316.1 303.9 297.9 298.6 297.2 295.9 297.9 296.5 296 295.1 295.1 298.1 299.6 304.2 308.7 313.4 317.6 318.6 322.7 324.7 326.9 333.1 338.7 342.6 343.7 345.1 345.5 346.3 350.7 354.8 360.4 372 384.5 396.2 409.8 423.7
483.9 485.7 487.7 487.5 490.8 504.4 521.4 539.9 560.8 582.5 603.2 621.3 636.9 651 659.5 661.8 660 654.4 649 647.4 645.9 645.9 648 651.7 652.8 655.1 655.6 655.4 655.1 653 650.9 649.7 642 622.3 588.7 554.4 533.7 499.4 471.5 448.9 396.6 359.7 328.1 309.6 302.8 304.4 304.6 301.1 295 296.9 295.6 295.4 293.9 294.3 295.4 299.4 304.8 310 313.1 316 321 323.4 325 325.2 329.9 335 338.8 340.6 340.6 342.3 346.8 351 354.4 364.9 375.7 387.2 400.6 413.8
472.4 474.9 477.1 476.3 482.2 494.5 510.8 529.8 550.3 572.7 595.1 615.5 633.5 648.9 657.2 661.6 662.2 658.7 655.3 654.6 652 650.9 652.3 653.6 655 654.9 654.2 651.1 649.7 648 647.4 647.4 644.8 638.7 617.2 590.4 564 519 491.8 471.2 433.5 388 345.2 319.4 308.9 310.3 313.5 309.5 304.3 299.5 297.7 294.7 294.7 294.4 294.2 294.5 299.1 303.6 307.6 312.3 316.3 319.8 322.3 324.3 325.4 325.2 331.3 334.4 334.9 336.6 341.5 344.5 349.8 356.9 367 376.5 388 400.9
466 466.2 466.6 467.8 472.2 483.6 500.2 520.1 540.5 563.6 586.5 608.3 630.3 644.5 653.1 660.1 661.3 660.6 659 657.8 656.4 656.2 656.3 656.1 656.2 656.2 654.3 651.1 645.9 644.4 643.4 642.6 641.7 639.4 633 619.3 587.3 544.5 512.7 488.9 463.9 415.7 364.3 330.7 316.7 316.3 317.6 317.9 314.5 311.2 307.6 303.2 297.4 293.6 294.2 293.5 294.8 298.5 303.4 307.4 311 314.3 317.5 320.1 321.2 321.1 323 327.1 326.6 332.7 336.9 339.7 343.4 350.5 357.9 366.5 377.1 391
460.2 459.1 460.6 462 464.9 474.6 492.1 513 533.8 558.5 581.2 601.8 623.8 639.3 650.3 658 661.4 662.7 661.5 659.4 659.4 660.1 660.3 659.1 657.4 656.2 655.2 652 647 642 639.1 637.3 636.7 635.5 633 627.3 612.2 568.5 532.9 503.5 475.5 435.7 391.1 346.2 329 324.5 325.5 325.5 322.4 319 314.9 310.5 305.4 299.2 293.7 292.4 293.5 295.4 299.9 303.9 306.6 309.3 312.3 315.1 316.4 317.3 318.3 319.2 319.5 326.3 331.6 335.3 338.1 345.2 349.1 356.1 369.6 382.4
460.9 456.3 454.5 455.6 459.1 467.3 486.1 507.1 528.1 552.7 576 597 617.7 635.4 647.3 655.1 660.1 663.7 664 662 661 660.8 660.5 660.5 658 657.1 657 653.9 648.5 642.3 636.6 634.3 633 632.3 629.6 628.1 619.2 589.4 551.8 518.6 488.3 454.6 409.6 363.7 342.4 333.9 334.9 332.7 329.5 326.3 321.9 317.6 308.3 303.9 298 293.8 293.1 294 297.1 301.1 303.1 305.8 307.5 310.2 311.6 313.7 315.2 316.2 314.4 320.8 325.9 329.4 333.4 338.5 341.1 351.6 361.1 372.5
467.1 460 453.8 449.7 454.3 464.4 483 502.6 524.3 547.3 570.6 592.9 613.5 629.8 643.1 654.2 660.3 664.1 664.7 664.2 662.4 660.7 659.9 658.9 657.4 657.8 657.4 654 648.5 641.9 635.1 631.5 630.3 629.4 627.9 626.5 620.4 608.3 569.7 530.6 501.2 469.8 422.8 380.9 358.2 344.8 340.4 339.2 336.9 332.3 327.5 322.5 317.5 311.9 304.3 298.8 293 293.9 295.2 298.6 300.6 302.5 304.1 305.7 307.7 309.8 311.6 312.1 313.1 315.2 318.4 323.3 328.2 332.8 336.9 343.1 352.8 361.9
473.2 463.8 455.9 446.6 450.5 463.2 480.8 500.7 521.9 543.2 565.8 588.7 610 626.4 640.1 652.1 659.3 662.4 663.3 662.8 661.5 659.4 657.7 657.2 656.9 656.8 656 652.8 648.1 642 635.3 629.5 628.3 627.9 626.9 624.6 618 608.2 585.1 550.2 516.2 482.1 435.5 397.6 373.9 358.5 349.6 344.7 341.3 338 333.6 327.8 328.4 323.1 314.4 305.5 297.8 294.2 293.5 296 298.2 299.4 300.8 301.9 303.5 305.3 307.3 307 311.5 313.9 313.1 312.5 320.6 327 331.7 335.5 341.8 346.8
476.9 466.3 457 449.2 445.9 459.8 478.1 497.7 519.3 540.9 562.2 583.6 604.1 623.3 638.5 650.1 656.6 660.5 660.9 660.3 660.2 659.6 656.5 655.3 656.6 655.1 654.2 650.8 647.6 641.9 637.1 630 625.9 626.2 626.2 625.3 624.1 619.5 609 570.3 532.1 495.7 453.9 413.4 390.4 374.5 362.9 355 349.8 345.1 341.7 332.7 324.4 321.6 320.3 312.9 302.5 297.7 296.4 289.9 294.8 296.7 298 299 300.5 302.1 302 304.7 308.1 310.6 312.2 310.2 312.2 320.5 325.3 330.2 332.6 337.1
478.9 467.1 457.6 448 440.9 455.7 474.6 494.2 516.3 538.3 558 578.2 599.1 620.8 638 646.9 653.9 657.1 657.9 658.7 660.4 658.7 654.8 653.8 653.9 653.7 652.5 649.3 646.5 642.8 639.6 634 627.2 624.2 625.2 624.9 624.2 620 612.9 592.2 553.8 513.7 470.6 431.7 409.3 390.6 376.6 367.1 359.6 353.7 345.7 339.2 329.9 319.7 312.4 308.9 304.6 298.4 296.5 294.8 289.1 293.2 293.3 294.9 296.9 298.5 296.6 301.5 304.5 307.2 309.1 308.2 307.5 312.6 316.2 321.6 324.6 327.3
484.2 468.7 457.7 446.5 435.8 451.2 470.5 490.4 511.2 533.3 553.9 574.4 596.6 618.6 636.1 645 651.2 654.3 657.8 659.3 658.8 657.2 653.7 652.5 651.2 650.6 650.6 649.3 645.7 642.2 639.7 636 629.8 624.2 623.8 622.9 621.7 619.7 614.7 605.2 578.1 531.8 484.8 455.2 429 407.8 390.7 380.4 371.7 365.8 358.3 350.5 339.5 328.7 316.7 310.2 304.5 300.5 297.6 295.4 294.1 290.3 286.5 286 290.9 293.4 291.8 296.4 300.5 303.9 305.7 306.7 302.9 305.1 307.8 313.8 317.2 319.7
481.6 471.5 457.3 445.5 433.1 447.6 466.9 486.7 506.8 527.9 549.2 571.5 595.5 617.7 634.1 643.7 650.3 656 659.7 660 658.5 655.1 651.9 650 649 647.1 646.9 645.8 644.4 641.4 638.1 635.2 630.5 624.7 619.4 619.6 618.1 616.8 614.6 609.8 595.3 568.3 537.6 486.6 451.5 430 410.2 394.6 383.6 375.1 371.2 366.5 356.9 344.6 330.4 318.4 310.6 305 300.5 297 294.7 293.5 291.2 289 288.1 284.6 289 290 296 299.4 302.1 303.7 303.4 301.6 300.4 308.4 312 311.8
472.6 466.5 452.4 439.4 427.2 445.6 464.9 484.2 504.5 525.8 547.5 569.6 593.4 616.7 632.7 643.5 651.9 657.9 660.7 660.4 657.9 655.2 651.7 648.2 645.4 643.2 642.6 642.3 642.4 640.7 637.4 634.4 631.8 625.2 619.7 615 614.7 612.3 611.1 606.8 599 587.6 565.5 531.4 482.2 449.3 423.9 408.6 399.9 388.1 386.6 387.6 382.2 370.2 349.8 334 324.4 314.2 304.7 300.3 296.9 294.9 291.9 289.7 288.7 287.4 285.1 286.2 290 293.7 296.5 300.2 301 301.4 301.2 299.2 305.7 306
458.4 452.6 439.2 426.8 431.7 449 466.9 485.7 506 526.9 548 571.3 593.9 616.3 632.1 644 654.2 659.3 661.8 661.1 658.1 653.5 649 645.3 642.9 640.8 639.8 639.6 639.3 639.3 638.1 635.5 632.2 627.8 621.6 616 611.9 607.2 607.1 605.4 600.3 587.8 571.5 546.5 507.1 465.5 439.3 426 414.1 407.2 408.5 409.3 409.3 404.3 380.5 355.2 338.8 326.5 314.9 308.4 302.2 298.2 294.9 291 290.1 288.9 288.1 284.1 284.5 287.8 290.8 295.3 294.8 295.5 297.5 297.8 296.2 301.1
