data/340000-760000.asc
ncols 200
nrows 200
xllcorner 340000
yllcorner 760000
cellsize 50
[rows 105 to 139 of 200, columns 0 to 77 of 200]
280.9 279.4 277.8 276.2 274.4 275.1 274.9 273.7 273.3 273.7 276.1 280.9 291.6 301.2 310.6 317.6 325.1 334.7 342.5 350.3 357.1 363.6 369.3 372.5 373.1 373 370.3 364.4 359.8 356.1 353.5 351.8 345.2 352.7 359.6 368.6 378 386.5 395.4 405 415.2 426.2 437.1 447.6 455.3 460.8 464.9 469.3 474.6 478.9 483.2 484.9 483.5 480.6 474.2 464.3 451 434.7 417 399.8 386.9 379.2 375 375.1 375.1 373.7 371.5 367.8 362.1 356.5 351.4 347.3 343.4 339.4 333.4 324.3 320.7 314.9
281.4 280.4 278.8 276.4 274.2 273.8 272.5 275.7 276 275.9 277.8 281.4 292.6 305.7 312.8 321.4 328.7 337.2 344.3 352 357.7 362.9 367.1 369 367.8 366.9 363.6 360.1 355.1 351.5 348.8 343.6 348.6 354.6 363.4 372.3 381.1 389.2 397.5 404.2 413.3 421.2 433.7 438.5 445.2 451.5 454.8 459.3 464.9 472.4 478.8 482.3 483.5 481.9 477.2 469.4 457.3 441.8 425.3 408.4 395.7 389.1 388 385.5 383 379.7 374.7 369.5 364.7 357.6 352.5 347.5 343.2 338.8 333.6 328 324.6 312.7
281.6 280.8 279 276.3 273 271.2 275.7 276.5 277.9 278.3 279.7 284 295.3 308.2 316 325.2 333.8 341.2 347.3 353 357.3 360.1 363.8 365.4 363.4 360.7 357.2 354 351.1 348 344.1 341.9 349.9 355.9 366.1 375.1 382.6 389.4 395.8 402.1 408.9 415.6 422.5 428.9 432.8 437.2 441 445.2 454.3 464.8 475.2 481.2 484.1 483.5 480.8 472.8 462.1 448.6 432.7 416.9 406.2 400.8 398.3 394.6 389.9 383.7 377.4 371.5 364.9 358.2 352 347.1 342.3 338 333.1 327.2 323.2 325.2
281.7 280.5 279.5 272.6 270.3 272.5 275.9 277.4 279 280.1 282.6 287.7 299.4 310.9 319.5 327.9 337.3 344.5 349.8 353.5 356.1 357.8 358.7 357.8 356 353.4 350.8 349.1 346.3 344.2 332.5 344.1 350.7 358.6 367.8 375.1 381.9 387.2 392.6 396.6 402 408.4 413.1 416.8 419.1 422.2 426.3 432.1 443.4 457.9 472.6 480.5 485.7 486.6 484.2 478.4 466.9 454.6 439.2 424.8 417 411.7 407.1 401.7 395.2 388.6 381.3 373 364.8 358.3 352.3 346.1 342.8 338.6 335.4 334.5 333.6 330.9
281.9 280.5 271.2 269.3 269.6 272.9 276 277.7 279.4 281.1 284.2 292.1 301.2 311.9 322.3 331.2 337.8 344.1 349.3 351.8 353.4 354.2 354.3 353.2 351.5 348.1 344.7 342.6 341.4 339 332 344.1 351.7 359.9 366.9 371.1 377.7 380.4 384.5 389 393.4 396.6 400.6 402.4 404.3 410.5 417.4 426.6 438.9 455.9 470.7 481 487.3 490.7 489.9 483.8 474 462.3 448.5 434.9 429.1 421.9 415.3 407.9 399.9 392.7 383.8 375.3 366.6 360.7 354.9 350.2 345.8 342.9 340.9 339.9 337.5 336.6
281.6 280.2 279.5 268.5 267.4 272.8 276.5 277.9 279.5 281.5 286.4 293.5 302.1 312.9 323.8 331.6 336.9 342 345.9 348.1 349.7 349.4 348.6 349.2 345.7 341.9 339.2 337.3 335.9 325.5 338 344.8 352 359.4 364.5 368.6 371.2 373 375.3 377.1 380.1 382.9 386.8 391 397.6 403.2 416.4 429.1 442.3 457 471.8 483.6 490.9 495.1 494.7 488.1 479.1 469.7 458.4 450.7 441.2 433.6 425.5 415.6 405.8 395.1 385.8 377.3 370.2 364.4 357.4 355.5 351.5 348.3 347.5 346.9 344.7 342.7
281.2 279.8 277.8 265 266.4 273.8 277.4 279 280.7 282.5 286.1 294.7 303.8 315.5 325.9 333.6 334.7 332.4 332.2 338.6 342.5 345.3 342.9 340.9 338.8 336.6 334.2 332.6 330.4 327.9 338.5 346 352.6 356.7 358.9 362.1 362.8 364.7 366.5 366.6 369.7 375.9 380.7 386.8 391.6 407.6 419.9 432.6 447.2 461.2 475.5 487.7 496.4 500.8 499.8 493.6 484.6 475.3 467.6 460.6 452 442.8 434.9 423.6 411.9 399.3 389.3 382.3 374.7 369.6 365.7 361.6 357.9 355.3 354.5 352.1 349.7 348.2
280.6 279.1 276.8 263.9 266.7 274.4 277.7 280.3 282.3 284.1 287.4 295.7 305.2 316.7 326.3 334.3 339.8 343.1 343.7 341.3 334.5 330.2 337.1 334.2 330.8 328.8 326.9 328.1 320.6 328.9 337.6 345.4 350.7 352.7 355.1 356.2 357.5 357.5 357.9 363.7 365.8 375.3 384.6 394.6 404.5 413.6 418.1 437.3 452.2 466.3 479.8 491.7 500.1 504.1 503.8 498.5 489.4 479.7 472 465.2 459 450.8 442.1 431.7 418.2 405.1 396.2 389.3 384.2 381.1 376.3 371.5 365.3 361.3 360.1 357.6 354.3 351.1
280.4 278.7 272.1 263.5 266 273.9 278.2 280.8 283.4 286.4 289.5 296.7 306.5 316.7 324.5 335.3 342.8 347.7 350.6 349.3 331.8 323.1 311.2 312.9 322.3 320.9 320.7 318.8 320 328.1 336.7 343.2 348.2 351.2 350.9 352 348.8 354 358.5 363.2 371.3 382.5 393.4 403.7 413.8 422.8 432 441.3 454.8 468.1 482.5 492.8 500.5 503.2 503.9 500.7 494 483.7 476.3 469.5 464.1 456.3 447.8 438.1 425.9 414.1 406.7 400.5 396.5 392.9 387.9 381.6 374.9 368.8 366.1 362.7 358 354.3
280.8 274.8 265 261.9 265.3 276.7 279.3 282.4 285.3 288.9 293 299 307.6 317.4 327.5 334.7 344 350.4 352.3 352.2 342.2 324.8 324.4 312.4 312.2 314.6 314.4 313.7 318.9 326.8 335.7 341.4 345.6 348.1 349.2 346.9 348.7 352.4 358 365.6 377.2 388.8 400.3 410.6 421.1 430.6 440.5 447.3 456.8 469.5 481 489.8 496.8 499.1 499.6 500.6 497.4 486.3 479.3 473.9 468.5 462.2 455.3 446.6 435.9 426.9 419.9 414.3 408.9 404.1 399.6 391.8 384.5 376.3 371.8 367.2 362.1 357.8
277.1 262 261 261.3 263.1 278.8 281.3 284.1 287.5 291.5 296.2 302.8 310.1 319.6 330.3 335.8 345.1 351.6 355.8 356.3 351.9 343.4 332.5 322.4 308.3 309 310.2 310.7 316.8 324.5 333.9 338.4 341.3 343.4 345.3 338.1 348.1 352 358.3 370 382 393.5 405.7 416.8 428.2 438.1 447.4 457.1 462.9 469 479.1 484.1 488.2 492.1 495.5 495.2 493.5 489.1 481.8 477.2 472.4 467.1 461.2 454.7 447.4 439.7 434.4 429 422.9 417.3 411.1 402.9 392.8 384.3 378.2 373.4 368 361.9
257.5 258.9 261.6 269.9 278.7 281.8 284.3 287.1 290.1 294.9 300.4 307.2 314.1 322.1 332.2 338.4 345.9 352.8 358.2 359.9 356.7 348.7 336.7 325.1 314.2 308.1 308.3 308.1 313.1 322 329.6 332.8 335.1 337.3 335 340.4 347.2 352.5 360.9 373.9 386.1 398.1 412.1 423.4 434.7 442.7 451.4 459.7 464.3 469.4 475.8 479.7 482.3 482.6 484.9 487.3 488.2 486.5 484.3 479.9 477.1 473.4 468.4 462.7 457.3 450.9 446.4 442.3 435.7 428.9 420.9 413.1 401.6 391 385.2 380.4 376.1 371
256.5 264.7 274.8 280.7 283.8 284.7 285.6 289 293.8 300.2 307.5 313.1 319.7 328.4 334.3 340.4 347 353.9 358.9 362.5 360.7 352.6 341.1 327.6 317 306.6 306.6 306.4 308.6 315.3 323.3 326.8 329.7 331.2 331.4 339.6 346.7 353.2 364 377.9 390.1 403.3 416.8 429.2 441 447.7 454.3 462.4 467.3 469 470.3 472.3 472.8 475.8 476.8 476.4 479.1 480.9 481.8 480.9 480.7 479.9 477.7 473.4 467.8 462.4 458.8 454.6 449 440.9 431.3 421.3 409.8 399.2 390.7 386.5 381.6 377
255.7 273 279.8 285.5 286.6 287.9 289.3 293.4 299.5 307.8 315 321.8 327 332.5 338.6 343.4 349 354.8 359.3 362.3 360.2 354.2 345 330.8 317.4 307.8 306.3 305.7 305.1 308.5 316.1 320.8 325.1 320.2 330.8 338.6 345.9 355.4 369.8 383.3 394.9 409.6 423.5 435.9 447.1 454.1 461.8 466.5 468.3 465.8 463.6 462.9 461.4 463.3 465 465.3 468.2 471.3 474.5 477.5 480.9 482.9 484.5 482.2 477.9 473.1 469.3 465.1 459.4 450.1 439.4 428.7 417.5 406.5 396.8 389.8 384.6 378.3
267.1 279.7 286.6 288.6 290.4 292.3 294.6 298.4 308.5 316.2 323.3 329 333.8 337.6 341.5 346.3 350.7 356.2 358.5 360.2 358.3 353.4 346.1 334.3 319.3 308.1 304.1 303.8 304.1 305.9 310.5 316.5 314.9 323.1 331.2 338.1 349.3 362.9 375.9 388.7 401.2 415.4 428.1 440.2 450.3 457.5 463.4 466.3 465.5 461.7 458.7 456.8 454.3 450.4 450.6 452.9 457.8 462.4 470 476.3 481.8 485.9 488.4 488 486.2 482.4 478.3 474.1 467.7 457.6 443.5 431.4 420.1 409.3 401.4 391.8 383.3 374.5
280.4 286.3 289.7 292 294 296.8 300.6 309.5 317.7 323.6 330.3 335.5 340 342.5 345.9 349.1 353.1 356.9 359.2 359.1 357 350.5 342.7 335.4 322.8 308.2 302.6 302.1 303.7 305.7 308.5 310.5 315.8 324.4 331.8 344.3 358.1 370.4 383.1 396.2 407.9 420.8 432.7 443.3 451.6 457.4 460.7 461.4 459.2 455.6 451.9 448.2 444.6 443 439.9 441.7 449.3 457.3 463.7 472 479.3 485.2 489.3 490.9 490.2 488.5 485.6 480.4 472.9 460.6 447.1 434.5 421.8 409.5 400.6 389.7 377.7 367.7
286.2 289.3 292.3 295 298.4 301.8 306.7 317 326.4 332.7 338.2 342.3 345.9 348.1 350.3 352.3 355 358 357.4 356.7 355.2 349.7 339.8 331.2 323.5 311.7 302.1 301.6 302.6 304.2 305.5 309.2 318.1 327.1 336 351.3 364.1 377.5 390.7 403.4 414 425.8 438.2 446.5 451.9 455.4 458 457.3 453.6 449.6 445.4 439.4 433.2 430.6 428.9 429.2 437.3 449 458.2 465.7 474.2 481.4 486.6 490.3 490.5 490.5 488.9 483.6 473.3 461.6 447.5 435.6 422.7 408.3 397.4 384.1 370.7 358.7
289.3 292.6 295.7 299.7 303.1 307 315 324.5 333.5 341.4 347 349.9 352.3 354.9 356.1 356.6 356.9 357.2 356.8 354.1 352 347.9 339.4 328.3 320.1 314.6 304.4 301.2 301.8 301.3 304.4 309.9 318.3 329.4 343.4 357.6 370.9 384.2 396.7 408 420.4 431.7 442.4 448.6 450.4 452.2 452.4 451.1 447.4 442.4 435.5 427.9 420.5 415.2 414.7 417.6 427.6 440.7 450.7 460 468.1 474.5 480.7 485.4 487.4 486.8 485.5 479.2 468.7 456.5 445.9 434.2 419.6 405.4 391.4 378.2 362.4 348
291 295.2 298.7 302.8 307.9 312.4 322.9 333.9 342.2 349.4 355.1 358.8 361.4 361.8 361.3 359.1 357.1 356.4 353.6 349.8 346.4 343.4 337.8 327.7 316.9 311.1 306 299.2 299.2 300 304.6 312.1 320.1 332.9 347.6 361.5 376.1 389.6 401.4 414.1 427 435.8 442.1 447.1 448 447.3 445.1 440.3 436.2 430.6 422.2 415 408.2 403.3 401 407.5 420.6 434 445.4 454.5 461.6 467 471.1 475.6 477.9 477.5 475.1 468.8 460.1 451.1 440.7 429 415 399.3 384.3 369.5 352.8 334.5
293 297.7 301.6 306.1 311.7 318.9 331.4 342.2 351.4 357.7 362.2 366.3 367.9 366.4 363.9 360.3 355.6 353.5 349.7 345.5 340.9 337.3 333.5 326.4 315.9 307.1 303.3 298.9 299.3 298.8 305.5 313 323.8 336.1 349.9 364.9 379.6 394.1 407.3 419.5 430.9 436.6 440.2 441.7 441.9 440 435.3 430.8 422.8 417.7 411.2 401.4 395.5 391 390.6 401.3 413.6 426.8 438.3 446.9 452.9 459 463.3 465.6 467.6 467 462.3 456.7 449.3 442.3 433.1 422.1 407.8 392.3 380.1 359.7 341.1 324.5
300.3 303.1 307.5 311.3 317.4 328.1 340 351.6 360.3 366.3 369.8 371.8 370.3 368.2 364.6 359.9 351.2 345.6 343.2 339.2 335.3 331.5 326.7 322.5 316.5 305.8 300.7 299.2 296.8 297.5 304.8 313.8 325.7 339.5 352 366.9 383 397.7 412 423.4 430 433.9 435.5 432.9 432.2 430.5 423.6 416.9 411.2 405.1 397.6 390.9 385.2 380.7 383.8 396.1 407.3 420.1 430.3 437.4 443.7 447.3 450.4 453.8 455.4 454.8 451.8 445.9 439.2 433 424.2 411.3 395.3 380.6 364.5 344.9 329.2 312.1
308.3 312.4 316.2 321.8 330.2 339.1 350.3 360.4 368.7 374 375.8 374.3 371.2 366.3 361.7 354.7 346.8 339.1 333.5 331.4 328.1 325.4 321.7 318.2 314.3 307.6 299 297.2 295.7 296.6 304.4 314.5 328.5 341.3 355 367.8 384.6 400.1 413.4 422.1 427.6 429.2 428.4 424.8 421.1 417.7 412.8 406.3 398 391.7 387.9 380.5 376.2 373.9 377.8 390.2 401.2 412.3 420.7 427.5 432.4 435.3 436.3 436.8 440.3 441.7 438.8 434.5 428.3 420.2 410.8 397.3 380.3 366.1 348.6 332.8 315.7 301.1
317.8 323.3 330 336.3 343.9 353.3 362.3 370.2 376.5 380.7 379.3 375.9 370.9 365 357.1 348.5 340.4 332.3 324.7 320.3 319.4 318.1 316 314.3 312.3 309.5 301.8 296.2 294.4 297.2 304.8 315.4 331.5 343.3 356.6 368.6 383.8 398.6 410.6 418 422.7 423.8 421.4 416.6 411.5 406 401.1 395.1 388.8 383.5 377.4 372.3 368.2 366.4 370.7 382.9 393.5 403.8 410.3 415.3 420 422.9 423.5 425.2 426.5 427.3 426.1 421.8 415.4 406.3 394.9 380.2 366.3 350.7 336.1 321.2 306.3 293.1
326.9 334.2 342.5 348.1 356.6 364.6 372.8 378.7 382.2 384 380.3 376.7 371.6 362.4 354.6 344.7 334 325.6 317.9 313.7 311 311.2 311.4 310.3 309.9 309.4 305.8 297.2 292.6 298.7 307.5 317 333.5 345.4 355.7 368.4 383.1 396.2 405.8 412 414.3 414.3 411.4 405.8 400.1 394 389.9 384.3 379.6 372.8 367.3 363.9 360.5 357.7 365.6 374.8 385.1 394 400.3 404 405.6 408.1 411.6 414.2 415.7 415.6 413.6 408.7 403 394.4 378.9 363.1 350.8 336.9 322.2 310.5 298.1 287.2
334.1 342.7 349.9 357.6 365.3 373.4 381.9 386.8 388.2 386.9 381.6 376.3 369.4 360.9 349.9 339.2 328.2 318.1 310.5 307.1 303.5 304.4 305 307.2 307.6 307.5 302.5 293.8 295.2 300.1 308.8 319.4 333.8 346.8 355.8 364.3 378.9 392 400.4 402.4 403.5 400.5 397 393.4 387.1 380.1 376.6 371.3 366.6 361.2 357.9 355.2 351.8 346.9 357.2 367.6 375.7 382.8 388.1 392.4 394.2 394.7 396.4 398.1 400.1 400.1 398.6 395.4 389.8 380.2 363.6 351.1 338.8 325.4 314.9 303.6 291.5 280.6
336.5 346.5 355.7 363.6 373 381.6 387.7 390.9 390 386 380.4 373.3 365.1 355.6 345.4 334.4 322.3 312.2 304.6 300.9 299.2 298.6 300.3 303.1 305.8 306.4 300.3 292.1 300.9 305.1 312.1 323.6 334.1 348.7 357.9 362.6 367.3 381.7 391.9 391.1 383.5 379.8 381.9 377.4 371.3 367 360.4 358 353.5 350.9 347 343.6 339.7 340.1 350.9 355.1 365.2 372 376.6 379.4 380.9 381.9 381.4 380.5 378.9 375.7 377.2 375.2 373.7 365.2 353.9 340.7 330 319.1 310.3 299.1 285.5 271.2
339.2 349.5 360.9 369.4 377.2 385 389.4 391.1 390 384 378.5 371.8 363.7 353 341.9 329 317.1 307.6 299.9 296.5 294.9 294.6 296.5 300.4 304.6 306.2 298.4 293.8 304.4 311.2 319.6 329.1 338 349.2 360.1 364 363.4 362.7 374.7 371.1 365.4 360.7 357.8 361.8 353.8 347.5 341.9 346.2 343.2 337.8 331.9 330.1 322.9 332.6 342.3 345.9 353.3 360 363.9 366.4 367.4 367.1 365.7 359.9 346.7 338.6 336.1 336.9 342.8 347.7 339.2 333.3 324.8 316 305.9 291 279.7 268.9
340.9 351.9 362 371.7 379.7 385.2 387.8 387.8 386.8 382.4 377.1 370 362.7 352.2 340.9 326.7 313.1 303.3 296.6 292.8 291.6 292.2 294.5 298.3 302.6 303.1 294.2 296 308.7 315.2 321.6 331.1 339.5 350 361.3 367.6 370.2 361 358.3 361.2 360.8 356 351 345.9 341.5 338.1 335.1 334.3 331.2 328.5 326.3 324 320.1 312.2 320.1 327 335.7 341.7 344.6 345.2 346.8 345.8 339.8 328.1 316.6 310.7 309.1 309.3 313.3 317.7 324.1 323 316.6 309.5 299.4 282.6 274.5 267.2
341.1 352.3 362.4 372.3 381.1 385.8 388.5 386.6 383.2 378.7 374.5 367.5 360.2 351.6 340.9 325.4 310.8 299.9 294.5 290.6 289.1 290.4 293.2 296.6 300.3 295.6 285 301 311.8 319 326.1 335.9 344.6 354.1 361.7 365.2 366.3 362.6 356 357.1 354.8 350.9 346 341 336.9 333.8 331.7 329.5 327.2 324.5 322.1 319.8 318.2 310.9 298.9 298.3 306 314.8 318.2 319.1 318.2 316.4 309 301 294.7 289.7 287.3 287.7 287.7 287.5 290.3 291.4 288.8 286.5 282.3 275 270.1 264.6
342.6 351.6 360.7 370.9 379.9 385.8 384.7 383.2 378.3 373.1 367.8 361.4 353.6 343.8 333.5 321.9 308.3 297.8 292.1 288.4 286.8 288.7 291.9 294.2 291.7 281.4 296.5 307.2 315.4 322.6 330.4 337.2 345.2 353 355.5 357.8 359.9 358.1 353.3 351.1 349.1 342.8 339.8 335.8 331.6 329 326.7 325.3 323.1 320.8 318.7 317 315.1 315.4 311.3 294.4 285.5 290.4 291.7 293.4 293.8 292.2 288.2 283.4 277 272 270.2 270 268.9 268.9 266.8 269.1 269.4 267 262.6 263.1 260.8 261.3
345.1 352.4 360.1 367.7 376.5 382.9 384.7 382.8 376.2 370 362.6 353.7 344.3 334.9 324.2 313.7 304.3 294.6 289.3 286.3 284.8 288 290.9 287.1 279.2 293.5 306.2 315.7 322.5 330.5 336.6 341.4 337.7 345.8 350.8 349.5 350.1 350.8 348 341.7 338.9 336.1 333.2 328.8 324.1 323.3 322.4 321.1 319 316.7 314.9 312.8 311.4 311.4 306.7 292.7 281.1 279.7 276.8 280 281.6 279.9 275.6 270 267.3 266.7 265.8 264.2 263.6 263.5 263 262.6 261.5 261.8 262 260 259.6 261.3
348.8 355.8 362.8 367.7 373.8 380.1 381.7 378.8 372.5 365.3 356.8 345.5 334.6 323.4 315.3 304.5 297.1 291.1 287 283.7 283.8 286.4 288.4 276.9 289.2 303.5 315.3 323.5 331.7 339.4 345.4 346.4 340.8 331.5 338.3 342.3 341 338.1 338.2 334.4 328.5 325.6 323.5 317.9 316.3 316.2 315.3 314.8 313.9 312.7 310.1 306.7 304.1 300.1 290.1 278.2 277.4 276.7 275.4 273.5 272.9 272.5 269.6 268.6 268 272.8 276.3 276.9 275.4 272.6 270.3 269.3 270 269.8 271.5 272.3 271.5 270
357.6 365.7 368.3 370.9 372.8 374.8 373.5 371.8 366.9 358.2 348.2 337.8 325 316.6 306.5 297.7 289.8 285.7 283.1 280.2 281.9 283.8 281.3 273.6 292.4 310.2 322.6 331.2 338.5 345.4 352.3 353.8 348.5 339 330.3 325.5 331.5 329.8 323.1 323.1 320.7 315.9 312.7 310.4 309.5 309.1 308.4 307.1 306.5 304.3 302.4 298.2 293.4 287.4 277.9 277.1 277 279.1 279.1 275.5 273.6 270.5 269.4 276.7 287.1 299.4 305 303.4 299.6 296.7 294.3 291.2 288.2 286.6 288.8 292.7 292.9 288
366.7 373.1 376.8 377.1 374.3 370.5 366.8 363.3 359.4 351 340.5 330.7 319.3 309.8 298.8 289.1 283 279.5 278.1 275.9 279.5 276.8 270.8 280.4 298.7 311.5 324.6 334.6 340.7 347 351.2 352.6 350.1 345.3 335.5 327.2 317.3 316.2 313.3 304.1 305.2 303.8 301.2 302.3 301.9 301.5 299.7 295.6 292.8 292.2 290.5 284.1 281.9 281.3 283.5 283.9 286.5 293.6 292.4 286.4 283.4 286.9 292.9 301.7 314.8 324.8 331.8 332.6 329.8 328.2 325 322.6 319.3 317.8 312.5 307 301.6 296.5
377.2 382.5 384.7 383.8 379.3 371.3 363.8 356.6 350.8 342.4 333.4 322.1 312.1 301.4 292.6 285.2 278.6 275.2 274 273 276.1 270.2 268.9 285.7 299.1 311.1 323.7 333.5 339.9 344.7 347.6 347.5 346.2 343.2 337.3 329.2 320.7 315.1 309.2 304.8 299.5 298.7 293.6 291 291.6 294 288.7 283 281.1 281.7 282.2 278.3 281.6 284.9 289.1 292.7 303.5 314.4 314.9 309.3 309.2 312.5 321 330.6 341.8 352.6 357.6 358.2 355.3 349.3 344.5 339.6 335.5 329.8 322.3 317 310.1 302.5
