data/340000-640000.asc
ncols 200
nrows 200
xllcorner 340000
yllcorner 640000
cellsize 50
[rows 105 to 139 of 200, columns 0 to 77 of 200]
477.9 472.6 465.5 460.3 454.5 447.7 442 436.5 430.2 424.2 416.9 406.2 396.9 387.3 374.7 360.3 349.8 341.3 333.8 325.6 314.1 302.9 312.4 323.4 328.3 331.8 332.7 335.6 340.7 347.8 356.4 363.9 369.7 376.2 379.6 380.2 380.3 380.7 378.9 374 372.3 372.3 371.1 368.2 361.7 355.2 347.7 339.2 329.1 320.9 314 304.2 293.6 284.2 274.9 266.3 259.7 253.7 245.5 241.6 244.9 245 247.5 247.8 245.8 243.4 241.3 239.7 235.6 231.1 226.4 219.1 210.7 209.8 210.2 212.3 222.6 235.7
473.8 468.5 461.8 453.1 444.9 437.6 431.7 426.1 420 412.7 403.2 394.9 387.4 376.7 363.7 350.5 341 333.6 327.8 319.8 305.7 318.2 327.7 336.1 342.3 345.4 347.1 349.4 352.9 358.4 364.1 369.3 375.6 379.2 380.1 378.8 376.9 372.2 368.1 365.4 364.6 363.9 362.6 358.5 352 346.9 340.4 330 321.9 314.6 304.7 295.2 286.3 276.6 269.3 262.5 255.2 246.1 250.7 253.4 253.6 254.4 255.4 253.8 252.5 251.9 250.1 247.4 242.7 239.6 234.8 228.9 216.4 209.7 208 208.1 208.4 215.7
469.6 464.4 457.2 448.1 436.7 423.4 421.3 414.7 407.1 400.5 393.3 385 374.5 365.6 354.4 332.7 323.8 323.1 321 313.7 314.7 332.8 341.5 351 357.4 359.8 361.9 363.9 366.6 368.6 372.3 374.6 377.6 380.2 377.4 374.3 370.1 363.2 356.6 354 353.5 353.5 350.7 346.6 340.3 336.7 330.9 323.2 313.5 305.1 295.2 287 279.8 271.4 265.1 257.7 250.4 259.6 263.5 263.3 262.9 264 263.4 261.8 260.7 260.8 258.7 255.2 250.4 245.7 241.3 234.1 224.7 209.4 208.7 207.5 207.2 207
466.6 460.4 452.1 443.6 435.3 426.5 414.1 399 393.4 386.6 379.7 371.5 364.2 354.8 343.9 329.8 326.1 321.6 316.3 317.9 337.4 349.2 358.6 366.6 372.7 375.2 377 377.6 378.4 378.6 379.4 380 379.5 377.6 373.4 368.1 361 353.3 346.9 344 344.1 339.5 337.4 334.2 328.5 323.6 317.6 309.7 299.4 293.1 288.6 281 273.1 266.6 260.7 256.4 267.5 272.6 273.8 274.4 273.1 273.8 273 270.7 268.6 266.2 262.5 258.2 252.4 247.8 241.7 235 227.9 223.5 211.8 206.8 206.6 206.1
462.2 455.5 448.3 440.9 432.2 422.9 411 397.9 382.8 367.9 367 360 353.1 344 333.7 331.1 332.3 330.6 336.3 347 358 367.9 376.8 383.1 387.7 389.1 388.7 388 387.8 386.4 384.1 381.5 378.4 373.7 365.7 359.9 352.9 345.7 339.3 334.6 331.2 328.2 324.2 318.7 312.6 306.6 298.7 290.9 285.5 282.3 278.3 271.5 266.5 264.9 265.6 274.9 280.3 281.3 283.2 284.1 283.7 283.1 280.9 277.2 273.2 268.1 263.8 258.7 253.2 248.7 242.3 236.2 230.8 224.7 218.1 212.7 205.6 205.2
458.1 453.7 446.7 438.7 429.5 417.9 403.7 390.6 375.1 358.8 348.7 343.6 339.6 335.6 335.9 341.2 343 341.7 352.3 363.2 374.6 385.2 393 398.1 400.2 400.4 398.5 396.2 393.9 390.7 385.4 381.4 374.4 368.2 360.5 354.7 348 340.5 333.3 327.9 322.8 318 311.4 304.6 297.9 291.7 287.4 285.1 283.4 279.6 277.7 276.9 277.4 279.9 283.6 287.4 289.1 291.7 293.8 293.8 293.3 290.8 287 282.5 275.9 270.4 264.6 258.1 252 246.1 240.5 234.1 227 221.9 218.2 213 207.7 205.1
456.9 453 445.9 437.3 426.8 412.2 398.7 378.6 368.5 366.1 360 356.8 352.2 347.2 347.1 351 352.1 351.6 364.7 376.7 388.4 398.4 405.3 409.5 411.3 409.9 406.6 402.3 398.9 392.1 388 378.4 369.4 362.7 356 349.3 343.4 336.9 330 322.6 317.2 311.9 305.7 298.7 297.3 297.5 297.3 296 293.8 292.2 291.1 291.6 292.4 293.1 295 298.2 300.5 302.3 303.5 302.6 298.9 295 290.2 284.6 277.5 270.5 263.8 256 247.7 241.6 235.9 228.6 222.3 217.8 213.3 211.9 210.2 206.4
454.6 451.2 444.6 434.5 418.8 399.6 382.1 379.2 380.9 376.3 371.1 365.9 360 350.6 356.6 360.8 364.7 365.6 374.1 388.2 400.3 409.8 416.6 419.7 419.9 416.2 412 406 400.3 394.6 386.1 374.4 366.5 359.9 353.3 346.3 340 333.1 327.1 320.9 314.5 307.4 305.6 307 306.1 304.9 304.6 304.3 301.9 300.9 301 301.2 303.2 304.7 306.5 309.6 311.5 311.1 310.3 306.6 301.6 296.6 289.5 282.8 275.7 267.8 258.9 251.3 242.4 236.9 229.3 224 219.7 219.6 220.4 220.2 219.1 214.2
450.8 447.6 441.8 429.3 406.5 402.3 400.5 397 391.8 386 379.9 373.2 367.4 358.7 367.3 371.9 377.5 380.8 383.4 397.7 409.6 419 425.3 427 426 421.5 415.6 408.8 402.8 393.4 381.5 372 364.4 357.4 351.6 344.6 337.3 331.8 325.9 320.1 314.8 312.1 313.7 314.9 313.4 311.1 310.8 311.1 310.7 310.2 309.8 311.7 313.4 315 317.1 318.4 318.1 315.9 311.3 305.4 299.6 292.9 286.1 279 271.9 263.6 254 244.6 238.1 234 228.3 223.2 224.1 228.9 229.9 229.1 224.9 219.4
447.1 442.8 435.6 424.8 410 414.6 412.5 408.2 402.9 396.9 390.1 383.9 375.3 370.1 378 384.8 390.6 394.9 399.5 407.2 418.2 426.3 431.7 433 429.3 423.5 419 412.5 403.1 389.9 379 370.8 363.3 356.4 350.2 342.4 336.2 330.9 324.9 319.8 316.9 321.6 323.9 324.2 323.6 322.3 321.1 320.2 319.2 318.8 319.4 320.6 322.2 323.7 324.6 324.6 322.2 317.6 311.8 306 300.7 292.5 283.4 275.9 268.3 257.9 248.7 242 236.9 231.4 226.4 230.6 236.1 239.4 237.9 231.7 226 221.7
443 440.2 433.5 429.5 417.4 424.7 422.6 418.3 413.3 407.8 401.4 391.8 379.5 381.7 388.2 397.6 403.7 409.1 413.9 419 427 432.6 435.5 436.9 431.3 425.8 420.6 411.1 402.8 385.4 376.6 370.1 362.9 355.9 349 342 336.5 331.6 325.4 320.7 327.7 332.8 334.5 334.1 334 333.2 331.4 330.3 328.3 328 327.8 329 330.2 331.2 330.9 328.2 323 316.7 311.1 306.5 299.5 290.2 281.8 273.9 263.7 254.4 247 241.5 236.7 230.1 235.5 245.1 250.8 249.3 244.7 237.1 231.1 225.7
438.4 437.7 434.7 430 432.7 433.7 431.1 428 422.9 417.4 410 399.2 393.6 393.4 399 408.9 416.5 422.2 427.3 431.9 435.4 438.4 440 436.2 430.3 426.1 418 409.7 398.8 383.2 376.5 370.2 362.9 355.6 348.5 342 336.8 330.7 329.7 335.3 339.5 343.4 345.7 345.3 344.4 343.1 341.7 340.4 338.9 337.4 337.1 336.7 336.2 335.6 333.3 328.7 323.1 316.5 310.2 303.8 297.1 287.7 278.1 272.2 262.6 254.5 246.3 241.7 235.4 240.8 253.8 259.8 260 257.4 252.3 248.6 239.4 228.3
432.6 433.3 434 438.1 440.3 441.5 440.5 437.3 433 426.5 419.4 411 407.6 408.1 407.3 421.2 428.8 434.7 439.6 441.4 443.3 442.9 441.1 435.4 429.4 422.9 416.2 405.5 394.9 383.6 376.9 369.6 362.4 355.1 348.1 341.8 334.1 337.4 341.1 346.6 351.7 355.9 356.6 356.8 355.5 353.6 352.6 350.9 349.4 347.3 345.8 342.6 339.2 335.5 332.8 328.3 322.8 315.9 309.3 302.5 294.9 286 278.6 272.3 263.1 255.1 247.1 239.8 238 254.7 265.5 268.6 265.7 263.6 260.1 251.8 241.6 233.4
427 432.8 438.6 442.9 446.7 447.7 448.4 448.2 445.2 440.2 434.1 428.2 425.8 426.6 420 435.3 441.3 446.5 450.1 450.5 448.6 445.9 441.5 435.6 429.5 422.9 413.2 401.7 393.7 384.3 375.6 368.3 361.5 354.9 347.8 344.1 343.8 348.1 352.3 357.6 364 366.6 369 368.8 366.7 364.4 362.4 360 357.6 353.4 348.6 342.2 337.7 333.8 331.3 327.2 321.9 314.7 307.8 301.2 294.3 287 280.1 272 263.6 255.5 248.7 241 250 263.6 273.7 279 275.4 268.9 262.4 254.8 246 238.2
422.3 430.1 437.7 445.5 451.4 454.4 457.7 458.1 457.3 454.4 450.8 446.7 444.9 445.6 437.8 448.1 454.3 458 459.4 456.8 452.1 447.3 442.6 437.3 431.2 421.2 410.5 400.5 392 382.8 372.8 366.3 358.9 354.1 354.7 355.3 354 358.2 362.2 367.2 373.3 377.6 380.3 381.6 378.1 374.2 370.9 367.3 361 355.3 347.7 340 334.5 332.2 328.7 324.4 319.9 312.9 306.3 301.2 296 287 281.1 274.2 268.3 258.6 251.4 242.4 260.1 270.6 280.2 283.2 279.9 273.6 266.4 258.2 250 244.9
415.3 427.1 436.8 445.6 452.6 460 464.7 466.5 467.6 467.7 465.6 463.8 461.7 461.7 456 461.8 464.8 466.2 465.2 462.3 456.4 450.1 444.8 439.3 431.9 420.1 409.4 398.4 389.8 380.8 370.1 365.1 366.7 366.5 366.9 366.7 366.2 367.7 370.9 375.4 380.9 385.9 389.5 391.5 390.3 386.2 378.2 368.8 360.7 353.2 344 336.9 331.2 328.3 324 319.6 315.9 311.3 306.6 300.9 296.5 288.7 284.4 277 272.8 264.1 255.4 245.2 264.7 275.1 283 285.3 282.7 277.8 272.8 266.5 261.4 254.2
401.5 423.2 433.4 444.3 454.2 463.4 470 473.7 476.9 478 478 476.8 475.3 473.7 472.5 473.5 474.4 474.8 472.4 465.1 459.1 453.1 447.1 440.6 431.8 420.4 408 396.2 387 377.3 377.4 378.7 379.2 378.7 378.3 376.7 375.9 376.8 379.3 383.4 388.2 392.2 395.2 397.9 395.7 388.7 379.2 368.2 358.4 349.3 339.8 330.8 325.1 321.8 318.1 314.1 311.5 308.4 303.9 299.6 294.9 290.3 283.5 276.9 272.1 266.4 259.2 247.6 268.8 281.8 288.6 291 291.3 287.7 283 276.7 270.5 264.7
391.3 414.5 429.4 440.6 453.6 463.8 471.7 478.3 482.8 485.3 487.3 486.7 485.1 483.6 481.9 481.9 482.3 480.9 478 470.1 462.7 456.4 448.8 441.5 430.9 420.4 406.8 395.3 386.6 388 389.3 391.1 391.7 392.8 391.4 387.5 385.3 384.9 386.1 389.2 392.9 397.1 399.5 400.2 394.1 385.8 375.9 366.1 353.7 343 335 325.6 318.7 314.2 309.6 306.5 303.8 298.9 295.1 290.6 288.5 284.5 278.5 273.6 270.2 263.9 252.9 259.9 275.4 287.1 293.4 296.6 299.2 296.6 289.9 282.8 276.6 267.2
393.6 401.4 424 437 451.1 461.7 470.7 478.8 485.5 490.3 493.2 493.5 491.8 489 486.9 486.4 486.3 484.2 480.1 473.6 467.2 458.8 451 442.3 431.7 419.8 406.1 396.1 398.5 399.8 401.7 403.6 405.1 405.3 402.5 397.7 394.9 393.7 394 394.8 396.7 399.4 400.1 397.4 389.9 381.4 370.3 360.1 350 339.1 328.3 319.1 312.7 306.5 301 297.3 292.6 288 283.7 280.1 276.8 275.5 271.5 267.5 264 256.9 257.8 270.1 283.1 290.9 296.6 303.7 304.7 301 294.4 287.1 278.9 270.1
395.2 391.1 416.3 431.8 444.9 456.5 467.4 476.9 485.8 492.1 495.8 496.3 494.4 491.6 489.2 487 486.5 484.1 479.4 473.8 468 461.5 453.1 443.7 432.1 417.5 404.5 408.7 410.1 411.5 414 415.6 417.3 416.6 412.8 408.1 402.8 401.2 399.7 399.1 398.9 400.2 395.5 390.2 383.8 372.5 363.8 352.6 341.7 330.6 321.6 312.7 306.5 299.7 294.4 287.3 282.9 279.9 277.1 274.4 271.6 266.8 264 260.2 259.4 258.7 269.1 277.4 284.9 295 304.8 308.3 306.4 302.3 295.1 288.2 280 271.1
394.3 385.9 405.1 424 437.5 450.1 461.3 472.7 483 490.8 495.7 496.6 495.1 491.3 488.1 485.6 484.4 482.8 478.9 474 468.3 462.5 455.1 445 424.4 418.5 423.5 422 423.2 424.2 426.1 427.7 428.8 426 422.2 415.1 409 406.6 404.1 400.9 397.7 394.9 388.8 382.8 374.2 366.3 356.5 346.4 335.1 324.4 315.1 307 300.4 293.8 289.1 291.3 292.8 294.1 290.4 284.7 280.1 276.4 273.5 270.2 264.6 267 274.3 282 291.9 302.5 310.4 310.1 306.6 300.5 293.9 286.3 278 270.2
397 384.4 389.9 412.6 427.3 440.7 454.3 467.1 478.8 487.4 493.2 494.8 493.2 489.1 486.1 482.7 481 480.8 479 474.2 469.3 464.1 456.3 445.9 436.4 438.7 436.7 434.1 434.1 435.5 438 438.4 437.3 434.2 427.8 419.1 413.8 410.4 403.9 398.8 394.6 390.2 382.5 376 366.9 357.1 348.5 338.1 328 317.4 307.8 299.3 295.6 299.2 302.5 304.5 304.5 302.8 299.4 293.7 287.4 282.4 277.4 271.3 265.3 271.2 279.8 289.3 299.1 307.4 311.5 309.7 304 297.3 290.2 282.6 274.7 268.1
402.9 387.5 382.7 397.9 415.6 429.9 446.1 460.9 473.6 483.1 489.2 490.9 489.9 485.7 482.8 478.6 477.4 477.4 477.3 474.3 470.2 465 460.5 456.4 450.7 449.1 446.9 444.6 444.7 446.6 447.3 446.3 443 437.7 428.5 420.5 415.6 408.8 403 398.2 391.3 383.7 374.8 366.9 357.3 348.3 338.9 328.7 318.6 307.2 305.5 308.1 310.3 313.3 314.3 313.8 312.1 309.8 304.3 299 292.3 285 278.4 268.7 272.3 277.5 287 296.1 304.6 310.5 311.1 306.9 300.7 294.2 286.4 279.6 272.6 263.1
410.9 398.7 383.1 381.6 401.3 420.2 436.5 453.2 467.6 478.2 484.6 486.2 484 481.6 478.1 475.1 473.6 473.9 474.9 473.8 471 469.9 467.3 463.4 460.7 458.5 456.2 454.5 455.5 455.1 453.4 450.6 444.2 435 425.9 418.2 414.2 407.5 400.6 394.3 385.8 377 366.3 356.7 347.8 338.5 328 314 308.9 317.2 320.1 322.5 322.7 323 322.2 321.8 319.2 313.6 305.7 300.5 292.8 284.3 274.6 276.5 278.5 286.7 294.9 302.6 308.9 311.7 311.3 308.4 301.7 294.3 284.9 276.6 268 258.8
415 407.1 394.8 377.9 385.1 409.4 426.9 445.3 461.1 472.2 478.3 479.4 477.6 475.8 473.7 470.8 469.5 470.9 472.1 474.2 474.7 474.1 473.1 471.8 470.1 467.7 466.1 464.4 462.5 459.4 454.3 449 441.4 432.8 423.2 414.7 409.1 403 396.6 388.4 378.2 368.9 359.6 348.6 337.5 327.2 317.5 319.6 327.2 331.7 333.5 332.1 330.3 329.5 328.7 325.3 319.8 312.2 304.8 298.2 291.6 283.8 279 282.8 286.9 295.7 303.3 309.5 312 313.6 313.1 309.9 302.9 292.8 283.2 273.8 263.9 254.8
416.9 411.1 397.1 384.7 376.3 396.9 418.4 436.6 453.2 465.4 471.7 471.2 468.8 468.1 467.7 464.8 462.6 465.9 469.8 473.8 476.7 478.4 479.1 479.5 478.5 477.4 475.3 472.2 467.5 459.7 452.5 447.2 439.3 429.8 420.2 411.6 404.2 397.2 389.7 380.8 370.8 362.1 351.4 340.4 329.8 321.3 327.8 335.6 341 342.3 341.3 336.9 335 333.2 330.4 324.6 318.3 309.9 302.6 296.6 289.2 284.5 288.7 293.3 300.2 305.6 312.1 314.6 316 316.2 313.2 308.2 300.5 290.1 280.8 270.5 260.5 251.5
418.6 412.1 400.8 386.9 375.4 386.1 408.9 428.6 445.1 456.8 462.3 461 458.1 457 457.3 454.8 453.6 459.3 465.5 472.7 478.9 483.1 484.9 485.9 485.7 484.4 481 475.7 468.1 459.9 452.8 444.4 435.5 425.9 415.5 405.3 396.5 388.8 380.4 371.5 362 352.1 341.7 333.4 324.8 334.4 342.3 348.7 350.2 350 345.6 340.9 337.2 333.7 328.9 323.3 314.9 307.7 300.3 292.5 291.7 295.4 300.9 307.2 314.3 317 318.7 321.7 322.2 317.4 312 305.6 296.9 287.4 277 267.5 256 249.1
418.4 412.9 402.8 390.6 373.4 377.6 401.3 421.3 437.5 445.7 448.5 447.3 443.9 442.1 442.8 441 441 451.4 461.8 471.6 479.5 485.6 488.9 490.5 490.3 488.6 484.3 477.4 469.5 461.8 451.4 442.2 432.5 421.6 409.7 397 387.8 378.3 372.1 361.2 352.3 343.3 335.2 329.5 338.3 345.4 353.2 355.9 356.3 353.3 349 344.3 339.2 333.3 327.4 319.6 312.3 305.3 295.6 298.1 302.2 309 315.7 322.5 323.2 324.7 326.6 326.3 323.3 318.4 311.6 303.9 294.5 285.5 274.6 263.6 253.2 247.5
417 410.8 401.2 393.3 376 370.7 392.6 411.4 426.2 432.2 433.4 429.6 426.6 426.9 427.4 424.2 434.9 447.6 458.7 470.3 480.1 486.8 492.4 494.5 494.1 491.8 485.8 477.7 470.1 461.5 450.7 440.3 429 416.2 403.8 392.7 380.6 369.7 362.1 353.1 345.7 337.4 337.4 344.6 350.3 355.5 361.7 363.3 361.1 356.4 351.7 346.7 340.1 332.9 324.9 318.4 310.8 301.4 304.7 310.7 317.8 322.8 327.3 331.8 333.7 334.3 333.5 328.9 324 318.7 311.3 301.9 291.1 280.4 270.1 260.1 253.8 247.8
413.6 408.3 400.5 392.8 382.3 369.5 385.9 401.6 414 418.4 416.2 413.4 411.5 411.1 412.9 420.7 433.3 447.9 458.6 470.6 481.7 489.4 495.1 497.5 496.3 493.6 487.2 478.1 468 458.8 447.2 434.8 423.5 410.5 400 389.4 378.7 367.4 357.3 349.6 340.9 342.4 349.6 355.8 362.4 366.8 368.8 368.1 363.9 358.5 353.8 347.2 339.9 330.6 324.1 316.5 308.7 309.1 316.8 324.5 329.9 333.8 337.9 341.2 343.5 342.3 338.8 333.4 324.5 318 308.2 297.9 287.3 277 267.5 261.9 255.7 248.1
407.2 403.9 397.9 390.3 381.1 368 375.9 392.2 400.9 402.6 400.2 396.6 393 398.1 412.1 423.1 435 450.2 461.1 472.9 483.9 492 497.2 498.6 496.1 491.5 484.2 474.8 464 452.1 442.1 431.4 417.7 405.7 395.9 385.5 374.9 364.4 355 346.2 346.3 355.4 362.8 369.8 373.2 373.9 373.7 371.2 366.2 360 352.7 345.8 335.9 329.1 323.4 315.1 313.8 320 329.2 334.8 340.1 344.7 347.5 350.7 350.7 347.6 343.4 336.9 327.3 316 305 293.9 283.5 274.2 269.1 261.7 254.8 248.7
393.3 396.1 394.2 388.5 380.7 370.1 368.1 383.3 389.5 387.3 383.2 383.6 400.3 413 424.6 435.8 445.5 454.7 465.4 475.6 486.7 494.1 498.2 496.3 492.4 486.5 478 467.5 456.4 445.8 435.7 424.7 411.5 401 391 380.8 370.6 360.2 352.7 346.2 357.8 366.3 372.3 377 378.3 377.5 375.4 371.5 366.6 359.6 353.4 344.9 335.9 328.4 323.3 317.1 323.9 332.7 339 344.9 350.3 354.4 357 357.3 355.6 351.9 345.8 337.3 326.7 313.1 301.3 290.5 282.1 276.9 268.8 261.8 255.3 250.3
377.3 380.7 383 381.4 376.7 371 363.8 373.7 377.7 375.7 381.2 397.4 411.1 423.6 436.6 447.3 455.7 463.3 471.8 480.7 489.2 495.5 497.6 492.7 487.9 480 470.4 459.1 448.7 439.1 428.7 416.5 406.6 396.4 386.3 376.4 366.1 357.6 351.9 361.6 369 375.2 380.1 383.1 382.7 379.3 375.8 371.2 366 359.2 351.8 344 336.6 328.5 322.5 328.6 335.9 342.8 349.3 355.3 360.2 362.6 364.2 362.6 360.3 355 347.8 339 326.4 313.5 301.4 289.6 281.8 274.8 269.5 264.3 260.6 256.4
369.4 366.6 369.3 369.7 368.7 367.3 363.6 365.1 368.2 372.6 392.8 408.3 422.1 435.1 447.3 456.7 464.5 472.4 480.3 486.8 492.2 495.6 495.8 492.1 485.1 476.2 464.6 452.1 441.4 431.3 420.9 409.7 400.5 391.1 381.5 372.7 364.8 357 357.5 372.5 377.6 383.3 388.2 388.4 386.9 381.7 375.9 370.6 364.2 357.3 350.5 343.1 335.8 329.9 329.9 339.8 345.8 352.5 359 364.9 368.3 370.8 372.5 371.2 365.9 359.4 351 340.3 326.4 314 302 293.8 284.8 279.3 277 273.7 268.9 262.6
382.2 374.2 365.9 363.7 362.7 362.7 358.2 361.3 365.5 385 403.7 418.8 431.3 445.1 456.8 466.1 474.4 480.4 487.3 491.8 495.3 496.9 495.9 490.9 483.3 472.7 459.5 446.9 433.9 418.7 410.3 398.8 390.3 382.9 375.2 369 362.5 367.7 375.7 380.6 387 391.3 393.9 393.3 390 384.2 377.7 370.3 363.3 356.4 349.9 343 335.2 333 342.3 349.1 355.1 362.2 368.7 372.9 376.6 379.3 380.4 376.5 370.4 362.7 353.2 341.4 330.6 318.2 306.4 298 293.3 291.2 287.7 282.9 276.4 268.9
