data/340000-610000.asc
ncols 200
nrows 200
xllcorner 340000
yllcorner 610000
cellsize 50
[rows 105 to 139 of 200, columns 78 to 155 of 200]
253.1 249.5 246.9 246.4 246.5 245.2 242.9 244.5 244.3 244.2 242.3 239.6 234.6 230.1 224.8 219.1 214 209.3 188.7 182.6 200.8 168 198.7 207.9 204.7 199.6 197.1 190.2 197.3 199.6 203.8 208.7 212.4 220.3 237 251.2 255.5 257 253.7 251 245.9 239.2 233 229.7 225.7 219.8 213 206.3 201 195.8 197.9 195.1 198 200.2 200.9 197.6 193 187.5 182.9 178.5 193.6 206.9 216.9 219.7 217.8 214.5 214.1 210 204.5 195 183.3 175.1 166.7 157.1 152 152.6 153.4 151.9
246.6 245.2 245.2 247.3 247.9 245.3 241.6 240.3 238.3 238.1 236.1 234.8 232.5 226.1 218.8 214.1 209.8 207.3 195.8 173.9 181.5 170.3 196.7 197.9 196.5 194.1 190.4 191 194.4 196.5 201 204.5 209.4 223.1 239.8 251.3 251.8 253.9 255.3 250.1 243.9 239.4 237.6 231.3 224.7 219.8 214.1 204.4 196 197.9 197.9 196.6 199.7 201.9 202.7 198.7 194.3 189.6 186 172.9 187.5 199.7 210.1 210.4 210.2 209.8 206.3 201.5 193.9 182.9 176.4 167.9 156.5 148.4 145.7 146.8 147.7 147.2
239.6 244.7 247.5 247.2 247 243.6 238.5 235.8 234.2 233 232.8 234.2 233.1 226.7 217.6 209.8 205.8 202.8 199.5 181.3 170.9 170 185.7 190.4 189.1 188.3 186.1 189.1 191.4 193.8 197.5 200.5 212.7 232.4 244.1 245.9 248.1 253.7 252.5 247.2 244.2 242.6 236.4 229.6 224.5 218.8 209.1 200.6 195.2 197.9 195.3 198.6 201.5 204.1 205.7 201.9 196.6 191.7 187.1 182.2 172.3 184.3 194.7 202.4 205.2 200.7 196.6 188.9 180.9 174.2 166.4 154.6 148.7 143.7 140.4 142.5 143.4 143.8
237.6 243.1 244.9 245.3 243.2 239.5 235.8 231.6 230 229.5 230.4 232.9 231.8 226.5 217.6 209 202.9 199 197.5 191.7 176.8 167.3 176 183.7 184.1 182.9 185.4 186 188.6 191.1 194.6 200.6 221.4 238.3 241.1 239.5 247.1 246.8 248.9 248.9 247.2 240.9 234.7 229.4 222.9 213 204.8 199.1 192.9 197.9 198.5 204.5 207.2 208.7 208.8 204.6 199.6 193.3 188.1 184.1 177.4 165.5 175.5 189.4 192.3 189.3 182.6 176.7 169 161 148.8 147.6 144 140.5 139.3 138.2 139.2 140.1
231.5 237.5 240.1 240.5 239.9 237.7 232.9 228.6 225.3 225 227.6 228.8 227.8 223.7 216.9 207.9 201.5 195.8 194.2 188.8 179.3 164.6 162.7 180.1 181.7 179.2 181.4 182.8 185.7 188.4 191.8 202.5 222.2 232.2 234.1 237.4 240.5 248.3 250.7 250.3 244.4 237.7 231.4 224.2 215.3 206.1 202 198.5 197.9 197.2 205.4 211.3 213.4 213.2 211.7 207.8 201 194 189 185.4 182 178.1 164.7 168.6 175.4 174.2 170.7 163 150.1 146.3 144.9 144.2 143 140.5 138.8 137 136.1 135.6
226.6 232.3 236.6 238.4 236.4 232.5 228.1 223.8 219.3 218.4 220.1 220.2 220.7 217.4 211.9 204.5 197.9 192.8 190.5 186.3 178.4 168.1 159.4 171.9 176.8 171.9 176.5 179.8 183.1 185.9 191 206.5 219.4 226.3 228.5 229 240.1 246.4 251 244.4 238 232 224.4 215.2 205.7 200.8 198 196.5 197.1 202.4 211.9 217.3 219.7 221.9 221.9 214.9 204.2 196.5 190.2 186 182.7 178.3 173.6 168.7 157 154.5 154.4 151.8 156.6 155.8 153.9 150.6 147 142.5 138.9 137.5 136.4 135.2
222.2 228.3 232.3 233 229.2 225.5 223.8 218.6 211.3 207.6 206.6 208.6 210.5 210.3 205.8 198.9 192.2 187.5 186.5 183.4 178.6 169.4 159 162.8 161 171.4 174.7 177.7 180.4 185 193 206.1 215.4 221.3 221.9 227.1 233.5 237 238 233.5 230.6 224.1 216.1 206.8 198.8 196.9 194.5 195.2 198.8 207.5 217 222 226.8 232.4 234.7 227.3 214 200.7 192.9 188.1 184.5 180.6 175 171.4 168 164.8 160.6 160.4 159.3 157.2 154.9 151.4 149.2 147.8 145.9 144.5 144.1 143.7
216.7 222 224.4 224 221.9 221.5 216.9 210.1 203 200 199 199.7 201.9 198.5 192.8 189.4 185.2 182.7 182.6 180.8 176.7 170.2 156.8 153.9 164.7 168.6 170.8 173.9 176.8 183.3 190.7 200.2 207.4 210.3 212.9 218.1 220.8 223 227.3 228 223.2 216.2 208.5 200.3 193.7 192.6 190.9 193.7 200.8 211.6 220.8 227.7 237.1 245 245 238.5 225.4 211.8 199.1 191.2 186.9 181.1 176.8 174 170.8 167.6 165.3 163.2 162.3 160 159.3 158.7 159.7 158.3 156.5 155.2 152.2 150
210 212.5 213 215.6 214.6 209 203.1 197.2 195.2 191.3 189.1 188.4 187.2 185 181.9 179.9 179.1 177.1 177.2 177.4 173.9 168.1 160.3 152.4 161.6 165.1 167.7 170.3 173.6 177.7 184.5 195.2 200.6 203.2 206.4 208.7 210.9 215.8 220.5 218.4 215 209.6 201.5 195.2 188.8 187.1 188.1 192.5 203 214.5 221.8 236.9 247.6 253.4 252.8 245.8 236 225.3 211.7 197.2 192.1 184.6 179.9 177.1 173.7 170.6 168.2 166.6 165.5 165.5 167.6 170 169.8 166.1 162.3 158.1 154.6 152.8
198.6 202.2 204.4 200.8 195.9 190.9 188.4 185.6 183.1 180.7 179.4 177.9 175.4 174.3 174.3 175.3 174.4 172.4 172.4 173.4 171.4 164.3 159.3 150.5 156.4 162.3 164 164.9 166.8 169.2 174.7 185.4 194.5 195.7 197 198.7 202 207.5 211.4 211.4 209.7 204.7 195.6 186.2 182.7 183 183.9 189.7 202.9 214.7 230.6 243.8 254.3 257.3 255 247.9 242.7 237.5 229.3 216 202.4 192 184.9 180.6 177 173.7 171.3 169.8 169.4 169.2 171.3 174.7 171.7 166.5 161.7 157.4 156.2 154.6
187.6 190.2 187.5 181.2 179.1 178 175.3 172.7 172.4 173.6 173.8 171.1 169.3 169.4 170.4 171.4 169.4 168.7 168.8 169.1 167.9 162.2 156.5 148.4 151.2 158.7 159.7 160.3 160.9 163 166.1 171.7 178.8 183.2 186.6 190.3 195.7 200.6 204.3 203.5 201.1 195.1 186.6 178.6 176.9 178.3 179.6 188 202.9 218.6 234.3 246.5 255.5 258.6 253.8 251.9 253.6 251.6 241.4 227.5 215.7 204.5 195.9 188.4 184.5 181.1 175.4 173.1 172.9 173.5 175 173.2 169.3 164.8 161.1 157 153.7 153.6
173.7 171.6 169 166 166.4 168.6 168.9 167.5 167.3 168.8 168.9 166.3 165.2 166.1 166.8 166.1 165.3 165.6 166 163.8 163 158.7 151.8 147.6 146.6 154.4 156.1 156.7 157.2 158.5 161.1 163.4 167.2 171.8 175.5 181 188.1 193.5 194 193.5 190 184.2 178.2 172.1 171.3 173 176.4 188.2 203.8 221 238.1 247.4 255.7 257.8 257.3 261.6 261.3 252.2 239.9 235.6 227.5 220.6 214.9 209.6 203.4 194.6 186.3 182 182.6 179.9 176.7 172.8 168.5 163.5 159.8 156.3 151.5 153.1
161.8 157.5 153.8 153.4 154.5 158.1 162.6 163.5 163.7 165.2 165 161.6 161.2 162.5 163.2 163.3 162.4 162.4 162.9 162.1 160.8 156.3 150.9 145.8 145.7 149.8 152.4 153 153.5 154.1 156.1 158.3 160.5 162.3 166.4 169.8 178.1 182.9 185.1 182.2 176.7 169.2 168.1 165.9 165.7 170.4 175 188.3 204.7 223.8 235.9 247.1 254 259.8 266.3 265.5 257.8 248.7 248.7 242 238.5 234.2 231.4 225.8 217.6 209.2 201.9 197.4 192.6 187.4 180.8 172 165.7 161.6 158.1 155.2 150.2 150.2
152.8 149.4 147.2 147.1 147.1 150.1 156.8 159.7 160.1 160.6 160.8 157.8 157.5 158.9 159.5 159.9 159.6 160 160 159.8 158 153.9 150.4 146.8 142.2 146 147.1 145.3 141.5 147.1 148.4 151.9 154.7 156.1 156.2 158.7 165.3 170.4 171.6 169.2 163.9 161 159.8 159.4 163.3 166.3 172.2 186.2 205.4 221.9 233.3 244.8 254.8 264 266.2 261.5 253.1 253.3 252.5 252.1 249.4 247.9 242 232.1 225 219.4 211.2 202.8 198.7 195 187.3 173.3 165.8 160.2 156.5 153.7 150.7 147.9
149.8 147.9 147.1 146.9 147.3 147.1 146.6 154.7 156.5 157.4 157.4 156.6 154.6 155.8 155.6 156.1 157.4 157.3 156.9 155.9 153.8 150.8 148.2 146.3 139.4 139.8 137.1 137.9 137.7 137.5 136 143 147.1 149.6 149.5 151.6 148.9 154.6 157.3 155.5 154 153.3 154.6 155.7 157.9 161.2 170 184.2 203 219.3 229 244.4 254.9 262.9 258.2 254.4 256.1 259.2 261.3 258.6 258.9 253.9 241.1 235.1 231.2 223.3 212.8 212.8 207.9 202.7 188.3 171.3 165 159.7 154.7 151.5 148.6 144.4
147.3 147.1 146.8 146.7 146.4 145.8 145.9 145.3 144.7 144 144.2 145.9 146.8 146.4 144.3 142.1 141.1 140.8 143.1 146.4 147.1 146.8 140.3 138.8 140 139.6 139.3 138.6 138.5 137.4 137.2 135.6 135.5 139.1 139.2 135.4 134.2 132.8 144.9 146.1 144.6 148.1 149.8 152.4 153.8 156.3 165.3 181.7 201.5 217.4 232.8 242.4 250.4 249.2 253.3 256.9 260 264.3 262.6 260.6 257.1 246.8 240.7 236.9 228 223.6 222.9 219.8 213.8 205.7 189.9 172.5 165.8 158.5 152.9 148.6 145.3 140.5
148 147.6 146.3 145.6 145.6 145.3 145.7 145.7 145.6 144.9 144.5 144.4 146.9 145.6 145 144.9 143.2 142.5 140.1 140.1 139 140.4 143.3 146.9 150 149.1 145.3 142.8 139.9 138 137.6 135.8 135.7 135.4 134.8 133.5 132.9 133.6 131.7 131.4 136.7 142.7 147.3 149.1 150.6 152.8 160.7 183.1 201.9 217.2 230.4 237.7 238.6 244.3 248.8 254.1 258.3 257.1 256.6 253.7 247 241.8 236 230.8 229.6 231.3 230 224.1 218 208.3 192.4 176.4 165.7 157.9 150.5 145.4 141.9 137.4
148.8 148.3 147.7 147.3 146.8 146.5 146.4 146.4 146.2 146.1 146.6 151 152.8 151.1 149.6 147.8 145.7 144.8 144.3 145.4 147.5 150.6 155.6 162.5 164.4 160.3 154.5 149.4 145.7 143.1 139.3 136.7 135.4 135.2 134.5 132.7 136.5 136 135.6 133.5 131.8 128.7 138.6 142.9 145.7 148.2 159 184.1 201.4 214.5 224.6 227.7 229.3 234.8 241.2 244.7 245.3 247.6 244.8 240.5 235.7 231.5 231.2 231 233.4 234.5 230.4 229 220.7 209.9 196.4 182.2 169.5 159.4 148.7 142 138.5 135.4
149.1 148.6 148.1 147.8 147.5 147.7 147.4 153.3 158.6 162 158.5 161.2 162.3 159.3 156.9 155.2 153.1 152.8 149.4 154.4 155.9 162.5 172.5 179 180.5 176.1 167.4 159 152.4 151.7 152.5 144.3 134.1 134.4 133.4 140.1 147 139.3 135.4 134.6 132.7 131.5 130.5 128 133.3 137.2 154.9 180.7 200.3 210.4 215.8 219.6 222.9 224 228 229.6 232.2 232.2 230.3 228.4 227.8 230.5 230.3 231.1 230.2 232.3 232.4 225 215.1 209.9 200.2 185.1 172.9 162 146.5 137.7 135.3 131.1
149.4 148.9 148.5 148.3 148.2 148 156.4 172.5 181.5 181.4 178.9 177.5 176.6 172.1 168.1 166.1 164 163 160.3 161.7 168.7 179.1 191.7 198.9 197.4 192.6 183.8 174.2 161 157.2 158.5 150 150.8 156.6 158.3 156.6 154.5 147.7 141.7 135.1 134.2 132.7 131.3 130.4 129.4 127.4 150.5 178.2 192.8 200.9 207.9 212.6 213.6 211.7 213.1 215.8 218.5 219.9 220.6 222.5 226.1 226.2 225.8 227.4 228.1 226.6 221 217.5 214.4 209.8 203.6 194.2 181 165 147.4 136.2 130.8 127.2
153.5 153 155.1 156.6 155 161.3 176.4 190.4 202.7 203.5 199.9 194.4 193.9 189.1 184.5 180.3 176.4 170 166 171 185.9 199 209.9 213.8 212.7 209.2 202.9 189.9 178.4 167.8 165.8 166.4 164.5 167.4 167.2 163.7 159.7 155.9 152.6 148.6 135.5 133.3 132.2 131 129.9 128.3 142.5 165.2 182.6 193.2 198.8 203 201.3 198.1 200.1 204.9 208.5 210.4 214.6 218.3 218.7 217.3 219.7 221.4 219.9 212.5 214.9 214.2 213.5 210.6 204.3 194.1 181.7 165.4 147.2 135.9 130.2 124
166.8 168.3 168.2 165 169.8 183.5 196.7 208.8 221.6 220.2 218.2 213.5 210.7 205 199 190.8 180.8 169 175.5 185.7 203 214.5 222.2 227.6 226.5 221.2 213.6 204.3 196.8 187.3 178.8 173.9 171.4 173.8 175.2 171.7 173 174.7 164.6 156.2 150.4 140.8 132.6 131.4 130.3 129.2 131.8 150.1 169.3 176.2 183.2 184.1 184.4 183.2 188.6 192.5 198 200.4 202.2 204.3 207.8 209 211.4 210.9 207.5 208.8 210.7 212.3 212.4 207.1 198.8 188.1 176 166.4 149.7 139.3 130.9 126.1
180.5 180.1 176.5 176.6 186.5 203.5 219.9 231.5 233.5 233.4 232.7 227.5 219.6 211.3 202 191.4 181.7 181 187.1 201.5 217.2 227.8 235.3 239.7 234.4 227.6 220.5 213.5 207.7 201.5 193.1 184.8 180.4 181.2 182.8 188.1 191.1 185.6 175.5 166.3 156.7 147.3 139.6 131.4 130 128.9 125.7 136.3 150.9 158.1 162.7 164.9 166.7 170.5 177.6 183.9 186.4 185.2 188.9 191.9 197.5 199 199.7 199.8 200.1 201.6 203.7 207.1 205.4 199.7 191.2 180 169.8 161 146.9 139.8 132.1 125.5
191.1 188.5 183.6 191 204.2 224 235.3 240.2 243 245.4 238.4 230 218.7 209.6 201.2 190.8 184 188.4 200.2 213.7 226.3 236.8 246.8 244.9 238.8 231.6 224.7 219.9 215.1 208.6 201.2 195.3 194.1 191 188.7 193.8 197.9 191.1 182.4 172.3 162.2 150.4 144.2 138.3 129.4 128.8 128.2 125.7 136.5 142 146.4 149.5 149.5 154.1 160.9 167.5 173.9 173.6 178.7 178.5 180.2 185.2 189.2 187.9 189.1 191.7 194.6 193.5 191.3 188 180.1 171.4 163.2 155 144 136.6 129 123
202.7 196.1 190.9 202.8 219.6 233.1 239 247.4 248.8 244 237.1 223.1 214.6 210.1 201.6 190.4 186.1 196.3 210 223.7 236.6 246.6 252 247.2 239.9 234.6 228.7 223.7 218.9 213.6 209.3 205.8 201.7 198.8 197.3 198.5 202.2 195.3 186.8 177 165.1 153.1 145.1 140.3 134.9 129.1 128.8 127.5 125.2 131.5 131.6 131.2 130.5 132.9 141.4 148 154 158.2 161 162.9 168 172.3 173.6 175.7 177.2 180.3 180 178 176 175 166.2 156.2 150.2 143.8 134.4 125.7 119.4 119.1
209.3 200.1 200.9 215.5 227.6 235.3 247.8 250.4 248.3 241.6 228.5 218 213.2 206.5 195.1 189.3 192.7 204 216.2 230.8 246.3 254.6 252.8 247.6 241.2 237.1 232.7 227.6 222.6 217.9 213.9 210.8 206.8 204.8 204.5 205.7 205.3 198.3 189.6 179 167.8 156.3 147.6 142.3 138.9 135 136.1 128.8 126.9 124.5 126 124.7 124.4 123.4 123.5 125 131.6 138.3 142 142.2 148.4 155.3 156.8 161.5 164 163.4 163.4 163.4 161 155.9 148 142.7 138.5 131.7 124 118.8 118.3 117.3
212.8 207.3 213.1 223.7 232.2 243.5 251.8 251.2 243.3 232.7 221.6 215.6 209.5 198.6 193 192.8 195.2 208.4 220.1 235.8 249.3 254.1 252.7 247.8 242.5 239.2 236.9 232.2 227.6 223.4 218.2 215 211.8 209 209.8 212.2 206.8 198.6 187.9 178.8 168.6 158.5 150.3 143.9 140.8 134.4 138.8 136.4 127 126.1 123.9 124.5 124.5 123.4 122.7 122.9 122.4 119.5 123.5 125.6 126.2 136.7 142.9 144.8 147.5 146.7 146.9 146.6 142.8 137.9 134.4 129.3 124.3 120.9 118.6 117 117.2 117.3
215.9 214.6 219.7 226.7 237.7 248.9 249.6 243.1 234.4 222.4 215.9 209.2 202.2 197.9 194.9 197 198.2 209.3 223.9 240.4 251.4 253.7 254.1 249 244.7 241.9 240 236.5 232.6 228.7 223.4 219.2 215.3 213.6 215.5 212.2 202.6 193.8 184.6 178.2 169.4 160.5 152.9 145.8 139.8 142.9 143.9 144.9 127.5 127.3 125.8 125.4 125.1 124.7 124 123.2 124 122.9 122 121.3 119.1 120.7 129 133.4 133.2 133.8 133.8 133 128.6 122.5 117.7 116.7 117.2 116.9 116.6 116.1 116.1 116.1
223.8 222.7 225.5 232.4 242.5 246.8 243.2 235.4 223.9 217.3 211.7 205.4 204.5 201.7 198 200.3 204 215.5 231.3 244.3 253 255.9 255.2 252.2 248.2 245.2 243.1 240.2 237 232.7 225.6 219.6 216.6 213.3 211.4 206.6 197.6 190 183.9 177.1 169.8 162.6 154 145 149.1 150 150 150.6 150.9 147.8 135.8 126.5 126.5 126.4 127.4 139.7 137.2 133.8 125.2 121.5 120.8 120.3 118.4 118.2 120 120.4 120.7 120.8 118.1 117.3 116.3 116.2 116.1 115.9 115.6 115.3 115.2 115.2
234.1 230.4 230.3 238.5 242.7 239.8 235 224.3 219.2 215.3 211.4 210.4 210.2 207.8 204.3 205.8 209.9 223.8 234.9 244.9 254.5 258 256.9 254.4 251.5 247.8 245.8 245.8 239.3 230.9 221.9 215.5 212.7 209.7 205.1 201.8 194.4 188.6 184 177.7 170.7 164.3 154 153.2 157 158.1 155.5 154.8 155 154.6 153.1 152.7 144.5 141.3 150.5 148.4 143.7 139.5 137 134.3 120.7 120.4 120.6 119.8 119.5 118.6 116.2 116.2 115.6 115 114.5 115.1 115 114.9 114.9 114.4 114.3 114.3
241.9 236.8 237.1 239.4 236.4 230.9 225.4 222 220.3 218 216.9 216.5 216 215.9 214.3 214.1 217.1 226.9 237.3 247 255.7 259.3 258.1 255 252.8 252.3 250.5 248.7 239.3 227.3 217.9 212.8 209.3 206.4 201.3 197.6 193.3 187.5 184.4 179.5 171.7 158.1 163.5 162.6 162.9 164.1 163.6 160 159.5 160.4 159.2 158.6 159.3 156.5 155.4 152.5 148.4 144.9 141.8 139.5 136 130.1 124 120.7 119.3 118.9 118.4 118.4 117.6 116.6 116.3 116.3 115.3 114.5 114.4 113.9 113.6 112.9
250.3 243.6 241.9 237.6 233.8 228.8 225.2 223 220.6 222.1 222.1 220.7 223.3 226.2 225.5 224.6 219.8 228.1 240.2 248.8 256.3 258 256.9 255.6 255.1 256.1 255.1 247 236.1 223.2 212.9 209.8 207.1 204.1 200.3 195.6 192.7 189.2 185 173.1 169.8 170.1 169.4 168.2 168.1 167.9 168.9 168.4 164.7 165.2 164.9 164.4 164.9 164.2 161.4 156.4 152.8 149.4 146.3 143 140.4 134.2 130.9 124.6 121.2 118.7 118.3 117.7 116.4 123.2 121.9 117 115.6 114.2 112.3 112.3 113.4 113.9
251.5 246.6 243 238.5 234.1 228.8 227 225.1 223.6 225.7 226.6 228.5 234.4 234.8 236.3 235.4 227.1 234.1 240.6 247.4 252.3 255.3 255.7 255.3 258.6 259.5 254.8 244.4 231.5 217.3 207.1 203.8 202.4 200.9 197.7 194.8 191.7 188.5 174.8 179.1 178.1 175.4 173.3 173 172.7 171.9 173 173.3 171 169.9 171 172.9 176.9 175.3 167.6 159.9 155.4 152.4 150 147.2 144.6 139 135.4 130.8 128.9 127.6 125.7 129.6 135.8 136.3 128.3 118.1 113.8 114.9 114.9 114.8 115.1 118.1
257.1 251.8 248.9 244.2 234.5 228.8 228.2 226.7 229.1 234.2 235.5 239.3 241.3 243.1 243.5 240.4 233.3 234 238.6 243.7 246.8 250.7 255.9 260 259.6 257.2 251.7 240.1 225.1 211.3 202.2 200.3 199.3 198 195.7 193.8 190.6 176.9 184.9 183.5 181.3 178.6 176.9 177 176.4 175.5 176.7 176.2 175 175.4 180 186.7 190.6 185.4 173.8 166.9 161.3 156.9 154.7 152.4 150 145.2 142.3 139 137.6 137.1 138.7 140.1 143.1 137.6 123.6 117.4 114.8 115.3 115.7 115.7 122.9 130.1
263.3 258.5 252.9 241.7 233.1 227.8 227.3 233.4 241.8 245.6 247.2 247.2 248.3 247.5 245 241.6 236.8 234.4 236.2 241.2 243.8 250.7 257.8 258.4 257.3 254.7 247.9 234.2 217.2 203.1 197.3 196.7 195.9 195.3 194 192.5 186.7 189.8 188.2 186 184.3 183.3 181.7 180.1 179.4 179.5 180.3 179.6 179.4 184.4 190.2 196.8 199.6 195.9 186 181 175.6 171.7 170.7 168.9 165.5 159.9 156.9 150.4 149.8 148.6 149.5 150.3 149.3 134.2 120.6 115.6 115.2 115.8 116 124.3 134.8 141.1
