data/340000-810000.asc
ncols 200
nrows 200
xllcorner 340000
yllcorner 810000
cellsize 50
[rows 105 to 139 of 200, columns 78 to 155 of 200]
285.9 285.6 284.6 283.7 283 279.4 280.9 281 280.7 281.2 279.2 276.7 274.3 269.1 267.5 275 277.9 281.2 285.3 289.6 294 298.5 300.8 301.6 304 307.4 311.4 315.8 322.3 324.9 327.6 333.7 339.3 342.6 346 349.7 352.4 354.4 356.2 353.5 349.5 345.6 340.2 332.8 325.6 323.3 313.8 302.7 295.1 291.7 283.9 277.2 271.2 266.6 264.5 257.9 253.7 250 247 242.5 239.1 235.3 231.8 229.5 229.2 229.4 229.7 231.6 230.5 228.9 229.8 229.1 225.5 220 213 203.3 198.2 196
292.9 290.8 289.4 286.8 283.8 279.1 277.9 277.2 277 277 275.9 274.7 270.8 265.7 264.8 271.7 275.6 279.8 284.7 290 297 303.7 308.2 310.3 311.4 312 316 316.7 321.6 324.4 326.8 330.3 334.2 337.8 341.4 345.9 348.8 351.1 351.4 349.6 346.3 341.8 335.6 328.9 323.8 320.3 309.8 300.3 294.1 287.5 280.5 273.6 267.6 262.1 257 253.5 249.2 245.5 242.6 239.7 236.2 234 231.1 228.8 227.7 226.7 226.3 225.8 225.3 222 221.7 221.4 217.2 210.2 203.6 201.3 200.1 196
294.1 291.4 289.1 284.6 280.6 277.6 277.2 275.7 273.9 275.1 274.4 271 267.1 262.2 263.2 270.9 274.8 279.1 285 292.3 299.8 307.1 312.7 315.4 316.7 317.1 317.7 317.9 320.6 322.4 324.6 326.9 329.7 332.7 336.4 339.8 343.5 345.8 346.6 344.3 340.9 335.9 329.5 325.6 322.8 312.5 305.1 297.5 292.8 285.5 278.3 271.5 264.7 258.1 252.5 248.2 244.1 240.6 237.3 234.8 232.2 230.6 229.1 229 227.9 227.5 226 224.9 223.3 219.4 217.5 215 211.4 207.4 200.4 202.2 201.6 197.3
296.2 291.9 287.9 282.6 278.1 276.1 274.8 274.2 271.8 269.7 269 266.2 263.4 259.3 262.4 270 273.8 277.8 285.7 294 301.7 308.6 314 318.2 317.7 317 317.1 317 318.3 319.8 320.9 322.5 324.4 326.1 329.6 332.2 335.4 338.6 339.8 338 333 328 323.8 321.2 313.8 305.6 299.9 291.9 286.6 279.3 271.8 265.4 258.8 252.9 247.5 242.5 239.9 236.8 233.3 230.2 227.7 226.9 227.2 227.4 225.5 224 223.7 223.1 222.2 219.5 215.9 212.9 210.5 203.8 199.9 200 198.9 198.9
297.7 292.4 288 282.7 277.7 274.7 273.3 272.6 271.2 264.5 262.5 260.4 258 256.6 262.9 269.2 273.7 277.9 284.7 292.7 300.5 306 310.3 313.7 314.2 313.7 314.1 314.2 315.1 316.1 317.1 317.8 318.9 320.6 321.7 324.9 328 331.1 332.9 329.2 324.8 319 315 311.1 304.7 298 292.6 287.1 280.4 272.6 266.2 259.5 253.4 247.4 241.7 237.4 235.2 232.9 230.4 227.3 225.4 224.5 224.7 224.9 223.3 221.2 220.3 219.9 218.9 216.9 215.4 212.9 209.3 201.2 199.7 199.4 200 200.5
296.2 293 288.9 283.3 277.9 274.4 270.5 268.5 264.5 259.5 255.9 253.1 254.8 257.3 263.7 269.6 273.2 278.2 283.5 290.7 298.3 302.6 306.1 307.6 308.4 308.6 309.1 309.6 310.8 312.1 313.2 313.8 314.2 315.2 315.6 318.5 321.2 323.4 326.2 323.1 318.3 311.4 306.5 301.6 295.3 289.5 283.8 279.6 275 268.6 261.7 253.7 247.3 241.3 236 233.8 231.6 229.2 226.8 225.3 224 223.1 222.7 222.9 220.5 218.4 216.9 217.4 216.8 216 214.4 212.8 203 196.9 196.8 200.3 198.7 196.5
293.4 292.2 290.7 284.6 279.8 275.1 267.6 261.9 257.6 252.8 251.9 249.9 254.1 257.5 263.2 269.3 275 280.5 285.8 290.8 296.4 299.7 301.2 301.7 302.7 303.5 304.2 304.6 305.4 306.6 308.1 308.7 309.3 309.8 310.2 312 314.5 316.7 318.7 317.7 310.2 304.6 300.3 296 290.1 284.3 280.5 275.2 269.8 263.6 255.6 248.2 241.4 236.2 233.4 230.6 228.4 226 224.8 223.4 222.3 221.7 220.8 220.1 218.2 216.6 214 214.6 213.7 212.3 211.2 205.6 197.6 197 196.9 196.6 196.5 196.2
287.3 288.1 288.2 285.5 281 276.3 269.5 260.9 256 251 248.1 248.6 253.6 257.4 263.1 271.1 278.1 283.1 287.8 291.8 294.9 296.7 296.9 296.8 297.7 298.1 299.3 299.6 300 301.2 303 303.4 303.4 303.9 304.6 305.5 306.9 308.2 308.2 307.4 303.5 298.7 294.5 290.4 284.9 279.6 275.3 269.1 263.8 257.4 249.3 242.6 237 232.9 231.2 228.1 225.1 224.1 222.8 221.6 220.3 219.5 219.1 217.4 214.7 213.6 211.7 211.9 210.2 207.9 202.8 197.7 197.6 197.3 197.1 196.9 196.8 196.6
281.2 282.3 283.3 284 281.5 277.1 272.8 263.3 256.1 249.2 245.6 249.1 254.6 259 266.6 272.7 278.5 284.9 289.1 290.2 291.9 293.2 293.5 292.9 293.2 293.2 293.4 294.1 294.8 296.1 297 297.1 296.4 295.6 296.2 296.2 297.4 297.8 299.2 300.2 297.8 293.3 289.8 284.9 280.8 276.6 268.7 261.6 255.5 249.3 243.4 238.6 233.7 229.8 226.9 225 222.9 222 221.1 220 218.3 217.4 216.9 211.8 211.4 211.6 208.2 208.6 206.4 203.9 198.2 198 197.8 197.6 197.4 197.3 197.2 196.9
273.8 276 277.3 278.9 279.5 276.9 273.8 267.6 256.7 245.9 244.9 254.4 260.8 266.5 272.1 274.4 277.4 282.9 286.7 288.4 289.4 288.7 288.7 288.9 289 288.4 287.6 288.4 289.8 290.9 291 290.2 289.1 288.1 288 287.3 286.7 286.3 288.1 290.1 292.4 292.1 288.6 284.5 279.6 272.3 263.5 257.4 250.4 243.2 237.9 235 232.1 229.3 226.2 223.7 221.4 220 219.2 218.3 217 214.9 213.3 207.2 206.6 206.3 205.7 204.9 202.7 200.5 197.6 197 197.9 197.2 196.9 197.7 197.6 197
266 268.2 271.4 273.9 275.1 275.8 273.8 267.2 251.8 241.8 249.5 261.2 269 274.8 276.9 274.7 275.2 278.8 282.2 283.6 284.3 283.8 284.6 284.8 284.5 284.2 283.1 283.7 284.9 285.4 285.6 284.9 282.9 281.8 280.5 279.8 278.9 278.5 278.5 280.3 282.9 285.8 286.5 283.8 282 275.7 265.5 253.7 246.6 239.6 233.4 225.6 226.3 225.2 222.9 222 219.9 218.1 216.3 215.4 215.7 213.7 208.7 207.4 204.8 204.1 199.1 197.5 197.7 196.9 197.4 197.7 197.9 197.9 197.1 196.6 196 196.5
258.6 261.4 264.6 267.5 270.6 273.2 270.5 263.3 247.8 240.3 250.9 263.8 273.8 277.6 277.3 273.4 271.9 273.7 277.4 280 282.3 281.3 281.8 282 281.6 280.8 279.3 278.2 279.5 280.9 281.1 280.2 277.3 275.8 274.3 273.1 272.2 271.5 271 270.4 273.1 275.7 277.5 276.2 273.3 267.7 259.2 250.3 240.9 233.9 227.6 221.2 216.8 215.1 213.7 212.8 215.6 216 214.2 213 213.2 211.3 207.8 206.5 203.4 198.1 198.7 198.9 198.7 198.4 197.8 198.3 197.9 197.6 197.5 197.1 198 199.7
252.7 254.6 257.5 260.6 265 268 267.9 259.1 246.1 238.9 248.3 260.7 271 274.4 273.5 269.3 267 269.2 272.8 276.8 281.1 282.9 281.1 280.1 278.8 278 276.4 274.5 275.4 275.9 275.7 274.5 271.8 269.8 268.8 267.2 265.7 265 264 262.7 262.3 264 266.9 265.8 263.3 256.6 251.2 244.3 236.3 227.9 228.1 226.7 214.4 218.2 216.9 209.1 208.6 208 208.7 210.4 210 207.5 208 202.2 198.7 198.9 199.2 199.1 198.8 198.6 198.1 199.2 198.2 197.3 197.2 200 200.4 199.3
246.4 248.2 250 254 258.9 262.3 262.3 257.2 246.1 237.5 242 255.8 264.4 267.2 265.6 262.9 262 264.6 268.8 274.8 280.2 284.7 283.8 280.9 278.8 275.7 273.1 271.1 270.7 270.2 269.4 268.4 265.7 265 263.3 262 259.6 258.3 256.7 255.2 254.5 253.1 255.2 255.3 252.6 248.6 242.8 236.3 231.6 232.3 227.6 221.1 213.8 219.8 220.9 217.9 211.5 206.6 205.9 205.2 204.9 205 203.1 199.9 198.8 199.5 199.3 199.9 199 198.7 199.7 200.8 199.4 197.6 200.8 200.4 200.6 202.1
240.4 242.3 243 246.1 250.7 255.6 256.2 253.6 247.6 238.9 234.9 245 254.5 257.7 257.6 255.3 255.2 259.8 264.5 271.5 277.9 283 285.3 282.5 279.2 276.5 272.7 268.4 264.9 263.7 263.3 263 262.9 262 260.6 257.3 254.4 251.8 249.8 247.7 244.8 242.7 245.2 243.9 240.2 236.7 233.4 235.7 232.9 230.3 220.6 217.3 219.1 218.3 218.1 216.3 214 206.2 204.7 204.1 203.4 201.5 200.1 198.5 199.7 199.6 199.5 200.5 201.6 201.4 200.9 200.5 197.5 199.5 199.9 201.8 202.4 205.1
235.5 234.2 234.5 238.6 242.9 247.6 250.3 249.7 248.1 240.7 233.7 238.3 244.7 246.9 244.1 244.1 249.4 255.4 260.7 267.8 274.9 281.2 286.2 282 278.5 275.6 271.2 266.3 262.7 259.6 259.5 258.4 259.7 262.1 260.2 257 250.2 244.1 242.7 240.6 237.9 232.1 229.3 228.9 229.3 229.1 229 227.2 222.4 217.6 220.7 221.6 220.8 217 212.1 212.6 209 204.3 203.7 203.1 202.5 200.4 199.3 199.5 199.8 199.7 199.7 201 200.6 200.3 200.3 199.3 197.8 198.7 201.9 204.5 206.9 208.1
228.7 227.2 228.7 228.6 236.7 240.8 243.2 242.9 242.7 240.8 234.5 232.1 235.5 233.8 234.3 238.1 243.5 249.2 254.4 262.5 270 276.9 281.9 279.3 277 273.7 269.2 264.9 261.7 258.1 255.3 257.8 256.8 256.5 255.8 252.4 249.5 245.4 240.8 238.6 234.8 235.4 232 226.5 221.6 223.6 223.3 220.7 217.5 221.3 221.7 219.7 218 215.5 206.6 206.8 204.6 204.3 203.7 202.8 202.8 199.9 199 199.5 199.7 199.8 200.2 199 198.5 198.2 198 200.4 199.2 200.1 202.1 206.8 209.8 211.5
223 223.5 229.5 228.7 228 234.9 236 236.8 237.2 235.7 232.4 229 230 228.7 229.8 231.7 236.4 242.2 247.6 256 263.3 269.7 273.7 275.6 272.9 270.8 266.9 263.2 259.5 255.9 248.9 252.7 258 257.9 251.4 251 247.3 245 239.2 237.3 234.5 229.3 229.3 224.2 221.3 215.9 219 218 218.4 221 219 214.3 211.2 206.4 210.1 212.1 208.3 202.6 201.2 201.2 201.1 199.1 199.7 200.5 202.9 200.8 199 198 197.9 197.7 197.8 199.4 199.8 200.4 204.6 208.8 212.4 212.8
222.4 222.1 223.4 222.6 222.8 228.3 232.4 232.1 232.3 232.1 229.4 227.5 227.2 226.6 226.5 227.8 230.7 235.8 242.9 249.5 256.3 261.6 264.5 265.8 265.5 263.8 261.7 258 254.8 251.3 246.1 241.6 246.3 251 254.1 253.3 247.3 238.4 238.1 235.9 232 222.6 218.9 211.9 212.6 210.4 208.7 208.6 209.3 209 208.8 208 211.2 210.9 210.3 211.4 204.4 201.1 201 201 199.8 200.1 200.8 201.6 204.3 202.2 199.2 197.9 197.8 198 198.4 199.8 202.6 202.8 211.1 215.4 219.2 221
221.8 221.7 221.3 221.1 220.6 221.4 225.1 226.4 228.9 229.4 227.3 226.5 225 226.6 227.1 225.2 227.8 229.3 235.6 241.8 247.8 252.3 254.5 255.5 256.7 256.8 255.5 253.4 250.4 246.6 242 238.3 235.5 236.6 237.2 241.4 239.6 233.8 226.6 223.4 217.2 218.6 224.6 225.8 222.3 218.1 216.4 212.4 209.7 208.2 206.6 206.5 208.6 209.8 208.2 207.6 201.5 201.5 201.5 200.9 199.9 200.8 201.1 203.3 205.5 205.5 204 201.4 200.9 202.2 204.3 206.2 206.6 214.7 216.5 219.9 223.7 227.8
221.8 221.5 221.1 220.8 220.6 220.3 220 219.9 221.3 224.2 225.8 224.2 223.5 226.4 226.2 224.3 224.3 225.9 226.5 230.8 236.7 241.5 244.2 246 247.6 248.9 249.1 247.6 246 243 239.1 235.5 231.4 226.3 225.1 224.7 227.2 219.5 219.2 227.8 232.1 230.6 234.2 232.9 228.7 224.5 221.8 219 215.9 213.1 210.7 208.8 206.4 205.6 205 202.7 201.6 201.8 201.9 200.4 200.8 201.1 201.4 205.1 206.2 206.8 206.6 207.5 208.9 211 213.5 216.2 213.4 217.3 222.7 224.3 226.6 226.8
220.3 221.3 220.8 220.5 220.5 220.1 219.6 219.2 219 219.3 220.7 221.3 222 222.5 222.3 221.9 222.3 224.1 225.3 225.5 227 232.2 234.2 236.7 238.8 239.6 240.8 241.8 240.2 239.1 236.2 232.9 227.9 224.3 223.7 226.1 220.6 226.4 234.3 239.3 241.3 241.6 240 238.2 236.9 234.4 231.3 228.1 224.5 219.3 214.9 210 206.3 205 204.9 202 202.1 202.1 202.1 200.1 201.9 202.4 202.9 207.9 208.7 208.9 209 215.1 216.6 217.8 220.9 222.4 219.5 218.3 222.5 225 226 227
219.2 219.8 219 219.2 220.3 219.6 219.6 219 218.6 219.5 219.9 220.3 220.4 219.9 219.6 220.4 220.7 221.3 222 223 223.4 224.8 227.4 229.8 231.3 232.7 233.4 234 234.6 234.3 232.6 229.3 224.8 225.9 230.1 230.4 228.2 231.3 237.7 242.8 247.3 249.2 247.5 246.4 245 243.4 238.3 232.6 224.7 217.4 214.2 209.7 205.8 204 202.1 202.5 202.3 202.4 201.7 201.4 203.5 204.1 206.2 211.6 213 215.4 215.5 217.7 219.4 224.1 223.7 225.5 224.8 219.9 224.6 225.8 226.7 228.7
218.6 217.5 218.7 218.3 217.6 217.9 216.8 218.7 218.4 218.7 219.1 219.5 219.3 219.1 219 218.4 219.4 218.9 219.5 220.7 220.3 221.4 222.8 225.4 227.5 227.1 227.5 228 227.8 227.7 226.4 224.2 222.5 224 226.3 228.2 230.8 235.4 239.9 246.5 250.8 254 255.7 254.3 252.4 249 243.4 236.2 228.9 222.7 217.3 211 204.6 202.8 203.1 203 202.8 201.5 200.5 202.7 204.8 205.4 206.5 209.4 212.4 215.8 217.5 220.9 225 231.4 232.4 231.9 230.1 224.9 225 228.4 229 231.3
218.4 218.4 218.7 218.1 217.5 217 216.6 218.2 218.3 217.9 218.3 218.7 218.7 218.3 218 217.9 217.9 216.9 216.2 216.5 217.9 218.3 220.2 220.3 220.6 221.1 221 222.5 222.7 221.8 221.6 220.9 221.2 222.3 224.9 227.6 232.1 237.5 242.7 247.7 253 258 259.5 258.3 256.4 251.8 245.6 240 233.6 225.9 219.3 209.2 203 203 203.4 203.2 202.7 200.4 201.3 202 207.1 207.5 208.6 208.9 210.9 216 221.9 229.1 234.3 239.9 239.9 238.1 235.6 232.5 233 233.6 233.1 235.6
218.3 218.3 218.5 217.9 217.4 216.9 216.4 218.1 216.8 217.6 217.9 217.9 218.2 217.8 217.5 217.3 217 216.4 215.9 215.5 215.7 216.4 217.4 217.5 217.7 217.7 218.8 219.9 218 218.5 218.8 218.2 219.5 220.6 223.9 227.3 231.9 236.9 242 246.9 253 259.5 264.9 264.8 263.8 261.5 256.8 246.2 236.7 225.8 214.5 205.2 203.2 203.9 203.4 203 203 201.1 204.3 208.4 214.5 213.2 215.6 217 215.8 215 225.3 236.2 244.5 249.3 249.5 249.3 246.3 243.6 241.1 240 239.1 238.1
218.1 218.3 218 217.7 217 216.6 216.3 216 216.4 217.3 217.6 217.5 217.6 217.3 217 216.7 216.3 215.9 215.5 215.3 214.9 216 217.2 217.1 216.4 216.5 215.7 216.8 214.9 215.5 216.1 215.9 217 218.2 221.2 224.6 229.4 233.7 238.8 244.6 250.2 257.5 266 271.8 271.2 267.1 257.4 244.6 234.4 223.1 212.5 203.7 203.8 203.7 203.5 202.9 202.6 201.2 205.9 215.8 224.2 223.3 224.9 223.9 219.7 215.9 226.1 241.4 250.4 256.6 259.7 260 256.7 252.3 248.2 246.4 244.8 245.3
217.8 217 217.7 217.3 216.9 216.6 216.2 215.9 215.6 216.5 217 216.9 216.8 216.6 216.3 215.9 215.4 214.7 215.6 215.4 214.9 214.8 216.4 218.3 216 217.6 216.6 216.7 215.4 215.1 214.3 213.8 214.6 215.7 218.7 221.6 226 230.3 234.9 241 246.4 253.2 261.8 267 268.4 261.3 253.9 240.8 227.6 217 208.5 203.7 204.1 203.8 203.6 202.7 202.8 202.2 211.3 223.4 229.5 230.1 232.7 232.3 226.3 217.7 227.5 239.7 254.1 262.2 265.4 265.8 264.4 260.9 256.9 254.9 253.7 252.1
217.9 217.1 217.8 217.4 217 216.5 216.2 215.6 215.6 215.7 215.1 214.5 215.2 215.8 213.7 215.1 214.1 214.3 215.4 215.3 214.9 214.3 214.2 216 215.7 213.8 215 214.9 214.5 214.9 216 214.4 212.7 213.6 214 217.6 220.9 224.4 229.7 236.2 241.4 248.5 255.4 260.8 261.3 257.4 247.5 234.3 222.4 212.4 205.8 203.9 204.4 204.2 203.9 203.3 201.7 203.1 217.6 230.6 242.1 239.2 237.2 237.1 227.8 220.1 228.2 239.7 250.9 260.3 265.8 268.5 267.8 266.1 264.2 262.8 261.3 259.5
217.9 216.3 217.7 217.5 217.1 216.6 216.2 215.4 215.7 215.5 215 214.8 214.5 214 213.9 213.6 212.6 213.8 213.1 214.1 214.7 214.3 213.8 213.1 216.1 217.6 213.4 213.2 213.3 212.8 214.5 215.7 215.4 212.2 213 213 214.5 218.5 224.1 229.9 235.8 243.4 249.8 255.2 256.8 251.7 241.4 231.7 223.2 213.9 206.1 204 204.5 204.7 204.2 203.6 201.2 203.4 225.8 237 245.4 246.1 241.5 235.8 225.3 227 234.3 238.3 246.5 255.6 263.1 266.8 269.1 268.9 269.3 268.7 267.6 267.1
216.9 217.4 217.6 217.4 217 216.6 216.3 215.5 215 215 215 214.5 214.2 214.2 213.8 213 211.5 212.1 212.5 211.7 214 213.7 212.7 212.4 212.4 212.6 213.6 211.6 211.3 211.3 211.5 211 213.7 213.3 211.6 213.1 212.7 213 217.1 223.3 229.7 235.2 241.6 249.2 250.1 242.5 233.8 223.1 215.4 208 204.6 204.5 204.7 205 203.8 201.8 202.5 209 227.4 241.1 245.4 242.6 238 232.5 224.7 232.9 240.3 245 249.7 254.2 259.7 265.7 270.1 272.9 273.8 274.2 274.3 274.1
216.7 217.5 217.5 217.3 216.9 216.7 216.4 215.4 214.6 214.5 213.9 213.9 213.8 213.8 213.4 212.3 213.4 213.1 212.9 212.9 212.6 213 212.2 212.2 212.2 211.5 211.4 211.4 209.7 208.4 207.5 207.7 207.8 209.8 209.4 214.2 214.6 210.2 213.7 215.6 221 225.4 230.3 234.8 237 231.5 221.8 212.2 208.7 206.3 204.7 205 205.1 204.1 202.4 203.3 206.5 218.2 235.3 245.9 245.5 242 236.1 228.6 226.7 236 244.2 249.5 254.1 258.4 263 268.9 272.2 275 277.2 279 280.1 281.8
215.7 216.4 216.9 217 216.8 216.7 216 215.3 214.5 214.4 214.4 214.2 213.4 213 212.5 213.4 213.1 212.8 212.5 212.3 211.3 212.5 212.1 212 212 211.6 211.3 209.9 208.9 208.4 209.8 209.1 208.9 207.3 207 208.2 207.9 210.6 208.5 209.5 210.1 210.8 215.5 214.8 216.7 214.5 208.2 206.8 205.9 205.4 205.3 205.5 204.3 202.4 205.3 209.9 217.2 227 244.8 251.7 250.3 244.1 235.9 228.7 229.3 235 244.1 252.8 258.2 262.5 267.1 271.6 275.6 279.2 281.1 283.4 286.6 288.4
215.1 216.1 216.5 216.4 215.6 215.5 215.2 214.9 213.8 213.7 213.6 213.2 212.8 213.9 213.4 213.2 212.8 212.4 212.2 211.9 210.9 212.4 212.7 212.3 212 211.2 210.2 209.9 208.5 209.3 209.1 208.8 208.6 208 208.5 207.3 207.4 207.7 207.8 208.2 207.4 207 207 206.8 206.7 206.5 205.8 205.7 205.6 205.5 205.3 204.3 202.8 204.6 211.3 223 232.1 242.5 255.4 257.8 255.8 247.4 237.3 230.6 237 243.4 247.3 249.2 256.5 262.1 269 274.9 280.5 283.8 285.6 288.4 292.7 295.6
220.8 214.5 215 215.8 214.4 214.2 214.3 215 214.8 214.7 215 214.5 213.8 213.5 213.3 213 212.6 212.2 211.8 211.6 210 211.4 211.1 210.4 210.1 209.6 209.7 208.7 209 209.5 209.2 208.9 208.7 208.8 208.4 207.8 207 207.2 207.6 207.7 207.2 206.6 206.8 207.2 207 206.7 205.9 205.8 205.7 205.7 202.5 203.5 206 209.9 218.6 235.1 246.7 258.5 268.7 263.1 257.3 245 235.8 234.2 245.6 253.2 258.6 263.5 266.8 270.5 274.6 280.1 286 290.4 292.5 294.4 298.7 302.9
