data/340000-980000.asc
ncols 200
nrows 200
xllcorner 340000
yllcorner 980000
cellsize 50
[rows 76 to 113 of 200, columns 85 to 169 of 200]
44.9 43.6 42 40.2 38.5 37.5 36.5 35.6 34.7 33.4 32.2 31.1 29.5 28.2 27.8 27.6 27 26.9 25.3 23.7 21.6 19.7 18.4 15.9 14.8 13.6 12.4 11.7 11.7 11.7 11.1 11.3 11.6 11.6 11.7 12.9 15 16.2 18.3 21.6 24.3 25.7 27.8 30.6 34.7 -0.9 -0.9 -0.9 -0.9 -0.9 -0.9 -0.9 -0.9 -0.9 -0.9 -0.9 -0.9 -0.9 -0.9 -0.9 -0.9 -0.9 -0.9 -0.9 -0.9 -0.9 -0.9 -0.9 -0.9 -0.9 -0.9 -0.9 -0.9 -0.9 -0.9 -0.9 -0.9 -0.9 -0.9 -0.9 -0.9 -0.9 -0.9 -0.9 -0.9
40 38.8 37.2 35.5 34.2 34.1 33.2 32.8 32.4 31.7 30.7 30.5 29.6 29.5 29 27.6 26.9 25.9 24.7 23 21.1 18.9 16.3 14.5 12.9 11.8 11.6 11.6 11.6 11.6 11.1 11.3 11.3 11.5 13 14 16.3 17.9 22 24.8 26.8 28.8 29.9 31.7 33.2 4.6 -0.9 -0.9 -0.9 -0.9 -0.9 -0.9 -0.9 -0.9 -0.9 -0.9 -0.9 -0.9 -0.9 -0.9 -0.9 -0.9 -0.9 -0.9 -0.9 -0.9 -0.9 -0.9 -0.9 -0.9 -0.9 -0.9 -0.9 -0.9 -0.9 -0.9 -0.9 -0.9 -0.9 -0.9 -0.9 -0.9 -0.9 -0.9 -0.9
36.2 34.2 32.7 31.8 31 31.1 31.1 30.7 30.3 30.2 30.1 29.9 31 31.2 30.7 29.2 27.4 26.1 24.8 22.5 20.6 17.3 14.3 12.2 11.6 11.5 11.5 11.5 11.4 11.4 11.2 11.8 12.7 13.8 16.8 18 20 21.7 24.4 26.6 28.1 28 28.2 30.4 31.8 33 28.4 2.2 -0.9 -0.9 -0.9 -0.9 -0.9 -0.9 -0.9 -0.9 -0.9 -0.9 -0.9 -0.9 -0.9 -0.9 -0.9 -0.9 -0.9 -0.9 -0.9 -0.9 -0.9 -0.9 -0.9 -0.9 -0.9 -0.9 -0.9 -0.9 -0.9 -0.9 -0.9 -0.9 -0.9 -0.9 -0.9 -0.9 -0.9
33.7 31.5 29.7 28.7 29.1 29.1 29 28.8 28.4 29.7 29.5 29.3 30.5 32.5 31.7 30.7 29.4 27.8 22.4 21.1 16.9 12.7 11.6 11.6 11.5 11.5 11.4 11.4 11.3 11.3 11.8 13.1 13.6 15.1 16.9 19 19.2 21.2 23.2 24.4 26 27.5 28.9 30.4 31.6 34.1 37.1 37.1 29.2 16.7 3.1 -0.9 -0.9 -0.9 -0.9 -0.9 -0.9 -0.9 -0.9 -0.9 -0.9 -0.9 -0.9 -0.9 -0.9 -0.9 -0.9 -0.9 -0.9 -0.9 -0.9 -0.9 -0.9 -0.9 -0.9 -0.9 -0.9 -0.9 -0.9 -0.9 -0.9 -0.9 -0.9 -0.9 -0.9
30.6 28.2 26.6 26.8 27.2 27.1 27 26.8 27.5 28.7 28.9 28.6 29.3 28.1 27.4 26.2 24.8 22.8 20.1 16.1 11.9 11.8 11.6 11.5 11.5 11.5 11.4 11.3 11.2 11.8 13.6 14.4 15 15.5 16.9 18.9 19.3 21 23.2 25.5 27.7 29.4 31.1 32.5 34 36.5 39.7 43.3 46 48 45.5 41.1 39.6 -0.9 -0.9 -0.9 -0.9 -0.9 -0.9 -0.9 -0.9 -0.9 -0.9 -0.9 -0.9 -0.9 -0.9 -0.9 -0.9 -0.9 -0.9 -0.9 -0.9 -0.9 -0.9 -0.9 -0.9 -0.9 -0.9 -0.9 -0.9 -0.9 -0.9 -0.9 -0.9
26.8 24.9 24.9 24.9 25.3 25.2 25.1 25.5 26 27.4 27.5 27.3 25.4 23.6 22.4 21.1 18.9 16.4 13.9 11.5 11.5 11.5 11.5 11.5 11.5 11.6 11.6 12.2 13.3 14.9 16.7 17 16.8 17.3 18.8 19.7 21.3 23.4 25.9 28.9 31.6 32.5 34.4 36 38 41.3 43.6 46.8 48.6 49 50.4 50.9 51.6 52.6 53.6 53 51.3 -0.9 -0.9 -0.9 -0.9 -0.9 -0.9 -0.9 -0.9 -0.9 -0.9 -0.9 -0.9 -0.9 -0.9 -0.9 -0.9 -0.9 -0.9 -0.9 -0.9 -0.9 -0.9 -0.9 -0.9 -0.9 -0.9 -0.9 -0.9
24.8 24.2 23.8 23.8 23.8 23.8 24.3 24.3 25.1 26.4 26.1 25 23.8 20.6 16.9 14.6 13.3 12.1 11.6 11.5 11.5 11.5 11.4 11.4 11.8 12.8 15 16.9 18 19.4 20.2 21 19.9 21.2 22.1 22.5 23.8 27 29.7 32.2 35.2 36 37.6 39.6 41.5 44.2 46.6 48.4 50.3 51.6 53 54.4 55.2 56.2 57 58 56.3 -0.9 -0.9 -0.9 -0.9 -0.9 -0.9 -0.9 -0.9 -0.9 -0.9 -0.9 -0.9 -0.9 -0.9 -0.9 -0.9 -0.9 -0.9 -0.9 -0.9 -0.9 -0.9 -0.9 -0.9 -0.9 -0.9 -0.9 -0.9
24.2 23.9 23.8 23.8 23.8 24.1 24 25 25.4 25.3 23.9 22.7 21.7 18.4 15.5 12.9 12.1 12 11.7 11.6 11.5 11.5 11.8 13.3 14.4 16.5 18.6 20.7 21.2 22 23.6 24.1 25.2 26.6 26.4 26.5 30.4 33.9 35.8 37.7 39.6 39.5 40.3 42.5 44.5 47.2 48.9 50.4 52.8 54.5 55.6 56.7 57.9 59.1 60.1 60.8 59.7 53.7 -0.9 -0.9 -0.9 -0.9 -0.9 -0.9 -0.9 -0.9 -0.9 -0.9 -0.9 -0.9 -0.9 -0.9 -0.9 -0.9 -0.9 -0.9 -0.9 -0.9 -0.9 -0.9 -0.9 -0.9 -0.9 -0.9 -0.9
25.5 26.6 26.4 25.4 25.1 26.3 25.8 25.9 25.5 24.6 23.1 21.6 20.1 18.5 16 13.3 11.9 11.6 11.6 12.5 12.3 12.7 14.5 16.1 18.3 20.7 22.1 24 25.4 26.3 27.9 28.8 30.5 31.5 31.7 33.6 36.4 38.7 40.7 41.9 42.9 42.7 43.1 45.4 47.8 49.4 50.8 52.3 53.9 55.8 57.4 58.8 60.6 61.4 62.2 63.7 63 60 -0.9 -0.9 -0.9 -0.9 -0.9 -0.9 -0.9 -0.9 -0.9 -0.9 -0.9 -0.9 -0.9 -0.9 -0.9 -0.9 -0.9 -0.9 -0.9 -0.9 -0.9 -0.9 -0.9 -0.9 -0.9 -0.9 -0.9
29 29.6 29.5 28.3 26.3 28.7 28.8 28.5 26.2 23.9 21.7 20.3 18.8 17.1 15.4 14.1 12 11.6 11.6 12.3 13.5 16.4 19 21.2 23.9 25.6 27.6 29.9 31.9 33.9 33.6 33.9 35.4 36.5 37.5 39.1 40.9 43.3 44.1 44.6 44.8 45.1 45.9 47.3 49.9 51.5 53.1 54.9 56.9 58.7 60.4 61.6 61.8 62.2 62.3 62.1 61.3 61.5 -0.9 -0.9 -0.9 -0.9 -0.9 -0.9 -0.9 -0.9 -0.9 -0.9 -0.9 -0.9 -0.9 -0.9 -0.9 -0.9 -0.9 -0.9 -0.9 -0.9 -0.9 -0.9 -0.9 -0.9 -0.9 -0.9 -0.9
31.6 31.9 30.6 29.6 28 29 29.1 28 26.7 24.4 23.3 20.8 17.3 15.6 14.7 13.6 13.3 13.2 13 15.6 18.6 21.8 24.4 26.3 28.7 31.9 33.5 34.9 36.6 38.9 39.5 36.7 38.1 39.1 40.5 42.7 45.1 46.6 45.6 46.1 46.3 48 47.5 49.6 52.4 54.9 55.9 58.6 60 61.6 61.9 61.6 60.5 59.6 59.3 59.2 59.5 59.2 -0.9 -0.9 -0.9 -0.9 -0.9 -0.9 -0.9 -0.9 -0.9 -0.9 -0.9 -0.9 -0.9 -0.9 -0.9 -0.9 -0.9 -0.9 -0.9 -0.9 -0.9 -0.9 -0.9 -0.9 -0.9 -0.9 -0.9
32.3 31.7 31.2 30.3 29.3 28.5 27.2 26.5 25.7 24.9 23.8 21 17 14.3 13.7 13.3 13.1 13.9 16.1 18.8 22.1 25.6 28 30.2 32.5 34.3 35.8 37.3 38.4 39.5 38.8 37.3 39.2 41 44.3 46.2 48.9 50.2 50.2 53.1 53.4 51.9 51.4 53.7 55.6 57.8 59.4 62.2 62.5 62.1 60.2 58.8 57.9 57.1 57 57.2 57.5 57.7 57.9 57.2 56.9 56.3 53.8 -0.9 -0.9 -0.9 -0.9 -0.9 -0.9 -0.9 -0.9 -0.9 -0.9 -0.9 -0.9 -0.9 -0.9 -0.9 -0.9 -0.9 -0.9 -0.9 -0.9 -0.9 -0.9
31.4 31 30.4 29.9 28.6 27.6 26.1 24.9 24.2 23.5 20.8 17.8 14.8 13.6 13.5 13.2 12.9 14.4 17.4 20.9 24.1 27.1 29.7 32 33.8 34.9 36.1 36.9 37.7 38.6 39 39.8 42.3 46.1 48.1 51.4 54.9 55.8 58 57.8 55.8 55.6 56.6 58.3 59 61.3 65 64.1 61 58.8 56.7 55.9 55.1 54.8 54.9 55.2 55.5 55.7 55.2 54.5 54.8 55.8 55.9 -0.9 -0.9 -0.9 -0.9 -0.9 -0.9 -0.9 -0.9 -0.9 -0.9 -0.9 -0.9 -0.9 -0.9 -0.9 -0.9 -0.9 -0.9 -0.9 -0.9 -0.9 -0.9
30.1 29.8 29.4 28.9 27.9 26.6 25.1 23.5 22.6 19.7 17.2 15.3 13.4 13 13 13 12.8 14.7 17.7 21.3 23.7 26.7 29.4 31.4 32.6 33.9 35.7 37.6 38.1 39.4 41.4 43.5 47 50.6 52.8 57.7 61 61.9 60.7 58.8 56.8 57.4 58.7 60.3 61.7 63 63.1 60.1 57.2 55.4 55.1 54.7 52.9 51.8 51.9 52.9 53.1 53.1 53 53.2 55.1 56.3 57.2 55.3 -0.9 -0.9 -0.9 -0.9 -0.9 -0.9 -0.9 -0.9 -0.9 -0.9 -0.9 -0.9 -0.9 -0.9 -0.9 -0.9 -0.9 -0.9 -0.9 -0.9 -0.9
28.8 28.5 28.1 27.8 27.1 25.7 24 22.2 21.3 18.9 18.1 15.7 14 13.5 13.4 13.2 12.9 15.1 18 20.2 22.8 25.7 27.9 29.8 31.3 32.6 34.8 36.8 39.1 43.4 43.9 46.8 51.3 54.8 58.1 62.2 63 59.7 56.5 54.4 53.9 56 58.8 60.2 61.2 60.8 58.5 56.5 54 53 52.5 51.6 50.4 48.8 49.9 51.2 51.3 51 50.9 52 53.5 54.7 54.9 50.6 -0.9 -0.9 -0.9 -0.9 -0.9 -0.9 -0.9 -0.9 -0.9 -0.9 -0.9 -0.9 -0.9 -0.9 -0.9 -0.9 -0.9 -0.9 -0.9 -0.9 -0.9
27.4 27 26.3 26.2 25.4 24 22.2 21.5 21.1 19.2 18.4 17.6 15.9 15.2 14.1 12.5 13.7 15.3 16.9 19.1 21.8 24.1 26 27.5 28.9 30.7 32.8 35.5 38.1 42.5 43.5 47.6 51.3 53.6 55.9 56.8 57.3 54.5 51.9 51.1 52.3 53.7 56.7 56.7 56.6 55.4 52.6 50.4 48.8 48.8 49.2 49.1 48.5 48 48.9 50 49.7 49.3 49 50.4 51.9 53.1 -0.9 -0.9 -0.9 -0.9 -0.9 -0.9 -0.9 -0.9 -0.9 -0.9 -0.9 -0.9 -0.9 -0.9 -0.9 -0.9 -0.9 -0.9 -0.9 -0.9 -0.9 -0.9 -0.9
25.4 24.6 24.3 23.8 22.9 21.7 20.6 20 19.7 18.7 17.8 16.8 15.3 14.5 13 11.9 12.7 14.4 16.2 18 20.1 22.3 24.2 25.5 26.8 29.4 31.9 34.5 37.1 40.1 41.5 45.5 48.3 49.9 51.4 52.2 52.4 51.3 49.6 49.4 50.5 51.8 53 53 51.8 50.4 49.2 48.2 47.6 47.6 47.7 48.7 48.5 49.1 49.5 49.9 49.6 48.5 47.4 49.1 50.7 50.4 -0.9 -0.9 -0.9 -0.9 -0.9 -0.9 -0.9 -0.9 -0.9 -0.9 -0.9 -0.9 -0.9 -0.9 -0.9 -0.9 -0.9 -0.9 -0.9 -0.9 -0.9 -0.9 -0.9
23 22.5 22.1 21.2 20.4 20 19.5 18.9 18 17.1 16.4 15.6 14.2 13 11.8 10.6 11.7 13.4 15.1 16.8 17.7 20.3 22.4 23.9 25.5 28.3 31.5 33.9 36.1 37.6 38.8 41.8 43.6 45.2 46.6 47.7 48.7 48.3 48.3 49.9 49.7 50.7 50.9 51 50.3 49.1 49 48.3 48.4 47.7 48.2 48.3 48.4 48.3 48.3 48.2 47.5 47 45.9 47.7 49.6 47.2 -0.9 -0.9 -0.9 -0.9 -0.9 -0.9 -0.9 -0.9 -0.9 -0.9 -0.9 -0.9 -0.9 -0.9 -0.9 -0.9 -0.9 -0.9 -0.9 -0.9 -0.9 -0.9 -0.9
19.9 19.3 19.8 19.1 18.7 18.5 18.1 16.9 15.9 15.4 14.5 13.7 12.2 11.3 10.2 9.2 10.7 12.4 14 15.7 16.5 17.2 19.8 22 24.1 26.7 29.3 31 32.4 33.8 35.1 37.4 39.1 41.6 43.3 44.9 46 46.8 48.9 49.9 49.7 49.6 49.9 49.3 48.2 48.3 47.3 46.5 46 45.6 45.7 46.1 46.3 46.5 46.4 46.4 45.2 44.9 44.4 45.7 46 44.3 -0.9 -0.9 -0.9 -0.9 -0.9 -0.9 -0.9 -0.9 -0.9 -0.9 -0.9 -0.9 -0.9 -0.9 -0.9 -0.9 -0.9 -0.9 -0.9 -0.9 -0.9 -0.9 -0.9
16.8 16.2 16.6 16.7 16.2 15.6 15 14.4 13.5 13.1 11.8 11.5 10.2 9.4 8.4 8.8 10.1 11.3 12.8 14.5 15.8 16.9 18.7 20.5 22.3 24.5 26.2 28.6 30.4 32 33.5 37.1 40.1 42.2 45 46.9 48.4 51 50.2 50 49.3 49.3 48 46.3 44.9 44.3 44 44 44 43.9 44.3 45.6 45.3 45.4 45.4 44.7 43.2 42.8 43 44.4 44.7 43 -0.9 -0.9 -0.9 -0.9 -0.9 -0.9 -0.9 -0.9 -0.9 -0.9 -0.9 -0.9 -0.9 -0.9 -0.9 -0.9 -0.9 -0.9 -0.9 -0.9 -0.9 -0.9 -0.9
14.4 13.5 13.8 13.2 12.5 11.8 11.3 10.8 10.1 9 8.9 8.8 7.5 7.5 8.2 9.2 10.8 12.7 15.3 17.6 19.5 21 22.2 23.5 25.2 26.9 29.1 30.7 32.4 34.2 37.4 40.7 44.4 47.1 49.6 51.1 50.6 48.8 48 47.3 46.9 46.1 45.5 44.5 44 44 44 44.1 44.2 44.5 44.1 44.9 44.6 44.3 44.3 42.9 41.6 41.7 42.6 43.8 43.8 39.1 -0.9 -0.9 -0.9 -0.9 -0.9 -0.9 -0.9 -0.9 -0.9 -0.9 -0.9 -0.9 -0.9 -0.9 -0.9 -0.9 -0.9 -0.9 -0.9 -0.9 -0.9 -0.9 -0.9
11.2 10.3 10.3 9.6 8.9 7.6 7.2 6.8 6.6 6.6 6.5 7.2 7.6 8 8.6 11.1 13.9 16.8 19.5 21.8 23.8 25.3 26.7 28.2 29.7 31.2 32.4 33.7 35.6 38.4 41.6 43.8 45.2 47 47.9 47.2 46.5 46 45.3 45.3 45.8 45.8 45.8 45.6 45 44.8 44.7 44.7 44.8 44.6 44.4 44.2 43.8 43.5 42.8 41.3 40 40.7 41.8 41.8 39.6 -0.9 -0.9 -0.9 -0.9 -0.9 -0.9 -0.9 -0.9 -0.9 -0.9 -0.9 -0.9 -0.9 -0.9 -0.9 -0.9 -0.9 -0.9 -0.9 -0.9 -0.9 -0.9 -0.9 -0.9
8.5 7.4 7 6.7 7.1 7.3 6.6 6.5 6.5 6.5 7.1 8.4 7.8 9.3 11.7 15.9 18.8 21 23.7 25.5 27.1 28.6 30.1 31.5 32.8 34.3 35.1 36.6 38.8 40.1 41.6 43.1 44.6 46.1 46.5 46.5 46.3 46.4 46.4 46.7 46.5 45.9 46.5 46.6 46.1 45.9 45.4 44.5 43.7 43 42.7 42.6 42.4 42.1 41.2 40.2 39 38.8 39.5 -0.9 -0.9 -0.9 -0.9 -0.9 -0.9 -0.9 -0.9 -0.9 -0.9 -0.9 -0.9 -0.9 -0.9 -0.9 -0.9 -0.9 -0.9 -0.9 -0.9 -0.9 -0.9 -0.9 -0.9 -0.9 -0.9
8.1 6.6 6.3 6 7 6.9 6.4 6.6 6.9 7.3 8.2 8.9 11.2 13.5 15.6 18.4 22.1 24.8 26.7 28.8 30.4 32 33.5 34.9 36.2 37.2 37.5 38.2 39 39.8 41.7 43.2 44.8 47 47.4 47.5 47.9 47.8 46.5 45.9 45.6 45.6 46.1 46.3 45.2 43.9 42.9 42.2 42 41.3 40.8 41 40.9 40.3 39.3 38.2 37.2 34.6 2.3 -0.9 -0.9 -0.9 -0.9 -0.9 -0.9 -0.9 -0.9 -0.9 -0.9 -0.9 -0.9 -0.9 -0.9 -0.9 -0.9 -0.9 -0.9 -0.9 -0.9 -0.9 -0.9 -0.9 -0.9 -0.9 -0.9
6.7 6.3 5.9 6.4 7.1 7.3 7 7.5 8 8.9 10.5 12.9 15.1 17.3 19.6 22.5 25.1 27 28.4 30.2 31.9 33.2 34.9 36.2 36.7 36.8 36.9 37.3 38.5 39.8 41.2 42.9 44.2 45.1 46.2 46 45.6 45.2 45 45.1 44.9 44.8 44.1 43.7 43 41.8 40.6 40 39.7 39.1 39.2 39.4 39.1 38.3 37.2 35.9 34.7 36.3 32.2 26.6 -0.9 -0.9 -0.9 -0.9 -0.9 -0.9 -0.9 -0.9 -0.9 -0.9 -0.9 -0.9 -0.9 -0.9 -0.9 -0.9 -0.9 -0.9 -0.9 -0.9 -0.9 -0.9 -0.9 -0.9 -0.9
6.3 5.9 5.8 6.7 7 7.2 7.9 9.6 10.5 12.8 15.3 17.8 20 22.3 24.3 24.6 26.4 28.7 30.1 31 32 33.6 34.1 35.3 35.8 36 36.1 36.3 37.5 37.8 39 40.9 42.1 43.3 43.3 43.5 44.1 45.4 46.6 46.4 45.6 44.4 42.2 41 40.9 39.6 38.5 38 37.5 37.5 37.6 37.6 37.4 36.1 35.2 34.4 35.1 36.8 39.1 36.9 -0.9 -0.9 -0.9 -0.9 -0.9 -0.9 -0.9 -0.9 -0.9 -0.9 -0.9 -0.9 -0.9 -0.9 -0.9 -0.9 -0.9 -0.9 -0.9 -0.9 -0.9 -0.9 -0.9 -0.9 -0.9
5.9 5.6 5.8 7 7.3 7.9 10.4 12.4 14.9 17.3 19.8 22.3 24.3 25.5 25.3 26.5 27.2 28.8 30.2 31 31.9 32.1 32.3 33.2 34.9 35.2 35.3 35.4 35.7 35.7 36.7 38.7 40.5 41.6 42.1 43.4 43.6 44.2 44.7 43.9 43.4 41.4 39.7 38.4 38.4 37.6 36.6 36.4 36.3 36.2 35.5 35.1 34.4 33.6 33.7 33.8 34.7 36.6 37.6 -0.9 -0.9 -0.9 -0.9 -0.9 -0.9 -0.9 -0.9 -0.9 -0.9 -0.9 -0.9 -0.9 -0.9 -0.9 -0.9 -0.9 -0.9 -0.9 -0.9 -0.9 -0.9 -0.9 -0.9 -0.9 -0.9
5.9 5.4 5.8 7.3 7.7 9.9 12.4 14.9 17.3 19.7 22.1 23.6 25 25.1 25.1 25 25.6 26.5 27.5 29 29.7 30.3 30.6 31.1 32.7 33.5 33.3 32.7 33.5 33.5 34.4 36.3 38.4 39.5 40.8 41.3 41.4 41.4 41 39.9 39.6 38.2 37 36.3 35.8 35.8 35.3 35.2 35.3 34.9 34.2 33.6 32.8 32.2 32.5 33.3 34.7 37.3 -0.9 -0.9 -0.9 -0.9 -0.9 -0.9 -0.9 -0.9 -0.9 -0.9 -0.9 -0.9 -0.9 -0.9 -0.9 -0.9 -0.9 -0.9 -0.9 -0.9 -0.9 -0.9 -0.9 -0.9 -0.9 -0.9 -0.9
6.3 5.3 5.8 7.5 9.4 11.9 14.4 16.9 18.5 20.4 22.1 23.3 24.4 24.4 24.4 24.5 24.9 25.6 26.7 27.6 28.4 29.1 29.6 30.2 29.8 30.5 29.7 30.3 31 31.3 32.1 34.9 36.4 37.4 38.5 38.5 37.9 38.7 38.8 37.8 36.6 36 36 34.7 34.8 35.1 35.1 34.5 34.2 34 33.6 33.2 32.3 31.5 31.9 34.1 35.9 18.8 -0.9 -0.9 -0.9 -0.9 -0.9 -0.9 -0.9 -0.9 -0.9 -0.9 -0.9 -0.9 -0.9 -0.9 -0.9 -0.9 -0.9 -0.9 -0.9 -0.9 -0.9 -0.9 -0.9 -0.9 -0.9 -0.9 -0.9
5.2 4.9 6.6 8.2 10.7 13.6 16.1 17.9 19.6 21.3 23.4 24.1 24.6 24.1 23.8 24 24.1 24.7 25.7 26.6 27.4 28.1 28.4 27.8 27.6 27.6 27.3 28.2 29.2 30.4 32.1 32.8 32.4 33.4 35 35.3 36.4 39 39 36.6 35 34.2 33.6 33.6 34.7 34.6 33.5 34.1 34.8 33.1 31.4 31.6 31.7 31 32.9 34.5 35.1 36.9 -0.9 -0.9 -0.9 -0.9 -0.9 -0.9 -0.9 -0.9 -0.9 -0.9 -0.9 -0.9 -0.9 -0.9 -0.9 -0.9 -0.9 -0.9 -0.9 -0.9 -0.9 -0.9 -0.9 -0.9 -0.9 -0.9 -0.9
4.5 5.5 7.3 9.2 11.7 14.7 17.7 19.6 21.4 23 24.8 25.3 24.8 24.3 23.8 23.8 23.8 23.8 24.8 25.8 26 26.6 26.5 27 27.4 26.5 27.7 29 30.6 31.1 31.1 31.1 31 33.3 34.7 35.8 37.3 38.6 36.9 35.5 33.9 32.6 31.6 31.9 32.5 32.9 33 33.7 32.2 30.7 29.2 29.6 30.2 30.8 31.7 33 34.3 -0.9 -0.9 -0.9 -0.9 -0.9 -0.9 -0.9 -0.9 -0.9 -0.9 -0.9 -0.9 -0.9 -0.9 -0.9 -0.9 -0.9 -0.9 -0.9 -0.9 -0.9 -0.9 -0.9 -0.9 -0.9 -0.9 -0.9 -0.9
5.1 6.3 8.1 9.9 12.5 15.8 18.8 21.6 23.1 24.5 25.1 25.4 25 24.4 23.8 23.8 24.1 23.9 25.1 25.1 25.2 25.6 26 26.6 27.6 30 31.2 30.7 30.6 30.4 29.8 30.6 31.5 33.7 35.4 37 38 36.9 36.4 34.9 33.1 31.6 30.1 29.5 29.6 29.8 30 30.3 30.3 29.9 29.4 29.1 30.1 30.9 32 32.7 33.4 -0.9 -0.9 -0.9 -0.9 -0.9 -0.9 -0.9 -0.9 -0.9 -0.9 -0.9 -0.9 -0.9 -0.9 -0.9 -0.9 -0.9 -0.9 -0.9 -0.9 -0.9 -0.9 -0.9 -0.9 -0.9 -0.9 -0.9 -0.9
5.8 6.8 8.5 9.8 12.4 16.3 19.9 22.3 23.6 24.9 25.3 25.3 25 24.6 24.1 23.8 23.8 24.4 24.8 25.1 25.6 26.1 26.6 28.2 29.6 30.2 30.9 31.3 30.3 30.7 32.2 32.9 34.1 36.5 36.9 37.9 37.4 36.8 36.3 34.2 31.7 30 28.5 28 28.3 28.8 28.8 29.3 29.6 29.1 28.7 29.9 30.8 31.4 31.7 32.7 29.3 -0.9 -0.9 -0.9 -0.9 -0.9 -0.9 -0.9 -0.9 -0.9 -0.9 -0.9 -0.9 -0.9 -0.9 -0.9 -0.9 -0.9 -0.9 -0.9 -0.9 -0.9 -0.9 -0.9 -0.9 -0.9 -0.9 -0.9 -0.9
5.5 6.8 8.1 9.8 12.3 16.2 19.4 22.2 23.6 24.8 25 24.8 24.5 24.5 25.2 25.1 25 25.1 25.7 26.6 27 27.7 28.3 29.5 30 30.4 30.5 31.7 32.1 33.3 33.8 34.3 36.7 36.4 35.8 36.3 36 35.3 32.5 29.9 29 28.4 27 27.2 27.4 27.6 27.7 28.1 28.9 28.2 28.8 29.1 29.5 30.2 31.1 33.6 26.1 -0.9 -0.9 -0.9 -0.9 -0.9 -0.9 -0.9 -0.9 -0.9 -0.9 -0.9 -0.9 -0.9 -0.9 -0.9 -0.9 -0.9 -0.9 -0.9 -0.9 -0.9 -0.9 -0.9 -0.9 -0.9 -0.9 -0.9 -0.9
4.8 6.2 7.7 9.8 12.1 15.4 18.2 20.5 22.2 23.7 24.1 23.9 23.6 24.1 24.7 25.4 26 26 26.5 27.3 28 28.1 28.5 28.6 28.8 30.3 31.8 32.1 33 33.4 33.8 34.4 34.7 34.7 34.3 33.5 32.6 29.7 27.6 26.7 26.4 25.7 25.6 25.8 26 26.2 27 27.4 27.6 27.7 28 28.3 28.9 29.6 30.6 32.4 31 -0.9 -0.9 -0.9 -0.9 -0.9 -0.9 -0.9 -0.9 -0.9 -0.9 -0.9 -0.9 -0.9 -0.9 -0.9 -0.9 -0.9 -0.9 -0.9 -0.9 -0.9 -0.9 -0.9 -0.9 -0.9 -0.9 -0.9 -0.9
5.5 6.4 8.3 10.5 12.7 14.4 16.5 18.7 20.9 22.5 22.5 23 23 23.6 24.3 24.7 24.7 25.3 25.8 26.3 26 26.3 26.8 27.3 28.4 29.8 30.6 30.7 31.6 31.4 31.1 31.3 31.5 31.2 30.5 29.6 28.4 26.8 25.3 24.9 24.8 24.3 24.8 25.3 25.3 26.2 27 27.2 27.2 27.2 27.1 27.9 28.1 28.7 30.4 33.2 28.9 -0.9 -0.9 -0.9 -0.9 -0.9 -0.9 -0.9 -0.9 -0.9 -0.9 -0.9 -0.9 -0.9 -0.9 -0.9 -0.9 -0.9 -0.9 -0.9 -0.9 -0.9 -0.9 -0.9 -0.9 -0.9 -0.9 -0.9 -0.9
5.3 6.7 9.6 11.8 14 16.2 17.8 18.7 20.2 21.5 21.5 22.1 22.6 23.2 23.3 23.3 23.4 23.7 23.9 24.1 23.9 23.9 24 25.4 26.2 26.4 26.5 26.3 26.6 27 26.7 26.7 27.1 26.8 26.6 26.5 26.3 24.5 23.1 23.3 23.4 23.4 23.7 24.6 25.5 25.8 26 26 26 26.1 26.7 26.9 27 29 31.7 34.3 32.7 -0.9 -0.9 -0.9 -0.9 -0.9 -0.9 -0.9 -0.9 -0.9 -0.9 -0.9 -0.9 -0.9 -0.9 -0.9 -0.9 -0.9 -0.9 -0.9 -0.9 -0.9 -0.9 -0.9 -0.9 -0.9 -0.9 -0.9 -0.9
5.4 7.4 9.5 11.7 14.4 16.8 18.6 18.9 19.5 21.4 23.3 24.8 24.8 23 22.9 22.6 22.3 22.2 22.1 22.6 22.6 22 22 23.2 23.5 23.3 23.1 22.9 23.3 23.1 23.2 23.6 24 23.8 23.5 23.5 23.5 23.1 22.1 22.7 22.8 22.3 23.2 24.3 24.4 24.6 24.7 24.7 24.7 24.7 24.5 25.2 26.6 30.7 33.7 33 -0.9 -0.9 -0.9 -0.9 -0.9 -0.9 -0.9 -0.9 -0.9 -0.9 -0.9 -0.9 -0.9 -0.9 -0.9 -0.9 -0.9 -0.9 -0.9 -0.9 -0.9 -0.9 -0.9 -0.9 -0.9 -0.9 -0.9 -0.9 -0.9
