data/340000-480000.asc
ncols 200
nrows 200
xllcorner 340000
yllcorner 480000
cellsize 50
[rows 78 to 116 of 200, columns 88 to 175 of 200]
127.1 137.2 160.5 168.1 184.1 186.4 180.8 178.4 175.3 174.7 175.3 175.9 169 163.4 158.4 151.5 140.5 136.4 131.9 132.7 146.4 153.2 155.1 149.3 139.8 129.9 123 115.1 106.7 100.4 92.4 85.3 79 68.7 63.9 46.2 33.7 28 23.9 18.5 14.1 7.6 5.3 5.1 4.9 4.7 5.2 5.6 5.7 5.6 5.4 5.6 5.5 5.4 5.4 5.3 5.5 6.1 6.7 6.5 5.8 5.4 5.4 5.3 5.2 5.3 5.2 5.2 5.1 5 5 4.9 4.8 4.7 4.5 4.5 4.5 4.5 4.6 4.6 4.7 4.8 11.8 19.8 31.2 35.3 38.6 39.9
105.4 130.3 149.7 160 174 182.8 182 184 179.3 175.9 175.4 172.8 167.1 170.1 162.9 159 151.2 139.5 136.1 128.4 139.2 153.6 156.7 156.3 147 137.7 129.7 122.2 111.6 101.7 93.8 89.6 78 68.7 59.4 51.5 37 25.3 14.7 7.6 5.6 5.8 5.5 5.3 4.9 4.6 3.5 5.4 5.1 5 4.9 6.4 5.3 5.2 5.1 5.1 5.4 6.1 6.9 4.7 6.2 5.4 5.4 5.4 5.3 5.2 5.2 5.1 5.1 5 4.9 4.9 4.7 4.9 4.7 4.5 4.4 4.4 4.4 4.5 4.7 4.8 11.4 24.3 32.3 36.5 39 38.8
92.9 131.9 146 154 165.9 179.7 181.9 187.6 182.6 179.1 175 176.6 171.7 167 170.7 155.8 154.9 141.6 134.3 127.2 133.7 149.3 156.9 157.6 150.1 141.4 128.1 121.3 110.5 101.6 95.6 89.2 80.1 75.3 67.8 57.1 40.7 24.6 11.4 5.9 5.5 5.4 5.3 5.1 4.9 4.8 4.5 5.2 5.1 5 4.8 4.8 5.1 5.1 5.1 5.2 5.3 6.1 6.9 6.3 5.7 5.5 5.4 5.3 5.2 5.2 5.1 5.1 5 4.9 4.9 4.8 4.7 5.2 5 4.7 4.4 4.3 4.4 4.5 4.6 4.7 13.9 26.7 33.9 38 38.3 37.4
81.1 118.4 140.6 149 159.7 173.6 184.1 188.4 183.6 182.8 180.2 175.6 177 172.7 166.7 160.5 154.6 147.7 135.7 130.7 125.9 133.4 145 149.2 142.5 135.3 125.5 118.4 108.1 104.5 101.6 97.8 90.5 84 74.1 59.4 43.7 25.9 11.3 6.1 5.4 5.2 5 4.9 4.8 4.7 4.7 4.9 4.8 4.7 4.8 4.8 5.3 5.1 5.2 5.2 4.7 5.9 7 6.1 5.9 5.8 5.4 5.2 5.2 5.1 5.1 5 5 4.9 4.8 4.8 4.9 5.5 5.2 4.9 4.5 4.4 4.5 4.5 4.6 6.9 20.3 31.1 35.6 37.6 36.4 35.6
71.2 105.3 136.5 147.1 158.5 171.9 185.9 188.4 185.2 185.5 183.9 177.8 175.6 171.2 170.2 160.9 153.1 144.1 137.6 131.1 125.2 124.2 125.2 129.4 127.7 123.3 114.2 114.4 114.7 110.9 106.3 105.3 101.4 91.6 79.8 63.4 48.4 26.9 11.5 6.1 5.6 5.1 5 4.9 4.9 4.8 4.7 4.7 4.7 4.7 4.8 4.7 4.7 5.1 5.2 5.2 5.3 5.8 6.6 4.8 6.2 6 5.6 5.1 5.1 5.1 5 5 4.9 4.9 4.9 5 5.1 4.2 5.1 4.7 4.6 4.5 4.5 4.7 4.7 9.1 25.2 33 36.5 35.5 34.8 34.1
69.7 99.5 127.1 143.4 154.8 167.3 184.3 189.7 190.3 186.2 183.4 178.8 175 171.4 169.1 164 156 147.5 140.2 135.7 125.1 126.7 125.7 124.6 126.4 124.7 121.8 120.9 122.3 117.7 109.8 103.7 106.2 99.6 87.8 66.4 50.8 28.2 11.9 6.6 5.4 5.2 5.1 5 4.9 4.8 4.6 4.9 4.7 4.8 4.7 4.8 4.9 5.2 5.2 5.3 5.3 5.6 6.3 6.9 5.4 6.3 5.7 5.5 5 4.9 5 4.9 5 5.1 5.1 5.2 5.2 3.6 4.9 4.8 4.7 4.6 4.5 4.7 4.9 13.2 27.5 33.2 34.9 33.5 33.1 32.6
70.3 94.8 128.5 144.6 153.1 163.3 179.3 191.2 195.9 190.8 187 181.4 176.8 174.2 173 169.8 162 151.8 143.8 137.3 130.1 128.5 129.4 129.8 134 130 125 127 124.1 119.3 112.6 105.2 99.4 101.4 89.9 66.3 48.9 31.3 7.3 5.5 5.5 5.3 5.1 5 4.9 4.8 4.9 5.2 4.3 4.8 4.8 4.8 4.7 5 5.2 5.5 5.6 5.9 6.3 6.7 6.6 6.5 5.8 5.5 5 4.8 4.8 4.9 4.9 5 5.2 5.2 5.1 5.4 5.1 4.9 4.8 4.7 4.6 4.6 5.6 21.1 30.5 32.3 33.3 31.7 31.5 31.2
65.1 93.3 127.7 145.9 153.8 161.8 174.5 191.1 196.9 194.8 190.1 185 180.5 178.5 178 175.4 166.3 155.4 147.3 141.3 132.6 129.2 132.3 136.1 136.4 133.4 128.2 128.3 125.3 120.6 115.5 110 102.3 95.3 92.7 73.6 53.9 34.5 5.9 5.2 5.3 5.3 5.2 5 4.9 5 5.1 5.1 5.2 4.6 4.6 4.4 4.3 4.7 5.7 5.9 6.1 6.3 6.6 4.8 6.3 6.2 5.7 5.3 5.1 4.9 4.9 4.9 4.9 5 5 5.1 5.1 5 5.1 5 4.9 4.8 4.7 4.6 8.3 22.9 28.5 31.5 31.4 30 29.7 29
56.7 90.7 125 144.9 154.8 161.2 170.7 183.1 193.8 191.4 192.8 188.8 184.5 183.1 184.7 178.8 169.1 159.1 152.9 147.5 136.4 131.6 135.4 142.6 142.2 137.4 131.8 127.5 127.1 122.4 118.7 112.5 106.1 91 85.5 81.6 62 24.9 9 5 5 5 5.1 5.1 5 5.1 5.1 5.1 5.1 3.7 4 3.8 3.9 4 6.1 6.4 6.5 6.7 6.7 6.5 5.9 5.7 5.6 5.2 5.2 5 5 4.9 4.9 4.9 4.9 5 5.2 5.2 5.4 5.3 5.2 5.1 5 4.9 12.7 20.9 25.6 27.6 27.1 26.7 25.6 24.2
52.5 86.5 119 142.2 155.2 162.9 171.5 173.3 179.9 187.1 191.6 187.2 186.8 186.2 185.7 182.4 172.3 164.1 155.2 152.2 139.4 135.5 138.9 149.8 148 144.3 137.2 132 130 125.8 122.4 118.7 108.2 94.5 81.7 74 59.1 18.8 5.2 4.8 5 5.1 5.1 5.1 5 5.1 5.1 5.1 5.1 4.7 5.1 5.4 5.5 5.8 6.8 7.2 7.3 6.3 5.8 6.1 5.5 5.3 5.3 5.1 5.3 5.1 4.7 3.8 4.1 4.8 4.9 5 4.9 4.9 4.9 4.9 4.9 4.9 4.9 4.8 11.7 19.7 24.5 24.1 23.8 23.2 22.2 21.2
46.9 74 109.3 135.5 153.4 163.7 171.2 176.4 178.7 181.1 182.8 184.6 188.4 188 189.3 184.6 175.4 165 155.4 151.2 145 138.7 143.6 154.6 158.9 154.6 147.9 140.4 133.1 131.5 130.2 124.5 112.7 99.2 81.2 53.8 26.5 7.6 5.1 4.8 5.1 5.1 5.1 5.1 5.1 5.1 5.1 5.2 5.3 5 5.3 5.6 5.7 5.8 6.5 7.3 4.4 5.7 5.2 3.7 3.2 5.3 5.3 4.9 4.7 4.7 4.6 4.5 4.6 4.8 4.9 4.9 4.8 4.8 4.4 4.4 4.4 4.4 4.6 4.9 9.5 14.7 19 21.2 20.3 19.6 18.7 18.8
41.8 62.9 98.3 129.7 144.4 158.6 169.9 175.6 179.9 182.2 180 179.3 185.9 186.3 188.5 185 177.4 169.4 162.2 158.4 152.1 145.8 148.3 161.8 166.5 161.7 156.7 149.4 143.5 139.1 135.3 130.3 118.9 102 55.8 13.2 7.8 5.5 4.9 4.7 5.2 5.2 5.2 5.2 5.2 5.1 5.1 5.1 4.3 5.5 5.5 5.9 6 6 4.8 6.6 4.3 5.5 5.8 4.4 5 4.8 4.9 4.8 4.7 4.7 4.6 4.6 4.7 4.8 4.9 4.9 4.8 4.7 4 4 4.1 4.3 4.5 4.7 6.3 10.7 12.7 13.8 14.1 14.1 14.4 15.3
39 56.6 86.1 115.1 132.9 149.8 166.5 178.5 182.5 186.3 183.9 179.6 185.4 190 189.2 187.7 178.3 172.9 166.3 161 159.8 151.9 154.8 167.3 171.2 165.7 159.3 156 151.9 148.9 137.3 132.8 118.9 62.1 25.5 10 6.3 5 4.6 4.5 4.7 5.3 5.3 5.3 5.2 5.2 5.1 5.1 5.3 5.5 5.7 6.1 6.4 4.2 6.4 7.4 6.9 5.5 5.8 4.5 4.6 4.2 4.4 4.5 4.7 4.7 4.6 4.7 4.7 4.8 4.9 4.8 4.7 4.6 3.4 3.8 3.9 4.1 4.2 4.4 4.9 6.6 10.5 10.3 10.6 11.9 11 10
37.9 48.1 74.6 104.9 134.9 150 164.4 176.8 186.2 190.4 186.1 184.1 189.5 192.5 188.4 186.8 181.2 175.4 169.5 164.1 163.7 155.4 158.9 171.6 175.1 170.1 164.6 161.7 155.3 146.4 137.9 131.6 101.5 39.1 18.6 8.1 5.6 4.6 4.8 5.9 6.7 6.3 5.4 5.3 5.2 5.1 5 4.9 4.7 3.3 5.7 5.8 5.6 6 6.7 7.7 6.6 5.8 5.6 5.7 7.1 7 6.7 6.8 6 6.2 6.2 6.3 6.4 6.4 6.5 6.2 5.2 4.5 3.8 3.8 3.7 3.9 4 4.2 4.6 5.1 6.6 9 9.9 10.4 9 8.4
38.1 43.6 63 94.3 133.8 153.4 163.2 175.9 188.6 192.3 189.8 187.7 191.5 193.7 191.4 189.1 184.1 177.1 171 165.7 166.7 165 163.3 175.7 178 174 168.6 163.8 155.2 147.1 140.8 123.8 72.9 31.4 14.2 6.8 4.8 4.7 4.6 6.1 4.7 5.3 5.4 5.4 5.3 5.2 5.1 3.2 5.1 5.3 5.6 5.8 5.7 5.9 6.8 6 5.7 7.4 7.7 7 4.1 4.2 4.3 4.3 4.6 4.8 4.6 4.7 4.7 4.7 4.8 4.6 4.4 4.3 4.3 4.1 3.7 4.1 5.1 6 6.5 6.8 6.5 6.3 6.5 7 7.5 8.3
38 44.2 52.7 82.4 121.2 152 159.7 172.8 188.3 194.6 193.4 191.6 192 192.3 192.8 191.6 186.3 178.5 172 167.7 166.5 170.1 163.5 175.2 182 177.6 170.7 164.9 155.8 151.8 140.1 103 44.2 18.7 7.9 5.6 4.8 4.7 4.7 4.8 5 5.1 5.1 5.4 5.3 5.3 5.2 4.9 5.1 5.3 5.5 5.7 5.8 5.9 7.3 4.2 7.7 4.8 4.6 4.8 4.4 4.5 4.5 4.5 4.5 4.6 4.6 4.7 4.7 4.8 5 5 4.5 4.4 4.4 4.3 4.4 4.5 4.6 4.7 4.7 4.9 5.1 5.1 5.4 7.6 8.8 8.2
35.4 45.1 53.1 68.8 105.6 145.9 159.3 168.4 182.7 192.1 191.2 193.6 192.9 192.2 195.2 194.8 190.3 182.6 176.8 170.8 167.4 173.7 164.5 169.1 180.4 180.4 176 167.6 159.7 152.4 106 48.5 25 15 8.2 5.7 4.8 4.8 4.8 4.6 4.8 4.9 4.8 5.1 5.3 5.3 5.3 4.9 5.1 5.3 5.5 5.7 6.4 7.4 6.9 -2.8 5.6 5.2 4.7 4.7 4.6 4.6 4.6 4.6 4.6 4.6 4.6 4.7 4.9 5 5.1 5.3 5.3 4.5 4.4 4.4 4.5 4.6 4.6 4.7 4.8 4.8 5 5.4 6.2 6.8 6.2 7.2
30.9 40.9 49.3 62.7 90.2 130 155.6 165.7 176.2 186.2 189.5 193.2 196.2 195.1 197.8 198.1 194.9 185.8 177.7 171.1 165.7 168.3 169.3 166.6 176.1 180 179.1 163.4 108 63.6 44.1 30.6 25.9 15.8 9.2 6.2 5 4.9 4.9 4.4 4.5 4.7 4.6 4.8 5 5.2 3.3 5 5.2 5.3 6.1 7.3 6.3 6.8 -2.8 -2.8 5.9 5.3 4.8 5 5.1 5.1 5.2 5 4.9 4.8 4.7 4.8 4.8 5.1 5.3 5.4 5.6 5 4.4 4.5 4.6 4.6 4.7 4.7 4.8 4.8 4.8 6.1 9.2 8 6.6 6.5
31 36.8 46.9 59.7 75 119.3 152.8 165 172.9 182.9 190.3 194.5 196 194.4 198.4 198.9 195.9 185.8 178 169.8 161.7 163.9 172.3 167.7 175.1 180.9 170.1 110.1 54.4 43.4 39.9 32.6 23.5 12.9 6.8 5.5 5.9 5.2 5 4.4 4.4 4.5 4.4 4.5 4.7 5.1 4.8 5.1 5.3 7.3 5.4 6.5 7.4 7 -2.8 -2.8 5.8 5.3 4.8 5.6 5.5 5.3 5.2 5.1 5 4.9 4.8 4.9 5 4.9 5.1 5.3 5.5 5.2 4.4 4.5 4.6 4.7 4.7 4.8 4.8 4.8 5.2 5.8 9.4 8.1 6.4 7.3
31.1 36.3 40.4 52.8 67.8 105.6 145 160.2 172.6 183.8 191.6 194 193.6 191.1 194.4 195.1 193.2 186 178 170.7 163.4 159.7 170.7 168.8 170.1 175.4 140 74.6 53 45.7 38.4 28.2 15.3 7.2 6.5 5.3 4.5 4.3 5.4 4.5 4.2 4.2 4.2 4.2 4.4 5.4 5.4 7.5 5.1 5.4 5.8 6.1 6.2 6.3 -2.8 6.4 5.8 5.3 4.8 5.6 5.5 5.3 5.3 5.2 5.1 5 4.9 5 5.1 5.3 5 5.2 5.4 4.7 4.3 4.5 4.7 4.7 4.8 4.8 4.8 5.1 5.1 5.5 7.6 7.2 7.8 8.2
30.9 33.9 37.6 46.2 58.9 86.3 125.3 147.4 162.2 174.9 187.7 194.6 194.8 191.4 189.5 189.9 190.7 185.6 176.3 171.4 161.5 155.1 160.8 168.3 162.8 157.2 103.1 63.5 56.8 41.5 28.6 17.8 8.6 6.9 6.1 5.1 4.8 5 4.7 4.5 4.3 4.3 4.3 4.7 5.4 7.2 6.6 5.1 5.3 5.4 5.8 6.1 6.2 6.4 -2.8 5.1 6 5.5 4.9 5.6 5.5 5.5 5.4 5.3 5.2 5.1 5 5 5.2 5.4 5.5 5 5.2 5.2 4.2 4.3 4.6 4.8 4.8 4.8 5 5 5.1 5.3 5.1 7.3 7.4 7.4
29.7 27.8 31.8 38.4 49.6 72.6 107.2 136.4 155.1 162.3 174 187.5 194.3 193.5 191 184.8 183.9 185.5 177.2 169.5 159.2 152.5 151.5 151.9 144.6 116.5 79.8 60.1 42.7 29.1 21.5 14.6 9.4 7.6 5.8 5.4 5.3 5.1 4.9 4.7 4.8 4.5 4.5 4.6 7.3 5.4 4.9 5.2 5.4 5.5 5.8 6.1 6.3 6.4 -2.8 5.2 6.1 5.4 4.8 5.6 5.6 5.6 5.5 5.4 5.3 5.2 5.1 5.1 5.3 5.4 5.6 5.7 4.9 4.9 4.3 4.2 4.5 4.8 4.9 4.9 5.1 5.3 5.4 5.6 6.2 5 6.7 7
29.9 28.2 26 29 41 57.9 90.6 122.2 150.2 158 163 172.9 183.9 187.8 184.8 178.5 174.6 177.9 174.4 168.1 158.9 149 146.3 142.5 119.2 85 65.8 47.2 35.5 28.2 22.2 17.8 12.4 8 6 5.2 5.7 5.1 5 5.1 5.1 4.7 7.6 6.7 4.9 5.1 5.1 5.3 5.6 5.8 5.8 6.1 6.3 6.3 6.7 -2.8 -2.8 4 4.2 5.5 5.5 5.5 5.5 5.5 5.4 5.3 5.2 5.2 5.3 5.5 5.7 5.9 5 4.8 4.3 4.3 4.6 4.8 5.1 5.3 5.4 5.6 5.8 6.2 6.2 6.3 4.4 7.1
30.2 28.6 27.1 25.6 30.6 48.3 70.1 109.6 137.6 154.2 157.5 163.1 171.5 183.9 179.8 176.1 171.5 168.7 170.5 166.9 160 149.4 127.4 108.9 86.4 66.6 56.1 44 36.6 30.1 23.3 17.8 12.5 10 6.6 5.9 5.2 5.2 5.2 5.2 5.3 8.6 4.5 4.6 5.1 5.1 5.1 5.4 5.7 5.9 6.2 6.1 6.3 6.2 -2.8 -2.8 -2.8 4 4.1 5.5 5.4 5.4 5.4 5.4 5.4 5.4 5.4 5.3 5.4 5.6 5.8 4.2 5 5 4.6 4.6 4.8 5.1 5.4 5.6 5.8 6 6.2 6.3 6.5 6.6 6.6 3.7
28.7 27.4 26.3 24.9 24.8 39.5 55.7 85.9 121.8 150 156.2 160 165.1 171.9 178.1 175.1 171.5 165.1 162.5 161.8 157.6 141.7 103 83.6 75.9 57 49.9 40.1 31.1 23.1 16.7 13 9.8 7.7 7.1 6.5 5.9 5.4 5.3 5.5 8.7 4.8 4.7 4.6 4.8 5 4.7 5.1 5.5 5.9 6.3 6.4 5.8 -2.8 -2.8 4.3 4.5 4.9 5.1 5.5 5.5 5.5 5.5 5.4 5.4 5.4 5.3 5.3 5.3 5.2 5 5.1 5.1 4.9 5 4.9 5.1 5.4 5.7 5.9 6.1 6.3 6.4 6.6 6.7 6.8 6.9 3.6
27.6 26.1 25.3 24.8 24.6 29.4 44.5 66.2 107.8 134.9 151.5 160.2 162.4 165.3 170.1 171.1 168.6 162.5 156.5 151.3 138 120.4 88.9 79.6 58.7 48.3 40.6 35.7 27.9 21 14.2 12 9.2 8 7.5 6.9 6.3 5.5 5.4 8.7 5.1 5 4.9 4.8 4.8 4.7 4.9 5.3 5.6 5.9 6.2 -2.8 -2.8 -2.8 5 5.2 5 5.4 5.6 5.6 5.5 5.5 5.4 5.4 5.4 5.3 5.3 5.3 5.1 5.2 4.8 4.9 5 5.1 5.2 5.2 5.4 5.7 6 6.3 6.4 6.6 6.7 6.8 7 7.1 7.2 7.3
26.8 24.9 24.7 24.8 24.5 25.5 32.7 52 76.2 116 139.4 155.2 164.2 162.5 162 162.3 160.5 151 136.6 126.2 105.9 94.5 72.4 55.7 45.3 40.3 35.1 35.3 27.3 20.2 11.7 9.1 8.2 7.8 7.9 7.3 6.5 5.4 8.7 6.2 5.3 5.2 5.2 5.1 5 4.9 5.2 5.5 5.8 6 6.3 -2.8 -2.8 -2.8 -2.8 -2.8 5.5 5.7 5.9 5.6 5.5 5.4 5.4 5.4 5.3 5.3 5.4 5.3 5 5.2 5.3 5.3 5.4 5.4 5.5 5.5 5.9 6.2 6.5 6.4 6.4 6.5 6.6 6.7 6.9 7 7.2 6.5
26.2 23.4 23.7 24.9 25.5 26.3 25.9 36.6 54.5 84.2 126.5 147.2 158.8 157.3 152.7 149.9 146.2 135 118.4 102.9 94.8 71.2 55.7 49 44.4 36.3 30.9 28.9 23.1 15.7 10.2 8.4 7.8 7.5 8.1 7.5 6.6 9.1 8 6.7 5.3 5.3 5.2 5.1 5.1 5 5.2 5.5 5.8 6.1 6.4 7.4 -2.8 6.5 6.3 -2.8 -2.8 -2.8 6.1 5.7 5.6 5.4 5.4 5.3 5.3 5.4 5.4 5.3 5 5 5.5 5.6 5.7 5.7 5.8 5.8 6.2 6.7 6.5 6.4 6.5 6.5 6.6 6.6 6.7 6.9 6.9 6.2
22.9 20.8 20.2 20.9 23.2 24.7 25.6 28.2 41.1 68.5 107.4 133.8 147.6 149.6 143.2 130.7 117.4 106.3 92.9 79.7 67.2 57.5 51.9 47.7 41.6 31.8 33 27.9 21.8 16.3 11.6 8.6 8.2 8.4 8.6 8.4 9.3 8.7 7 6.1 5.3 5.2 5.2 5.1 5 5 5 5.2 5.4 5.6 5.7 5.9 6.3 7.3 7.2 7.1 7.1 -2.8 -2.8 5.8 5.7 5.5 5.4 5.3 5.3 5.4 5.5 5.2 4.9 5.3 5.4 5.9 6 6 6.1 5.9 6.5 6.6 6.4 6.5 6.5 6.6 6.6 6.7 6.7 6.8 6.7 6.6
30.5 27.4 22.9 23.1 20.1 20.9 29 23.7 34.7 53.4 84 117.1 142.7 145.1 140.5 114.3 94.8 83.8 65.1 55.3 54.6 50.7 44.2 42 35 26.4 25 31.9 21.2 15.7 10.9 8.7 8.5 8.8 9.1 9.5 9.7 8.7 6.5 5.9 5.4 5.2 5.1 5 4.9 4.9 5.1 5.3 5.5 5.6 5.7 5.7 5.8 6.3 6.1 6.8 7.8 7 -2.8 6 5.9 5.7 5.5 5.4 5.5 5.6 5.7 5.2 5.6 5.7 5.7 5.8 6.3 6.3 6.4 6.1 6.5 6.4 6.4 6.5 6.6 6.6 6.7 6.8 6.7 6.6 6.5 6.5
36.3 30.6 24.4 20.5 21.4 20.3 25 23.4 35.7 44.3 63.3 93.8 127.6 144.9 134.1 93.1 74.7 64 55.3 47.3 42.3 33.8 32.2 29.5 24.1 21 20.9 25.3 19.2 14.5 10.2 8.2 8.5 9.1 9.3 9.3 9.7 8.3 6.4 5.8 5.5 5.4 5.2 5 4.8 4.8 5.2 5.3 5.5 5.5 5.5 5.5 5.5 5.7 5.8 6.4 6.8 8 7.2 -2.8 6 5.7 5.5 5.7 5.7 5.9 6 5.3 5.9 6 6.1 6.1 6.2 6.6 6.7 6.2 6.3 6.2 6.3 6.5 6.6 6.7 6.8 6.7 6.5 6.4 6.4 6.3
40.1 32.6 25.8 20.3 21.8 21.1 24.2 24.4 37.7 40.5 51.4 72.1 96.9 118.5 100.7 72.8 62 55.8 45.6 36 30.7 27.2 26.3 23.6 16.9 11 12 16.9 13.4 11.6 10.4 8.3 8.8 9.3 10 9.1 9 7.8 6.3 5.8 5.7 5.5 5.3 5.1 4.9 4.8 5.2 5.3 5.4 5.4 5.4 5.4 5.4 5.4 5.5 6.1 6.2 6.8 7.7 -2.8 -2.8 5.7 5.8 5.9 6 6 6.2 6.1 6.2 6.3 6.4 6.5 6.6 6.6 7.2 7.3 7.5 6 6.3 6.6 6.8 6.8 6.7 6.6 6.3 6.3 6.2 6.2
41 31.9 27.3 20.2 23.7 22.9 18.8 22.6 31 41.1 48.3 56 68.6 80.8 75.9 60.3 50.4 38.6 31.5 23.4 18.2 15.6 13 10.3 6.8 5.9 6.7 6.2 6.9 6.6 8.5 8.8 9.1 9.1 9.4 9 8.5 6.1 5.8 5.8 5.8 5.6 5.5 5.3 5.2 5 5.2 5.2 5.2 5.2 5.2 5.2 5.2 5.2 5.3 5.7 6.1 6.6 7.8 -2.8 -2.8 5.9 6 6.1 6.2 6.3 6.3 6.6 6.6 6.6 6.7 6.8 6.9 -2.8 -0.7 -2.8 -2.8 -2.8 8.2 6.8 6.7 6.6 6.6 6.3 6.1 6.1 6.1 6
41.9 32.1 21.8 23.7 20.2 20.5 18.4 18.9 26.7 34.6 42.9 48.1 52.4 55.4 52.5 41.9 33.6 24.7 18.5 15.2 15.6 12.5 10.4 8.3 5.7 6.1 6.7 6.5 6.8 6.6 8.7 7.3 8.1 8.6 8.9 8.8 7.6 5.7 5.8 5.7 5.7 5.6 5.5 5.4 5.3 5.2 4.9 4.9 4.9 4.9 4.9 4.9 4.9 5.1 5.1 5.6 6.1 6.7 7.2 -2.8 -2.8 6.5 6.5 6.5 6.5 6.6 6.7 6.8 7 7 7 7.1 -2.8 -2.8 6.5 6.3 -2.8 -2.8 -2.8 6.7 6.6 6.5 6.4 6.1 5.9 6 5.9 5.9
40 33.9 24.9 23.1 23.1 27.9 22.2 17.3 20.2 32 38.5 44.5 43.1 40.8 36.6 31.3 22.7 17.6 12.5 10.6 10.9 8.9 7 7.7 6.2 6.4 6.8 4.6 4.9 7.3 5.6 6.3 7 6.7 8.1 8.9 7.3 5.9 5.7 5.7 5.6 5.5 5.4 5.4 5.3 5.2 4.6 4.6 4.6 4.7 4.8 5 5.1 5.1 5 5.4 5.9 6.5 7.2 -2.8 -2.8 6.4 6.6 6.9 7.1 7.2 7.2 7.2 7.3 7.4 7.2 7 -2.8 -2.8 6.8 6.1 6.4 -2.8 -2.8 3.8 8.1 6.4 6.1 5.8 5.7 5.8 5.8 5.7
43 32.6 25.1 26.6 24.4 22 20 20.5 17.6 26.3 40.6 41.7 38.8 33.9 30.1 29.5 18.8 14.1 11.6 7.5 7.9 8 6.7 6.9 4.5 4.6 5.7 5.7 4.8 4.9 5.2 5.7 6.3 6.6 7.4 9.1 7.5 5.9 5.6 5.5 5.4 5.4 5.3 5.2 5.1 4.7 4.5 4.6 4.7 4.9 5 5.1 5.1 5.1 4.9 5.2 5.7 6.3 7 7.4 -2.8 -2.8 6.5 6.5 6.8 6.9 6.9 6.9 7 7.1 7 -2.8 -2.8 6.5 7.1 6.1 6.5 6.9 7.2 7.2 3.9 5.8 7 7 7 6.7 6.4 4.6
48.9 35.7 22.9 21 20.8 18.6 20.3 21.5 18.3 23.7 36.7 38.2 35.7 31.1 28.8 21.8 17.1 12.2 8.3 7.4 6.5 5.8 4.5 4.3 4.3 4.4 6.5 5.1 5 5.3 5.5 5.3 5.7 6.2 7.2 8.7 8 6.3 5.1 5 4.9 4.9 4.8 4.8 4.7 3.6 4.4 4.8 4.9 5 5.1 5.2 5.1 5 4.9 5.1 5.5 6.1 6.6 6.8 -2.8 -2.8 -2.8 6.3 6.4 6.5 6.5 6.6 6.7 6.9 6.8 -2.8 -2.8 6 5.8 6.2 6.7 7 6.9 6.9 7.2 7.9 7.2 6.6 4.3 4.4 4.4 6.9
47.9 35.9 24.6 20.3 19.1 15.4 18.5 16.9 17.3 19.8 29.4 35 32.9 30.9 26 16.8 13.2 10.3 6.8 6.2 6.1 5.7 4.4 4 3.9 6.4 5.2 5.6 5.5 5.7 5.9 6 5.8 5.8 6.9 8.2 8.3 6.6 5.2 5 5 5 5 5 5 4.5 4.5 4.9 5 5.1 5.2 5.1 5 5 4.8 5 5.4 -2.8 -2.8 -2.8 -2.8 -2.8 -2.8 -2.8 -2.8 6.1 6.3 6.4 6.5 6.6 6.4 -2.8 -2.8 6.8 6 6.4 6.7 6.6 6.6 6.6 6.8 6.6 6.5 6.2 6 5.6 6.7 6.7
43.9 36.1 28.5 22.4 22.6 16.2 12.2 20.1 14.3 18 24.4 29.2 29.4 30.4 20.5 11 11.9 11.3 6.9 5.9 5.4 5 4.6 3.9 6.2 5.4 5.5 5.6 5.9 6.1 6.3 6.6 6.5 7.6 7.7 7.7 8.5 7.2 5.8 5.1 5.2 5.2 5.2 5.2 5.3 4.7 4.9 5 5.2 5.2 5.2 5.1 5 4.9 5.5 -2.8 -2.8 -2.8 -2.8 -1.3 -2.3 -2.5 -2.8 -2.8 -2.8 6.1 6.1 6.1 6.2 6.3 -2.8 -2.8 6.5 6.7 6.1 6.5 6.4 6.3 6.3 6.3 6.4 6.3 6 5.7 5.4 5.4 6.7 6.5
