data/340000-620000.asc
ncols 200
nrows 200
xllcorner 340000
yllcorner 620000
cellsize 50
[rows 140 to 174 of 200, columns 0 to 77 of 200]
262.2 264.8 268.7 272.3 274.6 276.1 274.9 276 282.5 286.2 288.4 292.2 298.5 304.7 310.5 315.7 320.4 323.4 326.1 329.1 332.9 339.2 346.5 350.3 352 352.8 352.7 350.9 349.7 348.5 347.3 347.2 346.9 346.4 345.2 342.2 338.6 332.9 327.4 322.2 319 318.4 320 321.3 322.3 322.1 321.6 321.4 319.4 316.5 315.1 314.7 314.7 315.3 314.5 311.8 308.3 303 307.1 308.4 309.3 310.3 310.6 313.6 316.7 320.7 323.3 321.9 319.1 316.8 315 313.3 311.2 308.7 305.9 304.9 303.7 301.3
269.8 274.8 278.4 281.7 283.5 287.4 288.8 286.2 293.7 294.6 297.8 302 304 308.5 314.3 318.8 320.5 323.1 325.5 328.1 332.4 338.3 343.4 346.4 347.4 349.2 349.6 349.2 347.8 347.2 346.8 346.9 347.1 347.2 345.4 342.4 337.1 330 325.8 321.5 319.1 318.2 317 317.4 318 319.1 318.5 317.9 316 315.2 316.7 318.7 321.3 320.9 319 315.7 311.6 307.4 300.6 303.9 305.5 305.6 305.8 309.8 315 318.6 320.3 319.7 320.1 318.3 316.6 314.8 312.8 309.9 306.9 305.2 304 302
279 282.4 287.1 292.5 296.4 299.7 301.3 300.4 304.9 304.4 307.9 311.3 314.3 315.6 319.6 320.8 321.3 323.2 325 327.3 330 334.2 338.3 340.9 343 344.9 347.1 347.7 346.7 346.2 347 348.1 349 347.3 344.5 341 335.3 329.8 325.6 321.4 319 318 316.4 315.5 315.1 315.8 315.8 315.1 316.6 320.1 322.5 324.1 323.1 320.5 317.1 313.9 311.8 308.4 303.9 294.4 301.4 301.5 301.6 303.3 309.5 315.3 318.7 320.8 321.2 319.1 317.3 315.6 313.9 310.6 308 305.6 304 301.9
284.3 290.9 298.3 302.5 306.5 310.2 311.5 309.9 313 314.8 317.2 320 322.5 322.6 322.4 320.6 320.6 321.4 321.2 323 326.2 328.6 332.7 338 341.6 344.4 346.1 346.1 345.5 346.3 347.2 348.9 348.5 345.8 342.3 338.8 335.3 330.1 325.7 322 319.1 317.8 316.7 315.9 315.8 315.6 315.6 317.4 320.8 323.9 324.9 323.4 320.9 317.5 314 312.2 311.2 309.3 305.8 300.5 290.8 297.8 297.7 298.4 302.2 312.1 317.5 319.4 319.4 318.6 316.8 315.2 313.5 312.1 310.4 307.5 304.6 302.7
287.8 297.2 304.9 309.8 315.4 318.7 319.4 318 319.3 322.3 323.9 324.1 324 324.1 323 320.2 319.3 319.2 319.3 320.5 322.6 325 331.8 339.2 343.5 345.8 345.7 344.9 344.3 344.1 345.2 345.9 345.7 343.3 340.4 339.1 334.7 332 328.6 325.2 322.3 319.5 317.3 316.9 316.7 316.6 317.4 320.1 323.4 324.7 323.5 320.5 316.7 313.6 310 310.1 310.6 308.7 304.2 300.1 295.2 293.3 293.9 294.3 298.1 305.6 312.3 315.2 316.7 316.4 316.4 315.5 315.2 314.9 313.1 310 306.7 302.9
289.1 299.9 307.3 315.2 322 325.6 325.3 322.1 322.9 324.4 324.4 324.9 325.2 325.4 324.4 320.7 318.2 318.3 318.2 317.7 320.2 323.5 331.9 339.1 342.9 343.9 343.8 341.6 340.9 341.1 341.7 342.5 343 341.4 341 339.4 337.6 335.6 332.2 328.6 325.6 322.6 319.7 318 317.8 317.8 318.9 320.1 322.5 321 318.4 315.4 311.3 308.1 306.4 307.8 307.1 304.2 301.6 298.7 296.2 286.8 285.2 289.1 291.2 298.2 304.9 306.5 311.3 313.7 316 317.2 316.9 315.7 312.5 308.3 304.6 300.1
289.3 300.4 310 319 324.5 327.7 325.8 325.2 325.3 324.6 325 325.9 326.8 326.7 325.5 321.2 317.8 317.8 316.8 315.8 318.3 324.5 332.3 337.5 340.4 341.4 342 339.8 338.5 338.2 339.3 340.4 341.7 342.2 343.1 342.6 340.6 338.2 334.8 331.2 327.8 324.4 321.7 319.6 318.5 318.7 318.9 319 318.5 316.4 313.9 310.5 307.4 304.4 303.2 303.5 303.3 302 299.3 296.5 294.5 292.3 283 278.9 283.6 287.3 292.2 293.9 298.9 309 314.3 317 315.5 312.5 308.6 303.3 298.3 297.3
290.4 302.7 312.5 320.8 324.5 326.9 327.4 327.8 327.7 327 325.4 327.3 328.9 326.5 322.3 318.6 318.1 317.6 315.5 315 316.9 323.2 328.4 332.6 337 338.4 339.8 339 338 337.4 338.2 338.3 338.8 341 343.4 342.8 340.7 337.6 335.2 331.9 329.2 327.1 324.5 322.3 321.5 321.2 320.5 318.3 316.2 313.2 309.9 307 304.2 301.8 301.7 300.4 300.2 298.3 295.7 292.7 291 287.8 285.4 281 274.9 281.5 282.4 283 290.1 299.9 301.6 306.1 306.3 304.6 300.4 297.4 298.7 297.3
290.6 302.3 312.5 320.6 323.4 326.5 329 330.1 329.5 327.3 323.6 321.5 322.9 320.1 319.1 318.4 317.5 315 313.5 314.3 315 319.2 325.4 331.3 333.4 335.1 336.3 334.4 334.9 335.3 334.6 334.2 334.2 336.7 339.1 339.6 338.6 337.3 334.9 333.7 331.5 329.1 326.8 325 323.6 322.1 319.9 316.7 312.6 309 306 304.1 302.8 301.8 301 297.9 296.4 294.2 292.7 289.6 286.8 284.5 281.9 279.5 267.8 276.3 276.1 277.4 283.4 289.9 293 297.1 298.1 297.6 298.1 299.6 298.7 295.3
295.9 306.9 315.5 321.1 323.2 326.5 327.7 330.4 328.9 326.1 322.3 320.4 320.5 320 319 317.6 315.6 313.6 313.2 312.8 312.9 314.6 318 319.2 323.4 327.7 328.7 328.9 330.2 330.4 330.1 330.2 330.3 331.4 333.8 334.8 335 336 335 333.9 331.9 330.2 327.5 325.1 322.9 320.4 317.4 313.9 309.9 307.2 305.5 304.5 303.6 301.9 299.3 294.6 291.9 289.8 288.2 285.4 281.8 280.2 278.2 276.1 269.8 268.1 270.8 270.8 274.8 281.9 288 290.5 290.8 294.6 296.9 296.9 295.1 292.8
305.2 314.6 320.6 324.4 325.5 326.5 326.7 327.4 326.5 325 322.4 321.4 321.4 321 320.2 317.9 315.2 313.8 313.4 313 312.6 312.9 312.6 312.7 313.6 315.7 319.4 323.4 324.8 325.2 326.4 327.5 327.9 328.5 329 329.3 329.8 330.8 330 328.9 326.7 326.4 325.7 321.9 319.4 317.1 314.7 311.3 309 307.5 306 304.4 302.8 298.9 295.2 291.1 287.2 283.5 280.5 279.6 277.1 276 274 271.9 267.2 264.3 266 265.6 267 269.9 273.6 279.3 283.9 287.9 289.6 290 290.7 288.9
317.2 323.9 327 328 328.9 328.4 327.7 327.2 326.8 325.4 324 323.7 323.5 323 322 320.1 316.6 314.1 313.7 313.4 313.3 313.6 313.1 312.4 312.4 313.6 316.2 318 320.2 322.3 323.6 324.8 325.2 325.7 326 325.1 326.4 326.3 325.2 324 323 322.6 322.5 318.3 316.4 314.8 312.2 310.9 309.9 307.9 305.3 302.7 300.1 296.9 291.6 286.4 282.6 279.4 275.3 273.3 272.3 272 270.1 268 264.1 259.3 261.4 260.8 259.8 257.7 260.2 264.5 268.1 273.1 277.6 282.9 285.1 283.1
323 327.6 329.9 333.1 334 332.1 328.7 327.5 327.5 326.9 326.1 325.7 325.4 324 322.6 320.4 317.4 314.9 314.7 314.6 314.6 315 314.6 313.6 312.9 312.2 313.5 314.5 316.7 319.4 320.6 321.5 322.2 322.7 322.9 322.5 322.9 321.5 320.6 320.4 319.8 319.2 317.7 314.8 313.5 312.4 310.2 310 306.2 303.4 302.5 299.7 297.4 293.9 289.9 285 279 275.8 271.7 269.5 269.3 268.4 266.6 264.7 261.3 254.4 255.5 254.9 252.1 250.1 248.6 248.2 250.6 258.2 262.7 267 271.3 273.4
324.3 329.3 334.7 337.3 335.5 332 329.8 328.4 328.2 328.2 327.5 327.1 326.8 325 322.7 319.5 316.8 315.4 315.3 315.6 315.5 314.5 313.9 313 312.5 312 311.9 312.2 313.2 316.2 317.2 318.3 319.1 319.7 319.9 319.5 318.2 316.3 316.6 316.4 316 315 313.2 311.1 309.9 308.4 306.9 303.9 301.1 301 299.2 298.5 296.8 293.9 290.1 286 279.3 273.4 266.2 265 265.4 264.9 263.4 256.7 254.1 252.2 250.8 249.4 247.5 246.7 246.4 245.7 245 244.7 247.2 250.1 255 258.9
327.8 332.4 336.3 337.5 334.2 331.9 329.8 329.1 329.1 329.4 328.8 327.8 325.6 323.5 320.5 317.9 316.1 315.6 315.1 315 314.5 314 313.9 313.1 313.5 314.1 313.7 312.4 311.9 312.5 313.9 315 316 315.7 314.1 311.3 310.4 311.7 310.4 308.1 308.6 309.1 308.6 307.2 305.3 305 303 301.7 301.9 302.3 301.8 300.4 298.5 294.4 289.3 285.2 278.7 272.4 265 258.1 257.9 256.9 255.5 255 252.5 259.2 258.9 258 257.5 254.3 248.7 245.2 244.3 243.6 242.4 241.8 241.4 243.2
333.6 339.1 339.2 336.7 333.8 332.1 330.4 330.8 331 330.7 328.7 326.5 324 320.6 317.5 316.2 315.9 315.3 314.9 314.7 314.2 313.8 315 317.2 316.6 315.8 315.2 314.5 312.7 312.2 312 311.3 311.3 312.2 315.1 315.6 316.3 319.7 319.2 316 313.3 309.5 305.3 300.3 303.1 302.4 302.6 304.2 306.4 306 304.2 302.4 298.7 293 288.1 280.9 273.9 265.7 259.8 259.1 258.5 256.2 255 254.8 255.4 259.1 260.2 259.1 256.2 252 247.1 247.9 248.7 243.8 245.4 243.9 240.5 239.7
340.2 343.2 341.2 338.8 336.5 334.6 333.2 333 332.1 330.2 327.4 324.4 321.5 318.8 317.4 316.9 316.3 316.3 317 316.5 314.7 314 316.2 320.1 320 320 318.7 317.5 316.3 315.2 314.8 314 315.7 317.9 319.4 321 323 324.2 322.8 319.8 317.3 313.9 309.1 303.1 299.8 302.5 303 306.9 308.9 307.6 305.7 301.8 295.8 289.1 283.5 275.6 265.1 262.2 263.9 263.4 263.2 260.6 257.8 256.9 259.2 259.7 259.9 258.3 255.5 250.8 247.4 251.4 254.1 253.4 252.6 250.8 249.3 248.8
345.8 347 345.3 341.7 338.6 336.4 334.6 332.9 331.9 329.6 328.5 326.6 324.7 322.7 320.9 320.3 319.4 319.8 320.2 317.3 315 314.5 319.2 323.2 324.2 324 323.4 323.1 321.9 320.3 318.7 319.1 320.5 322 323 324.5 324.8 322.9 321.4 319 316.5 313.4 308.6 302.7 297.4 300.7 305.1 309.1 309.3 306.9 303 298.4 291.7 284.8 277.3 268.7 264.7 269.9 270.2 269.6 267.1 265.3 262.9 266.7 266.5 266.7 267.1 264.4 261.3 257.5 253.9 255 257.9 257.8 256.7 255.5 254.9 254
353.4 352.7 349.1 344.8 341.8 338.4 337.7 337.5 335.3 334.3 333.7 331.7 329.7 328.3 326.9 325.3 324.4 323.5 322.2 318.5 314.6 315.8 325.2 327.7 328.5 328.3 328.3 327.2 325.8 324.5 322.7 322.9 323.8 325.1 325.1 322.6 320.9 319.3 318 316.8 314.4 311.9 308.7 303.4 296 299.5 305 307.6 307.2 303.7 299.3 295 286.8 279.8 266.5 269.2 273.4 275.4 275.7 273.5 270.8 269 270.3 274.8 275 275.8 274.1 270.3 268.4 266.3 265.3 262.9 262.9 262.6 261.9 262.2 261.1 260.4
358.3 354.1 349.7 347.1 344.5 342.9 344.5 345.2 342.4 340.3 339.5 337.3 335.5 333.5 331.2 328.9 327.4 325.4 323.4 320 318.3 322.3 328.6 330.9 332.8 332.8 332.3 329.8 328.5 327.7 326.8 326.6 325.9 324.7 322.2 319.8 318.3 316.7 315.9 314.9 314.2 311.6 307.9 303.9 298.5 299.4 303.4 304.8 303.7 300.5 297.2 289.2 281.1 272 273.1 275.9 277.9 279.8 279.4 277.6 276.1 275.6 281.7 282.8 282.6 282.7 280.2 278.1 277.2 278.7 275 271.4 269.1 268.4 268.4 268.4 268.9 268
358.1 353.6 349.8 349.6 346.8 349.1 350.8 349.6 348.3 346.4 345 342.4 340.3 337 334.1 331.3 329.7 327.5 325.8 325.2 324.3 327.1 334.5 335.9 336.8 336.3 334.6 332.4 330.8 329.5 328.3 326.5 324.2 322.1 319.6 317.3 315.6 314.2 314 312.6 312.2 310.1 307.2 303.2 296.3 297.5 298.9 300.1 300.6 296.7 291.8 283.1 278.1 269.8 277.6 279.9 282.2 284.3 284.9 283.7 281.5 285.8 288.9 290.1 291.4 291 290.6 288.6 289.6 288.1 283.3 278.8 275.2 275.2 275.2 274.9 274.5 273.4
357.6 355 352.8 349.1 351.7 355 354.4 353.9 352.9 351.2 348.8 345.7 342.8 339.5 336.7 334.3 331.8 330.3 330 330.2 330.9 339.1 342.2 341.8 340.1 337.9 336.3 335 333.7 332 330.1 327.4 324.6 321.7 318.6 316 312.8 311.6 311.4 310 308.4 306.6 303.8 300.8 296.8 289.2 294.5 296.5 296.2 292.6 285.9 280.8 270.2 277.2 280.9 282.9 286 289.2 290.4 289.9 289.8 292.7 294.9 297.8 302.3 301.8 300.5 298.8 298.1 295 289.9 284.9 281.2 280.6 280.4 279.9 279.6 280.4
358.1 356.5 354.7 352.2 353.3 356.4 357.2 356.6 355 352.7 349.4 346.7 343.6 340.4 337.8 336.5 336.5 336.5 336.8 339.5 342.6 346.3 346.1 344.4 342.6 341.5 339.6 338.1 336.6 334.7 331.7 328.7 325.9 323.3 320.6 317.9 314.6 310.6 308.3 306.9 305.4 303.4 301.1 298 295.8 288.7 288.8 293.2 293.2 288.9 284.6 280.2 270.5 280.1 283.1 286.4 289.5 292.7 295.7 296.3 298.1 300.6 301.7 304.7 309.2 310.2 308.7 306.2 303.7 300.4 295.4 290 286.7 285.9 285.6 285 284.2 284.2
359.1 356.5 353.8 351.3 351.1 354.1 356.2 355.5 353.7 351.4 349.2 345.9 343.8 342.1 341.5 341.6 342.5 343.5 345.8 348 349.7 349.8 349.2 347.8 346.3 345.4 341.6 339.3 337.9 335.8 332.9 330.1 327.1 324.5 321.9 319.3 315.4 311.4 307.3 305.1 303.4 301.7 299.1 296.2 293.4 289.4 283.1 291 290.2 287.1 283.4 274.6 278.6 282.9 285.9 289.9 293.2 296.4 300.3 303.1 306.9 309.1 309.7 313.9 315.8 316.1 314.7 312.3 308.9 304.6 300.4 296 291.7 291 290.9 290.5 289 287.9
360 354.3 349.2 347.6 348.5 351.2 351.2 351.1 350.3 348.9 347.9 346.1 345.2 345.4 345.9 347.1 348.6 350.4 352.4 353.7 354 353.6 353.3 351.8 350.5 348.1 344 340.6 339.1 336.7 333.8 330.8 328.4 325.7 323 319.7 315.6 311.5 307.4 305 301.6 298.3 295.8 294.1 290.4 286.2 281.4 287.3 288.3 285.1 280.7 273.1 282 285.8 289.3 292.6 296.6 301.6 307.1 311.9 315.6 316.8 319.1 321.8 322.2 321.3 320 317.1 313.2 308.7 304.4 299.5 296.1 295 295.7 296.2 294.4 293.3
356.1 347.6 344.7 342.5 345.4 344.1 341.9 344.3 346.5 347 346.6 347.6 347.7 347.6 348 350.1 351.8 354.8 356.6 357.2 358.3 357.7 357 355.3 351.8 348.4 345.9 342.3 340 337.6 334.9 331.7 328.7 326.1 323.3 320.1 315.9 311.6 307.6 304.3 301 299.6 298.5 294.6 288.4 284.8 281.4 280.4 284.1 281.5 275.2 280.8 284.4 288.1 291.6 295.5 299.4 306.2 314.3 318.8 321.6 323.7 326.7 328.5 327.7 326 323.8 320.8 317.4 312.8 307.6 302.6 300.1 299.5 300.9 301.4 299.8 298.9
350.1 343.4 338.5 337.4 340.6 336.3 335 338.9 343.5 345.3 346.2 345.7 345.2 345.9 347.6 350.1 353.9 356.6 359.3 360.2 362.2 360.9 359 354.2 350.6 348.2 345.7 343.3 341.1 338.5 336 332.8 329.5 325.8 323 319.2 314.6 311.2 306.8 303.3 302.4 303.9 301.9 297.4 291.3 286.4 281.5 279.6 278 277.3 274.2 282.1 286.1 289.3 292.9 297 302.6 311.9 320.7 325.6 330.2 334.2 334.3 335 333.5 331.1 327.3 324 320.6 316.2 310.8 305.9 303.4 303.8 303.4 302.4 301 301
345.3 339.7 335.2 331.9 329.2 330 332.3 336.4 338.7 339.7 340.5 340.7 342 344.1 346.3 349.2 353.2 357.8 362 364.1 363.5 361.7 359.1 354.5 351.1 348.5 346.7 344.3 342.3 339.4 336.1 332.4 328.5 324.1 319.3 316.8 313 309.7 307 304.5 306.1 304.5 301.6 298.3 292.5 287.5 281.2 279.8 279.2 277.4 277.6 283.2 287.1 290 293.1 299 306.8 318.4 326.1 333.2 338.8 341 341.6 341.5 338.8 335.7 332.5 327.8 323 317.7 311.5 306.3 304.3 303.7 303.5 303 302 304.6
339.7 335.4 331.9 327.2 325.7 326.8 327.6 330.4 333 334.8 336.1 338 340.2 342.3 344.3 346.5 350.7 355.7 360.9 363 362 360.3 358 354.9 351.5 348.7 346.8 344.6 340.7 336.9 333.1 329.5 326.3 321.6 317.7 314.9 311.9 308.5 305.6 303 302.4 300.6 299.3 295.9 290.2 285.8 280.4 278.8 278.6 277.3 280 284.1 287.6 290.8 294.5 301.7 313.1 323.7 332.1 340.2 344.9 346.6 345.9 345.4 343.9 339.2 335 328.9 323 317 309.4 304.3 303.5 303.6 303.9 305.7 305.8 311.7
332.8 330.7 323.5 321 320.8 322.8 323.5 326 329.8 332.2 334.2 336.4 338.2 340.1 342 344.1 347 351.9 355.7 357.4 358.3 357.5 355.6 353.5 350.1 347.4 345.4 341.6 337.6 334.1 330.3 326.6 324 320.6 317.1 313.5 310.5 307 303.4 301.1 297.9 297.3 294.3 289.5 286.2 282.4 278.6 277.8 277.4 277.9 280.5 284.4 288.5 292 296 303.8 315.5 325.9 335.2 344.3 349 350.2 349.5 348.5 346.2 341.6 336.3 329.8 322 315 309.4 307.7 306.6 305.7 306.1 309.1 310.9 319.3
325.6 321.8 317.3 315.9 317.4 319.4 321.2 325.5 328.3 330.6 332.8 335 336.7 338.1 340 342.1 342.8 345.3 348.3 350.9 352.5 353.3 353 351.1 348.3 344.8 341.3 338.1 335 331.6 327.9 324.5 321.7 318.9 316.5 313.5 309.4 305.2 301.7 298.8 294.8 291.4 288.2 284.1 281 279 278.3 278 278.1 278.8 281.6 287.1 293.4 296 299.4 307.5 315.3 326.2 337.7 347 350.3 351.9 352 349.9 347.4 342.5 338.1 332.5 325.7 317.5 314 313.6 312.6 311.8 311.6 313.5 318.5 324.1
317.7 315.4 314.8 315.2 315.7 317.9 320.9 323.8 326.7 329.2 331.3 333.5 335.3 336.4 338.2 339.6 339.5 339.1 339.3 342.6 344.6 346.9 348.5 347.5 344 339.4 337.1 334.7 332 329.1 326.1 323.3 320.2 316.8 314.6 312.3 307.6 303.3 299.7 296.3 293.7 289.6 283.5 280.7 280.2 280.2 279.9 280.2 278.9 281.4 285.5 292.6 299.1 302.4 304.1 308.8 316.1 326.1 338.8 347.4 351 353.1 352.9 350.3 349.3 346.7 342.4 337.3 330.5 323.1 319.4 317.4 317.2 316.8 315.9 318.1 321.7 325.1
314.3 314.1 314.3 315.1 316.1 319.4 323.2 326.4 329.2 330.3 331.5 333.2 334.8 335.9 335.7 336 335 334.6 335.1 336.7 338.4 341.8 343.1 340.2 336.2 334.2 333.2 331.6 327.8 324.6 322.9 321.3 318.3 315.1 312.7 310.2 306.3 302.2 297.8 294.3 291.2 287.6 282.5 280.9 281.8 283.6 283.8 284.2 283.2 284.9 292.2 299.7 304.3 307.1 308.4 311.9 314.1 323 336.9 345.8 350.1 353 351.8 351.5 351.4 349.1 344.7 339.9 334.1 327.5 324.9 323.1 320.7 318.8 317.1 318.5 319.3 320.6
314.2 313.7 313.8 315 318.1 322.5 326.3 329.1 331.5 332.9 334.2 336 337.1 337.5 335 331.9 331.2 331.1 331.1 332.1 333.2 335.1 334.1 333.5 332 330 328.9 327.4 324.8 322.1 320.5 318.7 315.3 312.3 309.8 307.6 304.7 301.3 296.6 290.5 286.4 283.5 282.4 281.4 283.4 286.8 287.4 287.6 288 291.1 298.7 305.1 309.1 311.6 312.4 313.6 316.3 325.5 335.8 345.1 349.5 348.9 350.9 354.8 354.1 351.8 346.6 341.8 337.5 335.1 332.1 326.6 320.6 316.2 313.2 310.8 311.6 312.3
315.4 315.4 316.8 320.2 325.2 328.9 331.5 333.2 334.4 335.6 337.5 339 336.9 333.3 330.7 328.5 327.4 327.8 328.2 329 330 331 330.9 330.8 328.7 327.3 325.6 324.2 321.8 319.5 317.6 315.9 312.3 310.1 308.2 305.9 303.5 300 292.2 289.4 289.3 285.9 283.2 282.7 285.3 288 290.4 291.1 292.2 295.5 303.8 311.1 315.1 317.2 317.7 317.8 321 328.6 336.2 345.4 345.7 345 351 355.1 354.8 353.3 347.6 343.1 340.8 336.8 330.9 323.1 317.1 311.8 308.1 304.2 301.1 301
