data/340000-820000.asc
ncols 200
nrows 200
xllcorner 340000
yllcorner 820000
cellsize 50
[rows 35 to 69 of 200, columns 78 to 155 of 200]
354.3 356.1 359.1 359.8 361.1 364.5 368.6 371.9 376.9 381.5 384.6 385.6 380.9 375.1 368.9 362 354.8 352.3 349.7 346.7 346 347.4 347.6 344.4 341.4 336.9 333.8 329.3 326.5 323.2 322.8 322.8 321.9 318.1 312.4 310.4 310.6 312.8 316.1 318.8 315.6 310.1 304.9 300.9 297.9 294.3 290.6 286.8 279.9 271.6 261.2 253.2 248.1 245.1 245 244.8 243.6 243.2 241.6 239.1 235.6 233.6 230.7 229.9 230.3 231 231.4 232 232.6 233.2 233.4 235.3 238.2 240.2 241.9 243.3 244.6 246.5
350 351.4 352.6 354.1 355.4 357.9 360.9 365.9 371.1 374.8 379.4 376.6 368.8 362.7 357.8 351.7 347.5 343.1 339.2 335.6 333.7 334 336 334.1 331.6 328.5 324.5 321.2 318.7 316.8 315.4 314.2 313.5 311.7 309.9 308.5 309.9 311.3 312.6 310.9 307.8 302.9 298.2 293.3 288.3 284.7 283 277.4 270.8 263.1 256 249.2 243.8 240.9 239.3 238.8 238 238.1 236.7 235.3 233.8 232.7 229.9 229.6 228.6 228.8 229.6 229.7 229.7 230.1 230.6 232.2 234.9 237.1 238.8 240.1 241.1 243.1
347 347.2 348.3 349.8 351.2 353.3 356.2 360.2 364.5 366.2 367.7 364.9 359.2 353.6 349.7 344.7 341.1 336.3 331.5 329.4 327.1 325.4 324.7 323.6 321.2 318.8 316.7 313.6 312.3 311.9 310.4 308.4 308.1 307.2 306.7 307.8 309.1 309.8 310.1 308.5 305.7 299.2 297.1 289.9 282.3 278.2 275.4 271.2 265.4 258.6 252.3 246.3 242.4 239.4 236.7 235.3 234.1 234 232.6 232.4 231.2 229.6 229.6 227.8 227.7 227.3 228.3 228.4 228.4 228.2 228.6 229.6 231.4 233.9 235.8 237 238.2 239.4
343 343.9 345.4 346.6 348.4 350.9 353.3 356 357.5 360.5 360.6 357.1 351.4 347.6 344.3 338.7 332.9 329.3 327.9 325.7 323.6 321.3 317.1 315.2 314.2 312.8 310 307.5 307.5 307.1 306.7 307.2 306.4 305.1 305.4 307.1 310.5 313.9 317.2 315.4 309.4 303.1 298.1 291.7 281 271.7 267.5 264.7 260.1 254.5 249.5 244.8 241.6 238.3 236.1 234.6 232.7 230.7 230 230.2 228.7 227.7 228.3 228 226.8 226 227 226.6 226.1 225.7 227.1 228.2 229.3 230.5 232.8 234 235.2 236.4
339.6 341.1 343.2 344.2 346.4 349 351.9 352.7 356.1 357 357.1 351.3 348.4 344.7 340.8 338 331.6 328 327.1 326.9 324.3 322.4 320.2 317.1 315.1 313.4 312.1 311.3 307.9 305 302.2 304.1 304.2 302.7 305.1 308.5 313.7 316.6 319.5 319.1 313 307.5 299.2 289.3 280.6 271.6 263.9 259 255.3 252.1 246.7 243.9 240.7 237.4 235.2 233.4 232.1 231.1 230 228.8 228 227 226.9 226.6 226.5 225.2 225.5 224.7 223.8 223.3 225.5 227 228 229 230 231.1 232.2 233.4
339.5 341.5 343.2 343.5 345 348.4 351.5 351.7 355.2 356.2 357 355.4 352.3 347.3 344.3 342 338 336.2 334.3 332.2 329.9 328.2 322.7 320.4 320.3 321.8 323.1 319.7 314.5 309.3 305.2 298.6 299.9 299.9 305.8 309.6 312.2 315.5 317 316.9 312 305.5 301.3 293.5 283 271.8 262.5 255.7 251.2 247.8 244.7 243 239.8 237 235.3 234 232.8 231.6 229.8 228.5 227.4 228.1 228.6 226.7 226.9 225.8 225.1 223.7 222.3 222 224 225.5 226.1 227 227.8 229 229.6 230.5
341 343.8 343.7 343.7 346.3 347.7 348.8 352.1 354.8 357 359.2 361 359.4 355.3 352.8 349.7 347.7 346.9 343.7 340.5 340 337.7 331.1 328.3 331.3 332.4 334.4 325.9 317.9 311.9 305.9 300.4 297 301.2 306.2 310.6 312.3 312.6 314.2 315.5 312.1 304.7 300.9 294.3 285.5 275.3 263.7 255.2 251.3 247.2 243.9 241.1 240 239.1 236 234.3 233.1 233.1 232.2 230.3 230.7 230.5 229.9 229.8 228.8 228.9 230.4 228.1 225.9 222 221.4 222.9 223.4 224.8 225.6 226.5 228.3 228.6
343.6 343.4 343 344.5 345.9 348.1 349.6 353.3 355.7 358.6 363.4 366.6 368.4 367.9 364.6 362.7 362.4 361.3 359.3 357.6 358.3 347.9 337.3 333.6 332.6 333.1 330.1 325.3 316.7 310.3 306.8 300.7 296.6 299.7 307.1 312 310.5 309.3 310.6 311 307.8 303.4 301.1 296.6 288.6 277.1 265.5 256.5 252.3 248.1 244.2 240.8 238.3 237.5 236.9 236.7 235.6 234.5 234.2 234 234.4 234.4 233.7 232.9 233 233.1 233.3 232.2 229.7 225.6 222.1 220.3 220.5 222.3 224.4 225.6 228.4 228.2
341 342 342.9 344.9 346.2 348.2 351.5 355.9 358.8 361.6 368.6 375.4 385.3 388.6 382.5 378.8 379.9 376.9 376.2 376.1 365.7 356.3 345.5 340.4 336.1 333.1 328.6 322.8 315.9 309.2 304.9 300.1 297.3 298.2 304.5 308.6 305.5 302.2 303 301.4 298.3 294.3 292.1 289.7 283.2 272.8 264 257.3 253.2 249.2 245.3 243.8 243.6 242 240.6 240.2 239.9 240.2 239.7 239.5 239.9 240.3 239.2 237.8 237.2 237.5 240.8 238.9 234.1 229.5 225.5 222.7 220.3 219.7 223.4 229.6 235.2 231.2
340.6 341.7 344 345.8 347.8 349.7 355 358.4 361.4 364.9 371.1 382.7 399 405.8 403 397.7 400.7 398.1 398.5 394.4 378.6 364.1 357.1 353.5 345.5 337.6 328.7 322.5 315.7 309.9 304.1 299.7 295.9 290.1 292.4 298.2 299 294.9 292.8 290.8 285 281.7 280.1 281.6 277.4 269.4 262 258.2 254 250.9 250.7 251.2 251.5 251.7 248.9 246.2 246.4 247 246.7 247.1 245.2 244.4 244.1 243 242 242.8 245.8 243.9 238.6 232.3 228.3 224.2 219.9 218.7 224.4 232.3 236.8 234.4
340.5 342.1 345.5 348.9 351.1 354.1 356.2 360.6 362.4 366 371.2 382.5 391.5 396.3 393.6 396.6 401.4 402.5 409 401.1 388 375.1 369 367.1 356.8 349.1 338.7 326 317.6 312.1 306.9 299.5 294.2 290.8 287.3 283.9 283.3 282.9 278.6 274.6 271.1 267.1 267.9 267.9 267.3 262.2 261.2 261.2 260.1 258.2 258.3 257.5 257.7 255.5 253.3 251.8 251.7 251.3 249.8 251.2 250.2 248.3 248.4 249.2 248 247.1 249.3 245.4 240.2 232.9 228.3 223.9 219.9 218 222.4 228.8 229.1 227.1
340.9 343.9 348 350.6 352.1 354.6 357.3 359.4 361.1 363.5 367.9 374 378.4 381.1 380.3 383.7 390.7 396.5 401 395.4 389.2 381.9 371 371 362.5 353.5 343.7 332.3 321.9 314 306.4 300.7 300.4 298.9 296 291.9 294.4 295.4 290.8 284.8 281.2 279.3 270.3 262.5 258.5 259.3 262.7 269.1 269.3 265 262.6 259.8 257.9 255.6 253.5 252.2 253.6 253 250.1 250.5 250.7 251.5 251.7 257.1 257.2 254.2 249.6 245.3 241.2 237.6 232.3 227 222 217.3 217.2 223.6 225.5 224.4
343.2 347.1 350.9 350.4 351.1 353.1 355.1 356.2 358 358.6 361 364.8 367.9 366.4 369.3 374.8 380.1 385.3 388.6 387.8 385.4 380.8 370.7 369.9 361 354.1 351.1 339.3 327 317.3 309.2 313.1 317.5 315.3 310.2 306.4 309.7 316.1 315.7 309.6 304 296.4 281.1 270.8 262.4 257 257.6 265.3 269.7 266.7 262.9 259.2 256.5 254.3 252.7 251.3 251.5 250.5 249.8 250.4 251.6 254.9 265.8 269 263.8 258.4 251.4 245.3 248.6 245.1 239.3 232 226.9 220.1 216.5 216.4 220.9 219.2
347.5 351.3 351.7 351.2 350.4 351 352.4 351.9 352.5 353.7 355.8 358.5 361.4 362.1 365.4 369.9 373.8 380.8 384.1 385 384.5 381 374.6 370.8 363.6 357.1 349.9 340.7 331.5 322.5 315.2 319.2 322.9 321.6 319.9 318.9 321.9 329 325.4 309.9 301.1 295.1 283.6 271.9 262.3 257.4 250.9 258.1 262.3 264.5 263 258.6 255.7 253.9 252.2 250.8 249.3 248.3 247.9 249.5 253.2 259 272.2 269.8 263.4 255.1 248.6 244 250 251.3 248.3 240.6 229.6 223.2 217.8 215.4 214.8 216.1
351.5 352 353 351 350.8 350.4 349.9 349 349 350.5 352.5 355.2 357.5 360.1 363.3 366.9 370.7 376.8 381.2 383.7 384.5 383.4 378.9 374.4 368.6 361.4 354.6 347.3 337.8 328.9 322.3 319.7 320.3 319.8 319.2 315.2 317.1 319.9 310.8 299.3 293.8 286.7 279.3 271.3 261.4 257.4 251.3 252.6 257.9 259.8 259.7 258.9 255 252.4 249.4 249.2 247.6 246.9 245.8 248.5 254 261 269.2 267.5 259.8 251.5 245.5 240.6 244.3 254.1 252.3 245 233.4 226.9 222.3 218.9 215.2 214
348.4 349.1 351 351 350.6 349 349 348.8 348.5 349.6 351.7 353.9 356.1 358.7 362.4 366.3 370.5 376.3 381.1 384.7 386.8 386.8 384.9 383.7 379 373.1 366.4 356.9 346.8 335.2 325.9 318.5 314.3 312.9 311 306.9 305.4 302.6 298.6 293.7 290.7 285.5 279.3 274.6 267.2 258.8 252.7 247 251.9 253 254.1 254.6 250.3 248.3 245.3 246 246 244.2 243.5 246.3 251.2 260.3 266.8 262.7 254.9 246 241 235.6 236.6 242.7 242 237.7 233.2 230 227.3 225.2 219.7 214.7
343.5 343.9 346.1 345.1 347.1 349 349 348.9 348 349.1 351.4 353.5 355.9 358.7 362.3 366.4 371.6 379.5 385.6 389.9 393.2 393.8 396.7 395.8 391.9 385.9 378.7 368 356.9 345 332.8 324.4 316.1 309.7 302.1 298.7 294.9 291.8 289.6 290.3 293.2 294.6 295 286.5 277 266.9 257.2 251.8 245 246.2 246.9 247 245.3 243.5 241.2 241.1 241 241 240.6 243.2 247.7 258.4 259.3 255.5 248.8 240.5 234.3 231 230.1 231.5 232.2 230.6 229.3 229.1 229.5 227.1 222.3 217.1
340.2 341.1 342 343 344.1 347.3 348.8 348.5 348.1 348.9 351.9 354 356.7 360.4 364.5 369.8 377.8 388.1 395.9 401.2 405.1 410.5 415.5 412 406.4 400.8 390.5 379.4 365.5 352 341.9 330.8 322.8 312.6 304 296.6 289.8 285.4 281.8 284.7 291.5 299.7 304.2 299.5 290.1 278.7 269.6 260.8 250.7 245.3 242.4 241.2 240.7 239.8 239 238.1 237.8 237.3 237.4 238.6 246.2 252.5 251.8 248.1 241.7 234.7 229.8 228.2 226.9 225.9 226.2 225.2 224.8 225.7 228.4 224.7 222.2 220.3
340.1 340.5 341.3 342.4 343.5 344.6 347.1 347.8 349.1 349.9 352.6 356 359 363.6 368.4 376.2 386.8 398 408.2 418.5 421.8 424.5 428.6 424 415 409.2 397.2 384.4 370.4 358.3 346.1 336.3 326.5 316 307.1 299 292.6 285.5 280.2 278.2 283 288.5 292.4 295.8 295.5 289.9 277.6 267.4 257.6 249.3 244.8 242 239.8 238.4 237.8 237 236.2 235.6 234.6 234.9 238.6 240.8 239.3 239.5 234.9 230.7 227.9 226.5 224.9 223.9 223.2 222.3 222.2 222.6 222.8 221.1 220.4 220.7
340.4 340.2 340.7 341.8 343 344.4 346.2 348.5 350.9 352.1 354 357.8 363 368.3 375.5 386.2 399.9 412.6 424.6 427.9 427.2 430.2 432.4 426.6 417.8 407.3 396.9 383.4 370.5 360.5 350.3 343.7 335.6 324.7 314 304.8 296.8 288.8 282 276 274.7 278.7 280.8 285.1 287.6 286.1 278 269.2 261.4 253.4 248.8 246 243.3 240.5 236.7 235.9 235.3 234.6 233.7 232.4 232.2 232.1 231.4 231 228.9 227.3 226.6 225 223.7 222.9 221.7 220.1 219.1 218.3 218.9 218.5 218.5 218.6
340.8 341.1 340.2 341.4 342.6 344.7 346.7 348 351.2 352.2 355.6 361.3 367.1 375.1 383.4 397.6 408.7 420.6 429.6 430.1 427.9 431 430.3 424.1 415.3 404.3 394.4 381.3 368.7 359.4 350.1 345 339.5 327.8 317.4 307.2 299.9 289.9 283.2 276.7 272.4 271.7 274.6 276.4 278.2 276.9 273.3 267.9 262.5 259.1 255.6 252.7 248.7 244.1 240.2 237.2 235.1 234.5 232.4 231.1 230.2 229 228.5 227.8 226.8 225.9 225.1 224.2 222.8 222 220.6 220.4 220.8 219.5 219.3 217.5 217.2 217.4
341.3 342 342.9 342.6 342.5 345.1 348.2 352.8 354.5 356.1 359.3 363.5 370.3 379 392.6 407.3 416.7 426 427.3 425.7 425.1 428.7 428.8 424 414.6 404.2 392.6 380.4 367 355.3 346.2 340.3 334.7 327.3 317.3 307.5 299 290.9 283.1 276.2 271.8 268.9 269.3 269.8 270.3 269.6 268 265.5 263.8 262 262 264.6 261.7 256.3 249.6 245 241.8 238.7 234.9 232.8 231.5 230.4 228.8 226.9 225.9 225.3 224.2 223.4 222.4 222.1 222.1 221.8 221 220.5 220.9 219.4 217.7 217.3
341.5 342.1 343 344.7 345.4 346.3 350.1 354.9 360.5 364.3 366.1 369.7 376.1 387.3 401.9 413.3 419.8 422.5 422.3 421.4 421 425.1 427 423.1 417.5 406.3 395.1 381.8 368.6 351.6 340.6 332 325.5 319.1 310.6 303.8 297.8 289.1 280.1 274.6 270.7 267.5 265.3 266.5 267.4 265.7 264.2 263.8 263.5 265 268.2 270.4 270.8 265 260.1 254.6 249.7 245.3 240.9 239.5 236 232.1 230 228 227 226.5 225.5 224.4 223.5 222.5 223.1 223 222.4 221.9 221.7 220.5 222.5 222.7
341.7 342.3 343.1 344.7 346.6 346.9 351.3 357.3 366.3 370.6 372 375.2 382.8 392 404.8 413 418.1 419.1 418.4 416.8 417 420.3 424.2 420.6 416.7 408.5 398.2 384.8 370.9 354.6 341.5 330.8 322.9 317 312 306 299.7 292.8 281.9 274.8 269.7 266.5 263.5 263.8 263.5 262.4 261.3 260.9 261.1 263.2 265.5 266.9 266.1 263 258.4 253 249.8 247.2 247.1 245.3 242.4 237.3 232.7 229 227.8 226.5 225.5 224.5 223.5 223.4 223.5 223.6 223.5 223.2 222.6 221.9 224.8 225.1
342 342.4 343.2 344.5 345.7 348 350.1 354.3 360.8 368.4 375 376.4 381.6 388.1 398 405.1 412.9 414.2 412.9 412.1 413.6 417 420.8 418.1 415.3 408.6 401.7 391.3 380.2 365.6 352 340.4 334.1 327.7 320.9 313.1 305.9 295.9 287 277.5 271 267.4 264.5 262.1 259.3 258.9 258 257.6 258.5 261 262.2 262 260.6 257.4 253.6 249.8 246.7 245.3 244.4 241.8 240.1 238.2 235.6 230.6 228.2 226.6 225.4 225.4 225.4 225 224.5 224.3 224.3 224.5 224.3 223.4 224.3 224.7
342.7 343 343.5 344.1 345.1 348.8 348.9 350.9 356.1 360.6 366.7 370.8 376.9 383.2 389.9 396 401.9 406.2 407.1 407.9 409.5 412.9 415.6 417.2 415.8 414.8 409.1 400.7 390 377.3 364.1 352.4 345.3 338.6 328.1 318.8 310 298.7 292.2 283.4 275.4 269.3 266.9 264.9 261.6 259.1 257.1 254.8 255.4 256.4 257.6 256.4 254.4 251.2 248.7 246.9 245.8 244 241.7 239.3 237.8 237.8 236.2 231.7 229 227.3 227.2 226.8 227.3 227 227 226.2 226 226.2 226.4 225.6 224.7 226.1
343.4 343.8 344.5 345.1 346.4 347.8 349.2 350.6 353.1 356.7 360.1 365.1 369.6 375.3 382.1 387.8 392.2 396.3 399.6 403.6 406.1 410.1 414.8 417.4 419.9 421.8 417.4 409.3 397.8 385.3 373.1 362.6 354.5 344.5 333.4 322.1 313.4 302.7 293.2 288.8 278.5 273.2 269.7 266.9 262.8 260.5 258.7 256.6 254.3 251.4 251.2 250.4 248.3 245.9 243.8 241.5 240.1 237.5 235.8 234.3 234 232.6 231.9 230.3 228.5 229.9 229.5 228.9 230.6 232.3 232.3 230.3 229.1 228.3 227.9 227.8 226 227.9
344.1 344.8 345.5 346.5 348.8 348.4 348.8 350.1 351.6 353.6 356.8 360.9 364.8 369.5 374.4 380.6 385 389.5 395.4 400 404.6 409.2 413.9 420.7 424.7 427.5 422.7 412.8 401.4 389 378.2 368.6 360 348.2 335.6 321.4 311.1 301.3 295.5 289.7 285.8 280.6 274.8 269 265.1 263.7 262.3 260 257.9 256.7 254 250.9 247.3 245.9 245.2 244.5 242.3 239.9 239.5 238.9 236.9 234.5 233.9 234 236.3 236.9 234.3 230.8 235.7 239.3 239 235.4 232.5 230.8 230.2 229.5 227.7 230.2
345.6 346.7 347.3 347.8 350 350.7 349.9 350 350.6 352.1 358 358.5 361.6 365.7 370.2 374.7 379.6 385.6 393.4 399 405.3 410 415.5 422.3 428.6 429.8 425.8 415.8 404.9 393.9 382.3 371.5 360.3 349.9 337 322 307.7 299.5 300.9 296 292.4 286.5 279.5 271.2 270 269.3 267.8 265.8 263.7 262 260.3 257.5 254.4 253.2 252.5 249.9 246.7 244.6 243.8 241.1 239.4 239.7 240.1 240.4 244.1 244.1 243.2 235.8 239.4 243.7 243.8 239.7 235.8 233.2 232 230.7 229.7 232.1
348.7 348.7 348.8 349.2 350.1 351.1 351.4 350.9 351.5 352.4 353.9 356.9 358.6 361.2 364.8 369 379.9 386.6 394.8 402.2 409.2 413.6 418.9 425.6 430.1 433.2 429.2 418.6 407.4 396 383.3 372 360.8 350.4 338.1 323.2 307.4 309.8 306.1 301.2 295.6 289.6 281.6 278.3 280.1 278.7 277.3 274.9 274 271.2 267.4 264.1 261.2 260 258.2 255 251.3 250.4 248.7 245.1 243.7 245.3 245.8 247.7 250 247.2 245 240.7 241.1 245.1 246.4 241.7 237.4 235.7 233.4 231.8 231.8 233.1
350 349.7 350.3 350.5 350.9 351.3 351.6 351.9 352.6 353.5 354.7 356.4 359.4 363.9 371 378.9 385.9 392.9 400.5 407.6 414.2 419.9 424.9 430.3 434.6 434.3 429.4 418.1 405.4 391.2 379 367.8 357.5 348.1 338.9 323.7 312.7 314.1 308.2 301.2 296 288.2 285.2 286.2 288.4 288.7 287.9 287.3 284.4 280.9 276.5 272.9 269.1 265.8 262.5 259.8 257.3 255.2 253.3 249.9 249.9 250.2 249.8 251.3 251.5 247.9 244.9 243.4 245.7 249.2 247.9 243.4 238.5 236.3 234.2 232.5 232.9 235.3
357.2 354.9 352.7 351.6 351.8 352.3 352.3 352.7 353.8 354.9 356.5 358.6 362.4 367 373.6 381.5 388.9 397.1 405.2 411.8 420.1 425.7 431.3 435.7 435.6 431.9 424.7 414.3 401.7 389.2 378 370.8 364 357.7 344.5 328.2 319.2 314.2 308.2 302 296 291 290.4 293.2 295.8 297 295.4 293 290.9 288.3 284.4 280.9 276.4 271.9 269.8 267.2 263.6 262.4 260 256.6 256.8 254.4 252.9 253.4 252 248.9 247.2 246.7 246.9 248.5 247.7 244.9 239.9 238.1 235.6 233 234.6 235.9
364.1 363.1 360.3 356.5 355.5 355 354.9 356.7 357.3 358.2 359.8 362.5 366.6 370.8 375.7 381.4 390.1 396.7 403.3 413.5 422.9 429.5 433.4 433.6 430.7 426.1 418.2 408.5 399.5 388.8 380.3 377 375.2 362.4 348.2 334 326.5 318.6 311.5 305.8 300 297 296.3 299.6 302 302.7 301.6 298.7 297.5 294.2 290.7 287.4 285.1 280.5 279.6 276 272.4 269.2 266.8 265.2 263.7 260.5 256.6 255.9 253.4 250.8 249.9 249.1 248.8 248.5 247.2 244.8 241.4 239.9 237.1 235 235.1 235.2
371 368.6 363 360.9 360.6 361.2 363.8 365.6 366.2 365.3 365.1 365.6 370 374.4 377.7 381.4 387 392.1 398.4 408.2 418.9 427.6 432.1 428.9 424 417.5 410.6 403.7 396.4 388.2 385.2 384.7 377.2 363.1 352.4 345.2 337.2 329.2 322.8 313.1 306.5 303.6 302.8 304.8 308.4 307.9 307.4 308.6 306.3 302.4 298.3 297.9 295.6 292.9 287.6 282.1 277.5 274.3 271 269 269.3 265.3 261.4 258 255.6 253.8 252.3 251.5 251 249.3 247.4 245 242.7 241.6 238.7 236.5 236.1 235.7
377.4 374.5 368.6 369.9 369.8 371.5 374.3 374.8 373.1 371.5 369.4 369.6 371.3 376.3 378.2 380.5 383.9 387.8 392.8 400.3 409.6 419.8 426.2 421.7 417 410.9 403.9 398.5 393.2 393.5 392.6 388.6 378.3 366.5 357.4 350.2 346.5 344.7 334.8 323.8 322.5 318 316.9 321.9 319.3 321.3 325.2 326.1 321.2 318.6 314 311.7 306.7 300.5 293.3 287.2 281.2 277.1 274 272.6 270.7 268.3 265.5 261.8 259.9 258 255.8 254.4 253 250.3 248.8 246.9 244.9 239.2 240.2 238.4 237.7 237
