data/340000-510000.asc
ncols 200
nrows 200
xllcorner 340000
yllcorner 510000
cellsize 50
[rows 70 to 104 of 200, columns 78 to 155 of 200]
228 247.5 269.9 290.3 316.8 346.9 376.6 405.3 427.2 434 438.7 438.9 441.5 443.6 447.2 453.1 462.8 478.6 494.9 508.3 521.2 532.9 548.5 569.4 587.9 607.5 623.6 636 646.5 656.1 663.9 667.6 669.7 669.7 670 667 663.4 659.4 654.7 648.7 642.1 635.2 629.7 624.3 619.3 609.6 609.6 606.6 603.4 599.3 596.2 591.7 586.3 577.2 572.7 567.5 562.8 559.7 556.8 554.4 553.9 553.4 554.1 556.3 557.5 559.2 561.8 566.8 569.3 570.7 571.3 570.8 566.8 559.7 556.4 550.3 545.7 536.9
227 248.3 268.3 290.2 318.5 353 380 404.5 419 422.9 427.2 427.6 431.9 435.6 444.5 453.4 462.2 477.3 494.5 509 526.6 540.1 561.2 586.9 605.6 620.5 634.4 646.3 656 664.4 670.2 672.7 672.7 671.7 670 666.4 662.8 658.9 653.7 647.8 641.2 635.7 629.5 623.9 616.6 616.2 612.9 609.5 605.9 602.9 598.8 592.6 591.1 583.9 576.8 571.6 566.8 562.6 561.8 561.7 561.8 562.2 561.5 562.2 564.3 565.6 567.4 568.5 570.6 572 570.7 568.6 564.6 558.3 550.9 546.5 541.3 531.6
229.4 248.2 266.8 287.5 316 347 375.7 396.8 405.4 410.5 413.8 417.8 427.2 435.2 444 453.2 463.3 476.9 492.6 514.9 533.8 553.2 576.1 598.3 615.4 630.1 642.4 654 663.7 669.8 673.5 675.2 674.7 673.4 670.5 667 663.3 658.5 653.6 648 641.3 635.9 630.3 623.2 623.2 620.8 617.2 613.4 611.5 609.6 606.8 602 596.7 589.8 583.9 578.1 573 570.5 569.5 568.9 568.2 568.1 569.6 569.7 568.4 569.5 569.7 569.7 570.1 569.5 565.6 561 556.8 549.2 541.9 538.2 534.7 526.7
232.6 246.2 264.4 284.8 313.1 341.3 366.6 382 387 393.5 401.5 413.8 425.2 436.1 445.6 455 464.7 479 498.4 520.3 539.7 562.1 587.1 607.1 623.2 636.6 648.5 659 666.3 671.8 674.1 674.9 675.3 673.8 670.7 667.1 663.9 658.6 653.5 648.7 642.1 636.9 632.5 629.4 627.2 625.2 623.5 620.8 619.1 615.7 612.3 608 602.6 595.6 589.2 584.2 579.7 576.7 575.4 574.4 573.3 573 573.4 574.4 573.7 571.9 569.9 566.2 562.2 558.8 554.4 549.7 543.4 535.9 529 524 520.5 517.8
233.2 245.4 262.7 280.4 305 331.5 354.6 359.4 367.9 382.1 399 413.8 426.5 437.6 447.5 455.6 465.7 480.1 501.4 524.6 546.7 573.9 596.7 613.2 628.3 641.7 653.3 662.1 668.1 672.3 674.7 675.3 674.3 673.5 670.7 667.8 663.9 659.4 654.1 648.8 642.9 638.2 635.4 634.8 631.8 629.9 628.2 625.9 623.4 620.3 615.8 611.1 605.1 600 593.4 587.8 584.4 581.8 578.9 577.6 575 574.6 575.7 576.6 574.3 570 562 555.9 551.5 544.6 536.6 528.8 521.9 513.9 507 503.9 502.7 503.7
237.8 245.7 259.5 275.3 294.4 318 340.1 339.2 367.5 383 395.4 412 425 436.9 448.7 458.2 468.7 485 506.8 532.1 556.7 583.4 602.3 618.6 632.7 645.2 656 664 669.4 672.1 673 672.6 672.5 672.1 670.3 666.6 663.2 659.3 654.5 649 645 642.5 640.9 639.1 636.5 634.1 632 629.2 626.3 622.8 618.1 611.8 605.5 600 594.5 589.3 584.9 582.1 579.9 577.3 574.1 572.6 573.7 572.8 568.3 559.5 549.2 542.4 532.5 521.3 510.5 499.4 491.7 484.4 478.9 477.7 479.6 482.1
240 248.5 258.7 270.1 283.1 296.2 325 349.1 366.5 373.4 394.8 408.6 426 440 450 461.6 474.3 489.8 512.9 537.7 565.6 589.3 606.8 622.6 635.2 646.8 657.2 664.7 668.7 670 670.1 670.2 670.4 670.2 669.1 666.3 663.5 659.5 655.9 652.2 649.8 647.5 645.5 642.9 640 637 633.8 631.2 627.7 622.9 617.8 611.6 604.9 598.4 591.9 587.1 582.2 578 575.5 571.9 566.8 563.8 560.6 556.6 551 541.9 528 516.9 502.5 488.6 473.5 463.9 456.3 452.2 447.6 446.9 450.8 455.8
236.4 246.7 257 267.5 283 299.8 320.3 342.4 356.7 378.9 396.5 415.1 430 441.3 451.6 462.9 480 494.2 514.3 537.4 559.6 591 608.5 623.9 636.3 646.7 655.9 661.6 664.4 666.2 665.7 666.2 666.6 666.3 665.9 665.2 662.5 660.2 657.2 654.7 653.7 652.5 650.3 646.5 641.7 638 634.5 630.4 626.1 621.1 615.8 609.5 601.2 593.7 587.5 581.5 575.4 571.2 566.3 560.2 554.1 548.7 543.4 537.2 528.1 515.1 500 482 465.4 449.6 438.3 429 422.2 418.9 416.5 416.6 421.9 429
235.6 243.9 253.4 264.7 282 294.4 319.1 341.9 359.5 379.3 397.4 415.7 428.3 441.2 454 468 486.2 503.3 524.1 552.8 581.4 594.8 605.8 623.1 636.1 646.5 653.8 659.1 660.9 662.2 661.8 661.8 662.6 662.6 662.6 662.2 661.9 661.3 659.6 658.8 657.8 656.4 652.9 648 642.6 636.8 632.9 628.3 623.3 617.4 611.3 603.3 594 587.6 579 572.1 566.6 559.4 552 546.7 538.3 528.2 519.3 508.4 497.1 479.7 463.3 447 428.9 414.1 400.1 393.5 391.3 390.1 386.9 390.7 393.7 402
229.1 240.4 251.8 266.5 280.2 298.2 321.7 340.5 357.4 377.1 396.6 414.5 427.2 439.4 454.3 474.1 491.9 510.5 532.3 563.9 591 605.7 616.7 626.6 634.9 646.1 653.5 657.2 658.6 659.8 658.4 657.4 658.7 659.3 660 661.1 662.1 662.5 662.3 662.2 661.1 658.7 653.9 647.9 641.6 634.7 628.3 623.3 618 611.5 604.7 596 586.9 577.4 568.7 559.6 550.4 538.8 530.3 521.4 510.3 495.5 480.6 470.5 456.1 440.7 426.3 406 391.2 377.3 367 367.1 364 366.2 361 368 369.8 376.8
229.1 238.3 249 264.2 275.8 294 321.5 335.8 355.2 375.6 396 413.8 426.1 440.2 456.4 479.1 496.5 514.2 542.6 574.4 598.1 612.9 625.2 634.4 641.1 648.1 654.2 656.8 656.8 656.5 653.5 647.3 654.2 655.6 657.8 659.6 660.3 663.7 663.3 664.9 664.1 660.3 654 645.3 637 628.6 623.6 617.6 611.4 604 595.9 586.7 576 565.3 553.6 540.8 526.7 512.4 504 494.2 478.4 457 441.5 430.2 415.6 402.8 388.3 372.4 361.5 353.7 347.6 346.7 346.3 346.1 347.5 347.2 348.7 355.1
227.9 236.7 245.7 259.5 270.9 287 310.7 332.1 351 373 394.2 411.2 428.7 442.8 461.5 481.3 498.6 518.8 549.4 582.7 606.2 621.8 633.8 642.5 648.9 653.2 656.7 658.1 657.5 656 648.8 639 649.1 651.7 653.3 655.5 657.8 661 662.7 663.7 662.5 656.5 647.6 637.5 628.6 621.3 615.5 609.4 601.7 593.5 583.7 573.3 563.5 550.2 533.4 516.7 500.9 485.2 477 465 444.4 420.2 402.2 389.9 379.3 370.4 363.1 352.5 347.9 347.3 346.8 346.6 346.2 345.5 346.4 345.3 344.8 345.4
227.6 234.9 242.3 255.5 267.1 280.8 302 325 345.8 368.9 391.3 408.6 427 444.9 465.7 489.5 501.1 522.6 555 588.5 614.2 630.4 642.7 650.5 656.1 659.7 660.4 660.7 659.1 655.7 641.2 628.2 636.9 644.3 647.6 650.3 652.7 655.4 657.7 657.3 654.8 647.6 638.9 630.8 621.4 614.9 605.3 597.6 588.3 579.2 569.7 558.7 546.2 529.8 507.6 491.5 474.2 461.3 452.9 444.2 426.2 398.3 377.9 363.7 353.7 351.5 349.8 348.9 348.3 347.5 347.2 346.7 345.9 345.2 345.5 344.7 344.2 343.9
228.7 232.9 241.5 251.5 264.4 277.9 297 317.1 341.4 363.2 383.4 405.3 428 448.1 471.9 492.7 503.6 527 558.5 592 620.6 639.1 651 659.2 664.4 667.2 667.2 666 663.4 661.4 653.3 638.2 621.3 629.2 637.2 643.9 647.1 648.7 649.8 649.1 646.2 639 632 624.3 615.2 605.6 593.9 581.4 573.7 564.7 554.8 540.7 525.1 504.4 479.4 459.6 448.2 440.6 429.9 425 417.1 394.7 373.6 365.6 361.1 355.1 350.4 350.3 350.6 354.5 347.8 346.8 346.5 346.2 345.3 344.6 344.5 343.8
229.9 232.7 239 248.6 261.1 274.5 289.7 308.6 333.1 357.7 378.7 406.4 431.4 455.9 478.4 491.5 510.6 532.2 559.4 590.3 622.1 645.4 658.6 666.5 671.4 674 673.7 672.5 670 667.6 663.1 647.3 625 616.7 625.9 635.6 641 642.9 642.6 641.2 637.8 631.7 625 617.3 607.7 595.5 581.7 569 557.6 547.9 537 520.3 499.6 479.4 455.8 437.5 426.7 417 407.7 403.7 397 389.5 382.8 387.8 382.2 370.7 365.6 358.6 357.3 354 352.1 357.9 352.7 355.1 352.1 347.3 345 343.7
230.9 232.2 239.2 248.5 258.8 271.2 285.1 306 329.3 353.7 375.9 404.3 434.5 461.1 479.3 494.2 514 537.2 565.1 589.1 618.3 650.6 665.5 673.2 677.7 679.6 679.5 678 675 671.8 666.4 653.7 630.1 605.9 616.7 626.7 633.9 636.7 636.9 634.1 630.1 625 617.4 608.9 597.8 584.9 569.2 555.9 542 529.8 516.8 495.6 475.8 459.2 437.3 422.8 411.4 406.4 406.2 402.7 402.3 402.9 409.2 415.3 407.9 396.9 388.4 384.5 375.5 373.9 372.9 373.5 373.8 374 370.3 364 353.3 347.7
231.8 232.5 237.2 246.3 257 269.4 283.7 302.1 325.9 349.3 372.3 400.7 432.6 457.9 481.3 497.3 516.4 540.4 567 597.1 629.6 656.1 672 679.9 683.7 685.1 685.1 682.9 679.2 674.8 668.3 656.3 634.2 611.2 609.8 617.6 625.9 630.8 631.6 628.6 622.8 616.2 608.9 599.5 586 573.1 558.2 542.7 525.1 509.8 492.4 472.9 454.6 438.5 423.8 417.9 419 425.1 426.3 427 428 435.1 438 439.7 436.3 430.1 421.8 407.7 411.7 402.8 400.6 399.4 398 391.5 386.4 381.5 368.6 358.5
233.4 234.1 236 243.9 253.1 266.2 281 300.3 323.4 344.7 367.2 395.7 423.8 454.8 481.3 501 517.9 540.5 568.7 604.5 637.9 664.5 679.9 687.5 690.3 690.9 689.9 685.8 681.5 675.6 668.8 657.5 638.7 612.4 602.3 608.5 618.4 624.6 626 622.6 616.2 607.7 598.6 588.1 574.2 560.2 545.6 527 505.4 483.6 466.5 444.9 432 431 432.1 437 443.1 446.3 450.2 455.2 457.5 465.2 467.4 466.2 465.7 464.8 459.5 451 449.9 440.6 434.8 437.6 423.1 405.9 397.7 393.9 387.4 374
234.9 235 235.7 244.3 253.2 265.3 280.2 298.2 319.8 341 365.1 390.5 418.2 447 478.7 501.1 519.6 543.1 574.1 612.3 646.5 673.1 689.1 695.4 697.1 695.3 692.5 687.5 681.7 674.2 667.1 656.2 642.9 619.4 599.2 596.1 610.6 617.3 618.4 615.5 609.7 601.7 589.8 575.6 564.4 550.8 532.2 510.4 482 457.1 449.5 454 457.5 457.3 456.3 458.3 466.8 473.1 479.7 486.2 489.4 491.1 491.6 490.1 487.3 487.7 478.7 484.7 482.8 475.5 465.7 458.3 448 434 424.4 416.6 403.7 394.3
235.8 235.9 237 241.9 251.7 264.5 281.8 296.8 316.8 338.3 362 387.3 412.7 440.4 472.7 498.3 518.5 545.1 581.2 621.8 655.5 680.6 694.7 699.9 700.5 697.9 693.7 688 681 673.1 664.9 654 642.5 630 611.8 587.9 602.5 608.4 609.8 608 603.4 595.9 583.6 567.4 552.9 540.4 520.9 499.5 471.5 468.5 478.2 481.3 482.2 484.5 481.1 486.1 496.6 502.7 507.7 512.8 514.5 514.6 513 510 510 510.8 502 509.2 512.8 507 494.2 486.8 471.4 465.4 447 435.5 425 413.8
240.4 237.3 238 240.8 251.8 264.9 280.5 295.3 314.3 335.3 358.6 383.5 411.7 440.4 468.6 493.4 518.4 547.7 586 624.6 659.1 684.4 697.9 703.4 702.2 699.3 692.4 686.4 679.1 670.1 661.3 651.4 640.5 630.7 616.4 589.1 595.6 600.2 602.5 601.6 598.2 590.1 577.2 561.3 545.1 528.2 505 483.9 477 497.4 505.1 509.9 512.3 512.8 509.4 513.2 520.6 526.2 529.6 536.5 540 539.3 539.9 540.7 537.2 528.9 522.1 526 527.5 527.7 522.7 514.9 498.6 484.9 475.1 463.9 453.2 436
247 239.2 239.1 239.6 252.7 265.5 280.1 294.7 313.6 333.9 356.5 381.2 408.4 434.2 461.2 486.8 515.8 550.5 588.7 628.7 665.9 689.3 701.9 705.9 704.3 699.7 692.7 684.9 676.3 667.3 657.7 646.5 637.9 627.9 617.1 595.6 586.7 593.6 594.9 595 592.4 584.5 571.8 557.5 533.8 509.2 487.8 491.2 509.8 523.6 533.8 538.8 541.2 544.1 540.2 537.9 546.1 552 555.9 558.5 556.2 555.1 555 552.3 547.9 535.9 533.6 539.7 537.4 534.4 530.3 526.1 514.6 502.6 495 481.9 466.2 452.2
250.8 240.6 240.4 241.7 253 265.4 279.1 293.8 311.2 330.6 352.9 376.7 400.9 427 456 483.6 515.5 549.5 588.2 630.7 669.4 692.8 704 707.9 705.3 698.3 691 683.2 673.9 664 652.3 639.9 630.8 620.6 612.6 599.1 577.7 587.9 586.4 586.2 587.5 576.7 567.4 553.9 530.8 502.6 502.1 517.8 529.9 543.5 553.3 559.5 561.7 563.7 563 559.9 569.6 575.4 576.7 574 569.6 566.5 563.8 558.3 553.5 544.4 547.7 548.7 545.5 541.5 537.4 529.9 520.3 511.8 503.7 491 476.7 459.8
254 242.6 242 243.5 250.4 265.3 279.6 294.3 309.6 328.7 351.1 375.3 398.8 426.7 452.9 482.1 514.6 547.6 589.9 631.8 671.5 694.4 707 708.9 704.9 697.3 689.4 680.5 670.4 657.6 642.3 624 609 600.3 593.9 581.1 574.7 582.8 579.4 577.4 577.5 572.2 567.4 556.2 539.1 506.8 521.5 536 542.7 556.5 567 572.9 577.3 580.6 581.1 581.3 586.1 590.3 590.4 584.7 579.9 574.7 570.7 567.1 559.2 557.3 556.6 554.8 550.9 546.4 542.5 532.8 526 519.2 510.5 498 482.9 465.2
262.6 245.3 243.3 247.1 254.1 265.2 278.3 293 309.3 327.4 349.5 373.8 399.6 426.7 454.4 482.8 514 547.7 587 628.7 668.2 693.3 706.5 708.9 704 697.1 689 678.3 665.1 644.2 624.5 611.3 616.1 616.5 609.8 598 570.9 577.5 575.5 571.6 570.3 569.5 566.2 556.8 543.3 515.6 537.9 552.6 557.8 567.9 578 588 594.5 597.2 597.2 597.9 600.5 601.4 599.6 594.5 587.7 582.2 576.2 571.7 567.1 565.5 563.2 560.2 557.5 552.1 546.4 538.8 532.7 524.4 514.1 500.6 485.4 471.1
267.6 251.2 245 250 257.2 265.5 276.9 290.8 307.8 326.4 349.3 373 399.1 426.6 455 486.2 519.7 552.5 585.9 624.9 664.3 693 706.8 708.7 703.6 696.9 688.2 676.8 663.4 637.3 627.4 631.9 629.5 623.1 614.6 603.9 587 566.9 563.6 560.4 561.8 563.9 561.2 557.6 549.1 525.3 549.4 563.3 573.1 576.2 590.9 601.7 610.4 614 613.6 612.9 613.4 611.1 606.8 601.9 593.6 585.7 581 576.2 575.4 574.3 570.5 567.6 563.4 558.8 552.7 547.1 540.9 530.8 517.6 504.5 491.4 476.8
274.3 257.5 246.8 250.7 258.7 267 278.1 290.6 306.4 325 348.6 374.1 401.7 429.7 457.9 487.6 520.2 552.6 586.8 624.3 661 695 710.5 708.2 702.3 696.1 687.2 678 666.8 642.8 645.2 639.5 631.4 624.2 615.3 602.7 582.3 586.3 582.2 575 565.7 555.6 557.3 557.3 547.7 537.1 558.6 573.9 586.2 592.1 598.6 613.6 623.9 628.3 628.7 626.8 624 619 613.2 607.7 598.4 591.9 584.9 583.6 582.4 579.9 577.7 572.9 568.8 561.8 557.2 551.4 542.3 531.4 520.4 505.9 501.3 484.6
279.8 260.7 249.3 253.1 260.1 269.8 280.2 293.2 307.3 324.6 350.1 376.4 404.5 431.2 461.9 492.6 524.4 551.6 591.3 632.1 669.6 698.8 708.5 705.3 701.3 695 687.8 678.1 668.3 659 650.3 640.6 631.7 623.6 612.8 593.2 597 592.4 586.3 576.4 564.6 555 551.4 551.8 548.7 555.8 567.6 584.1 596.8 606.5 614.7 621.8 634.4 638.2 640 636.8 632.5 626.8 619.3 611 603.3 597.5 591.9 589.1 587.8 585.9 581.9 575.4 571.9 563.7 556.8 546.5 535.5 526.6 517.4 506 502 479.4
280.9 260 249.9 252.8 260.4 278.2 288.2 298.6 312.3 329.8 349.2 374.8 401.2 427.9 459 489.3 515.5 555.5 593.6 631.4 666.2 692.6 703.9 702.9 699.6 694.1 687.7 679.2 669.3 660.6 651.9 641.1 627.5 615.9 605.7 607.9 602.2 594.8 583.5 558.5 557.5 561 564.2 567.5 571.7 576.6 571.7 592.5 606.9 616.8 625.1 633.4 640.5 644.7 646.4 643.4 638.2 632.3 624.6 614.7 608.4 604.1 599.7 595.2 592.8 589 583.7 575.9 568.9 559 549.2 535.6 522.4 508.1 500.1 497.9 487.9 474
284.7 263 252.2 253.5 259.6 276.1 291.9 302.6 315.7 330.4 354.2 380.4 405.4 424.9 456.2 482 518.1 556.2 592.4 630.6 666.6 691.6 701.1 701.9 699.1 693.4 688.2 679.9 671.8 662.6 653 642.9 635.3 627.3 618.9 610.2 602.9 592.2 565.7 562.1 566.8 572.7 578.6 584 589.8 596.2 599 598.9 616.9 626.7 634.8 642.6 646.9 650.1 651.4 647.9 643.1 636.3 627.6 619 613.3 609.4 603.2 598.2 594.2 590.4 582.5 573.1 563.3 546.2 529.2 515.8 503.9 489.8 475.1 470 466 463.6
289.2 265.8 254 260.6 274.1 283.7 299.7 316.2 329.4 342.1 361.7 387.1 410.4 436 465.4 493.7 521.5 554.5 595.1 632.8 670.5 692.7 700.5 700.6 698.2 694.7 689.4 681.1 671.9 662.3 653.9 645.8 637 628.3 619.2 609.9 598.5 581.1 564.4 567.6 575.8 583 589.7 596.2 604.5 611.2 618 609.9 626.4 637.5 644.5 650.3 653.6 656.3 657.1 652.5 647.3 638.5 629.6 623.5 619 613.1 606.9 601 596.4 590.6 580.6 565.9 541.4 516.5 498.6 486.3 475.9 465.4 456 445.4 438.8 432
291.6 267.1 255.9 266.1 281 291.4 299.9 312.6 332.1 351.1 370 388.9 409.1 434.3 459.8 487.1 520.6 559.6 598.1 636.7 670.6 694.2 700.4 700.3 699.5 695.6 689.3 682.5 674.4 663.9 656.2 647.4 637.9 628.1 618.9 607.1 592.1 571.1 568.9 576.3 585.3 593.3 600.6 608.9 617.7 624.8 630.8 624.8 638.7 645.6 652.2 657 660.1 661.6 660.2 656.1 650.2 641.5 633.2 628.4 623.2 616.8 610.8 603.7 596.2 589 574.3 539.1 515 489.1 469.1 457.6 444.5 433.1 428.9 423.8 412.5 402.9
293.9 269.7 257.6 268.2 279 290 299.9 312.6 332.6 354.1 377.7 395.6 413.6 436.5 462.4 490.3 520.3 554 592.8 633.6 674.9 696 701.9 701.5 701 697.2 690.9 683.4 674.8 664.5 656.8 647.8 638.3 627.5 618 603.9 586.3 570.6 575.8 585.8 594.3 602.2 610.5 620 629.8 637.8 641.5 642.3 645.9 651.2 657.7 662.5 664.7 664.9 662.8 658.4 652.6 644.2 636.4 632.2 626.1 619.8 612 605 596.6 587.4 555.5 522 495.7 471.2 450.9 436.2 419.8 407.2 401 396.4 386.8 377.9
294.4 271 259.8 266.5 275 288 300.2 313.3 337.5 357.9 379 396.1 417.2 442.6 470.7 501.5 533.2 562.7 596.2 640.5 681.5 698.2 704.2 703.5 702.3 698.2 691.3 683.3 675.4 665.3 657.2 647.5 638.8 627.5 614.8 597.8 582.1 576.3 584.5 595.7 603.6 612.2 623 632.7 641.3 648.5 651 651 653.6 657.3 661.1 666 668.1 667.5 664.8 660.6 654.3 647.8 640.6 635 629.7 621.5 614.3 607.3 595.5 581.1 544.6 510.4 482.8 459.9 437.1 417.8 403.8 390.2 380.2 372.7 366.3 354.6
296 272.2 262 264.7 274.7 283.5 296.2 317.7 336.6 361 385.7 404.3 425.3 455.1 485.3 516 552.8 589.4 616.7 653.6 684.4 702.1 707.2 705.3 703 698.7 691.2 683.3 675.2 666.4 656.5 647.4 637.4 624.5 609 597.5 582.6 583.3 594.6 604.8 611.8 624.5 635.9 643.7 652.1 656.5 658 659.3 661.6 663.6 666.3 669 670.1 669.4 666.4 660.5 655 649.5 643.7 638.7 632.1 624.8 616.9 606.9 595.4 576 541.9 502.3 475.1 446.9 427.1 409.8 390.5 375.3 363.1 354.3 345.4 335.2
