data/340000-660000.asc
ncols 200
nrows 200
xllcorner 340000
yllcorner 660000
cellsize 50
[rows 140 to 174 of 200, columns 0 to 77 of 200]
183.4 184.9 186.9 187.6 188.2 188.5 189.1 192.2 197.7 197.9 197.2 201.7 204 205.6 207.5 209.6 209 211.2 211 209.6 211.4 212.1 210.7 210.9 211.2 212.6 214.8 214.8 213.3 214.1 216.5 219.8 222.6 225.5 225.7 225.1 217.4 209.9 204.1 201.4 200.9 200 198.9 197.5 196.5 192.7 193.1 194 191 190.2 192.6 195.6 191.2 189 188.1 187.2 184.7 179.6 179 182.8 182.6 183.3 183.6 183.7 184.1 185.7 186.2 186.5 184.4 180.3 174.9 167.7 159.9 149.9 150.5 149.3 150.2 177.9
184 187.7 189.4 189.6 189.7 189.9 190.7 193.6 196 198.2 199.6 201.5 203.8 205.4 207.1 209.7 208.6 207.8 209.2 210.8 212.8 214.6 213.5 213.7 214.9 213.8 213.6 214.8 214.8 215.6 218.4 221.3 224.1 225.7 225.2 219.4 212.2 205.2 202.3 201 201 200.1 198.6 195.8 194.6 194.1 194.8 197.1 193.8 193.1 194.3 195.8 195.9 190.4 189.2 187 185.3 178.4 180.1 182.3 182.7 184 184.3 184.3 184.5 185 185 184.2 183.3 180.9 176.5 169.1 159.4 149.7 150.2 152.4 164.8 181
184.7 189.9 191.4 191.7 191.8 190.5 192 194.8 196.8 199.3 201 201.2 205.1 205.6 205.8 205.7 204.8 206.1 208.1 210.3 214.1 215.2 213.8 210.3 209.2 210.4 211.4 212.8 214.3 217 219.6 221.6 221.7 222.6 220.1 216 208.7 203.8 201.7 201.6 201.3 200.1 198.8 195.4 193.5 193.3 193.2 196.7 195.3 192.6 192.1 194.4 195.9 193.9 190 187.9 182.7 180.5 180.8 181.7 183.2 184.6 184.6 184.4 184.7 184.8 183.8 182.9 182 181.3 178.4 170.7 159.5 152.1 150.8 155.1 181.6 184.4
185.3 190.8 191.6 191.9 191.9 190.8 191.2 193.6 195 198.8 201.1 201.7 203.6 204.8 203.4 203.6 203.7 205.6 209.1 211.8 215 214.9 208.6 204.9 206.5 208.9 211.4 213.1 214.6 219.2 220.9 221.4 220.4 219.6 216.5 211 207 203.9 203.7 203.5 202.5 201.5 199.7 196.3 191.6 189.9 188.6 189.5 188.6 187.1 185.4 187.8 191.2 190.8 191.1 189.3 180.3 181.5 182.6 181.2 182.8 184.5 184.8 184.9 185.9 184.7 183.5 182.4 181.3 180.3 178.9 171.2 160.4 153.8 154.1 161.5 176.1 188.5
184.9 186.9 188.6 188.5 189.1 188.4 189.1 190.1 195.7 196.8 200.3 201.3 201.6 208.5 203.7 202.5 201.9 203.3 205 207.4 213.1 206.7 204 205.2 205.6 208.7 211.4 213.1 214.8 219.9 224.6 221.8 220.9 219.4 215.6 210.1 207 204.1 204 204.5 203.7 202.8 200.8 196.5 191.8 187.4 185.3 184.9 185.1 184.4 183.9 184.1 186.3 188.5 190.1 187.4 179.8 182.4 183 182.2 182.3 184 184.6 184.8 185.6 184.5 183.5 182.1 181.2 181.5 180.8 175.6 167.5 153 155.5 166.4 180.6 192.5
183.9 184.6 184.2 184.9 185.9 187.2 188.2 189.1 190.7 193.4 194.9 196.2 197 199 198.5 200.1 201.1 199.6 200.5 202.1 204 203.9 204.4 206.3 208.7 210.4 211.3 212.8 214.3 218.1 222.8 220.8 220.7 218.1 214.5 212.2 209.1 204.6 205.1 205.9 205.2 203.8 201.4 197 191.3 185.9 186.4 186.1 185.2 184.4 183.6 182.8 183.8 184.3 184.4 181.2 180.2 184.3 184.2 184.8 186.1 183.6 184.3 184.9 185.4 184.7 183.7 182.3 182.1 183.7 185.8 180.2 174.5 161.8 153.9 162.5 180.1 191.3
186.7 185.8 184.8 184.1 184.7 188.1 189.1 189.1 189.1 187.9 189.6 191.3 192.5 193 194.5 194.9 195.2 196.6 197.2 198.3 200.4 202.4 205.1 205.3 207.2 207.9 209.4 211.3 213.3 215.2 218.6 220.5 220.2 218 214.6 215.4 209.6 205.2 205.1 206.7 205.8 203.6 200.1 195.1 187.7 185.6 187 187.6 186.8 186 184.4 183.3 183.3 182.9 180.2 182.3 187.2 191 190.2 189.8 191 189.2 188.6 188.3 187 185.8 184.4 183 184.1 186.6 187.6 184 178 168.7 156.4 154.8 172.2 189.8
189.7 188.9 188.3 187 187 186.7 188.7 189 188.7 189.9 191.2 190.9 192.1 193.3 193.2 193.7 194.2 195.4 196.8 196.7 198.3 201.4 202.2 204.4 206.1 206.9 208.9 211 213.1 213.8 216.6 219.5 219.6 218.5 215.7 214.4 210.2 207 205.4 206.7 206 201.5 196.7 186.1 184.6 184.6 186.8 189.2 188 185.8 183.7 183.7 184.2 182.8 184.3 184.9 188.6 196.8 199.5 200.9 199.6 198.4 195.6 193.4 189.1 187 186.3 187.1 188.9 190.7 188.4 183.1 177.8 171.3 158.6 154.8 158.9 178
192.6 191.9 191.4 192 192.1 190.3 191 192 192.9 193.7 194.7 194.1 193.8 194 196.2 196.4 198.2 201.5 201.6 200.2 196.6 197.5 201 204.8 206 206.6 208.6 210.7 211.4 212.5 215.5 219.3 220.8 220.4 217.1 215.8 212.6 208.9 209 206.7 204.4 197.4 187.9 184.7 184.6 185.5 187.1 189 189.6 186.3 185.1 185.7 185.7 188.2 192.1 193.5 191 199.8 205.4 207.6 210.7 209.1 201.1 195.6 190.8 188.4 187.5 188 186.4 190.1 186.8 185.7 182.5 176.1 170.1 159.8 158.2 161.2
195.4 195 196.1 196.9 195.9 193.4 194.6 195.9 196.1 196.9 198.2 198.4 199.8 199.6 199.1 201 201 201.9 202.8 202.7 201.9 196.5 198.7 202.2 205.4 206.2 207.8 208.2 208.9 211.6 216.5 220.1 220.8 220.4 218.8 216.1 212.9 210 210.3 206.5 200.3 190.5 185.2 184.5 185.5 186.4 188.1 190.2 191.7 191 191.8 191.5 188.7 195.2 200.8 201.2 194.1 199.3 205.1 210.5 210.4 205.8 197.6 193.4 190.3 187.5 184.3 184.3 184.3 184.3 187.2 189.9 186.6 177.8 171.2 165.5 159.2 158.5
197 198.6 201.6 200.9 198.3 196.7 198.1 199.5 199.3 199.7 201.1 200.9 200.8 201.3 202.1 201.4 201.7 202 202.2 203.4 208.5 200.7 195.9 197.2 199.8 204.4 205.6 206.8 208.2 209.6 215.2 220.7 221.2 220.2 218.3 215.4 212.4 210.5 211 206.1 196.3 188.4 185.1 184.9 186.1 187.3 189.7 192.3 193.4 195.1 196.8 198.4 194.5 195.1 200.9 201.4 196.3 198.5 203.6 207.1 204.1 201.4 197.8 194.4 192.6 189.1 186 184.9 184.3 185 189.9 192 188.7 180.6 172.3 164.3 159.1 164.5
198.6 202.6 202.1 201.9 200.4 199.5 199.8 201 200.7 200.5 202.1 202.3 202.1 203.3 202.3 201.8 201.6 201.8 201.7 202.7 203.9 202.1 196.7 192.3 192.2 196.9 202.5 206.1 207.7 209.7 213 220.1 223.7 221.3 217.5 214.4 211.4 210.9 211 203.9 194.1 187.7 184.5 185 186.7 189.7 192.6 194.5 196.4 198.2 199.7 200.6 198.9 197.9 200.4 201.2 200.4 198.7 201.4 203 203.4 200.6 198.5 196.9 195 192.7 189.5 188 189 190.9 194.5 194.5 190 177.2 158.2 159.7 159 174.1
200.2 202.6 201.5 200.2 199.3 200.6 201.8 202.3 203.1 202.1 202.9 204.3 204.3 203.9 202.6 202 200.9 201.4 201.3 201.4 201.5 200.3 198.6 195.1 191.5 191.1 196.3 204.5 206 207.7 211.8 219.8 225.8 223.7 219 214.6 209.4 211 211 203.1 191 186.4 186.1 186.2 189 192.9 196.1 198.5 199.9 201.2 202.5 202.3 200.3 199.8 201.3 200.8 201.4 200.7 200.3 201 202.2 201 200.3 200.8 201 199 195.1 195.3 195.3 197.3 199.1 196.5 185 166.9 160.2 160.7 159.6 171.2
201.8 202.5 201.3 201.3 202.1 203.5 204.6 206.2 208.3 207.2 208.9 209 208.9 208.8 207.5 205.6 204.5 201.4 201.2 199.6 199.1 199.5 199.5 199.7 195.3 191.3 191.5 195 201.9 205.8 210.2 217.7 221.3 223.2 221.7 215.6 209.8 211 208.1 200 189.8 188.3 187.5 188 191.9 197.5 200.2 201.2 201.6 202.4 203.2 202.5 201.1 201.9 202.7 203.3 204 203.5 202.2 202.7 202.3 202.6 202.3 202.5 200.9 199.7 200.4 200.7 199.5 201.9 202.9 195 175.5 162.1 163.2 168 163.2 169.2
203.4 203.9 204.1 205.1 206.3 207.2 208.5 210.6 212.8 213.4 213.2 213.7 214.4 214.2 212.9 211.1 208.5 205.5 204 202.7 201.6 201.8 202.2 201.9 200.2 198.6 191.2 191.5 191.4 197.5 204 214.9 219.1 221 221 216.4 206.7 204.6 202.7 197.6 192.9 189.3 187.8 189.1 195.8 200 202.2 202.5 202.9 203.4 202.7 202 201.9 203.3 204.2 204.2 205.3 204.2 202.5 202.8 203.3 203.5 203.7 203.4 202.2 201 201.2 201 201 201.5 202.7 187.9 165.8 163.7 169.8 177.6 169.8 164.5
207.9 208.6 210.3 211.5 212.7 213.1 212.4 213.8 215.9 216.9 217 217 217.2 217.1 216.6 215.7 213.3 210.9 209.6 206.5 204.6 203.6 204 205.2 203.5 201.6 198.5 193.9 191.6 191.2 196.2 205.1 216.6 215.2 215.5 211 205.4 202.1 199.6 197 195 190.9 188.3 190.4 197 203.1 203.1 203.8 204.1 203 202.1 202 202.5 203.9 204.6 204.5 205.3 204.1 203.4 203.8 204.3 204.5 204.3 204 203.7 203.1 201.7 197.9 198.4 191.5 182.8 175.7 165.8 164.9 187.3 185.3 181.8 168.3
213.1 214.3 216.7 217.9 219.1 219 218.9 219.8 220 220.3 219.7 219.2 218.9 218.1 217.4 217 214.9 214.3 212.5 209.9 207.4 207.8 209.3 209 207.5 204.9 202 199 193.9 191.4 191 193.8 201.5 202.7 202.1 201.5 201.7 199.8 198.3 195.9 193.8 190.4 189 192.4 201.8 204.6 203.5 204.2 204.3 202.7 202 202.5 203 203.7 205.3 204.9 205.2 204.9 205.1 205.2 205.4 205.1 204.6 203.6 202.5 201.2 196.9 191.1 184.7 180.4 171.8 167.7 164.6 172.1 193.3 192.5 189.7 181.7
219.3 220.7 223 224.2 225.5 225.4 225.3 224.3 223.4 223.2 222.4 221.4 220.7 219.9 219.2 219 216 215.9 214.7 212.9 211.6 211.7 212.1 212.1 210.3 207.8 205.9 204.3 199.7 194.2 192.2 192.6 191.1 195 196.6 197.2 198.5 197.5 196.9 194.5 192.7 189 187.8 193.7 204.7 205.4 204.1 204.3 203.4 202.6 202.5 202.8 203.3 203.9 205.9 206.3 206.4 206.4 206.6 206.3 205.9 205.4 206.5 205.5 202.3 199.7 198.9 198.5 187.3 178.6 167.4 164.6 167.8 189 196 195.1 193.8 190.5
225.6 227.2 229.2 228.4 227.6 227.7 227.7 226.5 226.3 225.4 224.3 223.4 223.6 222 221.3 220.2 219.3 217 215.1 214.9 215 214.9 214.7 213.3 211.4 211 210.5 211 203.7 194.7 197 193.8 190.5 190.2 191.3 192.6 194 195.3 195.2 192 188.6 188.2 189.2 194.8 204.3 205.6 205 204.1 203.5 203.1 203.1 203.6 203.8 204.6 206.1 207.1 205.8 207.6 207.1 206.6 206.2 205.8 206.7 206.7 204.8 201.5 201.4 195.3 182.6 173.8 167.9 164.2 178 195.1 198.5 196.9 194.8 190.8
231.3 233.3 230.9 230.3 229.1 229.7 229.9 229 228.1 227.3 226.2 224.9 223.5 223 222.6 221.4 219.9 218.1 216.4 216.8 217.4 216.7 216.3 214.5 213.6 213.7 211.3 211.2 204.4 195.5 201.4 199.1 194.2 189.9 189.8 189.6 189.6 190.1 189.6 188.8 188.6 188.9 189.9 197.8 205 205.5 205.8 204 204 203.7 204.2 205 204.7 205.5 206.8 207.8 206.3 206.6 207.1 206.9 206.3 205.5 205.3 204.9 203.3 201.7 199.3 188.9 176 168.9 167.9 166.2 192.6 199.3 199.9 197.3 195.7 193
236.3 236.8 234.4 232.5 231.5 231.7 232.1 232.6 231.7 229.1 227.9 226.5 225.4 224.3 223.9 222.4 220.2 219.6 219.9 218.8 219.4 218.2 216.9 215.8 216 213.8 208.5 205.6 198.5 200.9 205.1 203.2 199 193.5 190 189.7 191.2 191.7 190.2 189.8 190 190.1 191 194.3 204.9 204.8 204 204.2 204.2 205.1 206.6 206.5 206.5 207.9 208.9 208.2 206.7 206.2 207 206.9 205.9 205.3 203.1 202.4 201.4 197 191.6 182.9 168.6 167.9 183 193 199.4 199.5 199.8 198.1 198.8 197.2
239 238.7 236 234.4 236 236.7 237.5 237.1 236.3 232.4 229.6 228.5 227.4 226.6 225.6 225.1 224.1 224.3 223.7 222.3 221.1 219.1 217.6 216.7 216.1 209.4 203.9 201.5 199.2 204.6 209 210.1 208 199.3 194.2 193.2 196.1 195 193.2 191.8 191.2 190.9 191.8 193.2 201.3 205 205.2 206.2 207.3 208.8 208.8 208.7 209.4 210.1 209.2 208 206.6 206.8 208.5 207 205.4 205.7 203.6 201.2 200.5 195.2 183 170.4 167.9 176.8 193.2 202.3 201.8 201.3 201.2 201.8 202.4 201.4
238.8 237.8 235.6 237.7 239.9 241.7 242.7 243.5 241.1 236.4 232.6 232 231.2 230.4 228.7 228.8 228.8 228.1 226.4 224.4 222.4 220.1 218.1 216.1 211.8 204.3 202.4 200.4 201.7 208.5 214.2 213.4 213.2 207.9 201.5 198.1 196.8 195.4 194.2 193.2 192.6 192 192.5 194.1 195.7 200.4 202.5 206.1 209.3 211.5 211.6 211.2 210 209.9 208.9 207.8 206.6 207 207.9 206.8 205.3 205.1 203.8 203.3 203.2 194.7 173.9 168.6 174.2 183.6 194.6 203 204.3 204.8 205 205.4 205.6 205.2
239.3 241.7 239.7 241.2 243.5 245 245.3 245.9 243.7 240 236.3 235.3 235 234.1 231.9 231.9 230.6 228.7 227.3 226 223.7 220.6 217.9 215.6 209.8 204.6 202.3 200 206.2 214.1 215.4 214.2 213 212.9 210.6 206.3 200.5 197.3 195.9 194.9 194 193.5 195.7 202.5 201.7 202.1 201.7 205.1 209.1 211.2 212.6 210 209.6 209.6 208.7 207.5 206.4 206.6 207 206.5 205.4 201.6 201.1 201 191.4 178.6 171.4 174.1 180.8 188.7 198.1 204.3 207.5 208.6 208.8 209.1 208.5 207.5
245 247.6 245.2 244.9 245.1 246.3 248 250 246.7 242.5 239.1 238 238.6 236.9 234.5 233.4 230.6 228.9 227.7 226.6 223.7 220.7 217.8 213.6 207.9 205.1 202.6 199.5 214.1 214.2 215.1 214 212.8 213.2 213.5 212.5 211.6 204.3 201.8 199.2 199.4 199.4 202.1 205.8 207.2 207.8 205.9 204.3 207.5 209.6 209.5 208.7 208.1 208.3 208.1 206.6 205.6 204.6 205.8 202.4 197.8 191.4 187.4 186.2 177.9 169.4 174.5 180.5 191.4 196 201.1 206.2 209.1 212.5 212.3 211.7 211 210.1
248.9 251.3 250.5 246.7 247.2 249.7 248.6 249.2 245.4 243 242.7 242.6 240.9 239.7 235.6 233.8 230.2 229 228.2 227.3 224.1 220.3 214.9 208.9 206.9 204.5 202.6 204.5 215.5 215.5 214.5 213.5 212.6 213.6 211 210.2 209.1 206.9 208.1 208.7 206.2 206.8 207 208.4 209.3 209.4 208 206.6 207.1 207.7 207.9 207.7 208 208.4 208.6 207.6 206 199.8 198.3 193.8 188.2 180.2 176.1 175.2 174.9 176.4 178.7 190 198.3 202.2 206.6 210.1 213.4 215.2 215.9 214.2 213.6 213
250.2 253.2 251.4 249.8 249.1 248.2 246.4 245.4 243.1 245 245.8 243.1 239.8 237.3 234.5 231.8 229.3 228.1 227.3 226.8 223.8 217.6 211.3 207.4 205.5 203.8 202.2 205.6 216.6 216.3 216.6 216.6 215.5 214.4 211.9 209.7 210.6 211.9 212.8 212.9 211.2 209.4 209.8 209.8 210.8 210.2 208.4 206.9 207.9 209 209.5 208.6 208.5 209.1 207.5 206.7 203.9 196.2 184.5 178.6 178.7 178.9 179.5 176.7 180.5 188.7 188.7 194.5 201.1 208.1 212 214 217.7 218.8 219.4 218.3 215.9 215.7
256 256 255.1 253.3 254 251.8 248.3 245.9 245.2 245.7 244.7 242.2 239.4 236.2 234.2 231.5 228.3 226.5 224.3 222.2 218.7 212 207.8 205.7 204 203.7 202.9 206.9 219.4 222.4 222 219.8 216.6 214 213 212 212.6 215.9 214.7 213.3 211.9 210.6 210.6 210.6 210.5 210.3 208.7 207.4 207.6 208.5 209 209.1 209.1 208.9 206.7 205.1 198.9 191.3 181.6 181.2 181.2 185.3 187 189.6 194.2 197.4 197.4 196.7 205.9 211.3 213.2 215.2 222.1 222.2 221.9 221.4 219.9 218.2
259.4 258.7 257.4 257.4 259.2 256.1 252.9 248.8 248.1 247.2 245.6 242.5 238.9 234.8 232.6 229.7 226.4 222 218.5 216.1 212.3 206.1 204.8 204.3 204.2 204.1 205.3 214.7 226.1 228.2 226.3 223 218.4 216.2 215.1 214 213.2 215.2 215.5 214.1 212.7 211.8 210.8 210.9 210.5 209.8 208.7 207.9 207.4 207.9 209.1 209.8 208.7 208.3 205.2 198.5 192 185.9 182.4 183.6 188.9 193.7 194.4 201.4 206 207 201.6 198.4 209.3 212.7 215 217.7 222.2 223.7 222 221.2 220.4 219.1
262.7 261.6 259.6 259 259.8 260.4 258.1 253.9 253.4 251 246.2 240.1 236.3 233 228.7 223.2 220.1 215.4 212.2 209.4 205 205 204.5 206.2 208.3 213.7 218.8 225.8 230.8 231.9 229.3 224.7 218.9 218.4 217.5 216.4 214.9 216.4 216.1 214.8 213.5 212.7 211.9 211.1 210.6 210.2 209.1 208.3 207.7 207.4 209.8 210.6 209.8 206.9 201.9 194.3 188.5 185.3 183.3 191.4 198.1 204 204.7 206.1 213.3 214.3 213.2 199.1 214.1 215.5 216.8 220.3 223.4 223.4 221.4 220.6 219.8 219.9
264.7 263.8 262.1 264.1 263.2 260.9 258.5 256 254.4 248.1 243.1 236.9 230.6 223.1 217.5 213.5 210.4 208.9 206.1 204.8 204.3 208.1 211.7 215.9 219.6 220.9 226.3 231.4 234.9 235.7 230.7 225.4 220.5 220.1 219.9 218.4 216.7 217.4 217 215.6 214.1 213.3 212.3 211 209.9 209.5 209.7 208.9 208 207.2 209.8 210.9 209.3 203.2 197.8 186.6 183.7 185.3 193.2 202.6 210.5 214.6 212.9 212.4 215.9 217.3 215.4 207.1 214.5 217.1 216.9 219.5 221.9 221.7 220.7 219.9 219.4 217.8
265.9 266.2 267 265.8 261 257.2 253.8 252.9 249.3 242.6 235.7 229 221.8 214.4 208.4 206.7 204.8 204.9 205 206.4 210.3 217.2 222.8 225.8 225.2 224.2 229.2 234.3 237.2 236.4 232.4 227.8 226 224.4 222.7 221.6 219.8 218.9 218.2 216.6 214.9 213.5 212.2 210.9 209.7 209.5 209.9 209.4 208.5 207.9 210.3 210.2 207.9 202.8 193.5 184.5 192.9 201.7 206.6 213.5 218.2 219.9 218.4 215.2 214.6 216.8 216.2 217.2 203.7 210.8 214.8 217.4 219.5 219.4 218.7 218.1 217.7 216.9
268.2 267.6 266.2 263.2 257.8 253.9 252.7 251.1 246.5 239 230.4 223.1 215.6 209 207.8 207.7 208.3 209.1 212 214.1 218.4 225.1 227.1 227.5 227.2 227.3 231.7 235.9 240.1 237.3 232.9 230.5 228.8 226.9 225.7 223.1 221.4 220.5 220 218.4 215.9 213.5 212.1 210.9 209.7 209 208.3 208.6 209.2 209.8 210.9 209 206.4 198.9 188.9 185.1 204.6 208.6 213.5 219 222.7 223.1 221.4 218.8 214.3 215.5 216.6 217.4 218.4 212 208.7 210.3 219.6 218.9 219.4 219.3 219.8 221.1
267.5 265.8 262.8 259.5 256.6 253.7 252.2 249.9 244.7 235.1 224.3 216.3 211.7 209 210.1 211.9 214.8 218.3 222.7 226.2 226.8 228.1 228.5 228.8 229.3 231 233.2 234.5 235.7 236 232.6 231.3 231.2 229.1 226.6 224.1 222.3 221.7 221.6 219.3 216.2 214.3 212.2 211 210.1 209.1 208.6 208.7 209.6 209.9 210.1 209 207.3 196.3 188.3 188.5 207.9 212.3 217 222.4 226 226 224.8 222.7 222.3 220.4 219.4 220.6 220.3 220.1 218.9 216.8 222.4 223.8 223.2 224.6 225 225.7
265.5 263.3 260.8 258.6 255.8 253.2 250.2 246.1 238.7 229.5 216.2 208.7 210.4 213.8 220.1 223.1 227.5 231.7 232.5 232.9 231.8 229.6 229.7 229.3 230.7 232.2 233.8 234.4 234.5 233 232 231.1 230.7 229.4 226.9 224.4 223.2 221.8 221.4 218.7 216.9 215.5 213.5 211.7 210.8 209.8 209.1 209 209.7 209.9 209.6 209 208.2 198.2 188 189.6 204.7 216.6 219.5 224.2 228.6 228.8 228 227.7 227.9 226.7 225.2 223.8 223.8 223.8 224.4 222.5 225.4 226.2 226.7 227.1 227.7 228.2
