data/340000-480000.asc
ncols 200
nrows 200
xllcorner 340000
yllcorner 480000
cellsize 50
[rows 156 to 194 of 200, columns 88 to 175 of 200]
5.6 5.3 4.9 4.8 5 5.2 5.4 5.2 5.2 9.8 21.2 34.6 35.9 31.3 19.8 10.2 9.6 9.5 9.6 9.6 9.7 9.8 10.1 10 9.9 9.8 9.8 9.7 9.6 9.5 9.4 9.4 9.2 9 8.7 8.5 8.3 8 7.3 6.2 5.7 5.5 5.3 5.1 5 4.9 4.7 4.6 4.5 4.5 4.7 4.8 4.9 5 5.2 5.3 5.4 5.6 5.7 5.8 5.9 6 6.1 5.7 4.6 3.1 1.2 -0.7 -2.8 -2.8 -2.8 2.6 3.9 4 4.2 5.2 5.5 5.9 6.1 6 5.8 5.7 5.8 6.1 6.7 6 5.4 4.8
5.7 5.3 5 4.7 5 5.5 5.4 5 5.2 13.6 23.3 39.1 37.4 33.3 23.2 9.7 9.2 8.9 9 9.1 9.3 9.7 10.1 10 10 9.9 9.8 9.7 9.6 9.5 9.5 9.4 9.2 8.9 8.7 8.5 8.2 8 7.2 6 5.8 5.6 5.4 5.1 4.9 4.8 4.7 4.5 4.6 4.6 4.7 4.9 5 5.1 5.2 5.4 5.5 5.7 5.8 5.9 6.1 6.2 6.3 5.7 4.5 -2.8 -2.8 -2.8 -2.8 -2.8 -2.8 1.8 3.9 4 4.1 4.3 5.5 5.9 5.8 5.6 5.5 5.4 5.2 5.4 5.8 6.2 5.6 4.9
6.4 5.3 4.9 4.6 4.9 5.3 5.3 5.1 6.3 13.4 26.4 40.7 33.7 30.5 16.8 8.5 8.4 8.4 8.5 8.9 9.4 9.8 10.2 10.1 10 9.9 9.8 9.7 9.7 9.6 9.5 9.4 9.1 8.9 8.7 8.5 8.2 8 6.8 6.1 5.8 5.6 5.3 5 4.9 4.7 4.6 4.7 4.7 4.7 4.8 4.9 5.1 5.2 5.3 5.4 5.6 5.7 5.8 6 6.2 6.5 6.7 5.7 -2.8 -2.8 -2.8 -2.8 -2.8 -2.8 -2.8 1.1 3.8 4 4.1 4.2 5.6 5.6 5.5 5.3 5.2 5.1 4.9 4.8 4.9 6.5 5.8 5.1
7.2 6 5 4.7 4.2 5.1 5.5 5.5 5.3 9.5 23.2 32.2 28 25.3 14.9 6.9 7.1 8.4 8.8 9 9.4 9.8 10.2 10.1 10 9.9 9.9 9.8 9.7 9.5 9.4 9.1 8.9 8.6 8.4 8.2 7.9 7.5 6.3 6 5.8 5.5 5.2 5 4.8 4.7 4.8 4.8 4.9 4.9 4.9 5 5.1 5.3 5.4 5.5 5.6 5.7 5.8 5.9 6.1 6.3 6.6 5.4 -2.8 -2.8 -2.8 -2.8 -2.8 -2.8 -2.8 1.1 3.8 4 4.1 4.2 5.4 5.3 5.2 5 4.9 4.7 4.6 4.5 4.3 5.1 6.2 6
7.9 7 6.3 5.7 3.9 5.2 5.6 5.6 5.5 6.8 17.4 28.8 28.7 23.1 11.5 6 7.9 9.2 9.2 9.4 9.6 9.9 10.2 10.1 10 9.9 9.8 9.7 9.6 9.4 9.2 8.9 8.6 8.3 8.1 7.9 7.6 6.8 6.1 5.8 5.7 5.6 5.5 5.1 4.8 5 5 5 5 5 5 5.1 5.2 5.3 5.4 5.6 5.7 5.8 5.9 6 6.1 6.3 6.5 5.4 -2.8 -2.8 -2.8 -2.8 -2.8 -2.8 -2.8 1.3 3.8 4 4.1 4.2 5.5 5.3 5.1 5 4.8 4.7 4.5 4.4 4.3 4.5 5.2 6.8
8.3 7.7 6.9 6.2 5.5 5.3 5.7 5.6 5.9 6 6.4 19.2 22.8 20 11.2 5.6 9.4 9.9 9.6 9.8 10.2 10.2 10.3 10.1 9.9 9.8 9.7 9.6 9.4 9.2 9 8.7 8.4 8.1 7.8 7.6 7.3 6.4 6 5.6 5.4 5.4 5.3 5.2 3.2 5.1 5.1 5.1 5.1 5.1 5.1 5.1 5.3 5.4 5.5 5.6 5.7 5.8 5.9 6 6.1 6.2 6.4 5.4 -2.8 -2.8 -2.8 -2.8 -2.8 -2.8 -2.8 1.3 3.8 3.9 4.1 4.2 5.7 5.4 5.1 4.9 4.8 4.6 4.5 4.3 4.3 4.3 4.8 5.6
8.5 8 7.3 6.5 5.8 5.2 3.2 6 5.9 5.8 5.5 8.3 18.1 17.4 9.2 7.2 13.1 14.5 12.9 10.2 10.2 10.3 10.3 10.2 9.9 9.7 9.6 9.5 9.3 9 8.7 8.4 8.1 7.8 7.5 7.3 6.6 6.2 5.9 5.5 5.2 5.1 5 5 2.1 5.2 5.2 5.2 5.2 5.2 5.2 5.3 5.3 5.5 5.6 5.7 5.8 5.9 6 6.1 6.2 6.3 6.4 5.4 -2.8 -2.8 -2.8 -2.8 -2.8 -2.8 -1.1 1.4 3.8 3.9 4.1 4.2 5.6 5.6 5.3 5 4.7 4.5 4.4 4.3 4.3 4.3 5.9 5.8
8.7 8.2 7.6 6.8 5.7 5.5 5.4 6.2 6 5.7 5.4 5.3 9 14.3 6.5 11.9 20.7 17.6 11.6 10.2 10.3 10.5 10.3 10.2 10.1 9.8 9.5 9.3 9.1 8.8 8.5 8.2 7.9 7.6 7.3 7 6.5 6.1 5.7 5.3 4.9 4.9 4.8 4.9 2.3 5 5.2 5.3 5.4 5.4 5.4 5.4 5.4 5.5 5.7 5.8 5.9 5.9 6 6.1 6.2 6.2 6.2 5.4 -2.8 -2.8 -2.8 -2.8 -2.8 -2.8 -0.8 1.4 3.7 3.9 4 4.2 4.3 5.6 5.3 5.1 4.8 4.5 4.3 4.2 4.1 -2.8 4.6 5.4
8.9 8.4 7.9 6.8 5.7 5.7 5.6 5.4 5.9 5.7 5.6 5.4 5.2 5.6 8.2 19.7 26 20.6 12.4 10.6 10.5 10.5 10.4 10.3 10.3 9.9 9.5 8.8 8.7 8.5 8.3 8 7.7 7.4 7 6.7 6.4 6 5.6 5.2 4.8 4.7 4.7 4.7 4.7 4.8 4.9 5.1 5.3 5.4 5.5 5.5 5.5 5.6 5.7 5.8 5.9 6 6 6 6 6 6 5.4 -2.8 -2.8 -2.8 -2.8 -2.8 -2.8 -0.6 1.5 3.6 3.9 4 4.1 4.3 5.6 5.3 5 4.7 4.4 4.2 4 3.9 -2.8 4.7 5.6
9 8.5 8 6.9 5.8 5.6 5.5 5.6 5.9 5.7 5.8 5.6 5.3 5.1 8.7 22.8 33.4 23.1 13.1 11.7 10.6 10.7 10.8 10.9 10.5 9.7 8.6 8.1 8 7.8 7.7 7.6 7.3 6.9 6.4 6.3 6.3 6 5.6 5.1 4.7 4.6 4.7 3.9 4.8 4.9 5 5.1 5.2 5.3 5.4 5.5 5.6 5.7 5.8 5.8 5.8 5.8 5.9 5.9 5.9 5.9 5.9 5.3 -2.8 -2.8 -2.8 -2.8 -2.8 -2.8 -0.3 1.6 3.6 3.9 4 4.1 4.2 5.6 5.3 4.9 4.6 4.3 4.1 -2.8 -2.8 -2.8 4.7 5.5
9.1 8.6 8.1 7 5.8 5.5 5.5 5.5 5.9 6.2 6.1 5.7 5.4 5.2 7.3 21.9 29.4 23.1 15.5 15.2 11.6 11.3 11.5 11.5 10.3 8.5 7.9 7.5 7.3 7.1 7 7 6.7 6.2 5.8 5.9 5.9 5.9 5.6 5.2 4.7 4.7 4.8 4.7 4.9 5 5.1 5.2 5.3 5.4 5.4 5.5 5.6 5.7 5.7 5.7 5.7 5.7 5.7 5.7 5.7 5.7 5.7 5.2 -2.8 -2.8 -2.8 -2.8 -2.8 -1.8 0 1.8 3.7 3.9 4 4.1 4.2 5.9 5.6 5.3 4.9 4.5 -2.8 -2.8 4.3 4.3 4.8 5.3
9.2 8.7 8.1 7.2 6 5.6 5.6 5.6 5 6.7 6.2 5.8 5.5 5.5 5.6 15.7 20.5 21 19.4 18.9 15.3 13.3 13.9 14.4 13.3 10.4 7.9 6.9 6.6 6.5 6.5 6.3 6 5.6 5.4 5.4 5.4 5.5 5.5 5.2 4.8 4.5 3.6 4.9 4.9 5 5.1 5.2 5.3 5.4 5.5 5.6 5.7 5.8 5.7 5.6 5.5 5.5 5.5 5.5 5.5 5.5 5.6 5.4 -2.8 -2.8 -2.8 -2.8 -2.8 -1.4 0.4 2.1 3.8 3.9 4 4.1 4.2 6.1 5.9 5.6 5.3 -2.8 -2.8 4.3 4.3 4.2 4.1 4.6
9.4 8.8 8.2 7.4 6 5.9 5.9 5.9 5.9 6.3 6.3 5.8 5.6 5.6 5.8 13 18.3 17.3 27 21.8 19.8 18.1 21.1 19.6 20.6 13 9 7.2 6 6 5.9 5.6 5.4 5 4.9 5 5 5 5 5.1 4.8 4.5 4.8 4.9 4.9 5.1 5.2 5.3 5.4 5.5 5.5 5.6 5.7 5.9 5.9 5.6 5.5 5.4 5.4 5.4 5.4 5.4 7.4 -2.8 -2.8 -2.8 -2.8 -2.8 -2.8 -0.7 1 2.7 3.8 3.9 4 4.1 4.2 6.2 5 -2.8 -2.8 -2.8 -2.8 -2.8 -2.8 -2.8 -2.8 -2.8
9.4 8.8 8.2 7.2 6.1 6.1 6 5.9 5.8 3.7 5.6 5.6 5.6 6.6 8.5 12 10.7 15.4 28.2 22.2 22.1 23.3 24 20.3 23.5 15.5 9.3 7.2 5.7 5.4 5.2 4.9 4.7 4.4 4.5 4.5 4.6 4.6 4.6 4.6 4.7 4.4 4.4 5 5 5.1 5.2 5.3 5.4 5.5 5.6 5.7 5.8 5.9 6 5.8 5.6 5.4 5.4 5.3 5.2 5.4 4.7 -2.8 -2.8 -2.8 -2.8 -2.8 -1.6 0.1 1.7 3.4 3.8 3.9 4 4.1 4.2 6.2 4.7 -2.8 -2.8 -2.8 -2.8 5.4 5.2 5.2 6 -2.8
9.4 8.6 7.7 6.7 6 6 6 5.8 6 5.7 6 5.5 5.4 5.4 8.5 7.2 7 16 25.3 20.8 25.1 27.9 29.2 26.7 27.9 20.3 11.7 6.9 5.6 4.9 4.6 4.4 4.2 4.2 4.3 4.3 4.4 4.5 4.5 4.6 2.8 4.5 4.6 4.7 5.1 5.2 5.3 5.4 5.5 5.5 5.6 5.8 5.9 6 6 6 5.7 5.5 5.4 7.4 5.3 4.6 -2.8 -2.8 -2.8 -2.8 -2.8 -2.8 -0.8 0.8 2.4 3.8 3.8 3.9 4 4.1 4.2 6 4.6 -2.8 -2.8 -2.8 -2.8 7 6.7 6.8 5.6 4.6
8.9 8.1 7.3 6.2 5.9 5.9 5.9 5.9 5.8 4.2 6 5.3 5.4 5.8 5.9 6.5 7.1 16.9 21.1 19.5 21.7 26.1 30.5 33.4 31.4 27 13.6 6.2 5.2 4.4 4.2 4.2 4.2 4.2 4.2 4.4 4.5 4.6 4.6 4.7 4.5 4.6 4.7 4.8 4.9 5.2 5.3 5.4 5.5 5.6 5.7 5.8 5.9 6 6.1 6.1 5.9 5.6 6.3 5.3 4.7 -2.8 -2.8 -2.8 -2.8 -2.8 -2.8 -1.6 -0.1 1.5 3.1 -2.8 -2.8 3.9 4 4 4.1 4.3 4.7 -2.8 -2.8 -2.8 -2.8 8 7.4 7.5 7.4 6.5
8.5 7.6 6.8 5.7 5.8 5.8 5.8 5.8 5.8 2.5 6.1 5.3 5.6 5.7 5.8 5.9 6.7 14.5 19 17.2 17.9 25.4 30.9 36.2 35.4 31.4 17.2 6.7 4.6 4.2 4.2 4.2 4.2 4.2 4.2 4.4 4.5 4.6 4.7 4.6 4.6 4.7 4.8 4.9 5 5.2 5.4 5.5 5.5 5.7 5.8 5.9 6 6.1 6.2 6.2 7.1 6.2 5.6 4.8 -2.8 -2.8 -2.8 -2.8 -2.8 -2.8 -2.8 -0.9 0.7 2.3 3.8 -2.8 -2.8 -2.8 -2.8 3.9 4.1 4.2 -2.8 -2.8 -2.8 -2.8 11.3 7.1 7.1 7.2 7.3 7.3
7.6 7.2 6.3 5.6 5.6 5.6 5.6 5.7 5.7 4.4 6.1 5.7 5.9 6.2 6.2 6.3 7.4 11.8 12.9 14.1 13.6 20.9 32.1 35.7 32.4 25.7 10.4 6.4 5 4.3 4.2 4.2 4.2 4.2 4.2 5.1 5 4.9 4.6 4.6 4.8 4.8 4.9 5 5.1 5.2 5.4 5.5 5.6 5.7 5.8 5.9 6.1 6.2 6.2 7.8 5.8 5.2 4.7 -2.8 -2.8 -2.8 -2.8 -2.8 -2.8 -2.8 -1.6 -0.1 1.5 3 3.8 -2.8 -2.8 -2.8 -2.8 -2.8 3.9 4.3 -2.8 -2.8 -2.8 -2.8 6 6.5 6.8 6.9 7.1 7.1
6.6 6.6 5.9 5.5 5.5 5.5 5.4 5.1 5.1 5.5 6.8 6.7 6.7 6.7 6.7 6.7 6.9 9.9 10.1 8.8 14.4 19.1 27.8 32.4 30.4 21.3 8.6 6.1 5.1 4.5 4.2 4.2 4.2 4.2 4.4 5 5.7 5.2 5.1 5.1 5 5 5.1 5.2 5.3 5.4 5.5 5.6 5.7 5.8 5.9 6 6.1 6.2 6.1 6.1 5.5 5 4.4 -2.8 -2.8 -2.8 -2.8 -2.8 -2.8 -2.8 -2.3 0.7 2.2 3.8 3.8 3.8 -2.8 -2.8 -2.8 -2.8 3.8 4.2 -2.8 -2.8 -2.8 6.2 6.2 9 8.8 7.7 6.7 6.9
5.6 5.6 5.4 5.3 5.3 5.2 5.2 5.2 5.2 5.5 6.2 6.3 6.4 6.6 6.6 6.5 6.5 6.5 7.3 8.1 9.4 18.2 20.2 27.3 30.1 25.4 13.5 6.7 5.5 4.5 4.2 4.2 4.2 4.2 4.5 2.9 5.3 5.2 5.2 5.1 5 5 5.2 5.3 5.4 5.5 5.5 5.4 5.5 5.7 5.9 6.1 8.1 6.1 6.1 5.8 5.3 4.7 -2.8 -2.8 -2.8 -2.8 -2.8 -2.8 -2.8 -2.8 -2.8 -1.1 1.9 3.8 3.8 3.8 -2.8 -2.8 -2.8 -2.8 -2.8 -2.8 -2.8 -2.8 6.8 9.7 9.2 11.3 13.2 11.7 6.6 6.8
5 5.2 5.4 5.6 5.5 5.5 5.5 5.5 6 5.8 5.6 6.5 6.4 6.4 6.3 6.2 6.2 6.2 6.3 6.6 8.3 14.3 18.5 20.3 25.5 17.1 10.5 6 4.9 4.4 4.3 4.2 4.2 4.3 4.7 5 5.2 5.3 5.1 5.1 5 5 5.3 5.5 5.6 5.6 5.5 5.3 5.3 5.3 5.5 6.3 6.1 5.7 5.4 5.1 4.8 4.4 -2.8 -2.8 -2.8 -2.8 -2.8 -2.8 -2.8 -2.8 -2.8 -2.8 3.4 3.9 3.9 3.8 -2.8 -2.8 -2.8 -2.8 -2.8 -2.8 12 11.6 12.5 15.1 12.7 15 19.1 15.8 7.3 7.3
4.9 5.1 5.3 5.6 5.8 5.8 5.8 6.1 5.8 5.8 5.8 6.5 6.1 6.1 6.1 5.8 5.9 5.9 6 6.2 6.3 12.6 17.3 19.3 15.3 8.7 6.8 5 5.2 5 4.8 4.8 4.7 4.7 4.8 4.9 5.2 5.2 5.1 5.1 5 4.9 5.2 5.5 5.7 5.5 5.4 5.2 5.1 5.1 6 5.3 4.9 5 4.7 4.4 -2.8 -2.8 -2.8 -2.8 -2.8 -2.8 -2.8 -2.8 -2.8 -2.8 -2.8 -2.8 3.8 3.9 4 3.9 -2.8 -2.8 -2.8 8.6 10.7 11.6 14.7 16.3 17.5 20.3 20.6 19.1 20.4 19.4 17.2 10.9
4.9 5.1 5.3 5.6 5.9 6.1 6.2 6.1 6.1 6.2 6.3 4.4 5.8 5.8 5.6 5.4 5.4 5.6 5.8 6 5.9 5.7 9.6 12.6 7.2 8.1 6.3 5.2 4.9 5.3 5.4 2.8 5 4.9 4.9 5 5 5.1 5.1 5 5 4.9 5.2 5.5 5.4 5.4 5.3 5.1 7.1 5.1 4.1 3.9 3.7 4.3 4 3.9 -2.8 4 -2.8 -2.8 -2.8 -2.8 -2.8 -2.8 -2.8 -2.8 -2.8 -2.8 3.9 3.9 4 3.9 -2.8 -2.8 8.5 9.5 15.3 16.4 21.3 23.6 24.2 25 27.1 29 31.1 31.2 27.6 22.2
4.9 5.1 5.2 5.5 5.9 6.2 6.4 6.4 6.4 6.4 5.9 5.1 5 4.9 4.3 4.9 5.1 5.4 5.6 5.7 5.5 5.3 5.2 6.7 8.4 8.4 4.8 5 5.2 5.1 5.1 6.4 5.2 5.1 5.1 5.1 5 5.1 5.1 5 5 5 5.2 5.2 5 5 6.2 5.7 3.6 3.3 3.3 3.3 3.3 4 4 4 4 4 -2.8 -2.8 -2.8 -2.8 -2.8 -2.8 -2.8 -2.8 -2.8 3.9 4 4 3.9 -2.8 -2.8 7.7 13.6 14.8 26 27.4 31 30.4 31.4 33 33.8 35.2 38.2 38.1 36.8 32.7
5.1 5 5.2 5.5 5.8 6 6 5.8 5.8 6 6 5.6 5.1 5.1 5.1 4 4.9 5.2 5.4 5.3 5.1 5.3 5.1 4.8 6.2 5.2 4.9 4.9 4.9 5.1 5.1 7.8 5.3 5.3 5.2 5.2 5.1 5.1 5 5 5 5 5.1 6.1 6.1 5.2 3.9 3.4 3.2 3.3 3.3 3.4 3.4 3.9 3.9 3.9 3.9 -2.8 -2.8 -2.8 -2.8 -2.8 -2.8 -2.8 -2.8 -2.8 -2.8 4.1 4 3.9 3.9 -2.8 -2.8 9.3 17.3 15.4 35.2 38 39.4 37.6 39.6 40.5 40.4 41 44.8 45.3 44.2 42.4
5.3 5.2 5.2 5.4 5.8 5.6 5.5 5.9 5.8 5.8 5.8 5.9 5.6 5.3 5.2 5 2.5 5.1 5.1 5 5.1 5.4 5 4.7 4.8 5 5 4.9 4.9 4.7 6 7.8 6.3 5.1 7.3 5.3 5.2 5.1 5 5 6.7 4.5 4.6 3.8 3.2 3.2 3.3 3.2 3.2 3.4 3.4 3.4 3.4 3.4 3.7 3.8 3.8 -2.8 -2.8 -2.8 -2.8 -2.8 -2.8 -2.8 -2.8 -2.8 -2.8 4.3 4.2 -2.8 -2.8 -2.8 7.5 7.9 12.2 13.7 37.8 44.7 45.7 47.2 48 48.3 48.9 50.1 52.5 53.2 52.5 50.5
5.4 5.4 5.2 5.3 5.7 5.5 5.4 5.7 5.7 5.8 5.6 5.7 5.7 5.6 5.4 5.1 4.7 3.1 4.7 4.9 5.2 5.2 4.9 4.6 5.1 5.4 5.2 4.3 3.5 4.5 5.6 6.5 5.9 7.4 7.2 6 6.4 5.1 4.2 3.4 2.9 3.3 3.6 3.2 3.4 3.2 3.1 3 3.1 3.3 3.5 3.5 3.5 3.5 3.5 3.7 3.8 3.8 3.4 -2.8 -2.8 -2.8 -2.8 -2.8 -2.8 -2.8 4.3 4.4 4.2 -2.8 -2.8 7.3 17.8 11.2 12.6 13.3 20.9 55.7 56.9 58.2 57.2 54.6 55.2 56.3 59.7 60.4 59.9 57.1
5.6 5.5 5.4 5.4 5.7 5.6 5.2 5.6 5.7 5.7 5.6 5.6 5.5 5.6 5.6 5.3 4.9 4.7 4.9 5.6 3.7 5.2 4.8 4.6 3.6 6.5 6.4 5.7 5.8 4.6 4.1 5.1 7.4 9.3 8.7 4.8 2.7 2.7 3.4 3.8 3.8 3.8 3.8 3.3 3.3 3.2 3 2.9 3.1 3.3 3.5 3.6 3.6 3.6 3.6 3.6 3.7 3.8 1.5 -2.8 -2.8 -2.8 -2.8 -2.8 -2.8 4.3 4.4 -2.8 -2.8 -2.8 7.6 15.6 29 16.2 14.9 14.7 27 71 72.5 70.9 65.7 64.6 63.8 62.8 66.8 67.1 66.2 63
5.8 5.7 5.6 5.5 5.6 5.7 5.2 5.5 5.6 5.6 5.6 5.5 5.5 5.4 5.7 5.3 5.4 5.4 5.3 5.2 5 5.1 5.1 3.4 7 7.9 7.6 5.7 5.3 5.3 4.6 4 3.8 5.4 12.2 2.4 3.8 3.8 3.8 3.8 3.8 3.5 2.8 3.2 3 2.8 2.8 2.9 3 3.2 3.4 3.6 3.7 3.7 3.7 3.7 3.8 3.1 -2.8 -2.8 -2.8 -2.8 -2.8 -2.8 -2.8 -2.8 -2.8 -2.8 -2.8 7.3 12.1 24.2 29.7 26.1 16.2 15.7 34.1 37.3 83.7 84.6 77 76 75.1 73.1 74.6 72.8 70.9 67.2
5.7 5.8 5.7 5.5 5.4 5.7 5.3 5.3 5.5 5.5 5.5 5.5 5.5 5.4 5.7 5.6 5.5 5.3 5.2 5.2 5.1 4.9 5.1 -2.8 7.7 7.4 7 6.7 5.3 4.4 3.8 3.8 3.8 3.8 3.8 3.8 3.8 3.6 3.6 3.6 3.4 3.2 3 2.8 2.6 2.7 2.8 2.9 3.1 3.2 3.4 3.6 3.8 3.8 3.8 3.8 3.8 0.7 -2.8 -2.8 -1 -0.2 1.6 6.1 6.4 8.9 8.6 7.3 7.5 11 16.4 29.4 32.4 27 19.7 21.2 33.2 32.9 94.4 93.9 88.7 88.1 87.2 85.1 84.3 79.8 75.1 71.2
5.6 5.6 5.7 5.5 5.4 5.5 5.4 5.1 5.4 5.4 5.4 5.4 5.4 5.4 5.6 5.5 5.4 5.3 5.1 5.1 5 4.9 4.8 -2.8 -2.8 7.3 6.9 5.9 4.4 3.8 3.8 2.8 2.9 3 3 2.6 2.1 2.9 3.2 3.2 3.1 2.9 2.7 2.4 2.6 2.8 2.9 3 3.1 3.3 3.4 3.6 3.8 3.8 3.8 3.8 2.3 -0.7 -2.8 -0.5 1.6 3 6.6 10.9 9.7 11 11.2 9 10.9 14.7 21.2 34.7 37.4 24.6 18.3 14.3 21.7 32.1 86.9 97.7 96.2 101 100.1 96.6 93.5 88.6 80 73.7
5.6 5.4 5.5 5.5 5.5 5.5 5.4 5.1 5.3 5.3 5.3 5.3 5.3 5.4 5.5 5.4 5.3 5.2 5 5.1 5 4.8 5 -2.8 -2.8 7.2 6 4.8 3.8 3.8 3.8 3.1 2.8 2.8 2.8 2.6 1.8 2.5 2.8 2.9 2.8 2.6 2.3 2.5 2.6 2.8 2.9 3 3.2 3.3 3.5 3.6 3.8 3.8 4.2 3.8 1.1 -2.8 -2.8 -2.8 3.1 7 15.4 13.6 13.1 13.2 11.2 11.2 13.3 14 23.3 36.5 52.1 37.5 23.6 11.5 12 14.8 64.4 101.7 102.3 106.7 107.1 101.9 96.7 89.2 80.7 72.1
5.5 5.4 5.3 5.4 5.4 5.4 5.5 5.2 5.1 5.2 5.2 5.2 5.2 4.6 5.5 5.5 5.3 5.1 4.8 5 4.9 4.9 4.9 -2.8 -2.8 6.1 5.5 4.5 3.8 3.8 3.8 3.4 3.1 2.9 3 2.8 1.8 2.1 2.4 2.5 2.5 2.3 2.2 2.6 2.7 2.8 3 3.1 3.2 3.3 3.5 3.7 3.8 3.8 4.3 3.2 0.7 -2.8 -2.8 -2.8 7.2 7.6 18.5 15.3 14.5 12.4 13.2 11.7 14.4 20.5 25.6 36.4 55.9 40.1 22.8 11.3 12.3 12.2 48.2 103.5 106.1 106.8 107 103.7 98.1 87 79.1 69.2
5.5 5.4 5.3 5.2 5.3 5.4 5.4 5.2 5 5.1 5.1 5.3 5.3 5.4 5.7 5.5 5.4 5.1 3.6 4.5 4.5 4.5 5.5 -2.8 -2.8 4.4 4.7 3.8 3.8 3.8 3.8 3.7 3.3 3 3.1 2.7 2 1.8 2.1 2.2 2.2 2 2.1 2.6 2.7 2.8 3 3.2 3.3 3.4 3.5 3.7 3.8 3.8 4 2.2 0.2 -2.8 -2.8 -2.8 7.2 11.9 18.9 15.9 15.6 15.6 12.3 13.4 21.9 21.6 26.9 34.3 46.6 44.7 23.1 18.8 25.8 26.3 47.9 98.2 105.1 105.5 105.7 102.8 97.6 86.4 75.8 66.1
5.4 5.3 5.2 5.2 5.1 5.2 5.1 5.2 5.2 5.1 4.9 4.5 4.3 5.3 5.7 5.7 5.4 5.4 5.3 5.2 5 4.8 7.4 -2.8 4.5 3.8 3.8 3.8 3.8 3.8 3.7 3.7 3.6 3.2 3.2 2.7 2.2 1.9 1.8 1.9 1.9 1.9 2.4 2.6 2.7 2.9 3 3.2 3.4 3.4 3.6 3.7 3.8 3.8 3 1.3 -0.6 -2.8 -2.8 -2.8 7.8 18.5 14 18.3 17.7 15.3 13 15.2 21.5 25.8 28.2 33.8 43.1 54.6 42.7 25.5 25.9 25.8 48.2 71.2 102.6 103.3 102.7 99.4 95.2 85.4 72.5 61.8
5.4 5.3 5.2 5.1 5.1 5.2 5.3 5.8 6 6.1 5.8 5.5 5.5 5.5 5.6 5.6 5.4 5.3 5.3 5.5 5.4 5.6 5 -2.8 4.7 4.5 3.8 3.8 3.8 3.8 3.7 3.7 3.7 3.5 3.4 2.8 2.5 2.3 2.1 1.9 1.8 1.8 2.6 2.6 2.7 2.9 3 3.2 3.4 3.5 3.6 3.7 3.8 3.1 1.9 0.4 -1.3 -2.8 -2.8 6 14 16.9 19.3 20.4 19.2 16 14.6 15.8 19.7 26.7 28.7 32.6 40.6 49 56.1 43.3 32.9 24.9 44.8 52.4 99.9 99.5 98.2 94.8 90.5 81.6 68.3 56.9
5.4 5.4 5.4 5.5 5.5 5.4 5.6 5.8 5.8 5.9 5.9 5.7 5.5 5.6 5.6 5.6 5.4 5.3 5.3 5.4 5.2 6.9 5.2 -2.8 3.8 3.8 3.8 3.8 3.8 3.7 3.7 3.7 3.6 3.6 3.5 3.2 3 2.9 2.9 2.8 2.5 2.5 2.6 2.6 2.7 2.9 3.1 3.2 3.4 3.6 3.7 3.8 3 2 0.9 -0.6 -2.8 -2.8 -2.8 10.1 14.2 19.8 21.1 22.4 19.5 16.6 16.8 17.5 20.6 26.6 25.6 29.5 37.5 46.3 52 51.6 28 29.6 23.8 48.2 72.9 94.8 92.2 88.7 84.9 75.9 62.4 52.3
5.6 5.7 5.7 5.8 5.9 5.3 5.5 5.6 5.6 5.7 5.8 5.8 5.6 5.5 5.6 5.5 5.4 5.2 5.2 5.4 5.4 5.1 5.3 -2.8 3.8 3.8 3.8 3.8 3.8 3.7 3.7 3.7 3.6 3.6 3.6 3.7 3.9 3.8 3.7 3.6 3.5 3.3 2.8 2.6 2.7 2.9 3.1 3.3 3.5 3.6 3.8 3 2.1 1.1 0 -1.4 -2.8 -2.8 -2.8 10.3 19.4 22 21.6 22.7 19.6 16.6 20.1 23.4 22.6 24.2 23.8 27.1 39.5 45.7 49.1 52.8 43.6 25.7 46.6 48.8 66.2 89.4 86.5 83.2 80.2 69.7 58.1 49.3
5.5 5.5 5.6 5.6 5.7 5.3 5.3 5.4 5.5 5.5 5.6 5.6 5.7 5.5 5.5 5.5 5.3 5.2 5.2 5.4 5.6 5.3 -2.8 -2.8 3.8 3.8 3.8 3.8 3.8 3.8 3.7 3.7 3.7 3.6 3.6 3.6 3.8 4 4.2 4.4 4.4 4.2 3.6 2.8 2.6 2.9 3.1 3.4 3.6 3.7 3 2.1 1.3 0.2 -0.8 -2.8 -2.8 -2.8 6.5 8.6 20 22.6 22.3 21.8 19.4 20.2 21.4 24.4 24.6 21.6 24.1 35.1 41.9 45.9 50.3 55.7 44.6 53.6 61.9 70 81.9 83.9 80.8 76.5 75.3 65.1 53.4 45.1
