data/340000-650000.asc
ncols 200
nrows 200
xllcorner 340000
yllcorner 650000
cellsize 50
[rows 105 to 139 of 200, columns 0 to 77 of 200]
278.4 273.7 268 263.5 256.3 255.2 255.2 262.3 270.8 279.7 289.5 296.8 302.5 308.1 313.5 318.7 323.5 329.8 336.7 342.2 349.9 358.2 365.1 371.5 376.1 379.6 382.5 383.1 380.5 376.7 372.4 367 362.2 357.8 354.4 351.3 349.1 346.6 344.5 341.8 337.7 333.8 330.9 329.1 328.2 326.4 322.7 317.5 312.3 305.6 298.1 288.3 273.2 261.2 258.6 264.3 284.1 298.6 299.7 299.7 298.8 296.5 291.9 285.5 277.6 268.9 258.9 256.8 259.2 277.2 289 295.8 300.3 304 305.5 308 309.9 311.9
277.4 272.7 267.9 263 256 253.9 255.7 259 266.9 276.6 286.7 295.8 302.7 308.9 314.8 320.3 325.5 331.5 337.9 344 353.7 361.4 369 374.9 379 382.1 385.2 385.1 382 378.4 374.1 369.6 365.9 363.2 360.1 358.1 356 353.6 351.1 348.4 345.2 341.9 339.7 336.3 334.2 331 325.7 320 314.4 307.7 300.3 291.3 280.8 270.5 260.6 258.5 268.9 281.7 287.4 291.9 293 289.6 284.4 276.3 268.7 260.2 256.3 256.3 277.7 289.1 298.7 304.1 308.2 311 313.7 315.8 318.4 320.4
276.4 272.1 267.9 262.1 255.4 253.8 254.5 256.4 263 275.4 285.9 295.6 302.8 308.9 314.7 321.2 327.7 333.8 339.6 346.5 356.4 364.5 371.9 377.1 380.7 384.1 386.1 385.3 382.4 379.1 376.4 373.1 370.3 368.6 366.4 364.7 362.9 360.3 357.7 355.1 352.7 350 346.6 342.9 339.1 334.3 328.4 322.2 314.8 307.4 300.7 293 284 273.3 263.3 256.1 257.9 261.8 267.2 278.4 278 274.3 268.7 265.7 261.3 255.2 256.3 277.7 293.4 303.5 310.3 314.4 317.2 319.4 321.6 323.5 326 328.1
274.6 270.5 266.3 261 255.1 253.7 254.1 255.7 262.2 274.4 285.5 294.5 300.8 309 316.7 323.4 330.1 336.1 341.6 349.1 358 365.8 372.4 377.7 381.5 383.8 384.3 383.4 382.4 379.3 377.9 376.1 374.8 373.7 373.3 371.5 369.8 367.8 365.7 363.3 359.7 356.3 352 347.3 341.8 335.6 328.4 321.3 314.2 306.7 299.1 291.1 281.5 271.1 269.8 266.6 257.2 255.4 256.2 261.1 261.6 259.2 260 256.9 253.4 254.6 277 294.5 307.4 315.9 321.3 324.7 327.8 329.4 330.7 332.3 334.1 335.3
274 268.4 264.3 259.7 255.6 254.6 254.3 253.8 261.3 275.5 286.2 294.6 301.4 309.6 317.6 325.2 331.9 339 343.5 350.4 359 365.7 370.7 375.2 378.3 380.7 381.8 381.6 381 380.2 378.8 378 378.5 379.5 379.6 378.5 378.1 376.9 373.6 370.7 366.1 360.8 355.4 349.7 343.7 335 326.2 317.8 309.4 300.4 292.7 284.8 276 279.1 280.5 277.3 268.1 257 254.9 254.4 254.7 252.9 253.4 252.9 253.5 273 293.8 310.6 319.2 326.6 330.9 334.4 337.2 338.9 340.2 340.6 341.3 342.6
270 265.7 262.2 258.6 255.8 255 254.3 253.6 259.4 273.5 284.4 294.2 302.1 310.3 318 325.4 332.5 339.6 345.3 349.8 357.5 363.4 367.5 370.7 373.8 376.3 377.8 378.9 378.6 378.7 379.2 379.9 382 384.2 386.3 386.8 386.7 384.8 381.2 376.2 370.7 365.1 359.6 353.1 346 337.5 328.3 319.3 310.8 302.7 293.1 289.4 288 288.8 288.3 284.9 280.5 271.5 258.6 254.5 253 252.4 251.6 252.2 264.1 287.7 308.2 320.2 327.6 333.9 338.6 342.8 345.6 347.5 348.2 348.1 348.4 349.9
260.4 259.7 258.2 256.3 256 255.2 254.4 253.6 256.4 268.9 279.2 290.1 300.6 309.8 317.8 326.2 333.7 339.8 344.2 347.2 353.6 359.1 363 365.8 368.9 371.6 372.5 373.9 374.8 375.7 378.2 381.6 385.2 390.4 393.9 394.6 393.3 390 385.4 380.4 375.4 369.5 363.6 357.9 351.7 344.2 335.1 325.6 316.3 307.3 301.4 299.8 298.4 297.9 295.5 292.2 287.7 281.8 271.5 262 255.9 253.3 252.9 251.6 272 297.6 314.7 324.4 332.3 339.7 345.5 349.7 352.2 354.1 354.8 355.2 355.4 356.7
260.3 258.9 257.9 256.9 256.2 255.5 254.3 253.7 251.6 262.4 273 286.2 299.6 308.9 318.4 327 332.9 338.9 341.9 344.5 348.1 352.8 355.8 358 361.2 363.1 364.2 367 369.2 372.7 377.1 381.8 389.2 395.4 400.3 401.6 399.8 395 390.1 385.3 380.4 375.2 369.4 363.6 357.4 350.6 342 333 323.4 316.2 312.3 309.9 308 305.9 303.1 299.3 293.7 287.3 280.6 273.4 265.4 256.7 250.5 251.2 276.1 301.7 316.6 325.4 334.6 342.7 349.5 354.5 357.8 359.8 360.6 361.4 362.3 363.7
274.6 265.7 262.8 258.7 256.6 255.2 253.5 252.5 251.9 257.3 267.4 281.5 296.1 309 318.5 326.1 331.5 336.1 337.3 339.8 341.8 343.7 346.3 349.2 351.3 354 355.4 358.1 361.5 368.7 374.8 382.2 391.8 400.1 405.3 407.2 405 399.2 394.4 390.2 386 381.2 375.7 370.1 363.7 356.3 348.1 339.7 331.9 325.3 321.9 317.9 315.5 313.1 309.5 304.7 298.4 291.2 283.8 277.4 270.7 259.6 250.8 250.9 274.1 300 314.4 324.5 334 342.8 350.4 356.8 360.9 363.9 365.2 366.7 368.7 371.1
285.1 277 271.3 266.1 261.1 260.4 255.3 252.6 251.4 250.7 260.2 275 291.5 307.9 317.4 324.4 330.4 331.7 332.3 332.8 333.8 334.1 336.6 339.1 340.6 342.7 343.6 344.5 352.7 363 372.2 383 393.6 401.2 407 408.7 406.9 402.6 398.8 394.6 390.4 386.1 381.3 375.5 369 361.7 354.1 346.4 340.2 334.3 329.8 325.4 320.9 317.8 313.3 308 301.9 294 286 278.5 270.1 260.5 249.3 249.9 270.6 295.3 309.9 320.4 329.1 339 347.6 354.8 360.9 364.9 368.9 372.1 375 378.6
289.8 283.6 277.9 272.9 267.8 263.5 260.1 252.8 250.7 251.2 250.9 268.8 286.9 303.5 315.4 321.8 326.1 326.7 326.3 325.4 325.2 325.4 327 329 330 329.8 328.6 331.2 344.8 359.5 372.1 382.2 391.3 399.2 404.5 406.8 406.6 404.3 401.7 398.7 394.5 390 385.1 379.3 372.8 365.9 359.6 352.8 346.7 341.2 336.4 331.6 326.8 322.2 316.8 310.8 303.7 295.5 286.9 278.1 268.5 259.1 249.1 249.8 266.1 286.1 299 309.9 319.3 328.5 341 350.6 359 365.4 371.3 376.5 381.5 385.2
294.7 290.4 284.6 279.8 275.6 268.1 261.8 256.1 250.2 250.2 249.9 258.8 277.8 297.1 310.5 317 320.6 320.6 319.4 318.3 317.6 316.6 318 317.5 315.8 314.1 314.9 325.5 343.3 359.2 370.4 379.6 387.8 395 400.3 403.7 405.2 404.5 403.3 400.4 396.9 392.7 387.5 381.9 375.2 370.6 363.8 357.5 351.7 345.9 340.6 335.3 330 324.5 318.7 312.1 304.5 296.1 286.3 274.4 265 257.1 249.6 249.9 257 268.9 278.6 289.4 301.8 313 325.5 342 354.9 365.2 372.9 381.2 387.3 391.7
299.9 295.9 290.6 285.8 281 272 265.4 259.7 251.8 249.4 249.3 254.5 271.4 290.8 303.8 310.7 313.9 313.2 311 309.3 308.6 306.2 304.1 301.2 300 301.1 311.1 326 343.8 357.7 368.2 376.5 384.4 390.9 396.4 400.6 403.2 404 403.1 401.2 398 393.9 389.1 383.4 378.1 373 366.9 360.8 354.5 348.1 342.9 337.4 331.4 325.2 318.6 311.5 303.8 295.1 283.7 269.7 259 248.5 249.2 250.9 255.1 260 264.1 271.8 283.9 300.9 317.9 337.7 351.8 364.6 376.1 385.5 392.8 398.6
305.2 301.2 295.9 291 285.9 278.3 271 264.7 256 248.7 250 249.4 265.1 281.1 294.7 303.3 306.2 305.5 303.2 299.7 298.5 292 289 287.6 293.9 301.7 310 325.2 342.6 355.8 365.1 373.8 381.1 387.4 392.8 397.7 400.8 402.6 402.6 400.9 397.8 393.6 388.6 383.8 379.1 373.5 367.9 362.4 356.5 350.4 343.7 337.7 331.4 324.9 318 310.3 301.8 291.8 279.4 263.7 255.5 249.1 248.1 249.8 252.8 265.5 284.4 296.3 288 299.2 318.4 335.7 350.6 365.4 377.6 388.8 397.2 403.8
310.5 307.1 302 296.4 292.2 284.8 275.1 265.8 261.3 250.8 248.4 248.1 257.4 262.5 287.5 294.1 296.9 297.2 295.5 288.7 284.3 279.4 277.9 289.8 298.8 310.3 319 325.6 338.5 352.9 361.7 370.5 378.9 384.5 390.8 395.3 399.4 401.6 401.5 399.6 396.1 391.9 387 382.5 378.1 372.4 367 361.4 355.4 349.2 342.3 336.1 330.1 322.8 315 307 298.7 288.5 276.1 259.9 252.6 248.5 247.3 247.9 255 280.4 300.7 310.2 313.8 302 316.1 335.4 351.7 367 378.8 389.8 399.1 408.4
317.6 313 307.7 301.9 295.7 288.8 278.4 267 259.9 251.5 247.3 246.6 255 263.8 273.7 282.7 287 287.2 285 276.2 271.1 273.9 284.8 296.6 309.1 320.1 328.5 336.8 343.9 351.1 359.8 368.3 376.9 383.5 389.9 394.9 398.8 400.4 400.2 398.3 394.3 389.5 384.4 379.8 374.5 368.7 363.2 358 351.7 345.1 339.8 333.9 327.2 319.3 311.2 303.2 294.3 283.8 270.5 256.9 248.5 247.1 247 247.7 260.7 288.7 308.6 318.9 324 325 317.9 334.3 351.7 367 379.1 390.4 402.1 412.4
321.9 316.7 309.2 303 295.8 287.2 279.8 268.9 261.1 251.6 247.6 246.9 248.3 252.8 258.5 266.9 272.4 272.3 268.9 264.4 266.9 276.7 290.6 304.9 318.3 327.9 335.5 342.1 349.7 356.5 363.7 371.2 378.3 385.1 391.2 396.1 400.2 401.6 400.1 396.5 392.1 385.6 379.9 374.4 368.7 363 357.7 352.3 346.5 340.8 335.7 330.3 323.1 315.2 307.2 299.1 289.9 279.2 264.7 253.6 247.1 246.3 245.5 245.9 272.4 299 316 326 332.8 336.8 339 332.1 351.3 367.1 379.9 391.1 404.1 415.2
323.3 317.7 309.2 302.2 292.2 286.4 280.4 271 262.8 255 249.8 246.3 245.8 246.1 249.1 253.5 258.1 258.5 258.2 261.1 268.4 281 298.7 313.2 323.7 331.7 339.1 344.9 352.3 359.4 366.6 373.9 380.5 386.8 393.2 398.1 402 402.4 400.7 395.5 388.8 381.6 374.5 366.9 360.9 355.2 350.1 345.2 340 334.9 330.3 324.9 317.8 310.7 303.2 294.7 284.5 272.7 258.9 250.1 246.4 245.8 245.2 258.7 282.1 306.9 322.1 332.1 340.6 347 351.3 354.5 360.3 368.7 380.9 395 406.6 417.4
323.1 318.5 311 302.2 295.9 288.3 281.9 273.2 265.7 258.9 252.6 245.9 245.4 244.9 245.6 247.2 250.1 251.8 254.3 261.4 270.5 286.9 305.3 316.6 325.8 332.7 339.4 344.6 352.6 360 367.2 374.7 382.4 388.8 395.1 400.1 403.4 403.3 400.5 394.9 386.7 377.7 369.4 360.5 352.9 346.7 342 337.4 332.8 328.4 323.9 318.7 312.3 305.2 297.9 289.1 279 265.5 252.4 245.9 245.4 245.4 253 267.5 291.5 312.7 327.3 339.4 349.9 357 361.9 365.8 371.5 379.5 388.4 398.4 409.3 420.3
321.7 316.1 310 302.7 296.4 290.2 284 277.8 269.4 263.2 259.4 246 246.5 246 243.9 244.7 245.9 248.5 250 258.4 269.5 287.9 303.1 315 324.2 332 337.5 343.6 350.7 358.8 366.8 374.4 381.7 388.7 394.9 400 403 403.4 400.1 393.8 383.9 374.5 364.7 355.5 346.8 338.7 333.5 328.9 323.9 319.7 316.4 311.7 305.6 298.9 291.8 282.7 271.8 258.8 248.6 244.7 244.5 243.8 261.3 277.6 299.4 319.6 335.8 348.1 357.6 364.1 368.9 373.2 379.8 386.4 394.9 404.1 413.3 424
315.9 310.6 306.5 301.8 296.3 290.6 285.9 281.1 272.1 267.8 264.1 259.5 255.6 249.4 243.8 243.8 242.9 244.7 246.1 253.9 263.1 278.7 296.4 310.2 319.9 328.6 335 341.7 348.7 357.6 365.8 373.1 380 386.4 392.4 398.1 402 400.9 397.5 390.2 381.4 371.4 361.3 352.2 343.5 336.2 327.5 320.1 314.9 310.3 306.8 303.2 297.4 291.6 285.3 276.7 265.2 254.6 246.8 244.4 243.9 258.6 275.9 295.1 313.1 329.3 342.8 353.5 361.1 367.4 373.8 381.2 387.6 393.9 401.6 409.8 418.9 428.5
309.7 304.8 301.7 297.6 293.5 288.8 285.9 281.9 275.6 271.3 267.2 264.9 261.9 256.2 248.9 247 243 242.8 242.8 246.4 255.4 267.3 285.4 302.2 314.8 324.8 332.5 339.7 347 354.8 362 369.1 374.8 381.6 389.3 395.3 399.1 398.5 393.6 387.3 378.4 368.8 358.8 349 340.7 333.2 325.9 317.3 308.7 300.8 296.2 293.4 288.9 284.4 278.3 272.6 260.7 250.8 244.9 244 248.9 270.3 290.7 307.6 321.3 333.8 346.4 356.2 363.5 371.7 380.9 389.2 396.1 402.7 409.8 416.7 424.3 433.8
304.5 300.8 297.1 293.8 290.3 287.6 285.3 281 275.5 272.6 269.4 268.4 264.5 258.7 253.4 245.1 242.6 242.5 241.7 243.5 248.5 256.7 272 288.9 305.3 319.3 327.9 335.7 343.2 349.3 356.2 363 369.7 377.1 385.2 392.4 395.8 395.2 391 384.9 375.6 366.3 356.8 346.4 337.1 329.4 322 314.8 307.5 299.1 289.5 283.3 278.3 275.7 271.3 266.7 257.2 248.1 243.2 243.4 258.3 279.8 299.1 313.7 324.8 336.4 349 359 367.4 377.2 387.6 396.9 403.2 410.4 416.8 422.1 429.8 439.7
298.4 296.1 293.4 290.3 287.6 286.2 283.9 278.7 273.7 271.7 272 269.4 263.8 259 255.3 250.9 243.6 242.2 240.9 242.4 243.4 248.3 260.4 275.3 295 313.2 323.6 330.5 337.2 343.7 350.6 357.6 365 372.7 381 387.9 392.1 392 389.1 382.8 374 365 355.1 344 332.9 325 317.6 310.5 302.9 294.9 286.8 279.6 273 268.9 265.3 261 254 246.3 242.7 242.1 265.9 287.4 303.7 316.5 327.7 338.7 350.5 362 371.5 381.1 392.9 402.8 410.4 417.4 423.4 429 435.8 443.2
291.1 289.1 287.2 285.5 284.3 283 280.8 275.1 270.6 270.7 273.4 271.1 265.2 261.3 256.3 247.3 242.7 241.4 240.7 241.1 240.9 242.1 248.4 261.9 284.3 307.3 318.8 325.8 332.5 338.7 344.9 351.6 358.9 366.9 375.3 382.2 387.9 389.1 387.5 382.1 373.4 364 354 341.7 330.8 321.5 313.6 305.9 297.6 290.7 283 274.7 269.3 263.4 259.7 255.9 251.6 245.6 241.7 251.6 271.9 292.2 306.7 318.7 329.2 340.3 353.9 365.1 374.8 385.2 397.7 407.9 416.5 423.4 429.5 434.1 440.3 444.8
282 282.5 280.9 279.4 279 276.9 274.6 269 267.2 268.8 271.5 269.7 264 258.7 251.7 245.9 241.8 242.9 240.6 240.4 240.3 240.6 244.1 251 273 298.6 313.3 321 327.2 333.2 338.6 345.1 352.3 360.5 368.9 375.7 381.8 385.3 384.3 380 372 363.5 353.3 340.2 329.4 320.9 313.7 307 299.1 291.6 284.6 278.2 272.6 267.3 260.3 255.8 248.2 243.3 241.5 256.9 277.9 294.7 307.9 319.1 328.4 341.7 354.3 365.1 376.5 388 399.1 409 417.7 423.8 429.3 434.3 438.5 440.9
269 272.9 273.7 272.1 271.2 270.8 267.1 260.7 258 261.9 266.7 267.1 259.1 251.2 246.6 242.5 241.3 240.9 240.3 240 240 239.6 241.2 243.2 260.3 284.8 307.1 315.6 321.9 327 331.7 337.2 344.4 353.1 362.4 370.7 377.5 381.7 380.5 377.4 370.2 363.5 354.3 342.3 331.3 323.1 316.4 309.8 302.3 294.7 287.4 280.1 275 270 265.2 261.3 255.7 241.4 239.4 255.9 278.9 293.4 304.8 316.7 326.2 339.5 352.4 364.4 375 386.7 397 404.8 412.5 417 422.3 426.7 429.6 430.3
269.2 262.4 264 265.3 262.6 258.9 256.6 250.1 248.7 249.3 251.5 253.3 250 243.5 241.3 244.8 244.1 244.3 240.2 239.5 239.4 238.9 239.2 242.9 253.4 275.6 297.7 310 314.8 318.9 323.3 328.9 337.6 346.6 356.8 365.4 372.4 376.6 377.9 376.2 371.2 364.5 356.9 346.6 337 328.4 320.4 312.7 305.6 298 290.1 283.2 278.2 273.8 270.1 265.9 259 241.1 240.1 251.3 271.8 287.1 297.2 308.5 320.2 334 348 359.3 370.1 378.7 388 395 399.6 402.7 405.8 409.5 412.8 414.3
265.7 258.9 256.9 255.4 253.5 251.5 247 243.1 243.4 242.1 243.6 243.3 242.3 245.8 251.7 257.9 255.8 251.6 249.6 241.6 239.9 239.1 239.2 242.5 253.5 276.2 295 303.1 307.7 310 312.7 319.6 329.7 340.4 351.1 359.9 367.4 371.8 374.9 375.3 371.4 367.1 360.7 351.9 343.1 334.4 325.9 317.7 310.2 301.6 293 286.9 282.2 278.3 274.6 270.3 262.7 245.1 240.5 241.6 259 272.3 282.5 294.1 307.1 321.5 333.6 347.1 355.5 361.2 367.8 375.8 381.1 385.1 389.3 395.3 401.2 403.4
254.8 253.7 253.1 251.2 248.9 246.3 244 244.2 244.8 243.1 243.4 243 246.4 253.4 257.5 261.2 256.9 253.1 252.2 247.6 242.2 239.1 238.3 242 260.4 279.6 289.7 295.2 298.6 296.5 297.9 310.6 323.7 334.7 345.4 354.4 362.4 368.9 372.5 374.7 373.6 370.6 365 356.8 348.2 340.5 332.2 323.6 315.9 307 297.8 292 287.1 283.7 280.7 276.4 267.9 253.5 240.6 240 240.7 254 263.4 275.7 285.9 300.1 312.8 323.2 332.9 343.9 350.2 358.8 367.2 373.9 379.5 386.2 392 394.2
250.1 251.1 250.1 248.3 247.3 244.7 242.6 242.3 242 241.2 242.7 244.2 248 252.9 256.4 260.5 258.9 255.1 253 251.1 242.6 238.2 237.8 239.1 247.6 270.7 282.7 286.6 286.6 280.3 294 306.8 318.1 329.8 339.9 349.2 357.6 365.3 370.9 375.2 376.6 375 370.2 362.9 354.5 346.5 339.3 330.6 322 312.9 304.3 298 294 290.9 288.3 284.5 277.9 266.7 250.3 239.9 238.9 238.2 245.4 258.4 268.1 280.5 294.3 304.8 315 326.7 338.4 348.1 356.3 363.5 370.3 376.9 381.2 383.5
248.3 247.7 247.2 245.5 244.7 243.4 242.1 241.6 241 240.7 240.3 240.4 239.4 240.1 249.1 254.3 255.6 255 253.9 251.9 243.7 239.5 237.9 238.1 239.9 249.3 270.7 276.3 273.2 275.1 291.6 303.6 313.8 323.6 333.6 343.5 353.7 362.4 370 376.1 379.8 379.6 374.8 368.1 360.8 352.5 345.8 338.3 329.8 321.3 313.5 307.3 304.2 301.1 297.5 293.2 287 279.2 266.8 246.3 239.5 238.6 237.9 241.2 252.6 263.9 276.8 287.5 297.8 311.2 325.2 334.5 342.5 353.3 361 366.8 371.2 374.2
245.8 245.4 244.2 243 242.9 242.7 241.9 241.1 240.6 240.7 240.4 240.1 239.5 238.8 238.7 238.3 246.9 252.5 253.7 252.1 244.4 236.5 236 237.4 238.2 240.4 250.2 257.9 260.2 273.5 286.3 298.3 307.1 316.2 327.5 338.4 350.1 360.4 368.6 375.8 379.7 381.2 377.4 371.8 365 358.7 352 345.5 338.8 330.9 323.7 318.8 314.4 310.2 306 301 294.6 287.4 275.9 253.8 243.2 238.7 238.3 237.9 240 248.8 259.3 270.7 287.7 299.6 308.8 316.8 329.5 343.8 351.4 357 361 364.2
244.9 244.7 244.1 243 242.5 242.2 240.6 241.9 241.8 240.6 240.3 239 238.5 239.1 238.6 237.5 238 247.7 249.4 249.5 245.3 237.3 235.8 235.8 238.8 239.9 242.5 248.7 258.1 266.5 276.1 285.8 297.1 310.8 323.2 333.8 346.4 356.3 365.6 372 375.8 378.5 378.6 375.3 369.4 364.4 358.1 351.4 345 339.2 333.1 326.4 321.1 317.3 312.5 307.2 299.9 292 278.6 259.5 247.5 239.6 238 237.5 236.9 239.1 250 263.5 275.3 283.4 298.7 314.2 327.6 335.9 342 347.7 352.3 356.7
244.5 244 243.7 243.2 241.9 246.1 251.2 254.7 258.1 254.8 253.2 248.6 246.8 240.3 238.7 238.1 237.7 236.8 241.3 243.9 243 238.9 236 238 236.2 236.5 238.9 243.6 251.8 260.8 271.6 283.9 297.1 309.7 320.8 330.5 339.1 350.7 359 365.5 370 373.2 375.8 375.9 371.8 367.4 361.6 355.4 349.6 344.3 338.9 333.5 328.3 322.9 317.1 310.9 303.9 293.8 280.9 260.9 254.3 244.8 240.5 237.5 236.6 236.4 242.4 254.9 270.1 286.3 300.5 311.5 320.1 326.3 332.1 338 344.8 349.6
