data/340000-820000.asc
ncols 200
nrows 200
xllcorner 340000
yllcorner 820000
cellsize 50
[rows 70 to 104 of 200, columns 78 to 155 of 200]
384 381.2 380.3 382.1 382.5 383.5 384.4 383.1 379.7 377.4 374.6 373.8 373.4 376.3 377.6 380.1 382.6 385.3 388 393.6 401.6 411.5 417.9 414.4 410 404.6 400.1 397.9 402 402.5 397.1 388.6 378.8 368.7 359.6 354 352.2 350.8 345.9 328.7 332.1 329.7 332.3 332.8 328.2 336.5 337 337.4 333.3 331.5 324.6 318.5 313 307.4 299.1 290.4 284.8 281.3 277.9 276.1 273.8 271.6 269.8 267.8 264.7 262.5 259.9 259.1 258 255.3 249.3 247.4 245.5 244.7 243 240.6 239.5 238
386.9 389.4 393.6 394.9 395.2 394.9 393.4 390.5 386.5 382.7 379.7 377.9 377.1 377.1 378.2 380 381.1 383 385.5 388.7 394.9 401.6 407.5 405.6 402.8 398.8 396.9 398 399.5 398.7 393.7 386 376.9 368.4 361.6 355.4 351.7 349.5 343.7 336.6 337.1 334.9 336.5 333.3 333.1 332.3 330.9 331.3 331 330.5 328.5 321.9 319.1 311.8 304.3 298.1 295.5 293 289.9 285.5 277.9 275.6 275.3 274.3 272.7 268.3 265.6 265.3 263.7 260.3 251.1 251.5 249.1 248 246.4 243.6 241 238.4
390.8 395.2 402.1 405 405.6 403 400.1 396.1 391.6 387.6 384.5 382.2 380.7 379.2 378.7 379.7 380.8 381 382.6 384.9 387.7 391.9 395.4 396.6 394.3 393.6 394.1 396.4 395.6 394.7 389.4 382.3 374.4 366.5 360.1 355.7 351.4 346.1 340.7 338.1 339.5 336.3 333 329.8 327.4 327.3 326.6 326.7 327.6 328.6 328 323.6 323.4 315.7 309.4 306.4 308.4 307.5 302.6 294.8 287.9 284.3 286.7 280.2 279.2 277.7 277 273 269.6 264.4 254 254.6 252.3 250 249.6 246.4 242.5 239.5
389.2 400.3 408.6 408.8 409.3 406.2 403.9 401.2 396.8 392.9 389.2 386.4 384.2 382.2 380.3 379.5 379.8 379.6 380 381.2 382.7 384.4 385.8 388.5 390.2 389.8 392.7 391.7 390 388 382.5 375.9 368.4 362.8 359.1 358.1 355.3 353.8 348.3 341.7 343.2 337.9 331.3 327.8 325.5 323 322.4 322.5 324 325.2 324.3 323.2 324.7 319.3 313 312.8 319.2 317 310 303.9 299.4 297.3 292.8 295.1 295.7 290.2 286.6 282.2 276.7 269.9 259.8 257.9 256.3 254 251.7 248.7 245.3 242.3
386.5 395.9 402.9 406 407.4 406.9 405.3 402.4 399.3 395.8 393.3 390.3 387 384.3 381.5 380.3 380.5 378.3 376.5 374.6 375.7 377.3 377.9 380.7 384.6 389.5 394 388.5 381.9 377.8 373.1 367.3 361.7 357.3 356.4 367.7 369.7 370.3 355.1 345.9 348.8 337.8 330.5 327 324.3 321.6 319.4 318.4 319.7 319.9 319.5 320.3 321.2 318.7 315.7 317 325.8 322.4 316.1 311.4 308.8 306.9 303.4 304.8 302.2 299.3 295.6 290.6 285.1 278.9 274.9 268.8 263 261.7 256.3 252.3 249.2 246.1
381.7 389.6 395.5 398.7 402.6 404.7 403.6 401.6 399.3 398 398.2 393.3 389.1 386 382.3 381.1 378.6 376 371.7 365.6 367.2 367.4 372 376.9 382.3 391.8 393.9 385.1 375.6 368.4 363.7 357.6 353.3 350.1 352.6 360.1 364.9 362.1 351.8 351.7 345.8 338 332.2 328.3 325.2 321.6 317.3 315.4 314.9 315.3 315.1 315.7 316.2 315 314.1 316.5 324.2 324.9 322.4 317.3 314.2 311.1 311.1 310.1 308.4 308.4 306.6 304 301.8 297.9 290.7 282.7 272.5 263.4 262.4 256.6 253 249.9
376 381.5 387.4 390.7 395 397.7 398.8 398.8 397 396.7 399.5 395.6 389.5 385.2 382.7 381.8 378.6 374.2 369 361.8 360.4 362.2 367.8 376.6 387.7 394.9 392.1 382.6 371.3 363.4 356.3 349.5 346.4 343.4 344.8 349.6 352.4 352.2 350.9 350.4 346.7 341.7 335 329.9 325.7 321.5 316.6 312.4 310.7 310.3 310 310.2 310.2 309.3 310.1 311.6 318.3 322.5 319.5 315.8 313.7 310.6 310.6 312.9 315.3 319.5 324.2 325.6 323.1 317.2 307.7 293.7 279.3 267.8 265 262.6 257.8 253.1
372.3 378.2 383.3 384 386.8 389.3 392.5 393.6 392.8 391.6 392.6 390.9 386.8 384.3 383.3 382.7 378.5 373.2 366.2 358.1 351.2 360.1 370.3 379.8 388.6 392.4 388 380.1 370.6 361.3 352.9 346.1 342.1 338.5 337.9 341.1 345.1 349.7 353.6 355.5 355 346.3 338.7 332.8 329.1 324.2 319.9 310.8 308.1 306.9 306.4 305.7 305.2 304.5 305.8 308.7 317.3 318.2 315.2 312.2 310.2 309.8 312.2 314.8 322.1 329.6 335.9 338.9 338.6 330.4 315.8 294.4 280 270.6 266.6 265.2 260.6 256.6
369 374.7 378.3 379.4 380.4 382.2 385.2 385.6 386.4 387 387.7 387.1 384.6 382 381.6 382.4 376.2 369.4 362.2 351.4 348.9 357.7 368.2 378 384.3 387.4 385.6 379.4 371.4 360.4 350.4 343.1 337.1 333.6 331.7 334.7 340.3 349.5 354.9 360.8 359.7 352.7 342.4 335.7 329.8 323.4 317.1 308.9 306 304.1 302.7 301.3 300.4 301 302.3 304.8 312.4 313.8 311.3 309.2 307.5 307.7 310.2 315.2 321.6 331.3 341.1 348.1 346 333.3 315.2 292.5 283.7 274.5 270.6 268.3 264.3 260.4
366.1 371.2 373.3 374.4 376.2 378.3 379.7 381.1 382.5 383.6 384 383.3 381.1 379.3 378 375.7 369.9 362.6 353.3 340.8 342.1 351.7 361.8 377 385.7 390.2 387.4 382.5 373.7 362.4 350.7 339.9 333.3 328.5 326.7 328.3 335.1 343.9 351.9 360.6 362 355.5 349.7 339.6 331.1 322.1 315.8 308.7 304.3 302.3 300.1 298.7 297.2 297.3 298.1 302.5 308.6 308.4 307.4 306 304.5 304.6 306.3 310.4 317.3 326.2 337.9 345.4 338.6 324.6 306.4 293.3 287 278.8 275.3 272.4 268.6 263.9
365.6 367.7 369.9 372.2 373.9 375.3 376.5 377.7 379.1 380.1 380.9 378.9 376.7 375.1 374.5 371.2 364 355.4 340.6 330.6 333.1 344.4 364.7 380.3 393.5 396.2 393.9 387 375.8 365.3 354.6 340.7 330.2 323.5 321 321.9 327.8 335.4 344.2 353.2 359.7 361.5 357.4 346.4 334.8 324.3 317.4 309.4 303.4 300.4 298.5 296.7 295 294.2 294 298.2 303.3 302.5 301.5 301.8 300.4 300.5 302.5 306.3 312.2 317.1 325.9 331.6 327 315.3 303.3 296.1 289.1 283.4 280.1 279.7 273.2 268.3
365.6 369.3 369.4 371.3 373 374.2 375.1 376.1 377.1 378.1 377.8 374.7 372.8 372 371.4 369 359.7 345.8 332 321.1 321.3 337.6 355.6 369.4 381.6 389.6 386.3 383.7 376.9 366.7 354.4 339.1 326.3 319 316 316.7 320.5 326.5 334 342.6 352.5 365.2 362.1 352.4 338.4 328.5 319.6 311.4 304.4 299.7 297 295.5 294 292.5 291.8 292.8 296.7 297.3 297.4 297.4 295.4 295.6 297.8 301.3 305.1 309.4 315.3 317.5 315.2 309.9 303.3 297 290.6 286.3 284.8 285.3 278.6 271.9
369 370.9 370.7 370.4 372.2 373.3 374.2 374.8 375.3 376.5 376.6 372.9 368.9 367.9 368.8 365.4 356.7 342.5 324.5 311.4 313.2 326.9 341.8 353.3 363.2 366.6 371.4 372.1 370.3 362.4 352.9 336 322.6 316.3 310.9 310.8 313.7 318 324.9 333 343.2 355.8 358.2 349.4 337.9 329.3 321 313.8 307.6 300.5 297.8 296 293.4 291.4 290.3 290 292 293.7 292.6 293.4 291.1 290.1 292.4 295.2 298.9 301.9 305.3 307.8 308 305.1 302.5 297.7 293.3 289.1 288.8 288.8 282.5 275.1
371.6 372.3 372.3 371 371.1 371.4 371.6 372.1 373.2 374.4 374.7 369.7 364.3 361.9 364.3 360.8 348.9 334.2 319.1 306.8 307.3 315.1 324.9 337.2 350 351.4 356 357.9 357.8 354.3 347 330.9 317 314.9 307.6 304.6 307.4 311.5 316.5 323.8 333.1 340.8 348.3 346.8 336.9 329.2 322.7 315.8 308.2 304.7 302.9 300 295.1 291.5 289.4 288.1 286 289.5 288.2 286.9 285.2 284.8 287.2 289.6 293.1 297.4 301.5 303.6 304.1 303.9 302.2 298.5 294.5 290.2 285.6 286.2 279.3 270.9
373 372.8 372.2 369.7 368.9 369 368.8 369 370.2 372.3 371.5 365.7 359.9 354.4 353.5 353.4 341 327.2 312.2 303.1 301.6 305.2 311.9 318.9 325.9 333.8 340.1 343.4 344.6 346 341.3 326.2 311.1 307.9 306.9 300.5 301.7 305.5 310.1 314.9 320.7 327.4 332.8 335.3 331.4 327.5 322.4 316.4 313.1 313.4 310.7 311.8 306.2 300.8 294.1 288.3 283 283.3 281.7 280.6 279.4 279.4 282.1 284.7 288.8 293.9 299.4 303.2 304.8 305.5 302.5 298.7 294.7 289.7 282.7 278.1 277.6 279.4
373 372.7 370.2 367.4 366.5 365.6 364.7 363.7 364.9 367.9 368.2 361.8 352.9 345.4 339.3 337.4 330 319.3 308.3 301.1 299.1 299 302.6 306.1 310.4 315 322 325.4 328.5 330.1 323.4 314.6 304.6 302.4 302.2 296.5 298.3 302.7 305.4 309.4 313.8 319 325.8 329.3 330.4 324.1 318.4 317.2 317.7 318 318.9 320.8 314.3 307.9 298.7 290.3 283.5 280.3 277 274.3 273.5 274.4 277.3 280.4 284.8 293.9 300.7 304.9 307.4 305.1 301.8 297.8 293.7 288.4 284.3 284.8 286.2 285.4
368.9 368.6 365.2 363.6 362.2 361.5 359.8 356.9 358.4 357.9 362.1 355.8 344.9 333.6 326.2 321 316.2 311 304 299.6 296.8 295.6 297.1 298.8 300 302.4 305.7 308.5 310.1 310.7 309.9 305.7 298.4 295.7 295.4 290.7 295.4 299.3 302.1 305 308.9 314.2 319.2 323 324.1 324.1 317.5 316.5 316.7 316.2 320.2 319.1 316 312.4 301.5 292.7 285.8 282.5 280.7 275 268.9 269.3 272.2 276.3 281.8 293.7 297.2 301.8 302.3 299.9 298.6 296.2 292.8 287.1 289.6 289.7 290.7 292.4
361.4 361.7 360.3 360 359.6 358.9 356.2 353 350.1 347.7 346.6 344.6 336.4 328 320.7 315.4 310.4 305.6 300.9 297.9 295.1 294 292.7 294.1 294.4 294.7 294.7 296.2 296.4 297.1 297.3 296 290.6 288.7 288.4 287.7 294.9 295.6 300.1 302.7 306.7 312 317.4 323.4 327.1 325.4 317.1 314.6 313 312.2 313.6 313 311.1 304.4 297.9 293.9 288 283.9 279.7 275 268.4 264.2 267.1 271.7 280.4 288.1 291.9 295.6 296.6 295.3 293.9 292.8 290.4 286.9 290.5 293 295.1 296.3
355.6 356.7 360 359 358.4 355.4 352.6 348.9 345.9 342.8 340.7 337.8 331.3 325.8 319.1 314.2 309.7 304.9 301 297.2 294.7 292.9 291.7 290.5 290 289.6 289.3 289 288.7 288.1 287.3 286.3 285.3 284.5 284.1 288.5 293.7 293.6 294.7 301.1 306.6 312.2 318.2 323.5 322.1 320.5 316.3 313.5 309.3 308.6 308.8 307.2 302.7 299.7 295.2 291.7 287.1 283.2 278.9 274.1 268.6 262.2 262.1 266.7 276.7 283.6 285.6 288.9 291.1 289.7 288.2 287.5 285.9 286.3 290.9 293.3 295 296.6
347.2 349.8 353.4 354.7 353 351.2 348.2 344.9 341.9 338.9 336.7 332.2 328.3 323.9 319.1 315 310.7 305.3 301.2 297.4 294.4 292.8 291.5 290.2 289.2 288.5 287 285.5 285 285.2 283.6 282.4 281.9 282.1 282.1 285.3 290 290 290.9 296.5 307.4 314 319.6 324.2 323.9 318.2 315.6 312.3 307.3 303.4 303.5 301.1 297.3 294.8 292.9 290.3 286.3 282 277.4 272.6 267.4 261.7 258.6 263.6 272.8 279.6 281.6 284.2 285.3 284.5 284.3 283.7 282.9 287.1 289.8 291.9 294.6 296
346.1 342.5 347.4 348.9 348.5 346 343.3 342.4 340 336.2 333.5 330.9 327.5 322.8 318.3 314.2 310 305.8 302.7 299 295.3 293 291.1 289.9 288.7 286.8 285.1 284.1 283.3 283.3 282 280.2 280.2 280.8 280.6 281.1 284.3 285.1 286.4 288.2 295.1 303 312.4 317.5 317.9 317.8 313.5 310.3 305.5 299.9 296.9 294.3 291 289.4 289.6 291.4 289.4 280.4 275.1 270.7 266 261 257.4 264.8 269.1 275.4 279.8 285.1 283.7 284.3 284.3 282.3 281.3 286.5 290.7 293.6 296 297.6
352.2 344.1 339.1 343.5 342.9 340.8 336.7 339.2 339 334.6 330.9 329.1 327 322.4 318.9 315 311 306.6 302.5 299.1 295.4 291.6 290.2 289.7 287.8 286.6 286.8 284.3 282.9 282.2 280.8 280.3 278.4 277.8 278.4 278.8 279.7 280.9 282.2 283.9 287.2 291.1 299.6 307.7 309.5 311.7 310.2 307.1 301.1 295 288.1 285.2 284.3 283 283 287.6 286.8 278.7 272.8 268.5 264.6 260.8 256.9 260.8 268.3 278.6 285 289 285.8 282.8 282.3 278.7 278.5 283.6 289.2 291.8 295.4 298.1
352 347 335.8 332.5 326.8 323.2 323.9 326.6 330.7 330.2 325.4 322.7 323.8 320 318.4 317.2 316.3 309.7 303.2 298.2 293.4 292.4 294.2 293.3 291.1 289.4 288.3 286.6 286.5 285.9 284 281.6 280.4 278.6 276.2 276.7 276.2 277.5 279.1 280.8 283.2 286.6 289.8 296.2 300.3 303 308 304.4 297.8 289.9 282.3 276.9 275.9 274.7 275.2 276.7 275.7 269.8 265 263.6 261.9 260.1 256.6 260.5 267.2 278.9 280.4 280.7 281 277.8 279 280.1 278.5 279.7 284.9 289.3 292.5 298.6
333.4 331.3 327.5 325.5 326.4 330.4 319 317.3 315 318.2 317.5 315.4 314.7 314.4 313.5 315 313.9 309.9 300.2 296.2 297 297.4 297.5 295.9 292.9 291.8 289.9 288.9 289.8 287.1 284.9 284 283.5 283.9 282 275.7 274.1 273.8 276.1 278.2 279.5 281.6 284.9 286.8 288.9 291.2 302.3 301.6 293.3 288.1 281.8 274.1 267.9 266.4 268 267.9 266.7 264.7 259.7 256.5 259 258.1 255.2 258.8 265.1 271.7 279.3 275.7 273.1 270.2 269.6 271.4 272 274.6 279.2 285.3 289.5 296
351.8 346.5 345.1 343.7 344.1 345.9 338.4 324.9 317.3 313.3 311.7 310.5 310.2 309.7 307.7 308.6 309 306.1 300.6 303.9 304.8 303 300.7 297.4 294.9 293.4 291.3 291.5 292.5 288.6 286.8 285.9 284.8 283.4 281.7 279.8 279.1 276 271.5 273.6 275.7 277.8 279.2 280 279.8 282.3 288.3 293 290 287.1 282.3 275.8 269 261.8 260.3 259.8 257.4 255.6 255 254.1 254.3 255.6 256.8 268.5 271 268.7 272.2 270.5 267.6 264.7 263.9 265.9 267.9 269.2 274.1 280.6 285 289.5
359.6 355.3 354.2 351.5 349.7 346.7 340.7 332.3 327 320.5 313.9 309.1 308.7 306.5 305.1 304 303.4 303 306.1 307.5 307.9 308.7 304.1 300.2 299.1 297.5 295 293.6 293.6 292 289.5 288 286.9 285.4 283.6 282 281.4 277.8 276.5 270.5 271.4 273.7 275.1 275.1 274.7 276.4 278.1 281.3 283 283.1 279.5 274.7 268.8 260.8 255.9 254.7 254.3 253.4 253.5 255 262 269 271.4 272.2 269.1 266.8 266.2 264.8 263 262.1 269.2 271.3 271.3 265.6 269.5 274.3 276.5 277.7
363.2 355.3 358.4 356.1 353.7 349.2 344.9 343.2 342.8 339.6 330.9 325.8 322.9 317.9 313.4 310.3 311.5 312.9 311 310.8 310.9 310.1 307.2 303.7 303.2 301.8 297.9 296.2 294.9 294.4 291.7 290.5 289.2 287.4 285.6 283.9 281.8 279.7 278.2 275.2 270.9 270.7 269.5 269.8 269.4 271.9 273 275.6 276.4 276.7 278.1 274.4 268.4 260.1 254 253.6 253.3 252.8 252.4 256.2 270.5 279.1 270.9 268 263.6 261 260.4 260.5 260.7 266.9 271.3 271.8 270.4 260.8 263.2 267.4 269.7 268.4
365.4 358.2 364 361.6 358.9 358.7 357.1 359.2 361.6 358.4 352.8 348.4 345.2 337.2 330.1 323.5 321.1 321.4 317.8 316.7 314.7 311.6 309.2 307 305.6 304.6 300.6 299.1 297.9 296.6 294.8 293.3 291.4 289.6 287.8 286.1 284.3 282.3 281.7 280.2 277.1 280 270.5 263.3 264.2 267.4 269.6 268.6 268.8 269.7 271.6 271.4 265.8 256.9 253.6 253.7 253.2 252.7 252.3 257.1 272.7 275.1 268.7 266.3 265.6 261.5 260.4 260.4 261.9 271.2 271.2 271.9 261.2 255.3 254.1 258.1 261 261.4
368.7 365.1 369.2 370.1 370 371.9 372.8 376.8 379.2 378.4 375.7 373.6 369.4 361 350.8 342.5 338.2 333 326.8 321.4 318.2 315.1 312.2 309.3 306.7 305.2 302.9 301.4 301.2 300.6 297.7 295.4 293.8 292 290.2 288.7 287.8 286.3 284.7 283.2 281.2 281.2 277.1 271.7 261.4 264 262.9 263.1 263.1 263.8 263.9 263.8 261.5 254.1 254.2 253.9 253.9 252.7 252.2 254.9 271.3 266.3 265.7 263.8 262.9 262.5 261.3 263.2 270.6 270.3 271.2 268.2 254.7 248.3 248.7 250 254.5 256.8
373 367.1 375.2 376.9 384.2 388 392.8 396.4 399 398.7 395.9 391.7 385.6 375.8 366.6 360.6 355.6 348 337.7 330.1 323.9 319.9 317.7 314.3 310.5 308 306.7 303.9 302.4 302.2 299.6 297.6 296.7 294.6 292.8 291.4 290.1 289.6 287.7 285 285.1 285.6 280.7 276.2 272.4 266.1 259.9 259.3 258.8 259.2 258.7 259.2 256.4 254.7 255 254.2 254.5 254.3 252.1 251.4 259 260.4 260.7 259.3 260.3 261.2 263.1 263.3 263.7 261.8 256.5 251.2 247.5 244.8 239.3 241.8 252.3 252.8
374.8 374.4 376.1 385.8 391.1 400.4 407.6 411.9 414.8 414.5 410.3 405.4 397.8 387.7 380 373.3 367.5 359.4 348.2 341.4 333.3 327.4 324.1 317.5 313.8 311.1 307.8 306.2 304.9 303.6 301.2 299.8 298.3 296.6 295 293.5 292.2 292 290.4 287.5 285.4 284.7 283.4 279.6 275.9 272.8 268 262.6 259.8 257.6 256.8 256.2 255.5 254.7 255.7 254.4 257.2 257.2 255.5 251.8 254.9 257.6 258.2 260.6 264.3 265.3 267.4 263.8 256.1 252.7 252.5 251.8 249.9 248.9 241.9 237.8 242.8 245
381.5 377.4 376.1 380.8 394.9 407.6 416.3 424.5 426.3 424.5 419 413 405.9 396.7 391.1 385.2 378.1 370.2 363.4 356.6 347.1 338.5 332.7 323.5 317.7 313.7 310.4 308 306.6 306.1 305.3 303.4 301.3 298.9 296.9 295.3 294.8 293.1 291.8 289.4 286.5 285.3 288.8 281.9 274.9 272.9 270.2 267.1 262.2 257.5 257 255.7 255.5 255.2 256.8 257.7 260.1 259.4 258.8 256.8 255.4 258.8 259.5 259.6 263.7 266 263.9 259.8 255.6 253.9 252.6 249.8 247.2 246.6 240.4 231.9 236.5 239.3
384.7 389.3 391.1 383.8 389.5 405.7 413.4 421.6 426.9 426 423.4 417.5 413.6 407.4 400.6 394.8 388 380 372.6 366.7 356.2 347.9 338.3 328 324.3 319.5 315.7 313.1 310.4 310.2 309 307 304.6 301.9 299.1 296.4 295.1 293.9 292.5 291.1 288.3 284.2 280 276.7 273.4 271.5 272.1 268.9 261.2 260.8 263.6 266.2 263.6 258.8 260.9 263 263.3 263.5 263.1 262.2 260.7 253.1 259.3 259.1 260.5 262.6 256.9 255.7 254.5 254.4 253 252 250.9 246.1 241.4 231.4 229.4 232.4
387 393.8 395.7 395.1 383.3 389.4 401.5 412.9 419.8 423.1 423.5 422.7 419.6 415.9 409.1 401.5 394.8 387.9 379.8 372.3 363.5 355 344.1 333.2 330.6 326.2 321.3 318.1 315.8 314.6 312.8 310.7 308.2 305.7 301.9 299.1 296.7 294.7 292.8 291.3 289.7 284.9 281.3 277 272.9 269.4 266.8 264.2 265.1 269.6 268.1 270.4 270 263.9 266.3 267.9 268.2 266.5 266 265.6 263.5 261.8 250.1 258.8 256 257.2 246.5 247.3 249.7 251 250.4 249.2 243 238 235.1 229.3 224 224.2
395.1 395.4 398.3 401.4 399.6 398.7 398.1 404.7 402.5 406.7 420.6 424.7 424.8 420.4 413.7 407.1 399.7 392 382 375.9 368.4 359.5 346.1 346.1 333.7 334.1 327.4 322.6 320.9 319.5 317.3 314.5 311.9 309.9 309.5 304.6 300.9 298.1 295.5 292.2 289.8 286.6 283.1 278.3 275.8 272.4 271 270 270.8 273.4 271.2 272.8 272.1 268.7 269.8 269.8 269.5 268.5 269 267.8 269.4 268.4 265.2 248.4 242.6 252.1 219.3 218.7 234.9 235.6 229.5 235.6 236 231.8 229.1 228.6 223.4 216.6
