data/340000-610000.asc
ncols 200
nrows 200
xllcorner 340000
yllcorner 610000
cellsize 50
[rows 140 to 174 of 200, columns 78 to 155 of 200]
270.2 262.7 250.5 239.3 231.7 229.5 236.1 245 251.3 255 255.7 253.7 252.7 251.5 247.9 244.5 239.6 237.4 238.6 241.3 247.2 254.9 256.5 256.3 255.4 250.9 243.1 229 214.6 203.1 193.8 194 193.4 193.1 191.7 190.1 186.1 191.3 188.5 189.3 191.9 191 188 185.7 185 185 184.4 183.9 185.3 193.2 200.8 209.3 210.6 206.2 198.1 194.6 192.7 190.1 188.1 184.9 182.1 177.1 172.5 169 167.1 164.1 162.1 156.6 149.5 134.5 118.8 113.8 115.8 116.6 118 131 144.8 155.6
272.8 262.7 250.6 241.6 237.2 237.1 247.3 257.2 260.6 262 263 261 259.2 256.1 251.1 246.2 241.6 240.9 243.7 247.3 253.1 255.7 255.5 255.2 251.3 245.3 233.7 220.9 212.5 204.1 194.5 193.3 193.3 191.7 189.7 189.9 193.2 194.3 194.1 197.6 200.5 199.6 195.4 193.6 191.8 191.5 190.5 190.8 195.1 207 218.4 217.4 215.6 212.3 208.4 206.5 205.2 202.9 198.3 197.9 196.4 194.6 194.1 194 190 184.8 175 157.5 146.7 132.1 120.2 113.9 116 117.9 118.5 136.9 154.2 164
273.6 264.6 255.8 249.3 246.9 247.5 258.4 264.5 268.9 270.1 270.5 269.8 264.5 258.2 250.9 244.9 244.2 244.6 249.6 256.1 256.9 256.5 254.6 253.7 246.6 235.7 225.2 214.9 209.1 202.6 194.3 193.3 193.3 190.6 190.8 194.4 198.2 199.1 201.8 205.6 207.8 207.6 203.3 200.7 199.3 198.1 197.6 200 208.5 217.8 220.6 220.1 219 218.2 217.4 217.6 216.8 217 216.4 215.6 210.5 211 206.2 202.4 197.8 190.5 177.7 160.1 140.9 127.4 117 114.3 116 117.8 118.7 138.9 155.8 164.8
274.9 271.1 264.5 257.7 253.8 253.6 264.7 270.4 275.6 276.4 276.2 274.6 265.5 257 250.6 248.9 248.9 250.4 254.9 255.8 256.8 257.3 253.5 247.3 238.2 230.3 217.8 208.8 205.1 200.7 194.4 191.5 193.3 193.8 194.2 198.1 202.5 205.6 209.7 213.5 214.9 214.9 211 206.9 206 205.2 206.5 210.5 216.6 219.2 219.1 222.3 225 224.6 223.3 227 230 233.4 233.8 229.9 221.6 217.3 210.6 203.9 197.8 186.8 173.1 157.3 137.1 125.7 117.1 114.6 118.3 118.9 119.3 138.2 155 159.1
279.2 276.7 272.2 265.5 261.2 261.2 267.7 273.8 277.7 280.2 279.1 271.7 263.9 258.6 256.8 258.2 259.9 258.4 255.7 255.4 254.6 252.6 247.8 242.4 234.2 223.8 212.8 206.4 202.4 199.1 195.5 192 191.9 194.9 197.8 201.5 209.5 216 219.9 221.7 222 220.4 217.5 211.7 211.3 211.9 213.6 216.6 221.5 222.5 224 231.3 229.8 228.1 231.4 235.9 242.9 242.3 236.7 229.3 223.5 217.5 210 202.6 190.3 178.4 166.8 150.3 133.9 124.5 117.4 116.3 118.9 119.8 122.5 136.5 149.5 159
285.8 283.1 277.9 269.1 264.8 264.3 268.3 274.2 279.5 280.2 275.6 270.8 267.1 264.3 263.7 265.2 264.2 261.7 259.1 259.4 257 252.9 247.7 241.4 231.4 220 211.1 205.6 201.3 198 194.7 193.3 196.3 199.7 204.1 212.3 219.7 224.9 227.8 228.5 227.7 225.6 221.5 218.6 217.3 218.2 220 223 225.4 226.8 230.9 232.9 233.3 234 238.1 244.3 246.8 241.6 232.8 226.5 218.9 213.1 207.6 195 185.3 173.4 159 144.5 130.8 119.6 118.7 116.5 121.5 123.7 129 135.2 150.4 161
288.8 284.4 276.2 270.8 270.3 269.4 271.4 276.8 279.5 278.9 277.2 273.9 270.4 269.2 268.3 266.9 264.4 265.8 268.2 266.1 261.4 254.9 247.7 239.8 228 217.9 208.9 203.6 199.4 195.9 193.2 195.5 198.9 205 213.7 221.1 227.6 231.9 233.9 233.2 231.5 229 225.6 227.2 226.2 225.5 227 227.8 229.5 232.2 235.6 235.2 234.5 236.9 241.3 244.7 244.7 237.8 231.9 223.9 216.6 206.8 195.8 187.1 176.9 165.5 154.5 137.7 128.3 118.2 118.6 117.5 125.3 129.6 133.7 139.1 154.2 162.5
291.6 286.2 280.4 276.1 276 273.9 275.6 279.6 282.6 281.6 279.5 276.9 275.7 274 267.3 265.4 274.2 278.5 275.2 269.1 262.5 255.7 247.7 237.4 224.8 214.1 206.1 201.2 197.1 194.4 194.9 198.3 204 213.4 222.5 228.9 234.4 237.5 238.1 235.8 233.3 229.6 235.4 235.9 235.4 234.1 233 233.7 235.9 238.3 239.6 237 235.5 234 236.1 236.6 235.7 233.3 225.9 219.5 208.4 199.1 188.1 180.9 169.8 157.3 145.8 133.6 121.4 118.5 118.5 117.9 125.7 131.5 135.3 141.9 153.6 162.1
294.4 292.5 286.6 282.5 281 280.5 278.9 282.5 285.2 285 280.5 277.8 277.5 271.2 271.6 274.2 281.2 280.5 274.6 269.2 263.1 255.9 245.6 233.3 220.8 210.5 203.4 199 195.3 195.3 197.8 202.9 210.5 219.9 229.4 236 241 241.6 239.9 238.6 234.4 240.5 241.2 241.7 241.7 241 240.5 242.9 244 244.2 240.1 235 230.3 230.1 230.5 228.5 227.3 223.6 216.3 209 199.5 189.8 180.1 168.9 154.6 141.7 132.7 122 119.2 119.2 116.3 117.8 124.4 132.8 136.5 140.3 148 156.6
297 294.2 293 291.5 292 289.7 284.8 285.2 286.8 282.3 277.8 273.6 271 277.4 282.3 281.4 280 276.1 275.4 267.2 261.6 251.5 240.4 228.4 215.5 209.1 202.2 197.4 195.2 197.5 200.7 207 217.6 226.7 235.1 243.3 244.1 243.4 240 239.2 242.6 244.3 245.7 246.7 246.7 248.6 250.7 252 247.5 244.3 240.6 233.7 226.9 223.4 222.8 221 215 210.9 204.4 199.8 187.5 177.2 166.3 150.6 143.5 132.7 124.1 120.8 119.6 116.7 118.1 118.6 119 135.4 139.9 142.6 146.6 154
297.8 297.6 300 300.8 298.1 292.7 285.9 287.6 288.3 281.9 277.1 271.1 275.4 281.7 283.8 282.6 282.3 280.8 270.8 262.1 253.5 244.2 233.8 220.1 213.5 206.6 200.2 195.5 197.6 199.9 205.9 217 226.3 232.4 240.4 244.8 245.8 242.4 239 241 244.2 246.2 248 251.2 254 255.4 254.9 250.9 248.2 245.3 239.2 230.7 222.4 217.6 216.7 209 202 197.6 193.4 184.1 173.7 163.5 157.5 154.3 147.9 138.8 130.3 123.3 120.1 118.3 119.3 119.2 119.4 138.2 142.8 145.4 150.3 156.5
296.2 299.7 302.7 299.9 296.9 290.3 284 290.2 286.6 279.7 273.8 270.4 274.7 280.7 284 282.2 281.4 273.7 265.7 257.4 247.2 236.2 223.2 213.4 209.1 202.5 196.6 198 200.4 203.1 213.1 224.2 232.5 238.1 243 246.6 243.1 238.1 236.9 238.4 241.6 246.8 250.3 253.9 256.3 254.5 250 248.9 245.1 242 235.1 224.6 217.3 212 204.5 197.2 192 186 177.3 167.3 161.3 158.3 156.8 151.9 146.7 140.7 133.7 126.2 117.2 118.8 119.5 120.8 129.7 143.5 145.8 150 156 162.7
291.8 295 293.8 290.5 287.8 280.2 284.9 286.1 282.1 276.3 270.5 269.8 274.5 279 280.5 276.1 271.5 265.6 259.1 251.1 240.5 225.7 212.8 206.7 202.4 195.7 196 200.3 203.9 207.8 221.4 233.2 239.4 240.6 242.8 240.7 237.2 234.4 234.2 236.3 240.1 244.9 249.2 252.9 253.9 246.5 246.8 245.2 241.6 237 230.6 220.1 210.2 202.4 195.1 188.6 182.6 174.9 166 162.9 161 157 151.5 148.7 143.9 138.9 130.4 119.5 119.4 120 120.5 123.5 142 147.9 152 155.8 161.4 170.8
282.1 282.7 281.2 279.7 277.9 277.6 280 281.8 282.8 279.5 271.2 270 268.4 270.6 269.4 264.1 261.3 258.3 250.9 243.3 228.2 213.8 204 198.2 195 194.8 199.6 205.3 206.7 215.3 227 235.9 238.5 239.8 238.2 235.7 232.7 229.7 227.9 231.3 235.9 241.2 245.9 247.3 249.3 251.9 249.9 245.9 240.7 233 222.6 212 203.7 196 189 180.6 173.9 165 161.1 159.9 158.8 153.4 148.6 145 140.6 131.6 120.3 117.1 120.6 121.4 127.8 144.3 148.4 155.8 159.3 162.5 168.2 177
279.2 278.8 275 272.8 273.7 275.2 276.7 281.9 283.4 277.4 268.2 262 259.4 260.8 255.6 255.2 253.2 248.3 239.3 227.7 217.6 206.7 200.7 196.8 195 196.3 200.7 203.8 207.8 218.5 229.4 233.9 236.6 235.2 232.4 229.7 227 223 222.3 226.8 231.2 235 239.8 245.9 249.4 250.9 248.6 243.6 235 224.5 213.5 203.4 195.5 189.1 181.5 173.4 167.3 160.2 157.2 155.8 154.6 150.2 144.2 137.7 128.4 121.1 119.9 118.7 120.9 135.4 137.2 145.4 152.1 157.5 163.4 167.7 177.6 186.2
276.4 271.6 270 271.4 272.3 270.9 273.4 281.2 278.4 271.4 262.2 255.7 253.9 251.7 247.8 245.4 240 232.4 221.8 218.7 212.4 207.6 201.3 197.6 198.5 198.5 198.6 202 207.5 215.7 225 229.5 229.8 228.1 224.3 221 219 215.7 218.4 222.2 226.5 234.4 241.9 245.6 245.9 248.4 246.1 237.2 226.2 214.2 204.4 196.1 189.6 184.5 177.7 168.5 163.1 161 155.8 153.2 150.3 144.4 139.6 127.4 121.7 120.6 118.2 121.5 132.6 140.2 145.3 143.1 154.2 159.5 165.9 179.4 187.9 193.4
268.5 267.6 267.6 271.3 271.8 271.7 270.4 274.3 269.2 260.9 255 254.4 251 245.9 241.5 237.4 231.8 224.9 220.5 215.3 211.1 207.6 202.9 198.7 198.5 198.5 198.1 200.3 205.8 207.7 214.1 220 220.4 218.2 216.5 213.3 210.6 211.6 215.3 219.7 226.4 234.4 240.8 243.8 239.8 239.4 236.2 227.1 216.4 207 200.1 193.6 187.7 182.1 173.9 163.1 159.9 160.1 156.4 150.8 143.6 137.3 128.4 120.5 120.4 119.7 127.8 134.2 138.8 147.1 152.9 153.2 155.7 162.8 175.8 186.4 193.4 197.8
267 265 265.1 268.5 270.7 270.1 264.6 265.6 260.7 256.2 253.7 253.7 251.8 247.3 241.5 234.7 228.3 223 219.2 216 213.4 210.4 207.2 201.6 198.4 198.5 198.5 199.6 203.1 202.8 202.6 205 207.2 208.4 205.9 205.9 207.3 209 212.5 217.1 221.7 226.8 231.4 232.9 228.9 228 225.1 215.5 210.2 203.4 197.4 191.9 186.5 179.4 167.8 159 154.4 152.8 151.7 146.2 139.2 128.3 118.4 120.7 121.1 128 126.9 138.1 143.6 150.8 156.2 159.3 161.5 168.4 181.2 191.2 195.1 202.9
266.9 264.6 264.1 264.5 264.4 262.8 258.2 257.3 256 253.8 252.3 251.9 252 250.2 241.1 233.3 226.3 224.8 221.5 219.3 216.5 214.7 211 203.8 196.5 198.5 197.7 201 201.2 198.2 196.6 196.7 196.7 196.8 198.1 202.7 204.6 206.4 207.4 212.4 215.8 217 220.4 220.5 214.7 214.3 212.5 209.6 206.4 200.9 194.5 190.2 185.3 178.6 163.2 155.1 150.8 148 146.1 141.2 130.7 122.1 120.9 121.2 127.4 135.2 138.8 141.1 148 154.9 160.7 163.2 165.2 171.2 184 188.5 197.4 206
267.3 263.6 258.5 257.1 258.4 255.4 252.7 254.3 254.1 252.7 251.2 250.5 249.6 247 237.4 231.5 229.4 227.5 224.4 222.5 220.3 216 211.5 204 198.5 197.6 201.7 201.2 198.5 195.4 194.4 193.2 191.3 191.1 195.3 200.3 202.2 203.2 202.3 205.2 205.6 205.6 208.8 210.8 209.2 209.7 207.7 204.3 201.4 198 192.2 188.1 183.1 173 159.3 151.4 147.5 143.6 139.6 134 123.1 119.2 121.4 124 136.9 141.7 145.8 144.6 152.9 160.1 164.3 166.2 168.6 172.5 174 182 192.9 197.4
266.2 262.3 258.6 255 253.6 252.9 253.8 255.4 255.2 254.2 253.8 253 250.4 245 238.2 234.3 230.9 228.1 224.3 221.4 219 213.6 209.7 204.2 198.8 199.6 201 197.8 195.6 195.5 196.1 196.1 195.1 191.2 193.5 197.3 199.6 199.8 198 195.6 195.3 196.3 197.2 196.1 202.5 204.1 203.4 201.2 199.5 194 190.4 185.5 177.8 162.9 154.8 148.3 142.9 137.8 131.1 123.2 122.9 119.9 122.1 138.3 143.5 148.6 154 151.9 158.3 166.4 168.9 169.9 172.3 176.4 174.3 177.8 183.9 190.8
263.5 262.9 257.2 253.6 253.4 255.7 256.8 258.2 258.9 257.8 257 255.4 250.3 244.1 236 231.8 229.1 226.5 223.1 218.9 215.4 213.3 208.1 204.3 199.5 198.4 197.3 197.5 199.6 201.3 202.2 200.8 198.3 192.5 190.6 194 196.7 196.7 194.9 192.6 189.2 187.3 183.5 183.5 190.4 196.2 195 194.9 195.8 189.5 187.7 183.9 170.2 156.9 144.3 138.2 134.5 128.8 123.4 123.2 122.9 121.1 131.8 143.3 149.1 155.1 161.2 161.9 162 170.7 172.2 175 177.4 181.4 178.6 177.6 181.9 187.1
261.1 256.9 253.1 251 251.6 254.4 257.4 260 261 260.6 258.8 256.2 247.6 242 236.4 230.6 227 223.8 221 218 214.3 211.3 208.3 202.6 197.7 196.9 197.1 198.9 201 202.9 204.7 203.5 201.4 197.9 191.9 190 192.9 193.3 191.2 187.1 184.3 181.8 174.9 171.3 175.9 179 182.3 182 184.3 183.2 181.2 175.2 162.9 150 138 133.5 127.7 124.9 123.9 123.5 123.1 120.9 140.3 148.4 156.1 162.5 169.2 171.9 169.5 172.4 175.2 178.1 180.6 183.7 182.7 179.6 182.8 186.9
257 253.1 249.8 248.6 248.2 251.1 254.8 257.5 260.4 263 259.5 255.7 248.5 242.2 233.4 229.3 225 221.9 219.3 216.8 213.7 210 207.2 204.6 201.3 198.3 198.8 200.9 202.8 204.9 207.1 206 205.2 202.3 197.1 194.6 193.8 193.4 191.8 190.5 184.1 173.3 168.8 165.3 163.1 166.8 167.2 170 174.7 175.7 173 166.7 154.3 139.6 134.1 127.9 125.7 124.9 124.1 123.7 123.7 121.4 145.9 154.8 162.7 172.6 176.3 177.4 175.1 170.4 178 180.4 182.5 185.1 184.5 181.6 184.2 189.5
255.1 251.3 247.8 245.4 244.6 245.1 251.2 257.4 260.5 262.1 260.1 255.4 249.3 239.9 232.7 227.7 224 220.6 217.9 215.4 212.9 209.4 206.7 204.1 202.2 199.3 201 203 205.8 207.4 210 210.7 208.8 206 202.5 198.8 194.8 191.1 188.8 186.9 186.1 184 178.3 172.9 168.4 153.6 158.6 157.8 160.8 161.9 157.2 150 141.6 135.5 127.4 126.1 125.5 125 124.3 123.7 121 143.5 151.1 166.7 176.6 184.1 184 181.2 180.4 178.8 179.6 182.2 184.7 188.3 186.1 185.8 188.1 193.1
253.2 249.9 246.4 242.9 241.2 241.6 248.8 255.3 259.7 261.2 258.5 254.4 246.3 238.8 233.4 227.7 223 219.6 216.4 213.9 212.2 209 206.2 203.5 201.6 201.6 204.9 208.1 211.6 213.6 215.8 214.6 211.6 207.3 201.2 196.2 191.9 188.9 185.7 183.1 181.2 179.2 176 171.4 168 162.1 155 145.1 145.1 142.9 138.5 134 133.7 128.2 126.5 125.6 122.1 121.8 123.4 129.4 147.6 150.3 159.2 169.7 178.2 182.4 184.3 184 184.9 183 180.1 185 187.8 188.7 188.2 190.2 192.2 197.4
249.4 247 242.8 238.2 237.3 237.8 243.1 250.3 257.7 261.5 257.9 249.3 241.9 237.5 233.7 226.8 221.2 218.2 215.2 212.7 211 208.6 205.8 203 203.1 208.8 213.9 216.9 217.4 218.4 218.2 217.4 214.2 207.2 200.5 194.3 190 187.7 184.4 181.2 178.6 174.7 171.2 167.9 163.2 158.8 154.2 150.2 146.4 142 138.4 133.3 129.7 126.5 122.3 124.4 125.1 124.9 125 142.3 147.3 152 160.2 168.6 177 183.4 185.6 189.1 189.2 186.2 180.5 185.5 187.7 188.7 190.6 194.3 199.6 205.7
245.8 243.1 239.3 235 234.1 233.9 237.4 243.4 251.2 256.3 248.9 239.5 240.5 238.4 233.5 222.3 217.4 214.2 212 210.7 209.6 206.7 203.1 204.1 211.8 219.8 222.3 222.4 223.6 224.1 222.4 219.9 216.7 208.6 200.9 194.5 189.6 186.5 183.6 178.4 175.6 171.6 168.1 164.6 158.9 152.7 148.7 145.7 142.5 139.5 136 128.3 122.8 125.4 125.5 125.6 125.4 125.3 139.6 146.7 150.7 154.1 160.3 168.1 175.6 186 193.2 194.3 190.9 186 181.5 183.4 185 190.2 195.5 201.2 207.6 214.2
242.9 239.8 237.5 232.9 229.5 229.9 232.3 238.9 243.2 244 239.9 241.5 239.4 234 222.3 216.8 215 212.1 208.7 207.1 204.3 204 207.3 216 220.7 223.4 224.4 225.7 227.6 228.2 226.1 222.2 217.3 210 203.1 195.4 188.8 185 181.8 177.5 171.9 166.5 163.7 160.9 156.4 150.3 146.1 138.2 132.9 127.5 123.6 125.5 125.9 125.9 126.1 125.9 125.5 128.8 141.8 146.5 151.3 156.2 162.5 177.4 193.8 197.3 198 192.4 188.4 184.4 180.9 182.2 187.1 194.8 202.9 211.3 215.8 220
240.3 236.8 234.2 228.6 225.1 225.9 225.4 227.3 232.5 234.4 236.8 232.6 228.6 222 213.7 216.1 216.2 211.4 207 204.5 205.4 208.8 216.9 222 224.2 225.9 226 228.3 231.4 231.8 228.4 223.3 217.6 212.1 205.7 197.6 190.3 183.7 178.5 174.9 169.3 163.1 159 156.5 153.2 147.5 143.1 132.5 127.4 125.4 125.8 126.3 126.4 126.4 126.4 126.4 126.5 139.8 143.8 147.9 152.8 160.2 174.3 190.3 198.7 201.5 198.2 190.9 186.4 182.7 181.2 184.6 193.1 205.8 215.5 218 219.9 228.7
238.1 234.1 230.8 226.9 222.5 222.7 220.8 217.8 221.1 225.8 228.2 224.1 219 210.4 217 218 215.5 210 205.7 204.7 209.6 211.8 219.3 225.7 230.7 232.4 231.9 236.1 237.4 233.4 227.3 222.6 217 210.7 204.8 197.9 192 183.5 176.6 171.3 166.2 160.3 155.7 153 149.3 144.3 136.8 128.1 124.2 126.2 126.7 126.9 127.1 126.8 126.8 126.5 135.9 142.1 145.4 148.9 154 167.5 185.5 199.9 208.6 207 196.8 190.4 186.2 183.1 183 189.1 202.2 211.4 215.2 218.9 225.9 226.5
235.7 231.7 228.9 224.9 220.2 215.5 217.1 213.9 215.7 218.9 219.2 216.9 207.6 208.1 216.4 215.3 208.2 203.4 202.8 207 208.9 213.4 225.5 230.5 233.2 232.7 237.3 240.9 235.8 231.2 227.4 221.5 214.6 208 202.1 195.4 187.5 180.5 174.6 168.5 162.1 156.1 152.4 149.7 146.3 138.7 129.7 127.5 125.6 127.1 127.6 127.8 127.7 127.2 133.5 137.8 139.9 143.7 147.1 151.9 162.1 178 195.7 203.8 211.2 201.2 196.9 190.8 186.2 184.4 184.5 192 203.3 209.3 216.1 220.2 220.6 218.7
232.5 230.1 227.7 225.5 221 215.5 211 210.6 209.7 209.2 207.1 204.9 198 201.6 209.1 202.5 198.2 197.2 200.1 202.6 202.2 215.1 223.2 225.9 224.2 230.2 237.4 236.3 234.3 231.3 225.7 218 212.6 205.4 198.6 191.9 184.1 177.5 172.2 166.2 158.7 152.2 148.6 146.7 142.7 130.9 128.9 127.9 126.8 127.7 129.4 128.9 133 139 144.8 140.1 142.8 146.4 149.9 158.5 173.5 190.6 200.3 201.9 202.2 199.6 196.1 191.6 189.2 187.1 186.5 190.7 197.8 205.1 211.7 215.1 215.5 215.6
232.1 229.8 227.4 224.5 221.4 215.7 208.5 205.4 202.5 200.1 198.4 196.9 195.7 196.5 195.4 192.7 191.7 192.4 194.7 197.1 196.9 209.5 215.2 217.2 223.9 232.3 236.3 236.3 234.7 228.2 221.4 215.6 209.9 202.8 195.6 188.4 181.3 175.5 169.8 162.7 152 145.3 145.1 143.6 138.2 129.9 129.2 128.4 128.1 129 135.6 139 143.7 145.9 150.2 142.9 145.7 150.5 156 168.4 182.6 197.4 201.9 201.6 200 198.2 197.1 196.4 195 194 191.6 189 196.3 203.2 208.3 211.7 211.8 213.3
231.5 229.5 227.2 224.4 220.5 215.5 209.2 203.2 201.2 199.6 198.5 197.2 195.5 194.5 193.3 192.7 191.7 190.5 190.2 191.7 192.7 202.7 210.2 220.2 229 234.2 236.7 234.8 229.1 223.4 218.5 212.9 207 200.2 193 185.8 180.1 175 166.9 154.8 144.6 140.6 140.6 141.1 131.1 130 129.4 128.9 125.5 135.4 144.6 149.6 153.2 153.2 155.7 149.7 151.8 157.5 166.7 176.6 187.4 195 199.5 201.6 200.6 200.3 200.8 200.3 201.7 203.6 199.8 197.5 194.3 199.4 204.6 206.9 209.2 211.1
