data/340000-770000.asc
ncols 200
nrows 200
xllcorner 340000
yllcorner 770000
cellsize 50
[rows 70 to 104 of 200, columns 78 to 155 of 200]
465.5 481.8 499.8 517.4 533 547.5 558.8 569.8 576.1 573.5 563.8 555.1 546.3 538.7 531.2 521.2 511 501.9 488.5 493 493.7 490.9 486.9 480.5 471.8 465 453.8 438.7 424.2 410.4 426.8 446 464.3 479.7 493.5 504.4 514.5 522.1 524 522.1 518.1 513.8 506.7 500.4 495.4 488.8 477.4 467.7 454.2 441.5 429.8 419.5 408.6 399.4 401 416.1 431.4 450 465.7 482.3 498.2 514.8 534.3 550.5 560.7 570.4 576.1 577.4 577 574.9 571 565.7 557.8 550.6 545.3 538.5 530.5 521.4
460.7 478 497.1 516.3 533.3 548.1 560.7 571.4 577 576.6 568.6 560.6 552 544.3 536.3 526.6 515.8 505.8 506.8 505.5 503.2 498.6 492.5 484.6 476.3 467.2 454.1 438.3 420.5 421.8 418.8 433.6 452.8 469.1 486.5 500.4 512.3 521.2 527.6 528.7 528.4 526.2 522.8 518.9 515 507.6 496.2 480.1 464.6 451 436.9 427.2 416.5 406.4 410.2 425.3 442.8 459.3 476.8 493.3 509.1 528.1 549 564.3 575.9 583.5 586.3 585.3 581.5 575.9 566.4 555.8 548.1 540.6 536.3 530 523.2 515.6
453.4 475.7 495.3 516.2 533.9 549.7 562.9 573 579 577.7 572.4 564.1 557 548.6 539.8 529 521.2 520.4 519.3 516.7 511.6 504.8 495.8 486 474.8 462.2 448 435.7 428.1 434.2 432.4 428.2 444.5 462.5 480.8 497.4 510 520.7 529.3 534.5 537.8 538.9 538.1 537.2 532.1 523.6 510.5 492.8 475.2 459.1 444.7 435.5 424.2 412.6 420.4 435.2 452.3 469.5 487 503.4 519.8 542.1 561.4 576 587.3 592.6 592.5 589.2 583.2 572.1 560.5 553.6 548.9 546.4 539.8 532.3 522.7 515.5
452 470.9 495.6 515.8 535.3 551.7 566 576.6 580.2 579.3 575 567.8 560.4 552.8 543.7 536.1 532.8 532.7 531.4 526.2 518.8 509.4 497.3 484.1 471.1 457.8 446.2 429.2 440.4 448.9 450.1 444.3 440.4 455.1 474.5 493.4 509.1 521.4 532.1 539.9 546.2 550.9 553.5 552 546.7 538.3 524.5 505.2 482.8 465.6 451.7 443.2 432.7 419 431.4 444.1 460.4 477.9 495.2 513.8 534.2 555.3 571.3 583.1 592.6 596.5 597.5 591.1 584.4 575.3 565.8 560.2 557.6 555.2 548.3 539.4 532.8 526.2
447.8 470 494.1 516.5 536.1 553.9 570.1 580.1 583.9 583.4 578.4 571.4 563.8 556.8 549.6 544.9 545 543.7 538.8 532.8 524.7 513.3 498.4 483.3 470.4 457.7 441.2 442.4 453.9 461 461.1 456.7 444.7 452.1 470 490.2 507.1 521.6 534.5 545 554 562.1 565.4 565.8 559.4 549.9 535.4 517.9 498 475 460.9 451.9 434.8 435.3 443.4 454.5 468.8 484.8 504.4 524.6 543.4 562.1 576.7 589.2 597.4 600.5 599.8 595.1 587.6 577.7 573 569.6 567.8 564.1 558.9 552.1 543.7 537.4
446.5 469.5 495.1 517.8 537.6 555.7 571.2 580.5 586.5 587.1 581.4 575.4 569.9 563.3 558.2 555.6 556.4 552.5 546.8 538.2 528.3 516.8 501.4 486.6 472.5 457 443.9 455.6 467.2 474.4 474.5 468 459.5 456.1 470.3 488.5 506.9 522.8 537.2 548.6 560.3 569.4 574.7 575.3 570.6 560.3 544.3 527.7 506.2 486.6 470.6 460.4 451.3 452.7 456.4 466.5 479.4 494.4 513 532.5 550 566.9 581 593.3 600.4 602.3 601.2 596.6 588.9 584.9 580.2 579.2 576.4 572.9 569.2 562.9 555.4 549.7
447.6 468.9 495.9 519.2 542.3 557.4 569.8 579.8 588 588.2 584.2 581 574.5 571 568.1 566.2 563.3 559.2 552.1 542.3 530.2 520 506.9 490.5 473.9 456.6 453.4 466.4 480 487.1 488.9 481.6 471.6 460.5 469.9 488.6 507.7 525.2 539.7 552.6 563.9 573.7 580.2 582.1 578.1 569.5 553.3 535.6 517 499.4 484.3 470.6 467.5 468.2 470.5 481.1 494.1 507.7 522.4 539.6 557.8 574.6 587.6 596.5 601.9 603.1 602.3 597.9 595.6 593.3 590.1 589.4 587.5 583.5 579.7 574 569.5 563.3
451.3 471.8 498.3 519.8 540.7 556.5 567.2 579.7 587.9 590 589.3 586.4 582.7 580.4 577.8 573.7 568.7 563.5 553.6 543.3 533.6 523.9 510.7 494.3 474.4 455.7 460.6 474.7 490.1 500.9 505.1 496 484.1 474.7 468.9 490.3 508.8 527 542 554.6 566.2 576.2 582.8 586.3 581.2 574.2 561.6 543 529.1 513.3 498 484.4 483.7 485.5 489.3 497.3 507.7 519.8 532.5 551.1 569.7 584.6 594.8 601.1 605.2 604.5 602.5 601.8 602.5 599.6 599.7 599 598.4 596.4 593.7 589.4 583.5 576.1
462.2 467.8 494.1 518.4 536.7 550.7 564.3 577.1 588.9 593.7 592.7 592.2 591 589 584.7 579.2 572.9 566.1 555.5 545.4 537 525.9 510.8 493.9 476.5 462.6 469.3 485.3 502.4 516.6 522.9 515.4 500.1 491.9 484.7 491.3 509.9 527.5 541.8 555.2 567.7 577.5 585.7 587.6 584.7 577.8 566.8 551.7 542.1 526.8 515 505.4 503.2 503.2 505.3 511.9 523.2 535.8 549.2 565.2 581.6 593 600.4 605.7 608.1 607.7 607.1 607.2 608.9 609.6 610 611.2 612.1 611.3 608 603 595.3 586.5
485.1 492.5 490.3 510.1 533.4 545 560.6 577.7 589.7 595.6 599.1 600 598.2 594.9 590.5 583.2 575.3 567.5 557.8 546.4 537.1 525.3 510.4 496 477.7 466 479.2 495.5 515.9 529.4 536.4 532.8 519.4 511.2 503 492.1 509.5 527 541.9 555.7 568.6 578.3 584.7 587.1 584 577 569.9 563.1 552.1 543.7 533.6 525.1 522.3 521 525.4 532.8 543.1 556 567.6 581 593 601.2 607.2 609.5 611.1 611.3 613.7 614.2 615.4 619 621.3 624.5 626.5 624.8 620.6 615.4 607.8 598.2
513.9 518 514.1 513.2 521.7 536.8 558.9 578.4 592.1 600.7 604.5 605 603.6 600 592.5 584.3 576 566.8 554.6 543.7 534.5 523.9 509 491.4 488.5 475.3 489.1 506.2 526.5 540.9 548.7 548.1 537.4 529.9 519.4 510.8 509.8 525.6 540.8 555 566.2 575.8 580.7 579.5 577.4 577.9 573 564.7 559.4 555.4 541.5 546.6 543.3 543.8 548.5 556.7 564.8 574.8 585.1 597.4 603.8 609.9 612.8 614.3 614.1 617.1 619.7 621.6 624.8 629.3 634.8 638.6 640 637.1 632.2 625.8 617.5 608.7
542.5 543.3 542 540.7 532.4 537.7 561.2 580.3 594.3 604.4 608.6 610 608 601.8 596.5 585.6 575.2 562 550.9 539.6 531.5 519.2 511.8 509.4 502.9 484.9 501 519.8 537.7 551.8 559.5 561.1 557.4 548.5 537.3 527.9 518.1 526.4 540.7 553.2 562.8 570.6 575.8 578 577.5 576.8 576.5 573.6 564.9 561.7 558.7 559.3 562.2 564.6 570.1 575.7 583.8 592.1 602.2 610.6 615 617.9 619.3 619 618.1 622.7 626.6 629 633.9 640.1 647.6 652.4 652.6 649 642.2 634.8 626.2 618.1
582.8 575.9 572.9 567.4 549.8 538.1 563.2 580.1 594.4 605.2 610.9 612.1 611.3 604.8 599.6 587.8 581.6 566.4 558.6 552.6 548.3 538.6 533.4 530.1 516 493.3 510.6 531.6 549.5 562.7 570.2 572.7 570.1 564.5 554.3 542.1 531.2 525.2 538.9 549.4 557.8 566.3 573.5 576.8 577.9 577.2 575.4 572.2 570.2 567.8 565.4 568.3 573.8 578 583.5 591.8 597.7 607 613.5 619.9 624.4 625.8 625.9 625.1 628 630.8 633.5 639.9 646.5 652.7 659.4 663.8 663 657.8 649.1 641.9 632.7 624.5
600.2 597 592.1 584.3 566.1 555.5 558.1 580.9 599 608.7 614.4 616 615.2 612.6 607 593.9 590 577.8 574.5 572.3 566.9 558.8 556.4 548.1 532.5 512.3 521.5 542.9 559.5 571.8 579.9 582.7 580.4 575.7 565.6 553.5 545 539.8 541.4 548.6 556.7 563.2 571.3 577.2 578.2 578.5 576.1 572.2 570.7 570.6 571.8 576 583.5 589.1 595.8 602.3 611 618.8 624.6 629.7 633.1 634.1 634.8 635.6 637.5 639.1 646.2 652.8 658.7 665.2 669.9 672.5 670.9 664.8 654.4 646.6 637.8 629.1
608.6 606.7 603.1 596.7 581.7 573 562.9 584.8 603 612.8 618.5 622.2 623.6 622.9 615.3 601.9 597.4 596.5 595.9 592.5 587.4 583.1 578.1 565.9 548.4 529.3 531.9 552.3 568.5 580.4 587.5 590.8 590 585.7 575.8 564.9 558.9 553.6 551 554.8 560.5 567.2 573.3 577.7 580.2 578.6 575.1 573.3 572.5 574.1 576.5 583.6 591.5 598.2 606.2 613.8 621.4 628 634.1 638.8 640.9 642 644.3 643.4 648.2 653.5 659 664.7 670.4 675.7 678.9 679.7 676.4 669.6 658.3 649.1 639.6 630.6
615.4 614.1 611.4 607.7 601.4 591.6 578.5 589.8 607.2 617.6 624.1 629.3 633.2 633.5 629.9 620.4 612.3 612.4 610 605.4 600 594.2 589.1 579.9 564.1 543.9 541.7 562.4 578 588.2 595.7 599.5 600.1 598.4 593.5 581.2 571.2 564.7 562.4 567.1 569.3 573.8 578.7 580.5 580.7 580.7 578.9 577.7 579.4 578.8 583.1 590.6 599.2 606.7 612.9 620.1 627.3 633.7 638.9 643.7 647 651.3 653.8 654.9 657.2 661.6 665.6 671.4 677.6 683.4 686.7 686.3 681.2 673.2 660 649.9 639.5 629.8
620.3 620.1 617.9 615.2 612.8 607.9 595.1 596.2 614.5 623.7 630.3 636.5 640.4 641.4 637.7 631.6 625.5 621.1 616.6 614.3 609.5 603.3 595.7 585.8 573.7 554.5 556.2 573 586.6 597.2 605 609.2 610 608.5 604 596.7 588.4 579.2 576.1 581.2 581.4 583.6 584.9 585 584.1 584.7 586.5 586.3 589.3 589.7 587.2 591.2 600 610.7 617.5 624.1 630.3 636.6 642 646.1 651.7 657.1 660.3 662.7 664 665.7 668.1 672.2 678.9 685 688.4 687.1 683.3 674.5 662.4 648.7 638.4 627.1
621.6 623.6 623.6 623.6 623.3 621.8 613.6 607.5 620.8 631.3 639 644.7 648 648.4 644.1 637 630.1 625.2 623.1 619.7 614.3 607.6 598.7 587.4 576.2 554.6 571.2 584.9 595.7 605.1 612.6 617.5 619.3 619 615.1 610.5 605.5 597.8 595.5 595.6 594.3 593.8 592.8 593.9 595.2 595.7 596.2 596.4 596.3 594.4 592 592.6 599.7 609.4 619.9 625.7 631.1 637.2 642 648 653.9 659.3 663 664 663.7 664.3 664.5 666.6 674.2 679.9 682.8 682.8 679.9 672.5 661.7 648.6 636.7 623.4
624.6 626.6 628.1 629.6 630.5 631.3 630.6 628.7 633.4 640.6 646.6 652.4 654.6 653.1 645.9 639.7 632.8 627.2 626.5 623 615.6 607.1 596.2 586 575.2 568.8 582.6 593.7 603.4 613 620 625.9 629 629.3 628.6 624.9 621 615.7 612.4 610.7 609.8 608.3 608.2 607.2 607.5 607.4 607.3 605.4 603.3 599.1 593.6 592.5 598.1 607.5 617 624.3 629.5 634.3 639.8 646.1 652.1 657.4 658.8 658.4 657.1 657.6 658.2 659.9 663.3 669.8 674.2 675.2 673.1 667.1 657.4 645 633.2 620
627.2 629.5 632.3 634.5 637.2 639.5 640 641.5 641.5 648.2 654.2 658.5 659.9 657 652 642 632.2 626.7 626.8 622.5 613.9 604.3 594.5 585.8 571.4 578.4 592.2 602.3 611.6 619.7 627.6 635 639.1 641.4 642.1 639.2 636.4 633.7 631.3 627.7 625.5 624.3 621.8 620.5 619.9 618.9 618 615.8 612.2 603.5 597 592.9 594.3 602.3 610.4 617.9 624.1 629 635 640.6 645.8 648.9 649.6 648.5 647.6 647.7 647.5 649.7 652.9 657.6 661.9 664.3 664.1 659.6 651.7 639.4 627.5 614.5
628.4 632.6 636.6 640.1 643 645 646.7 648 649.3 653.8 659 661.8 660.9 657.7 652.3 643 632.3 625.6 623.9 617.4 609.4 600.7 592.2 580.1 584.5 591.6 600.1 609.9 618.3 626.6 635 642.7 648.7 652.4 655.2 655.8 654 651.8 651.2 648.6 647.2 643.9 639.2 634.1 631.4 631.8 631.1 626.8 621.3 611.5 600 594.4 591.8 597.6 602.1 609.1 616.4 623.2 627.9 632 635.7 637.5 637.1 636.8 634.9 633.8 634.6 637.4 641.7 645.7 649.9 652.6 652.9 648.6 642.3 631.3 620.3 607.1
631.4 634.2 637.4 644.1 646.6 649.3 651.8 653 655.5 657.8 659.9 661.7 658.5 653.6 647.5 638.2 632.3 625.8 620.4 614.3 609.1 601.4 592.7 591.6 595.4 602.8 610.4 617.3 624.6 631.9 640.8 649.9 657.2 662.6 666.3 668.1 668.2 666.8 665.9 665.6 663.9 661.1 657.4 654.2 650.1 645.3 641.8 633.8 626.2 616 603.6 593.5 588.5 591 593.9 600.3 607.1 614 618.6 622.8 623.5 625.4 623.3 621.4 619.9 619.7 620.7 623.6 629 634.4 638.1 640.8 640.1 636.3 629.1 620.3 610.4 598.1
628.4 633.8 639.4 647.1 650.3 651.9 653.5 655.9 657.2 660 661.1 661.3 659 651.8 646 639.9 632.6 625.8 621 617.3 612.3 607.5 600.8 605 607.6 613.9 618.6 624.3 630.1 638.2 647.2 656 664.1 670.9 675 677 678.5 679 678.5 677.4 676.8 674.8 672.4 669.2 665 657.7 652.1 644.2 631.4 618.1 605.1 592.6 587.2 583.5 585.5 590.6 596.1 601.9 606.3 609.8 611.2 610 607.9 605.5 603.8 603.8 606.2 611.5 617.1 621.6 626.1 627.8 626.8 619.6 612.2 606.4 597.3 587.3
633 637.1 642.9 647.5 649.9 651.5 653.7 656.3 658.1 660.6 662.7 661.9 660.5 654.7 648.1 643.4 638.1 629.4 624.2 621.8 617.8 613.8 609.5 612.5 615.3 619.9 625.5 631.9 636.8 642.9 651.6 660.7 669.1 675.6 680.4 683.4 686.1 687.8 689.1 687.6 686.1 685.1 681.7 676.7 669.8 660.9 653.3 645.5 634.7 620.1 604.4 592.7 585.5 575.7 575.7 579.2 584 589.4 593.2 596.1 596.5 594.7 592.8 590.2 589.2 590.4 593 598.8 605.3 610.9 614.7 613.4 610 602.2 597.8 593.6 585.5 574.6
633.9 640.9 643.7 647.9 651.1 653.6 656.3 657 659.2 661 662.4 662.4 660.9 657.2 653.3 647.2 642 637.8 630.9 627.3 625.3 620.3 617.6 621 623.6 627.1 631.2 636.7 641.9 647.8 655.8 664.1 671.9 677.4 681.2 685.3 689.3 692 693.1 691.8 691.8 690.1 684.6 677.8 669.3 660.3 650.8 642.3 631.8 619.6 605.2 590.5 580.3 568.7 561.6 562.6 569.9 573.6 578.8 579.8 579.9 579.6 578.4 576.7 574.5 575.2 579.7 585.4 592.5 600.1 603.5 600.7 594.6 588.6 585 580.6 573.2 563.2
640.5 643.9 647.6 648.4 651.3 654.4 657.2 659 660.5 661.6 662.3 662 660.2 656.2 651.2 646.6 642.3 637.3 632.8 630.3 628 625.3 622.6 625.1 628.1 630.6 634.5 639.2 644.9 650.2 658.4 666.1 672.4 677.6 681.6 685.5 688.3 690.5 691.8 691.6 692.1 690.5 683.3 675.9 667.4 656.5 645.1 633.8 624.1 613.5 602.2 588.8 577.5 563.3 547.7 551.8 556.3 559.2 560.5 562 563.5 562.8 561.5 559.7 560 560.9 565.8 573.7 581.6 587.9 590.3 587.2 580.4 576.3 573.2 567 559 550.2
647.4 648.6 649.8 650.4 652.3 655.6 657.8 659.2 661 661.6 661.7 660.1 658.3 654.7 651 646.4 642.6 639 633.3 631.1 628.4 626 622.8 627.2 630.8 633.6 637.2 641.7 647.4 652.8 660.2 666.9 672.8 677.7 681.6 683.1 684.7 687 688.2 688.3 687.8 686.2 679.3 671.3 661.4 649.1 636.3 623.9 614.3 605.9 597 585.7 573.4 555.9 537.8 536.7 540.3 542.7 543.6 544.4 544.3 544.2 541.6 541.9 541.8 544.9 553.8 561.9 571.6 576.9 579.7 576.6 568.7 563.4 557.7 551.6 544.8 538
653.1 652 651.2 649.9 653.6 655.2 657.1 659.9 660.6 659.8 659.4 657.8 656 652.4 649.8 646 640.7 636.9 633.4 631.3 628.9 626.3 621.1 625.5 629.5 632.7 636.6 641.1 646.8 653.7 660.3 667.5 673.1 677.1 679.3 679.8 680.3 682.1 683.2 683.6 681.8 679.8 672.4 663.5 655.1 643.3 630.8 618.2 608.3 598.8 589.6 578.8 565.4 549.1 529.1 520.9 516.6 521.2 526.7 526.8 522.4 521.5 521.2 521 522.4 529.2 540.5 550 559.5 566 569.8 567.4 559.7 551 545.3 537.4 531.3 525.3
654.3 652.9 651.1 649.9 651.7 653.2 654.3 656.3 657.4 657.9 656.8 655.5 653.8 651.8 649.4 645.1 639.7 634.8 632.5 630.1 628 625.5 619.4 618.4 625.3 628.5 633.7 640.4 646 652.9 660 666.6 672.2 674.7 676.2 675.8 675.7 676.5 677 676.5 674.2 672.1 665.9 657.9 648.5 638 625.9 613.6 602.2 592.2 583.6 572.8 558.3 539.6 517.9 503.2 495.1 500.6 506.3 505.1 504.8 504.1 504.2 503.9 506.3 514.1 525.2 537.9 547.4 554.1 558.2 557.2 548.8 539.8 531.3 522.5 518 513.9
652.8 651 650.3 649.5 651.2 651.9 651.8 653.5 654.2 654.8 654.8 653.2 652.2 650 645.7 643.6 638.2 633.3 629.6 627.4 625.2 622.1 618 612.8 617.7 623.1 629 636.9 644.7 652.1 659.3 665.5 669.2 671.3 671.4 670.8 669.8 669.9 669.1 667.6 665.3 662.9 658.1 651.4 642.3 630.5 617.9 606.7 595.5 584.6 575.9 567.2 554.6 534.4 506.5 488.4 482.4 483.3 486.4 486.5 485.9 485.6 486.6 487.4 490.7 500.9 512.2 524.7 535.1 542 547.2 546.5 538.8 528.3 519.4 510.7 505.2 501.8
650.9 649 647.6 646.9 648.4 648.9 649.4 649.6 650.9 651.7 651.9 652.8 650.1 647.3 643.4 638 632.8 629.5 626.7 624.2 621.7 618 612.3 607.2 612.2 616.4 623.6 632.5 640.9 649.3 657.5 663.1 664.8 666.1 665.7 663.9 663.6 663.4 660.8 658.1 654.2 653.1 648.9 641.4 631.7 620.5 605.6 594.4 584.8 574.9 567.7 561 550.5 534.2 505.6 473.6 469 464.7 469.4 467.8 469.5 466.8 470.2 472.8 476.6 488.8 499.4 511.5 522.6 530.4 536.6 537.2 529.6 517.8 508.8 498.8 491.4 488.9
648 645.3 644.4 644.1 643.1 644.3 645.7 646.2 647.8 649.2 650.6 648.7 647.8 643.5 638.4 633.7 628.2 621.3 620.9 617.8 615.1 612.3 606.5 595.7 603.3 610.2 618.7 627.7 636.1 644.1 653.2 659.5 661.1 660.7 659.4 656.9 656.1 655.5 652.5 648.5 644.2 641.3 637.5 629.5 618.6 601.3 585 573.4 564.5 558.5 556.5 552.7 544.9 533.2 514.7 487.3 455.8 452.3 452.1 454.7 455.8 454.4 456.2 459.6 464.1 476.9 487.9 500 510.8 518.8 525.1 527.8 519.5 508.6 499.1 487.5 477.5 475.1
645 642 639 638.7 635.1 639 640.3 641.2 643.8 644 647.3 646.8 646.2 643.6 638.8 633.9 626.5 619.7 613.5 611.9 609 606 598.5 585 595.8 605.4 614 622.8 631.6 640.9 648.6 654.8 657.2 656.7 655.5 653.2 651.8 649.8 646.2 640.6 635.7 630.9 624.3 615.5 603.2 584.5 566.6 552.3 542.2 541.6 543 542.7 537.2 528.8 514.7 496.8 466 432 437.1 438.9 440.6 441.1 442.2 445 453 464.8 476.7 488.6 498.7 506.2 512.5 516.3 510.2 499.2 489.6 477.8 465.6 459.3
640.4 638 635.7 631.1 629.3 633.1 634.7 635.4 637 640.4 643.7 644.2 643.9 641.7 636.7 629.7 619.2 611.9 608.6 603.7 601 597.6 591.8 580.6 588.9 600.1 609.9 619.3 628.3 637.4 644.1 649.5 652 652.6 651.4 649 647.7 645 640.8 635.1 629.2 621.1 611.6 601.7 584.7 565.5 545.5 529.5 524.7 525.9 529.2 530.4 527.9 523.5 511.9 496.9 476.2 449.9 414.5 421 427 429.3 431.6 437.2 441 453.3 465.8 477.5 486.7 494.4 501.1 504.8 498.6 488.4 478.5 467.4 457.1 444
636.7 633.4 630.5 627.1 625.3 628.3 629.8 630.9 633.6 638.5 642.4 643.4 641.5 638.7 634.4 626 614.7 607.5 601.7 595.8 591 588.9 583.9 580.9 581.2 593.1 603.7 613.6 624.7 633.1 639.2 643.4 646.7 647.8 646.9 644.8 643 640.3 636.3 630.6 622.4 612.6 597.5 577.6 561.8 542.2 519.7 511 509.1 510.5 514.3 515.6 516.9 514.3 506.3 494 477.8 456.3 429.9 406 414.1 418.2 420.8 425.8 432.1 442.8 454.1 464.9 474.6 481.6 487.8 489.1 483.9 474.8 466 455.7 445.4 432.8
