data/340000-620000.asc
ncols 200
nrows 200
xllcorner 340000
yllcorner 620000
cellsize 50
[rows 70 to 104 of 200, columns 0 to 77 of 200]
411.3 407.5 400.4 390.5 380.1 371.6 364.4 357.1 350.6 343.8 337 329.1 321.3 313.3 304.7 295.6 287.3 279.5 270 261.6 254.2 247 239.2 233.7 227.6 218.1 211.1 202.3 195.3 188.3 181.4 177.1 171.8 171.3 169.4 162.3 150.4 145.7 139.8 142.2 142.1 156.3 170.1 178.2 190 198.9 197.4 194.7 190.3 184.4 179.6 180.8 184.4 184.3 180.3 173.8 178.1 178.6 176.1 171.1 165.7 161.4 152.9 151 144.2 138.2 137.2 135.5 134.4 130 130.3 132.8 132.8 132.4 132.1 132.2 132 131.9
402.5 402.6 396 386.6 378.4 371.4 367.6 363.6 359.4 353.3 344.7 334.1 326.8 318.5 308.8 298.9 289.7 279.6 269.5 261.7 255.2 249.9 244.2 237.1 230.2 222 213.6 206.1 197.9 191.6 187.2 185.4 182 176.1 171.4 163.2 149.2 141.5 142.5 142.5 147 166.2 179.2 187.5 197 202.8 203.2 198.7 192 186.9 187.5 188.8 190.8 190.9 188.1 184.3 188.9 188.2 182.4 182.1 176.6 172.5 164.7 159.2 157.7 153.7 152 149 143.5 141.6 137.4 138.8 131.7 130.6 129.9 129.7 129.9 128.8
389.1 392.7 388.5 382.3 375.7 370.7 368.8 366.6 363.4 356.6 348.9 339 330.1 321.2 311.3 300.5 289.5 280 270 263.3 257.2 251.9 244.9 239.4 233.5 225.5 216.5 205.8 198.8 192.2 186.4 184 180.9 177.4 170 158.5 145.7 140.8 142.8 142.9 155.7 172.7 188 195.6 200.1 201.9 201.1 196.4 191.3 190.6 193 195.3 196.6 196.3 193.7 192.3 196.9 194.6 186.5 188.3 183.5 179.9 174.6 168.4 164 163 163 160.6 159.1 153.7 152 152.6 146.7 151.6 149 144.8 141.8 141.5
375 378.1 378.2 374.3 370.2 367 364.6 361.7 356.4 351.6 347 337.8 328.3 319.7 308.4 298.9 289.8 280.6 273 264.7 258.7 251.9 247.1 241.6 236.2 227.9 217.6 207.7 202 195.5 189.7 183.4 181.7 178.6 169.5 153.3 142.5 140.2 143.2 143.5 161.1 175 188.4 195.1 196.3 196.8 195.7 194.3 192.6 195 197.8 200.4 202 201.9 200.3 200.8 202 199.4 198 195.3 190.7 187 181.2 174.8 170.5 170.2 169.4 168.3 167.3 164.4 160.7 156.1 151.1 155.7 158.8 158.5 155.5 152.8
360.7 361.7 361.9 361.2 357.5 357.1 356.5 353.1 347.8 344.6 338.1 330.9 323.2 316 308.7 299.5 291.2 281.5 270.5 260.4 253.7 247.8 243.1 241.6 237.4 225.8 217.1 209 202.1 195.6 190.5 186.9 181.8 175.1 158.9 145.6 142.4 141.1 143.5 145.9 161.6 173 181.7 186.9 190.9 194.3 193.2 193 194.6 197.5 200.5 203.6 206.7 207.8 207.2 207.5 207.3 205.7 204.2 202.5 199.3 192.9 185.4 180.4 177.6 175.3 175.2 175 173.2 171.8 167.4 164.1 161 162.1 165.2 164.5 163.1 161
343.6 344.2 343.5 342.7 344.1 345.2 345.9 342.2 340.4 336.9 332.5 327.3 323.2 316.9 309 301.4 291.9 277.3 266.2 255.5 248.4 242.7 238.8 236.9 230.4 219.9 213.3 206.6 201.6 194.8 186.2 181.8 174.4 163.2 149.8 144.1 143.5 141.5 144.3 146.4 159.6 172.2 178.8 183.8 188.5 192 193.8 194.3 196.5 199.9 203 206.1 209.4 213.6 212.8 213.6 212.6 211.9 210.6 209.4 205.5 197.5 191.1 187.1 183.5 181.8 182.5 182.5 180.1 179.1 176.6 174.9 173.9 170.9 172.2 169.5 166.4 165.8
325.2 325.6 324.8 326 327.5 329.4 329.1 330 332 332.6 331.1 328.1 323.9 318 310.7 301 285.5 270.9 260.7 250.8 243.9 237.7 233.8 230.8 223.6 216.5 209.8 204.2 196.8 191.3 185.1 176.3 164.1 155 143.9 143.8 143.5 142.1 144.7 147 149.5 174.3 179.6 184.4 188.2 191.6 193.5 195.4 198.3 201.7 205.2 208.6 213.3 217.7 217.5 217.9 217.8 217.4 217.3 215.7 211.6 206.1 200.6 196.5 193.1 190.1 190.4 191 191.6 189.7 186.8 183.5 179.8 178 177 174.8 170.4 169.2
306.6 306.4 308.3 309.9 311.9 314.6 317.9 320.6 323.2 328.1 330.2 326.5 321.1 314.2 305.6 292.1 277.9 264.5 253.4 245.3 238.9 234 230.4 226.8 220.9 215 209.6 201.5 193 185.6 178.9 166.7 156.9 149.1 144.1 143.3 143.3 142.2 146 149.1 152.8 169.8 179.9 184.5 188 191.9 193.8 196.8 199.7 203.1 206.5 209.9 214.3 219.1 220.5 221 221.1 222 223.9 221.7 218.7 216.6 214.4 210.7 207.8 204.5 202.6 201.2 200.6 198.6 194.9 190.8 186.7 184.7 183.3 183 179.4 175.8
296 291.8 292.8 294.3 296.1 300.6 306.6 311.4 314.7 319.6 321.3 314.2 309.3 301.5 290 278.6 266.4 256.2 247.1 241 235.2 231.4 227.7 224.5 219.2 213.5 207.3 197.4 188.2 181.1 170.6 156.9 149.1 145.2 143 142.9 142.3 144.5 147.5 156.8 162.9 172.1 177.5 185.4 190.3 192.2 195.5 198.1 200 203 206.6 210.2 214.6 219.1 221.1 221.2 222.3 225.5 229.3 229 227.8 228.5 226.8 224.3 220.9 217.3 214.2 211.3 208.3 206.4 203 198.9 194.3 192 193 192.6 190.3 185.7
289.8 285 281.6 280.9 281.5 287.3 294.5 300.4 305.1 306.9 302 295.5 288.3 279.8 272.1 262.9 255.2 249 241.6 236 232 228.8 223.9 219.5 215.1 209.6 205 196.6 185.5 175.5 159.1 144.2 143.5 142.9 143.2 143.5 144.4 146.8 157.2 167.5 170 173.7 181.4 186.3 191.5 195.3 198.3 202.5 205.1 206.3 209 212.8 217.1 219.9 221.7 219.4 220.8 225.9 230.8 235.3 236.2 235.9 234.4 232 229.8 225.9 223.4 218 216.6 215.2 213.1 209.2 207 204.3 203.2 202.3 197.7 190.4
291.3 282.1 276.9 273.8 271.7 274.6 279.7 284 288.4 285.3 281.8 276.4 270.3 263.6 257.7 253.3 248.3 242.9 237.1 232.9 228.9 225.2 219.6 213.1 209.1 203.7 195.7 188.9 174.2 168.8 143.4 144.6 145.1 144.9 144.7 144.5 146.1 148.8 162.3 168.7 173.6 179.2 183.7 187 192.3 198.7 202.6 206.9 210.1 211.6 213.9 217.1 219.1 221.2 222.9 219.3 219.6 224.7 231.4 237.8 240.7 240.3 238.2 235.1 232.5 230.5 228.7 226.6 224 221.2 218.2 215.4 213.5 211.6 209.3 207.1 201.1 196.2
292.1 283.1 278.4 273.2 265.5 261.9 264.3 265 265.6 264.7 264.1 262.7 251.7 250 249.6 249.1 246.9 240.6 234.1 228.4 224.1 220.3 213.1 208.9 203.3 194.4 187.3 177.1 170.3 164.1 143.8 145.6 145.5 145.5 145.5 145.6 147.1 155.3 163.9 170.2 176.2 182.8 187.1 192.1 196.1 202 207 211 214.2 217 219 221.5 222 222.3 223.3 219.9 218.1 222.3 229.9 235.1 236.8 238.6 238.2 235 232.9 229.8 228.3 225.1 222.4 220 218.9 218.1 215.7 211 208.4 204.9 199.4 195.2
291.9 288.5 283.5 276.2 267.2 262.3 258.4 252.6 250.2 247.6 246.8 245.7 244.7 245 246.3 245.7 242.8 236.8 228.3 223.5 218.5 213.7 209.7 201.4 195.1 189.4 182.6 177 168.8 159 144.5 145.7 145.8 145.9 145.9 146.4 150 162.8 167.2 173.3 181 186.8 192.3 197.7 202 206.7 211.2 214.4 217.5 220.2 223 223.4 221.9 223.2 223.4 220.3 218 219.9 228.5 232.5 233.1 233 232.8 233.2 231.1 228.8 226 223.1 219.3 216.3 215.2 214.3 211.3 206.1 203.7 201.5 195.5 188
293.5 288.6 284.3 279.3 270.5 263.6 262.4 256.6 249.3 246.1 242.5 238.7 238.7 239.1 241 239.6 234.8 229.1 223.3 218 212.5 208.4 202.6 196.3 190.5 186.3 180.1 172.7 165.9 155 144 145.7 146 146.2 146.2 147.1 156.3 166.1 171.3 176 182.4 191.3 198 203 208 209.9 213.8 217 219.8 222.3 224.3 223.1 220.2 222.7 223.1 223.3 221.2 219 222.7 228.8 230.4 230.8 233.4 233.4 233.5 231 227.5 222.6 217 212.1 209.7 209.2 206.2 201.2 199.6 195.6 189.5 194.1
294 289.8 285 279.8 270.6 265.6 262.4 260.2 255.5 250.6 244 242 240.2 233.1 232.2 232.1 229.7 226.2 219.3 213.9 210.2 203.7 197.6 191.8 186.4 182.4 177.4 168.4 159 151.3 144.6 146.2 146.3 146.5 146.5 147.6 160.6 167.1 172.1 177.9 186.3 195.4 203.1 206.5 210.3 213.1 214.6 218 220.4 222 222.1 220.2 219.7 222.4 225 226.6 226.9 224.2 223.3 224.7 228.4 229.8 228.9 230.7 232.8 230.4 225.5 219.7 214.2 212 208.6 206.4 202.4 196.9 195.4 192.8 195.2 198
296.9 294 286.5 281.2 275 267.5 261.6 259.2 254.4 248.8 245 242.7 240 235.8 228.2 225.9 226.1 221.5 216.2 213.9 207.8 199 192.1 186.5 178.2 171.5 163.2 156.4 154.8 151.8 145.7 145.3 146.6 146.5 147.4 152.7 163.6 168.2 173.4 182.4 192.1 199.4 204.9 209.5 213.2 215.3 216.7 217.7 218.6 219.5 219.9 219.9 223.1 225.3 228 231.1 232 232.3 229.7 227.3 227 228.2 227.8 227.4 224.3 223.5 222.9 220.8 217.8 214.4 209 205.2 200.8 195.8 193.3 194 198.3 201.1
299.1 292.9 286.2 281.1 271.4 263.9 256.3 251.9 246.3 242.7 239.9 238.2 236.1 234.5 229.2 222.2 219.5 219.5 213.9 207.3 199.9 191.7 182.4 171.3 178.6 173.7 168.6 165.9 162.3 158.8 147.2 144.2 146.9 146.4 148.5 156.1 166 170.5 177.1 185.8 193.6 200.3 206.2 211.4 216 217.7 219.6 220.2 219.7 220.6 222.6 224.9 227.4 229.4 232.2 234.8 237.7 237.8 235.5 231.7 229.9 234.4 237.2 236.3 233 229.8 226.7 222.8 219 212.4 205.5 203.1 202.4 198.6 194 197.2 200.7 205.1
300.4 293.5 285.3 279.3 268.8 256.4 249.6 245.6 241 237.6 234.9 233.1 231.5 230 227.5 224.6 215.9 209.1 208.8 200.8 190.8 186.8 186.7 186.5 178.3 175.5 170.6 168.6 166 159.8 147.7 147.3 146.7 147.8 148.3 159.4 169 173.9 180.9 188.2 194 201.4 206.6 211.7 216.8 218.6 220.1 220.9 222 223.6 226 228.4 230.8 232.8 235.6 238.3 241.5 241.3 237.9 235.5 234.9 236.8 240.1 239.5 236.3 232.3 228.1 223.8 218.1 211.3 206.1 209.2 206.2 199.7 195.6 199.2 204.4 209.1
300.9 292.9 284.4 276.5 265 250.5 245.3 241.1 237.6 233.3 229.9 228.5 226.9 226.1 224.2 221.1 216.5 209.7 203.8 201 196.6 190.1 186 183.2 178.4 174.9 172 169.1 167.1 161.5 151.9 147.6 144.6 147.6 147.8 159.3 169.8 177 183.7 188.3 193.5 200.8 206.5 212.5 216.5 218.2 219.9 223.2 224.5 226.4 229.2 230.8 233.5 236.1 238.3 241.6 244.8 244.5 240.4 239.4 241.3 242.1 243.3 241.2 237.3 233.7 229.1 223.4 216.7 211.7 210.8 212.5 205.5 199 197.6 202.4 206.4 209.6
294.9 285.1 276.3 265.4 252.2 243.8 238.4 235.4 233.3 228.6 225.5 223.5 222.6 222 220.2 217.8 214.3 211.5 206.8 200 194.9 190.4 186.2 181.6 177.8 175.2 171.7 168 165.8 163.4 156 147.6 146.9 147.2 148 157.9 169.8 176.4 184.4 190 194.1 200 206.1 213 216.2 217.8 220.1 224 227 229 232 234.2 236.2 239.3 242.4 245.8 249.3 247.1 243.6 246.2 248.3 249.2 247.4 244.3 240.4 235.1 228.7 222.1 218.9 217.8 216.8 212.8 204.5 197.5 201.6 207.4 211.3 214
282.1 267.8 254.9 245.8 239.8 234.8 231.7 228.7 225.5 221.8 219.6 219.5 218.3 217.6 216.8 213.7 210.4 207.1 202.9 198.1 193.4 189.2 184.4 181 177.1 172.9 169 166.1 166.1 162.5 157 148.1 147.6 145.2 149.2 157.2 170.4 177 184.2 190.3 195.6 200.9 206.5 211.8 216.1 218.1 220.1 224.1 228.6 231.8 235 238 240.4 244.6 247.5 250.5 252.3 248.6 246.8 253.2 255.7 254.1 251.2 246.7 241.6 235.6 228.7 224.2 221.5 219.8 217.1 211.9 202.8 197.7 203.1 209.2 211.9 212.4
256.5 245.6 237.9 234.4 230.4 227.2 225.2 222.8 218.2 215.3 215.4 215.1 214.8 214.1 212.4 209.1 206.1 202.3 198.7 194 190.3 186.9 181.6 178.5 173.3 169.2 165.4 164.3 166.8 166.3 155.1 149 148.1 145.6 151.6 156.7 169.4 177.4 185 188.1 195.1 198.2 200.9 210.4 216.3 219.5 222.1 227.1 231.1 234.9 238.3 241.3 243.8 248.5 252.9 253.9 253.5 250.2 250.5 256.4 257.6 256.3 252.7 247.6 240.4 234.2 227.2 225 222.8 219.5 215.8 210.8 202.4 199 201.2 204.8 208.3 208.7
235.4 231.7 228.4 224 223.1 220.6 219 218.9 216.8 213.3 212.5 212 212.1 210.7 207.8 205.1 202 198.8 195.2 191.7 187.9 183.1 177.2 171.5 168.2 164.9 163.7 163.6 159 155.5 152 148.2 148.6 146.8 152.7 156.1 164 167.9 179 186.9 194.5 201.9 207.4 210.7 215 221.9 225.5 229.7 233.7 237.6 241.4 244.6 248.3 253.4 258.5 256.9 254.6 250.9 250.8 254.1 255.6 255.7 251.8 246.5 240.3 234.9 229.7 225.6 222.1 218.4 214.8 209.9 202.2 200.1 200.8 203.3 206.6 208.9
226.1 224.4 221.4 220 217 215.5 214.2 213.5 213.3 209.6 209.3 208.7 207.3 205 202.9 200.8 198.9 198 194.2 188.9 182.9 177.2 172.3 167.9 163.1 160.8 158 152.7 152.8 152.6 151.6 148.8 149.1 151.8 154.6 156.6 163.9 173.3 185.4 191.5 198.4 205.5 212 217 219.1 225.6 228.3 231.7 236.2 240.3 244.5 249 252.8 257.3 259.1 257.1 254.2 251.7 249.7 250.1 252.8 251.8 248.4 246 242 234.4 229.1 224.8 221.1 217.2 213.2 208.6 204 202.9 204.5 208.1 210.4 212.8
222.6 221.1 219.8 218.3 216 213.2 209.6 206.9 206.1 204.8 205.1 203.8 201.6 200.8 201.9 202.7 200.1 198.5 191.8 183.4 177.6 172.8 167.5 164.7 162.4 156.9 152.7 152.8 153.1 152.2 150.8 149.2 148.8 146.7 152.3 157.5 165.7 174.4 186.1 194 201.4 209.3 216 221 224.6 222 228.2 232 236.6 241.7 246.3 250.4 252.3 256 257.2 255.8 252.9 250.7 248.9 249.9 250.2 250.5 251.4 246.1 240.2 233.9 229.3 225.5 221.7 218 214.2 210.4 207.2 205.1 209.6 212 214.3 216.5
219.5 218.9 217.7 215.9 213.8 210.7 207.1 203.4 198.8 199.5 200.4 198.6 200.3 203.2 204.4 202.1 198.1 192.7 184.8 177.9 172.6 169.1 165.5 163.7 160.7 153.8 153.5 153.4 152.9 151.5 150.2 149.4 149.2 146.8 162 166 167.4 177.7 188.6 196.6 205.3 214.2 220.6 224 227.2 227.9 226 231.3 235.7 239.8 244.6 247.4 249.3 252.7 253.8 253.4 251.7 250.5 250.3 251 250.2 252.4 249.8 246.4 240.9 235.9 232.1 228.4 226.1 221.9 218 214.1 210.4 208.1 212.9 214.6 216.8 219.6
213.7 210.9 211.6 209.6 208.2 205.7 202.7 199.3 195 194.4 194.9 197.2 201.7 202.5 200.9 195.2 189.2 184.4 176.5 167.5 163 160.8 161.5 159.5 155.3 153.6 153.8 153 152 150.8 149.9 149.5 147.8 157.1 168.4 171.3 176.8 183 187.9 200.7 210.3 217.6 222.6 225.9 229 230.2 230.5 229.1 232.3 236.4 240.8 244.1 245.8 249.2 251 251.5 251.8 252.1 253.7 251.7 255.7 255.6 252.3 247.8 242.1 238.5 235.4 233.1 230.4 226.1 222 217.6 213.4 211.8 215.9 217.9 219.9 223.3
205.3 205 205.1 204.2 202.5 200.1 197.4 194.5 191 187.6 193.1 197.2 197.6 195.9 191.9 189.8 184.4 176.3 162.9 155.9 150.9 150.8 152.1 154.6 153.6 153.5 152.6 152.2 151.1 150.5 150.4 147.8 150.4 165.7 170.9 175.4 180.1 187.1 195.4 203.9 210.9 218.2 223.3 228.5 231 232.3 234 234.6 235.6 235.4 236.2 239.2 241.2 245.6 249.1 251 256 259 259.7 259.6 262.5 258.6 254.7 249.4 245.6 243 240.4 237.9 234.6 230.3 224.9 219.7 216.1 214.4 219.1 222.6 225 227.7
199.4 199.6 199 198.7 196.5 194.2 192.1 189.3 179.9 185.8 192.6 194.4 193.4 190.9 187.5 183.3 174.4 159.2 151.2 151.2 151 150.5 150 151.3 149.6 149.3 148.9 148.8 148.5 148.2 147.5 149 161.5 167 172.4 179 184.3 192.8 200.2 208.2 215.5 220.4 224.1 228.6 232.8 234.8 237 239.6 242.1 242.7 242.9 241.6 240.4 244.3 252.9 261 265.7 261.8 268.5 268.1 266.2 262.1 258 253.7 250.5 247.8 244.8 241.8 238 232.5 227.3 222.3 217.9 218.6 223.3 226.9 228 229.5
194 193.8 192.8 191.3 190.7 188.9 187.5 179.9 181.2 188.1 190.8 191.3 188.8 185.6 181.9 170.4 153.2 151.8 152.3 152.7 152.2 152.3 153.3 156.6 167.5 171.4 171.7 168 168.4 166.8 159 161.9 169.7 174.4 181.2 188 191 195.1 202.5 208.5 215.1 221.6 227.9 231.9 234.7 237.3 239.6 243.3 246.6 250 250.2 246.9 241.4 248.8 257 265.2 262.7 269.8 272.7 272 269.2 264.3 260 254.6 253.9 251.9 248.3 244.2 239.6 234 229.7 223 218.5 218.7 220.9 223.3 224 225.1
188.4 185.9 185.3 185.5 183.6 183.3 183.5 171.4 180.9 186.1 187 187.3 185.3 179.4 165.3 153.3 152.4 153.1 153.2 152.7 152.8 156.6 159.9 166.9 171.9 174.8 172.3 168 162.6 157.9 158.5 169.1 174.7 178.9 184.6 192.1 198.2 201.7 207.2 212.5 218.2 225.6 231.6 235.5 236.6 239.4 242.2 246.7 250.5 252.3 252.9 248.5 241.6 247 254.4 261.1 268.8 272 272.8 271.9 267.5 263.5 258.4 257.8 257.9 254.2 250 245.8 239.8 235.2 229.5 222.9 219 219.5 219.6 220.5 221.3 222.4
174.2 172.7 172.4 170.4 165.4 166.8 170.9 166.7 176.1 182.1 182 181.9 172.5 160.4 152.7 152.3 152.1 152.7 152.9 153.3 156.9 163.5 170.5 174.8 176 173.3 168.7 164.9 159.7 161.6 167.7 172 176.7 181.6 186.6 192.6 198 204.9 210.6 217.5 227.3 236.3 238.1 239.7 239.8 241.3 245.2 249.7 252.6 253.2 252.9 250 242.5 243 251.6 257.5 262.7 265.6 267.4 265.9 263.8 261.4 260.6 261.9 258.9 254.8 250.8 246.5 241.4 236.5 229.4 223.9 220.6 220.5 220.9 222.2 222 222.2
161.1 162.2 161 158.4 157.5 156.8 154.3 154.3 156 160.6 163.1 154.6 153.5 152.8 152.6 152.3 152.5 152.6 153.1 158.7 165.5 172 179.1 178.3 174.1 170.3 165.3 161.9 160.4 164.8 169.2 173.6 177.7 182.7 188.7 194.1 198.2 208.3 216.6 226.8 236 240.3 243 243.3 242.1 242.6 246.1 248.8 251.8 253.1 251.9 248.5 243.4 244 249.2 253.8 257 259.2 260.7 261.3 259.7 260.3 264.2 262.9 258.6 255.5 251.9 247.3 242.4 235.8 229.2 225.3 224 224.8 224.2 225.7 225.9 225.3
156.7 158.6 158 157.5 156.5 155.8 155.1 155 154.1 154.7 152.8 152.9 153.7 153.7 153.6 154 153 153 156.6 166.1 172.6 176.1 178.9 177.4 169.5 164.3 161.1 161.2 161.1 166 172.1 175.9 180.3 186 192.2 200.6 203.3 213.9 224.5 235.9 242.1 245.2 246.9 244.5 243 243.3 245.6 248.3 250.2 250.1 249.5 247.1 244.7 244.2 247.2 250.2 252.8 253.8 255 256.5 257.2 263.6 263.6 261.3 258.2 255.5 251.9 247.4 242.4 237.3 233.2 230 227.7 227.7 227.9 229.9 230.6 230.8
158.1 157.9 157.8 157.6 157.1 156.9 156.3 156.3 156 155.8 155.5 155.4 155.3 154.9 154.3 153.8 152.9 165.4 175.6 177 178.1 175 169.7 167.2 165.3 160.5 157.7 160.7 164.9 170.3 175.3 179.6 183.4 188.1 195.3 198.5 207.2 220 233.7 244.7 248.8 249.1 248.5 246.8 245.8 246.9 246.5 247.7 249.1 249.8 250 249.8 247.5 246.5 246.9 248.1 249.2 250.7 252.5 251.3 256.6 261.3 261.5 260.6 259.5 255.9 252.3 251.4 247.4 243.8 240.4 237.8 235.2 232.7 233 233.2 235.5 236.5
