data/340000-510000.asc
ncols 200
nrows 200
xllcorner 340000
yllcorner 510000
cellsize 50
[rows 35 to 69 of 200, columns 0 to 77 of 200]
354 397.2 432.2 459 489.5 494.6 485.2 479.1 473.5 467.9 462.2 453.8 446.8 441.5 439.3 432.9 427.3 419.3 413.6 404.4 395.6 387.8 388.9 391.6 399.2 415.6 436.5 454.9 474.2 494.8 496.5 492.8 478.2 462.2 444.8 425.6 391.4 352.7 324.7 304.5 287.5 268.4 254 236.5 220.4 202.5 188.2 180.2 175.9 177.1 182 189.4 196.8 205.7 218.1 234.4 251.6 269.5 293.9 327.6 318 284 264.7 222.3 201.8 193.2 190.1 189.9 190.7 192.9 198.6 205.3 219.3 244.8 269.6 300.6 331 361.3
378.1 416.9 453.9 476.6 483 486.4 486.6 483.4 473 461.2 459.8 454.3 446.1 444.5 440.1 435.3 432.2 429.6 425 414.5 404.3 399.2 399.1 401 406.9 419 439.8 467.1 481.7 485.8 488.5 483.4 474 459 439.4 406.6 376.2 348.2 313.3 291.3 273.2 255.6 242.7 226.6 209.9 193.4 184 177.8 176.2 180.2 186.1 191.4 197.8 210 225.4 241.8 259.6 276.6 301.2 323.2 308.4 280.8 254.7 224.6 204.9 194.2 190.5 190.3 191 193.6 199.4 206.3 216 239.1 265.8 300.9 324.6 349.6
392.5 434.2 473.7 480 484.5 485.6 487 481.3 469.1 458 456.1 451.1 449.3 444 445.6 443.7 443.6 443.6 438.8 426.5 418.8 412.8 411.2 406 411.2 422.2 443.6 462.3 473.7 477.2 483.3 480.7 470.3 449.6 420.8 391.3 364.5 338.2 307.9 279.6 260.4 243.6 228.8 214 197.5 187.2 178.5 176.3 176.9 179.9 187.4 193.4 202.6 216.6 236.4 250.6 265.9 282.6 301.4 321.2 312.3 285.1 253.6 223.1 204.3 193.6 191.2 190.4 190.6 193 201.3 206.4 216.5 231.8 262.5 295.5 321.5 339.3
408.9 442.2 469.7 480.8 485.5 489.8 485.6 471.1 462.3 457.4 455.3 450.2 452.9 455.2 458.8 457.7 453 450.9 449.3 442 433.5 427.6 424.5 418.2 417.3 424.9 441 455.1 462.9 471.4 479.4 474.3 461.9 446.6 411.9 387.8 360.9 327.4 302.2 273 248 236.4 222.2 205 188.9 181.2 176.6 176.4 176.2 177.5 187.2 197.5 208.4 225.8 246.4 261 276.1 289.3 303.2 317.9 315.4 288.6 256.1 224.2 202.9 192.7 190.5 190.6 190.7 191.7 200.7 204.3 215.6 230.8 259.8 285.1 309.6 335.2
415.7 434.4 464.1 480.7 486.7 486.9 483.3 474.1 458.5 457.1 454.1 459 465.3 467.7 468.9 463.5 462.7 459.4 463.1 458.7 450 445 439.2 432.4 427.9 437.7 443.2 450.1 457.9 466.5 468.5 467.6 462.7 440.4 410.4 371.7 343.6 312.6 291 265.6 238.3 228.2 214.4 197.8 181.2 176.5 176.4 176.2 176.1 176.8 186.2 203.1 218.7 234.4 254.5 273.5 288.1 300.4 310.6 324 327.2 299.9 259.9 230.6 202.9 192.5 190.8 190.8 190.9 191.5 199 207 217.6 234.9 253.4 273.3 302.2 329.4
415.4 441.4 467.4 482.2 484.7 482.2 481.7 477.7 464.8 458 466.8 466.6 471.5 477.2 480.8 485.7 483.9 481.3 483.9 479.5 469.7 463.8 456.4 445.6 442.2 444.7 447 449.5 455.4 461.3 464.1 463.1 455.3 430.1 396.7 363 332.2 308.7 280.8 253.7 230.9 218.6 203.9 190 177.7 176.9 176.6 176.3 176.5 178.7 191.5 207.4 226.8 243.2 262.9 284 301.1 313.3 317.8 331.1 321.1 298.2 259.1 228.9 206.1 192.3 190.8 191.1 191.1 191.3 200.9 208 215.7 227.7 243.6 265.5 287.4 318.4
414.1 438.3 462.3 473 482.7 482.1 483.2 476.4 473.6 473.4 472.9 475.1 479.3 485.1 488.5 502.7 510.2 524.8 518.4 501.3 493.7 478.9 466.2 458.7 455.4 452.4 449 451 453.6 457.4 457.9 456.6 450.5 420.7 399.3 369.7 330.7 300.6 275.6 247.9 221.2 208.3 194.8 185.7 177.3 177.1 176.9 176.6 176.7 183.7 199.5 217.8 234.4 254.9 275.8 296.3 317.8 326.4 330.9 329.1 315.3 295.5 260.6 230.5 208.3 194.8 191.3 191.3 191.2 191.3 192.1 198.5 207.6 217.8 235.9 253.9 274.4 299.2
412.8 450.9 467.5 474.7 479.3 483.3 484.5 488.2 488.3 480 478.3 481.4 489.7 497 510.2 520.1 530.3 535.1 532.4 521.9 506.6 490.7 480 472.6 464.5 460.2 456.5 455.8 454.6 454.8 454.2 455 444 413.2 393 364.2 329.6 290 264.4 238.6 216.2 203.5 188.9 180.4 177.6 177.4 177.4 177.1 178 190.3 206.8 226.6 248.3 269.6 292.5 311.1 330.8 343 346.7 331.8 302.8 286.9 260.6 235.6 215.5 199.9 191.9 191.8 191.7 191.4 192 192.3 197.5 210.1 227.1 246.4 270.5 294.6
410.3 451.4 468 474.5 482 483.3 498.9 500 493.7 487.6 484.6 491.1 499.2 515.2 522.9 529.9 532.5 538.1 542.5 537.1 524.5 509 496.9 483.8 474.5 466.1 462.9 460.2 455.8 454.2 453.2 450 438.2 413.3 383.5 349.6 315.4 278.1 258 232.5 210.2 199.2 181.8 179.2 178.1 177.7 177.7 178.6 183.9 198.3 214.3 236 262.5 289 313.1 330.2 345.2 358.7 365.1 346.2 313.2 284.7 263.4 245.3 230.6 207.6 194.1 192.9 192.2 191.8 191.9 192.3 195.5 205.5 216.2 238.9 259.8 285.3
409.7 443.5 456.9 468.6 472.8 487.8 508.3 511.8 511.3 500.5 502.6 506.8 511 521.9 527.8 530.8 540 549.7 550.7 547.2 537.6 522.5 509 492.2 479.1 470.6 465.8 461.5 457.6 455.3 457.3 455.9 438.2 399.8 365.3 327.2 300.4 267.2 246.8 225.9 204.4 188.5 180 179.3 178.3 178.8 180.8 185.1 193 207.2 223.1 248.2 273 301 327.6 346.1 364.5 373.9 365.4 340.7 313.4 288.1 266.8 252.3 246.3 220 199.6 195.1 194.3 192.4 191.8 192.6 196.3 202.7 207.1 225.2 248.4 272.4
409.3 430.9 452.1 464.8 483.3 497.7 503.7 515.7 520.4 519.2 512.2 518.9 523.1 528.4 531.6 544.4 550.5 556.3 554.7 555.5 548.7 532.1 515.1 499.7 484 474.3 467.2 463.3 462.9 464.2 467 460.9 429.9 391.7 360.1 328 289.3 258.1 241.1 218.3 198.4 183.1 179.5 178.9 179.2 184.3 190.8 197.6 205.7 217.3 232.9 258.1 286.9 319.9 346 369.5 388.4 388.4 371.2 357.8 325.6 298.8 269.6 249.9 235.9 218.1 212.1 202.1 201.7 194.3 192.2 192.6 193 195.3 203.7 217.4 237.9 260.3
395.2 423 451.1 472.6 491.3 503 506.8 523.6 535.2 528.9 520.5 526.7 527.8 532.8 544.5 548.9 554.2 560.8 564.1 560.5 550.4 535.2 515.1 498.6 485.4 475.3 468.8 467 466.4 468.7 466.9 452.9 420.3 382.5 345 311.6 280.2 250.4 231.4 208.8 196.9 182.8 179.6 179.4 180.2 188 198.1 206.6 215 227.2 247.3 274.3 305.6 333.4 366.8 391.6 411.1 411.1 389.8 375.8 351 323.6 273.2 249.7 234.8 221.9 215.6 208.3 200.6 194.4 192.8 192.7 192.5 193.9 200.1 212.8 229.3 250.8
384.9 427.2 461.1 482.8 498.2 509.4 515.9 532.8 551 532.5 528.3 531.5 533.7 545.3 549.9 556.2 559.7 566.1 565.5 560.4 550.9 536.3 515.8 500.8 491.6 481 471.5 469.2 468.5 472.1 469.3 461 433.3 380.1 340.2 302.3 270.6 245.4 221.3 208.2 189.3 183.1 179.8 179.8 182.5 192.6 200.5 208.3 223.1 237.3 260.3 289.4 318 346.5 374.8 412.5 431.5 428.3 413.7 394.5 364.9 345.4 279.8 256.7 240.9 228.1 217.9 211 201.9 193.5 193 193 192.6 193.3 194.8 205.5 221.7 240.4
390.6 431.5 468.9 490.6 508.6 518.5 526.2 538.6 541.3 542.9 547.4 540 550.7 550.3 552.9 563 565.8 566.7 565.6 560.4 552.3 541.2 524.2 507.5 496.8 488.4 475 471.9 471.4 471.8 471.5 456 418.7 373.2 335.9 298.9 268.5 238 218.8 204.9 188.9 182.1 179.9 180.1 182.7 193.2 202.6 215.3 230.6 248.1 273.3 304.5 334.5 363.5 388.1 422.8 440.7 441.9 422.1 400.7 374.2 336 285.7 267.7 250.8 233.3 220.5 206.9 199.4 194.7 193.2 193.4 193 193.6 194.1 201.4 217.3 232.9
405.1 433.8 470 494.7 514.8 526.5 540.8 545.6 548.2 550.9 555.7 552.5 555.4 556.7 557.8 565.7 566.3 566.5 564.4 559.1 553.7 543.7 525.1 512.9 499 488.2 480.2 477.6 476.4 474.2 461.6 436.9 397.9 361.7 329.3 300.2 263.6 233.4 216.8 202 188.4 181.3 180.3 180.8 181.6 194 207.6 221.7 240.9 260 287.1 319.7 349.9 381.6 406.9 429.5 445.3 440.6 435.5 405.3 363 326.1 311.6 290.1 275 255.7 234.9 215.6 200.3 195.4 193.8 193.7 193.4 193.8 194.3 194.8 210.9 225.7
402.8 433 470.4 501.5 525 541.7 553.6 548.9 555.8 562.4 563.5 556.6 560.6 559.8 564.1 565.1 568.9 572.5 570 564.1 556.2 543.7 531 520 505.7 496.2 486.7 481.7 479.1 470.5 449.2 415.2 380.4 347.6 315.5 284.3 254 230.7 213.9 197.6 182.2 181.4 181 181.1 183.3 195.1 209.3 227.9 248.6 270.9 301.7 335.3 368.4 402 427.1 441.1 455.4 446.9 434.7 406.3 371.9 346.7 340.2 315.8 296.2 275.9 252.6 244 215.1 195.2 194.3 194.1 193.9 194 194.4 194.9 204 218.7
391.4 431.7 471.5 510.1 535.1 553 549.6 552.7 564.8 567 561.7 560.2 563 568.3 570.4 570.1 572.8 578.7 581.5 572.4 562.1 550.3 539.3 524.2 509 499.2 491 480.7 477.4 467.2 441.5 402.2 367.8 335.6 306 276.1 247.6 227.6 207.8 191.9 183.6 181.9 181.9 182.1 186 198.4 217.5 237.1 256.9 284.3 316.5 349.2 383 414.7 439.1 454.7 463.8 451.5 440 437.2 388 374.7 355.4 337.6 329.7 288.5 266.4 256.6 231.9 197.4 194.8 194.5 194.5 194.5 194.6 194.9 197.6 212.7
394.4 437 470.3 504.5 534.7 548.6 550.4 556.3 570.7 571 566.4 563.2 565.7 568.8 572 577.5 579.1 589.7 596.1 586.3 571.1 557.1 542.6 523.6 509 499.9 494.5 485.3 474.5 453.4 425.5 389.1 357.4 328.5 302 273.4 253.6 225.4 207.4 194.2 182.8 182.6 183.1 184.6 192.3 205.8 225 245.7 267.7 294.2 327.1 360.4 391.1 416.7 439.7 463.8 476.6 463.2 461.7 451 411.6 397.3 386.4 369.8 354.7 307.2 278.1 259.5 239.4 213.6 198 195 195.1 195.1 195 195.2 196.5 207.7
397.9 444 478.6 506.5 542.4 558.4 564.9 565.7 580.8 584.6 572.8 565.9 567.8 572.6 579.1 585.2 598.1 598.6 594 581.8 568.1 559.4 541.6 524.8 512.9 502.6 497.5 489.5 473.5 439.5 412.3 381.9 347.2 318.8 286.2 262.3 241.8 222.1 203.9 191.9 184.4 183.3 185.3 191 200.8 211.7 229.3 252.6 274.4 303.2 335.9 367.6 397.6 426.9 447.4 473.4 479.3 476 472.5 458.4 430.7 421 409.8 388.7 373.5 335.9 294.8 263.6 241.7 218.7 202.6 195.8 195.6 195.3 195.4 195.3 197.2 204.7
411 451.8 486.7 516 544.9 567.3 568.7 576.8 589.2 589 578.6 570 574.2 583.1 594.6 608.8 612.9 600.2 590.6 577.9 567.3 554.8 541.7 524.4 513.4 503.9 501.3 493.6 471.3 434 398 370.4 338.6 311.6 283.5 256.5 235.8 218.2 201.6 192.3 186.3 183.7 187.7 194.5 206.9 217.7 230.7 251.3 278.6 311.8 347.2 376.4 404.2 436 459.8 469.7 479.4 479.5 479.5 466.8 446 439 419.3 398.6 377.9 339.2 298.3 274 250.1 222 207.8 196.9 196.1 195.8 195.9 196.3 196.4 206.7
415 464 502.4 527.8 555.3 562.5 580.6 589 594 593 587 578.9 587.4 601.9 615.1 619 610 598.8 584.8 573.8 563 552.4 540.8 525.8 517.1 509.3 505.9 495.2 463.5 427.3 390.2 361.3 331.4 302.2 275.4 252.4 235.9 212 201 189.2 185.8 186 189.7 198.8 207.5 222 236.2 255.4 286.5 321.7 358.3 388.4 433 454 463 473.4 483.1 486.9 488.2 473 455 448.6 428.4 403.5 377.1 340.3 303.6 278.2 250.2 226.9 210.4 199 196.4 196.3 196.1 197.1 198 205.2
418.9 473 516.7 544 559.7 566.2 590.3 588.3 594.9 596.5 594.6 595 608.1 615.9 620.7 613.2 603.3 593.5 578.9 569.6 563.9 556.5 541.4 530.2 520.6 512.9 504.4 487.4 451.1 418.6 381.1 349.8 318.8 293.2 269.6 246.3 225.5 208.2 196.7 187.6 185.7 188.4 194 202.4 212.2 226.2 242.7 266.1 298.5 334.8 372.1 403.5 443.1 458.2 463.5 482.4 491.1 500.7 493.6 475.4 460.3 445.5 426.9 399.6 371.5 336.8 305.2 279 249.7 231.7 213.4 200.6 196.9 196.8 196.6 197.4 198.5 204.6
421.5 471.4 532.8 558.2 561.3 578.9 579.9 590.1 596.4 608.1 617.5 621 627.1 619.3 618.5 610.1 601.7 591.6 576.4 570.1 563 551.7 537.2 527.1 515.5 511.5 498.1 476.6 438.2 405.9 376.5 335.6 307.7 280.8 259.1 239.8 221.1 204.6 190.3 187.7 186.6 191.4 197.8 205.8 218.3 233 251.1 276.8 310.1 351.4 383.8 415.2 446.5 467.9 477.4 494.6 503 501.6 496.1 481.2 461 437.2 412.1 391.1 366.7 336.5 313.5 282.3 250.6 234.5 214.8 201 197.3 197.2 197.1 197.3 198.4 208.4
414.7 465.4 527 552.4 568.9 574.6 581.9 585.7 599.8 619.5 632.9 631.5 630 620.5 619.1 614.8 603.2 589.4 576.9 570.6 559.4 545.5 534.4 523.7 521 509.9 493.7 467.1 437.8 395.9 355.8 326 303.5 275.8 251.6 232.9 215.7 198.7 190.5 188 187.3 193.6 200.3 209.5 223.7 240.4 258.9 289.5 325.3 362.9 398.2 428 456.1 474.1 486.8 498.1 503.3 500.9 491.1 474.6 450.3 427.1 404.7 386.4 359.4 335.1 309.6 276.7 253.3 236.1 219.7 201.7 197.9 198.1 198 198.1 199.8 212.7
417.2 455.2 504.1 535.2 567.5 570.6 582.1 583 602.6 626.9 647.5 634.2 634.1 622.6 617.6 612.8 603.5 589.9 576.7 569.5 560.7 547 535.5 532.7 521.2 507.6 492 466.4 436.5 399.1 364.5 326.2 299.2 273 251.1 231.3 211.5 196.3 190.7 188.4 188.1 192.4 204.7 217.8 230.8 248.7 269.6 302.6 341.8 379.9 416.3 436.7 460 480.4 496.5 503.2 498 490.9 481.4 466 443.8 418.9 399.5 376 351 327.2 300.9 273.8 251.9 237.6 218.2 202.5 198.7 198.9 199 198.9 200.1 208.7
414.2 451.5 496.2 530.5 547.2 563.9 574.8 584.8 613 634.1 653.2 645.8 631.8 620.8 615.5 612.4 600.9 586.4 579 570.2 561 547.1 539.1 534.9 522.1 505.8 488.5 465.1 422.3 389.4 357.7 318.7 289.3 267 246.3 224.2 206.7 193.7 189.3 188.6 189.6 195.4 212.4 225.3 240 258.8 278.9 312.8 352.5 389.3 419.4 447 462.4 484.5 495.7 496.8 495.8 485.3 464.3 447.5 429.1 404.9 386.7 364.4 340.2 316.9 292.1 266.7 245.5 230.9 215.8 202.4 199.2 199.6 199.8 199.5 201.7 212.7
411.4 446.3 479.7 523.5 536.9 551.3 564.1 586.9 616.4 632.5 649 646.2 631.7 617 611.7 610.1 600 589.8 577.8 574 566.1 553.1 544.4 537.3 522.7 507 495.2 447.3 413.7 380.1 345.5 312.6 284.8 257.5 235.1 216 202.7 190.4 189.7 190.4 194.6 203.6 218.6 231.3 247.1 270.8 292.7 323.5 360.9 395.1 424.1 447.2 468.7 483.5 495.7 493.8 484.9 465 453.4 435.2 415.6 389.4 366.6 347 325.9 304.7 278.7 257.5 238.7 223.1 210.9 200.5 200.4 200.1 199.5 199.8 201.9 212.7
400.4 430.5 465.2 503.8 530 543.7 561.3 596.1 626.7 637.4 638.1 638.3 626.6 616.8 610.4 605.6 596.4 587.6 580.7 576.6 571.1 560 556.9 543.2 524.1 515.7 480.2 442.7 403.7 365.9 329.1 300.3 271.2 247.8 227.4 210.3 198.3 190.8 190.5 192.5 198.8 210 226.5 237.8 258 283.4 307.3 338.2 368.4 401.4 426 448.9 473.9 482.9 487.5 480.4 470.6 456.1 443.9 420.8 397.4 373.6 352.6 330.9 310.4 289.2 269 254.3 238.1 225.1 208.7 200.1 200.7 200.4 200.3 200.8 201.5 215.5
386.6 420.4 455.5 490.6 514.3 535.6 561.9 596.4 624.3 632.8 636.1 641.3 631.6 617.7 607.7 605.2 603.6 593.6 588.1 581.2 578.4 569.4 560 545.9 531.9 514.9 472.7 440.6 392.8 351.1 316.2 284.6 260.7 240.5 219.8 204.1 192.6 192.5 192.4 198.2 206.6 218.6 234.4 254.1 275.2 296.3 320.9 349.9 375.9 405.5 428.5 452.3 476.6 480.9 473.7 467.9 454.1 436.9 421 403.9 383.1 357.6 336.1 317.5 298.4 279.9 263 249.4 236.6 223.2 206.6 201.5 201 201.4 201.4 201.3 203.3 217.3
389.8 416 444.9 471.1 497.3 527.2 557.7 586.8 612.7 629.6 632.3 640.8 631.1 616.8 607.3 605.9 608.5 600.5 598.1 589.8 581.4 575.8 564.4 556 528.9 493.2 454.7 416 368.4 331.5 300.5 273.2 249.4 230.7 213.9 195.7 193 195.5 198.8 205 215 227.4 246.8 270.3 292.7 312.9 338.3 361.6 386.3 412.8 434.8 458.6 480.3 470.3 461.4 447.4 432.5 419.4 402.6 385.8 366.7 342.4 323.1 305.2 286.3 271 254.7 243.4 227.5 212.9 201.9 201.7 202.1 202.4 202.4 202.2 209.4 221.4
389.3 400.7 428.9 452.1 482 511 546.3 574.2 601.5 620.3 625 638.1 633 620.7 611 607.9 607.6 608.7 604.2 601.6 589.8 586.9 571.5 539.1 503.9 467.9 425.1 381.1 345.6 313.9 283.9 259.8 238.6 222.6 204.6 194.8 194 197.7 203.5 211.9 220.6 238.8 260.7 284.9 309.4 333.1 355.4 375.9 398.1 419.2 441.2 464.9 466.7 459.7 448.1 434.3 418.6 402.4 384.4 365.1 345.3 325.2 309.4 291.8 275.7 262 247.9 234 218.7 207.9 201.4 202.4 203.2 203.3 203.2 203.3 209.6 219
367.7 383.7 408.3 435.7 462.7 491.1 524.8 562.5 587.4 607.8 610 625.5 638 625.8 619.5 614.5 608.1 607.2 604.3 610.8 596.2 578.3 551 518.7 482.3 449.4 399.7 359.2 327.3 297.3 271.3 246.2 226.4 212.3 199.4 195.7 194.8 202.7 211 217.7 230.5 253.6 277.5 304.9 329.8 353.2 372.7 393.2 409.8 436.3 455.7 471 461 453.3 437 418.8 399.7 383.5 363.7 345.7 327.9 309.8 294.5 281.5 266.7 253.8 240.6 227.9 217.8 208.1 202.3 202.2 202.5 203.8 205.1 206.4 211.9 220.6
348.8 366.7 391.7 417.1 446.1 474.6 506.8 537.7 569.1 584.3 584 596.3 608.7 618.9 622.9 623.5 610.2 607.9 602.5 608.9 586 552 522 489.8 450.7 420.1 380.4 340.7 310.8 283.8 259.1 239.4 217.5 204 197 196.7 201.3 210 219.2 226.9 244.2 270.1 294.5 322.9 348.9 373.1 393.7 410.3 426.4 447.6 465.6 470.5 458.1 439.3 422.1 401.8 383.3 363.9 345.5 329.2 311.9 297 282.7 271.5 258.1 248 231.9 220.6 213.8 208.1 203.2 208 206 204.1 209.1 209 210.9 222.1
336.1 353.4 375.1 402.7 428.5 453.8 483.1 513.6 540 550.2 552.8 562.1 580.6 598 619 627.7 609.7 612.4 600 591.5 566.8 524.7 492.3 452.9 423.7 392.9 359.3 323.4 296.7 270.7 250.8 225.7 208.4 198.2 197.8 198 207.2 216.2 227.3 237.1 256.5 283.6 311.5 341.1 370.7 395.5 415.1 428.9 439.8 450.6 460.9 461.6 442.4 419.3 400.6 383.9 367.8 349.7 331.5 316 299.6 285.4 273.6 263.4 251.5 238.7 223.4 215.8 213.4 206 208.5 214.1 211 206.3 211.4 212 209.1 220.5
318.3 339.5 359.7 387.9 410.6 436.8 462.9 492.6 514.4 520.9 519.9 528.7 552.8 581.9 605.4 610.7 601.3 594.9 584.8 553 521.2 493 460.2 432.6 400.5 369 337.2 305.7 280 255.3 234.3 215.3 203.5 199.6 199.1 206 216.2 226.9 237.7 252 273.9 304.6 333.6 362 395.5 412.8 428.4 441 447.7 456.4 448.6 433.9 419.6 403.8 385.8 370 353.8 336.4 320.1 305.1 290.1 278 264.7 253.2 242.2 231.1 222 218.9 214.3 209.3 215.2 222.8 214 209.6 212 212.1 209.2 218
