data/340000-810000.asc
ncols 200
nrows 200
xllcorner 340000
yllcorner 810000
cellsize 50
[rows 70 to 104 of 200, columns 0 to 77 of 200]
358.7 366 375.4 386.1 398.3 410.2 424.3 438.1 454.2 462.3 462.5 455.5 445.2 432.5 421.2 412.4 406 400.2 395.4 390.7 386.4 381.3 376 371.9 368 363.3 358.2 351.7 344.7 339.2 333.6 329.8 325.8 321 315.4 310.5 305.5 302.6 298 294.3 294.1 294.9 294.6 292 288.9 284.1 277.1 271.5 270.3 269.7 270 271.4 279.9 279 285 296.8 310.3 323.9 339.6 354.4 368.3 382.1 396 410.8 425 439.3 451.3 461.9 471.5 477.8 481.7 484.8 486.1 483 478 472.9 467.3 461
355.9 363.8 373.3 384.7 397.8 409.4 423.1 437.9 456.5 467.4 468.4 460 449.1 438.3 427.1 417.3 409.9 404.2 398.5 394.2 390.5 387.7 384.8 380.9 378 373.8 368.8 362.4 353.6 349.6 342.6 339.8 335.1 328 322 316.9 311.5 309.3 303.9 301.5 302.1 304 304.8 303.6 301 296.1 290.8 285 278.4 274.3 268.4 268.3 271.2 281.2 296.7 311.2 324.7 337 351.7 365.8 379.4 392.2 405 418.4 431.2 444.6 456.1 465.4 473.5 479.3 482.6 485.1 486.2 484.1 479.7 474.2 468.7 461.9
353.4 362.1 372.2 383.5 396.5 410 422.4 438.1 458.1 472 475.6 465.6 452.5 441.2 430.6 420.2 410.8 405.5 401.2 398 395.8 393 391.5 389.6 387.1 383 377.3 369.7 362.6 358.5 353.3 349.8 344.3 336.7 328.8 323 319 316 313 310.2 310.4 312.7 313.1 311.6 309.2 304.9 299.4 291.9 283.7 275.7 269.5 266.8 271.2 287.3 302.4 317.3 330 344 357.7 371.3 383.6 396 408.5 421.3 433.1 445.1 456.1 464.8 471.8 476.7 480.6 483.5 482.9 482.4 479.5 475.8 470.1 463.6
350.4 360.2 371.6 383.4 397.1 409.6 422.2 436.6 456.4 467.8 474.5 468.9 452.3 443.3 432.9 420.7 412.5 407 403 400.7 398.9 400.4 398.8 397.3 393.6 389.1 384.3 378.7 372.9 366.5 361.1 358.8 353 345.1 335.6 328 327.1 323.7 320.2 318 317.3 318.6 319.5 317.5 314.6 310.5 304.3 296.6 287.8 279.6 271 265.6 266.9 283.2 302.7 318.7 332.4 345.5 358.6 370.9 382.1 392.3 406.2 417.8 429.3 441 451.4 460.3 467.2 473.1 476.5 478.5 479.5 478.9 477.4 474.4 470.5 464.4
347.2 357.8 370 383.6 396.9 407.6 419.2 433.3 451.4 462 469.2 463.6 452.2 443.6 433.3 423.1 414.6 408.1 404.2 401.3 400.3 401.7 403.7 404 399.1 393.9 390.2 384.8 379 373.2 369.8 368 362.2 352.1 343.1 336.3 332.9 330.1 326.1 323.8 322.7 325 323.4 320.3 316.9 313.4 307.7 299.5 290.4 281.5 269.7 264.3 264.9 279.4 300.5 317.4 331.2 344.2 354.9 366.8 376.5 386.9 398 409.2 421.9 433.1 444.3 453.4 460.8 466.9 471 473.2 475.2 475.7 475.4 474.1 470.4 464.4
344.8 355.9 368.7 382.2 394.6 404.5 415 429.1 442.9 452.2 459.4 457.2 450.9 442 431.4 423 414.1 407.7 403.4 401 399.5 399.3 401 401.2 400 395.6 391.6 387.6 384.9 379.4 377.8 375.9 369.1 360.1 351.4 344.9 337.8 335.5 332.6 329.6 327.3 327.7 324.1 320.4 316.9 313 308.3 301 291.9 282.2 267 263.9 264.3 277.6 298.9 314.5 327.8 339.9 350.5 360.1 369.3 378.1 389.1 400.3 413.2 424.2 436 445.7 454.2 460.7 465.3 468.4 470.8 473 473.7 473.1 469.4 463.5
341.5 352.6 365.6 378 388.1 397.8 407.4 418 429.7 438.8 446.8 447.2 447.9 438.7 431.8 422.4 412.5 406.9 403.2 400.5 398.7 396.9 398 398.6 398.5 395.2 391.8 389.9 388.3 385.9 385.8 382.7 375.8 367.4 359.1 350.5 342.7 338.3 335 332.5 329.9 326.1 321.7 318.7 315.6 311.1 306.2 300.5 292.1 282.3 270.6 263.5 263.8 275.3 294.9 310.1 322.4 333.4 342.5 351.1 359.7 369.2 379.8 390.7 404.3 416.9 428.6 439 447.3 455.8 461.6 465.6 468.5 470.5 471.4 469.8 465.9 460.2
337.8 348.8 361 369.8 378.8 388.7 396.6 405.8 415.4 424 429.9 433.1 434.2 434.1 429.2 422 411.8 406.3 403 399.9 397.9 395.9 394 394.1 394.5 395 392.8 391 390.8 391.7 391.5 385.5 380.4 372.9 365 356.7 348.8 341.9 337.8 333.9 330.6 326.4 321 315.8 312.1 307.9 302.3 298.1 292.3 283.3 271.4 262.5 262.4 272.6 289.6 303.4 315 325.5 333.9 341.8 349.3 358.8 369.9 382 396.5 411.1 422.3 433.2 442.9 451.8 458.9 463.2 466.5 467.8 468 464.8 460.8 454.8
331.9 343.9 354.3 362.1 369.8 379 386.3 394.2 402.2 409.1 415.4 419.6 421.4 424 423.8 420.2 414 408.2 403.3 399.7 397.5 395 392.2 390.4 391.1 391.9 392.4 393.4 394.8 395.9 393.8 388.4 383.2 378 369.5 361.5 354.6 347.8 341.9 335.4 330.8 326.4 320.1 313.6 308.2 303.6 298.7 294.5 289.5 283.1 272.6 261.3 261.6 265.6 282.2 295.6 305.9 316.2 324.2 331.1 338.5 350.4 362.1 375.5 390.1 404.4 418.1 429.6 439.2 448.8 456.3 461.2 464.7 466.1 464 460.1 453.9 447.7
328.6 339.1 348.9 355.9 362.3 368.8 375.2 380.9 388.4 395.8 400.9 405.7 412.7 415.4 418.4 416.2 414.1 410.6 406.1 401.5 397.3 395.3 391.7 387.5 388.3 389 390.9 393 396 398 397.2 393.9 388.5 382.8 373.3 366.1 358.2 350.9 345 338.5 332.3 327 320.2 311.2 302 297.4 292.5 288.7 284.1 279.8 275.4 264.5 260.7 260 273.9 287.1 298.1 306.1 312.6 319.7 330.4 343.1 355.4 370 384.8 399.4 412.7 425.4 435.7 444.8 452.7 459.1 461.9 462.1 460.1 454.2 447.1 439.3
325.3 335.3 343.4 350.3 355.5 361.6 367.3 372.4 377.8 383.4 388.1 395.6 402.5 408.2 412.2 414.1 413.8 412.8 410.1 405.2 399.9 395.5 391.1 387.3 384.5 387.6 390.1 391.8 394.6 397.8 400.2 398.9 395.1 387.3 379.1 370.5 362.7 354.3 347.5 341.9 335.6 329.4 322.5 312.1 305.1 295.8 286.7 281 278.3 276.1 271.2 262.6 259.8 259.2 264.5 277.5 286.7 294.9 301 308.2 321.7 335.8 349.8 364.4 379.1 393.6 406.9 419.1 429.4 438.9 448 454.6 458.2 459 455.4 449.1 440.5 431.5
321.5 330.5 338.8 344.5 350.3 355.4 360.4 365.4 369.9 374.5 379.5 385.5 392.3 399.2 406.5 409.8 412.7 414.2 412 409 403.6 397.1 390.6 385.7 380.6 386.2 388.8 390.9 393.4 397.3 402.2 404.7 400.9 394.8 385.7 376.3 367.3 358.9 352.5 345.5 339.2 333 325.3 316.6 307.1 294.3 289.2 283.8 279 275 270.9 267.5 264.5 258.3 258.2 266.3 275.3 282.8 290.5 301.6 315.3 330.8 344.5 358.4 372.7 387 399.7 411.5 422.9 432.6 442.1 449.8 454.8 456.2 452 444.3 435.2 422.7
317 326.9 334.1 338.5 343.9 348.4 353.7 358.6 362.7 367.4 372.4 377.6 383.4 390.5 399.4 406.4 412.4 414.5 415.6 412.9 407.7 399.5 391.2 386.4 381.1 379.2 385.2 387.5 390.8 395.9 400.9 403.7 402.4 397.7 390.6 381.3 372 365.5 358.8 354.3 346.8 339.4 331.6 323.7 313.1 300.3 295.7 289.7 284.9 280.9 277.9 274.8 271.8 260.8 257.2 259.6 267 274.5 285.2 297.9 311.9 325.8 338.7 352.7 366.4 378.6 391.8 403.7 415.3 426.2 436.1 444.8 450.2 452.8 448.9 441.5 430.6 417
312.3 320.9 329 334.2 337.2 341.4 346.7 351.6 355.9 360.6 365.4 371 376.7 383.6 392.9 403 411.5 415.8 418 416.4 410.7 403.4 395.5 388.6 382.7 374.3 379.9 384.1 387.5 392.6 397.5 400.1 399.8 396.8 391.9 385.5 379.5 373.7 371.7 363.8 354.6 346.3 337.6 331.2 320.5 311.4 303.1 297.4 291.6 288 284.9 282.2 276.9 270 259.2 255.9 259.9 269.4 282.6 295.3 308.6 320.3 333 345.8 358.4 370.4 383.3 397.2 408.8 422 432.2 440.6 446.5 449.4 446.5 438.3 426.7 411.4
306.5 314.7 322.8 329.4 332.2 334.4 339 344.2 349.2 354.1 359.4 364.8 370.9 378.3 386.9 396.9 408.1 415.5 420 418.9 412.5 405.9 398 389.9 382.4 376.4 373.5 379.3 383.5 388.7 394.7 396.1 394.8 393.3 390.3 388.3 384 384 380.5 371.5 360.3 351.4 344.3 338.7 329 322.5 314.4 307.4 303.6 297.9 295.3 289.8 282.9 275.2 266.4 255.6 255.3 260.2 276.6 290.6 303.5 315.8 326.5 338.4 351.2 364 376.1 389.8 404.3 418.1 429.9 438.9 444.9 446.9 443.7 436.1 424.4 406.7
299.7 308 314.5 321.7 327 329.3 332.6 337.4 342.9 348.3 353.8 360.5 366.9 373.9 381.5 391.4 403.2 412.8 420.1 421.3 415.5 408.4 399.3 389.8 382.6 376 367.5 372 378.6 384.2 389.9 391 388.2 387.4 386.5 385.8 385.7 388.1 385.8 376.9 366.5 354.8 354 347.5 338 333.8 329.9 325.2 321.8 315.7 307.7 299.2 289.9 281 271.9 262.6 254.6 254.7 268.4 283 296.2 306.3 318.9 332 346.3 359.9 372.9 386.7 401 416.3 428.8 437.6 445 444.7 442.8 435.1 423 405.6
294.7 299.6 304.2 311.7 319.1 325 328.3 333.2 338 343.3 349.3 357.2 363.5 369.6 376.8 386.2 398.2 410.3 419.1 422.8 419.5 411 401.1 390.4 381 375.4 369.3 365.4 370.8 378.1 382.5 383.3 381.7 380.6 380.7 382 384.7 388.5 388.6 380.9 371.5 364.5 360.5 355.1 349.9 346.4 341.6 337.6 331.2 323.6 315.6 305.6 294.1 284.1 273.7 265.3 256.3 253.4 261.1 274 284.5 300.7 315.8 330.5 345.9 359.1 374.6 388.2 402.2 415.9 428.7 437.3 444.4 446.6 444 435 423.9 408.2
289.9 293.3 296.9 303.1 309.3 315.7 321.7 328.3 333.1 339.2 344.9 353.1 360 366 373.4 381.8 394.4 406.4 416.2 420.3 418.3 412.2 402.1 391.5 381.5 374.6 369.4 361 364.5 371 374.3 374.4 374.3 373.5 375.1 378.3 382.3 385.8 387.8 383.3 375.6 369.4 364 359.1 355.6 352.8 347.1 339 331.2 324.5 317.2 308.6 296.9 285.5 274.2 266.7 259.9 254.9 258.3 273.1 288.8 304.1 319.4 334.5 349.1 363.5 377 390.1 404.5 418.6 429.2 438.3 443.7 446.7 445.1 436.5 425.4 412.8
285 290.3 294.9 299.9 305.4 311.4 316.9 322.5 329.5 335.5 341.2 348.7 356.2 362.4 369.2 378.8 390.4 400.9 410.1 415 414.9 410.1 400.7 391.4 382.2 375.2 369.3 363.3 356.3 362.7 365.5 366.2 365.9 367.2 369.5 373.4 377.4 381.4 383.4 380.4 376.4 369.8 365.2 361 356.8 351.1 345.5 336.4 329.1 321.1 314.9 307.3 298.1 285.3 274.8 267.2 260.5 252.4 255.2 275.9 291.3 306.1 321.4 337.2 352.4 365.7 378.9 392.2 406 418.6 427.1 434.8 439.5 442.3 441.5 436.8 426.8 417.4
281 287.3 291.2 297 302.6 308.9 313.7 319 325.9 333.2 338.5 344.6 352.1 359 365.8 374.2 384.9 394.5 401.8 408.3 410.5 406.7 399.2 391 381.7 374.8 368.7 362.7 353.4 353.4 358.1 358.3 359.6 361.2 364.3 368.6 372.3 376 378.5 377.3 374.3 369.1 363.6 358.9 354.2 348.1 340.8 331.8 323.6 316.7 310.2 302.3 292.7 281.8 271.9 264.9 259.1 252 254.4 276.4 292 307.5 323.2 339 352.6 365.4 377.8 390.9 402.6 412.8 421.6 428.6 433.8 435 436.2 432.4 427.2 419.2
276.4 281.8 288.8 294.1 300 304.4 309.4 315.6 322.4 331.1 337.5 343.3 349.2 355.8 362.4 370.4 379 387.1 393.2 400 402.4 401.4 396.5 389.2 381.5 373.7 367.3 360.8 355 344.1 348.3 350.9 352.8 355.7 359.4 363.5 368.2 371.5 374.9 374.4 371.1 366 360.8 355.3 350 343.9 336.3 328 319.6 312.5 305.1 296.3 287.6 277.2 268.1 262.2 255.9 250.6 261.5 278.8 292.9 307.6 324.2 337 350.1 361.5 372.7 384.3 393 402.2 410.8 418.7 423.4 425.4 425.5 424.2 422 417.8
274.6 280.1 286.6 291.2 296.2 301.6 307.1 312.9 321.1 329.4 335.9 342 349.4 354.1 359.4 366.2 373.7 379.4 384.9 390.9 394.3 395.8 393.4 387.4 380.2 372.1 365.2 358.7 352.9 345.5 338.8 342.6 346.6 350.6 354.6 358.8 364.3 368.3 371.4 372 368.2 362.8 356.1 350.2 345.2 338.6 330.3 321.6 315.6 307.9 300.1 290.6 281.4 271.1 262.3 256.3 249.6 249.8 266.2 279.2 293.9 308 320.9 332.8 343.7 354.2 364.9 373.6 381.8 389.4 397 404.1 408.6 411.2 412.9 413.9 414 412.6
275.2 280.3 285.7 289.7 295 300.3 306.5 313.6 320.8 328 334.4 342.6 347.8 352.7 355.6 361.9 367 372 378.2 383.8 388.1 391.5 389.6 384.9 378.4 370.2 362.6 355.8 350.4 345.2 336.7 334.3 339.6 345.4 349.5 354.9 360.2 365.1 367.7 369.6 366.3 358.5 352.1 345.9 339.2 332.9 325.8 317.9 309.7 303.6 296.1 287.1 278 267.5 258.8 252.2 248.4 251.9 263 276.1 290.3 303.8 315.2 326.1 336.4 345.8 354.7 362.5 369.8 376.3 382.8 389.3 394.2 397.2 399.6 401.5 402.7 404
278.6 282.5 286.3 289.9 294.1 300.6 307.4 314.2 322.4 328.2 335.9 341.9 347.5 351 352.3 355.7 360.9 365.9 371.8 377.9 383.3 386.7 386.1 381.5 375.8 367.8 360.1 352.9 347.6 342.3 337.8 329.8 335.4 341 345.6 352.1 357.1 362.2 365.3 367.3 364.4 356.5 350 343.6 338.5 328.8 318.8 311.8 305.5 299.1 290.9 282.3 273.1 263.5 256.2 250.8 248.1 253 260.3 271.2 282.6 295.6 306.8 317.1 327.3 336.8 344.9 351.4 357.4 363.5 369.5 375.1 379.3 382.6 384.8 387 389.7 391.9
280.7 283.2 286.7 290.2 295.6 302.1 308.7 315.3 323.4 331.2 338 343.3 347.5 349.1 349.6 351.7 354.3 359.6 365.6 372.6 378 382.8 385.1 380.2 374.4 366.2 358.5 350.8 344.5 339.6 335.8 328.6 325.9 334.1 341.8 349.3 355.7 360.6 362.9 362.9 360.6 354.1 349 341.8 338.8 330 320.2 312.8 305.4 297.7 288.6 277.5 267.8 261.2 254.9 247.3 246.7 251.4 258.5 267.9 278 288.1 297.3 306.6 315.7 325.6 334.9 341.7 347.7 352.6 355.8 359.2 363 366.9 370.5 373.8 375.4 377.3
280.2 282.1 286.1 290.5 295.6 302.8 309.7 317.1 326.3 333.3 338.7 342.9 344.6 345.7 344.5 344.6 347.7 353.1 358.9 366.7 373.5 379.4 381 379.8 373.8 366.7 359.6 353 345.6 339.4 335.6 327 321.8 327.9 336.9 345.6 353.3 358.9 360.3 357.6 354.5 349.8 345.9 340.9 338.7 329 319.1 310.7 304.2 296.8 286.7 276.7 268.8 259.8 253.5 246.8 245.7 251.1 257.3 265.3 275.8 283.5 293.5 301.7 308.5 316.1 324.1 331.5 337 342.1 344.6 347.6 350.7 354.1 357.3 360 361.6 365
277.1 279.3 283.5 287.6 293.2 301.8 310.9 321 330.3 337 340.1 341.7 340 338.7 337.1 338.3 341.1 346.6 352.4 361.4 369.7 376.4 379.2 379.9 376.2 368.4 361.2 354.5 347.9 342 336.2 329.8 322.3 319.9 331.3 339.7 347.4 353.3 356.3 354.1 349.8 346.2 342 339.5 335.8 328.9 319.1 309.7 303.5 295.9 286.6 278.7 270.6 262.6 253.8 245.8 245 250.3 255.6 263.8 271.3 278.9 288.4 296.4 302.9 309 316.1 322.5 327.1 331.7 334.4 337.8 340.6 342.9 343.9 345 347.6 351.9
271.9 275.4 279.8 284.7 291.5 300.8 313 324.8 335 339.4 339.7 338 334.1 331 330 331.4 334.4 339.1 347.6 357 367.2 375.9 381.4 383.4 380.9 371.9 363.9 355.6 348.8 342.7 336.2 330.1 323.2 313.2 324.3 332.8 340 346.7 349.3 352.7 350.9 346.5 343.1 339.5 333 328.2 319.2 307.2 300.6 293.9 285.3 276.9 269.1 262.8 254.4 244 243.9 247.8 253.9 260.2 266.7 273.8 284.4 292 298.2 303.9 309.6 315.5 320.1 323.6 326.8 329.5 330.8 333.3 335.2 337 337.9 339.6
262.7 268.5 272.3 276.4 285.8 297.4 311.2 324.2 333 337.8 335.1 332.3 327.9 323.9 323.6 324.7 327.7 334.7 342.8 352.6 363.2 376.4 383.3 387.6 385.1 377.4 370 361.2 350 341.6 335.4 329.5 322.7 310 316.1 325.8 332.7 338.7 342.8 346.1 347.6 348 344.2 338.2 331.5 325.2 317.3 306.6 295.3 289.1 283.7 276.8 269.6 262.7 255.4 243.5 243 245.9 252.5 259.5 265 272.2 279.8 286.8 292.8 297.3 302.6 308.2 313 316.6 319.8 322 323.9 326.3 328.3 330.1 331 332
250.4 253.1 258 265.8 276.7 289.1 302.3 313.6 322.5 327.6 325.8 320.9 318.4 316.5 316.4 318.6 321.8 328.9 338.8 350.5 361.9 376.8 385.9 390.9 388.6 383.7 376.8 365.6 351 341.4 334.8 327.6 320 311.8 307.9 318.4 326.1 331.6 337 340.8 342 342.2 339.7 335.5 330.2 321.9 313.9 305.4 297.5 286.6 278.7 272.2 267 260.1 252.8 242.4 241.9 244.3 249.1 255.8 262.2 268.4 274.2 281 286.3 290.7 295.1 301.2 307.1 312.2 314.9 316.9 318.8 320.5 322.3 324.1 325 325.8
242.2 242.1 245.5 253.2 266.1 278.7 289.6 299.5 306.2 310.9 308.8 303.7 303.8 305 301.9 308 314.9 322.8 334 346.2 360.9 374.1 385.7 389.9 391.5 386.7 380.1 366.8 354.7 343.3 333.4 326.9 318.8 310.5 300.9 308 316.6 326.1 333.8 337 337.8 336.2 333.9 331.8 328.9 322.6 313.2 301.8 292.8 284.3 275.8 268.6 262.4 255.9 248.1 241.5 241.1 243.8 247.6 252.6 258.5 265.2 270.9 276.5 280.5 284.9 289.7 296.4 303.3 307.8 310.7 313.1 314.1 315.5 317.2 317.9 318.8 319.2
243.8 245.5 242.4 242 253.9 263 273.3 283.1 288.9 293.4 294.8 291 289.9 291 293.2 300 308.1 317 326.8 338.9 354.1 367.7 378.4 382.6 384.8 381.5 375.7 366.9 357.3 346.7 335.9 327.4 319.7 311.1 302.6 298.6 308.7 319.2 327.5 332.2 332.5 330.1 327.9 327.5 326.1 320 312.2 301.6 292 283 275.5 266.9 258.9 251.1 244.7 241.6 239.9 241.7 246 251 256.8 262.3 267.3 272 277.1 282 286.8 293.6 299.5 303.5 307.1 308.4 309.9 310.9 310.6 311.5 312.2 311.6
245.1 243.2 239.4 239.1 238.5 246.3 256.5 266.8 272.3 276.8 280.8 281.3 280.5 281 283.7 288 298.1 309.4 319.7 329.3 343.9 356.9 366.6 370.7 372.7 370.1 365.8 360.3 357.5 347.8 337.2 327.8 318.2 311.8 302.6 293.6 302.5 311.6 319.7 325.3 325.2 322.8 321.1 319.4 318.3 314.2 308.4 300 290.8 281.6 273.2 264.5 256.1 247.7 242.5 240.2 238.9 239.5 243 246.7 252.2 257.8 263.8 268.4 272.8 279.4 285.8 291.4 296.6 300.3 302.9 303.7 305 305.2 306.4 306.4 306.9 306.7
243 239.8 241.8 240.9 239.9 238.3 242.9 249.9 256.7 261.3 265.7 270.2 270.6 271.7 275 278.8 286.2 297.8 309.7 320.4 332.5 345.4 355.8 357.3 358.6 357.1 352.5 349.1 347.8 343.3 334.4 325.5 315.3 307.5 300.2 293.4 294 302.4 309.5 314.5 314.7 313 310.6 309.2 309 306 302 294.3 286.3 277.7 269.4 261.3 253.6 248.7 243.3 238.5 238.2 238.7 239.6 242.4 247.8 253.2 258.2 262.4 269.2 277.4 283.5 288.9 292.9 296.8 298.5 299.1 300.4 300.7 302.4 303.3 301.4 301.3
239.8 242.1 242.7 243 241.6 239.9 238.2 239.9 243.7 248.7 254.2 258.6 262.2 264.1 266.8 270.5 276.9 285.9 297.4 309.8 323.1 333.3 341.4 344.6 344.1 341.2 337.6 334.5 335.9 335.2 329.5 319.9 309.6 299.5 293.1 288.8 287.8 297.6 300.9 304.2 303.2 301.9 300.7 299.4 299 297.8 293.7 287.6 279.4 272.1 264.7 257.3 251.9 246.9 241.3 237.7 237.4 237.4 239.8 242.1 245.3 249.4 255.1 260.3 266.1 273.7 280.1 285.8 289.5 293.2 296 295.6 292.4 291 290.8 293.8 294.3 292.6
