data/340000-790000.asc
ncols 200
nrows 200
xllcorner 340000
yllcorner 790000
cellsize 50
[rows 35 to 69 of 200, columns 78 to 155 of 200]
185.3 184.9 184.3 184.1 183.7 183.1 181.7 180.9 178.8 178.1 177.9 177.2 176.5 175 172.2 171.3 170.5 169.8 169.3 169 168.7 169.1 169 168.5 169.4 169.5 168.9 168.5 169.3 166.8 162.2 160.6 160 159.5 152 152 152 152 152 151.9 157.6 156.3 155.6 154.8 154.2 147.9 147.9 150.3 152.7 154.3 155.3 155.5 155 154.6 154.7 154.2 153.9 153.4 153.2 152.9 152.5 152.5 152.3 151.7 151.5 151.5 151.4 151.3 150.9 150.4 149.9 149.4 149.2 149.1 149.1 149.4 148.9 143.6
183.8 183.4 183 182.7 182.6 182.4 182.1 180.5 178.5 179 178.1 177.1 177 176 172.4 171.3 170.6 169.8 169.8 169.8 169.7 169.7 169.2 168.5 171.1 170.4 169.2 169.3 165.2 161.8 160.3 159.5 153.1 152 154.3 157 156.7 156.5 156.2 151.5 150.5 149.8 149.3 148.9 151.7 155.5 156 157 157.1 156.5 156.6 157.1 156.4 155.3 155.1 154.7 154.4 153.8 153.3 152.6 151.9 151 150.9 151.2 151 151 151 150.9 150.7 150.8 150.4 149.9 149.5 149.4 149.2 149.2 149.4 149.4
182.9 183.8 182.9 182 181.5 181.4 181 179.8 179.2 179.2 179.1 177.7 176.9 174.4 172.5 171.6 170.9 170.6 170.7 170.7 170.8 170 169.6 169.5 172.8 169.8 167.9 163.2 161.5 159.9 158.2 152.9 152.3 157.4 157.4 157.6 157.4 156.9 156.8 156.2 155.2 155.5 155.3 160.1 159.9 160.3 160.3 160.2 160.4 159.8 159 158.8 158.4 157.3 156.6 156 156.2 156.8 157 158.2 158.1 156.2 155.4 154.2 150.9 151.5 151.3 151.3 150.7 151.4 151.3 150.9 150.4 149.5 149 148.7 148.8 148.6
182.2 183.5 183 182.1 181.2 180.4 179.3 178 177.8 178.4 178.1 177.7 176.1 173.1 173 172 171.3 171.2 171.3 171.5 171.4 171.1 171.7 169.5 170.5 166.7 163.6 161.9 159.8 157.2 153.3 154 158.2 158.8 159 158.4 158.4 158 157.9 157.8 160.2 164.1 164.9 167.7 167.5 167 166.2 166.1 165.5 163.7 162.1 161 160.9 160.4 161.2 161.2 164 161 159.6 159.6 159.5 159.2 157.6 157.2 156 153.5 152.5 151.6 150.8 151.4 151.8 151.8 151.3 150.1 149.4 149.7 149.4 148.6
181.5 182.6 182.3 181.9 181.6 180.6 177.6 176.5 175.9 178.1 177.9 173.8 172.8 172.7 173.4 172.5 171.9 171.9 172 172.1 172.9 172.4 171.5 170.8 166.1 163 161.8 160.1 154 153.3 157.2 158.7 159.6 160.5 160.3 159.9 159.3 163.7 170.3 170.3 170.3 172.5 173.7 174.5 174.6 173.5 172.1 171.4 170.6 168.9 167.3 165.9 164.9 164.1 165.5 164.7 165 163 162 162.3 161.6 160.5 159.5 162.3 161.5 161.5 156 154.3 152.1 151.7 150.9 150.8 150.6 149.4 149.3 149.5 149.2 148.6
179.6 179.9 181 180.8 179.1 178.9 175.8 175 174.5 174.4 173 173.1 173.3 173.2 173.2 172.9 172.6 172.6 172.7 173.4 173.1 172.1 171 165 163 161.3 159.4 153.6 153.4 158.8 159.1 160.1 161.1 162.1 162.1 162 167.6 172.7 175.4 177.2 178 182.2 181 182.6 182.1 181.3 178.4 176.7 175.8 174.2 173.1 173.3 171.8 169.8 169.1 168.7 168.5 170 167.8 165.1 164.2 162.9 161.5 159.8 158.8 158.9 157.7 156.2 155.6 153.7 150.5 149.5 149.7 149.3 149.3 149.4 149 148.6
176.6 176.2 176.2 176.5 176.5 176.2 175.5 174.6 174.3 172.7 172 172.3 173.2 173.6 173.6 173.5 173.2 173.3 173.6 173.2 172.7 171.8 164.5 163.3 161.7 156.6 154.1 156.2 159 159.6 160.5 161.5 162.3 163.2 166.2 170.2 175.5 179.9 182.6 184.4 186.5 190.7 195 193.3 192.3 190 185.1 183 182 180.8 179.8 178.4 177.4 174.5 171.9 171.2 170.5 173.6 173.1 169 166.6 165.5 164.6 163.9 164.7 161.9 159.9 158.6 158.9 158 156.2 158.8 149.5 149.1 149.2 149.2 149 148.5
178.2 177.9 176.7 177 177.5 176.8 176.5 174.6 174.5 172.1 171 169.8 169.3 172.9 173.2 172.6 173.2 173.7 173.5 172.9 171.9 165.2 163.7 161.1 154.7 154.5 158.5 159.8 160.4 162.8 165.6 167 170 174.7 174.1 178.1 183.4 186.6 189.6 192.4 196.2 199.3 201.1 197.9 196.7 194.1 191.5 188.6 188.5 187.6 185.5 183.5 182.3 179.8 177 175.9 176 176.4 175.4 173 173 172.2 170.2 168.7 168.2 165.7 161.5 160.6 160.8 159.8 159.3 156.7 156 155.3 153.8 151.7 149.5 148.8
178.8 178.8 178.6 178.4 178.2 177.8 176.7 175.3 170.2 163.7 162.9 161.3 160.5 160.6 164.7 164.9 166.3 172.5 172.5 168.1 164.5 161.9 158.8 154.7 156.8 159.9 167.6 169.5 169.2 170.2 172 174.9 179.2 186 184 185.4 190.2 194.6 194.4 198.1 200.2 203 201.3 200 199.3 197.1 195.6 196.2 196 194.8 193.3 194.5 192.4 187.3 184.1 182.7 181.6 181.7 181.7 183.3 180.1 177.8 175.3 172.2 169 167.2 165.4 163.3 164.7 164.6 161.3 160 159.8 159.4 158.6 158.6 157.3 152.6
179.6 173.8 168.7 168.3 171 169.5 164.7 163.3 163 162.2 161.3 158.2 159.2 158.8 156.3 156.3 162 161.8 162.2 161.3 160.6 154.7 154.7 158.9 167.3 173.1 174.3 178.5 182.6 181.9 184.3 182.4 186.3 187.8 188.9 192.7 195.8 198.4 198.3 201.6 204 204.1 203.7 205.7 203.2 202.6 202.6 204.2 203.9 202.5 200.9 199.2 197.2 196.4 194.6 193.8 190.9 191.2 191.6 191.6 186.9 182.6 175.6 174.3 176.4 176.1 170.6 167.2 171.9 173.3 170.2 168.2 165.7 163.6 162.6 162.3 160.2 157.9
161.8 161.3 161.3 161.3 161.3 161.3 162.6 162.3 161.8 158.2 158.2 162.3 162.5 162.2 160.8 158.4 156.3 156.3 156.7 155.2 154.7 158.2 165 174.5 177.8 179.7 180.6 182.8 184 182.2 184.2 189.2 190.7 192.2 194.1 196.1 197.8 199.5 202.2 205.7 210 211.6 209.4 211.5 210.7 210.5 210.9 211.8 211.7 210.8 209.4 207.7 205.7 205.2 205.9 203.1 197.5 196.4 197.3 194.4 189.9 184.6 179.5 181.9 183.5 180.7 174 172.8 173.3 173.2 173.2 172.7 169.4 168 167.5 166.4 164.9 164.6
162.7 164.6 164.1 163.5 162.6 161.2 159.8 159.2 159 163.6 164.4 165.1 164.9 164.3 163.1 162.1 161.6 161.6 161.5 161 170 175.6 180.6 184.1 186.3 186.2 187 186.9 188.3 191.6 190.5 193 194.5 196.2 197.1 198.6 199.6 202.6 206.7 210.4 217.2 216.3 218.3 223.1 223.8 225 221.7 220.9 220.5 218 214.6 209.5 207.8 207.1 207.6 205.9 199.8 198.8 199.9 197 189.5 185.9 185.2 186.5 184.5 180.9 176.7 175 176.7 177.4 177.2 176.6 174.8 173.7 173.6 173.8 172.6 173.5
164.9 165 164.6 164.1 163.5 163.3 164 164.8 165.6 166.4 166.8 167.1 167 166.7 166.1 165.5 165.6 165.7 173.5 178.4 182.4 185.9 187.7 189.7 192.6 192 192.6 191.9 192.1 195.6 195.4 197.3 198.7 199.5 200.7 202.1 202.7 206.2 209.6 213.3 216.7 218.9 224.5 231 232.4 232.7 229.9 226.7 221.3 217.5 214.5 209.4 208.2 207.7 207.2 203.7 199.8 198.8 198 193.5 190.2 188 187.4 186.5 184.5 182.7 182.7 178 183.6 183.5 181.8 180.7 180.8 180.8 181.7 181.5 179.7 183.6
165.3 165.4 165 164.7 166.4 165.4 166 166.5 167.1 167.8 168.5 168.6 168.6 168 166.4 167.6 171 176.7 181.8 183 187.8 190.7 191.8 192.8 195.6 195 195.1 195 196.1 198.7 200.7 202.9 202.3 203.2 204.6 205 205.6 209.2 211.2 214.3 217.6 221.5 226.6 232.6 233.4 232.7 230.1 226.4 222.5 219.8 216.4 210.8 207.7 206.9 205.6 200 199.3 198.4 198.2 195.8 194.5 193.4 193.1 192.4 191.3 191.2 188.6 188.3 190.3 189.3 186.5 184.8 186.2 188.4 190.9 190.1 189.4 192.4
165.3 165.6 165.7 168.1 166.7 166.6 167.8 168.1 168.4 169 169.3 168.8 168.3 167.6 167.1 171.7 179.6 183.5 187.9 191.9 192.8 194.9 196.7 197.1 197.6 198.4 198.5 195.9 200.1 205.9 204.7 204.6 205.4 205.5 206.3 206.7 208.2 210.1 211.1 213.8 216.8 219.6 224.2 229.6 233.3 232.7 231.2 230.2 226.2 222.6 217.4 213.9 210.1 206.5 204.7 202.9 204.7 206.7 208.3 204.4 202.2 202.1 201.2 198.8 198.9 197.6 195.1 195.7 196.8 192.3 190.5 190.2 192.1 195 197.6 198.3 198.9 201.5
163.2 167.1 168.6 167.3 166.5 168.4 168.9 169.2 169.5 168.9 168.7 168.1 167.6 169 177.7 182.1 184.4 187.4 192.9 197.2 198.2 199.2 201.7 203.3 204 201.8 201.2 202 205.5 209.8 210.1 207.7 209.5 209.6 208.6 208.5 209.2 210.3 210.7 212.6 215.5 217.6 222.6 227.9 231.4 232.1 230.5 229.7 226.6 220.9 214.1 212.5 209.2 206.2 205.4 206.8 211.8 214.3 213.5 209.2 208 209 208 205.2 202.9 200.2 200.7 200.7 201.1 195.7 194.8 196.1 198.9 201.9 205 207.3 209.2 211.2
163.2 169 168.3 166.8 167 169.4 169.8 170 169.7 169.1 168.1 169.3 176.3 180.9 184.8 188.5 191.7 192.4 197.1 200.7 202.9 204.5 208.2 209.7 208 209.1 209.6 207.3 211.1 214.5 216.1 213.7 214.8 213 211.4 211.3 210.7 209.7 209.8 211 214.3 217.2 221.5 226.3 229.7 231.4 228.5 226.6 221.7 217.2 212 209.3 209.4 208.4 209 210.4 217.1 217.1 214.3 211.3 210.8 212.5 211.9 208.7 206.5 205.9 206.2 206 203.5 199.2 200 202.2 205.9 208.9 212 215.5 218 221
164.8 164 168.1 167 169.3 170.5 170.6 170.4 169.8 169.3 173.4 180 184.4 188.8 193 194.6 198 198.9 200 204.7 209.1 210 214.7 216.1 217.6 218.5 218.5 215.9 217.6 219.9 221.6 219.4 219.7 217.6 215.2 213.8 212.8 211.9 210.9 211 213.4 216.5 222.4 226.1 231.1 232.8 229.6 226.2 221.3 217.2 212.4 211 213.2 211 212.5 215 218.7 217.2 216.5 215.4 214 214 213.5 211.9 211.6 211.3 211.2 211 208.8 204.3 206.3 208.4 211.9 215.9 219.1 223.3 227.4 230.3
165.3 165 168.3 167.6 169.7 171.2 170.7 170.3 170.2 176.5 181.8 187.1 192.3 196.9 199.9 201.6 203.1 203.8 203.7 211.1 213.2 215.6 221.9 227.2 228.6 230.6 230.9 227.8 227.3 225.9 226.2 225.6 224.5 221.8 218.9 216.9 215.2 214 212.9 211.7 213 216.2 220 225.2 230.7 232.2 231.3 227.5 223.4 219.7 213.9 213.9 213.8 213.7 214.8 217.3 220 220.4 219.8 219 218.1 217.5 217.6 217.6 217.4 217.2 217 215.1 213.5 212.8 213.5 215.6 217.6 221 225.9 230.7 236.3 241.3
164.9 165.6 167.9 168.9 171.2 172.5 172 171.2 178.7 182.9 188.8 193.5 198.3 201.8 204.5 206.6 207.9 210.6 207.8 215 217.8 223.4 231.3 237 240.3 241.2 241.5 237.6 232.7 229.2 229.8 230 228.3 225.2 222.5 220.6 218.6 216.7 215.1 213.7 215.8 221.4 225.5 229.7 232.6 232.8 232.7 229.6 225.1 220.2 216 217.8 216.6 216.3 217.6 219.9 223.3 223.4 223.1 222.2 221.5 223.5 223.9 223.6 223.5 223.8 224.4 224.3 222.3 221.2 222.2 223 222 224.3 229.6 237.4 244.5 252.4
164.3 167.1 169.7 171 172.7 173.7 175.8 181.5 183.7 188.6 193.7 199.5 203.2 206.3 209 211.7 213.7 217 217.3 217.6 220.9 225.4 233.3 240.2 248.5 246.1 243 237.3 234.2 232 232.5 232.7 231.8 228.6 226.4 224.9 222.5 219.6 217.4 217.3 219.3 223.3 228.5 232.1 233.8 233.7 232.7 229.4 224.5 221.2 219.5 221.5 220.7 220 221 223.6 226.4 227.8 226.1 225.3 227.6 230.3 230.6 231.7 233.2 232.4 233.1 232.7 231.1 229.8 229.7 228.2 225.7 226.4 229.6 238.2 248.1 258
166.7 168.4 171.1 173.5 174.5 179.9 183.9 186.4 189.6 194.6 198.7 203.5 207.6 210.7 213.8 216.2 217.9 219.3 218.5 219.2 222.4 226.7 233.4 240 243.2 244.9 243.9 239.8 236.4 235.5 235.4 235.8 233.7 231 230.8 228.4 225.7 222.8 220.2 220.7 222.9 225.9 231.6 232.7 235 236.2 232.2 228.7 226.3 225.2 225 224.9 224.9 224.2 224.7 226.9 229.3 230.4 230.5 231.3 234.4 237 238.9 241.8 243.7 242.9 242 241.2 239.5 237.6 235.9 233.1 229.6 227.7 229.9 239.1 251.1 259.7
168.7 169.9 174.8 176 181.6 185.5 188.7 193.3 197.1 202.1 206.6 210.9 214.1 216 218.6 220.4 221 220.5 219 219.7 220.7 227.3 234.6 240.2 243.9 245.6 246.2 244.3 240.9 239.8 239.6 239 236.7 234.1 232.3 231.6 228.9 225.2 225.5 224.4 227.9 231.1 234.7 239.2 243.1 241.7 237.5 235.2 232.4 231.7 231.7 229.9 229.6 228.7 228.9 230.9 233.5 234.7 235.6 238.2 241.2 243.5 245.6 248.2 250.6 251.3 250.3 249.1 247.3 244.8 241.8 238.6 235.3 232.4 234 241.3 251.6 260.4
169.8 176.2 176.9 184.2 186 191.8 197.1 201.2 204.9 210.7 216.1 219.8 221.6 223.3 224.2 224.7 223.6 222.2 220 220.1 222.8 226.3 234 240.8 244.5 249.7 251.1 250 245.8 246 245.9 244.5 243.9 239.8 238 235.3 232.5 230.2 229.2 228.4 231.7 236.8 241.4 248.6 250.8 248.1 240.9 242.5 241.1 238.2 236.2 234.2 234.8 233.1 233.6 236.3 238 240.3 242.5 245.1 247.3 249.3 251.5 256.8 258.7 260.1 259.6 257.1 253.9 251 247.2 243.5 238.8 235.4 236.1 242.6 251.3 260.9
176.2 178 187.5 188 195.6 202.2 209.2 212.7 218.6 225.2 228.3 228.3 229.3 230 229.9 228.3 225.8 223.7 221.9 220.9 222.5 227.3 234.5 241.7 247.1 253.4 255.5 260.3 258.8 256 253.2 249.4 245.9 244 240.2 238.7 237.4 235.8 234.1 234.7 236.7 242.7 251 261.3 260.9 254.9 248.1 247.5 245.8 242.8 240.6 239.3 238.4 237.8 239 242.4 245 245.9 248.2 250.5 252.6 254.6 257.1 262.7 269.7 268.6 266 262.7 258.4 255.1 251.9 247.1 241.6 237.1 236.2 240.1 249.7 260.5
179 189.7 192.5 200.4 206.7 217.1 227.2 231.6 236.1 238 238.5 237.4 236.6 235.5 234.1 231.6 229 226.1 224 221.9 222.8 228.4 235.2 243.8 251.3 256.4 261.1 266.4 265.3 265.4 257.8 254.1 249.8 247.9 246.9 243 242.6 239.1 237.3 239.2 242.6 248.4 255.4 263 262.5 257.1 252.4 250.4 248.2 246.7 245 243.4 242.7 242.4 244.4 246.3 248.1 250.9 253 255.2 257.8 259.8 263.2 266.9 271.4 270.5 268.1 264.6 261 258.2 254.5 248.9 243.1 237.4 235.8 234.6 244.4 251
187.9 195.7 198.7 211.1 221 235 246.3 247 246.9 247.9 248.2 246.9 243.8 240.6 237.3 234.8 232.1 228.7 226.3 223.7 225.2 230.9 237.1 246.1 254.6 261.9 265 272.2 268.4 271.3 267.2 264.4 259.5 252.4 248.7 244.7 241 241.2 242.5 244.6 249.1 253.6 260.6 265.9 264.4 259.4 256.1 253.7 251.7 251.3 248.7 248.6 248.5 248.5 250.3 251.5 252.9 255.7 258.1 260.5 262.6 263.7 265.9 268.3 270.1 269.8 268.6 265.9 262.9 259.6 255.1 249.8 244.4 239 234 230.7 229.3 233.1
192.8 201.3 210 219.8 234 249.8 259.5 258.5 256.7 257 258.1 256.4 252.5 246.7 243.1 239.3 235.1 231.2 228.3 226.4 228.1 233.4 240.4 249 258.3 265.6 269.2 270.8 276 275.3 274.8 265.8 265.1 264.9 255.2 252.1 248.8 247.3 248.4 251 256.1 260.7 262.7 268.5 267.9 263.9 261.7 261 260.2 258.4 257.2 256.3 255.9 255.1 255.9 256.7 258.9 262.9 265.6 267.8 267.4 267.8 267.8 267.9 268.9 269.2 268.9 266 262.8 260 254.6 250.8 245.4 239.9 233.4 228.3 224.1 221.4
194.8 205.4 216.3 227 243.1 256.5 263.6 269.6 264.2 265.7 265.7 264.5 258.1 252.5 249.5 243.4 239.5 235.4 230.8 228.8 232.2 236.7 244.4 253.4 263.5 268.6 270.1 273.3 277.5 283.1 283.1 277.8 272.6 266.9 260.3 257.1 253.1 255 259.2 264.6 268.4 271.4 276.3 279.2 278.6 277.3 274.7 271.9 270.8 268.6 266.3 264.2 262.7 263 263.7 265.5 268.1 271.8 272.3 272.8 271.1 271.1 268.9 268.4 268.9 269.4 268.2 267.6 264.9 263.3 259.8 252.7 246.5 240.1 233.4 226.9 221.9 217.6
199.4 210 220.4 230.7 243.6 255.4 262.6 270.4 270.9 272.5 272 265 259.8 256.4 252.5 247.9 244.1 239.4 234.7 232.1 236.8 242.3 248.6 257.9 266.4 272.6 276.8 279.9 282.6 287.6 289.9 287 279.4 271 265.6 260.9 259.2 262.2 271.3 281.5 287.1 288.4 290.4 293.2 292.2 290 287.6 284.1 280.7 278.5 276.8 274.3 272.8 271.4 271.8 272.6 274.6 276.9 278.7 277.9 277.1 274.7 271.5 269.7 270.1 270.3 270.3 269.6 268.9 267.9 264.2 253.8 246.1 239.5 233 225.9 219.3 213
202.8 212.6 223.1 233.1 243.9 253.6 262 269 272.2 276.2 274.4 266.8 261.3 258.5 254.5 253 250.4 245.7 241 236.3 240.4 245.2 251.4 261.1 271 278.4 285.5 289.5 298.6 304.1 300.3 291.7 284 276.5 270.1 266 266 270.2 283 294.8 302.2 302.8 304.6 308 307.1 302.2 298.7 295.4 292.2 289.1 287.4 286.1 286.2 284.4 282.8 280.9 283.2 285.3 285.4 284.7 283.5 281.2 276.9 274.7 273.8 274.1 273.6 273 273.7 271.1 262.7 250.6 242.8 236.7 229.2 221.5 213.6 206.7
206.5 215.7 224.7 233.4 245.8 255.3 263.3 269.8 275 278.1 274.5 268 262.5 260.6 258.8 257 255.4 252 246.7 241.9 244.2 249.3 256.6 267.6 276.4 285.2 290.7 299.8 310.9 314.4 308.7 300.1 291.9 284.2 276.5 272.5 272.9 276.9 292.7 306 314.4 316.2 317 320.8 319 314.9 309.8 306.7 304 300.5 298.5 299.7 299.7 298.8 296.7 294.9 293.8 294.1 292.9 291.1 288.3 286.4 283.6 281.7 279.9 277.1 274.2 270.1 267.5 263.6 256.2 247.6 239.6 232.7 224 215.4 207.7 200.8
212.4 220.6 227.5 236.9 248.2 258.5 266.5 271.1 276.5 278.5 274.1 269.7 266 264.2 262.3 260.6 259 256.5 252.8 249 249.6 256.6 265.2 272.8 282.1 291.8 298 308.2 317.7 321.6 317.3 308.7 300.1 291.7 285.2 280.7 280.1 284.4 298.6 313.6 322.1 326.7 325 329 329.9 326.1 321.6 317.3 313.2 311.3 314.5 313 313.4 312.3 309.6 306.8 304.7 302.2 301.1 300.8 302.2 299.2 294.2 289.5 284.3 279.1 272.6 265.8 260.5 253.4 245.4 237.9 230.8 223.1 215.1 208.4 201.8 194.9
217.2 226.5 235.4 243.5 254.7 263.7 270 275.9 279.8 279.7 277.9 273.4 269.9 267.7 265.9 264.3 262.8 261.7 259.5 255.8 256.4 264.6 271.4 279.4 287.3 297.2 307.2 315.9 323.7 328 324.9 317.8 308.6 298.8 295.1 292.9 290.7 292.9 305.9 323.3 331.1 336.8 335.7 337.7 337.5 333.8 329.6 325.1 321.2 322.4 326.4 328 326.3 321 317.3 315.6 312.6 311.7 312.5 314.1 312.3 305.1 298 292.3 282.8 275.4 269.2 261.7 253.4 245.9 236 228.3 220.8 213.2 206.6 200.4 195 188.4
222.1 232.2 242.5 250.2 260.7 268.3 275.3 281 284.4 284.8 284.1 281.1 275.1 272.7 269.7 268.2 267 266.2 265.3 262.4 262.9 270.7 278 286 293.2 302.2 313.1 323.9 330.9 335.4 334.6 327.3 318.6 312 306.2 304.3 302.7 303.9 316.6 332.1 346.4 350.9 346.3 343 343.9 341.2 336.1 330.6 326.2 325.5 328.5 330 327.2 322.3 319.1 319.4 320.3 319.6 318.2 314 307.7 301.2 292.2 283.5 273.3 267.6 261 250.7 242.5 235.1 227.2 218.7 211.5 204.5 198 193.3 187.8 181.4
