data/350000-610000.asc
ncols 200
nrows 200
xllcorner 350000
yllcorner 610000
cellsize 50
[rows 35 to 69 of 200, columns 78 to 155 of 200]
118.5 114.8 111.7 108.1 103.6 99.3 97.1 94.8 89.9 82.5 79.7 81.5 89.3 92.1 93.1 92.8 84 79.1 79.1 78.7 78.5 78.2 78 78 77.8 77.5 77.2 77.1 77 76.7 76.3 73.6 76.4 76.2 76.2 75.9 75.8 75.6 75.6 75.5 75.3 75.4 75.1 75.1 75.3 75.6 75.7 80 83 81.3 81.5 83.1 86 88.3 88.7 76.3 79.1 80.4 89.1 91.4 92.6 94.4 95.4 100.2 103.1 105.8 108 111.6 114.5 118.4 122.5 126 130.2 134.7 139.6 143.5 146.1 149.8
117.1 113.4 109.6 104.7 102.1 98.8 95.2 89.9 77.3 80 80.2 80.3 76.7 78.4 83.4 79.7 79.5 79 78.8 78.6 78.3 78.1 77.8 77.8 77.6 77.3 77 76.9 74.7 73.6 76.7 77 76.9 76.5 76.4 76 75.8 75.6 75.6 75.6 75.6 75.9 76.2 80.5 79.1 77.8 75.9 81.3 85.1 87.2 86.8 87.7 89.8 92 91.5 88.8 79.1 80.4 83.7 93.4 95.6 98.7 100.6 103.7 106.8 110 114.5 115.9 118.8 123.4 128.1 132.9 137 140.1 145 149 151 155.5
114.5 111.8 106.9 102.8 100.7 96.2 88.4 80.1 80.3 80.3 80.4 80.2 79.6 79.3 76.4 78.7 79.2 78.8 78.8 78.5 78.2 77.9 77.7 77.6 76.6 74.5 77.4 76.9 76.9 76.9 76.7 76.9 76.7 76.7 76.6 76 77.6 78.5 78.5 78.3 80 84.3 86.4 84.5 82.1 82.2 77 82.7 86.1 89.4 89.6 91.8 93.4 93.1 91.9 91 91.1 82.9 79.7 95.2 99.6 102.7 105.8 108.1 110.6 114.7 118.5 122.1 127 131.7 136.2 141 145.4 149.3 152.6 155.6 156.8 160.3
111.9 108.9 104.7 101.4 97.8 85.8 81.6 78.4 80.4 80.6 80.5 80.4 80.1 79.7 79.3 79 76.6 78.6 78.8 78.5 78.1 77.7 77.5 75.3 77.4 77.4 77.6 77.1 77.1 77.1 77 76.7 76.5 77.9 82.1 89.9 91 92 90 85.4 81 84.2 85 84.8 84.5 83.9 78.5 83.7 88.5 91.2 93.5 96.3 95.4 93.8 92.5 94.2 95.4 89.9 82 99.2 103.4 107.1 109.9 112.9 115.6 119.1 124.1 129 134.7 140 144.2 148.8 152.8 156.7 159.1 161.6 164.3 167.1
106.9 104.1 101.5 98.1 83.9 82.3 80.8 80.5 80.7 80.6 80.6 80.5 80.5 80.1 79.7 79.2 79 75.8 78.6 78.8 78.2 77.2 75.4 80.6 81.2 78.1 77.9 77.5 77.5 77.9 79 81.1 88.7 92.9 94.3 94.8 95.6 93.4 89.3 81.4 85.7 85.9 86.4 88.1 85.7 85.2 80.3 84.6 90.8 95 97.7 96.9 94.7 93.8 95.7 98.2 98.5 86.3 91.6 102.7 107.1 112 114.9 117.9 121.3 125.5 131.8 137.2 143.2 147.5 151.8 156 160.2 164.5 166.9 169.4 173.1 175.3
98.8 99.2 98 82.6 82.1 81.4 78.9 80.9 80.8 80.8 80.7 80.6 80.6 80.4 80 79.5 79.1 78.7 75.6 78.1 77.2 76.1 92.7 93.5 86.2 82.6 83.4 82 80.7 88.9 90.7 91.8 95.6 97.6 98.3 98.8 94 90 85.5 89.9 89.6 88.8 89.8 91.2 88.5 85.4 83.1 86.1 93.7 98.6 98.1 96.9 97.6 98.8 100.9 101.2 93.4 86.5 101.4 106.8 111.3 116.3 120.4 123.7 128.3 134.6 140.2 146 150.3 155 159.4 163.2 168.2 172.9 176.6 179.9 183 184.4
97.1 86.9 91 82.1 81.8 81.5 78.3 81 81 81 80.9 80.8 80.7 80.5 80.4 79.9 79.7 79.1 78.8 78.9 86.7 91.8 84.8 90.6 97.3 93.6 86 83.7 86.5 91.3 93.9 95.9 100.3 100 100.6 97.7 92.5 88.9 88.5 91.6 92.1 92.8 93.7 93.9 92.9 91.8 87.5 86 94.8 98.1 98.1 99 101.3 102.9 104.6 99.7 87.7 104 107.1 111.7 117.5 122 126.6 131.1 137.5 143.3 148.9 153.6 158 162.2 166.6 171.5 177 182 186.2 189.3 191.3 193.5
96.7 88.5 82.7 82.1 81.6 78.6 81.5 81.3 81.2 81.1 81.1 80.9 80.7 80.4 80.4 80.3 80 80.6 92.1 93.4 85.9 95.1 101.5 103.8 101.6 93.5 84.9 88.1 90.7 91 96.1 97.6 100.7 100.3 98.7 95.7 93.7 90.7 90.4 93.3 96 97.2 97.2 97.1 96.2 95.2 88.9 87.4 93.5 97 101 103.1 105.2 105.7 103.3 86.5 92.3 108.4 113.1 118.2 123.5 128.5 133.1 139.5 146 152 156.2 161.3 165.6 169.9 174.7 180.1 185.8 190.6 194.6 197.1 199.6 201.3
92.7 82.6 82.3 81.9 81.5 81.2 81.9 81.8 81.6 81.3 81.1 80.9 80.6 80.4 80.3 80.3 81.6 93.7 86.9 94 100.6 102.4 107.3 108.5 99.5 89.7 84.8 89.6 91.6 92.7 97.1 98.3 99.4 100.5 99.4 96.8 95.5 93.5 92.5 97.4 100.3 101.5 101 100.8 98.2 94.4 86.8 95 97 101.3 105.4 107.9 109.2 106.1 90.1 87.8 104.1 114 119.8 124.9 129.5 135 141.5 147.8 154.1 159.2 163.4 168.6 173.4 178 183.3 188.9 194.5 198.7 200.8 202.5 203.9 204
82.6 82.2 82.1 81.7 78.6 81.8 82.2 81.9 81.7 81.6 81.3 80.8 80.6 80.3 80.3 80.2 89.5 92.1 99.7 103.1 103.7 105.3 108.2 103.2 94.4 88 87 90.7 92.6 94.6 98.3 99.4 101.1 102.8 101.7 99.8 97.5 95.5 96.6 102.1 105 106.4 105.9 102.9 99.1 95.8 92.1 97.8 100.1 104.3 107.4 110.9 112 99.1 90.1 97.7 112.8 120.1 125 130.7 135.6 142.3 148.8 155.5 160.8 165.7 170.7 175.9 181.1 186.3 191.7 197.2 201.3 203.8 205.5 205.9 206.6 205.7
82.5 82.6 81.8 81.2 81 82.5 82.2 82 81.8 81.8 81.4 81.3 80.7 80.3 84.2 88.4 92.8 98.6 101.3 105.6 107.7 109.5 105.4 97.8 92.4 89 91.6 93 93 94.8 97.3 100.3 103.9 106.2 103.3 100.8 98.5 97.6 102.5 107.3 110 110.9 108.3 103.8 100.9 98.7 94.2 100.6 103.1 106.9 109.5 111.7 108.2 93.3 95.9 113 119 124.6 131.1 136.1 143.1 150 156.6 162.9 167.9 172.9 177.9 183.1 188.4 194.6 200 204.2 207.4 209.2 210.7 209.9 208.7 205.9
82.7 82.6 82.4 81.1 81.2 82.7 82.3 82.1 82.1 82.1 81.6 81.4 81.4 89.5 87.5 89.4 91.9 104.1 105.2 108 111.4 109.5 102.5 94.7 90.8 92.2 92.8 93.5 94.5 95.8 98.4 104.6 109.3 109.9 105.8 102.3 99.7 102.5 106 110 112.6 112.1 108.2 104.9 103.4 100 96.1 102.6 106.2 109 111.6 111.8 102.6 93.1 105.8 116.9 123.7 129.9 135.8 142.2 149.1 156.4 163.3 168.6 173.9 179.2 185.1 190.9 196.2 202 206.5 210.1 212.5 213.5 213.4 211.8 208.8 205.4
82.9 82.7 82.5 79.5 83.1 82.9 82.5 82.2 82.4 82.4 81.9 88.2 88.8 88.8 90.3 90.1 96.7 111 110.9 113.6 113.3 108.2 101.1 94.4 93.7 94.7 94.7 98.3 98.1 99.1 104.2 110.5 114.5 112.7 107.9 102.6 102 104.4 107.5 110.9 113.3 111.6 108.5 107.6 105.6 99.9 97.2 105.4 109.9 111.7 113.4 110.3 96.6 93.8 114.5 120.8 126.7 133.5 140.6 147.2 155.4 162.6 168.6 174 179.3 185 191.1 197.2 203.1 208.1 211.9 214.4 217.1 216.5 214.1 210.7 207.2 204.4
82.7 82.6 82.4 79.5 83.5 83 82.6 82.1 82.6 84.8 91.4 88.1 86.3 96.7 95.5 92.6 97.9 110.9 116.4 117.6 115 109.7 103.1 98.7 98.5 97 100.5 101.2 103.2 105.9 111.6 116.2 116.7 112.6 107 103.7 102.8 105.1 108 110.7 112 110.7 111.1 109.4 106 99.9 101.5 110.7 114.1 115.3 113.9 106.4 95.1 98.4 117.9 124.4 130.3 136.6 144.2 151.8 160 167.7 173.3 179.4 184.9 191 197 202.4 209.2 213.1 215.5 217.6 216.2 214.2 211.9 208.5 205.2 202.3
82.5 82.3 82.1 83.8 83.7 83.3 82.8 82.6 90.6 89.2 87.9 83.3 98.3 99.2 100.4 101 101.8 114.6 120.7 120.7 117.6 112.9 107.1 103.2 102.4 104.5 104.7 104 107.8 110.9 114.5 116 115.3 109.9 106.1 104.8 104.6 106.4 107.4 108.7 110.2 111.4 112.2 109.9 106.5 97.6 107.7 113.7 115.8 115 109 102.3 97.4 111.3 121.4 126.5 133.3 139.3 147.1 155.6 164.3 171.9 178.9 184.4 190.2 195.8 201.3 207.7 213.7 216.2 216.5 215.9 213.9 211.4 209 206.3 203.3 200.2
82.8 82.7 79.5 83.9 83.7 83.4 85.5 92.1 88 86.7 84.2 94.1 99.3 101.4 103.4 106.5 110.9 118.7 121 120.8 120.1 115.4 110.9 108.2 109.2 109 106.2 106.9 111.3 114.2 116 115.1 112.3 110 107.8 106.2 106.3 106.9 106.8 107 109.1 111 112.2 109.6 102.3 103.8 112.4 114.8 115.9 115.5 98.8 102.5 107.9 122.3 126.7 132.2 136.5 142 150.5 159 167.3 174.9 181.8 188.2 194.1 200.5 206.8 212.1 215.1 215.8 215.3 213.9 212.1 209.6 207 204.3 201.1 197.9
82.9 82.6 83.4 83.7 83.7 90 88.1 85.3 85.7 90.3 96.9 98.9 100.7 103.1 106.6 109.9 113.5 117.4 120.5 121 121.6 117.4 115.4 116.6 113.9 110 109.4 111.6 114.9 116 116.1 114.5 113.6 111.6 109.2 109 108.3 107.1 107.4 108.5 110.5 112.4 111.7 107.1 99.9 111.5 114.1 115.9 117.4 116.4 104.5 104.7 118.9 127.6 132.3 136.8 141 145.1 152.5 160.7 168.8 177 184.2 190.8 197.1 202.8 207.3 211.8 214.6 214.6 213.4 211.8 210.3 207.8 205 201.6 198.3 195.7
83 81.9 84.3 86.5 93.5 96.2 102.4 95.4 91.2 96.3 98.5 101 102.7 105.2 108.1 110.9 114.3 117.9 121.3 122.6 122.7 122.8 122.3 118.6 114.7 113 114 116.5 117.6 116.2 115.4 114.3 113.8 112.6 111.7 111.7 110.2 108.6 109.7 111.1 112.9 113.8 110.4 100 109.3 114.3 115.8 116.9 118.9 116.8 104.5 114.2 127.6 132.4 136.9 141.2 144.2 148.3 154 161.8 170 177.9 185.4 192.2 198 202.7 206.8 210.6 212.2 212.7 211.9 210.2 208.5 205.4 201.9 198.8 196.3 194.5
79.7 83.7 85.4 94.4 98.8 107.4 105 96.7 93.7 98 100.2 102.7 104.8 107.2 110 112.9 115.4 119.5 124.4 126.5 127.5 127.1 122.6 117.3 116.2 117.2 118.9 119.4 118.7 117.2 115.9 115.3 114.8 114 114 113.5 111.6 111.4 112.8 114.3 115.4 113 104.9 106.5 112.7 115.9 117.5 119 121.2 116.6 104.5 117.7 131.2 135.7 140.3 144.5 147.5 151.7 156.6 163.3 170.2 177.3 185 192 196.6 201.1 205.5 207.8 209.5 210.9 211 209.3 207.2 203.3 199.7 196.8 194.2 192.1
81.6 88.9 93.4 100.1 109.8 112.4 106.6 99.6 95.1 97.6 101.4 104.4 106.9 109.4 111.9 115.2 119.8 125.2 128.2 130.2 129.4 124.9 121 119.3 119.9 121.8 122.5 121.3 119.5 118.2 117 116 116.4 116.2 115.7 115.4 114.1 114.8 115.9 116.4 114.7 109.4 102.9 107.1 113.2 116.4 119 121.2 122.8 116.1 104.7 120.1 133.9 138.5 142.8 147.1 150.4 153.5 157.6 164.1 170.6 176.9 183.7 190.5 195.5 199.3 202.6 205.4 207.3 208.8 210.1 208.2 205.5 201.8 198.2 195.2 192.6 191
90.7 95.4 99.9 111.7 117.6 114.8 108.7 103.1 98.9 97.9 102.8 107 109.8 111.8 114.7 120.3 125.4 127.5 129.2 129.4 126.7 124.1 122.5 123.6 125 125.7 124.7 122.1 119.8 118.7 117.4 117.5 118.1 118.6 118.2 118 117.3 117.7 117.5 115.5 111 106.4 108.1 104.6 112.4 117.2 120.4 123.9 125.9 115.1 106.4 123.3 135.8 140.9 145.4 149.3 152.6 155.3 158.6 163.9 170.2 176 181.9 188.5 194.8 197.7 201.1 204.3 207 208.7 208.5 206.6 203.3 200 197.1 194 193 194.1
97.2 97.5 110.7 115.8 120.8 116.4 111.3 106 102.7 102.1 105.2 110.2 113.1 115.2 119.2 123 125.2 127.8 129.1 128.7 127.6 127.1 127.4 129 129.2 128 125.8 122.4 120.1 119.1 119.2 119.8 120.7 121.3 121.5 120.8 119.8 118.7 116.2 112.2 109 113 112.5 107.9 116 119.9 123.6 127.1 129.3 117.8 107.7 119.1 136.7 142.6 147.6 151 154.3 157.5 160 165.1 170.2 174.7 179.8 184.9 196.7 197.2 201 204.8 207.4 208.3 206.6 204.1 200.7 197.7 195.6 194.8 195.9 196.4
94.8 107.4 112.6 116.5 121.7 117.8 112.6 108.3 107.1 108.9 110 113.5 116.7 118.8 120.8 122.3 126.2 129.7 130.5 131.1 130.9 132 133.4 134.2 133.3 130.4 125.2 122.3 121.4 121.6 121.9 123.1 124.2 123.8 124 123.5 120.5 117.2 113.4 111.1 114.1 116 110.5 113.2 119 123.4 127.6 131 131.1 119.9 111 127.6 139 144.8 148.8 152.1 155.5 158.7 161.9 166 171.3 175.7 180 189.6 195.1 198.8 202.1 205.6 208.1 207.4 204.6 201.7 199.5 198.7 197.4 197.2 197.7 198.2
99.2 109.1 113 117.7 120.4 116.7 114.4 112.1 111.3 114.7 116.9 118.9 120.5 121.9 124 128.3 132.2 134.6 134.3 134.4 136.4 137.7 138.4 137.7 135.6 130.4 124.7 124 124.9 125.3 125.5 126.5 126.9 126.5 126.2 123.9 118.8 113.8 112.6 115.1 117 114.3 110 116.5 121.8 126.4 131 133.5 130.9 115.9 125.8 136.7 142.3 146.9 150.2 153.4 156.7 160.3 164.3 168 173.1 178 183.1 188.9 201.1 200.2 201.8 207.2 207.6 204.7 202.2 200.5 199.8 199.5 200.1 199.7 199.6 200.9
106.3 110.3 115.1 119 116.8 115.4 115.5 113.6 113.7 118.9 122.1 124 125.7 128.6 131.4 134.6 138.3 139.3 140.7 142.2 142.7 143.4 141.7 139.7 137 131.6 126.6 126.7 127.7 128.6 129.9 129.9 129.7 128.5 125 121.3 115.7 113.9 116.3 117.6 115.3 110.7 116.2 121 125.4 130.1 134 133.4 125.2 113 137.4 140 145.2 149.1 152 155.1 158.4 161.9 166.1 170.7 174.7 178.9 184.1 194 196.4 195.1 191.7 207.4 206 204.1 201.7 201.2 201.1 201 201.9 202.8 203.1 204.2
108 113.8 115.7 114.7 114.7 115.3 116.3 116.9 119.2 125.1 126.5 129.5 133.4 137.1 140.2 140.8 143.5 144.7 146.7 147.9 147.9 145.6 143.1 140.6 137.8 133.9 129.6 129.5 130.3 131.1 132.2 132.5 130.4 127.7 123.6 119.2 116.2 117.9 118.3 116.2 112.8 115.7 120.5 125.3 129.5 133.3 135.6 131 118.3 117.1 141.1 144.1 147.3 151.6 154.1 156.8 160.3 163.6 169 173.2 177.5 182.2 185.2 194 198.1 205.5 207.3 206.4 205.7 204 202.9 202.7 202.7 203.3 203.9 205.2 207.1 209.1
101.1 105 110.4 116.6 117.6 120.4 122.2 123.8 124.7 128.4 130.8 136.3 141.8 144.9 146.2 148 149.2 150.4 152.1 151.2 148.9 146.3 143.7 141.3 138.4 134.1 131.5 131.7 132.7 133.6 134.1 131.9 129.4 126.7 122.5 118.7 120.3 120.1 117.4 113.6 115 119.3 123.9 128.5 132.1 134.4 134.5 119.5 119.2 135.1 144.8 147.4 150.5 154 157 159.1 163.2 167.3 171.8 177 182.9 190.1 192.6 196.8 204.4 207.5 207.2 206.1 205.2 204.7 204.9 204.6 204.9 205.6 206.2 208.1 211.3 214
106 105.7 112 117.4 122.5 126.8 130 129.7 129.3 131.3 137.1 145.2 148.4 150.5 151.7 153.7 155.8 156.9 154.7 151.8 149.5 147.1 144.5 142 138.9 134.8 133.6 134.6 134.4 134.3 133.4 130.5 127.9 125.6 121.4 122.8 122.9 119.6 115.5 114.3 118.5 122.7 126.9 131.1 134 131.3 120.6 123.1 139.6 144 148.5 150.8 154 157.2 159.7 162.2 166.5 170.3 174 180.6 188.1 194.4 199.2 202.3 205.3 207.8 206.9 206 205.6 206.3 206.8 206.3 206.7 207.8 209.8 212.7 215.8 218.3
111.5 113.1 116.8 123.3 129.8 136 134.5 131.7 133.2 138.4 147.8 148.6 150.9 154.7 157.3 159.2 161.3 160.5 156.6 152.3 150 147.7 145.2 142.6 139 135.7 136.7 136.9 135.3 133.2 130.7 128.3 126 124.1 124.1 125.4 122.6 118.5 115.2 116.2 121.6 125.6 129.7 133.5 135.6 118.6 130.3 139.7 143.6 147.7 151.7 153.1 155.3 159.1 161.4 163.6 166.6 170.9 176.7 184.3 191.8 197.3 202 206.3 207.7 208.2 207.9 207 207.5 208.4 208.7 208.6 209.6 211.9 214.8 217.7 219.5 222.3
115 117.8 123.2 129.4 135.3 139.5 135.4 135 139.5 146.7 150.5 150.2 154.7 160.5 163.4 165.7 165 161.1 157 153.1 150.6 148.3 146 142 138.7 138.9 138.4 136 134.1 131.1 129 126.7 124.5 124.2 126.2 125 121.5 118.2 115.2 119.4 124.7 128.7 132.6 135.3 134.1 120 135.3 143.1 146.4 150.3 153 154.4 157.3 160.5 163.1 165.1 167.9 173.3 180 187.8 194.6 200 204.8 207.9 208.6 208.4 208.7 208.3 209.2 209.6 210.2 211.6 213.6 216.6 219.1 222.1 224.3 226.6
118.7 121.9 126.4 130.5 137.3 139 135.8 140 147.7 150.2 152.5 154.8 161.8 167.1 169.3 168.6 164.7 161.4 157.7 154 151.2 148.9 145.5 142.2 141.5 140.9 137.8 134.5 132.2 129.5 127.5 125.4 124.1 126.2 127.2 124 121.2 118.2 115.6 121.8 127.3 131.6 134.5 135.6 134.3 127.2 130.6 146.1 148.8 152.1 154.2 156.2 158.3 161.3 164.6 167.2 170.6 176.2 182.7 191 197.1 202.1 205.9 208.9 209.7 209.1 209.4 210.4 211.6 212 212.7 214.6 217.4 221.3 223.5 226.9 228.7 230
124.1 126.2 128.6 131.7 136.3 137.1 138.1 145.7 150.6 153.4 156.4 160.8 169 171.8 170.7 167.3 163.5 160.3 157.3 154.4 150.9 148 145.3 144.6 143.6 140.4 136.6 131.6 128.3 125.7 124.9 124 125.7 127.3 127 124.6 122.1 117.3 118 124.3 129.5 133.1 134.4 135.1 136.8 134.4 124.4 148.2 148.9 151.4 154.5 157.1 159.1 162 166.4 170.1 173.8 179.1 185.5 193.2 197 203.6 207.5 210.2 210.1 210 211.2 213 213.8 214.5 216.9 219.4 221.9 225.7 228.7 230.4 232.5 233.7
127.9 130.4 132.1 134.5 136.3 137.6 140.5 147.6 152.4 155.8 160.5 170.9 173.2 171.7 168.5 165.5 162.6 159.7 156.9 154.2 150.3 148.6 147.4 145 142.6 138.8 133 128 123.8 123.6 124.3 126.3 128 129 128.1 125.6 120.3 116 119.9 125.9 130.8 131.5 132.7 135.8 139.4 137 127.3 142.9 148.5 150.4 154 156.7 159.8 163.1 167.8 172.6 177.1 182.5 188.6 196.2 200.4 204.8 207.7 209.6 209.8 211.8 213.4 215.2 216.1 217.4 220.8 223.9 227.3 228 231.7 233.5 234.5 237.8
130.2 133.6 137 136.5 137.8 140.2 143.6 149.3 154.3 158.8 166.7 172.3 171.9 169.7 166.7 164.5 162.3 159.4 156.2 153.4 150.6 150.4 148.2 144.9 140.3 134.1 128.8 125.5 124.9 125.7 128 130.2 131.1 131 129.6 124.6 118.3 117.8 121.6 125.7 128.3 129.5 133.1 138.3 143 142.3 133.7 130.2 147.1 148.5 152 157 161.4 165.2 169.4 174.6 180.6 186 191.3 196.2 200.5 204.7 206.6 208.4 210.3 212.7 215 217.2 218.9 220.7 223.6 227.3 229.9 230.4 233.2 234.3 235.4 239.1
130.6 135.5 136.3 136.1 138.5 142.2 144.8 149.8 154.3 161.3 168.3 170.7 169.6 167.8 166.1 164.3 161.5 157.9 154.6 152.5 152.2 150.3 147.2 143.2 136.3 130.4 127 126.3 127 129.4 132.5 134.3 133.9 131.9 127.8 122.1 117.1 118.6 122.1 125.1 126.4 129.2 135.7 141.1 145.8 146.1 137.6 130.5 143.9 145.8 149.3 154.9 160.6 165.6 170.1 176.1 183 187.3 191.6 195.9 199.9 202.1 203.1 207 210.8 213.3 217.3 219.9 222.1 224 225.9 229.3 231.3 232.9 234.3 234.4 237.6 243.5
