data/350000-830000.asc
ncols 200
nrows 200
xllcorner 350000
yllcorner 830000
cellsize 50
[rows 105 to 139 of 200, columns 78 to 155 of 200]
179.4 179.1 179.1 178.9 179 179 179.1 182.1 189.1 191.5 192.8 191.6 193 192.6 191 190.8 192.9 196.5 200.5 201.4 202.1 202.1 201.5 200.8 200.1 201.9 203.7 205.4 207.3 211.3 216 221.9 230.3 239.2 249.3 260.6 273.7 284 292 296.7 299.8 300.9 301.6 301.7 301.9 302.1 302.3 302.5 302.3 302.3 301.3 300.3 299.4 298.3 297 295.8 294.4 293.1 292.4 291.3 290 290 289.8 290.8 292 294.6 295.7 294.3 292.1 289.6 285.7 281.7 278.4 274.8 271.2 268.1 261.5 267
179.5 180.3 179.3 179 179.1 179.1 181.6 186.2 190.4 193.6 194.1 195 196.6 198.1 197.1 194.9 194.9 197.4 200.3 202 203.2 203.5 202.7 201.9 201.1 202.8 204.5 206.2 209 211.7 216.7 222.8 232.1 239.7 249 260.6 275.6 285.3 292.3 296.7 298.3 299.4 299.3 298.8 298.8 299 299.2 299.5 300.4 301.3 300 298.8 297.5 296.4 295.8 295.2 294.4 293.3 293 293.1 293.7 294.1 296.4 298.3 300.3 301.5 301.5 300.2 297 292 288.3 284 280.4 276.1 271.4 267 264.1 254
179.1 179.9 178.2 178.8 179.4 180.2 184.1 188.5 192.2 195.4 197.1 198.5 200.2 201.4 200.2 197.8 196.5 198.4 200.8 202.3 203.8 205.1 204.4 203.7 202.7 203.7 205.4 207.1 209.9 213 217.4 224.6 232.3 241 251.2 261.1 274.5 284.4 292.5 295.2 296.8 297.7 296.9 296.3 296.1 296 296.2 296.6 297.7 299 298.3 296.8 295.5 294.4 293.8 293.2 292.9 293.2 294.8 295.4 297.7 299 300.4 303.7 305.5 307.2 305.6 303.1 298.2 292.3 288.6 284.4 278.9 274.4 269.8 266.8 264 260
180.9 180.9 180.6 180.3 180.9 182.2 186.5 190.7 194.2 196.7 199.3 202 203.5 204.3 202.8 200.5 199.4 200.7 202.1 204 205.9 207.5 207 206.2 204.7 204.9 206.9 208.9 211.1 213.8 217.9 225 234.1 243.2 253.8 266.1 278.3 287.9 291.4 293.7 295.2 295.3 294.6 293.9 293.5 293.3 293.1 294 295 296 296.1 295 293.5 292.3 291.9 291.7 291.6 291.9 294.4 297 298.9 300.5 303.2 306.4 309.3 310.3 308.1 303.9 298.9 292.7 288.9 283 277 272.8 270 267 263.9 260.2
181.3 183.2 184 184.5 184.6 185 188.3 192.7 195.6 197.8 200.9 204.2 206.5 207.3 205.7 203.3 202.4 203.4 204.8 206.4 208 209.6 209.7 208.5 207.7 207.2 208.7 210.4 212.8 215.2 219.2 225.8 234.5 245.5 257.2 270.6 283.2 292.1 293.6 293.3 293.7 293 292.3 291.5 290.9 290.7 290.9 291 291.5 293.1 293.4 293.2 291.9 290.9 290.6 290.4 290.3 290.9 293.5 295.6 299.3 301.8 303.6 305.7 309.4 310.5 307.6 303.3 298.4 293.5 287.7 281.5 275.6 272.2 269.2 266.8 263.9 260.8
182.4 184.4 186.4 189.3 190.2 189.8 190.5 193.9 196.5 198.9 203 206.1 208.1 210.1 208.6 206.3 205.4 206.1 207.7 209.2 210.8 212.1 212.6 212 211.2 210.4 210.8 212.8 215.1 217.5 220.9 227.4 236.1 245.8 260.8 274.2 286.8 294.8 296.1 295.5 294 291.7 290.3 289.5 289.2 289.1 289.3 289.5 289.5 290.1 291.2 291.7 290.9 290 289.2 289 289.2 289.9 291.9 294.3 297.2 299.4 301.3 303.3 305.5 306.1 304.1 301 296.6 291.8 286 279.8 274.6 271.4 268.3 265.6 262.8 259.8
182.8 185.1 187.3 190.3 190.9 190.9 192 193.9 196.7 199.6 203.3 206.3 208.8 211.3 210.7 209.4 208.5 208.9 210.6 212.3 214 215.3 215.4 215.5 214.6 213.7 214.6 216.1 218.2 220.3 222.4 229.4 238.3 250.4 263.4 276.8 288.7 295.6 298 298 295.8 293 290.9 289.7 289.5 289 288.6 288.7 288.8 289.2 290.4 290.3 289.4 288.6 287.7 286.7 287.4 288.8 290.3 291.6 294.1 296.3 297.7 298.6 300.2 299.9 298 295.9 293.6 288.8 284.3 277.8 273.6 270.3 266.4 263.6 260.8 258.2
183.2 185.6 188.2 190.9 190.8 191.7 193.4 195.1 196.8 199.6 202.7 206.8 209.7 211.8 211.7 211.8 211.2 212.4 214 215.6 217.3 218.5 219.1 220.6 220.4 219.6 220.1 222.1 223.8 225.3 226 231.9 241.6 253 264.8 278.3 289.6 295.8 298.7 299.6 298 294.4 291 290.1 289.7 289.3 288.9 288.4 288.2 288.4 289.7 288.8 287.9 287.1 286.2 284.7 285.1 286.9 288.1 289.4 291.3 291.8 291.4 292.1 291.9 291.6 290.9 289.2 285.6 281.7 277.5 274.1 270 265.8 262.8 259.9 256.6 253.7
183.9 185.4 188.7 190.6 191.4 192.8 194 195.2 196.7 199.2 202.3 207.8 211.1 211.6 214.3 214.2 214 215.8 217.7 219.3 220.9 223.6 225.1 226.5 227 226.2 226.3 228.7 230.9 230.9 230 233.4 242.4 253.4 265.9 279 290.6 296.5 298.6 299.4 298 294.4 291.6 290.1 289.5 289 288.6 288.1 287.7 287.7 288.2 287.3 286.5 285.6 284.7 283.3 282.3 282.3 284.9 285.2 285.2 285.2 284.8 284.4 283.1 281.6 278.3 274.4 271.6 268 267.3 264 261.3 259 255.9 254.1 251 248.8
183.1 185.2 189 189 190.8 192 193.2 194.4 196.6 199 201.8 208.1 211 211.5 213.7 215.2 216.8 219.2 221.6 223.4 226.4 229.3 231.2 233.6 235.2 235.5 235 236.4 236.9 237.4 235.6 237.6 245.5 255.9 267 279.9 291.4 296.7 298 298.7 297 295.1 293.3 291.7 290.2 288.7 288.1 287.6 287.3 287.3 286.7 285.8 285 284.1 283.2 282 281.4 280.6 280.7 280 278.8 278.5 277.4 275.4 273.2 268.9 266 263.5 260.2 258.5 257.3 255.8 254.3 253.3 252.7 252.1 251.5 250.1
182.3 184.3 186.6 187.6 189.7 191.2 192.4 194 196.2 198.7 201.7 205.8 208.9 211.3 214.1 216.9 219.1 222.8 225.7 228.3 231.7 235 239.6 242.5 244.9 246.2 246 243.9 244.4 244.3 242.4 240.7 249.6 260.3 270.6 280.3 290.2 295.1 297.6 299.1 297.8 296.4 294.9 293.4 291.9 290.3 288.8 287.3 287.2 287.6 286.7 285.5 284.5 283.5 282.6 281.7 280.8 280 279.2 275.9 272 270.3 268.7 267 265.8 264.6 263.8 263 262.3 261.5 260.5 258.7 257.4 256.6 256 255.6 254.7 252.7
182.7 183.5 184.5 186.8 188.4 190.4 191.6 193.4 195.6 198.6 201.6 204.5 208 211.4 214.3 218.1 221.4 225.7 229.4 233.2 237.2 242.2 246.8 251.5 254.9 256.8 256.6 254.2 252.3 251.2 250.2 249 254 263.9 273.1 282.1 289.6 294.5 297.9 299.6 298.2 297.3 296.6 295.2 293.5 292 290.5 288.5 287.9 288 287.3 285.9 284.6 283.8 283.2 282.4 281.2 280.4 280.3 278.9 277.5 273.9 271.3 269.8 268.7 267.5 267.8 268.1 267.5 265.5 263.4 262.2 261.4 260.6 259.7 257.5 255.4 255.4
184.4 185.5 185.6 186 187.7 189.3 190.6 192.5 195.4 198.3 200.8 203.7 207.2 210.7 214.4 218.3 223.2 228.1 233.2 237.8 242.5 248.1 253.7 259.3 264.7 267.1 266.8 264.9 262.1 259.6 258.7 256.3 258.3 267.9 276.1 284.8 292.2 297.1 299.5 300 299.9 299.6 298.4 296.9 295.3 293.7 291.5 289.2 288.4 288.4 287.8 286.4 285.8 284.6 283.9 283 281.8 280.7 279.7 278.7 277.4 276 273.9 272.3 271.9 270.6 270.8 271.1 270.2 268.7 267.4 265.3 264.5 263.5 261.4 258.8 258 256.7
186.7 187.5 187.6 188 188.4 189.4 190.7 191.6 194.8 197.8 200.3 202.5 205.9 209.4 213.9 219.4 225.3 230.4 235.7 240.9 246.6 252.4 258.9 267 273.6 276.5 277.2 274.4 270.8 267.7 265.6 264.5 263.2 271.2 279.9 289.4 296.7 301.2 303.8 304.8 302.8 300.8 298.9 297.8 296.3 294.4 292.2 289.9 289.2 288.8 288.3 287.9 287.1 285.9 284.6 283.6 282.5 281.5 280.5 280.3 278.8 277 275.5 275 274.7 273.6 273.2 273.5 272.8 272.1 270.5 268.5 267 264.9 262.8 261.3 258.5 258.2
189.4 189.7 189.4 190.2 191.4 191 191.7 193.7 194.7 196 198.3 201 204.6 208.7 212.9 219 225.8 232.5 238.1 243.3 249.2 255.5 263.3 271.8 279 284.5 288.3 286.2 281.3 276.4 273.3 271.8 272.8 276 286.9 295.4 301.2 305.7 307.8 307.1 304.3 301.3 298.8 298.5 297.2 295 292.8 290.6 290.1 289.8 289.7 289.5 288.3 287.4 287 284.5 283.3 282.3 281.4 280.6 279.5 278.4 278 277.6 277.1 277 276.5 276.3 275.3 274.2 273 271.3 269.2 266.8 264.8 264.3 262.5 261.7
193.9 193.5 191.2 191.4 192.2 192.7 193.6 194.7 195.6 198.7 198 199.5 203.3 207.3 211.2 217.1 223.3 229.9 237.5 242.9 249.9 257 264.9 273.5 282 289.4 292.3 292.6 291 286 281.2 278.9 280.4 282.6 291.3 298.2 303.4 306.1 307.9 306.2 303.3 300.7 299.2 299.2 297.7 295.3 293 291.5 291.5 291.6 291.7 291.6 291.2 290.7 290.3 288.2 287.2 287 286.7 286.3 285.3 284.5 283.4 283 281.8 280.9 280.8 280.7 280.1 278.3 276.3 274.3 272.4 270.6 269.1 267.9 267.9 267.8
199.2 197.4 195.6 194.3 194.8 195.3 196.5 197.4 198.3 200.4 201 201.2 201.6 205.3 208.5 214.3 220.4 226.8 233.5 240.3 246 254 262 270.2 278.9 286.5 291.4 293.5 294.6 292 290.2 287 287.2 288.8 294.2 299.8 301.3 303 304.8 302.8 300.7 300.1 299.7 297.8 295.5 294.1 293 293.3 293.9 294.6 295.3 295.6 295.1 294.5 293.9 293.7 293.5 293.4 293.1 293 292.2 291.5 291.1 290.7 290.7 289.8 288.4 286.6 284.8 282.6 280.3 278.8 277.6 276 275 274.1 273.4 272.9
201 201.2 199.9 198.2 197.8 198 199.3 200.4 201.9 204.3 204.7 205 205.4 205.2 205.8 210.2 215.4 220.5 225.8 231 238.4 245 251.1 259.1 268.7 277.8 286 291.6 293.3 295.5 295.5 294.3 292.5 292.4 296.3 299.5 300.2 300.8 301.3 300.3 298.8 297.6 298.5 296 296.7 296.8 296.9 297.4 298 298.7 299.7 299.8 299.2 298.7 299.4 300.1 299.9 299.8 299.5 299.6 299.7 299.2 299.2 299.2 299.3 299.3 297.9 296 293.8 290.9 288.9 287.6 287.4 287.3 286.6 286 286.2 285.9
202.4 203.4 203.3 202.1 201.3 202.3 204.4 206.2 207.1 208.7 209.4 209.2 208.9 209.2 210.4 210.2 211.7 214 215.2 221 227.3 232.3 238.3 244.7 256.4 267.3 275.1 281.4 288.2 290.9 294.4 295.8 294.2 295.3 296.7 297.5 298.1 298.1 297.8 298.9 299.1 298 297.5 298.6 299.3 299.7 300.9 301.5 302.3 303.4 304.5 304.5 304 304.9 305.6 306.3 306.7 306.2 306.1 306.6 307.1 308.2 308.2 308.2 308.2 308.2 307.3 305.1 302.5 299.7 298.3 297.4 297.2 298 297.6 296.3 296.1 295.3
203.8 205.2 205.7 206 206.2 209.8 211.8 212.2 213.1 214.1 214.1 213.6 213.2 212.6 214.7 216.7 218.8 220.6 222 221.3 222.8 225.2 227.4 233.8 239.8 250.7 256.8 266.5 272 277.3 285.3 291.1 292.9 294 293.5 293.1 293.5 293.6 294.1 295.2 296.2 297.6 299.3 300.7 301.5 302.8 304.7 306.1 307.2 308.3 309.3 309.3 310.1 311 311.7 312.4 313.2 313.2 314.2 314.8 315.5 316.6 317.6 317.6 317.6 316.9 315.4 313.2 310.9 309.2 308 307.2 307.3 308.1 308.7 307.3 306.1 305.5
205 206.9 209.5 211.1 215.7 218.5 219.6 219.9 219.6 220.8 220.5 219.4 218.9 217.6 219.1 222.4 224.1 226.3 229.1 228.2 228.9 233.4 235.2 235.9 237 238 242 246.9 253.1 259.7 267.2 276.6 282.9 286.4 288.1 288.3 288.9 290.2 292.1 294 296.2 298.3 300.3 302.8 304.8 307.2 309.7 310.9 312 313.1 314.2 315.1 316.2 317.1 318.1 319.2 320.3 321.7 322.3 323.9 324.9 325.1 326.2 327 326.7 325.2 323.8 321.6 319.6 317.8 315.8 316.7 318 319.2 320.7 320.5 319.5 317.5
204.1 208.5 211.1 215.7 219.3 222.9 224.7 226.4 227.8 228 226.7 225.6 224.4 222.3 225.8 228.3 230.4 233.3 236.2 235.6 236.9 239.6 246.3 249.8 253.2 254.1 254.1 254.1 257.5 255.8 258.7 264.3 268.9 271.1 277.9 279.7 283.5 289 292.8 295.3 297.3 300.4 303.4 306.6 309.5 311.8 314.3 315.7 317.1 318.4 320.9 322.2 323.4 325.6 326.8 327.8 329 331.2 333.4 335.1 336.5 336.7 337.2 337.6 335.7 334.3 332.1 329.6 327.7 326.1 324.5 327 330.3 332.7 334.1 334.1 333 330.4
203.4 207.9 213.1 217.9 222.6 226.2 229.2 232.8 235.5 234.2 233 231.6 230.3 228.9 231.2 234.1 237.6 240.5 243.3 243.5 246.2 248.5 252.7 259.4 263.5 267.3 269.1 271.3 272.1 270.2 267.7 269.3 272.1 275.9 279.1 280.3 285.5 290.4 294.9 299.3 302.4 306.1 309.4 311.7 315.1 316.6 320 322.3 324.2 326.4 328.8 331.7 333.7 335.2 336.6 338.5 341.4 344.6 346.5 348.4 350.8 351 351.3 348.8 345.8 343.3 340.4 337.7 336 335.3 335.9 339.4 342.5 346 347.3 348 344.7 341.5
203 207.5 212.5 218.1 224 229.4 232.5 238.4 240.7 240.4 239.3 238.2 236.5 235.7 238.3 241.7 244.8 247.9 249.8 251.8 254.8 256.7 258.2 265.7 273.9 279 279 280.5 280 277.4 277.8 280.2 282.9 283.9 285.2 287.7 291.8 296.5 301.3 304.9 308.3 311.9 316.2 320 323.3 325.2 328.8 331.7 333.7 335.8 339.6 342.9 345.8 347.7 351.5 353.8 356 358.8 361.1 362.2 363.7 363.1 362.6 358.7 355.6 352.4 349.7 347.1 346.8 347.3 350.1 352.7 355.7 356.7 357.3 357.8 356.4 352.9
203.4 207.8 212.1 217.8 224 230.9 236 240.7 243.8 244.5 244 243.6 243.3 244.3 247.1 249.3 252.5 255.1 257.8 260.6 263.3 266.9 269 270.7 281.8 283.8 285.6 286.4 286.9 285.8 288 289.7 290 290.5 293 295.7 299.6 304.2 307.4 312.1 315.3 319.7 324.5 328.6 329.6 334.4 337.7 340.7 343.2 346.9 350.4 353.7 357 361 364.4 366.7 369.5 373 373.8 374.6 374.6 373.6 371.3 367.9 364.7 361.5 358.3 360.4 360.9 362 363.4 364 365.7 366.6 367.5 368.4 368 364.4
205.3 208 212.1 218.1 224.2 230.8 237.4 242.8 246.3 247.6 249 248.8 248.5 250.9 253.8 256.6 260.1 263 266.3 269 272 274.6 276.9 280.3 284.4 287.7 290.5 292 293 295.3 294.5 295.9 297 299.2 301.4 304.1 308.2 312.6 317.6 321.7 322 327.8 333 336.9 339.4 344.1 347.4 350.2 353.8 357.5 360.9 364.3 367.4 370.7 373.6 377 379.8 382.7 383.4 383.2 381.9 380.4 377.6 376 374.6 372.3 372.5 372.7 372.8 373.7 375 374.9 376.2 377.4 377.7 378.5 377.9 375.4
209.6 209.5 213.2 218.7 224.5 230.6 236.9 243.5 248.7 250.5 252.5 253.8 254.4 256.8 260.1 263.5 267.4 270.9 274.6 277.6 280.6 282.9 284.7 288.1 291.4 293 296.1 297.9 300.2 304.2 304.3 305.1 307 308 309.9 312.7 316.7 321.2 325.7 330.7 334.2 335.9 340.7 342.2 346.5 352.4 356.5 360.1 362.7 365.9 369 372.2 375.3 379 382.8 386.2 389 390.7 390.6 389.8 387.9 385.9 384 383.3 382.6 382.8 382.7 383.6 384.6 385.5 386.3 387.8 388.1 388.3 389.1 389 388 386.1
212.7 212 215.2 219.8 225.4 231 237.6 244 249.3 253.9 256 258.1 260.2 263.3 266.9 270.3 274.2 278.1 281.6 284.5 287.4 290.8 292.7 296 299.2 301.2 303.3 305.9 309.4 313.5 315.1 316.5 317.5 317.6 318.7 321.3 325.3 329.7 334.2 338.7 342.6 344.9 347.6 349.6 354.3 359.4 363.1 366.7 369.8 373.1 376.2 379.1 382.4 385.3 389 392.7 394.6 396.1 395.6 394.5 392.5 391.5 389.3 388.7 389.9 391 392.1 393.9 395.7 396.4 397.1 398.2 398.8 399.7 400.4 401.2 401.8 402.6
215.9 217.6 219.1 221.8 226.3 232.3 239.3 245.7 251.6 257.3 260.7 263.2 266.1 269.7 273.4 277 280.2 283.9 288.3 291.4 294.3 298.5 301.8 304.9 308 310 312.3 314.8 319.1 322.6 324.5 326.1 326.8 326.8 328.1 330.9 334 338.4 343.6 348.7 351.7 352.4 351 355.3 360 364.6 367.8 371.7 375.3 378.6 381.5 383.8 387 390 392.6 395.3 397.3 398.5 399.3 398.1 397.9 397.7 396.8 398 399.5 400.8 402.2 404.3 404.9 405.4 406.7 408.1 409 409.8 409.9 412.8 412.5 410.5
221.7 222.9 224.4 226 230.2 235 241.5 248.1 254.2 260.4 264.7 268.4 272 276.1 279.8 283.3 286.2 289.7 294.6 299.2 303.1 307.7 310.9 314.1 317.2 319.9 322.4 325.3 329.2 331.6 333.4 335.3 336.4 337.6 338.8 341.6 344.2 349.3 354.3 357.8 358.7 358.7 358.3 360.8 362.7 366.7 370.8 374.9 378.2 381.4 384.9 386.6 389.2 392.2 394.7 396.8 398.8 400.8 402.2 403.3 403.2 404.7 406.4 407.4 408.6 409.9 410.7 411.3 411.9 412.9 414.4 415.9 417.5 417.3 418.6 419 418.4 416.9
227.3 228.4 229.6 231.6 235.3 239.1 245.4 251.4 257.7 263.9 268.6 273.4 277.7 281.9 286.3 290.7 294.4 299.5 304.5 309.1 313.6 318 321.3 324.4 327.3 330.5 332.7 336 339.5 342.4 344.6 346.1 346.7 347.9 349.5 353.7 357.5 361.2 363.1 364.2 364.4 361.8 359.7 360.8 363.3 367 369.6 375 380.5 382.4 385.1 388.2 390.7 392.5 394.5 397.4 400.5 402.6 405.7 407.5 409 410 412.2 413.4 415.3 417.3 418.1 418.2 418.8 420.4 421 421 421.1 421.5 422.7 421.5 419.9 415.8
232.9 234 235.1 237.9 242 245.9 249 255.8 262.4 268.8 274.2 278.6 284.8 289.8 294.8 299.6 304.3 310.2 316.8 322 325.7 329.2 332.3 335.3 338.2 341.1 345 346.8 349.8 353.2 355.9 356.8 357 357.4 358.5 362.6 365.8 368.4 370.4 370.2 367.4 365.4 363.7 361.9 362.6 365.7 368.9 372.9 378.6 382 384.4 387.2 390.3 392.4 394.5 396.9 400 402.8 406.5 410 410.8 413.3 416.1 417.6 419.3 420.6 420.5 421.1 421.2 421 421 421 421 420.5 419.2 417.5 414.4 410.4
239.2 241 243.4 246.8 250.3 254.1 257.5 261.4 267.2 273.4 281.8 288.6 293.7 298.4 303.4 307.6 316 323 329.6 335.8 339.7 342.6 344.9 348.5 351.5 354.8 357.4 359.5 361.4 363.7 365.4 365.4 365.7 366.4 367.7 370.7 374.3 376 377.2 373.8 370.4 367 364.6 363.1 362 365 368.2 371.3 375.6 379.6 382 384.6 387.3 390.5 393.2 395.8 398.8 401.6 405.3 408.7 411.4 414.9 418.1 420 421 420.8 420.9 420.2 420.5 421 420.5 419.7 418.3 416.6 414.5 410.9 407.2 402.4
248.6 251.6 255.1 257.7 260.7 263.9 266.9 267.7 274.6 283.4 291.8 298.6 303.4 307.9 312.6 317.5 328.1 336 343.6 349.4 353.4 356 357.7 361.2 364.8 366.9 368.5 369.9 371.6 372.2 372.9 373.6 374.3 375 376.8 380.5 382.3 383.6 380.8 378.1 372.8 368.7 365.2 363.1 361.9 363 365.3 367.1 370.3 374 377.5 380.5 383.4 386.6 389.8 392.9 395.8 398.7 402.6 406.4 410.4 413.8 417.6 419.2 418.6 418.7 418.8 419 418.8 417.6 416.5 414.6 413.7 411.1 406 400.7 396.5 392.5
258.4 263.3 267.9 269.7 271.5 274.2 278.5 282.4 285.4 295.3 302.4 308 312.9 318.1 323.8 330.8 340.8 350.3 357.8 363.4 366.5 369.3 370.1 372.1 374.5 376.3 377.8 378.9 379.3 379.5 380.2 380.9 381.1 383.1 385.5 387.8 389.8 388.2 384.4 379.4 373.8 368.9 365 361.6 360.3 359.3 360.4 362.1 365.2 368.2 371.7 375.5 378.4 381.1 384.2 387.7 391.2 394.4 398.2 403.7 407.9 412 415.1 416 416.2 415.9 415.3 414.5 413.8 412.6 409.5 408 403.1 399.1 393.2 389.4 387.7 385.3
