data/350000-270000.asc
ncols 200
nrows 200
xllcorner 350000
yllcorner 270000
cellsize 50
[rows 70 to 104 of 200, columns 0 to 78 of 200]
92.7 92.5 91.1 92 91.7 91.4 91.3 86.9 86.4 86.5 87.2 88.4 89.5 90.5 91.6 92.9 94.2 95.4 95.9 96.9 97.3 97.1 97.3 98.5 99.5 101.3 101 100.2 103.4 106.3 106.9 107.6 107.2 106.1 103.9 101.3 104.4 107.2 106.8 105.5 103.7 101.2 99.4 97.6 97 98.2 98 98.6 99.1 98.8 96.6 97.6 98.3 99.2 99.7 100.2 100.7 101.8 103.4 104.3 103.7 104.9 107.1 108.9 110.4 111.6 113 112.9 112.7 113 112.9 111.9 113.1 115.2 116.5 116.4 116.2 114.5 108.2
92.1 93.3 92.9 90.7 91.7 91.5 91.4 91.3 91.1 90.3 86.6 86.9 87.8 88.7 89.8 91.1 92.4 93.8 94.2 94.1 94.4 94 95.1 95.4 95.7 96.3 97.7 101.3 104.6 105.5 105.1 105.7 105.8 104.4 102.4 98.9 103.8 104.5 104.6 102.7 100.7 99.2 97.8 96.9 97 97.1 96.7 96.9 97.2 97.5 96.8 97.3 97.6 98.7 99.7 100.5 101.1 101.7 103 103.9 104.5 105.1 107.5 109.7 111.3 112.1 113.6 113.6 113.5 113.7 112.8 111.8 112 113.9 116.2 116.3 116.2 114.3 108.4
92.2 92.5 95.3 93.4 90.8 91.6 91.4 91.4 90.8 89.6 88.3 88.1 86.4 87.2 87.9 89.3 90.6 92.2 92.6 92.5 93.5 94.8 95.5 96.3 97.3 99.5 101.4 104 105.6 104.7 103.6 105.4 105.4 103.5 100.7 97.4 100.3 102.2 101.3 99.7 97.9 96.4 95.7 95.7 95.5 95.5 95.5 95.4 96.3 97.2 98.2 99.2 99.8 100.2 100.7 101.1 101 101.8 103.2 104.9 106.3 107.4 109.1 110.1 111.4 112.9 113.7 114.2 114.4 113.2 112.1 111.5 111.1 112.6 114.9 115.8 115.2 111.6 107.6
93.1 92.5 91.9 95.7 93.2 90.7 91.5 91.3 90.4 89.3 89.2 89.1 88.6 85 86.3 87.2 88.8 90.5 90.3 92.6 94 95.2 97.2 98.1 99.1 101.6 102.9 104.6 103.3 102.2 101.9 104 102.8 101.8 98.9 95.5 98.1 98.6 97.3 96.9 95.1 93.4 93.9 93.9 93.8 94 95.3 97 98.4 98.9 100.6 102 102.5 103 103 102.5 102.3 102.9 104.2 105.7 108.3 110.6 111.8 113.6 114.4 114.9 114.9 115.7 115.7 114.2 111.9 111.5 111.2 111.5 113.4 114.1 111.1 108.9 106.7
92.3 92.2 91.8 93.7 96.2 92.4 90.7 91.3 90.4 90.1 89.7 89.7 89.4 87 84.6 84.8 86.3 87.6 91.2 93.3 93.4 94.3 95.5 98.8 100 100.7 101.3 100.7 99.7 98.5 99.4 100 99.6 98.2 96.1 94.8 93.9 94.9 94.4 94.2 92.4 90.5 92 93.2 94.5 96 97.3 98 99.3 101.5 104.6 105.9 106.8 107.8 107.3 105.8 104.6 104 105 106.3 108.9 111.1 111.9 114.9 117.1 117.4 117.5 118.4 117.7 115.9 113.7 112.1 112 111.2 111.1 110.6 110.2 108.5 106.1
91.3 91.6 91.6 91.6 93.5 97.9 92.1 90.8 91 90.4 90.1 90.2 89.9 88.3 86.6 84.4 84.7 85.6 88.9 91.4 92.4 93 94.3 97.5 99 98.5 98.9 97.1 96.6 96.3 96.5 96.7 97.1 95.8 94.6 93.5 92.3 92.2 91.4 91 92.2 93.3 94.5 95.4 96.4 97.9 99 99.8 101.3 102.9 107.9 110.8 112.1 114.2 112.4 110.8 107.7 106.7 105.5 106.1 107.1 109.7 112.4 114.6 117.9 119.3 120 121.1 121.4 119.5 116.7 114.1 112.9 111.7 110.9 109.9 109.9 108.2 105.8
90.8 91 91.3 91.4 91.7 91.6 98.8 92.6 90.8 90.7 90.8 90.6 90.3 89.8 88.2 87.2 84.4 84.5 85.1 89.7 91.8 92.3 92.2 94.9 95.6 95.5 95 94.7 94.3 94.1 94.7 94.7 94.6 94.3 93.1 91.9 91.2 90.8 91.7 93.8 94.6 96.2 97.1 97.7 98.4 99.4 100.2 101.9 103.4 105.4 110.3 114.6 118.3 122.2 122.3 117.8 113.5 109.8 108.6 108.2 109.6 108.7 114.1 116.5 120.6 125 127.7 128.3 127.3 124.1 120.5 115.9 113.6 111.9 109.7 108.9 108.6 107.4 106.2
91.3 91.3 91.3 91.4 91.6 91.6 91.4 94.8 91 93 93.5 91.2 90.6 90.3 89.7 88.7 86.6 84.4 84.4 87.8 89.5 90.6 91.1 92.4 93.6 93.1 92.4 92.4 92.1 92.2 92.3 92.2 92.1 91.9 91.5 90.7 90.1 90.6 92.1 94.1 96.3 98.7 99.6 99.6 100.3 100.7 102.2 104.4 106 109.5 113.3 119.7 126.9 129.8 131 126.3 121.4 116.1 112.1 112 114.4 117.6 119.1 123.6 127.7 131.1 131.9 132.2 131 128 123.7 117.6 114.3 112.4 110.5 109.3 107.6 106.8 106.3
91.2 91.2 91.3 91.4 91.5 91.7 91.7 91.6 91.8 91.2 90.6 90.5 91.7 92.7 93.1 92.9 91.1 89.1 84.8 88.9 89.2 90 90.9 92.1 91.8 90.4 89.5 90.1 89.9 89.8 89.9 89.4 89.4 89.6 89.5 90 91.7 92.4 92.2 94.2 96.8 98.6 99.4 99.9 101.1 103.3 105.4 108 111.8 114.1 119.3 124.4 132.3 134.6 135.7 131.5 126.6 122.9 120.3 117.6 118.9 123.6 126 129.3 131 131.5 132.1 132.1 131.9 129.3 124.4 120 115.3 112.4 110.3 108.5 107 105.9 105.2
91.2 91.2 91.3 91.4 91.4 91.6 92.1 90.7 90.4 90.8 90.7 90.3 89.9 89.8 89.9 89.5 89.1 86.8 84.4 84.7 84.7 88.9 88.2 86.7 87.4 90.1 88.5 88.3 87.7 87.4 87.4 87.4 88.4 89.5 91.2 91.9 92.8 94 93.6 94.5 94.8 97.5 99.4 101.3 103.3 105.4 108 114.3 119.4 121.5 125.7 130.1 133 135.4 135.6 135.2 131.1 126.4 125.6 123.7 127 124.7 126.8 129 129.9 130.4 131.1 131.9 131.6 129.2 126 122.1 118.8 112.1 109.6 107.7 106.3 105.3 104.7
90.8 91.1 91.1 91.1 91.2 91.2 92.2 91.9 90.6 90.9 91.1 90.9 90.5 89.3 89.1 88.6 88.1 86.9 84.9 84.5 85.1 89.1 88 90.1 89.3 90.1 90.5 89.3 87.7 89 89.4 89.9 90.8 91.7 92.8 93.5 94 94.6 94.9 96.9 96.6 96.1 98 100.8 102.6 105.1 108.8 113.5 118.3 122.4 126.6 130.8 132.9 134.3 134.9 133.6 131.3 129.8 129.9 127.9 125.2 123 124.5 126.5 127.8 129 129.8 130.5 130.7 128.8 125.1 122.7 119.7 113.6 109.1 107.1 106 104.9 104
90.2 90.6 90.8 90.9 90.9 91.1 92.2 91.9 90.9 90.8 90.9 90.9 90.8 90.3 88.8 87.9 87.2 86.2 84.6 84.2 84.7 86.5 85.6 88 89.4 90.4 91 91 91.9 92.5 92.6 92.9 91.3 93.7 94.3 94.9 95.5 96.2 96.7 97.4 98.5 97.8 98.2 100.3 102.3 105.3 108.7 116.4 122.3 123.9 127.3 130.2 132.5 132.4 134 132.5 130.1 127.4 129.3 128.8 126 122.5 121.8 122.5 124.2 125.8 126.5 127.5 128.3 127.2 124.4 121.9 118.5 113.2 109.3 106.8 105.7 104.6 103.5
89.7 89.9 90.4 90.7 90.8 91.1 92.1 91.6 90.9 90.9 90.8 90.9 90.6 90.1 89.8 89.2 87.4 85.8 84.7 84.4 84.9 92.5 92.3 87.6 89.5 91.4 92.7 93.3 93.9 93.7 93.1 93.7 94.9 96.1 96.7 95.6 97.5 98.2 99.3 99.5 99.5 99 100.4 103.4 105.2 106.6 109.7 115 122.3 124 126.8 130.6 131.4 132.1 132.2 131.8 129.5 126.2 125.9 126.2 125.9 124.9 120.7 117.4 117.9 119.8 122.3 123.4 125.1 124.1 122.5 119.1 115.4 111.7 108.6 106.3 104.8 103.3 101.8
89.9 89.9 90 90.5 90.7 91.1 91.4 91.3 90.9 90.8 90.7 90.8 91.2 88.4 88.5 89.1 87.5 86.1 85.2 85 91.2 92 90.9 88.4 91.2 93.7 94.9 96.3 96.1 96 95.3 95.3 96.6 97.7 98.9 99.9 101.8 99.5 101.8 102.6 102.8 101.7 102.9 106.4 108.7 110.9 114.2 115.8 120.4 124.1 125.6 129 130.6 131.3 131.6 130.9 128.7 125.8 124.2 124.2 123.6 124.4 121.9 117.1 113.9 115.1 116.7 118.1 119.2 120 119.1 116 112.2 109.5 107.5 105.2 103.4 101.6 100
89.9 89.9 89.9 90.3 90.9 91.1 91.2 91.1 90.9 90.8 90.6 90.4 90.4 91.3 86.8 91.4 87.8 86.3 84.7 84.1 91.5 90.9 90.2 89.5 93.4 98.5 101.5 102.6 101.1 98.2 98 97.9 98.7 101.6 103.7 105.5 105.8 109.4 110.1 103.4 106 105.8 107.5 110.8 113.2 114.4 115.6 118.7 121.4 123.3 125.1 127.2 128.4 129.7 129.7 129.6 128 125.7 124.9 125.3 121.5 120.4 118.3 116.7 113.6 111.4 112.5 112.8 113.2 113.8 113.1 111.9 109.3 107.9 105.8 103.9 102.3 100.7 98.2
83.4 89.1 88.9 89.6 90.1 90.7 90.9 91.1 91 90.8 90.7 90.4 90.5 90.7 89.5 90.2 90.7 86.2 84.7 83.9 90.8 90.6 90.2 90.5 96.8 103.4 105.5 105.1 103.6 101.9 102.2 104.3 105.3 106.4 109.6 114.3 112.9 111.8 111.8 111.4 109.4 106.9 109.4 113.4 115.6 115.8 116.7 118.8 120 121.9 123.9 124 126.6 128.5 127.3 126.7 127.6 126.7 125.9 125.9 125.2 124.7 117.5 115.8 113.9 111.6 110.1 109 109.5 110.1 111.3 111.1 109.5 107.2 105.6 105.2 102.1 99.8 98.5
82.6 84.6 86.6 86.1 88.8 88.8 90.7 90.9 91.1 90.8 90.8 90.2 89.8 90.6 89.9 89.9 89.3 90 84.2 89.2 90.8 90.3 90.3 91.4 99 106.1 110.2 108.4 105.2 105.2 108.3 111 112.4 112.7 117 116.5 115.5 114.6 114.6 113.6 111.6 109.6 109.3 112.6 113.7 114.6 115.6 116.7 118.9 121.4 123.2 125.2 125.5 124.9 125.2 124.3 124.9 125.4 124.9 125 124.4 121.6 119.1 117 114.8 112.7 111 108.9 107.3 107.5 109.1 110.5 107.5 105.1 104.2 103.2 101.8 100.3 98
81.2 81.5 83.5 83.4 84 85.7 88 89.8 89.8 90.3 90.7 89.6 89.4 89.5 89.5 89.8 88.6 86.6 90.5 89.4 90.4 90 90.8 94 101.1 107.7 111.7 110.6 107.4 109.1 112 115.2 118.7 118.6 120 119.1 118.5 118.2 117 115.7 113.9 111.8 111.5 113.4 112.2 114.6 115.3 117.4 118.9 120.5 122.2 124.3 126 123.7 122.8 122.3 122.5 122.5 122.5 122.3 122.7 122 120.1 118.4 116.5 114.8 113 110 108.7 106.9 105.9 105.6 104.6 103.6 103.1 101.9 100.6 100.5 97.9
81 81 81.9 82.4 82.8 83.8 83.8 84.9 85.6 89.6 89.6 89.7 89.2 89.2 89.3 88.9 88.2 87.3 83.9 91.1 90.8 89.9 90.8 91.7 92.3 109.9 112.8 112.8 110.9 111.3 114.1 118.1 120.6 121.5 121.9 121.7 121 120.3 119.1 117.8 116.4 115.3 113.6 114.4 112.3 113.6 115.2 117.6 118.8 118.9 120.9 122.5 124.3 123.1 121.8 121.3 120.3 119.4 119.4 119.8 120.5 120.1 119.4 119 118.4 117 114.8 112.5 110.9 108.8 106.6 104.4 103.9 102.5 101.9 100.7 100.4 101 96.2
80.2 81 81.6 82.5 82.3 82.5 82.8 83.5 84.4 84.4 86.4 89.1 89.5 89.6 89 88.6 88 86.2 83.8 84.1 91.7 90.5 90.5 91.7 92.4 95 113.5 114.8 113.7 110.7 113.8 116.5 119.9 121.6 122.4 122.3 121.4 121.5 121.3 122.2 120.5 118.2 118.3 116.4 115.2 118 114.6 118.5 118.9 120.6 122.7 124.1 123.5 122.1 120.8 119.6 119 118 117 116.8 116.8 116.2 116.7 116.8 116.7 116.3 115.4 115.1 114.4 111.4 108.9 105.5 103.9 102 100.7 100.4 100.2 98.8 94.3
80.1 81.6 82.3 82.2 82 81.9 82 82.3 82.7 83.3 83.1 86.6 88.9 89.7 89.3 88.5 87.6 85.7 83.9 83 83.9 91.7 89.8 91.2 96.9 97.5 102.4 116 114.8 112.5 114.1 115.7 118.2 120.4 120.9 121.1 121.2 120.9 122.7 124.5 125.2 123.5 123.8 122.6 122.2 123.9 124.1 115.5 122.4 125.9 125.9 124 122.3 120.6 119.9 120 116.8 115.5 115.5 112.9 113.7 113.4 113.8 114.1 114.5 114.7 115.5 115.5 115.8 113.9 109.7 107 104.7 101.8 100.4 100.2 98.9 97.9 94
80.5 82.1 82 81.9 81.8 81.7 81.7 81.8 82.1 82.5 82.8 84.1 87.5 89.3 89.2 88.9 87.9 86.6 85 83.9 83.8 84.8 86.1 92.5 97.1 101.7 108.9 114.7 115.4 115.1 115.2 114.6 116.9 118.7 119 119.4 119.6 121 122.7 124.3 126.1 126.8 127.6 127.5 128 126.8 127.2 129.1 117.5 126.7 126.1 123.9 121.1 119.2 119.6 117.7 115.3 115.1 111.9 109.7 110.1 110.2 110.9 112.8 113.6 114.4 115.7 116 115 112.4 109.5 106.4 103.5 100.9 99.9 99.8 98.2 96.6 99.8
81.2 81.7 81.6 81.6 81.6 81.6 81.5 81.5 81.6 81.8 82.2 82.7 83.6 84.9 87.4 88.6 87.9 86.3 85.3 85.1 85.8 85.1 86.6 90.8 94.9 98.8 103.1 108.3 112.7 114.8 116.7 116.7 117.1 117.9 117.5 118.1 120.2 121.5 123 124.3 125.9 128.3 130.2 131.3 131.8 130.9 131.2 129.9 125.8 120.7 124.7 122.5 120.2 119.2 116.9 114.8 115 114 111.6 109.5 109 108 109.3 110.5 111.8 113.3 113.6 113.8 112.7 110.6 108.4 105.1 102.5 99.9 99.5 98.3 96.7 98.2 103.4
81.5 81.4 81.3 81.3 81.4 81.5 81.4 81.2 81.7 81.4 81.6 82 82.4 82.7 83.4 83.9 86.5 86.5 85.1 82.7 83 84.6 87.6 91.4 92.5 94.8 97.3 107.9 114.6 115.4 115.7 115.4 116.5 117.7 119 119.7 121 121.7 123.4 124 125.7 128.4 130.6 131.2 131.6 131.8 130.6 128.5 128.3 120.4 123.4 121.2 119.3 118.2 115.8 114.2 113.7 111.2 110.4 110.1 107.1 105.4 106.8 108.2 108.1 109 109.3 109 109.1 108.2 106.2 103.5 101.5 99.1 97.9 96.6 97.4 100.3 105.6
82.1 81.6 81.5 80.9 80.7 81.1 81.1 81.1 81.3 81.1 81.2 81.3 82.3 82.8 82.4 82.7 82.5 83.3 83.3 84.7 82.5 84.4 88.2 90.7 92.1 94.4 95.8 106.7 114 115.3 115.7 115.4 117.2 118.8 119.8 121 121.7 122 123.3 124.5 126.1 128.1 129.8 131.8 131.1 131.1 127.6 125.4 124.9 123.7 117.8 121.3 120 117.5 116.8 115.2 112.5 109 109.1 109.1 106 104 104.3 104.8 105.2 106.5 106.8 105.8 105.1 105.8 103.9 102 100.3 98.7 95.2 97.8 99.5 103 105.4
96.3 90.2 87.5 83 82 81 81 81.1 81.1 81.1 80.9 81.1 81.3 81.9 81.8 81.9 82 81.9 82.1 83.9 85.3 85.3 88.6 89.8 92.2 93.1 95.6 104.4 110.6 113.7 115.8 115.7 116.8 118.3 119.4 119 121.2 122 122.7 123.4 125.6 127.8 129.9 131.7 130.8 128.7 124.5 123 122 120.8 121.3 119 119.3 117 116.1 116.1 112.9 110.5 109.6 108.4 106.7 104.9 104 103.6 104 106.1 106 105.2 104.6 103.9 101.2 99.9 98.9 97.2 96.4 98.4 100.9 102.4 103.5
108.1 104.7 100.3 93.2 91.1 84.6 81.1 81.2 81.1 81.1 81 81 81.1 81.3 81.5 81.6 81.6 81.8 82.2 83.3 83.8 88.2 87.8 89.1 92.2 92.7 96 99.9 107 111.1 115.6 116.1 116.6 116.9 117.1 117.3 119.8 120.7 121.4 121.9 123.7 125.8 127.7 129.2 128.6 125.9 123.2 121.1 119.5 117.8 118.4 118 116.9 116.2 115.6 115.6 113.1 111.4 110.7 109.3 107.8 106 104.4 103.3 103.7 105.8 105.5 104.6 103.5 101.7 99 96.6 96.2 96.2 95 100 102 104.2 104.8
111 109.4 107.1 102.3 99.7 96 84.4 81 80.8 80.7 80.7 81 81.1 81.4 81.3 81.4 82.1 81.9 82.4 84.6 88.5 88.3 88.2 88.9 92.1 92.7 95.2 96.6 106.5 110.7 114.7 115.8 115.2 114.7 114.6 115.8 117.9 119 119.2 120.6 121.7 123.7 125.3 126.1 126.5 124.8 123.7 122.2 118.6 116.6 116.5 115.3 116.8 114 112.5 112.7 111.1 110.4 109.7 109.5 107.7 106.2 104.8 103.4 102.5 103.3 102.9 102.5 101.6 99.3 97.1 95.6 95.8 95.2 97.2 100.2 102.7 105.2 106.4
114.3 111.9 109.2 104.9 102.5 99.3 91.5 83.4 80.7 80.2 80.4 80.9 80.8 81.3 81.5 81.8 82.5 83 83.4 85.5 89.2 88.9 88.6 89.4 92 93 93.4 98.3 105.3 111.3 113.1 113.9 113.2 112.4 112.2 112.9 115 116.4 118.1 119.7 120.6 121.4 122.5 123.3 125.2 124.9 125.1 124.7 120.5 118.3 116.1 115 115.1 111.4 109.6 108.9 108.9 108.5 108 106.5 105.1 104.2 104.3 103.4 102.2 101.5 101.3 101.2 101.4 99.9 96.1 95.2 93.9 96 98.7 101.4 103.7 106.1 107.9
109.7 111 108.5 104.7 100.6 98.9 96.2 90.3 81.3 79.9 80.4 80.8 80.7 80.9 81.3 81.6 81.4 82.4 83.6 85.9 88.5 87.8 88.7 90.5 91.7 92.9 93.7 98 103.4 108.8 111.3 111.6 111.3 109.8 109 110.1 113.4 116.1 118.9 119.3 119.9 119.5 118.9 120.1 124.6 125.6 125.1 123.9 122 119.7 116.9 116.1 116.2 115.4 110.2 108.9 109 109.1 107.7 105.1 104.4 105 104.1 103.3 102.4 101.4 100.9 100.4 100.7 101.2 96.3 95.3 95.8 97.6 98.7 101.5 104.5 107.1 110
102.7 103.8 103.3 100 96.6 92.1 89.4 84 85.8 82.3 80.3 80.7 80.6 80.6 80.5 80.7 80.9 81.8 82.7 83.1 86.1 87.7 88.9 90.2 91 92.2 94.3 96.1 102.4 107 110.2 109.1 108.6 107.2 106.4 110.6 114.6 118.6 119.8 119.8 119.2 118.2 116.9 118.5 124.2 125.6 125.2 124.2 122.3 119.8 117.6 116.3 115.9 116.5 111.8 110.1 109 110 108.9 107.1 105.6 105.9 104.7 103.8 102.8 101.4 100 100.9 100.9 100.9 97.6 93.7 95.2 96.3 99 102.3 107.3 110.5 110.4
101.1 99.9 97.8 93.5 89.8 86.4 87.4 90.9 94.7 85.5 80.4 80.4 80.2 80.3 80.4 80.3 80.9 81.4 82.5 83.1 84.4 87.8 89.4 91.1 92.7 94.6 94.7 100.9 103.5 107.5 107.9 105.6 104.5 101 106 113.2 116.1 119.7 120.6 120 118.7 116.2 116.4 118.6 126.2 126.1 125.9 124.9 121.6 118.8 116.8 116.2 114.2 113.1 112.2 111.2 110.9 110.9 110.8 109.1 106.9 105.3 103.8 102.5 101.8 100.9 99.2 99.5 100.2 100.7 97.7 95.4 95 96.6 99.2 103.7 106.5 109.1 110
101.2 99.6 97 93 92.7 95.6 95.6 95.1 96 91.8 81.3 80.1 80.2 80.3 80.5 80.5 81.2 81.5 82 82.9 84.4 88.1 90.3 93.3 95.6 97.7 98.6 102 107.1 108.3 106.3 103.2 101.1 99 107.2 111.9 115.2 119.7 121 120.7 117.5 114.9 114.2 119.4 126.6 126.4 126.2 124.8 120.4 117.6 114.9 113.9 113.7 112.7 116.5 110.8 110.9 109.7 109.9 108.1 106.1 103.8 102 102.6 100.2 99.6 99.5 99.8 100.3 100.6 96.3 94.8 94.5 94.4 100.2 102.9 104.8 106.9 110.2
102.3 100.3 96.6 94.8 97 99.2 96.4 93.8 93.5 91 84.7 80.6 80.1 80.3 80.7 80.5 81.3 81.5 81.6 82.3 85.4 90.6 95.6 96.9 99 101.4 102.8 105.9 108 107.4 98.5 101.2 97.2 102.5 105.6 107 113.2 118.7 121.2 119.2 116.6 113 112.8 118.7 122.5 126.5 126.5 125.3 120.4 117.1 114.5 112.9 111.9 111.2 114.4 108.8 109 108.9 107.8 106.1 104.5 104.9 104.6 103.8 101.3 99.9 99.8 100.4 100.9 97.4 95.1 93.6 92.3 96 99.5 102.7 105.2 107.6 109.9
102.5 99.4 97.4 96.5 95.9 96.3 94.7 92 89.7 88.7 84.8 81.6 80.6 80.1 79.8 79.3 81.3 81.6 81.7 86 90.3 99.4 101.4 106.9 101.7 104.2 104.4 105.9 106.6 105.1 102.6 99.3 94.6 99 99.5 102.6 104.9 111.2 114.7 113.7 111.5 107.8 105.3 112.5 115.9 120.8 125.2 125.8 121.9 117.7 114.8 113.4 112.2 111.6 111 109.3 109 108.1 106.4 106.1 105 105 104.8 104.7 103 101.6 100.3 100.9 97.8 94.4 94.8 91.7 93.3 98.8 101.1 103.2 105.5 107.3 108.1
