data/350000-820000.asc
ncols 200
nrows 200
xllcorner 350000
yllcorner 820000
cellsize 50
[rows 0 to 34 of 200, columns 0 to 77 of 200]
496.6 497.7 496.7 494.9 492.5 486.8 477.9 466.9 457.7 451.2 445.5 438.2 431.8 423.9 412.1 398 383.9 368.4 350.8 335.2 318.1 299.3 276.5 259.4 243 230.5 219.7 207.8 196.5 189 182 177.6 173.6 171.3 169.2 167.2 165.3 163.1 161.1 161.2 160.2 159.6 159.4 158.2 158.8 157 155 154.5 154.5 157.5 159.4 159 158.8 158.8 158.6 158.5 158.2 158 158.4 159.3 160.5 160.7 162.4 162.6 163.3 164.7 164.5 167.1 166.9 166.3 166.2 171.9 175.3 179.1 183.5 185.8 188.5 189.7
487.7 487.5 486.6 485.4 481.8 476.4 467.7 455.2 443.4 431.7 426.2 421.4 411.3 401.5 392.2 379.5 367.1 352.7 336.2 320.2 304 284.8 264.4 244.2 230.6 221.1 212.2 201 193.4 186.6 180.4 176.3 173.2 170.6 168.3 166.3 164.5 162.6 161 161 160.2 159.9 159.5 158.1 156.1 154.8 154.7 155.2 156.9 159.5 160.1 159.6 159.4 159.4 159.4 159.2 158.7 158.3 159.2 160.2 161.6 163.6 165.4 167.8 169.4 171 172.1 170.6 171.4 171.4 170.1 170.4 172.6 174.5 177.4 179.9 181.8 183.7
477.4 476.5 475.7 474.7 471.1 464.6 455.9 441 430.4 416.5 405.5 397.9 388 376.9 369.3 358.5 348.6 333.6 318.2 303 288.5 267.9 249.3 231.5 221.5 212.2 205.5 197.1 190.5 185 178.9 175.1 172 169.7 167.4 165.9 164.4 162.4 161 160.9 160.7 160.2 159.6 158 155.6 155 156.4 158 159 160.9 160.6 160 159.9 159.9 160 160.5 160.8 161.4 163.8 163.8 164.6 167 170 172.5 174 175.4 176.4 175.1 171.8 173 171.2 170.5 171.8 171.2 171.6 173.5 175.4 178.6
463.8 464.9 462.3 461.5 459.2 451.9 440.5 429 418.8 402.1 387.9 376.2 363.2 357.6 350.3 338.8 327.5 313.9 299.6 284.6 268.5 253.7 238 223.4 213.2 206.8 200.7 194.7 189.2 183.9 177.8 173.7 171 168.9 166.9 166 164.3 162.2 161.2 160.9 160.4 160.1 159.8 157.9 155.3 156.9 158.4 158.6 160.4 161.5 161 160.4 160.1 160.5 160.9 164.2 163.8 164.8 166.6 168.7 168.8 172.7 175.6 177.3 177.4 177.4 177.9 177.2 175 172 171.6 171.6 171.5 171 171.5 171.4 171.8 172.4
453.6 452.7 449.9 449.3 446.5 439.8 429.3 417.6 404 387.6 374.7 353.1 344.6 339.8 330.4 318.9 310.8 294.8 281.3 264.3 249.8 238.9 225.5 213.5 205.1 200.5 196.9 192.5 188.1 182.2 177 173.1 170.8 168 167 166 164.2 162.1 161.4 160.8 160.2 160 158.3 156.3 157.3 158.8 159.4 160.4 162.5 162 161.6 161.1 160.7 161.4 163.5 166.2 166.5 167.5 169.2 171.8 174.7 178.6 182 182 182.2 180.9 181 180.3 177.9 174.5 171.9 170.7 171.1 171.7 170.8 171 171.8 172
441.7 440.4 438.1 436.6 433.2 426.5 416.1 404.5 390.8 376.9 362 345.8 326.4 316.3 308 299.1 289.6 275.1 261.4 249.5 237.5 226.6 217.9 209.6 198.3 194.3 192.3 189.6 185.9 182 177.9 174.6 172.7 169.4 167.7 166.1 164.1 162 161.1 160.6 160.1 158.8 156.6 157.5 158.6 159.4 161.3 162.8 163.4 163 162.6 162 162.9 163 164 166.9 167.8 170.3 172.5 175.5 179.5 185.3 187.7 188.2 188 187.2 185.7 183.1 179.9 176.5 174.2 172.1 170.8 172.8 170.8 170.9 171.3 171.1
427.7 425.9 424.9 423.7 418.9 412.2 402.6 391.1 379.4 365.5 349 335.1 320 299.7 290.2 285 274.4 259.2 247.1 236.3 227.1 220.6 214.3 208.7 197.6 192.9 190.7 185.1 182.8 180.9 178.6 175.8 172.4 169.9 168.2 166 164 162.2 161.2 160.2 159.4 157.7 157.2 159.7 159.4 161.2 163.1 164.7 164.4 164.1 163.6 164.3 166.1 165.2 165.9 167.6 170.2 173.1 175.7 178.4 184 189.3 192.4 195.3 194.8 193.8 188.9 185.6 182.4 179.4 176.4 174.9 173.2 169.8 170.7 170.9 171 171.1
421.6 409 408.1 407.1 402.2 395.6 387.4 377.2 365.6 350.9 336.8 321.5 306 291.4 272.7 267 257.2 244.6 232.4 225.7 219 214.2 209.3 203.6 197.7 193.8 189.8 182.6 180.4 177.9 176.2 174.2 172.4 170.3 168.1 165.8 163.9 162.5 161.4 160.4 159 157 159.7 160.5 161.1 163.2 165.2 165.9 165.5 165.2 164.8 166 167 166.3 167.7 169.3 172.1 175.1 178 181 186.3 192 196.6 201.6 202.7 201.2 195.1 189.7 185.6 181.8 179.3 178.2 175.8 175.3 172.9 170.9 171.3 171.4
416.7 401.9 388.3 387.1 386.2 378.5 370.1 359.6 347.4 335.4 321.5 306.6 290.1 276.3 262.6 250.6 242.8 233.3 224.3 218.6 212.1 208.2 203.5 200.4 196.3 191.7 188 184.8 180.9 176.8 173.6 171.7 169.6 168.1 167.5 165.2 163.8 162.7 161.7 160.6 158.1 156.8 160.9 162 163.2 165.5 167.4 167 166.7 166.4 166.4 166.7 167.1 167.9 169.3 170.9 173.6 176.7 179.5 182.7 187.8 192.9 199.2 201.8 205.5 203.2 200.9 193.1 190.8 184 180.8 179.3 179 176 175.3 175.5 173.3 172.2
410.4 397 378.8 369.3 366.8 361 354.5 344.9 333.1 319.6 307.8 292.1 277.1 262.7 251.7 242.9 234.3 226 219.2 212.8 207 203 199.6 197.2 194.8 190 186.7 183.7 180.3 176.8 173.4 170.2 168 167.3 166.3 164.4 163.4 161.8 161.4 160.3 159.3 158.9 162.2 162.9 166.4 167.9 168.5 168 167.6 167.4 168.1 168.6 168.7 169.6 171.2 172.2 175 178.3 180.2 184.3 188.7 193.3 197.5 199.3 201 202 199.8 194.2 188.1 184.6 182.2 180.4 181 177.8 178.6 179.4 179.5 178.6
401.3 388.1 374.6 348.3 348.9 344.6 337.1 327.9 319 306.7 293.7 276.3 266.4 256.2 247 235.6 227.1 219.9 214 209 205 200.9 197 194.2 192.1 189.5 185.7 182 179.6 176.3 173.1 170.1 167.9 167 165.6 163.8 162.7 160.7 159.5 158.2 156.9 162.4 164.2 166.4 169.5 170.3 169.5 168.9 168.4 168.1 168.6 169.7 170.6 171.5 173 174.1 175.5 178.8 182.5 184.2 188.3 192.5 193.8 195.4 196.7 197 196.1 193.2 188.7 184.8 182.1 181 181.6 179.6 181.7 183.3 184.3 183.1
388.9 375.7 361.8 341.7 323.6 323.2 319.4 312.2 303.4 288.7 275.2 266.4 256.1 246.4 237.8 228 221 215.3 210.2 206 203.2 199.1 195.3 191.4 188.3 186.9 184.7 181.4 177.1 175.4 172.2 168.9 167.7 166.6 165.2 163.7 163 162 161.7 160.3 157.6 163.3 166.4 169.9 171.3 171.7 170.9 170.1 168.5 169 169.4 170.9 172.2 173.3 174.8 176.6 178.4 180.7 183.7 186.8 190.3 192.4 193.3 192.2 192.3 192.1 190.8 189.1 185.6 183.5 182.1 181.7 181.6 181.9 184.3 186.5 187.6 186.2
376.3 363.7 348.4 334.9 320.8 296.9 294.7 292.5 282.5 271.3 261.2 253.7 246.1 236.8 227.6 220.9 216.8 211.1 206 203.1 200.4 197.5 193.4 189 186.6 184.4 182 180.3 176.9 174 171 169.8 168.4 166.1 164.6 163.6 163.3 162.2 160.6 159 157.5 165 169 172.6 173.2 173.8 173.2 172 170.4 171.2 171.7 172.5 173.8 175.8 177.6 179.3 181.2 183.5 187.1 191.4 193.1 193.8 193.5 192 190.5 190.1 188.8 186.5 184.1 182.9 182.8 182.4 183.1 184.4 186.7 188.4 189.5 189.1
365.1 352.1 338.4 325.1 312.7 298.6 274.5 268 262.6 255.6 249.5 243.8 237 229.8 221.6 213.7 209.6 205.7 202.9 200.2 197.5 194.8 191.8 188.1 184.2 185.2 180 177.3 176.3 173.2 170 168.7 166.9 165.2 164.4 163.6 163.2 161.7 159.2 157 158.6 168.1 171.4 174.6 174.4 174.4 174 173.4 172.9 173.4 173.9 174.9 175.3 177.4 179.5 181.7 183.5 185.8 193.3 198.8 198.1 196.7 195.3 193.1 190.6 190.1 189.1 186.4 183.5 182.9 182.9 183.3 184.2 185.2 188.2 189.8 191.4 190.9
348.5 338 324.7 311.6 299.5 283.1 270.4 255.5 246.5 242.4 240.6 234.9 229.6 223.2 215.9 208.5 204.6 201.7 199.1 196.6 194.2 192.5 189.9 187.4 184.8 186.1 179.5 176.4 175.4 172.8 169.4 167.6 166 164.5 163.8 163.9 162.1 160.3 158.3 156.8 165.8 171.5 173.5 176.4 175.8 175.1 174.5 173.8 173.9 174.6 175.4 176.4 177.7 179.6 181.2 183.1 185.2 190.4 201.3 210.6 207.3 201.6 197.7 195.2 191.7 189.9 189.1 186.6 184.8 183.5 183.2 183.3 184.4 186.5 189.9 191 192 191.8
328.3 319.5 307 293.4 278.8 267.6 257.6 247.8 236.7 232.1 231.3 227.6 222.2 216.3 209 204.6 200.9 198 195.3 192.7 191.8 189.6 187.8 186.3 185.1 183.2 178.9 176.6 172.7 170.9 168.2 166.7 165.2 162 162.7 163.1 160.6 158.3 157.2 157.9 166.1 171.9 173.3 174 174.7 174.9 174.9 174.1 174.6 175.3 176.5 177.5 179.2 181.2 183.1 185.1 187 197.7 211.6 221.3 219.7 209.6 200.7 197 193.2 189.5 188.3 186.1 185 184.2 183.8 183.5 184.5 187.2 190.1 191.3 192.3 192.7
310.2 300.7 288.6 273.7 263.3 254.5 246.7 239.1 231.9 224.8 222.6 220.8 215.2 210 205.7 201.3 197.5 194.2 192.3 190.3 188 186.6 185.2 182.7 181.4 178.7 176.7 175.5 171.3 167.9 167 165.9 163.9 160.4 158.1 157.6 157.7 158.5 158.9 159.8 166.1 171.9 173.1 173.8 174 174.3 174.4 174.5 175.4 176.3 177.9 179.2 180.9 182.7 183.8 186.5 193.8 206.1 218.5 224.4 226.1 216.3 204.3 198.9 195.2 191.8 188.2 186.1 184.8 184.6 184.3 183.9 184.9 186.5 189.2 191.2 192.7 193.5
293.3 281.6 268.3 259 250.1 245.3 239.9 232.2 225.4 220 216.5 213.9 210.8 206.9 202.7 198.8 195.6 192.2 189.1 187.7 186.1 183.9 182.5 180.7 178.6 176.9 173.1 170.1 167.3 166.7 165.6 164.3 162.5 158.2 157.9 158.3 159.1 160.3 161 162.4 168.1 171.8 173.5 173.5 173.3 173.4 173.3 174.4 176.1 177.4 179.2 180.7 182.3 184.5 186.9 189.3 199.7 211.9 221.5 227.2 231 221.1 207 199.8 195.6 191.4 188.3 186 185 184.7 184.4 184.8 185.7 186.9 188.6 190.6 192.1 192.7
275.4 265 256 247.9 241.4 236.3 230.9 225.8 221 216 212.9 210.6 208 204.2 201 197.4 194.2 190.7 186.9 185 183.8 182.7 180.3 179.2 176.5 174.3 170.9 167.7 166.4 165.8 165.9 164.1 160.9 158.2 159 160.2 161.1 161.9 162.7 164.5 168.8 170.2 171.2 171.3 171.5 171.7 173 175.7 176 177.2 179.7 181.5 182.8 185.6 187.8 194.8 201.3 212.8 219.8 224.9 228.1 220.7 209.3 200 195.3 191 187.9 186.3 185.5 185 185 185.5 186.4 187.4 188.4 190 190.9 191.9
258.8 252.4 247.2 240.1 234.1 229.1 224.6 220.7 216.1 212 209.9 207.7 205.5 202.5 199.4 196 192.8 189.7 186.7 181 178.5 180.2 178.6 177.2 176.6 172 168.6 166.5 165.5 166.2 165.3 163 159.4 158.3 159.4 161.7 162.2 163.3 163.5 164.5 168 169.3 169.6 169.8 170.6 171.5 172.9 174.5 175.8 177.3 179.5 182 183.4 187.3 190.8 199.5 205.4 208.6 213.8 218.1 218.6 216.4 208.9 201.8 195 190.8 187.9 186.8 185.8 185.2 185.5 185.9 186.4 187.4 188.7 189.9 190.7 191
246.5 242.7 238.8 233.7 227.7 223.4 219.6 215.6 211.4 208.6 206.4 204.3 202.4 200.4 196.7 192.4 191.1 189.1 185.9 182.3 178.3 174.5 177.4 175 172.9 168.8 166.6 165.4 166.3 166.4 164.7 161.5 158.9 158.4 158.9 162.6 163.1 163.9 164.1 164.1 166.1 167.2 167.9 169 170.5 171.7 173.3 174.8 176.1 178 180.6 182.9 185.1 189.5 194.9 200.9 205.1 208 210.1 212.5 213 210.9 206.7 200.5 194.1 189.9 188 187 186 185.7 185.8 186 186.3 187.6 188.9 190.1 190.4 190.2
238.2 234.6 230.7 226.8 222.6 218.7 215.1 211.2 207.3 205.2 203.3 201.4 199.5 197.3 193.3 189.7 189.4 186.9 183.9 180.9 178.3 173.3 171.2 171.7 169 166.4 165.2 166 166.9 166.4 162 160.2 159.1 158.5 159.2 164.1 163.7 164.4 164.7 164.6 165.3 166.4 167.7 169.1 171 172.6 174 175.5 176.6 178.6 181.4 184.2 187.2 192.3 197.5 201.8 205.3 208.3 208.3 208.2 208.6 206.3 201.4 197.9 193.3 189.8 188.3 186.9 185.9 186.1 186.4 186.1 186.3 187.7 189 189.9 189.3 188.6
232.9 229.7 225.6 221.5 217.1 213.2 210.2 207.1 204.3 202.4 200.5 198.6 196.4 194.2 191.3 190.5 188 185 182.4 180 178.8 175.3 170.6 166.2 165.5 164.7 165.5 166.4 166.3 165 161.2 159.8 158.9 158.4 159.4 163.1 164.9 165.5 165.3 165 165.4 166.3 167.5 169.3 171.1 172.8 174.3 175.7 177.2 180 182.9 185.5 189.7 194.8 199 202.5 205.9 207.2 207.1 206.3 205.1 202.6 199.5 196.4 193.3 190.5 188.8 187.1 186.3 186.5 186.5 186.2 186.2 187.5 188.6 188.2 187.8 187.6
226.3 223.9 220.4 216.1 211.8 208.8 206.2 203.6 201.5 199.6 197.7 195.5 193.3 191.3 189.3 189.2 186.5 183.5 180.4 178.3 176.4 174.8 171 164.9 162.6 161.3 161 161 161.6 162.7 161.3 159.4 158.9 158.1 161.5 163.7 166.1 167.7 167.1 166.4 166.1 167 168.2 169.7 171.3 172.8 174.5 176.2 178.9 181.6 184.4 187.2 191.8 196.7 201.1 205.4 206.8 207.2 206.3 204.6 204.6 200.7 197.7 194.9 192.1 190 188.4 186.9 186.7 186.8 186.5 186.3 186.4 187.1 187.9 187.7 187.5 187.5
219.9 217.5 215.5 211.3 207.1 205.2 202.6 200.2 198.6 196.8 194.9 193 191.1 189.2 186.9 185.9 184 181.8 179.4 176.8 173.5 171.3 166.8 162.2 161.4 160.7 160.6 160.8 159.7 159.6 159.3 159.2 158.8 160.2 163.7 165.9 168 169 168.9 168.3 168.3 168.7 169.6 170.7 172.6 174.2 175.8 178.2 180.9 183.5 186.1 188.8 193.4 200.7 206.1 209.4 209.8 209.2 207.5 205.4 204.1 199.5 196.3 194 190.9 189 188 187.3 187.2 186.9 186.5 186.3 186.6 186.8 187.1 187.1 187 187.1
213.9 212.2 210.6 207.9 204.1 201.4 198.9 197.2 195.9 193.9 191.6 190.6 189 187.1 184.7 184 182.3 180.6 178.2 176.3 172.4 168.3 164.1 161.5 160.7 161.2 161.6 161.7 160.5 159.3 159.5 159.6 159 162.4 166 169 171.1 169.6 170.1 169.5 169.7 170.7 171.8 172.5 174.5 176.3 177.9 180.1 182.9 185.5 188.3 191.7 196.2 203.5 211.4 213.4 213.2 211.8 209.4 207.1 203.3 197.9 194.9 193 190.4 189.1 188 187.8 187.6 187 186.5 186.3 186.3 186.4 186.5 186.4 186.2 186.3
208.8 207.5 205.7 203.8 201.4 198.1 195.8 194.5 193.2 191 188.7 186.5 184.3 184.4 183 182.2 181.3 179 176.1 172.9 168.6 164.3 161.9 161.4 161.4 162.4 162.6 162.3 161.4 159.9 164.6 160.5 160.4 164.9 169.5 171.6 170.9 169.2 170.4 170.1 170.8 172.2 173.2 174.5 176.1 178.2 180 182.2 184.9 187.8 190.8 194.4 200.2 210.8 217.4 218.2 216.5 213.5 211.1 209.5 203.9 197.5 194.1 191.9 190.2 189.1 188.7 188.7 188.2 187.2 186.9 186.7 186.4 185.9 185.8 185.4 185.2 185.5
204.4 203.3 202.2 200.6 198.8 195.3 192.4 191.9 190.3 188.1 185.8 183.8 182.2 181.9 180.6 179.7 179.3 176.6 172.4 167.4 163.1 162.1 161.5 162.1 162 163.1 163.1 162.8 162.4 160.8 163.8 160.8 162.9 168.5 173 172.8 172.7 171.2 170.8 170.8 172.1 173.5 174.2 175.7 177.5 180.1 182.8 184.2 186.8 189.6 192.7 196.6 206.7 217.1 220.8 221.3 218.4 215.3 212.3 208.2 202.1 196.6 193.6 192.9 190.2 189.5 189.7 189.8 189.9 189.3 188.4 187.9 187.5 186.3 185.8 185.4 184.9 184.4
201 200 199 197.6 195.2 192.3 189 188.7 187.4 185.2 183.4 181.8 180.5 179.9 178 176.3 173.2 171 166.2 164.1 164 163 162.2 162.4 162.3 163 163.1 163 162.4 161.8 163.1 162.3 168.4 172.1 173.3 173.3 173.7 173.2 172.5 172.1 173.5 174.8 176 177.1 178.9 182.1 184.9 186.9 188.5 191.4 195 199.8 210.1 220.5 223.4 222.2 219.7 215.1 211.8 208.1 202.3 196.9 193.3 191.9 190.8 190.3 190.7 191.3 192.4 192.4 191.5 190.1 188.2 186.9 186.1 186 185.8 185.7
197.3 195 194.4 194.3 192.1 189.5 187.2 185.5 184.2 183.3 181.8 180.1 179.1 176.8 174.3 172.6 170.4 166.1 163.9 164.4 164.6 164.2 162.2 161.9 162.6 164 164.3 163.6 162.6 162.7 161.7 163.7 171.5 173.1 173.9 173.8 173.4 174 173.5 173.6 174.9 176.2 177.5 178.9 180.7 183.8 186.3 188.4 190.3 193.6 196.9 205.1 214.3 222 224.8 223.2 220.1 215.6 211.9 208.2 202.5 196.8 194.1 192.5 191.5 191.2 191.7 192.3 193.7 195 195.4 193.4 190.4 187.9 187.5 187.2 187.1 186.9
192 189.1 190.4 190.6 189.3 187.2 185 183.4 181.9 181.8 180.4 179.2 177.4 173.4 169.8 167.3 165.4 165 165.3 164.9 165.3 165.1 162.5 161.7 164.4 165.6 164.9 164.2 163.5 162.8 163 170.4 172.8 174.4 174.9 174.6 174.3 174 173.9 175 176.2 177.4 178.8 180.6 182.4 184.8 187.4 189.8 192.1 195.6 200.7 208.4 216.7 223.2 225.5 224.1 221 218.4 213.2 209.1 204.8 200.7 195.6 193.4 192.3 191.9 192.3 193.3 195.1 197.7 199.6 196 192.5 189.9 189 188.6 188.3 187.9
186.7 185.1 186.7 187.7 187.1 185.1 182.9 181.4 179.7 178.7 178.1 177.1 174.7 171.5 168.4 165.9 165.5 166.2 166.3 165.3 165.5 165.2 162.5 162.1 165.7 166.7 166.3 165.4 164.3 163.2 166.3 172.5 174.6 175.1 174.7 174.7 174.7 174.4 175.3 176.4 177.4 178.6 180.2 182.2 184.4 186.5 188.7 191 194 198.1 205.4 213.4 218.2 224.2 225.7 224.3 221.2 220.1 216.4 212 205.9 201.1 197.1 194.2 193.1 192.8 193.1 194.4 196.5 199.5 198.9 195.7 193.4 191.9 190.8 190 189.5 188.9
184.3 180.5 182.5 184 184.9 184.7 180.9 177.9 175.6 174.3 173.5 172.5 171.4 169.3 167.1 166.4 167.4 167.2 167.1 165.9 165.1 163.7 162.3 162.7 166.2 167.6 167.5 166.2 165 164.2 170.7 173.7 174.3 174.9 174.2 174.3 174.9 175.5 176.4 177.3 178.9 180.1 181.8 184 186.4 188.6 190.6 192.8 196 202.2 210.5 215.4 219.9 224.2 224.2 222.6 220.3 218.2 214.9 211.5 206 200.9 197.2 194 192.5 192 192.8 193.7 194.8 197.4 196.8 195.9 194.6 193.5 192.7 191.7 190.9 190.2
183 177.7 177.8 179.1 181.2 182.1 177.2 174.2 171.4 170.9 170.3 169.6 168.3 167 166.6 168.1 169 169.3 167.9 166.5 165.1 163.8 162.1 163.6 167.9 168.1 167 168.7 168.3 164.5 172 172.9 172.7 173.6 173.5 173.7 175.1 175.6 176.4 177.9 179.6 181.2 183 185.3 187.8 190.4 192.5 195.8 200.3 207.2 213.3 217.8 219.9 221.5 220.3 218.4 216.2 214.1 211.5 208.5 203.3 199.9 196.7 193.9 192.5 191.7 192.3 192.7 193.6 194.4 194.9 195.2 196.2 195.2 194.4 193.5 192.5 191.4
182.8 178.7 176.6 176.4 176.2 176.2 172.5 170.8 171.3 169.6 169.4 168.9 168.6 168.9 168 167.6 168.2 169.9 168.3 166.9 165.4 164.2 162.9 163.6 169 168.9 169.2 170.1 168.2 165.3 169.5 169 170.8 173.5 174.2 174.7 175.2 175.6 176.9 178.7 180.5 181.9 184 186.4 188.8 191.6 194.5 198.1 204.4 211.6 215.6 218.5 219.2 217.9 216.8 214.8 212.4 210.3 207.9 204.8 201.9 198.8 196.2 193.9 192.9 191.7 192 191.3 190.4 192.4 193 194.1 195.3 195.1 195.4 194.6 193.8 192.7
