data/350000-580000.asc
ncols 200
nrows 200
xllcorner 350000
yllcorner 580000
cellsize 50
[rows 140 to 174 of 200, columns 78 to 155 of 200]
302.9 302.8 303.7 303.7 303.1 302.3 301.4 301.6 301.4 301 300.5 299 298.1 297.4 296.1 293.2 290.9 288.3 283.6 277.4 269.5 261.1 255.1 249.9 244.6 234.6 232.6 237.8 243.4 248.6 253.1 256.5 259.1 260.6 263.5 266.2 268.6 272.2 278.5 285.3 290.8 297.1 302.7 307.3 311.1 313.7 316.4 319.3 321.7 322.9 323.7 325 327 329.1 332.1 335 338.3 338.7 338.2 338.9 339.7 339.3 340.5 342.2 344.7 343.2 344.7 349.7 358.2 365.2 370.9 380.3 390.5 398.9 407.2 415 421.4 428.5
303.3 303.4 304.3 304.6 305 305.7 305.2 304.5 303.7 302.6 300.6 299.3 298.8 297.5 295.5 292.1 288.4 285.8 280.4 272.4 264.5 258.1 252 246.2 238.5 228.7 231.8 240.3 247.2 251.5 254.8 258 261.1 262.9 264.9 267.1 268.7 270.2 274.3 279.8 285.6 292.5 297.8 301.9 305.6 308.3 310.7 313.4 315.2 317 318 319.5 321.5 323.8 327.3 330.5 332.6 332 329.2 330.4 330.6 330.1 330.3 332.9 333.8 336.7 346.4 353 361.4 370 377.6 383.3 391.4 401.2 409 416.7 423.4 429.5
303.7 304 304.9 305.7 306.2 307 307.5 306.4 305.4 304.1 302.8 301.4 299.2 297.4 294.2 290.2 286.3 282.1 276 267.2 259.7 254 247.5 241.5 232.1 229.6 235.3 241.3 248.6 253.5 256.8 260.1 262.9 264.9 267 269.2 270.1 271.3 273.7 277.4 279.7 285.1 290.9 295.9 299.5 302.6 304.8 306.7 308.5 311.3 312.6 314 315.9 318.8 322.8 325.6 326.1 323.5 315.8 315 316 320.2 329.6 336.3 340.7 345.8 352.7 358.7 366.1 371.7 379.7 388 395.1 403.5 410.2 417.6 424.6 431
302.5 304.2 305.4 306.6 307.5 308 308.5 308 306.8 305.6 304.2 301.6 297.8 295 290.7 285 280.8 275.8 269.5 260.7 254.1 248.4 243 236.2 226.1 231.1 237.7 243.5 249.4 254.6 258.5 262.2 264.5 266.8 269.8 272.5 274.3 275.3 276.8 277.7 278.4 279.6 284.3 289 292.1 294.6 297.3 299.7 302.9 305.8 307 307.8 309.1 311.7 316.4 319 318.6 310.1 310.7 319.8 326.5 332.1 340.3 347.9 349.1 350.3 356.9 364.4 372.3 377.6 381.6 388.4 398.1 406.2 410.7 417.9 425.8 432.2
301.3 303.7 304.9 306.1 307.3 308 308.4 308.8 307.5 306 304.1 301 296.3 291.8 286.8 281 275 268.9 261.7 255.1 248.8 243.7 239 228.9 224 232.7 239.7 245.8 251.2 255.6 259.7 263.3 265.7 268.2 271.5 275.5 278.9 279.7 279.5 278.9 279.2 278.4 278.9 282.8 285.6 287.8 290.3 293.5 296.7 299.4 300.4 300.3 300.7 303.3 307.5 310.4 307 309.2 318.1 326 332.6 339.8 346.5 353.4 358.2 357.5 361 368.7 376.9 384.3 389.5 393.2 399.2 408.1 414.7 420.2 426.8 433
300.5 302.9 304.3 305.5 306.8 307.9 308.3 308.6 307.8 305.8 302.5 299 294.8 289.3 284 277.2 270.2 262.9 255.6 249.2 243.8 239.3 230.2 223.2 226.3 234.7 241.8 247.4 252.7 256.8 260.9 264.3 266.9 269.6 273.1 277.7 280.4 282.5 282.6 281.3 279.4 276.8 275.3 276.4 279.1 281.8 284.5 287.7 290.2 290.4 289.1 287.6 284.9 287.3 294.4 292.8 305.4 317.7 325.3 331.7 337.2 345.9 353 358.4 364.5 368.3 369.8 374.2 381.5 389.6 394.9 399.6 404 409.5 418 425.2 429.5 434
300.1 302.1 303.8 305 306.2 307.2 307.8 308.1 307.4 304.7 300.1 295.5 291.1 285.2 279.4 271 263.8 256.8 249.7 244.7 239.7 232.4 222.2 225.3 232.8 238.8 244.6 249.5 254.2 258.2 262.1 265.2 267.6 270.1 273.1 276.3 279 280.7 280.8 279.5 277.3 273 269.8 268.4 271.2 273.8 278.1 280.8 282.3 280.8 276.1 280.3 288.5 292.7 296.7 307.4 315.3 325.2 332.1 336.7 342.3 350.4 356.4 362.4 369.2 374.4 378.9 382.7 387.9 394.6 399.8 404.8 409.8 414.9 421.1 425.6 430.4 435.1
300.2 302 303.7 304.6 305.4 305.9 306.2 306.3 305.1 302.2 297.5 292.2 286.6 280.6 272.8 263.9 256.1 249.3 243.9 239.2 234.6 226.4 220 228.5 235 240.5 246.5 251.2 255.4 258.7 261.8 264.4 266.8 269 271.3 272.2 274.3 275.4 275.1 273.9 270.7 266.1 261.3 260.6 259.4 265.2 269.8 271.2 271.1 271 280 291.8 297.1 303.4 309.7 317.6 324.6 330.6 336 340.6 346.5 352.1 358.2 366.3 373.5 379.1 383.9 388.9 393.7 399.2 404.7 409.9 415.3 421.6 426.2 430.7 434.4 438.4
300.5 302.2 303.3 303.9 304.2 304.1 304.1 303.3 301.2 297.3 291.7 287.1 281.7 275.1 266.7 257.1 248.9 242.5 236.8 233 228.4 219.7 222.6 230.2 235.8 241.2 245.9 250.2 254.4 258 259.7 261.8 263.1 265.6 267.2 267.5 268.3 268.1 268.3 265.3 260.8 254.7 254 257.8 259.4 261 264.8 268 272.5 280.9 290.2 299.3 304.5 310.6 317.2 323 329.9 334.6 339.2 344.2 349.3 354.9 361.9 370.2 377.7 383.4 388.3 393.3 398.5 403.9 408.7 414.1 420.9 425.7 430.3 435 439.3 443.7
301.2 302.7 303.1 303.1 302.6 302 300.9 298.1 294.5 290.2 285.1 280.8 274.8 266.5 259.1 251.1 242.3 235 230.6 227.8 221.8 215.8 224.2 229.1 235 240.3 244.1 248.3 252.3 254.2 256 257.4 258.7 260.9 261.7 261.6 261.8 261.9 260 255.7 249 251.6 256.8 261.4 265.6 270.4 273.5 276.6 281.5 288.9 300.2 306.4 311.7 317.7 322.9 328.9 334.1 339 342.6 347.2 352.1 358.2 365.8 374.4 381.5 387.2 392.5 397.4 402.5 407.7 413.4 419.1 424.1 429 433.8 438.6 443.7 448.1
301.8 302.5 302.9 301.9 300.7 299.2 296.4 291.3 286.8 282.7 277.6 272.3 266.4 258.4 251 242.9 236.9 230.7 225.7 221.3 216.2 217.7 223.8 228.9 234.2 239 242.5 246.4 248.6 250.4 251.5 252.9 254.4 255.5 256 255.9 254.7 253.8 252.5 246.6 251.5 256.8 262.1 267.6 273.8 279.3 282.9 286.5 290.9 295.7 304.1 311.5 317.4 324 329.7 334.3 339.1 343.2 347.1 351.2 355.6 361.4 370.6 377.7 383.9 389.9 395.8 400.9 406.2 411.5 417.3 422.5 427.2 432 436.8 441.7 447.5 452.9
298.7 300.8 301.5 300.9 299.8 297.5 292.3 285.3 278.7 274.6 270.9 265.6 257.9 250.4 243.2 237.1 231.9 227 222.2 217.9 213.4 215.9 223 228.1 232.4 237.2 240.9 243.4 245.6 246.9 246.9 247.4 247.6 248 248.5 249.7 247.4 246.6 245.6 247 253.8 260.5 267 274 281.5 287.3 292.2 296.1 300 303.4 309.9 314.7 319.8 326.6 333.6 338.7 343.4 347.4 351.4 355.4 359.3 362.6 372.2 379.5 386.2 392.2 398.6 404.1 409.9 416.8 421.9 426.5 431.2 435.1 439.7 444.9 452 457
296.6 297.2 297.9 298.4 297.2 293.4 288.4 280.8 271.3 266.6 264.5 258.3 250.6 243.3 236.7 230.4 225 221.5 218.1 213 212 215.5 221 226 229.4 232.5 236.5 238.6 239.4 239.6 238.9 238.6 238.6 240.2 240.9 240 240.1 241.6 244.3 252.8 255 262.8 271.6 279.7 287.5 293.7 298.7 303.1 305.9 308.9 314 317.9 322.6 329.3 335.7 341.3 346.2 350.6 354.6 359.1 364.3 368.5 372.7 380.8 388 395 401.3 406.8 414.5 420.3 425.9 430.5 435 439.1 443 448.4 455.1 460.5
295.1 294.7 294.1 293.2 292.7 289 284.3 276.9 267.6 261.9 257.1 250.9 243.3 236.4 230.3 224.3 218.6 215.2 212.4 209.7 211.5 216.1 218.5 221.6 218 221.3 227.1 229.2 229.9 229.9 229.1 229.1 232.2 234.4 235.2 239.8 243.5 250.5 255.2 261.1 264.7 267.2 278.5 287.9 294.2 299.7 303.9 308 310.5 313.1 318 323.4 328.3 334.2 339.8 344.8 349 353.8 357.8 363.1 368.5 374.2 378.7 383.6 390.6 397.5 403.3 409.8 416 422.9 429 433.6 438.1 442.6 446.5 453 458.9 463.4
292.7 292.2 291.4 290.4 288.7 284.6 280.5 274 263.2 254.8 249.2 242.8 235.6 229.5 224.1 219.5 215.6 211.2 207.1 209 211.9 213.3 214.6 215.9 220.6 227.3 224.8 227.7 223.9 232.7 237 239.4 234.4 245.2 246.5 250 253.8 259.3 263.9 269.6 275.4 281.9 281.7 294.6 300.5 304.3 308.1 312 314.4 317.2 322 328.1 334.6 339.9 345.3 348.9 352.9 357 361.9 367.2 372.3 378.1 382.6 387.7 393.1 399.8 405.5 411.1 417.2 424.5 431.5 436.7 441.1 445.7 450.2 457.3 462 465.6
290.3 289.5 288.6 287.5 284.8 281.1 276.5 271.1 261.8 251.1 242.4 235.1 229 223.5 218.8 214.6 211.2 205.4 207 207.9 210.1 212.2 216 220.7 225.3 229.3 233.4 235.9 237.6 240.9 243.8 246.8 249.4 253.8 258.2 260.1 262.4 265.5 270.4 277.2 284.8 291.9 297.3 296.6 302.3 306.9 310.9 314.9 317.9 321.3 325.9 333.2 339.6 344.7 349 352 355.4 359.9 365.1 370.4 376.3 381.6 385.8 390.9 397.3 402.1 407.5 413.2 419.6 426.2 432.8 438.9 443.6 448.5 454 460.6 464.2 468.2
287.1 285.4 284.2 283.8 281.3 277.6 274 268.3 258.3 246.9 237.2 229.9 222.9 218.4 214.8 210.9 204.1 205.2 208.7 210.5 213.7 217.5 222.6 227.2 232 234.7 237.9 242.1 245.3 248.3 251.1 253.6 255.8 260.4 264.2 267.9 270 272.7 276.9 284.3 291.6 297.8 303.8 306.5 305 309.4 313.3 317.2 320.5 324.6 330.2 336.8 342.1 347.2 352 354.6 358.4 363.2 368.4 373.9 379.5 385 389.6 395.1 400 404.9 409.8 415.3 421.8 427.5 433.4 439.8 445.3 450.6 455.5 461.9 467.4 470.3
284.3 281.9 281.1 280.3 278.6 274.9 269.5 263.8 254.4 243.6 233.7 225.4 219.1 214.4 210.6 205.8 204.4 207.5 211.3 213.6 217.7 223.1 228.3 233.1 237.3 240.1 242.4 246.3 251.5 255.3 258.8 261.4 265.3 268.4 271.4 275.4 278.4 280.7 285.2 291.5 296.7 302.4 307.1 309.7 311.5 312.4 314.5 319.1 322.2 325.8 331 338 343.7 348.9 353.8 358.9 361.8 366.7 372.4 378 383.5 389.2 394.8 399.9 403.2 407.7 412.5 417.5 423.3 428.6 434.3 440.4 445.6 451.1 456.6 461.7 466.7 470.9
281.8 279.6 277.8 276.9 275.5 272.1 265.9 258.5 249.6 239.5 229.3 219.8 215.2 210.4 205 202.4 205.3 210 214.4 217.3 222 228 233.4 238.2 241.3 244.8 248.2 251.6 257.3 262.1 266 269 272.8 276.2 279.3 282 284.8 287.5 291.9 296.9 301.1 305.1 309.3 312.5 314.3 315.9 317.5 319.6 322.9 327.7 332.7 339.3 345.1 350.3 355.3 361 366.1 370.3 376.3 382.3 387.5 392.5 398.1 403.6 406.4 409.9 414.8 419.5 424.3 429.7 435.4 440.6 445.9 450.4 454.8 459.8 463.8 466.9
279.2 277.1 275.2 273 271.4 267.4 260.9 253.1 243.9 234.1 223.4 216.2 210.3 204 201.1 201.3 210.1 213.4 217.2 222 226.8 232.5 237.9 241.9 245.2 249.2 252.9 257.2 261.8 266.9 271.1 275.1 277.8 280.3 282.2 285.1 287.6 290.9 295.3 299.6 303.3 307.5 311.5 314.2 315.8 317.7 319.9 322 324.8 329.1 334.6 340.8 346.3 351.7 356.8 362.3 368.9 374.3 380.6 386.6 391 395.8 401.2 405.9 409.4 412.7 416.4 421.1 425 429.8 435.1 440.3 444.8 448.9 452.9 457 460.4 461.7
276.7 275 271.5 266.8 264.7 260.7 254.9 247.8 239.4 229.4 221.5 214.3 205.9 199.9 200.1 203.9 211.1 214.1 218.6 223.8 229.7 235.7 240.8 244.5 247.9 251.6 256.2 260.5 264.8 269.2 273.5 277.6 280.3 282 283 285.2 287.6 291.7 295.7 300 304.2 308.9 312.5 315.1 317.2 319.3 321.4 324 327.5 331 335.7 341.1 346.6 352.3 357.1 362.1 370.1 376.9 383.3 389.6 395.3 399.5 403.4 407.8 411.6 414.9 418.6 421.7 425.2 429.4 434.5 438.9 443.2 447.2 450.5 454.1 456.8 457.8
274.3 271.9 267 260.3 259.2 255 248 240.9 233.2 228.2 220.8 212.3 204.2 198.8 200 205.3 210.6 214 219.4 225.6 231.4 237.8 243.1 246.2 249.4 253 257.1 260.9 264.9 269 273.4 277.3 280 281.4 282.2 284.3 286.5 290.3 294.1 298.5 303.2 309 312.2 315.1 317.7 319.8 321.8 325 328.4 331.7 336.3 341 346.4 351.3 356 362.6 371.2 378 384.7 391.1 397.9 402.6 405.9 409.7 413.5 417 420 422.2 425.8 429.6 433.6 437.4 441.1 444.5 447.8 450.6 452.8 454.3
272.9 268.6 263.1 255.7 252.5 249.7 243.3 235.2 229.5 225 220.5 213.2 197.7 197.5 199.3 202.8 210 214.5 220.3 227.9 234.5 240.2 244.6 247.4 250.3 253.1 256.4 259.7 263.3 267.2 271.4 275.3 276.7 278.2 279.9 282.7 285.5 288.9 292.7 296.9 302.4 307.1 311 314.2 317 320.1 322.3 325.6 329 332.7 337.2 341.9 347.6 352.9 357.5 363.5 371.4 379.1 386 392.4 398.9 403.7 407.2 411 414.8 418.4 420.4 422.7 426.3 429.5 431.7 435 438.3 441.4 444.3 446.3 448.5 450.6
271.2 265.2 258.7 252.5 246.7 244.8 237.7 230.6 225.4 220.9 216.7 210.8 197.1 196.2 197.7 202.3 208.8 214.7 221 229.5 235.8 241 244 246.9 249.7 251.8 254.6 257.7 260.7 264.7 269 271.8 273 274.7 276.9 279.9 283.3 287.6 291.5 296.4 301.7 305.7 309.7 313.4 316.6 320.2 322.6 325.6 328.9 332.7 337.3 342.9 348.7 352.6 358.4 365.1 371.9 378.8 386 392.5 398.1 403.6 408.3 412.1 415.6 418.8 420.7 422.7 425.6 428 429.1 431.7 435 438.1 440.2 442.3 444.2 446.4
268.9 263 255.7 249.3 241.8 238.7 232.8 225.4 220.6 216.8 212.5 207.9 205.3 195.3 195 200.9 207.9 214.4 221.8 229.9 235 239.5 242.8 245.2 247.2 248.9 251 254.1 257.7 261.9 265 267.3 268.3 269.5 272.3 276.2 281.6 286.4 291.3 296.3 300.6 304.6 308.6 312.6 316.4 319.9 322.7 325.1 328.4 332.3 338.1 344 349.4 353.8 359.8 366.5 372.3 379.3 385.5 390.9 396.5 402.2 407.4 411.4 414 416.9 419.7 421.5 423.3 425.2 426.8 428.5 431.7 434.1 436.2 438.3 439.9 441.7
266.4 261.1 253.5 245.3 239.5 234.4 226.6 220.9 215.3 212.2 207.5 205 204 195 195.1 199.9 207.6 214.5 221.7 228 232.8 237.2 240.3 242.3 243.5 244.8 246.1 249.3 252.5 255.6 258.6 260.3 260.4 262.9 268.8 275.6 281.1 286.5 291.4 296.4 300.5 303.8 307.8 311.5 314.6 317.8 320.6 323.7 327.4 330.9 338.5 345.2 350.4 355.7 361.8 367.9 373.4 378.6 384 389.2 394.9 400.5 405.6 409.2 411.8 414.4 416.7 418.7 420.5 422.3 424.2 425.3 427.9 430 432.1 434.3 435.8 437
263.7 259 253.3 244.6 238.6 234.1 226.8 216.9 209.7 206.4 203.2 201.9 202.4 193.9 194.5 199.6 207.2 213.7 219.2 225.3 229 233 236 237.2 237.6 238.7 240.4 241.8 244.9 247.5 248.9 249.5 255.8 263.2 269.5 275.8 281.2 286.6 291.2 295.3 299.5 302.2 305.7 309.2 314.1 319.4 321.9 325.3 328.9 331.5 335.9 344.7 351.3 355.7 361.6 367.9 373.5 378 382.6 387.8 393.5 399 403 406.4 409.4 411.7 413.8 415 416.8 418.6 420.4 421.8 423.8 425.6 427.5 430 431.3 431.8
262.4 258.3 252.8 246 239.1 232.5 224.2 215.5 207.6 202.1 198.9 196.1 191.6 192.4 193.6 199.5 206.5 212.6 217.5 221.8 225 227.4 227.8 226.1 225.1 227.2 227.9 230.1 235.4 241.1 246.4 247.9 255.6 261.9 268.5 275 280.8 284.9 287.9 291.6 296.3 300.7 303.7 309.7 315.2 319.6 323.6 327 330.6 334.3 339.5 345 350.9 356.7 361.9 367.2 373.6 378.5 383.1 387.8 392.6 397.4 401.3 404.6 406.7 408.7 409.7 410.7 412.3 413.3 414.3 416.3 418.7 420.6 423 424.9 426 426.3
262.2 258.1 252.4 246.2 238.7 230 221.8 213.3 205.6 199.8 195.7 192.9 190.5 192.4 194.1 199.9 205.4 210.9 214.3 216.2 218.9 219.1 218.8 225.4 229.3 231.2 235.6 240.2 243.9 248.6 253.7 258 260.7 263.1 266.5 270.1 278.5 280.8 288.3 291.3 294.5 298.4 304.6 310.1 315 319.4 323.7 327.7 332 336.1 340.6 344.9 350.8 356.8 361.4 366.4 373.2 379.1 383.6 388.2 392.5 396.1 399.9 402.1 403.8 405.5 406.1 406.1 406.2 407.2 408.3 410.6 413.2 415.6 418.2 419.5 420.4 421
262.6 259.1 252.7 247 238.9 229.4 219.5 211.1 203.9 197.2 193.5 193.3 191 190.2 192.6 201 205.2 207.2 209.8 211.7 211.8 217.8 226.5 231.4 232.3 234.2 238.6 243.5 248.1 252.3 256.8 261 266.4 271.4 276.5 280.3 281.5 285.3 289.7 295 300.3 303.3 306.9 311.2 315.8 319.9 323.9 327.8 332 336.3 341.1 344.8 350 355.4 360.6 365.6 372.6 379 383.4 387.6 391.2 394.4 397.1 398.9 400.4 401.5 401.5 401.1 400.1 401.2 402.1 403.7 406.6 409.9 413.1 415 415.7 416
261.1 258.5 252.4 248 239.3 231.7 220 209.6 202 195.4 192.7 191.2 188.6 193 195.4 196.7 199.3 199.5 205.1 212.1 220 223.6 229.2 233.6 234.8 237.3 241 246.4 251.7 256.9 261.1 264.2 268.3 273.8 279.1 283.1 286.6 290.2 293.2 297.3 302.2 306.9 310.2 314.5 317.3 320.8 324.5 328.2 332 336 340.6 345.3 350.2 355.1 360.2 365.5 370.7 376.2 381.2 385.8 389.1 391 392.5 393.9 395.7 396.5 396 396 394.7 394.5 394.7 395.7 396.5 398 402.2 405.8 408.2 409.5
258.5 255.5 250.9 244.6 238.1 231.3 220.2 209.9 201.3 192.8 189.2 187.7 189.1 194.2 197.6 201.3 205.5 210.2 215.3 219.7 223.8 226.7 231.2 234.7 236.6 239.6 243.4 248 254.2 260.5 265.1 268.2 271.2 275.5 280.6 285.2 288.9 292.5 297.1 301.5 306.4 310 313.5 316.3 318.2 321.7 325.5 329.3 332.9 336.6 340.9 345.8 350.7 355.6 360.8 365.9 370.5 373.5 377.7 381.9 384.7 386.6 387.5 388.4 390 389.9 390 390.6 389.6 388.7 387.6 387.6 387.1 385.6 385.2 384.5 388.8 390.1
255.5 253 247.8 241.1 235.4 229.7 220.2 209.8 202 189.4 186.3 187.5 190.6 194.9 198.4 201.2 206.3 211.7 216.5 220.8 224.6 227.9 231.8 235.4 238.6 242.1 246 250 255.1 261.6 267.4 271.3 274.8 278.8 282.5 288.1 292 294.7 298.5 303.2 307.3 311 315 317.7 319.4 322.7 326.4 330 333.7 337.5 341.3 346.3 351.2 356.2 361.5 365.9 369.9 372.7 375.8 379.3 380.4 381.3 382.6 383.5 384.3 383.5 383.9 384.3 383.6 383.1 381.8 380.7 378.5 376.7 375.4 373.7 374.1 375.2
252.5 249.8 244.5 238.6 233.2 227.9 219.9 206.2 198.2 188.2 186.5 189.3 195.6 195.8 198.5 202.4 208.4 213.5 218 221.5 224.1 228 232 235.8 240.3 244.9 247.5 250.3 257.2 262.6 268.1 273.1 277.7 281.8 287.3 294.5 297.7 298 300.7 303.9 307.9 311.5 314.8 317.9 320.8 323 326.7 330.3 333.9 337.7 342 346.8 352.4 358.7 362.6 365.7 369 371.8 375.6 378.2 378.9 378.9 378.8 378.3 378.4 377 377.2 376.8 376 375.9 375.1 374 372 369.9 368.2 366.5 365.9 365.1
250.2 247 242.2 237.1 232.5 227.9 220.1 215.3 207 186 184.8 192.6 197 197.3 199.1 203.2 208.4 214.3 217.7 220.3 223.7 228.2 232.2 236.1 240.8 245.7 249.8 252 259.3 264.1 268.7 274.5 280 284 288.6 297.3 299.4 299.7 303 305.9 309.2 312.6 315.5 318.4 321.1 323.9 327.1 330.7 334.1 337.9 342.7 346.9 351.2 358.8 363.6 365.5 367.6 370.2 373.7 376 376.4 376.4 374.9 374.3 372.5 370.7 369.8 369.4 368.5 367.6 366.9 365.5 363.8 362.2 361.4 359.9 358.5 356.6
