data/350000-240000.asc
ncols 200
nrows 200
xllcorner 350000
yllcorner 240000
cellsize 50
[rows 0 to 37 of 200, columns 86 to 171 of 200]
73.7 71.6 69.8 67.9 66.2 66.8 66.4 65.7 66 67.2 68.5 69.1 68.7 68 68.4 67.2 66 66.6 66.2 67 67.1 68.1 69.3 69.9 69.9 70.3 70.5 70.9 71.5 72.3 73.1 74.1 74.3 74.1 73.8 73.2 73.6 74.4 75.2 75.5 76.7 77.9 78.7 80.3 81.2 82.4 84.4 85.7 86.6 87.2 87.5 87.7 88.7 88.9 91.5 93.3 93.3 93.5 93.8 94.1 93.7 93.6 93.5 93.2 92.8 92.1 91.4 90.3 90.4 91.8 93 93.9 94.8 95.7 96.4 97 97.2 97.4 97.3 97.7 98 99.4 103.3 104.5 106.1 106.4
76.2 73.5 71.5 69.7 67.3 67.2 67.5 66.9 66.3 67.7 69.5 70.1 70.3 70.2 70.5 69.6 69 68.1 67.6 67.9 67.9 67.6 67.5 69 69.2 69.9 69.7 71 71.2 71.7 72.5 73.8 74.6 74.3 73.8 73.1 73.4 74.2 75.1 75.4 76.5 77.6 78.5 79.4 80.2 81.1 82.6 83.2 83.7 84.1 85 85.8 86.7 88.1 90.4 91.3 91.4 91.5 91.5 91.7 91.3 90.8 90.7 90.4 89.9 89.4 89.3 89.8 91.8 94.1 95.9 97.1 98.2 98 97.1 97.4 97.4 97 96.6 96.6 97 98 99.7 103.4 104.6 105.7
80.2 76.6 73.4 70.8 68.5 69.1 68.5 67.7 67.1 67.4 69.4 71.6 72.6 72.6 71.3 70.7 70.8 70.4 69.7 69.8 70.2 70.7 70.2 69.5 69.9 69.8 70.3 70.6 70.9 71.3 72.2 73.4 74.7 74.4 73.6 73.1 73.2 74.8 75.3 75.3 75.9 77.1 77.9 78.4 79.2 80.1 80.6 81.5 81.9 82.4 83.3 84.4 85.5 86.7 88.3 89.9 89.8 89.8 89.8 89.9 89.6 89.1 88.7 88.3 88.8 88.4 88.5 90.6 92.9 95.2 97.8 98.4 98.4 98 96.7 96.6 96.1 96.1 95.5 95.7 95.7 96.6 99.1 102.4 103.5 104.6
83.5 79 75 71.9 69.6 70 69.3 68.5 67.9 68.1 69.9 72.1 72.9 73 72.2 72.4 72.5 72.2 71.8 71.8 72.8 73.1 73 72.7 73.2 73 72.3 70.1 70.7 71.5 71.8 72.8 74.1 74.1 73.6 73.2 73.2 74.4 75.3 75.3 75.5 76.7 77.4 77.9 78.4 79.1 79.7 80.3 81.2 82 82.4 83.3 84.4 85.5 86.5 87.6 88.1 88.1 88.2 88.2 88.1 87.6 87.2 86.7 88 88.2 89.4 91.3 93.6 95.3 96.8 97.6 97.6 97.1 96.2 95.7 95.2 94.4 94.2 93.6 94.5 95.8 97.8 101.6 102.7 103.3
82.7 79.4 76.4 73.2 70.8 70 69.4 68.8 68.7 68.9 70.5 72.6 73.1 73.9 73.9 74.1 74.2 73.9 73.8 73.7 74.7 75.2 75.5 75.7 75.8 75 73.5 72.1 71.1 71.6 72.1 72.5 73.5 74 73.7 73.3 73.4 73.7 75.1 75.1 75.3 76.3 76.9 77.4 77.9 78.3 78.9 79.9 80.9 81.3 81.7 82.5 83.3 84.2 85 85.8 86.4 86.5 86.5 86.6 86.6 86.2 86 87.4 89.8 91.5 92.4 92.1 93.2 94.8 95.6 96.3 97.2 96.3 95.7 95.2 94.4 93.5 93.5 92.9 93.5 94.7 96 100.2 101.9 101.4
80.4 77.6 74.9 72.4 71.9 71 69.9 69.4 69.3 69.9 71.2 73.3 74.2 75 75.6 75.8 76.4 76.1 75.9 75.8 76.3 77 77 76.5 77 76.3 74.4 72.7 71.6 71.9 72.3 72.5 72.8 73.6 73.4 73.3 73.6 73.9 74.6 75 75.2 75.9 76.4 76.9 77.4 78.1 78.3 79.4 80.4 80.6 81 81.7 82.5 83.4 84.2 85 85.2 85.1 85.3 85.4 85.4 87.2 88.2 89.3 92.4 94.6 93.4 92.9 92.7 94 94.8 95.7 97 96 95.2 94.4 93.7 93.2 92.4 92 92.4 93.5 94.8 98 99.4 98.4
77.2 75 73.3 72.7 72.3 71.3 70.2 69.9 69.6 70.1 71.9 74.3 75.5 76.4 77.5 78.2 78.8 78.8 78.3 77.7 78.1 78.8 78.5 77.8 77.5 75.7 73.7 73 72.5 72.4 72.7 73 73.1 73.1 73.3 73.3 73.5 73.9 74.3 74.7 75 75.4 76.1 76.8 77.5 78 77.9 78.7 79.7 80.2 80.3 80.9 81.8 82.7 83.5 84.3 84.2 84.7 84.7 84.6 85.7 87.1 90.1 91.7 94.2 97.1 96.3 94.8 93.4 93.6 94.1 94.8 95.6 96.3 95.7 95 94.5 93.6 92.2 91.8 91.7 92.4 93.9 96.2 97.2 96.1
77.4 74.8 73.9 72.9 72.1 71.4 70.8 69.8 69.5 70.6 72.4 74.6 76.4 77.6 78.9 80.5 81.2 81.5 81.7 80.7 80.5 81 80.5 79.7 78.9 76.8 74.7 73.6 73.5 73.2 73.2 73.5 73.5 73.3 73.4 73.5 73.5 74 74.5 74.7 75 75.8 76.3 76.9 77.6 77.6 77.8 78.2 78.9 79.7 79.9 80.4 81.1 82.1 82.8 83.5 83.7 84.2 84.4 85.7 87.3 88.6 91.6 93.7 96.1 98.8 98.4 97.2 95.1 94.8 94.7 94.9 96.3 96.4 96.1 95 93.9 92.9 92 91.5 91.2 91.4 92 93.4 94.1 95.2
79.6 75.7 75.2 74.5 73.5 72.4 72 71.1 70.8 71.2 72.9 74.7 76.4 78.3 80.4 82 83.9 85.3 85.8 85.1 84.7 84 83 82.1 81.2 78.5 75.9 74.7 74.5 74.1 73.8 74 73.9 73.8 73.9 73.9 74 74.3 74.7 74.8 74.9 76.1 76.6 77 77.3 77.3 77.5 78.2 78.5 78.9 79.4 80.4 81.1 81.4 82.6 83.6 84 84.3 85.5 87.1 88.7 90.2 92.4 94.6 97.5 100 99.8 98.4 97.1 95.6 95.5 95.6 95.4 94.7 94.5 94 92.7 91.6 91.5 91 90.3 90.5 91.6 93.5 95.1 95.4
81.9 80.8 78.9 77.8 76.9 75.6 73.9 72.7 72.4 71.9 73.4 75.1 77.2 79.7 82.2 84.7 87.8 90.1 92.9 94.5 92.9 88.8 87.1 87 86.1 82.6 78.7 76.2 75.7 75.4 74.9 74.5 74.3 74.4 74.1 74.1 74.2 74.5 74.8 75.5 75.7 76.5 76.5 76.8 77.2 77.7 78.1 78.7 78.8 79 79.6 80.4 81.3 82 82.8 83.8 84.1 84.6 86.6 88.7 90.1 91 92.9 95.1 97.7 99.8 100 98.8 97.9 97 95.7 94.6 94.1 93.2 92.8 92.4 92 91.1 91.1 90.5 89.8 89.7 90.8 94.1 95.9 96.4
84.1 84.6 82.8 81 79.9 78.3 76.6 74.8 73.8 73.2 74 76.1 78.7 81.2 83.7 87.4 91.9 95.9 100 103.5 100.2 94.4 93.7 99.3 97.7 89.5 82.5 79.1 77.6 76.4 75.7 75.3 75.6 75.9 75.1 74.3 74.3 75.4 75.7 76.2 76.7 77.7 77.9 78.6 78.9 78.9 78.9 79.3 79.9 80.1 80.3 80.9 81.8 82.5 83.3 83.9 84.5 85.5 87.4 89.5 90.8 91.8 93.7 95.8 98.2 99.7 100.1 98.9 97.7 96.4 94.9 93.5 92.6 91.8 91.5 91.3 91 90.7 90.4 90.1 89.5 89.4 91.4 94.2 96.5 97.7
85.2 86 85 83.4 81.8 80.7 79.7 78.5 77.1 75.3 76 78.3 81.2 83.4 85.9 90.2 96.9 102.4 106 107.4 105.3 100.2 99.8 105 102.9 93.6 84.6 80.4 79.3 78 76.8 77.1 77.5 76.6 75.4 74.8 74.5 76.1 76.6 77 77.8 78.8 79.7 80.6 80.5 80.4 81 81.6 81.7 81.6 82 82.1 82.3 83.2 84 84.3 85.4 86.5 88 89.6 91.3 93.1 94.6 96.6 98.9 101 100.9 99.3 97.5 95.9 94.1 92.7 91.9 91.4 90.8 90.2 89.9 89.7 89.4 89.5 89.2 89 91 92.8 97.3 98.9
83 84.4 84.3 84.1 83.4 82.3 81.9 81.4 79.8 77.9 78.2 81.5 84.6 86.9 89.6 93.9 101.4 106.6 110 112 110.5 105.5 104.4 105.1 100.3 92.5 85.6 81.4 80.4 79.5 78 79 78.4 77.1 75.8 75.4 75.1 75.8 76.6 77.1 77.9 79.1 80.1 81.2 81.9 82.4 82.8 83.1 83.2 83 83.6 83.7 83.7 84.2 85 86.1 87.1 88.1 88.4 90.1 92.5 94.8 96.4 99.2 101.7 104.2 102.4 100.7 98.3 95.6 93.7 92.1 91.5 90.9 90.3 89.7 89.2 88.7 88.4 88.5 88.6 88.7 90.9 92.5 97.2 99.6
83.1 83.4 83.7 83.8 83.4 83 82.1 81.5 80.1 78.8 81.4 84.6 87.8 89 93.8 99.2 104.1 109 113.2 115.2 112.8 109.3 105.7 102.3 95.7 89.7 84.9 81.8 80.8 80.2 79.9 80 78.6 77.2 76.6 75.7 75.4 75.8 76.6 76.9 77.8 78.8 80.8 82.4 82.9 83.3 83.7 84 84.9 84.7 85 85.1 85.1 85.4 86.4 88 89 89 89 91.4 94 96.5 99.5 101.6 104.5 107.4 106.1 102.5 99.2 96.4 93.8 92.1 91 90.5 89.8 89.2 88.6 88.1 87.5 87.3 87.5 88.2 90.1 91.7 97.2 100.1
82.2 83.1 83.5 83.9 83.8 83.5 83 81.8 80.8 80.9 83 86.1 88.7 90.1 98.7 102.5 108.8 112 116.1 117.3 114.1 109 103.3 96.6 90.8 88.7 86.2 83.9 82.6 82 80.7 79.4 78.6 78.2 77.7 77 76.4 75.9 76.4 76.5 77.3 78.8 81.2 83.6 83.7 84.1 85.2 86.7 86.8 86.6 85.7 86.1 86.6 86.7 87.8 89.8 91.2 91.5 91.4 92.8 95.6 98 100.8 103.7 106.5 109.2 108.8 104.6 100.4 97 94.2 92.4 90.7 90 89.4 88.8 88.1 87.6 86.9 86.6 86.9 87.8 88.9 91 94 98.9
82.3 82.7 83.1 83.9 84.4 84.2 84.3 83.4 82.6 82.5 84.1 87.6 89.6 93.7 100.1 104.9 110.4 115.1 118 118.8 114.5 108.7 103.5 99.3 94.5 93.7 89.9 87.1 84.2 83 81.4 79.4 78.9 79 78.9 78.1 77.8 77.3 76.3 77 77.5 78.4 80.8 82.2 83.8 85.1 87.1 87.6 87.8 87.3 86 86.3 87 87.6 89.5 91.7 93.3 94.3 94 93.8 96.7 98.6 101.5 104.4 107.5 110.5 109.2 105.6 101.6 98.3 94.8 93 91.2 90 89.3 88.7 88 87.2 86.6 86.4 86.6 86.8 88.2 90.1 94.3 99.7
81.9 82.3 82.7 83.4 84.3 84.7 84.8 85.5 85.3 85 86.6 89.1 90.8 95.5 102 106.2 110.9 115.8 118.5 118.7 116.5 111.5 105.9 101.9 99.9 98.4 93.8 88.9 85.8 83.2 81.5 79.8 80.4 81 80.6 80 79.6 78.5 77.8 78.3 77.8 77.9 79.3 80.7 82.1 84.3 85.2 85.5 86.1 85.5 86 86.7 87.6 88.5 90.7 92.8 95 97 96.9 95.8 96.2 99 102.1 105.3 106.9 107.7 106.2 104.5 102.4 98.6 95.4 93.3 91.5 90.1 89.3 88.7 88 86.8 86.3 86.4 86.7 86.3 87.8 89.2 92.8 96.6
81.8 82 82.4 83 83.8 84.6 85.9 87.1 87.8 88.1 89.8 91.5 93.5 98.1 102.8 107.2 112 115.9 116.3 115.4 113.6 110.4 108.1 106.3 104.2 98.7 92.4 87.9 85.3 84 82.6 82.2 83.5 83.7 82.8 82 81.5 79.9 79.3 79.2 78.6 78.3 78.9 79.6 80.6 81.9 82.8 83.9 84.2 84.6 86.2 87.6 88.5 89.7 91.9 94 96.2 98.4 100.1 99.6 98.5 99.5 102.2 103.5 105.4 106.4 105.9 103.9 101.4 97.9 95 92.7 91.2 90.2 89.6 89 88.3 87 86.3 85.5 85.7 85.8 86.9 88.4 91.2 94.6
81.3 81.8 82.2 82.5 83.3 84.3 87.3 88.6 90.3 93.7 94.8 96.5 98.5 101.2 104.9 110.2 114.1 115.8 113.9 111.7 110.3 108.5 106.5 105.4 99.6 93.8 90 89.2 88 85.7 85 85 87.6 87.8 86.6 85.4 84.1 83 81.2 80.4 79.8 79.8 80 80.4 81 82 82.3 83.4 84.6 85.8 87.1 88.5 89.4 91 93.1 95.4 97.7 100 101.3 102.3 101.9 100.3 101.4 103 105.1 106.8 106.7 104.4 101.2 99.5 96.9 94.5 92.9 91.3 90.1 89.9 89.3 88 86.6 85.4 84.8 85 85.9 87.6 90.8 94.5
80.1 80.5 80.9 81.5 82.8 84.2 86.9 90.1 93.7 100.4 102.7 104.8 107.2 107.2 110.4 114.1 115.9 114.1 110.7 108.5 107.8 106.7 104.2 102.7 99.6 96.5 96.1 96.2 94.6 92.6 92.1 88.1 93.3 95.5 91.1 91 89 85.7 83.4 81.6 81 81.4 81.4 82.3 83.5 84.5 85 85.8 86.9 87.8 89.3 91 91.5 92.5 94.5 96.9 99.2 101.1 102.6 104 104.3 103.7 103.5 104.1 105.8 106.7 106.9 105.5 103.7 102.5 100.1 97.9 96.5 94.6 92.3 90.8 90 88.8 86.9 85.7 84.6 85 85.7 87.1 90.8 94.1
79.2 79.5 79.8 80.7 81.7 84.1 86.5 89.7 94.7 101.9 105.9 107.4 110.1 110.9 112.6 112.8 112.8 110.7 108.4 105.7 105.7 104.9 106.7 106.9 105.2 102.3 102.3 102.5 100.9 100.8 98.5 92.2 93.4 100 97.3 98 93.4 87.6 84.3 82.9 82.1 84.1 84.8 84.9 86.4 87.1 87.8 88.5 88.7 89.9 91.6 92.7 93.5 95.3 96.7 98.3 100.2 102.2 103.8 104.7 105.6 106.1 106.5 106.9 107.5 108.3 107.8 106.5 106 105.1 103.7 101.6 99.6 97.4 95.1 93.2 90.9 89.6 87.3 86.1 85.1 84.4 85.3 86 89.3 92.3
78.4 79.9 80.7 82.2 83.1 83.7 84.8 86.8 91.1 96.3 100.8 105 107.3 108.7 108.9 108.5 108.6 107.1 104.7 103.3 102.1 102.5 103.9 104.8 105.8 107.1 107.8 108.4 108.1 107.4 105.6 100.2 101.5 101.5 103.9 103.2 99 92.8 88 85.5 84.5 86.8 87.2 87.7 89.3 89.9 90.1 89.8 90.5 92.4 94.2 96 97.1 98.7 100.1 100.7 101.5 103.1 104.6 105.2 106.3 107.3 108 108.9 109.3 109.8 109.3 107.8 107.5 107 105.9 103.9 102.5 100.3 98 95.3 92.6 90.3 88.2 86 85 83.8 83.9 85.1 88.2 90.9
80.1 81 81.6 83.4 85.3 86.3 85 86.3 89.1 91.9 95.5 98.5 101.7 103.5 105 105 104.7 103.7 101.9 100.7 100.2 100.8 101.5 103.2 104.8 106.7 108.4 109.8 110.7 111.9 113 110.4 112.3 110.2 113.6 114.4 110.2 103.3 94.5 88.5 87.7 89.5 90.5 91 91.9 91.7 91.5 91.9 94.6 95.5 97.6 100.3 100.7 101.4 102.5 102.7 103.3 103.8 104.6 105.6 107 108.5 109.8 110.4 110.5 110.5 109.8 108.4 107.8 107.3 106.5 104.8 103.4 101.3 99.1 96.1 93 90.4 88.2 86 84.5 83.4 83 84.7 87.4 88
81.4 81.4 82.1 83 84.4 85.7 87.4 88.2 89.2 90 92.1 94.8 97.7 98.8 100.4 101 101 100.2 99.4 98.7 98.3 100.4 101.6 102.8 104 105.8 107.1 108.5 110.4 114.4 119.4 119.6 119.7 118.9 121 120.2 115.9 108.4 100.9 95.6 92.1 94 94 94.1 94.4 94.3 94.6 96.2 98.6 100 101.1 101.8 101.4 101.7 101.5 101.1 101.3 101.8 103.7 104.3 105.8 107.2 108.7 109.5 109.6 109.7 108.5 107.1 106.5 106.3 105.2 103.3 102.1 100.9 97.8 94.3 91.3 88.6 86.4 84.4 83.9 82.9 82.5 83.5 84.8 84.2
80.5 80.8 81 81.9 83.5 85.2 87.5 89.6 90.6 90.9 91.5 92.7 95.3 96.6 97.7 97.6 97.4 97.1 96.9 96.5 97.6 100.6 102 103.7 104.5 105.1 105.1 105.6 107.2 110 113.4 114 111.7 110.3 111.3 112.7 111 106.8 104 102.8 98.4 97.6 97.1 96.8 97.2 97.7 98.2 99.2 100.9 101 100.3 99.4 99 98.9 98.5 98.2 98.2 99 100.4 101.3 102.9 104.8 106.7 108.3 108.4 107.4 105.9 104.8 103.7 102.3 101.1 100.1 98.8 98.1 96.3 93.1 90 87.6 85.6 84.5 83.7 83.8 83.5 82.4 81.8 81.3
79.8 81.1 81.3 82.3 83.5 85.5 88.2 91.2 92.5 93.3 93.9 95 95.2 95.7 95.1 95 94.8 94.5 94.3 95.5 98 101.3 102.9 104 103.8 102.8 102 101.3 102.7 104.3 104.3 104 104.4 102.5 101.8 103.5 104.2 104.5 104 103 101.9 100.5 99.8 99.5 99.9 99 99.5 98.1 98.5 97.8 97.3 97.2 97.1 96.9 96.1 95.6 96 96.5 97.7 99 101.1 103.6 105.1 106.2 105.4 104 102.7 101.3 99.7 97.9 96.3 95.7 95.1 94.5 94 92.6 90.7 88.4 87.4 86 84.9 84.1 84 85.5 86.5 86
81.5 81.7 82.2 83.8 85.5 86.8 89.1 92 94.6 95.4 95.6 95.7 94.9 93.9 93.2 92.7 92.2 91.9 93.5 95.9 97.6 99 100.8 100.4 99.6 98.1 97.2 96.6 97.8 99 98.3 97.3 98.8 96.7 96.9 99.2 99.3 98.7 98.7 97.9 97.2 97.2 97.1 96.9 97.8 98.1 97 95.1 95.7 95.9 96.3 96 95.8 95.5 94.1 93.6 95.5 96.8 97.8 98.6 100 102.4 103.1 102.9 102.2 100.8 99.5 98.3 96.1 93.8 92.7 91.7 91.4 91.3 92.2 92.3 92 90.3 89 87.4 86.1 85 84.9 86.4 89.2 91.8
84.3 84.7 85.1 86.7 88.1 89.4 90.6 93.7 96.6 96.2 95.2 95 94.6 93.4 92.1 90.8 89.9 89 91.3 92.8 94.2 95.8 96.8 96.6 95.5 93.8 92.6 92.7 93.9 95 94.2 92.9 92.6 92.1 92.4 93.5 94.2 94 93.5 93.1 92.8 92 93 93.8 94.1 94.1 93 91.8 92.9 95.3 96.8 95.1 93.6 93 92.2 93.4 94.9 95.9 97.5 98.3 99.4 101.6 101.8 101.5 99.7 97.7 96.3 95.6 92.9 90.9 91 89.7 88.9 89.5 91.7 92.2 93.3 93.2 91.4 89.1 87.3 86.1 86.3 87.9 91.8 95.6
87.4 87.9 88 89.4 90.6 91.8 93 94 96 96.2 95.6 94.8 94.1 93.1 91.3 89.6 87.7 86.4 87.9 89.3 91.2 92.8 91.9 92.4 91.5 89.8 88.6 89 90.1 91.2 90.5 89.9 89.4 89.3 89.4 89.9 90.3 90.2 89.6 89.1 88.8 88.7 89 89.5 89.9 90.3 89.5 89.1 90.1 92.5 93.7 92.6 90.5 89.8 91.2 93.4 94.1 95.5 97.4 99.4 100.6 101.1 101 99.7 98.4 95.8 93.5 92.5 90.3 89.4 90 89.5 87 88.5 90.3 91.7 93.1 94.4 93.3 91.2 88.9 87.2 86.5 90.1 94.7 98
89.7 90 90.4 91.9 93.4 94.2 94.2 94.8 95.2 95.3 95 94.4 93.7 92.5 90.9 88.5 86.3 84.6 84.4 85.8 87.1 88 87.1 87.1 87.6 86.8 85.8 85.9 86.5 86.9 87.5 87.9 87.2 86.6 86.4 86.9 86.6 86.4 86.1 85.9 85.6 85.6 85.6 85.8 86.2 86.7 87.1 86.7 87.1 88.1 88.8 88.6 88.5 88.7 90.3 92.2 94.5 97.1 99.5 101 101.6 100.8 99.4 97.6 96.2 93.3 90 89.4 88.7 88 88.9 89.3 87.2 86.8 87 88.8 90.6 92.4 93.8 92.9 90.6 88.6 88.7 92.9 96.9 96.8
91 91.1 91.4 92.7 94.3 94.4 94.5 94.5 94.6 94.5 94.1 93.8 93.1 92 90.1 87.8 85.6 83.8 82.7 82.9 84 83.8 84.1 84.7 85.2 84.6 84.2 84.3 84.6 85.3 85.9 85.9 85.2 84.6 83.9 84.3 84.8 85.1 84.6 83.9 84.4 84 83.7 83.5 83.6 83.6 83.9 84.2 84.6 86.4 86.6 86.9 87.9 90 92.1 94.2 96.3 98.8 100.4 101.3 101.3 100.3 98.7 95.9 93.4 90.7 88.1 86.8 85.7 85.2 87.5 87.8 86.2 81.7 85.1 86.7 89 91.9 91.4 92.4 91.3 89.9 91.2 95.3 98.6 90.2
92.1 92.5 92.8 93.1 94.4 94.7 94.4 94.2 94.2 93.9 93.6 93.3 92.4 91.3 89.8 87.4 84.9 82.9 81.1 80.8 82.2 81.8 83.3 83.5 83.4 82.9 83.2 83.2 83.6 84.5 85.5 84.3 83.5 82.8 82.5 82.9 83.6 83.1 82.5 82.2 82.6 82.4 81.7 81.6 81.5 81.6 80.9 81.2 82.8 84.9 87.1 88.1 90.1 92.1 94.2 96.3 97.8 99.1 100.9 101.4 100.6 99.1 97.6 95.7 92.3 89.1 87.1 85.2 83.7 82.9 84.8 86.1 84.5 80.3 80.3 82.8 86.7 88 85.8 86.9 87.8 91.3 91.8 95 94.3 86.8
92.9 93.3 93.7 93.6 93.6 93.6 93.3 92.5 91.7 92.6 93.2 92.6 91.7 90.6 89.5 87.3 84.8 82.6 80.2 79.4 79.5 80.1 82.2 82.3 82.1 81.8 82.9 83.1 84.1 84.5 85.3 83.4 82.3 81.8 81.4 81.9 81.4 81 80.5 80.1 80.8 80.9 80.5 80.4 79.8 80 80.9 82.4 84.6 86.6 88.5 88.7 91 93.3 95.5 96.2 96.8 97.9 99.3 99.7 99.1 97.9 96.3 94.7 92.7 90.1 87.3 85.1 83.6 81.2 85.9 84.8 81.6 78.5 77.8 80.1 81.3 82.1 82.2 83.4 83.3 84.8 85.1 86.5 84.7 81.9
93.6 92.8 92.2 91.7 92.1 91 90.6 89.7 89 90.7 92.3 91.9 90.9 89.9 88.8 87.2 85 82.7 80.3 77.9 77.3 78.6 80.2 81 80.8 80.6 81.9 83.2 84.4 85.4 84.1 82.5 81.3 80.8 80.4 79.9 79.3 78.9 78.4 78.2 79.5 79.7 79.4 78.5 78.1 79.8 82.3 84.3 86.3 88.1 89.5 89.6 90.9 93.2 94.3 95 95.9 97.2 97.8 97.9 97.4 96.4 95 93.3 91.3 89 87.2 85.2 82.8 81.9 81.8 82.1 80 78.3 77.8 78.2 78.7 79.7 81 82.1 81.2 80.3 80.4 81.1 81.2 80.5
92 91.1 90.3 90 89.5 88.5 87.9 87 86.2 87.8 89.4 90.6 90 89.2 88.1 87 85.2 82.8 80.5 78.1 76.2 77.4 79.7 79.6 79.3 80 81.8 83.8 84.8 84.1 82.7 81.6 80.7 80.3 79.3 77.8 77.4 77.1 76.9 77 77.5 78 77 77.8 79.8 81.8 83.5 85.4 87 88.5 90 90.5 90.8 92.1 93.1 94.5 96.1 96.6 96.7 96.5 95.8 94.8 93.2 91.5 89.7 87.3 86.2 84.9 82.3 80.5 78.4 78.7 77.7 77.8 77.2 77 78.4 79.6 80.2 80.6 79.9 78.6 78.2 78.8 79 78.6
90.5 89.5 88.4 88 86.9 85.9 85.2 84.4 83.7 84.3 85.8 87.4 88.9 88.6 87.4 86.2 85.1 83 80.6 78 75.5 75.2 77.1 77.4 79 80.9 82.8 84.3 84.7 83.2 82.2 81.3 80.3 79.9 78.3 77.2 76.3 76 76.3 75.9 76.1 76.4 77 77.4 80.1 82.5 84.2 85.9 87.4 88.8 88.9 89.6 91.1 92.6 94.1 95.2 95.6 95.9 95.9 95.7 94.9 93.5 91.7 89.3 88.1 85.2 83.3 82.2 80.3 79.1 77.5 76.5 76 75.8 75.9 76.3 77.6 78.9 79 78.4 77.7 76.9 76.7 76.8 76.9 76.5
90.3 88.7 86.9 85.5 84.4 83.4 82.6 82 81.7 82.7 82.8 83.9 86.7 88.8 87.1 85.9 84.4 82.9 80.4 77.9 75.4 73.2 74.9 78.3 80.2 82.1 84 84.4 83.6 82.7 81.6 80.8 79.9 78.9 77.8 76.8 76 78.4 77.5 76 76.4 76.1 77.3 77.5 79.5 81.7 83.6 85.7 86.8 87 89 90.7 92.1 93.3 93.9 94.3 94.6 95 95.2 94.9 94.2 92.6 90.3 87.3 85.3 82.9 80.7 79.6 78.7 78 76.2 75.9 75.7 75.8 75.1 75.3 76.6 77.4 77.1 76.5 75.7 75.4 75.2 75 75 75.2
91 89.3 87.6 85.4 83.2 80.9 80.3 79.8 79.5 79.8 79.7 80.3 85.2 87.6 86.6 84.9 83.2 81.7 80.2 77.8 75.5 73 76.5 78.8 80.1 82.5 84 83.7 82.8 82.2 81.1 80.2 79.5 78.4 77.3 76.2 76 76 76 74.5 77 78.4 79.1 79.1 78.6 80.1 81.9 84 85.2 86.9 88.4 90.3 91.4 92.2 92.8 93.3 93.7 94.1 94.5 94.3 93.8 92.6 89.8 86.3 83.5 81.8 80.3 78.8 78 77.8 76.4 75.1 74.4 74.3 74.3 74 75.3 75.3 75.2 74.7 74.4 74.1 74 73.9 74 74.1
