data/350000-500000.asc
ncols 200
nrows 200
xllcorner 350000
yllcorner 500000
cellsize 50
[rows 0 to 34 of 200, columns 78 to 155 of 200]
433.6 434 435.1 436.1 434.3 427.7 430.7 429.9 427.8 424.2 419.2 413.5 406.9 404.7 403.5 403.6 402.6 400.1 400.9 400.2 397.7 396.9 395.1 394.4 392.4 389.3 386.5 383.6 379.8 374.7 366.9 355.9 349.3 343.1 337.5 336.3 337.2 337.8 335.8 333.9 332.3 331.4 331.2 333.7 330.3 325.3 320.9 320.3 317.1 310.2 309.6 309 306.7 304.3 301.7 299.7 297.3 293.3 291 287 285.4 285.5 285.8 286 285.5 283.6 282.3 280.8 279.5 276.2 273.3 267.5 270.2 270.8 273.2 271.8 269.6 269.7
437.9 438.5 439.4 439.6 437 433.1 434.2 433.6 433.5 428.8 423.4 416.4 410.3 408.5 407.1 407.5 407 404.1 402.9 403.3 403 402.1 400.6 398.9 396.1 393.1 390.1 386.9 382.2 376.6 366.5 356.6 351.6 345.6 339.2 338.6 340.6 343.6 341.2 338.9 338.3 338.6 339.3 341 336.3 331.1 324.7 322.1 319.6 313.7 311.5 310.6 306.8 303.1 300 298.3 296.4 293.4 295.1 288.7 285.6 286 287.3 288.2 287.9 287.1 286.3 285.5 283.7 280.8 278.3 269.7 266.4 267.3 269.8 266.5 268.5 270.1
442.4 441.9 442.5 440.7 435.2 438 438.6 437.1 435.6 431 424.9 418.7 413.7 412.1 410.8 410.9 411.3 408.3 405.3 405.3 405.6 405.5 404.7 402.2 398.4 395.2 392.2 388.4 383 377 365.8 358.6 354.1 347.8 341.6 342.7 345.9 349.9 348.3 347.3 346.6 346.8 347.6 348.7 344.5 338.7 329.1 324.7 321.6 316.6 314.1 311.3 307.2 303.5 300 298.2 296.2 296.7 296.4 291.1 287.4 287.7 289 290.3 291.4 291.2 289.7 288.5 286.8 285.1 282.1 271.6 271.8 268.3 269 259.4 259 264.3
446.7 443.8 444.4 442.6 440 442.9 442.7 440.1 436.5 432.7 426.9 421.5 417.1 415.1 414.5 414.1 414.8 412.5 408.8 409.2 409.3 409.4 408 405 401.5 397.6 394.3 389.1 383.5 376.4 365.4 362.6 359 349.3 349.2 351 354.1 357.2 357.7 356.7 355.8 355.6 355.3 355.8 351.6 344.5 335.2 329.7 324.1 320.5 316 312.2 308.5 304.8 301.2 298.9 299.2 298.9 297.5 293.7 288.7 290 291.4 292.7 294.4 294.2 292.5 291.1 289.6 287.4 282.4 273.1 272.7 270.7 269.5 268.5 256.1 263.7
450.5 447.6 446 444 445.2 446.3 445.5 442.7 440.1 435.2 428.9 424.8 420.4 418.3 418 417.8 418 415.7 412.4 412.8 413.1 413.4 410.4 407.4 404.2 400.7 396 390 384 374.5 367.7 364.9 363 353.3 354 359.3 361.8 364.7 367 365.9 365.3 364.9 364.4 362.6 357.9 350.5 341.5 336.4 328.3 323.6 317.8 313.3 309.4 305.9 302.5 300.7 301 302.6 301 297.2 292.9 292.7 294.5 296.3 298.5 297 295.3 293 289.9 288.7 282.9 274.8 274.5 272.9 270 267.6 255.7 261.1
451.7 450.6 450.2 445.3 448.9 449.3 448.6 445.3 440.9 436.1 430.5 426.2 421.9 421 421.4 421.3 420.8 418.2 415.6 415.7 416 416.3 413.6 410.3 406.5 402.3 397 391.2 382 374.8 370.5 368.3 365.6 353.7 358.4 365 368.8 372.4 374.3 373.8 372.9 371.9 370.9 368.9 364 356 345.8 340.3 333.4 328.7 320.1 314.8 310.1 305.8 303.9 302.6 303.2 305.4 303.5 300.7 297.3 296 297.9 299.7 301 299.5 297.5 294 290.8 289.1 284.1 277.4 275.5 272 268.7 265 256.1 255
455.2 454.4 456.2 449.8 449.8 453 452.2 446.8 442 437.1 432.1 427.7 424.4 423.6 423.8 424 423.1 420.6 418 418.7 419.1 418.6 415.8 412 408 402 396.4 389.8 382.4 377.6 373.2 371.4 364.9 359.4 367.5 372.4 375.9 380.2 381 380.7 379.5 378 377 374.7 368.7 360.2 350.4 341.6 337.2 332.2 322.8 316.2 311.6 307.7 306.2 306.3 306.4 306.4 305.7 303.2 300.7 299.5 303.5 303.6 303.3 301.9 299.5 295.8 292 289.5 284.3 279 274.3 270.1 266.3 262.2 256.6 247.4
459.5 458.7 458.7 456 453.9 458.5 454.9 449.5 444.2 438.1 432.9 428.6 428.4 427.1 426.4 426.5 425.4 422 420.1 421.3 421.8 420.3 417 413.3 408.7 402.5 395.8 389 384.9 380.4 376.7 373.9 366.7 363.3 372.5 379.2 383.7 387.3 388.4 387.7 386.9 384.6 383.3 380.8 374.9 365.3 353.5 343.9 339.7 334.1 325 317.7 312.5 309.4 309 309.8 308.8 308.9 307.8 306.4 304.9 304 307.3 307.7 306.5 304.4 301 297.5 292.5 289.7 282.2 277.6 273.8 269.2 264.3 260.2 254.4 248.4
463.2 464.1 463.4 459.7 459.4 462.5 457.7 452.7 447.1 440.3 434.2 434.9 435.5 433.7 431.5 429.3 428.3 424.1 422.7 424.1 423.2 421.5 418.4 414.6 409.6 403.7 397.2 392.1 387.9 382.7 378.1 372.8 362.6 369.3 377 384.8 389.2 392.2 393.6 394.2 392.3 390.7 389 385.7 378.7 368.2 357 346.6 341.8 335.8 326.4 319.5 314.5 311.3 312.2 312.8 311.4 311.5 311.5 310.3 308.1 308.1 309.8 310.1 309.3 305.4 302.6 298.5 292.4 289.7 282.5 277.8 274 269.6 263.8 258.4 252.4 244.5
468 469.9 467.7 464.6 465.5 465.7 461.5 455.9 449.4 442.4 439.8 441.8 442 439.9 437.3 434.9 430.9 427.7 425.2 424.3 424.3 422.6 420.9 415.3 409.7 405.2 399.1 394 390.1 383.6 378.4 369.9 369.9 376.9 384.5 390.4 393.9 396.7 397.9 398.6 397.4 395.9 393.5 388.6 379.2 368.8 359.4 349.4 343.9 336.4 327.9 321.5 316.9 315.4 316 316.5 314.1 314.8 316 315.5 311.8 312 314.3 312.3 312.1 306.5 303.9 299.5 292.2 288.9 283.8 278 274.2 269.6 262.8 256.8 250.6 242.6
471.5 474.5 471.4 470.4 470.7 471.1 463.8 458 450.5 444.4 446.1 446.2 444.7 443.6 440.5 437.7 433.3 429.8 427.2 425.2 424.8 423.5 420.3 415.7 409.6 405.4 400.9 395.8 390 384.4 377.5 371.5 378.6 384.8 390.1 395.5 397.9 400.7 402.4 402.8 401.6 398.6 395.3 389.5 379.3 370 360.9 352.5 346.1 338.8 330.7 324.6 319.7 318.5 319.1 319.5 319.1 318.1 319.4 320.2 316.5 314.6 316.5 315.3 310.6 306.7 303.4 299.2 293.6 288 281.8 277.7 273.8 269.6 262.4 256.5 252.9 242.1
478.1 478.5 474.7 474 474.2 473 465.9 459.5 451.3 448.8 450.9 449.3 447.3 447.7 444.8 440 436.6 432.9 429.1 426 425.2 423.7 421.2 416 409.7 405.6 401.5 396.9 391.5 386.2 380.2 379 385.6 389.5 395 400.1 403 405.4 406.6 406.1 404.2 401.1 395 388.7 380.2 370.9 361.7 353.3 346.9 340.3 333.6 327.3 322 320 320.8 321.2 321.9 322.6 323.2 322.9 319.6 317.3 318.2 315.2 310.2 307.2 303.4 299.1 292.9 286.7 279.9 276.8 273.6 268.9 262.3 256.4 249.7 244.9
484.7 481.7 478.1 477.7 477.4 473.3 465.7 458.4 451.9 452.9 452.7 451.3 449.9 450.3 448.2 443.2 440.1 435.3 431.1 428.2 425.4 423.5 421.4 416.2 410 406.4 403.3 399.7 393.8 387.9 380.6 383.9 390.5 395.2 400.2 404.7 408 410.3 410.3 409.4 406.6 401.3 395 387 378.9 370.7 361.5 352.4 346.7 341.3 334.7 329.2 324.3 322.6 323.5 325 325.4 325.5 325.8 323.9 322.2 320.3 318.1 313.9 311.4 308 304.1 297.9 291.7 283.4 278 274.7 272.4 267.5 260.3 253 249.5 251
488.9 485.8 481.1 479.4 477.2 471.5 464.6 459.7 457.2 455.7 454.3 453 451.6 450.6 449.9 446.7 441.9 435.7 433 430.2 427.5 424.8 420 415.2 410.7 406.9 403.7 399.6 394.8 390.5 387.6 391.5 394.9 399.3 403.9 407.5 411.1 412.3 412.7 411.7 408.5 401.5 393.3 385.2 377.1 369 360.9 352.1 345.9 340.6 335.8 330.4 328.4 326.3 325.8 327.6 328.5 327.9 326.7 324.8 322.9 320.8 317.5 314.9 311.7 306.7 301.5 295.1 287.9 279.2 274.6 271.8 270.1 265.5 258 250.9 252.3 256.9
491.4 488.3 483.5 477.3 474.3 469.7 464.6 462.1 460.1 457.6 455.8 454.4 453.2 451.9 450.2 448.6 440.7 436.6 434.8 430.8 428.5 425.2 420.8 416.2 412.1 407.5 404 399.9 395.9 393.4 392.4 395.6 399 403 407.6 410.9 414.1 414.2 413.9 412.5 409.2 400.1 391.4 383.4 375.3 367.2 359.1 351.6 347.9 342.2 337.2 334.4 331.2 329.4 328.5 328.9 330.1 329.5 327.2 324.9 322.8 320.3 317.2 314 310 304.2 298.4 291.7 283.9 276.1 270.4 270.4 268.1 261.7 254.3 259.2 259.5 260.7
493.1 489.1 483.7 477.1 472.7 469.3 466.7 464 461.7 459.6 457.7 455.5 453.2 451 448.7 445.3 439.7 436.2 433.3 430.4 428.1 425.5 421.7 417.7 413.6 408.9 403.9 400.2 397.5 396.4 396.5 399.8 403.1 406.8 411.1 414.4 416.4 415.8 415 413.9 408.2 400.5 391.4 382.3 374.4 367 359.5 352.6 347.9 343.2 339.5 335.8 332.5 331.9 330.2 330.3 331.9 329.9 326.8 323.7 321.3 318.2 315 312.2 307.5 301.1 295.4 287.9 278.9 270.9 265.2 264.7 260 256.5 259.5 261.4 262.6 263.7
492.2 488.7 483.1 477.6 472.2 469.9 469.6 466.7 463.9 461.9 458.8 456.2 453 450.1 447.2 442.7 438.8 435.8 432.4 429.4 427.2 424.9 423.2 419.5 415 409.7 404 399.9 398.7 399.5 401 403.9 406.8 410.1 414.2 418 419.4 418.6 416.2 412.9 407.2 400.6 392.4 383.6 375.4 367.5 360.5 353.1 348.4 344.8 341.6 338.2 334.7 333.5 331.6 332.1 332.2 329.8 326.8 322.9 319.3 316.1 312.9 310 304.7 299.1 291.1 281.7 272.2 266.7 262.4 261.4 260.1 261.4 263.6 265.5 266.7 267.7
491.6 488.6 483.7 479 475.1 474.7 473.7 471.4 469.1 465.3 460.2 457 454 451.1 446.8 441.9 440.2 435.3 431.6 428.6 426.9 425.6 423.6 421.8 417.4 410.8 405.7 401.8 399 400.8 404.2 407.4 410.3 413.3 417.1 420.5 422.1 421.8 417.8 413.4 407.8 401.7 392.5 385.5 378.4 370 361.2 355.5 350.9 346.7 344.1 341.3 337.3 335.2 334 333.1 331.8 328.9 324 320 317.3 314.2 310.9 306.5 301.2 295.7 286.5 273.7 264.8 264.8 263.9 262.3 264.8 267.4 269.4 269.4 270.7 269.3
493 489.3 485 481.6 479.4 479.6 478.4 475.8 472.9 468.1 463.2 458.8 455.7 452.6 447.7 441.4 438.4 433.9 430.3 428.6 427.4 426.2 424.7 422.7 418.2 411.2 406.7 404.1 401.9 403.5 407 410.6 413.9 417.1 419.8 423 424 423.7 418.4 415 409.7 401.9 392.5 385.8 381.1 374.9 366.2 359.3 355.1 350.5 347.1 344.1 339.9 337.2 334.6 333.3 331 328 321.9 318.4 316 312.3 309.5 302.1 298.2 291.4 279.9 267.6 267 267.2 266.3 267.1 270 270.9 271.1 271.4 271.7 270.5
494.9 490.5 487.2 485.9 484.5 483.3 483 479.8 475.6 470.7 465.9 461 457.8 454 449.2 442.3 436.9 432.5 430 429.8 428.1 426.8 425.4 421.8 416.8 410.1 409.5 408.5 406.2 406.6 410.1 413.6 417 420.3 422.4 423.3 422.6 422.4 419.7 416 410.8 403 393.6 387 383 381.1 372.5 365.1 358.9 355 351.3 346.8 342.4 339 335.6 331.7 328.9 325 320.3 317.5 314.7 311 306.8 300.9 296.6 287.3 276.8 268.4 268.6 268.6 269.6 271.2 273.2 273.7 273.8 273.9 273.7 272.5
497.7 493.2 493 493.7 491.7 489.1 486.4 482.7 478.3 473.5 468.7 464.1 460.2 455.5 450.7 443.3 437.7 433 429.4 429.6 429 426.7 423.8 418.9 414 409.3 408.8 408.3 408.1 409.5 413 416.4 419.8 422.6 425.1 426 424.5 421.9 419.1 415.8 411.1 405.4 397.1 389 385.3 384.1 376.5 369.9 364.5 360 354.8 349.3 344.4 340.2 335.4 330.8 326.5 321.5 318.5 316.4 313.6 309.7 303.2 298.3 290.3 281.6 271.1 269.6 270.7 271.4 273.8 275.7 276.3 276.4 276.5 276.1 275.6 274
500.4 498.5 500.1 500.4 498.2 494.5 490.7 486 480.9 476.3 471.6 466.6 461.2 456.2 451.7 444.7 438.5 433.8 429.1 426.8 427.4 426 421.6 417.2 412.8 409.6 409 408.7 409 411 415.2 418.7 422.5 425.8 428.9 428.9 427 424.7 421.8 418.5 413.1 408 401.4 393.5 388.7 387.7 381.8 374.9 370.2 365.6 359.6 352.7 346.3 340.5 333.3 329.6 325.3 320.5 317.4 314.9 312.3 306.5 299.1 294.3 286.9 275.8 276 275.8 278.1 279 280.5 280.6 279.1 279.5 279.8 278.5 277.5 275.8
501.6 502.2 504.3 503.3 502.1 498.2 493.2 488.1 483 477.8 473.1 468.6 461.9 457.1 452.8 447 440.4 435.7 429.1 424.4 424 422.4 418.2 415 411.9 410.4 409 410.3 411.4 413.8 417.4 421.1 425.4 428.2 430.9 431.4 429.8 427.7 424.6 420.9 415.7 410.6 405 397.3 389.9 389 385.3 379.9 375.2 371.3 363.7 355.4 347.3 338.7 332.9 328.3 324.3 319.7 317.7 315.5 310.8 299.2 292.1 288 279 279 281.8 284.1 284.8 284.7 285.9 286.2 285 283.9 282.7 281.3 280.3 277.4
506.6 508.4 508.8 507.7 505.6 501 495.3 490.3 485.3 479.7 474.9 469.9 461.7 457.1 453.1 447.8 441.8 435.1 428.3 422.4 421.3 418.1 415.3 412.4 410.6 411 409 409.8 412.2 415.9 419.5 423.7 428 431.2 432.6 433.8 432.9 431.2 428.4 424.4 418.5 413.2 407.6 402 394.4 391.4 390.4 386.9 379.4 375.1 366.1 357.2 348.2 337.8 331.5 326.2 323.7 321.3 317.8 312.8 300 288.6 286.9 282.6 280.8 283.3 286.9 289.6 290.8 290.9 290.9 291.5 290.1 288 286 284.2 282.4 278.9
514.6 515.4 514.1 511.3 509.1 503.9 498.1 492.4 487.4 481.9 475.8 471.7 464.2 458.5 452.6 447 441.2 434.6 427.6 422.9 418.6 414.7 412.3 410.6 408.9 411 410.1 411.1 413.3 418.1 421.6 426.8 430.2 432.7 435.6 437 437.5 435.3 431.5 427.5 422.1 415.9 409.6 404.6 400.8 397.2 394.4 391 384.8 377.4 368.6 357.8 347.6 337.3 330.2 325.9 323.8 320.9 316.1 302.7 296.4 296.2 292.4 288.9 286.6 288.8 291.5 294.4 296.1 296.1 295.5 296.4 294.7 292 289.9 288 284.4 281.4
521.5 521.5 519.2 515.2 512.5 506.8 501 495.3 489.6 484 478.6 473.8 466.5 459.1 451.8 446.3 440.4 433.5 427 421.9 419.5 411.7 413.6 408.9 407.7 408.2 410.6 411.2 413.8 418.4 423.7 429.9 432.6 435.2 438.1 440.6 443.6 439.7 433.3 429.3 426.9 420.5 411.5 407.9 407.5 400.3 395 390.1 385.7 381.1 368.2 356.6 345.6 335.2 328.4 323.9 321.3 319.3 312.8 297.6 303.5 300.6 296.1 292.5 291 294.3 297.6 299.1 300.4 300.8 301 301.1 299.1 296 293.9 289.8 285.7 282.8
527.5 525.1 521.8 518.8 515.6 510.5 504.9 499.3 493.2 487.5 482 476.1 468.4 460.6 452.5 445.5 438.3 431.2 425.8 421 418.4 407.7 411.9 407.4 405.7 406.7 408.7 410.3 413.9 419 424.3 430.2 433.8 437.3 441 444.8 445.5 442.7 432.9 425.4 423.1 420.8 413.1 409.9 411 402.4 393.7 387.6 383.4 377 365.3 352.8 342.3 333.2 327.2 321.7 318.3 313 304.7 304.1 307.5 301.7 299 297.8 299.5 300.8 302.2 303.9 305.1 305.1 305 303.5 302 299.7 295.9 291.3 287 284
531.3 528.7 524.7 521.9 518.5 514.4 509.7 503.1 496.8 491.6 486.1 479.9 471.6 462.6 452.9 444.7 437.5 429.3 422.9 419 413.6 405 408.1 405.2 403.4 404.5 407 409.8 413.1 417.6 425.3 432 436.4 439.9 443.8 447.9 447.9 443.3 431.4 412.3 408.3 408.3 411.6 408.9 407.6 398 388.8 381.8 376.1 368.6 357.6 348.5 338.9 331.7 326 319.8 308.4 306.2 305.9 309.8 310.2 307.4 305.7 305.7 307.1 307.2 307.3 308.7 309.3 309.1 308.9 307.6 306 301.7 302.3 292.8 287.9 285
533.9 530 527.6 525.2 521.1 516.5 510.7 504.9 499.1 493.6 488.3 482.2 473.3 463.6 453.2 444.4 436 427.6 421.9 416.1 408.8 403 404.9 403.4 401.1 402.6 405.1 407.3 409.2 416.9 426.1 433.2 437.5 442.6 446.7 449.4 451.5 445.8 435.6 409.8 408.1 407.5 402 400.4 398 389.6 382.6 375 369.1 361 352.1 342.8 336.3 328.4 323.3 310.5 313 309.7 310.6 312.9 315 317.5 316.4 316.1 313.2 312.5 312.4 313.4 311.5 311 309.1 308.2 305.7 301.6 300.4 291.2 286.8 284
535.3 529.9 527.8 526.2 523.3 517 511.2 505.7 500.8 495.3 490 482.6 474 464.2 452.6 444.1 434.2 425.9 418.8 409.9 403.1 398.8 400.1 400.1 397.8 398.5 401.2 404 407.1 417.1 426.5 432.9 437.7 442.8 447 449.3 449 443.8 421.5 393.2 386.1 403.9 392.7 391.4 386.6 379.1 374.1 368.5 362.1 355.2 345.7 337.9 329.5 323.5 317.2 316.3 317.9 320.6 322.2 322.2 324.6 327.2 327.8 325 320.9 317.3 317.5 317.3 314.1 310.2 307.8 306.6 304.1 299.2 296 289.4 286 282.9
537.8 532.1 528.9 527 522.7 515.6 510.3 505.9 501.6 496.8 490.5 482.8 473.8 464.7 453.7 443.7 433.8 424 415.6 407.8 401.1 395.9 395.1 396.3 394.3 394.8 397.7 402.1 406.7 415.5 425.4 432.1 437.9 442.8 445.9 442.1 440.2 382.6 381 380.1 378.8 402.2 387.5 386.4 381.3 371.2 366.1 360.8 353.4 346.1 338.1 331.2 325.1 320.2 317.5 322.9 326.9 330.2 331.5 332.5 334.8 337.1 336.8 332.9 327.4 321.6 322.1 319.6 316.2 311.2 307.5 304.2 300.8 297.5 293 288.7 286 282.5
539.5 534.7 531.1 526.9 521.2 513.7 508.5 504.3 499.8 494.8 487.9 479.7 472.2 464.9 452.1 440.3 429.9 419.2 412 404.1 397.8 392.2 390.3 391.7 391.6 391.4 394.1 399.8 405.4 414.9 425.6 432.1 435.9 437.9 385.1 402.8 423.2 382.8 380.5 379.6 378 386.2 385 384.3 375.9 365.4 359 352.5 346 337.9 332.5 327.2 324.3 320.3 324.9 331.1 334.8 338.8 340.6 342 343.8 344.4 344.2 339.5 334.3 329.9 328.7 324.2 320.1 313.4 308.2 304.9 301.5 297.8 294.1 290.6 287.4 283.6
537.4 531.1 529.6 526 520.7 513.9 506.3 502 496.2 490.4 483.1 473.9 467.7 460.4 446 435.1 424.3 414.3 406.1 397.1 391.2 388.1 385.6 386.7 386.7 387.9 390.9 395.2 401.7 412.1 421.5 428.5 432.6 414.6 384.8 384.7 390.1 382.5 380 378.7 378.7 379.4 376.6 370.6 363.8 356.6 350 345 338.9 333.9 329.8 326.4 327.8 332.7 336.4 338.3 343 347.3 349.8 350.4 350.9 351.3 348.9 344.5 340 335.5 329.7 325.9 321 313.7 308.7 305.4 302.4 299.6 295.9 292.5 288.8 283.6
533.7 529.3 526.1 523 519.3 514.3 505.2 498.1 491.8 484.7 475.6 466.3 459.8 451.4 438.6 427.2 416.9 407.2 398.7 389.5 384 380.7 373.6 379.3 378.5 380.5 386 389.6 395.1 403.8 411.6 417.1 423 406.6 383.7 382.2 380.6 378.5 374.1 369.7 367.5 365.1 362.8 358.8 354.9 349.1 344 338 335 331.5 328.8 332.6 336.8 341 343.9 346.7 353 355.9 359.5 360.1 359 357.8 354 350.1 346.1 339.4 330.8 325.8 320.9 315.2 309.3 306.7 304.1 301.8 298.1 294.1 289.2 284.1
528.6 525.6 523 519.8 514.3 512.5 503.9 493.6 486 477 469.1 458.9 451 439.7 429.8 420.6 409.4 399.4 390.9 382.8 375.3 369.9 364.7 367.6 368.3 370.7 376.5 380 385.2 390.3 390.9 392.5 392.5 385.9 380 375.9 368.2 364.1 360.2 355.2 353.4 353.9 352.6 349.6 345.6 342.6 338.2 336.1 335.9 339.4 337.5 338.6 341.6 346.7 350 354.2 360.1 362.6 364.6 363 360.8 361.3 358.3 352.8 348.2 340.9 330.4 326.1 322.2 316.8 309.3 307.8 305.8 303.5 298.9 293.1 287 282.6
