data/350000-790000.asc
ncols 200
nrows 200
xllcorner 350000
yllcorner 790000
cellsize 50
[rows 0 to 34 of 200, columns 78 to 155 of 200]
134.8 134.7 134.8 135.4 137.2 140.2 141.1 142 141.8 141.6 139.9 138.8 138.3 139.2 140 140.4 139.7 139.4 138.3 137.9 137 136.1 136.6 135.1 132.7 130.4 130.4 131.3 131.1 131.7 131.5 128.7 128 129.2 129 128.5 126.9 124.7 125 121.3 126.5 129.4 130 129.1 128 127.9 127.7 127.4 126 125.6 125.5 125.2 123.7 120.5 120 122.2 118.5 113.4 109.8 108.4 115.8 121.2 123.6 125 129.3 134.4 135.9 136.6 136 133.3 131.6 128 123.3 119.1 109.8 105.8 101.8 98.4
134.4 134.2 133.9 137.1 140.9 144.3 145.1 144.6 144 144.4 141.5 140.4 140.4 142.2 142.7 142.5 142.6 143.2 141.4 140.3 139.2 138.5 139.2 138.9 135.9 135.2 134.2 134.4 132.7 132.6 134.1 132 130.7 130.6 130 129.2 127.7 126.4 126.1 124.7 120.4 123.5 127.3 126.9 126.7 126.7 126.5 126.3 125.1 124 123.4 124 124.3 121.9 119.2 117.9 118.4 115 111.7 108.1 110.3 115 118 120.4 121.6 125.5 127.1 126.1 125.1 123.4 121.8 118.9 110 103.7 98.7 95.7 94.2 94.1
132.5 132.5 134.7 139.7 144.3 148.2 149.4 146.7 144.5 143.7 141.4 140.9 143 145 146.2 144 144.7 146.2 144.8 142.7 143 141.8 141.5 141.6 140.5 139.7 137.8 134.1 134 134.1 134.7 134.2 133.1 131.8 131 129.7 128.3 126.9 126.3 125.5 124.1 120.8 122.3 125.5 125.6 125.5 125.4 125.2 124.3 123.2 121.9 121.3 122.4 120.9 118.2 117.2 116.8 115.6 113.2 110.6 108.3 108.3 112.8 116.4 116.8 117.2 117.4 116 115.3 113.2 107.1 100.8 95.2 95 94.3 94.2 94.1 98.8
132.5 132.5 135.7 139.7 143.4 147.4 148.4 147.6 145.3 144.3 143 143 145.3 147.5 146.8 146.4 149.1 149.7 147.3 145.7 146.2 145.1 144.1 142.4 141.8 141.2 140.4 136.4 134.8 134.7 136.4 136 135 133.6 132.3 130.3 128.7 127.5 126.8 126.4 125.8 123.6 120.5 121.2 124.4 124.4 124.4 124.1 123.4 122.2 120.9 119.4 118.3 117.7 117 116.2 115.4 114.7 114 112.5 110.9 111 110.2 108 109.1 109.8 109.7 108.3 104.5 96.7 95.2 95.1 95 97.2 98.5 99.2 99.5 99.2
132.6 134.6 137.7 140.8 143.9 147.1 148.9 148.8 147.3 148.8 147.2 147.7 149 151.9 151.5 152.2 152.8 153.1 151.4 149.8 148.8 148.3 147 147.1 143.2 142 141.9 138.9 136.3 134.6 135.8 136.8 137.5 136.1 133.9 131.9 130.1 128.5 127.2 126.5 125.6 124.7 123.7 120 120.8 122.8 123.2 122.6 121.9 120.4 118.9 117.8 116.3 115.8 115.9 115.3 114.1 113.1 112.2 111.7 112.4 111.5 110.4 106.8 101.4 100.7 101.6 98.2 95.5 95.5 99 98.9 99.3 99.9 102.9 103.1 102.9 102.2
136.6 140.4 141.5 143.5 146.1 147.9 150.2 150.5 150.1 151.1 151.6 152.7 154.4 155.9 156.2 155.8 156.2 155.3 155.5 154.3 153.3 150.2 150.1 149.5 146.5 143.7 142.4 140.7 138.4 136.4 137.2 139.4 139.6 137.7 135.5 133.7 132 130.3 129 127.5 127.1 124.7 123.1 121.6 119.6 119.1 119.6 120.3 120.1 118.4 117.3 116.2 115.3 115 114.5 114.3 113.3 111.8 110.1 110.9 109.5 109 110.4 109.7 107.4 106.6 104.7 100 95.6 100 99.6 100 102.2 103.2 103.3 103.9 104.5 103
142.7 147.6 144 144.8 146 147.4 149.9 152.2 153.6 154.5 155.6 155.9 155.9 157.1 158.4 159 158.7 157.7 157.5 157.3 155.6 154.2 153.4 151 148.6 145.2 144 144.3 143.1 139.7 140.5 142.7 141 139 137.2 135.6 133.8 132.1 130.8 129.9 128.8 127.6 126.4 124.8 122.9 120.5 118.8 117.2 116.8 116.4 115.9 115.6 115 114.5 114.3 113.1 112.6 111.5 109.6 108.6 109 108.3 108.5 106 104.3 105.2 103.6 96.3 97 99.3 100 103.5 104.1 104.5 104.4 103.6 103.8 102.4
145.6 147.6 144.4 144.3 145.6 147.7 150.3 152.3 154.3 155.4 154.9 155 155.3 156.7 158.1 160.4 159.7 159.4 158.2 156.7 155.8 154.6 153.4 151.4 148.9 146.4 146 146.5 145.9 143.6 143.7 142.5 141.2 139.7 137.9 136.1 134.5 132.9 131.6 130.6 129.4 128.2 127 125.5 124.8 123.9 121.3 120.6 119.1 118.5 116.9 116.1 115.3 114.7 114 113.3 112.2 111.8 108.6 106.5 107.4 107.6 105.1 103.3 102.6 102.8 101.1 95.7 99.4 100.2 100.1 104.1 104.8 105.1 104.7 103.7 102.7 101.9
148.1 145.3 143.4 143.7 145.9 148.1 149.5 150.4 152.1 153.8 154 154 155.1 156.4 157.1 157.7 158 157.4 156.3 155.5 154.6 153.6 152.4 150 148.9 147.6 146.1 146.5 146.1 144.1 142.5 141.4 140.4 139.9 138.1 136.3 134.8 133.3 132.1 131.2 130.1 128.8 126.9 125.9 125.2 124.5 123.7 122.5 121.3 119.5 117.5 116.7 115.8 115 114.2 113.5 111.9 111 108.9 108.6 106.2 105.2 106.5 106.3 104.5 103.1 100.3 95.8 99.4 100.7 100.9 104.4 104.4 104.5 104.6 103.9 102.7 102.8
145.6 143.1 142.6 143.5 145.9 148 148.9 149.8 150.7 151.7 153.1 153.5 154.4 154.7 155 155.2 155.7 156.2 155.4 153.8 151.8 150.5 150 149.9 149.5 147.6 146.4 146 146.3 144.9 142.5 140.9 140.3 139.7 137.8 136.2 135 133.8 132.6 131.5 130.5 128.5 127.2 126.2 125.5 124.8 123.6 122.2 121.2 120 118.4 117.2 116.1 114.7 113.9 113.4 112.1 110.5 108.8 108.4 107.5 106.1 110.2 109.1 106 105.4 101.4 96 98.8 100.6 100.9 104.5 104.5 104.3 104.2 104.3 103.3 103.3
144.5 143.6 142.7 143.2 146 147.4 148.3 149.2 150.2 151.2 152.2 152.7 153.2 153.7 154.2 154.1 154.6 154.2 153.8 152.3 151.8 151.2 151.2 151.2 150.5 149.2 147.4 147.3 147.3 146 144.2 142.6 140.7 139.4 139.1 137.4 136.2 135.2 133.2 131.2 130 128.8 127.5 126.5 125.7 124.9 123.5 122 121.1 120 118.6 116.9 115.5 114.5 113.9 113.2 112.1 110.7 108.3 108.6 108 108.2 109.2 108.5 107.8 107.3 101.5 96.2 99.3 100.8 103.6 104.9 104 103.9 104 104.6 103.6 103.4
144.3 144.6 143.2 144.1 146.6 147.9 148.5 149.5 150.5 151.5 152.4 152.9 153.2 153.6 153.9 153.9 154.1 154.1 153.7 153 152.6 153.3 153.2 152.5 152.8 150.9 149.2 149 149.4 148.7 146.4 145.1 143.1 142 141.4 140 138.7 137.4 135.3 133.3 131.2 130 128.5 127.1 126.1 125.2 124 123.2 122.6 121.2 119.5 117.6 115.4 114.9 114.1 113.4 112.7 111.1 108.3 108.3 109.7 110.8 112.4 110.7 109.8 110 101.4 96.4 99.5 100.8 104.1 105 104.4 103.7 103.8 104.7 101.8 100.8
142.3 143.3 144.1 145.3 147.4 148.9 149.5 150 150.8 151.7 152.5 153.1 153.3 153.6 153.8 154 154.1 154.2 154 154.6 155.2 155.9 155 153.9 154.3 154.1 152.4 151.6 151.8 151.9 149.6 146.8 145.5 145.3 144.3 142.9 141.3 139.6 137.6 135.5 133.5 132.1 130.9 129.8 129.2 128 126.6 125.5 125 123.7 122.4 120.4 117.9 116.4 115.5 115.3 113.8 113.1 112.7 112.1 112 114.2 116.9 115.3 111.9 110.5 103.7 96.6 99.1 100.3 104.1 104.6 104.3 103.9 104.1 104.8 104.2 103
140.6 142.4 144.5 146.9 149 149.6 150.2 150.8 151.4 152.3 152.7 153.3 153.6 154.2 154.5 154.6 154.3 154.1 154.6 155.6 156.5 157.5 157 155.5 155.5 155.4 155.6 154.2 154.2 155.1 153.1 149.8 147.8 147.1 146.5 144.8 143.1 142.1 140.1 138.3 136.5 134.8 134 133.1 132.1 130.7 129.4 128 127 125.8 124.4 123 120.9 119.2 117.3 117.3 116.1 115.7 114.8 114.3 114.7 115.8 119.2 117.3 113.9 112.6 106.3 96.8 98.9 100.3 104.2 104 104.4 104.5 104.6 104.7 103 101.3
140 142.7 146.6 149.4 150 151.1 152.5 153.5 154.4 154.9 154.7 155.2 155.5 155.7 156.2 156.4 156 155.7 155.8 156.7 156.9 158 158.1 157 157.4 157.5 157.2 156.9 156.9 157.4 156.9 153.9 151.5 150.1 148.7 146.8 145.4 144.5 143.1 141.3 139.6 137.8 136.7 135.9 134.4 133 131.7 130.3 128.8 127.2 125.7 124.3 122.5 121.4 119.7 118.1 116.9 115.9 115.4 115.6 115 115.8 118 116.5 114.6 113.1 108.5 99.5 98.2 100.5 103.8 104.3 106.3 106.4 105.8 104.5 101.5 103.8
141 144.5 148.4 151 152 153.2 154.9 156.1 156.9 157 157 157.9 158.2 158.4 158.3 158.2 157.9 157.9 157.9 157.3 157.5 157.5 158 158.6 159.1 159.5 159.6 159.6 159.6 160 160.4 158.5 155.3 153.9 152.5 150.7 148 147.3 146.3 144.6 142.7 140.9 139.3 138.4 137 135 133.6 132.3 130.9 129 127.1 125.6 124 122.9 122.3 119 116.7 116 116 116.2 116.8 117.7 116.8 115.4 114.6 113.7 111.2 100.7 97.3 99.7 101.4 104.2 109.7 106.6 106.2 103.5 104.9 107.2
143.4 144.8 148.3 150.9 153.9 155.3 157 158.3 157.7 158.4 159.1 159.7 160.1 159.7 159.3 158.9 159.1 159.1 158.8 158.4 158 157.9 158.4 159.3 160.3 161.2 161.9 162.1 162.2 162.8 163 161.6 158.6 157.3 155.6 153.7 151.6 150.7 149 147.8 145.8 143.6 141.4 140.6 139.7 137.8 135.7 134.2 132.8 131.2 129.2 127.2 125.5 124.5 123.6 121.1 117.3 116.5 115.8 116.2 117.9 118.3 117.1 117.2 116.2 114.6 113.3 101.2 97.3 98.8 101.3 105.5 108.3 107.2 107.6 103.5 107.2 110.4
142 143.8 147.3 150.3 153 154.7 156 157.2 157.2 157.9 159.1 159.9 160.1 159.3 158.8 158.6 159.3 159 158.7 158.3 158.2 158.4 158.9 159.9 161 162.1 163.1 163 163.1 163.3 163.9 162 158.9 157.7 157.3 155.4 154.3 153 151.1 149.9 148.1 146 143.8 142.6 141.4 140 138.5 136.6 134.8 133.4 131.4 129.4 127.3 125.8 124.7 122.9 119.5 117.5 116.9 117.9 119.7 120.1 118.2 116.2 115.2 114.4 112.7 103.4 98.1 97.3 101.5 107.4 107.4 107.6 106.9 107.2 110.6 113.8
138.9 141 145.3 149.3 151.4 152.9 154 155.1 156.1 156.8 157.6 158.4 159.2 159.1 158.3 158.3 158.2 158.3 158.4 158.3 158.3 158.8 159.7 160.8 161.8 162.9 164 163.9 164 164.2 164.4 162.8 160.8 159 158.9 157.2 156.5 154.8 152.9 151.5 149.9 148.1 146.2 144.4 143 141.6 140.2 138.6 137.1 135.4 133.6 131.4 129.2 127.8 126.4 124.6 122 119.8 120.4 121.2 121.7 121 119.4 117.7 117 116.8 115.6 109.9 101.3 97.5 101 107.4 109.3 108.8 103 109.2 114.4 117.2
136.6 138.2 141.5 145 147.8 149.3 151.5 152.9 153.9 154.9 155.8 156.5 157.5 158.1 157.3 157 156.9 156.9 157 157.9 159.3 159.8 160.6 161.7 162.7 163.8 164.8 164.7 164.9 165.6 166.1 165.9 163 160.6 160.6 159.4 158.7 156.9 155 153.1 151.8 149.9 148 146.3 144.6 143.2 141.8 140.3 138.8 137.2 135.4 133.1 131.1 129.8 128.2 126.5 124.6 122.4 122.9 124.4 123.1 121.3 119.9 119 119.2 119.2 118.3 115.4 102.5 97.6 97.8 104.8 108.5 108.8 106.2 115.9 121.1 123.2
134.8 135.2 138 141.4 143.5 145.5 147.4 149.9 151.2 152 153.2 154.3 154.8 155.1 155 155.5 155.5 155.5 156.9 158.1 159.6 160.9 161.7 162.7 163.7 164.8 166.1 166.6 167.4 167.8 168.1 168.2 164.9 162.3 161.7 161 160.5 159.1 157.1 155.2 153.5 151.7 150.1 148.5 146.5 144.8 143.4 141.9 140.5 138.9 137 134.8 133.1 131.5 129.9 128.2 126.3 124.6 123.9 123.3 122.2 121.3 120.3 120.3 120.5 120.5 120.2 118.5 106.3 101 97.8 103.7 109.3 107.5 109.2 121.6 126.8 128.3
134.4 133.9 135.2 136.7 139 141.2 143.2 144.5 145.9 147 148.7 150 151 151.5 152.3 152.5 153.3 154.2 156 157.6 159.2 160.9 162.6 163.9 165.6 167.2 169.1 170.2 171.2 171.2 170.9 170.5 167.5 164.6 163.2 162.7 161.9 161.1 159.6 157.6 155.5 153.8 152.3 150.6 148.7 146.7 145 143.5 142.1 140.6 138.5 136.4 134.8 133.2 131.6 129.9 128 126.4 125.5 124.9 123.9 122.8 121.5 121.7 121.9 121.8 121.7 120.4 114.3 102.5 97.9 101.4 109.3 105.8 113.9 126.5 132.2 134.2
130.7 132.1 131.8 132.4 133 135 137.4 138.8 140.2 141.3 142.7 144.4 146.2 147.4 148.3 149.2 150.6 151.9 153.8 156.4 158.1 159.8 161.1 162.8 165.7 168.6 171.8 173.2 174.2 174.5 174.3 173.7 171.1 167.8 165.2 164.2 163.4 162.6 161.6 160.1 158.1 156.3 154.5 152.7 150.8 148.9 146.9 145.1 143.7 142.3 140.2 138.2 136.6 135 133.4 131.6 129.5 128.2 127.1 126.4 125.4 124 123.5 122.9 123.3 123.1 122.8 122.5 119.8 102.4 98.7 98.3 105 106 115.2 128.3 138.6 141.7
129.3 130.5 130.3 127.3 127.2 130.4 131.7 133 134.3 135.2 136.7 138.4 140.8 142.3 143.6 145 146.9 148.9 151.6 154.7 156.2 157.9 159 160.9 163.8 166.6 170.1 172 172.9 174.3 175.8 175.1 172.8 169.7 166.6 165.6 164.8 164 163.3 161.7 159.8 158 156.2 154.4 152.8 151 149.1 147.1 145.3 144 142 140 138.3 136.7 135.1 133.1 131.3 130 128.8 127.5 126.4 126 125.6 125 125.1 124.7 124.2 123.9 116.4 102.7 100.6 98.3 102.3 104.4 115.1 129.2 141.6 144.5
126.9 128.2 128.1 126.6 125.6 126.1 127.4 128.9 130.3 131.4 131.6 133.7 136.9 138.2 139.6 141 143 144.8 147.4 150.7 151.9 154.3 157 158.9 161.7 164.4 166.7 168 169.2 171.1 173.3 173.4 173.1 169.6 167.9 166.5 164.8 163 162.8 161.9 160.8 159 156.6 155.2 153.5 151.9 150.4 148.6 147 145.3 143.2 141.3 139.7 138.2 136.7 134.5 133.2 132.3 131 129.7 128.8 128.4 127.7 127.3 127.3 126.8 126.2 125.6 115.2 103.7 101.4 98.5 98.7 103.3 113.7 128 141 146.7
124.6 124.5 124.7 125.7 125.4 124.9 125.9 127 128.1 129 129.3 130.3 133 134.2 135.5 137.1 138.9 140.7 143.3 146.1 147.6 149.6 152.5 154.9 157.1 159.3 161 162.3 163.6 166.3 167.7 169.7 169.9 167.8 165.8 164.2 162.5 161.7 161.8 161.5 160.7 159.6 156 155.5 154 152.2 150.3 148.7 147 145.4 143.4 142 140.5 138.9 137.2 136.3 135 134.4 133.2 132 131.2 131.2 129.8 129.6 129.3 128.8 128.3 127.6 114.4 104.9 101.7 99.6 99.2 102.9 111.7 126.8 139.9 149.4
123.3 122.6 122.5 123.5 124.4 123.9 124.6 125.6 126.8 127 127.2 127.6 129 130.5 132.1 133.1 134.8 136.6 138.8 140.5 142.4 144.5 147 149.4 151.6 153.6 155 156.3 158 161 164 166.1 166.8 165.8 164 162.1 160.2 159.5 158.8 158.2 157.4 156 154.2 153.3 152.3 150.7 149.6 147.8 146.1 144.5 143.2 142 140.5 139 137.9 136.6 135.9 135.4 134.7 134.1 133.2 132.2 131.9 131.6 131.3 130.9 129.9 128.9 119.2 105.6 101.7 99.4 100.8 103.1 112.9 127.8 139.8 152.2
122.1 122.1 122.4 122.1 122.5 122.7 123.5 124.4 125 124.9 125.6 126.6 127.6 128.7 130.3 130.6 131.2 132.8 133.9 135.6 137.1 139.1 141.5 143.9 146.2 147.6 149 150.3 152.6 155.7 158.7 159.5 160.8 161.6 160.8 159.3 157.6 156.5 155.8 155.3 155 153.8 152.8 151.1 150 148.7 147.4 145.2 143.4 142.4 141.3 140 138.6 137.6 136.8 135.8 135 134.3 134 133.5 132.6 131.8 131.3 130.9 130.4 130.1 130.1 128.7 126 109.7 101.3 99.1 99.7 103.3 114.3 130.6 142.1 154.5
122.2 122.5 122.3 121.8 121.7 121.9 122 122.4 122.5 122.9 123.3 124.5 125.8 127 128.9 129.7 130.1 130.2 130.5 130.9 132.3 133.7 135.9 138.4 140.5 141.8 143 144.7 147.3 150 152.5 154.6 156.1 158.5 158.6 157 155.3 153.8 153.3 153 153.6 152.8 151.7 150.1 148.4 146.7 145.5 144.5 143.5 142 140.7 138 137 136.3 135.5 134.7 133.9 133 132.6 132 131.4 130.5 130 129.5 129.2 128.8 128.5 128.3 126.9 112 100.8 99.2 99.4 103.6 117.1 134.2 145.8 156
122.7 122.7 122.1 121.4 120.8 120.6 120.5 120.3 120.6 121 121.4 122.3 123.6 125.1 127.2 128.9 129.3 129.5 129.8 129.9 130.4 131.4 132.1 133.5 134.9 137.1 138.3 139.8 142.6 143.8 146.3 148.8 150.4 153.6 155.3 156.1 154.2 152.3 151.7 150.8 152.9 152.4 150.9 149.6 148.1 146.7 145.5 144.5 143.5 142.3 140.7 139.6 137 135.7 134.5 133.7 132.8 131.9 131.1 130.5 129.9 129.2 128.7 128.2 127.4 126.5 126.3 125.6 123.8 113.1 101.3 99.2 99.4 104.5 121.1 140.9 153.4 162.5
122.3 122.5 122.1 121.2 121.3 120.8 120.3 119.9 119.5 119.5 119.9 120.6 121.9 123.4 125.1 126.7 125.9 128.9 129.1 128.9 129 130 131 131.4 131.9 132.9 134.1 135.7 138.2 139.3 140.2 142.6 144.5 146.6 148.7 150.8 150.7 149.4 148.5 149.9 151.6 151.8 151 149.6 148.2 146.7 145.5 144.5 143.5 142.6 141.4 139.7 137.2 135.7 134.3 133.3 132.4 131.7 131.2 130.3 129.4 128.6 128 127.5 126 125.2 124.2 121.3 117.7 107.7 101.2 100.2 101 105.3 126.1 144.1 154.5 163.2
115.9 121.8 122.9 121.5 121.6 121.3 120.8 120.3 119.8 119.6 119.6 119.7 119.6 120.2 121.1 120.4 120.8 123.4 126.5 127.1 127.2 128.8 129.6 130.4 131.4 132.3 132.9 133.4 133.9 135.2 136.3 138 140.6 141.4 142.4 143.2 143.9 144.5 145.5 147.3 147.6 147 147.1 146.5 145.9 145.3 145 144 142.9 141.7 140.2 138.8 136.9 135.6 134.3 133 132.2 131.6 131.1 130.4 129.5 128.7 127.8 127.2 126.1 123.7 120.1 120.8 121.4 107.4 99.4 100.5 102.7 106.6 128.5 143.9 153.2 160.2
116.8 118.6 118.3 120.8 122.1 121.7 121.3 120.8 120.3 119.8 119.8 119.7 119.6 119.4 119 118.4 118.5 118.1 117.6 119.3 120.6 122.7 125.6 129.1 130.7 131.6 132.1 132.9 132.9 132.9 133.3 134.8 136.2 137.9 139.6 139.5 139.3 140.4 141.6 143.1 142.5 141.8 142.8 143.3 142.7 142.3 141.9 141.7 141.4 140.8 139.5 137.7 136.4 135.3 134.1 133.1 132.1 131.6 131.1 130.4 129.6 128.7 127.9 127.1 125.9 122.4 122 124.2 118.3 102.5 101.2 99.7 102.8 109.5 130.8 143.6 150.5 154.2
117 116.6 119.4 118.6 118.1 119 121.1 120.6 120.5 120.3 119.7 119.7 119.5 119.2 118.7 118.7 118.8 118.5 118.1 117.4 117.5 117.9 117.6 119.9 126 129.7 131.4 132.3 132.4 132.4 132.4 132.4 133.5 135.2 136.9 135.5 133.6 135.9 137.4 138.9 138.9 139.2 139.5 140 139.6 139.2 138.9 138.6 138.3 138.3 137.9 135.8 134.7 133.9 133.2 132.1 131.7 130.6 130.2 129.9 129.2 128.4 127.7 127 125.6 122.4 122.6 126 112.7 100.8 102 100.2 104.4 116.3 132.6 141.2 144.3 147.8
117.3 116.6 115.5 118.5 117.4 117.1 117 116.6 117.1 120.1 120.8 119.6 119.3 119.1 119 118.8 119.6 119.3 118.5 117.7 117.9 118.3 117.7 117 117.2 117.8 126.3 128.5 128.9 130.3 130.9 131 132 132 134 132.3 130.5 132.9 133.9 134.8 135.9 136.7 137.1 137.6 137.4 137.1 136.7 136.2 136.3 136 135.3 133.8 132.6 131.7 131.3 130.5 130 129.8 129.1 128.8 128.3 127.6 126.9 126.1 124.9 122.7 121.9 124.3 105.8 101.6 100.3 100.2 106.3 121.5 135.8 139.5 143.4 147.8
