data/350000-820000.asc
ncols 200
nrows 200
xllcorner 350000
yllcorner 820000
cellsize 50
[rows 70 to 104 of 200, columns 0 to 77 of 200]
174 193.5 206.3 213.2 219 223.8 227.7 231.1 232.4 233.4 234.7 236 237.1 236 234.1 232.5 230.1 227.9 225.8 223.4 220.5 218.7 216.2 213.2 210.3 207.4 204.4 200.6 197 200 201.5 200 201.5 205.1 207.2 209.8 217.2 224.7 230 234.9 238.5 241.5 244.3 246.6 247.6 248.3 248.4 248.4 248.6 248.2 247.4 246.6 246.8 247.8 249.7 251.6 253.2 253.4 252.4 250.7 248.6 246.6 245.1 244.6 243.8 243.5 241.7 239.6 237.5 233.1 227.8 224 221.6 219.2 217.4 216 214.4 212.7
175.6 195.4 209.2 216.3 222.8 228.3 232 235.7 238.1 238.9 239.9 240.4 240.7 239.3 238.1 236.1 233.6 230.8 228.3 225.4 222 220.7 219.6 216 213.3 210.1 207.1 203.4 200.6 202.8 204.9 204.2 202.4 203.4 205.8 208.8 213.8 221.4 228.9 233.1 235.6 238.9 242.3 244.9 246 246.7 246.7 246.5 246.9 247.4 246.6 245.8 246.1 247.2 249.2 250.7 252 252.7 252.3 251.4 249.5 247.6 246.1 245.3 244.5 244.7 243.3 241.2 238.9 234.1 228.9 224.9 222.2 219.6 217.4 215.8 214.5 213.6
173.9 193.2 209.5 218 225.5 229.3 233.1 237.4 239.6 241.4 242.3 244.5 244.9 242.5 240.9 237.6 233.4 230.2 226.7 223.8 221.5 219.8 216.9 214.7 212.5 207 203.4 202.1 204.2 208.4 210.7 209.8 208.9 207.6 208.8 213.3 218.7 224.7 228.9 231 235 239.2 241.3 243.9 244.7 245.4 245.3 244.2 245.1 246.2 245.8 245.4 245.7 246.4 247.8 249.3 250 250.4 250.6 250 249.1 247.4 246.7 246.4 247.1 246 245 242.7 240 236.2 232.1 227.3 223.9 220.5 218.6 216.3 214.6 214.4
174.8 189.4 204.8 216.9 223.1 228.4 232.6 237.2 240.5 241.1 241.6 242.3 241.9 240 235.4 230.5 228.2 226.2 222.7 219.8 217.1 215.1 213.4 212.5 208.4 204.3 206.1 212.4 217.6 220 217.8 215.3 214.4 213.7 212.9 217.2 223.1 229.1 232.8 235.8 233.4 239.9 241.7 243 243.9 244.7 245.2 243.5 243.6 244.5 245 245 245.2 245.9 246.8 247.6 248 248.4 248.4 248.1 247.1 246.3 245.5 246.9 246.5 248.1 247.9 244.7 242.1 238.1 233.7 229.6 226.2 222.7 220 217.4 215.5 215.2
177.5 194.5 205.4 219.1 219.9 225.7 230.4 233.4 234.9 235.5 235.9 237.4 235.2 232.5 229.6 225.2 222.9 221.4 218.8 216.3 215.4 213.6 210.2 211.1 207.2 206.7 213.8 224.7 230.1 232.1 226.2 221.7 220.8 220.4 219.4 221.6 227.2 231.9 235.6 238.9 239.3 239.1 241.8 242.8 243.8 244.4 245.1 244.3 244.3 244.5 244.3 244.4 244.6 245 245.3 245.5 245.3 245.3 245.5 245.4 244.6 243.9 244.4 246.8 247.9 249.8 249.1 246.3 242.8 238.9 235.6 232 228.5 224.7 221.3 218.3 216.3 215.9
178.1 200.1 210.7 220.9 220.1 225 229.2 232.1 233.3 233.7 233.3 231.8 230.3 228.5 225.1 222.4 220.6 218.5 216.8 215.3 215.4 214.7 211.8 210.1 208.7 208.2 216.9 229.8 234.8 237.5 233.1 229.2 228.4 227.5 226.2 225.1 229.8 234.5 238.4 241.1 241.6 239.6 241.6 242.5 243.5 244.5 245.2 245.1 245 244.8 243.9 243.2 243.8 243.6 243.1 243 242.6 242.3 241.8 240.9 241.3 242.9 244.7 246.5 248.3 249.9 248.4 245.8 243.3 239.6 236.2 233.1 229.6 225.8 222.7 219.5 217 215.9
175 197.1 216.6 225.5 226 228.5 230.5 232.1 233.1 232 231.5 230.4 228.6 226.7 223.8 221.6 219.8 217.8 215.5 214.6 214.8 214.8 213.4 212.4 209.1 209.8 219.1 231.4 239.9 241.6 238.8 234.1 233.6 232.4 229.6 227.8 231.1 235.4 240.2 242 242.1 241.8 241.6 242.7 243.8 244.9 245.7 245.7 245.2 244.3 243.4 242.2 242.4 242 241.6 240.9 240.3 239.7 239 238.2 239.3 241.4 243.3 245.5 248.7 250 247.7 245.1 242.3 239.2 236.2 233 229.9 226.8 223.9 220.9 218.3 217
176.5 188.2 212.9 225 229.2 232.2 232.2 233.9 235.3 233.8 231.5 230.2 228.4 225.6 223 221 219.8 217.9 216.5 215 214.3 214.5 215.3 214.9 211.7 210.3 219.9 234.2 242.4 244.4 241.6 238.6 237.6 236.5 233.5 232.2 232.4 236.3 240.4 241.3 242.3 242.1 241.8 242.6 244 245.4 246 245.5 245.9 244 242.9 241.5 241.5 241 240.4 239.3 238.6 237.9 237.2 236.7 237.3 239.3 241.7 245 248 248.9 246 242.8 240.1 237.4 234.9 232.2 229.6 226.9 223.6 221.5 219.7 218.2
177.6 179.8 199.1 222.1 229 233.8 235.3 236.1 236.1 235 231.3 230.1 229 226.3 223.6 220.7 220 219.9 218.8 218.3 217.4 216.9 217.5 218.5 218.3 212.9 224.4 238.4 245.6 247.7 245.7 241.9 240.6 239.4 237.8 236.3 235.4 236.6 239.5 240.6 241.6 242.3 241.5 241 242.3 243.5 244.3 245.3 245.6 245.7 242.8 241.2 241.5 241.6 239.7 238.2 237.1 236.4 235.6 235.1 235.4 236.9 238.9 242.3 245.5 244.7 243.4 240.5 238 235.5 232.4 230.6 228 225.5 222.7 221.7 220.6 219.2
179.1 180.2 188.7 206.3 220.2 231.5 238.2 236.1 235.7 233.1 230.6 228.2 228.7 227 223.7 220.8 221 222.8 223.1 223.2 222.7 223.5 226 225.2 224.1 215.6 227.7 239.7 248 251.3 249.3 245.4 242.9 241.7 240.7 239.3 239.3 239.2 239.3 240.8 242 242.6 242.1 241.1 241.5 242.2 242.8 244 244.8 244.1 242.3 241 241.1 241.5 239.1 237.1 235.9 235.1 234.3 233.7 233.3 233.7 235.9 238.4 240.5 240.3 239.2 237.9 235 232.1 229.3 226.4 225.8 223.7 221.7 221.5 221.2 220.1
181.4 184.4 186.9 196 214.7 228.2 239.5 238.4 232.1 229.9 228.5 226.2 226.7 225.1 222.1 222.5 223.7 226.2 231.4 237.1 239.5 237.7 235.3 233.2 228 218.5 229.2 241.7 249.2 252.5 251 247.7 245.2 244.4 243.5 243.6 242.7 242.1 241.9 241.8 243.7 244.2 243.9 243.1 242.5 242 241.1 242.1 242.5 243 242 241 240.8 239.8 237.4 235.4 234.5 233.8 233.1 232.1 231.1 231.4 232.7 234.5 235.5 236.1 235 233.6 230.8 227.6 223.1 223.4 222.8 221.2 220.9 220.2 219.5 221.5
183.7 185.2 187 190.3 209.1 222 229.3 232.2 229.3 228.3 226.6 225.2 224.1 223.6 223.8 224.5 226.1 229.5 237.5 245.6 247.6 244.4 239.5 234.9 228.8 219.9 228.8 242.7 251.1 252.5 252.3 250.4 247.2 247.6 247 248.1 247.5 246.3 245 244.1 245.8 246.3 246.4 246 245 242.5 240.5 240 240.2 240.5 241.2 240.3 238.6 236.9 235.1 233.6 232.7 232.3 231.7 230.8 230.2 229.9 230 231.3 232 232.5 231.4 229.5 227.2 223.8 221.6 220.5 220.2 220.1 219.6 218.7 216.1 214.3
179.5 182.7 185.5 189 197.8 209.3 216.8 220.7 225.9 228.3 226.5 226 225.6 225.7 225.7 226.9 229.4 233.5 241.2 248.1 249.3 247.6 242.7 237.3 229.9 221 230.5 244.2 251.9 252.8 252.9 251.2 249.7 249.8 250.4 252.5 252.1 251 248.6 247.5 248 249.1 249.9 249.2 247.4 243.1 240.2 238 238 238 238.9 238.3 236.4 234.2 232.2 231.2 230.8 230.5 229.9 229.1 228.7 228.5 228.3 229.2 229.3 229.2 227.8 226 224.3 221.5 219.7 217.7 216.7 216.6 214.4 212.6 213.4 214.5
181.7 185.3 188.3 191.3 192.6 201.5 210.4 220.3 225.8 227.1 228 227.8 228.2 228.4 228.3 230.3 235 239.7 245.1 250 250.5 247.2 243.8 239.5 231.7 224.5 229.4 242 251.5 252.7 252.8 252.5 251.1 251.7 254.5 257.3 256.7 255.5 251.9 249 249.2 250.7 251.4 250.7 247.2 242.7 239.5 237 236.1 236.2 236.7 236.4 234.2 232.1 230.6 229.7 229.7 229.1 228.3 227.5 227.1 227.2 227.1 227.2 226.6 225.8 224.4 222.6 220.8 219.2 217.3 215.2 215 215.3 215.3 215 216.2 218.2
185.2 185.5 196 202.1 202.4 203.3 211.6 219.5 223.8 226.6 228.7 229.7 230.2 231.2 232.6 237.6 242.6 245.7 249.3 251.6 251.2 248.8 246.2 242.4 236.7 230.7 226.7 237.3 247.9 251 252.2 251.8 251.5 253.3 257.5 259.8 260.7 259.4 255.2 249 248.4 250.1 250.6 249.3 245.2 240.8 238.7 236.1 235 234.9 235.6 234.5 232.2 229.8 228.8 228.8 228.7 228.4 228 227.2 226.3 225.8 225.5 225.4 224.4 223 221.8 220.4 219 217.1 217 218.1 219.7 221.5 222.9 221.4 221.5 221.1
184.5 193.8 201.8 207.5 209.7 211 214.1 220.4 224.9 227.3 229.2 230.9 232.5 234.5 238.3 243.3 249.6 252.4 253.9 254.2 255.2 252.7 249.8 247.1 243 237.8 227.2 232.2 243.1 248.1 250.4 250.6 251 252.5 255.9 260.6 263.7 260.1 254.8 249.2 246.2 247.2 246.9 245.4 241.3 239 237.6 235.3 234.7 234.3 234.8 232.8 230.7 229.4 228.7 228.4 228 227.8 227.8 226.9 225.8 224.9 224.5 223.9 222.6 220.9 220.2 218.7 217.6 218.8 220.2 222.1 223.2 224.3 225.4 225.7 224.7 223.8
191.7 203.1 209.6 212.3 219 219.2 217.3 222.2 227.4 229.3 231.1 233.8 236.9 237.8 242.9 250 255.6 258.1 258.1 259.4 259.2 256.3 253.4 250.4 247 243.5 235.3 230.7 241.2 246 249.7 249.8 250.6 251.8 253.6 256.4 257.1 255.4 251.5 246.1 244.2 243.8 243.9 241.2 238.4 238 236.7 235.4 234.9 234.4 233.5 231.9 230.7 229.5 228.9 228.3 227.7 227.3 227 226.2 225 224.2 223.3 222.4 220.9 218.7 218.5 217.5 219.2 221.2 222 223.6 225.5 226.8 228.1 228.4 227.3 226.3
200.9 210.3 214.2 218.6 226.3 225.8 225.4 226.8 230.7 233.4 236.8 241.6 245.1 245.5 248.8 255.2 260.2 263.3 263.6 263.1 261.7 259.7 256.8 253.4 248.5 242 235 231.2 239.8 244.4 248.4 249.3 250 251 252.1 253.1 252.4 251.6 249.4 245.6 242.7 241.7 241.5 240.2 238.8 238 237.4 236.4 235.4 234.8 234.2 232.9 231.8 230.6 229.5 228.7 227.9 227.1 226.4 225.7 224.8 223.8 222.6 221.4 220.4 219.8 219.4 219.8 221.1 221.9 222.7 224.5 227.4 228.9 230.5 230.7 229.9 229
208.5 216.7 223.7 229.3 233.6 234.8 233.6 233.2 235.6 238.7 240.7 249.1 252.7 251.7 252.7 258.6 263.4 266.1 265.2 264.6 263.1 261 259.3 255.1 249.7 242.1 233.9 232.5 239.3 243.6 246.9 249 249.1 250 250.8 251.2 250.4 249.5 247.9 245.7 242.4 241.3 240.8 240.2 239.7 240.4 239.5 237.4 236.3 235.8 235.3 234.4 233.2 232 230.9 229.8 229 228.3 227.4 226.2 225.3 224.1 222.9 222 221.3 221 220.7 221.1 221.4 222.2 223 224.1 226.5 228.7 230.9 232.9 232.8 231.8
215.3 222.7 230.9 241 243.5 243.3 241.2 240.7 243.7 247.2 252 257 260.9 260.4 258.8 261.5 265.7 267.3 265.6 263.4 261.1 260.5 260.6 254.3 247.5 239.4 233.8 234.1 238 242.6 245.6 247.5 248.2 249 249.7 249.6 248.7 247.7 246 244.4 242.7 242.1 241.4 240.8 240.8 241.2 240.5 238.9 237.3 237.3 236.9 235.8 234.6 233.5 232.2 231 229.9 228.8 227.7 226.7 225.6 224.4 223.3 222.6 222.4 222.2 221.8 221.9 221.8 222.6 223.5 224.5 226.3 228.2 230.3 232.2 234.3 234.6
222.1 228.6 240.3 249.9 253 251.3 248.8 246.6 249.6 253.6 258.4 263.5 266.6 266.1 264.2 264.1 267.4 265.7 263.6 261.3 259.4 256.9 254.4 250.7 243.6 238.6 234.7 235.1 237.8 241.6 243.9 246.5 247.6 248.3 248.4 248.3 247.2 245.6 244.5 244.1 243.6 243 242.6 242.1 242 240.6 240.2 239.3 239.5 239.2 238.6 237.3 236.1 234.9 233.7 231.8 230 228.9 227.9 226.9 225.8 224.6 224.2 223.9 223.6 223.4 223.1 222.8 222.7 223 223.9 224.9 226.1 227.7 229.3 231.1 233.1 235.1
225.2 235.5 250.4 259.2 262.1 259.3 254.8 251.1 254 257 261 265.5 268 270.3 267.1 263.8 263.8 262.9 261.3 259 257 253.7 250.6 246.7 241.5 237.6 237.2 236.2 238.4 241 243.2 245.7 246.7 247.5 247.5 247.8 247.1 245.6 245.2 245 244.6 244.1 243.6 243.3 243.2 241.9 241.7 241.8 241.6 241.1 240.4 238.9 237.6 236 233.7 231.5 230 229 228.1 227 226 225.4 225.4 225.1 224.8 224.2 223.7 223.7 223.5 223.3 224.2 225.2 226 226.8 228.3 229.9 232.1 235.5
223.1 239.8 256.6 264 264.7 262.3 259.2 255.4 257.8 261 264.2 266.8 268.1 268.6 267.2 264 261.2 260.1 259.3 257.2 255.3 252.1 248.1 245 241 238.5 239.8 238.9 238.4 241.2 243.1 244.9 245.9 247.2 247.9 247.8 247.7 246.3 246.2 246 245.6 245.3 244.7 244.3 244.3 244.2 244.3 244.4 243.4 242.5 241.6 240.4 238.4 236.2 233.9 231.2 230.3 229.3 228.4 227.4 226.4 226.1 226.2 226.3 226 225 224.5 224.3 224.2 224 224.6 225.5 225.7 225.9 227 228.4 230 233.2
226.7 246.1 260.3 266.6 267 265.6 263.3 259.5 261.7 264.1 266.4 267.2 267.7 268.3 267 264.8 262.2 260.1 258.2 255.4 253.4 250.2 245.7 243.5 241 240.6 240.1 240.1 240.5 241.6 243.5 244.6 245.8 247.2 248.3 248.3 248.7 247.6 247.2 247 246.8 246.6 246.3 246 245.8 245.7 245.6 245.4 244.3 243.3 242.7 241.4 239 236.7 234.4 232.2 230.7 229.9 230.8 228.8 227.4 228.3 228.1 227.7 226.9 226.1 225.7 225.2 224.8 224.7 224.9 225.1 225.1 225.3 225.6 226.2 227.4 229.8
236.8 254.3 264.9 268 269.8 269 267.9 264.1 266.1 268.2 270.3 269.6 269.3 269 268.1 266.3 263.5 260.7 258.5 256.5 252.8 250.1 246.3 243.8 242.8 242 242.2 241.6 241.7 242.9 244.3 245.5 246.3 247.7 248.7 248.9 249.3 248.8 248.2 248.2 248.3 248.3 248 247.8 247.5 247.1 246.7 246.2 245.2 244 243.2 242.3 240.2 237.9 235.7 233.3 231.4 230.7 229.8 228 228.6 229.5 229.5 228.9 227.9 227.5 227.1 226.5 225.8 225.5 225 224.9 224.5 224.5 224.6 225 225.3 226.5
248.5 262.3 270.4 273.6 275.5 275 273.1 268.7 270.5 272.4 273.3 272.6 272.1 270.2 269.2 267.8 265 262.1 258.2 255.3 252.5 250 248 245.3 244.9 246.1 246 245.4 244.7 244.6 246 246.9 247.7 248.6 249.6 249.7 250.1 249.9 249.1 249.2 249.7 250 249.7 249.7 249.4 248.6 248 247.4 246.5 245.4 244.3 243.1 241.5 239.4 237.6 234.5 232.5 231.1 230.8 231.8 228.5 229.8 230.3 230 229.2 229.1 228.4 227.7 226.7 226.1 225.6 224.9 224.5 224 223.8 223.2 223.4 223.7
259.9 270.9 278.6 282.9 284.1 282 279.3 275.5 276.4 277.5 276.9 275.9 274.7 272.6 270.6 269.2 266.4 263.3 260.3 257.3 254.3 251.2 249.2 247.9 248.9 250.2 249.7 249 248.4 247.7 247.6 248.3 249 249.8 250.6 250.8 250.9 250.8 250.6 250.8 251.4 251.9 251.5 251.5 251.1 250.3 249.5 248.9 247.8 246.8 245.4 244 242.6 241.2 239.6 236.8 233.3 233.4 234.3 234.5 232.8 230.1 232 231.9 231.5 230.5 229.7 228.7 227.3 227.2 226.1 225.5 225.1 224.5 224.1 223.3 222.4 221.4
266.5 280 285.9 290.2 293.8 291.4 288.2 285.3 284 282.7 281.2 279.1 277.1 275.1 273 271 267.5 264.5 262.1 259.4 256.4 253.4 250.8 252.3 254.4 255.2 253.4 252.7 252 251.3 249.8 249.9 250.4 251.3 251.8 251.8 252.1 252.2 252.2 252.4 253.1 253.8 253.4 253.4 253.1 252.7 251.4 250.7 249.4 248.4 246.9 245.5 244.1 243 241.4 239.3 236.4 236.8 236.3 236.6 234.9 232.2 234.2 234 233.5 232.1 231.1 229.3 228.2 228.3 226.9 226 225.6 225 224.4 223.6 222.8 221.3
265.7 281.2 290.5 297.4 301.6 299.7 297 294.7 291.9 288.2 285 282.8 279.8 277.5 275.5 273.8 270.1 266.8 263.8 261.4 258.9 256.8 253.7 257.2 259.8 260.4 258.3 256.3 255.7 254.9 252.7 252.2 252.5 252.9 253.2 253.5 254.3 254 253.8 253.8 254.9 255.6 255.6 255.6 255.6 255.1 253.7 253 251.7 249.9 248.6 247.2 246 244.9 243.3 241.9 240.2 240.1 241.1 240.6 238.7 238.4 236.7 236.8 235 233.6 232.2 229.1 229.1 229.6 228.3 227.1 226.4 225.5 224.7 223.9 223 221.8
267.4 282 292.5 299 302.3 304.6 301.9 301 298 294.5 290.6 286.9 283.3 280.4 278.7 277.1 273.5 270.4 267.1 264.6 262.9 259.1 256.9 262 264.6 264.8 263 260.5 259.3 257.7 254.9 254.3 254.4 254.8 255.3 256.6 257.3 257.2 257.3 256.9 256.8 257.4 257.7 257.8 257.9 257.4 256.1 255.1 253.9 251.9 250.6 249.3 248.6 246.8 245.5 244.3 243.3 242.9 244.5 246.7 246.7 245.8 244.5 238.8 236.2 235 232.4 229.3 230 230.7 229.9 228.5 227.1 226 225.2 224.5 223.4 222.3
286.5 280 291.6 299.6 305.3 311.9 315.2 316.7 307.5 301.8 298.2 294.9 292.1 288.7 285.4 282.4 279.6 275 271.5 269.9 266.7 262 260.1 264.4 269.1 268.5 266 263 262.8 260.6 257.8 256.2 256.2 257 257.3 259 260 260.4 260.5 260.6 260 259.5 259.8 260 260.2 259.6 258.5 257.6 256.3 254.4 252.7 252.4 251.9 250.1 248.8 248 249 246.1 246.7 250.3 251.2 251.2 246.6 240.8 236.8 233.9 231.2 231.4 231.5 231.9 231.1 229.7 227.9 226.8 226.1 225.3 224.2 223.1
297.3 279.4 291.3 301.4 307 313.6 320.1 320.5 312.4 308 304.3 301.8 299.7 296.2 292.3 288.3 285 280.7 277.2 273.9 271.6 267.1 262.4 268.6 272.4 271.9 269.7 267 265.9 264.6 263.3 260.2 258.6 259.7 261.4 260.7 261.9 263.3 263.7 263.7 263.8 262.8 262.3 263.1 262.8 262.8 262.1 259.2 258.2 256.9 256.1 256.2 255.7 253.8 251.8 250.7 251.1 251 250.4 251.8 252.5 249.8 246.4 242.8 237.3 233.5 232.9 233.6 233.4 233.4 232.4 231 228.9 227.5 226.8 226.1 225 223.9
300.3 284 301.3 306 308.2 312.1 314.9 317 315.2 313.1 310.5 307.9 305.9 303 298.8 294.7 290.4 285.8 282.3 278.7 275.4 271.6 269.4 273.1 275 275.4 273.7 271.9 270.5 268.4 266.2 264 261.5 261.5 264.4 265.5 265.2 266.5 267 266.6 266.6 264.2 265.6 264.7 265.1 264.9 263.9 261.6 260 259.9 259.8 260 259.4 257.3 255.3 255 255.3 255.5 255.7 255.7 253.9 251.4 248.2 245 240 234.1 235.6 236.1 234.7 234.6 233.9 232.3 230.2 228.1 227.6 226.9 225.8 224.7
301.4 289.3 304.3 308.3 310 314 316.7 318.5 318 316.9 313.3 311.4 309.8 309.1 304.5 299.8 296 291.6 287.3 282.9 278.5 274 271.4 276.1 279.3 279 277.4 275.7 273.5 271.3 269.1 267 265 264 265.9 269 269.4 270.4 270.5 270.3 269.2 268.6 267.9 266.5 267.5 267.9 266.7 265.2 263.9 263.6 263.5 263.7 263.1 260.9 259.7 259.2 259.5 259.8 260.8 261.1 256.8 253.4 250.4 247.4 243.3 238.4 236.9 238.1 237.4 236.8 235.5 233.7 231.5 229.3 228.1 227.2 226.3 225.5
301.8 293.8 305.8 307.8 310.3 313.9 317.7 320.8 319.8 315.2 314.7 314.4 312.8 311.2 307.5 303.7 298.9 294.5 289.6 285.1 278.7 271.2 276.6 280.5 282.3 281.6 280.5 278.8 276.7 274.5 272.3 270.2 268 266.7 268 271.8 273.5 274.2 274.2 274.2 272.1 270.2 269.9 268.9 268.2 269.9 269.9 268.6 267.8 267.2 266.1 266.3 266 264.8 263.6 263.3 263.5 263.7 263.6 264.4 259.8 255.5 252.6 249.6 246.3 242.5 237.3 238.5 239.5 238.7 236.8 234.9 233 230.4 228.8 228 228 227.3
