data/350000-490000.asc
ncols 200
nrows 200
xllcorner 350000
yllcorner 490000
cellsize 50
[rows 108 to 143 of 200, columns 0 to 80 of 200]
103.8 98 87.8 80.3 72.8 69.2 63.1 59.6 57 56 60.8 69.5 73.7 70.3 68.1 62.3 64.7 66 66.6 63.5 60.6 57.6 54.5 53 51.8 51.8 53 50.2 48.9 48.6 48.5 48.5 48.5 48.6 48.2 49.1 49.4 49.4 49.4 49.4 49.8 50.5 51.7 53.2 56 58.6 58.1 56.8 56.4 51.9 54.9 59.3 63.1 63.1 63.6 64 64.5 65.9 70.4 72 83.1 91.8 94.5 92 84.6 85.9 86.7 86 86.1 86.5 87.3 89.1 92.7 97.7 99.5 100.8 104.2 110.7 114.7 118.8 125.5
102.7 99.3 93.6 83.2 74.3 65.5 63.1 60.2 57.6 56.5 57.5 67.3 73.8 69.5 68 68.9 60.3 65.6 66 64.2 60.6 58 55.2 53.2 52.1 53.3 60.4 55.3 48.9 48 47.6 48 48.2 48.5 48.2 48.4 48.9 49.5 49.5 49.6 49.6 49.9 51.3 54.1 55.6 56.7 58.8 58.2 55.4 54.5 55.8 58.6 60.8 63.1 63.7 64.1 64.4 68.4 72.5 72.7 85.9 94 96.3 93.7 87.1 83.4 84.9 89.5 87.6 89.5 90.2 91.8 94.5 98.3 101.4 103.2 105 113 117.5 125.5 128.6
102.7 99.9 93 83.7 78.9 73.7 70.5 63.6 59.4 56.8 56.5 68.3 75.8 71.6 71.3 69.3 65.6 63.2 60 60.1 61.2 60.5 55.1 54.2 53.1 55.4 66.6 62.2 49 47.9 47.4 47.6 47.9 48.1 48.2 48.6 48.7 49.1 49.6 49.5 49.9 50.8 51.7 54.9 55.3 55.6 57.4 56.3 51.7 55.9 57.2 58.2 60.8 65.1 63.9 64.1 64.3 70 72.1 75.9 89 94.9 94.3 88.7 85.7 85.4 88.6 89.4 88.3 90.7 93.5 95 98 101.6 104.7 106.7 109.8 115.6 122.3 130 131.4
103.9 100.7 96.9 90.7 84.5 77.5 70.8 64.8 60 57.6 59.6 69 76.5 74.2 72.1 70 64.3 62.1 57.7 58.9 60.1 59.9 56.8 54.7 53.6 57.6 68.5 65.5 53.3 47.6 47.3 47.4 47.6 47.8 48.2 48.8 49.2 48.1 49.4 49.4 50 52.4 53.4 54.6 54.5 53.7 54.2 53 55 56.1 56.4 57 58.3 59.3 64.7 63.2 66.5 71.1 73.4 78.6 85.4 90.2 86.8 84.5 85.9 85.8 85.5 88.8 89.3 93.7 95.5 96.8 99.5 102.5 106.2 110.7 114.1 119.8 126.4 131.3 131.1
108.6 100.3 95.7 88 83.6 79.6 72.6 68.7 66.7 59 59.7 66.8 72.8 73 69.6 65.9 62.5 60.4 57.4 58 58.9 57.7 55.9 56 55.6 57.5 70.5 70 59.7 49.8 48 46.9 45.1 45.6 48.4 47.2 49.2 49.9 50.3 50.8 48.7 51.4 52.8 53.8 53.5 53 53 51.7 55.3 55.6 55.8 56.1 56.9 59.9 62.4 63 65.3 70 71.9 77.3 83 85.1 84 84 87.9 88.9 87.1 88.5 92.7 96.4 98 98.2 101.8 105.8 110.6 115.4 120.8 120 130.6 131.3 131.1
109 105.8 104 93.3 88.1 82.4 76 73.1 70 61.8 60.5 62.7 68.2 67.2 64.3 61.7 59.1 58.8 57.9 57.9 58.2 57.2 56.3 56.6 56.2 56.3 68 69 63.3 56.6 47.1 44.7 45.2 48.7 48.7 49 49.7 50.1 50.1 50.6 50.8 50.7 52.4 52.1 52.6 51.9 50.7 54.3 54.5 55 55 55.1 56.2 61.3 61.5 62.6 64.9 69.5 82 78.6 86.5 84.9 84.6 87.1 90.2 90.4 89.2 89.6 95.4 101 100.3 101.6 105.3 109.4 113.7 119.1 126.8 126.3 128.6 131.8 134.3
110.7 110.1 106.3 96.4 88.4 82.7 77.1 73.6 72.1 64.1 64.7 64 63.9 62.9 60.5 59.9 58.4 57.1 57.2 57.4 57.7 56.8 58.2 56.2 55.8 56.4 66.4 69 63.7 54.3 45.9 48.3 48 48.4 48.6 48.9 49.6 49.9 49.9 50.1 50.2 51 49.1 50.2 50 53.6 54.2 54.2 53.9 54.3 54.1 54.3 54.6 59.3 60.6 62.8 65.7 74 83.4 85.3 91.1 90.2 90.3 90.9 91.1 91.5 89.7 91.1 101 105.4 103.2 105.1 110 112.8 117.8 124 128.4 126.5 129.3 132.3 136.8
111.2 113.5 109.7 100.8 92.6 84.6 77.6 73.6 70.6 68.5 66.9 65 61.9 60.5 59 63.2 65.4 56.5 56.6 57.7 58.7 57 57.4 56.4 55.9 56 60.3 67.8 67 49.2 47.9 47.7 47.7 48 48.5 48.9 49.4 49.7 49.2 49.2 49.4 50.3 51.2 52.6 53.4 54.4 54.1 53.9 53.9 53.9 53.6 54.1 54 57.2 60.3 62.4 63.6 73.2 73.9 87.3 97.7 98.3 94 95 93.1 93.8 90.7 93.4 108.8 108.2 106.8 110.6 114.2 117.5 123.3 125.9 126.9 126.5 129.4 132.6 138.1
111.1 117.6 114.3 102.7 97.9 88.8 82 75.3 72.3 69.7 68.1 66.2 63.4 61.4 58.4 57.4 56.7 56.5 56.1 57.7 62.6 58.1 56.5 56.8 56.5 55.9 56 63.1 64.1 51.9 47.3 47.6 47.7 47.9 48.3 48.6 49.1 49.7 49.6 49.6 49.6 49.7 51.4 52.7 53.1 53.8 53.7 53.4 53.6 53.5 53.1 54.1 54.4 57.5 59.1 61.5 66.1 69.7 76.9 95 104.3 103.3 99.7 102.7 101.2 98.9 94.5 96.4 107.5 106.6 111.2 115.8 117.3 119.9 124.7 125.6 128.5 127.5 130 133.1 142.4
112.6 120.7 117 102.9 96.5 93.4 87.5 80.2 76.1 72.4 69.9 68.1 64.3 61.5 61.7 59.5 57.8 58.5 56.4 56.6 57 57.4 57 56.1 55.9 54.8 54.7 56.2 59.6 51.2 47 47.3 46.7 47.5 47.9 48 48.5 49.4 49.4 49.3 49.3 50.5 51.9 52.3 52.3 52.4 52.6 53.2 53.3 53.2 53.6 54.5 54.6 57.6 57.2 61.3 69 72 82.4 94.7 104 107.3 109.2 111 110.7 103.3 97.6 99.6 107.6 108.6 117.1 120 118.4 125.2 128.8 127.9 129.6 129.7 130.8 135.6 146
115.8 120.8 113.4 102.9 96.7 95.9 92.8 84.4 80 75.7 73.7 72.8 67.1 63.2 60.7 59.9 59.4 58.9 57.5 56.8 56.8 56.9 58.3 57.4 55.2 54.3 54.2 56.9 57 49.8 46.9 47 47.1 47.3 47.4 47.4 47.9 48.9 48.9 49.1 48.9 50.4 51.8 52.1 52.3 51.2 52.6 53.5 53 52.8 53.1 55.7 53.9 54.5 56.2 62.1 67.8 72.6 82.9 96.8 108.4 108.5 111.2 112.9 114.9 107 99.5 101.8 109.6 109.4 117.4 117 121.2 125.3 127.9 128 128.6 129.2 130.1 142.7 156.9
114.6 120.6 116.9 101.8 96.1 97.2 97 90.8 84.3 79.3 75.8 70 67.2 63.4 63.2 63.6 60.3 59.6 57.7 57.7 58.1 59.1 59.9 59.8 57.6 54.4 54.4 57.1 54.2 48.6 46.5 47.3 47.1 47 46.9 46.9 47.9 48.5 49 49.5 49.4 50.6 51.2 51.4 51.4 50.8 51.7 52.8 52.1 52 52.9 55.2 51.4 52.9 56.3 62 67.7 76.2 87.1 100.3 109.8 108.9 115.6 114.7 119.1 107.5 98.9 103.2 109.1 110.4 115.6 120.3 122.6 125 128 128.8 129.4 129.8 130.3 145.8 161.6
114.3 116.3 118.1 102.7 99 99.4 98.4 92.5 91.2 84.4 78.6 72.6 69.6 66.1 66.2 66.9 61.8 61.5 59.7 59.7 62.3 62.9 65.7 63.2 60.4 57.3 54.7 56.6 51.8 47.3 46.7 47.4 47.1 46.4 46.8 47.1 48 48.7 49.2 49.8 50 50.2 50.6 50.9 50.5 50.9 50.3 51.4 51.3 51.1 54.5 55.3 51.2 53.1 57.8 61.9 67.8 77.6 89.7 102.1 110.1 112.3 120.8 125.7 118 103.9 99 103.7 107.1 109.5 119.1 121.2 126.3 129.4 130.1 129.9 129.3 130.6 133.2 148.3 160.2
122.1 113.7 110.9 105.2 103.8 104.1 104.6 99.8 92.7 90.6 89 79.3 70.3 68.5 70.8 71.8 65.7 64.1 61.3 62.6 64.5 66.6 69.6 70.6 65.4 59.7 57.8 55.4 50 47.1 46.8 47.5 48.1 47.9 46.8 47.2 47.7 48.5 49.1 49.5 49.8 49.6 50.1 50.4 50.5 50.9 50.7 51 50.7 50.4 52.5 55.6 51.1 53.6 58.1 61.2 66 76.9 89.8 101.3 103.4 113.9 120.7 122.4 111.6 103 99.1 104.1 107.2 111.7 119.5 124.1 129.5 135.7 133.9 130.3 129.5 130.7 138.5 151.1 169.1
129.6 116.6 113.3 108.8 107.4 109.4 111.7 104.1 97.4 94.5 93.9 87.3 75.6 70.8 72.3 72.2 66.7 64.6 63.7 64.1 68.4 73.4 79.7 81 72.1 68.3 62.6 56 48.2 45.8 46.1 46.9 47.5 46.4 47 47.1 47.5 48.2 48.9 49.2 49.3 49.3 49.6 50 50.3 49.2 50.2 50.8 50.5 50.4 55.2 53.5 51.7 55.3 58.7 61.3 63.6 74.4 89.4 101 104.4 112.1 114.9 117.2 108.2 104.5 99.7 101.4 104.1 111.4 121 128 137 142.5 139.2 132 134.6 134.6 141.3 154 170
133.9 128 121 114.9 110.3 112.6 117.4 109.2 103.2 100.6 93.3 89 85.8 74.6 73.1 71.4 67.7 66.1 66.9 70 76.2 81.4 80.6 81.4 70.7 70.9 68.6 57 52.2 49.8 43.7 46.3 47.2 47.2 47 47.3 47.6 48.3 48.9 49.1 48.9 49.3 49.6 49.7 50 50.1 50.3 50.8 50.6 53.3 55.1 53 54.4 56.7 58.8 61.4 62.5 72.5 86.8 97.1 103.6 110.7 116.8 110.4 105.8 104.3 100.6 101.9 108.2 115.6 122.5 132.6 141.8 148.9 148 135 139.9 142.7 143.5 155.1 168.9
135.4 134.2 132.9 125.5 118 116.5 123.5 114.4 109.5 107.8 102.4 95.6 88.2 83.2 74.3 71 67.3 68.1 72.1 77.4 81.6 81.5 80.2 82 69.9 73.8 77.4 62.1 51 52.8 46.8 45.4 46.6 47 47 47.5 47.9 48.7 48.8 48.8 48.9 49 49.2 49.4 49.6 49.8 50 50.2 50.8 54.1 54.9 56 55.4 57.3 59.8 60.6 62.6 70.3 82.1 92.8 99.4 111.5 107.2 106.1 104.5 106.4 106.4 108.6 117.2 118 127.7 133.2 142.4 150.4 150.8 137.9 144.6 149.4 145.4 157.2 168.1
138.5 137.9 138.7 135.2 126.6 121.6 127.7 119.1 114.4 113.8 108.3 99.6 91.5 83.5 78.2 73.8 71 69.9 75.7 82.6 81.7 80.5 81.1 81.3 71.2 71.8 72.1 59 51.2 49.5 48.6 43.7 46.3 47.8 47.2 47.7 48.2 48.7 48.5 48 48.4 48.8 48.9 49.1 49.2 49.5 49.7 49.8 50.2 51 52.3 58.5 56 57.8 60.6 61.3 61.9 69 80.6 89 94.2 108.4 106 101.5 111.6 112.2 112.2 112.5 119.9 120 130.2 135.7 141.5 149.2 150.8 141.5 146.4 151.7 149.2 157.3 167.3
144.2 143.4 145.3 143.7 134.5 129.4 130.5 123.9 119.3 120.6 113.8 106.1 96.6 87.2 81.3 77.2 74.4 73.4 84.5 83.7 80.2 81.2 81 79.9 73.4 70.6 63.9 53.9 50.5 46.4 47 47 43.2 47.2 49.7 48.2 48.6 48.6 48.1 47.6 47.6 49.3 48.5 48.6 48.9 49.2 49.7 50.1 50 50.4 55.6 58.8 55.9 57.6 60.4 61.5 62.6 68.9 79.1 87 92.6 96.3 98 107.9 113.9 110.9 114.4 114.8 120.1 125.6 130.6 135.3 140.6 146.5 150.1 141.8 146.1 148.2 150.1 160.2 167
150.8 152.7 165.2 160 147.3 134.9 131.6 130.3 126.2 126.8 119.8 111 100.6 88.2 83.6 82.2 80.1 78.3 84.8 81.9 79.5 80.2 80.3 79.8 79.3 68 59.2 50.7 49.9 46.4 46.5 47.1 46.2 44.3 50.4 49.3 48.8 48.5 48.3 48 47.7 50.6 48 48 48.6 48.8 49.2 49.6 50 50.3 57.7 59.2 59 59.1 59.7 60.1 63.2 68.9 78.1 85 89.9 97.8 94.1 110.7 109.6 111.4 116.4 119.6 120.6 128.2 131.6 135.6 140.5 147.8 147.7 141.6 148.9 147.1 150.4 159.7 167.5
157.3 164.2 169 177.8 172.9 154.5 134.7 134.2 128.6 129.8 125.2 115.9 102.7 94.5 90.2 86.9 85.1 82.2 83.2 81.5 82.1 77.8 76.4 79.1 83.4 65 55.9 51.6 50 46.6 46.4 46.1 45.4 45.5 51.2 49 48.2 47.9 48.2 47.8 48 49.3 47.8 47.7 48.5 48.5 48.7 49.1 49.4 49.9 54.7 58.1 58.6 59.3 59.3 59.9 64 70.9 76.5 78.1 86.2 91.3 92.1 105.4 105.5 111.9 116.8 113 121.8 127.3 131.3 137.1 144.3 151.9 142.8 141 148 145.2 152.4 162.3 169.5
160 166.1 172.2 174.8 176.3 175.5 148.9 139.6 131 127.5 124.2 116.8 108.9 101.3 97.2 92.6 87.4 84.9 85.5 86.2 81.1 75.1 73.6 74.3 79.2 64.4 56 55.8 52 46.3 45.7 46.4 43.2 49.3 50.4 48.5 47.2 47.4 47.3 47.2 47.3 48 48.2 47.7 48.1 48.1 48.2 48.6 48.8 48.8 52.2 56.3 57.7 58.6 59.4 60.2 65 70.2 72.3 75 86.4 87.4 94.4 95.9 104.4 106.7 110.7 115.4 117.5 123.3 124.5 134.8 144.5 148.5 140.5 142.7 147.6 144.3 160.4 168.5 169
165.1 167.3 172.8 180.6 180.6 174.3 156 147.8 138.7 130.9 127.1 122.7 115.7 107 103.4 96.1 92.1 89.5 86.6 86.7 80.3 73.5 71.2 72.9 69.9 65.7 57.8 54.6 51.1 46.5 45.4 43.2 46.7 50.8 49.1 48 46.6 47.2 47.3 47.2 47.1 47.5 47.4 47.2 47.3 47.4 47.6 48.2 48.3 48.5 52.2 57 57.9 58.6 59.5 60.7 65.5 69 69.4 71.5 81 89.2 94.7 94.7 98.3 103.6 108.2 115.6 115.7 121.6 123.7 133 141.1 141.7 143.2 144.4 143.9 148.1 161.9 169.2 170.8
170.8 172.4 177.6 183.7 183.5 177.4 166.4 157.1 149.8 136.6 131.7 130.9 126 117.7 109.6 99.1 95 93.6 90.2 85.3 78.3 73.5 71.1 70.6 70.5 63 55.8 52.3 50 47.8 46 43.3 47.8 50.2 49.8 47.5 46.7 46.8 47.3 47.2 47.1 46.8 46.9 47.1 46.7 46.7 47 47.7 47.9 50.2 55.6 57.5 58.1 58.8 59.4 60.1 63.1 62.4 65 71.5 75.8 83.8 87.2 89.4 97 103.5 108.5 112.1 115.1 124.1 122.2 130.3 137.3 138.9 146.2 147.2 142.5 151.8 159.9 166.8 170.6
173.2 177.6 181.4 186.1 185 181 175.2 169.6 161 152.2 141.9 138.3 135.2 129 116.8 106.7 101 98.3 92.5 83.7 79.8 74.3 71.4 70.7 64.8 58.9 55 52.3 49.6 48.9 46.5 45.1 46.7 49.9 49.5 49.7 47.1 46.9 47.1 47.1 47 47.1 47.2 48.8 46.8 46 46.6 47.3 46.8 47.3 53.9 57.2 58 59 59.4 60 61.6 63.6 65.9 70 75.6 80.2 83.7 90.7 93.6 100.1 107.3 111.9 115 125.3 120.7 122.8 131.6 140.2 141 142.8 146.9 158.3 163.7 165.1 171.7
174.2 179.1 183.4 188.4 186.8 182.9 181.8 183.3 180.3 172.9 164.4 152.2 142.3 135.5 124.1 116.5 107 101.4 97.8 91.8 78.6 75.2 71.9 70.8 62.8 56.4 53.9 51.3 48 47.5 46.3 44.1 45.8 49.7 48.9 48.4 49.6 46.4 46.7 46.9 47.4 47.7 47.8 48 45.9 46.3 46.7 47.3 46.2 47.3 51.2 56.2 59.6 59.9 59.6 61.5 62.6 61.9 65.2 69 71.2 78.2 81.5 87.3 94 98.1 105.6 111 115.1 123.4 119.7 118.4 131.9 137.5 144 142.3 156 159.1 162.3 165.7 173.7
174.2 178.2 182.7 187.7 192.4 189.6 189.5 190.2 186.1 178.5 170.4 158.9 149.7 142 132.5 126.6 113.9 105.5 104.6 100.2 87.3 76.7 70.7 66.5 60.5 55.3 53.1 51.5 47 47 45.8 43.1 45.1 49.2 48.1 47.4 48 49.8 46.6 47.6 47.9 47.6 48.7 49.3 47 46.6 46.9 47.1 47.1 47.7 49.2 56 60.9 61.2 59.1 62.9 65 65.8 65.1 68.6 71.2 75.6 76.7 82.9 89.9 95.4 102.9 108.9 115.7 121.7 118.7 115.9 127.5 133.1 146.3 142.3 155 158.9 160.9 166.9 172.2
175.4 177.9 181.3 186.3 193.3 195.5 192.7 191.2 188.1 182.1 174.9 166.1 158 150.5 143.3 132.8 123.7 114.9 112.1 106.3 93.5 86.8 74.2 68.9 61.9 56.5 53.6 51.7 48.8 47.6 46.6 45.7 43.4 49.1 47.4 47.2 48.2 47.9 48.8 50.9 47.9 46.8 47 46.3 46.1 46.4 47.5 46.7 47.2 48.3 49 53.7 61.8 62.5 60.8 61.7 64.5 65.9 67.2 69.9 71.3 73.2 75.6 81.2 86.6 91.7 100.3 106.6 112.8 119.4 118.5 115.5 123.9 133.6 142.3 147.3 152 156.9 158.5 166.5 171.5
175.5 178.6 181.3 185.7 191.2 198.3 197.7 193.2 187.9 183.8 177.9 171 162.9 157 150.6 145.6 133.6 123.7 118.9 113.1 101.1 91.6 81.9 74.9 59.9 52.6 49.8 51.7 50.5 48.8 46.8 45.9 43 45.2 46.2 46.2 47.3 47.9 47.5 51 45.8 45.8 46 46 45.9 46.4 47.5 46.9 47.3 48.1 49.2 56.7 63 62 61.1 63.3 64.9 65 67 69.4 70.9 72.1 74 77.6 81.8 87.6 100.2 104.6 111.6 114.6 112.9 111.9 120.7 129 134 150.2 151.6 155.8 158.2 166.1 175.6
174.4 178.9 181.6 184.9 188.9 194.6 197.2 195.4 189.2 185.6 179.6 174.6 168 160.5 153.2 149.4 143 131.7 123.8 118.7 108.8 98 85.7 73.8 58.3 53.3 48.5 49.3 50.6 48.4 48.4 46.2 44.2 43 44.9 46.3 46.4 47.2 47 46.4 45.7 46.9 47.1 46 52.4 51.3 50.6 48.1 49.6 48.6 51 58.2 60.6 61.2 63.8 65 65.1 63.8 66 69.4 70.9 71.7 71.9 75.1 78.4 85.7 94.6 101 109.1 113.6 112 111 116.5 127 140.1 144.9 149.2 154.7 159.3 169.9 178.9
169.6 178.6 182.1 185.8 189.6 193.4 194.7 195 190.6 186 181.4 175.8 171.4 164.5 156 151.2 146.9 142.8 128.6 124.1 114.1 104.8 87.8 73.7 52.8 48.4 48.3 48.3 49.3 48.4 49.5 47.1 47.1 47.1 45.5 42.7 45.8 46 45 44.6 45 44.8 45.1 52.7 53.8 52.3 51.7 52 55.1 52.3 51.7 58.3 56.8 60.3 62.7 63.9 63 62.7 67.3 70.5 70.7 71.2 70 72.1 75.6 85.1 93.3 100.2 105.5 111.9 108.7 111 119.7 132.8 140.1 149.3 150 155.1 164.2 173.5 180.4
168 176.2 180.7 186.4 190.9 194.6 194.7 194.7 189.4 184.7 180.7 177 174.1 168.1 160.1 154.5 148.9 145.1 137.6 121.9 109.4 99 89.1 73.9 54.7 48.5 48.5 49.2 50.2 49.1 49 48.2 46.7 45 44.6 43.1 42 45.5 44.4 44.2 44.5 44.7 45.7 48.1 52.4 52.6 53.4 55.2 58.7 55.9 51.6 52 53.6 58.4 61.2 62.3 61.9 62.9 67 69.5 69.9 70.6 69.7 71.4 75.5 86.7 91.1 99.3 107.9 109.6 107.7 111.6 123.2 137.7 140.7 146.1 151.7 157.2 167 176.5 179.9
164.6 173.9 178.8 182.2 190.3 193.1 195.4 194.8 190.8 183.2 177.7 174.7 171.7 168.5 164.2 157.6 153.9 150.1 141.9 123.9 106.4 97.7 91.5 76.9 59.8 49.5 49.4 50.6 50.7 50.6 49.6 49.8 47.1 45.1 44.5 43.8 42.6 42.5 44.5 44.2 44.4 45 46 46.6 50.1 54.4 51.7 55.7 57.1 57 53.1 52.3 52.9 56.1 59.7 61.2 63.8 66.8 67.8 67.9 70.1 70.2 70.8 72.6 74.8 83.9 90.8 100.1 105.7 106.2 109.3 116.9 132.5 137 145.6 147.9 152.5 160 169.5 179.2 180.7
162.4 166.4 177 177.5 187.2 192.5 193.8 192.1 190.8 186.8 176.2 171.5 167 165.6 163.2 159.5 157.7 153.4 143.7 128.2 110.8 100.5 94.3 81 67.4 50.8 50 53.4 52.7 52 51.2 51.5 47.8 45.7 44.9 44.2 44.7 41.4 41.1 44.6 44.6 44.9 45.8 45.5 49.2 54.2 55.2 54.6 56.5 58.1 55.3 53.2 53.8 53.8 57 63.2 66.5 66 68 69.8 71.5 71.1 76.9 80.3 75 78 83.4 102.2 100.8 112.1 120.9 119 127.2 138.9 145.6 148.7 154.3 162.6 172.1 180.6 179.6
159.2 162.2 173.7 174.4 177.9 189.5 189.9 187.5 183.1 179.8 178.1 168.9 163.5 160.7 160.2 156.7 155 153 143.6 129.6 114.7 105.9 96.2 82.2 70.6 56.7 50.1 55.6 55.3 53.1 52 52.7 50.3 45.7 44.6 43.6 42.9 41 42.4 44.7 45 44.8 45.7 46.3 53.9 58.1 57.1 56.2 58.2 60.7 56.2 51.1 51 52.1 59.8 62.2 65.7 65.8 67.5 69.6 70.8 70.7 80.9 78.5 79.5 85.3 90.3 102.2 102.6 104.9 111.6 120.4 134.5 140.4 143.3 149.4 157.4 165.2 174.7 180.7 178.9
154.5 161.1 166 172.4 173 181.2 183.2 181 174.5 171.6 166.3 167.7 161.3 157.4 154 150.5 148.9 147.3 142.5 127.8 114.5 108.8 100.8 87.2 75.2 63.2 53.8 54.9 54.5 53.9 53.8 55.7 52.5 47.4 44.8 43.9 43.7 40.7 43.6 43.9 48.4 45.6 45.7 47.1 57.5 64.9 63.1 57.3 56.8 60.5 60.6 57.8 51.4 49.9 58.4 61.2 63.6 65.8 67.6 68.6 69.5 71.1 73.9 78.3 83.2 94.2 97.5 104.5 107.2 108.3 116.2 127.9 136.8 140.9 146.7 152.7 160.5 168.7 177.2 181.2 178.5
