data/350000-650000.asc
ncols 200
nrows 200
xllcorner 350000
yllcorner 650000
cellsize 50
[rows 140 to 174 of 200, columns 78 to 155 of 200]
384 380.4 376.4 372 368 362.7 357.9 355.9 350.7 343.2 339 334.1 331.2 335.9 344.1 347.9 350.9 354.9 357.9 356.5 352.9 347.2 337.8 311 287.3 269.3 267 282.3 304.1 324.2 333.5 338.6 342.8 346 349.4 352.2 353.4 353.5 352.5 350.2 348.4 347 343.9 340 338.3 337.6 338.4 339.7 341.9 346.3 349.3 352.1 355 358.3 362 365 366.2 366.7 365 362.9 360.9 356.3 353.2 349.7 346.4 345.3 345.3 345.8 346.9 346.8 344.7 342.5 339.2 335 329.5 322.3 311.1 307.2
384.1 381.3 377 372.6 368.1 365.1 364.4 362.4 359.4 354.9 348.8 341.6 338.4 330.8 327.6 337.7 342.3 347.7 350.5 350.3 348.5 343.3 332.4 305.8 283.4 267.5 264.6 284 306.6 322.6 329.2 333.1 340.1 344.2 348.9 352.4 352.9 352.9 352 350.1 348.2 347.6 343.7 338.8 337.2 336.9 337.5 338.8 341.3 344.8 347.9 350.8 353.6 356.5 360.1 363.1 363.9 364.3 362.7 360.6 358 354.7 352.3 348.7 345.3 343.4 343.1 343.4 345 345.3 343.2 341.2 339.7 336.8 332.3 326.3 320.1 308.9
384 381 377.5 373.9 371.6 370.2 369.1 367.1 364.3 361.5 357.1 351.9 346.8 339.3 323.1 322.3 333.7 340.5 343 343.5 341.7 335.7 325.2 300.8 279.5 264.2 262.7 282.4 302.1 310.4 314.7 327 338.2 346.1 350.4 352.8 354 353.2 353.3 351.8 349.8 345.7 342.2 338.5 336.2 336.3 337.2 338.2 340.3 343.4 346.5 349.5 352.3 355.2 358.1 360.4 361.5 361.9 359.7 357.4 355.4 353.2 350.6 347.4 344.5 342.7 341.8 341.8 342.3 343.1 342.1 340.3 338.8 337.1 334.2 330.3 326.4 321.1
382.9 380.9 379.4 377.5 375.9 374.3 372.9 371.4 369 365.6 361.2 357 350.5 343 330.6 306.1 321.5 331.8 334.5 336.4 334 328.3 321.4 297.5 276.7 262 262.1 278.6 289.3 298.3 312.6 331.4 342.1 348.4 351.6 355 355.3 356.1 354.5 351 347.7 343.8 339.9 336.5 335.7 336 336.9 337 338.6 341.6 344.6 347.9 350.8 353.1 355.5 356.7 357.7 358.3 356.6 355.2 353.7 352.5 350.2 346.7 344.3 342.3 340.5 340.1 339.6 340.4 340.2 339.9 338.1 336.7 334.9 332.5 330.2 326.9
380.1 380.4 379.3 378.9 377.7 376.2 374.9 374.4 372.3 368 363.8 359.5 351.9 342.1 327.9 303.5 308.6 325.5 328 327.6 324.8 321.4 315.1 295.7 271.4 259.7 260.7 272.1 284.3 302.9 321.5 336.3 346.2 350.5 353.7 356.2 355.7 355.7 353.4 349.6 344.9 341.2 339.2 336.1 335.2 335.3 335.5 335.7 337.2 339.5 342.8 346 348.9 351.1 353 354.3 354.7 355.5 355.2 353.9 352.6 351.9 350 346.8 345.1 343.1 340.9 339 338.5 338.1 338.2 337.7 337.5 336.4 335.5 333.6 331.6 329
377.2 378.5 378.6 379.3 377.8 375.5 376.1 375.6 371.9 368.4 364.5 359.9 352.2 345.3 324.6 301.1 301.8 317.2 319.9 314.4 310.3 308.4 305.3 293.8 271.5 258.1 259.6 268 289.2 310 328.5 341.3 347.9 352 355.3 356.5 355.6 352.9 349.4 345.8 342.1 339.2 337.1 335.7 336 335.7 333.7 334.3 335.7 338.1 341.9 344.7 347.3 348.7 350.5 351.9 352.5 352.9 352.6 352.4 351.7 351 349 346.7 346 343.2 341.4 338 337.4 336.8 336.3 336.2 336.6 336 335.4 334.3 332.1 329.5
373.8 375.1 377.2 377.9 376.2 373.8 372.5 371.4 368.3 365.4 362.4 359.3 353.1 345.9 327.9 300.5 292.4 299.6 305.7 300.5 295.3 294.9 292 286.1 276.1 256.3 258.3 267.5 291.3 315.9 333.7 344.2 349 352.1 354.8 354.8 352.5 349.3 345.7 342.3 339.2 336.7 335.9 335.9 335.7 335.5 333.6 333.1 335.2 337.4 340.9 343.9 346.4 348.2 349.4 349 349.6 350.5 350.7 350.6 351.2 349.4 346.8 345.5 344.4 343.3 342 338.8 335.8 334.3 333.8 334.8 335.1 334.7 334.1 333.8 332.3 330.1
369.1 371.6 374.3 375.5 373.5 369.7 365.2 362.7 360.1 357.7 354.6 353.3 351.6 345.9 332.7 311.1 286.6 286.3 290.9 288.9 285.4 282.3 278.8 275.2 267.7 255.2 256.5 272.6 295.5 319.8 338.4 345.4 350.3 353.3 353.7 352.4 349.3 346.8 343.2 340.1 338.4 337.7 337.1 336.4 337.3 335.5 333.8 332.7 334.4 337 339.8 343.1 345.4 346.5 347.2 347.6 347.7 348.2 348.8 348.9 348 346.4 345.1 344.4 343.3 342.4 341.5 339.2 336.3 334.1 331.9 332.4 332.5 332.3 332.1 332 330.6 329.3
363.9 366.8 369.9 371.3 369.9 365.7 356.8 349.8 348 345.2 345.2 345.1 348.8 344 331.4 314.6 299.3 277.8 277.7 278.5 275.7 273.7 270.6 264.8 255.5 255.1 262 284.7 304.8 326.6 341.7 347.2 351 352.8 352.8 349.6 346.4 343.6 340.9 339.5 339.3 338.3 337.9 338.1 337.5 335.4 333.1 331.7 332.7 335.6 338.6 341.9 344.3 345.6 346.8 346.8 346.9 347.3 347.4 346 344.6 344.1 343.8 343.1 342.2 341.4 340.5 338 336 334.7 331.4 330.2 329.1 329 328.8 329.1 328.3 327.7
358.5 361.6 364.5 365.7 365.2 360.2 352.6 340.9 323.9 325.6 329.9 332.9 342 339.2 327.1 315.1 303.2 289.5 274.3 265.1 266.2 265.2 260.9 254 251.3 261 281.4 300.4 316.7 334.6 345.2 348.7 350.7 351.6 350.7 347.6 343.3 340.6 339.4 339.1 338.9 338.1 338.5 338.9 337.4 335.6 333.2 331.2 331.2 334.6 337.7 340.2 343.2 345.3 346.4 346.5 346.5 346.6 345.7 344.3 342.5 341.9 341.6 341.3 340.9 340 339.1 337.1 335.3 334 332 329.9 326.7 325.6 325.6 326.1 325.9 325.1
352.1 354.6 357.5 359 358.3 354 346.7 334.8 319.1 306.4 311.9 321.6 333 328.8 321.1 311.8 298.1 288 277.1 266.2 257.4 256.8 250.6 250.9 260.1 283.9 301.7 317.1 332.3 343.1 346 349.1 350.3 350.2 347.6 344.3 341 339.8 339.7 339.4 339.1 338.8 339.2 338.2 336.6 336.2 335.3 332 330.4 331.8 336.1 339.6 342.8 345 346.2 346.2 346.3 346.4 344.4 342.6 340.8 340 339.5 339.2 338.8 338.2 337.3 336.1 334.7 333.8 332.5 330.6 327.6 324.2 320.1 321.3 321.6 321.3
345.7 348.1 350.6 351.3 350.1 345.8 338.5 328.1 310.5 297.6 302 309.2 319.9 318.9 314.9 302.5 291.2 281.2 272.8 264.4 256.3 249.6 249.1 267.6 286.8 305.2 321.6 335.1 342.3 346 348.2 350.1 349.1 347.1 344.9 341.5 340.5 340.5 339.8 339.6 339.4 340 340.1 338.9 339.6 339.3 337.4 334.6 331.1 330.6 334.6 339.3 342.5 344.4 345.9 346.3 347.4 346.8 344.6 341.6 339.9 338.6 337.9 337.1 336.7 336.1 335.6 334.9 334 333.5 332.3 330.8 328.2 324.9 320.5 316.3 316.3 317.9
339.4 342 343.6 344 341.5 336.7 329.1 320.7 300.9 290.4 293.2 298.3 307.5 308.8 302.4 288.8 279.9 271.9 264 255.7 249.9 247.7 270 290.5 308.3 327.4 339 343.7 346.2 348.1 349.6 349.4 347.1 343.4 340.4 340.8 341.7 341.4 340.6 340.5 341.3 341.8 341 341.2 341.9 341.1 338.6 336.4 333.8 329.8 333.2 338.8 342.2 344 345.8 347.3 348 346.5 344.2 341.3 339.4 336.9 335 334.6 334.9 334.7 334.3 333.8 332.5 331.6 330.7 329.5 326.5 322.7 318 314.6 312.8 315.1
334.3 337.1 336.6 336 332.8 328 319.6 310.9 293.3 282.3 283.6 288.1 295.3 293.2 284.4 275.8 267.4 260.7 251.6 246.8 247.6 269.8 290.4 313.6 332.8 342.6 345.4 347.5 349.3 350 350.1 348.6 344.3 340.1 339.8 339.1 342.5 341.7 342.1 341.7 342.3 342.5 342.7 342.8 342.9 342.1 339.5 336.9 333.2 329.1 332.7 338.7 342.1 344.7 346.4 346.9 347 345.6 343.7 341.4 339.8 336.8 333.9 333 332.4 332.9 333.1 331.5 331.1 330 328.9 327.5 323.8 319.5 315.2 312 308.9 311.8
329.8 333.2 330.6 327.7 324.6 320.1 312.4 303.9 289.1 274.2 271.5 272.7 275.5 273.2 266.9 260.8 255.9 242.3 244.2 246.6 267.9 288.8 308.1 332.1 344.5 346.7 348.7 350.7 350.9 350.3 348 345.1 341.2 339 339.8 338.1 341.3 343.2 343.3 342.4 342.6 342.3 342.8 343 343.1 341.3 338.7 335.2 331.2 328.5 334.2 338.8 342.2 345.1 346.4 346.6 346 344.6 343.3 341.7 340.5 338.7 335.4 331.9 330.8 330.3 331.6 329.6 329.6 328.4 327 325.3 321 316.4 313.5 309.5 304.4 305.6
323 328.5 326.7 318.7 315 310.4 302.7 296.1 285.8 268.5 261.4 260.8 259.2 257.2 250.9 240.8 241 243 248.2 268.5 287.9 308.1 326.2 342.7 346.7 349.1 351 352.6 352.2 350.5 347.6 342.7 339.2 338.8 338 339.1 339.1 343.8 343.9 342.9 342.3 342.3 342.6 343 341.4 339.2 336.4 333.1 329.1 330.4 335.6 339.7 342 344.6 346.1 346 345.1 343.9 342.5 341.1 340.6 338.4 335.5 332.5 329.5 327.8 328.1 327.8 327.4 326.6 324.2 321 316.5 314.2 311.9 307.9 303.6 298.6
317 325 324.6 316.4 302.5 299.2 293.3 287.8 277.4 262.3 254.5 252 250 243.8 238.5 240.1 241.6 249.2 266.9 287.2 306.4 324.3 339.9 345.4 348.4 351.3 353 353.4 352.7 349.4 346.1 341.5 338.2 338.3 338.3 336.2 336.6 343.5 343.5 343.4 341.7 341.5 341.2 340.6 338.9 336.6 333.8 330.3 325.5 332.8 336 339.2 342 344.1 345.5 345.3 343.7 342.3 341 340.2 339.1 337.4 335.2 332.4 329.2 326.4 325.3 325.2 324 322.3 320.4 316.6 313.1 311.2 308.4 304.3 300.1 292.8
309.9 318.4 322.4 317.8 300.9 285.6 280 274.3 263.7 255.2 249.2 242.7 236.3 236 238.9 240.4 250.7 268.7 277.4 301 319.3 334.6 341.6 346.5 349.6 352.2 354.2 354.1 352.5 349.6 344.2 339.9 336.9 336.7 336.3 335.1 339.7 342.7 343 342.5 341 339.9 340 338.3 336 333.1 329.9 326.5 327.4 332.6 334.9 338 341 342.9 344.6 343.7 342.3 340.6 339.4 339.4 338.4 336.8 334 330.9 327.8 324.9 322.3 322 320.5 318.3 315.5 312.7 310 305.9 301.6 298.7 285.9 286.6
310.5 311 319.6 318.4 308.7 285.9 269.4 261.3 254.6 248.7 239.9 233.9 235.3 237.1 239.2 248.5 270.1 289.9 297.5 306.3 327 336.3 342.6 347.9 351.3 353.6 354.8 353.6 351.6 348.9 344.4 340.9 335.9 335.3 334.7 334.7 339.4 340.8 341.2 340 338.5 337 335.9 335 332.2 329.4 326 322.5 328.7 331.1 333.3 336 338.7 340.5 341.7 341.3 340.4 339 338.7 339 337.7 335.9 331.8 329.4 326.3 323.3 320.5 317.5 316.3 313.9 310.8 308.3 305.3 300.7 296.5 284.8 284.4 288.1
309.8 305.9 318.1 320.8 313.2 295.1 272.1 257.9 250.7 239.1 234.7 233.9 234.8 236.3 248.1 268.5 292.5 308.1 315.8 322.2 332 339.7 344.5 349.4 352.6 354.8 354.4 353.2 351.4 347.6 343.9 340 336 334.6 333.9 333.4 337.4 339.2 338.7 337.4 336 334.2 332.6 331 329.3 327.2 324.9 319.2 326.7 329.3 331.5 333.8 336.4 338 338.9 338.8 338.3 338.4 338.2 338 336.4 335 331.8 327.1 324.5 321.5 318.2 313.2 309.8 308.8 305.8 302.3 299 296.6 291.1 283.8 286 298.8
300.8 309 319.1 323 318 304 280.9 259.4 247.9 235.2 231.7 232.1 233.9 245 267.4 289.8 309.9 319.3 324.6 329.4 335.9 342.4 346.9 350.7 353.4 354.4 353.8 352.8 349.9 346 341.5 337.5 334.9 334 333.2 332.3 335.8 336.2 336 334.9 333.2 331.4 329.6 327.1 326.2 323.7 321.1 319.4 325.1 326.9 329.4 331.9 333.8 335.4 337.2 337 337.6 337.7 337.5 337 335.5 334 330.6 326.6 323.5 319.8 316.2 311.8 306.4 302 300.7 297.6 294.9 291.3 283.9 282.1 296.9 308.2
295 311.5 321.4 325.3 319 307.8 286.3 262.3 245.7 229 230 232.1 237.1 259 283.9 304.7 319.2 327 331.1 335.9 340.9 345 348.4 351.3 352.9 353.6 353.4 351.1 348 344.5 340.9 336.5 335.2 334 332.9 330.6 334.4 334.7 333.3 332.4 330.3 328.3 326.2 324.9 323.4 320.8 316.5 319.6 322.2 323.7 326 328.9 330.5 332 334.1 335.5 336.9 337.1 336.7 336.3 334.8 331.9 329.2 325.9 322.9 318.9 315.4 311.1 307.4 301.5 293.3 293.5 291.5 282.4 281.3 295.3 304.4 311.6
303.6 315.5 324 324.8 316.1 301.4 280.5 258.9 243.4 228.4 231 232.1 244.3 268.3 292.6 314.8 327.4 333.2 338.2 341.4 345.9 348.7 350.6 352.4 353.2 354.4 352.3 348.7 346.7 345.6 343.3 339.8 335.7 334.4 333 329.1 332 331.7 331 330 326.8 324.2 322 320.4 319.9 317.9 312.9 316.6 319.3 321.3 322.3 324 325.6 327.7 330.2 333.1 335.8 336.3 335.8 335.4 333 329.6 328.1 325.5 321.7 318.1 314.8 310.5 306.3 301.1 294.7 287.1 282.6 281.1 291.6 300.6 310.1 314.5
307.8 318.5 325.5 320.7 310.1 291.6 271.9 255 235.5 228.4 229.9 236 254.1 276.8 301.6 322.1 333.1 340.6 343.6 347.1 351.1 351.4 352.6 354.2 354.4 353 350.3 347.5 345.3 343.8 342.3 338 335.7 334 332.4 329.8 325.8 328.8 328.4 327.4 323.9 319 317.2 315.6 314 312.3 310.3 312.1 315.2 316.9 317.3 319.1 321.7 324.2 328.5 331.4 335.2 336.5 336 335.1 331.4 329.1 327.7 325.4 321.6 318 314.4 309.8 305.2 299.7 292.7 281.1 281.4 289.1 298.3 308.4 313.1 317.8
312.2 320.4 322.7 313.9 299.4 280.2 261.2 246.6 225.8 228.3 232.2 239.3 259.7 281.5 302 321.5 336.9 345.2 348.9 351.7 354.2 354.6 354.3 354.6 352.8 350.6 348.1 346.3 345.8 343.5 340.7 337.7 335 332.9 331.7 329.2 327.9 325 323.7 323.3 321.9 322.7 324.3 323 320.6 318.4 313.3 307.6 308.3 310.5 312.4 315.1 317.7 322.2 327.4 331.1 334.8 336 335.7 334.1 331 329.5 327.8 325 321.3 317.9 312.4 307.5 303.2 296.9 290.6 280.6 277.8 293.7 303.1 311.2 315.8 320.3
314.8 320.3 315.1 305 287.4 267.4 250.3 226.7 226.4 228.3 234.5 242.2 253 271 290.8 311.9 335.9 347.5 353.5 355.9 357.2 357 355.5 353.5 351.7 349.2 347.5 344.9 343 341 338.4 336 334 332.1 330.9 331.8 332.1 331.9 331.7 331.2 330.6 330 329.4 327.1 325.9 322.9 320.2 315.9 311 303.8 306.8 309.9 315.3 321.3 326.6 330.2 334.4 336 335.8 333.7 331.3 329.3 327.2 323.9 320.5 315.2 310.6 305.2 298.4 292.4 288.6 278.8 286 296.8 307.5 313.2 317.8 322.3
314.5 312.8 305.8 294.1 274.4 255.6 240 224.3 226.6 228.7 241 255.8 259.1 263.8 286.6 308.7 329 349.1 356.5 357.4 357.5 356 355.7 354 350.9 347.5 344.3 342.3 340.6 338.5 336.5 335.2 333.8 333.5 333.2 335.1 336.9 336.5 336.7 336.7 336.4 334.9 332.7 330.1 328.2 326.1 324.1 322.6 317.9 312.1 302.6 305.8 313.8 321.2 326 330.7 334.4 335.9 335.2 333.7 331.8 329.1 325.3 322 318.7 313.5 308 300.3 293.8 289.4 287 278.2 293.1 301 308.1 314.4 319.1 323.3
308.7 304.1 295.4 280.8 260.4 244.3 228.1 223.9 226.6 236.2 254.9 271.1 273.2 274.2 282.6 304.6 324.3 349 356.1 357.9 358.4 357 356.3 354.5 350.4 347.8 345.2 342.5 339.8 338 336.6 335.6 335.2 335.9 337.2 338.8 339.5 340.4 340.4 340.8 340.1 337.4 335.5 332.9 331 329 327.9 326.5 322.8 315.6 303.2 303.3 313 320.2 325 330.6 333.6 334.9 334.3 333.2 330.6 327.1 323.3 320 315.3 310.1 304.3 294.5 290 286.8 278.3 286.5 296.3 303.6 309 314.7 320.7 325.3
300.8 294 283.5 265.7 248 235.2 222.3 223.4 229.2 248.5 267.6 284.7 294.6 290.1 290.4 305.4 327.1 350.9 357.3 358.7 359.5 359.1 357.2 354.2 350.4 347.8 345 341.9 339.9 338.6 337.2 336.7 338 339.4 341.3 340.7 342.1 342.8 343.7 343 340.8 338.7 336.7 335.1 333.5 332.8 331.2 327.9 324 317.7 308.5 302.6 311.6 318.6 324.9 329.3 332.2 333.4 333.4 331.9 328.5 325.1 321.5 317.8 311.8 307.7 298.7 291.7 287.8 278.2 276.8 291.7 300.9 306.3 311 316.1 321.7 327.5
291.2 282.7 269.1 252.1 236.7 222.4 221.3 222.8 240 260.9 280 297.4 311.9 312.9 309.7 312.1 331.5 355.8 360.1 360.8 360.8 360.8 357.3 353.6 350.3 347.2 344.8 342 340.3 339.1 338.5 340.2 342 342.4 343.5 342.6 343.1 343.4 343.8 342.9 340.8 339 337.5 336.1 334.6 334 332.9 329.2 324.8 318.6 310.2 296.3 306.6 317.2 324 328.3 331.4 332.3 331.3 328.9 326 323 319.2 313.4 309.7 303.3 296.3 290.6 277.7 275.8 280.1 295.4 304.2 308.6 312.2 318.8 324.1 329.3
281.2 272.2 256.8 240.6 226.4 220.5 220.5 229.6 253.6 273.7 293.2 310.3 323.7 336.6 336.7 334.9 338.9 356.7 363.9 362.6 362.2 361.1 357.7 354 350.7 347.7 344.7 342.5 341.3 340.8 342 343 344 345 345.6 344.2 343.5 343.5 342.7 341.9 340.8 339.2 337.6 335.9 334 333.3 332 329.1 324.4 319 310.9 301.4 300.5 315 321.8 327 329.8 330.1 328.6 326.1 323.4 320.4 315.4 310.4 306.4 299.8 295.5 290 277 276.2 282.9 297.5 304.2 309.5 314.3 321.5 327.9 332.4
273.2 262.3 246.5 232.7 220.2 219.5 218.9 244.1 266.1 287.1 306.4 322.8 337.7 350.3 357.8 362 362.1 366.9 367.8 366.8 365.1 362.3 359.1 355.5 351.5 348.1 345.3 343.8 343.5 344.2 345 345.1 347.1 346.9 346.3 345.7 345 342.5 341.1 340.2 339 338 337.4 335.1 333.6 332.9 331.4 328.1 323.5 319.3 313.3 304.1 292.3 310.1 319.4 324.5 326.9 326.8 325.5 323.3 320.6 317 312.5 308.2 303.5 298.8 295.9 291.5 282.8 273.2 280.5 297.6 305.1 311.5 317.2 324.7 330.5 333.9
267.1 254.8 239.3 225.4 218.5 218.3 230.8 255.4 278.1 299.3 318 334.7 349.6 359.8 366.5 371.1 373.2 373.2 371 370.2 367.7 364.1 360.7 356.9 353 349 346.8 346.3 346.3 346.2 346.5 347.9 347.9 347.2 346.6 346 345.4 344.2 340.5 338.6 337.7 336.4 335.7 334.2 333.3 332.5 330.5 327.4 323.5 320.3 316.9 308.3 294 302.2 316.4 320.8 323.3 323 321.8 319.7 317 312.4 308.5 305.6 301.1 299.5 298.8 295.8 287.7 278 273.5 296 305.5 312.7 322 328.7 332.4 335.7
259.8 247.3 233.3 217.9 217.5 217 240.3 265 288 309.1 328.1 345.3 358.3 367.6 373.5 377 378.7 377.8 374.5 370.8 369.5 365.3 361.3 357.6 353.7 349.7 348.1 347.7 347.3 347.3 347.7 348.8 348.6 347.5 346.7 346 345.8 344.3 340.6 337.9 337.3 336 334.3 332 331.1 330.7 328.3 325.4 322.9 320.2 317.4 311.7 303.2 292.1 310.1 316.6 319.7 319 318.1 316 311.9 308.1 306.2 303.4 300.8 301.4 299.5 295.4 289.8 279.3 271.9 294.1 308.3 316.1 324.9 330.7 334.5 338.3
253.8 242 230 217 216.6 216.3 245.9 271.2 294.6 316 334.6 350.6 362.6 372 377.8 380.7 381.8 381.7 376.4 372.2 368.4 366 361.1 357.9 354 351.2 349.2 348.6 347.7 346.9 347.2 348.9 349.1 347.8 346.7 346.4 346.7 344 340.4 338 336.5 334.4 331.9 329.3 328.2 327.8 324.9 322.1 321 320 317.7 312.5 304.7 288.3 301.5 311 313.5 314.3 312.7 310.5 307 305.5 303.3 299.4 300.3 300.8 298.1 293.3 287 280.6 271.9 294.1 311 318.4 326.8 332.1 335.5 338.5
