data/350000-250000.asc
ncols 200
nrows 200
xllcorner 350000
yllcorner 250000
cellsize 50
[rows 0 to 34 of 200, columns 79 to 157 of 200]
158.3 152.8 145.7 138.4 135 133.6 131.8 130.5 127.5 124.6 114.9 114.1 124.6 127.4 122.8 111.7 114.9 118.4 122.3 126.5 130.2 130.8 131 135.7 143.5 147.4 151.8 159.3 164.3 169.4 166.2 173.6 176.5 178.5 180.8 184.5 188.6 191.2 193.8 197.5 199.4 200.1 198.6 196.3 192.3 187.6 183.8 181 178.3 176.4 177.7 180.9 180.5 180.7 182.8 184.1 184.1 186.3 188.8 189.6 189.3 190 191.8 193 194.7 196.4 197.4 197.9 198.4 197.7 196.4 194.9 191.9 186.8 180.5 171.9 170.2 170.9 166
157.7 151.6 145.9 138.5 133.2 130.5 127.8 126.7 126.3 125.3 117.1 111.3 117.8 122.6 116.2 111.9 115.4 121.8 129.3 135.7 140.6 140.9 139.5 142 149.7 159.3 163.7 167.7 170.8 173.2 173.5 175.9 177.1 178.5 181.2 184.7 188.7 193.1 195.8 199.2 200.3 200.8 197.4 194 189.7 184.7 182.5 179.8 177.2 176.2 179 181.3 181.5 180.4 181.2 182.8 184.3 185.7 188.1 189.8 190.1 191.9 192.5 193 194 196.1 196.5 197.1 197.3 196.4 195.2 191.6 187.7 183.3 175.1 164.6 160.9 160.4 156.8
156.6 151.9 146.3 138.7 132.1 128.5 125.7 123.5 120.4 118.8 116.2 110.4 111.4 116.3 111.8 111.8 117.8 126.9 135 141 145.1 148 148.2 147.8 152.6 159.7 164.5 169.6 171.7 174.7 177 178.2 179.1 179.9 181.7 185.1 188.8 193.2 197.8 200.4 200.9 201.1 198.6 194 188.4 184.4 181.2 178.3 175.6 175.8 180 181 181.4 181.2 180 182.5 184.8 186.3 188 189.7 191.6 193.4 193.6 194 194.4 196 196 196.3 196.6 196.1 193.4 188.5 183.6 178.1 169.3 158.6 152.6 148.8 150.6
155.3 152.4 146.1 138.4 132.5 128.5 128 126.4 125.2 123.5 120.3 115.5 109.1 109.4 110.3 113.5 121.2 130.3 138.2 143.9 148.8 153.1 155.3 154.9 156.3 158.9 164.2 168.3 172.3 176.4 179.1 180.3 181.3 181.8 182.4 185.7 189 194.4 198.7 201.1 201.1 200.8 198.2 192.5 187.2 183.2 180.1 177 174.7 176.7 181 180.1 180 180.2 181.5 183.5 185.4 187 188.5 190.5 192.8 194.6 196.1 196 195.4 195.2 195.4 195.7 195.4 194.6 191.5 187 181.3 173.8 161.3 153.7 147.9 148.6 152.3
157.3 153.8 146 139.7 132.9 130.3 130 131.1 129.5 125.9 118.5 111.4 108.1 109.9 113.9 117.9 125 132.3 141.2 145.5 150.2 155.3 157.2 158.4 159.3 162 165.7 169.7 173.8 177.4 179.9 181.8 183.5 183.7 184.1 186.2 189.2 194 198.1 200.7 200.1 198.8 195.7 190.5 187 182.9 180.2 177.5 173.9 176.8 180.4 179.1 178.1 179.2 180.7 183.4 186.3 187.6 188.9 190.9 193.5 195.7 197.1 198.2 197.1 195.8 194.6 194.4 195.7 193.3 189.5 184.5 179.1 170.4 159.2 150.2 146.7 149.7 158.7
157.2 154.2 149.9 142.7 135.2 132.5 132.6 134.3 130.5 126.2 116.3 108.7 108.6 115.7 120.7 126.1 128.2 133.4 140.7 144.9 149.7 155.9 157.4 159.2 161.9 164.3 166.8 170.6 174 177.4 180 182.4 184.8 185.3 184.8 186.6 189.2 193.8 198 199.3 198.4 196.1 193.1 189 186.5 183.5 180.5 176.4 170 175.8 178.1 177 176.5 177.8 180.7 183.9 186.4 187.9 189.4 191.6 194.4 197 198.5 199.2 198.8 197.3 195.7 194.3 192.6 190.2 187 182.5 176.8 168.3 160.9 151.2 146.5 149.6 158.3
156.9 155.5 152 147.3 141.1 135.2 134.5 134.7 137.5 129.6 117.3 108.1 110.6 118.2 122.4 125.3 128.3 132.6 137.2 141.5 146.5 153 157.7 160.3 161.9 162.2 165.8 169.8 173.7 177.3 180.4 183.4 186 185.9 186.9 188 190.6 194 196.3 197.7 197.6 195.4 191.8 189 186.2 182.9 180.6 175.2 169.9 172.7 176.1 174.8 175.1 178.1 180.7 185.3 186.3 187.9 189.5 192.7 195.4 197.8 199.4 199.8 199.1 197 195.8 193 190.4 187.5 183.1 178.4 173 166.4 160.9 152.5 146.6 149.5 156.3
157.7 156.7 154.3 150.6 146.1 141.5 138.2 140.9 138.7 134.1 118.3 108.1 109.3 115.2 119.5 122.5 125.2 128.9 134.4 139.8 144.4 152.4 157.4 161.1 161.2 161 163.5 166.4 170.5 175 179.3 182.6 186.1 187.3 188.3 189.7 192 193.7 194.3 195.2 195.9 195.1 192.5 189 185.7 182.4 178.9 175.2 167.4 169.3 172.1 172.2 173.3 175.9 179 183.8 186.2 187.9 189.8 193 196.4 197.8 198.6 198.5 197.4 194.9 193.2 191 187.2 182.9 178.5 173.2 167.4 163.1 157.6 151.6 146.7 147.7 155.1
158.4 157.4 156.2 152.7 148.8 145.3 143 140.9 137.3 132.5 125.2 109.8 107.5 109 113.1 119.7 123 129.2 135.4 139.2 143.6 150.7 155.1 157.3 158.3 159.4 161 163.2 167.3 172 177.3 182.1 185.8 187.6 189.8 191.1 191.8 193 192.2 191.9 192.6 191.7 190.1 187.8 184.5 181.3 177.2 173.2 171.4 167.3 168.9 170.7 172.2 173.6 176.4 180.5 184.7 188.4 191.3 193.6 196.4 197.9 197.4 196.8 195.3 192.5 190.2 187.2 182.7 178.3 173.4 167.2 163.5 158.1 151.8 148.6 145.4 147.2 154.9
157.8 157.1 156.3 152.3 148.7 144.5 140.5 137.6 134.6 133.1 128.3 115.6 109.3 107 109.8 115.8 122.7 129.4 135.4 139.2 142.5 146.8 148.9 150.2 152.7 153.5 156.5 160 164.8 170.4 177.5 182.5 186.2 189.1 191.2 191.6 192.3 192.4 191.2 189.3 188.9 187.7 186.5 184.2 180.9 177.4 173.5 170.3 169.3 167.3 167.5 171.2 172.9 174.3 177.9 182.3 185.4 189 192.2 193.6 195.8 196.7 196.1 193.5 191.6 188.7 185 181.6 178.1 172.8 167.6 162.7 156.9 147.7 144 146.4 148.4 152.4 158.1
156.4 155.7 154.8 151.2 146.9 141.3 136.7 134.4 132.5 131.3 130.4 122.1 111.4 106.9 107.7 112.6 121.4 127.7 133.1 136 138.1 137.8 140.3 142.8 145.1 151.3 156.6 161.4 165.4 170.6 177.8 183 187.3 190.4 191.3 191.8 191.7 191.7 188.8 187.6 185 183.7 182.1 180.1 175 172 169.9 167.6 163.9 168.9 171.2 171.4 173.8 175.5 179.7 184.1 187.3 189.6 192.5 193.9 195.3 195.2 192.6 189.4 186.2 182.8 178.1 172.8 168.5 164.2 160.6 156.9 147.8 144.9 145.7 152.6 155.8 159.6 164
155.3 155.3 153.7 150 145.4 140 134.9 131.9 130 130.4 131.1 125.3 115.7 107.6 106.1 108.9 119 125.3 129.4 131.8 133.3 134 136.6 140.6 145.8 152.8 158.7 163.3 166.9 171.5 178.5 184.1 188.9 191.3 192.2 192 191.3 189.9 187.5 185.2 182.4 179.1 177.3 174.2 170.1 168.3 163 164.2 172 173.2 171.8 173.3 174.8 177.3 181.7 186 189.2 190.2 192.8 194.2 193.7 192 189.3 185 180.9 174.7 170 161.4 156.7 153.7 150 146.8 143.7 143 149.1 154 159.8 165.1 166.2
156.3 156.5 152.7 149.9 145.7 140.9 135.1 131.1 126.9 126.3 127.1 124.2 115.7 108.4 106.1 108.7 116.2 121.7 125 127.6 129.8 133.1 133.6 138.6 145.2 152.9 160.2 163 167 171.9 178.6 184.2 189.1 192.1 193.3 192.8 192 189.2 186.1 182.9 179.4 175 171.8 168.6 166.1 154.9 169 173.6 177.3 176.2 174 174.3 176 179.3 184.4 188.2 191.1 191.7 192.1 192 191.9 191.5 186.5 179.7 173.3 165.1 154.2 147.8 146.9 146.2 142.8 142.2 143 142.8 143.7 149.5 156.9 162.8 164.9
155.9 153.3 151.7 149.1 145 140.9 134.7 129.9 125 118.9 119.1 116.6 111.8 107.7 106.1 109.3 113.9 118 121.8 125.3 128.8 132.4 135.4 138.8 143.9 150.9 157.6 163.1 167.4 172.6 178.2 183.5 188.6 192.6 194.2 193.7 190.9 188.1 185.4 181.8 177.2 172.5 164.5 160.1 154.9 166.7 173.4 178 180.9 178.1 176.5 175.4 176.9 180.4 185.1 188.5 190.1 191.5 191.6 191.3 190.5 188.6 184.4 176.7 167.1 152.3 144.7 140.8 139.7 139.1 139 141.7 144.7 152.8 152 146.4 154.1 159.6 161.5
154.3 152.5 150.6 148.3 143.9 139.5 134 129.6 123.9 121.2 116.2 110.5 108 106.5 107.3 110.9 115.3 119.1 123.7 126 129.4 133.1 136.6 141.2 144.7 148.2 154.8 161.6 167.9 172.2 177 183.3 188.3 192.5 195.6 193.6 190.6 187.5 184.1 180.7 176.4 171.5 163.1 154.9 163 169.3 176.3 180.4 183.4 181.1 178.8 176.1 177.2 180.6 184.6 188.8 189.8 191.2 191.4 189.9 187.4 185.5 180.6 174.2 162.3 147.8 139.7 138.2 139.9 146 148.4 153 159.1 160.5 155.4 147.6 151.9 155.8 157.6
154.8 153.5 149.7 146.6 144.1 139.4 134.8 130.6 127.8 124.9 118.7 110.5 106.3 104.8 107.2 113 117.8 121.4 124.2 126.6 130.5 133.1 136.7 141.1 144.8 148.5 154.8 160.6 167.5 172.7 177.4 183.6 188.5 193.2 195.2 193.9 190.9 187.5 183.9 179.8 173.2 165.9 157.4 155.6 163.8 169.6 176.8 181.3 184.7 185.1 179.1 174.2 177.3 181.5 185.7 189.6 189.9 191 191.1 187.7 184.7 181.9 176.9 171.8 161.4 147.8 140.6 138.5 139.9 144.6 153.1 161.8 162.7 161.5 157.3 151.7 148.3 151.4 153.5
155.9 154.9 150.8 147.6 145.2 140.5 135.9 131.8 129 124.7 119.1 108.7 105.5 104.5 107.7 114.1 116.1 119.5 123.3 127 130.1 133.5 136.9 140.7 144.8 149 154.1 160 167.1 173.5 178.6 183.9 187.8 191.3 192.6 192.1 190.2 187.3 183.3 175 164.7 156.5 148.9 156.9 165.4 169.7 177.4 182.1 185.7 185.1 174.2 172.7 176.5 184.2 188.3 191.1 191.1 191 188.7 185.4 182.2 178.1 172.8 167.7 163.3 153 143.9 139.1 137.8 139.3 149.5 159.9 162.5 160.8 158.7 150.6 150.5 148.6 148.7
156.8 155.2 152.4 148.8 144.8 140 137.5 133.3 128.6 122.9 116.4 108.6 105.4 104 105.6 109.8 113.9 119.7 124.8 128.8 132.6 136.1 139.1 142.7 146.3 150.7 155.4 160.7 167.5 174.8 180 184.3 186.8 190.4 189.8 189.2 187.2 184.1 178.1 167.7 156.9 149.2 154.6 161.9 168.7 175.1 180.6 184.2 186.1 177.2 171.9 170.4 175.5 184.3 188.5 190.3 190.4 187.9 185.4 182.7 179 173.6 168.3 164.1 160.7 157.1 149.8 141.3 136.5 138.1 146.8 156 160.6 160 158.1 154.3 152.3 152.2 150
155.6 154.7 152.7 149 146.6 144.6 140.7 135.5 131.6 126.4 120.2 112.8 105.1 104 105.4 110.8 116.1 121.6 126.9 131.2 135.1 138.5 141.3 144.9 148.6 152.9 157.8 162.7 168.7 176.6 181.6 184.9 186.9 186.7 186.3 184.2 181.6 177.1 170.1 160.7 150.1 151.5 159.3 166.9 173.7 179.7 183.2 185.6 186 173.9 167.8 166.1 174.8 182.5 186.6 187.3 185.5 183.6 181.2 178.8 175.1 169.4 164.4 161 157.6 155.2 149.6 141.1 135.3 136.9 145 153.8 157.9 157.7 156.3 155.9 155.8 155.9 155.7
155.3 155.1 153.7 151.6 150.1 147.9 144.5 139.7 134.3 130.1 124.9 116.1 106.1 103.7 105.5 111.3 119.4 124.9 127.7 130 135.9 140.9 143.6 147.4 150.4 153.3 158.3 165 170.4 177.9 182 185.3 185.7 183.7 181.6 179.1 176 172.4 165.4 153.9 145.2 154.6 162.3 167.7 175.8 181.5 185.2 186.5 179.6 171.1 164.9 163.2 171.9 179.4 183.4 182.6 180.3 178.3 176.7 174 170.8 164.9 159.3 157 154.6 151.4 145.5 139.3 135.4 135.9 143.8 153.2 155.5 155.8 152.8 155.4 155.7 157.7 158.7
153.9 154 153.1 151.7 150.5 148.5 145.8 141.5 135.8 131 122.9 111.2 105.2 103 104.7 112.3 122.3 126.1 127.6 130.2 134.3 139.6 143.8 147.1 150.2 152.7 156.3 162.6 169.7 175.9 179.8 182.4 180.6 178.4 174.6 170.9 168.3 165.7 161.7 150.9 145.2 154.4 162.5 169.6 177.3 181.7 185.2 186.4 175.8 168.2 160.1 159.4 167.2 174.4 180.1 176.4 174.1 172.1 169.6 168.6 165.4 160.2 154 150.3 147.4 144.5 140.5 136.8 134.4 136.5 143.8 150.1 151.5 150.9 152.8 154.7 157.9 160.7 161.9
152.7 153 151.9 150.6 149.4 147.2 144.7 140.7 135.9 130.6 121.1 108.8 103.7 103.7 107.6 116.2 123.9 126.1 126.6 128.3 130.7 136.9 143.1 146.8 149.7 152.2 154.6 160.2 166.6 170.1 171.6 172.7 171.1 169.9 166.3 162.5 161 158.9 156.7 147.5 143.9 156 165 171.5 177.5 181.4 185.6 186.6 173.8 164.9 156.6 153.4 160.3 168.2 168.7 167.6 165.3 164.4 162.4 161.9 161.2 155 149.2 143.9 141.1 139.3 137.1 135.1 134.6 135.8 141.1 145 146.4 150.9 153.8 156.7 160.2 163.7 165.1
151.2 151.9 150.7 150.2 147.4 145.5 142.9 138.9 135 130.1 119.5 108.5 103.2 103.4 106.5 113.8 119.1 120.4 122.7 124.9 128.1 134.6 142.1 146.6 149.1 151.3 153.7 156.6 160.9 162 161.7 162.5 162.1 161.1 157.9 154.2 153.2 151.4 150.3 143.4 146.1 157.2 165.1 172.4 178.7 182.5 186 184.1 174.2 161.3 152.8 147.1 153 159.2 161 158.6 157 155.6 155.2 156.6 153.4 148.9 143.7 139.4 137.1 135.9 133.8 134 133 139.2 144 147.1 150.1 152.8 157.2 161.9 164.6 167.2 168.6
149.7 149.9 149.2 148 146.3 143 139.7 136 133.3 128.9 118.9 108 103.1 103.1 104.5 109.4 112.7 114.7 118.6 122.9 127.6 133.5 140.9 145.3 147.6 151 151.6 153.9 155.6 155.6 155.5 155.1 154.5 153.9 150.4 145.5 144.8 142.9 140.1 142.9 149.8 159.9 167.9 175.4 180.2 184.2 185 178.6 168.2 158 146.6 142.1 147.3 152.5 152.5 150.1 148.4 146.5 146.8 146.5 144.3 142 136 133.9 133.7 133.3 133.2 133.7 137.8 143.9 148.7 151.8 156.1 159.3 162.6 167 169.1 171.4 173.1
145.8 145.9 145.2 145.2 142.1 139.3 137.3 135.2 131.6 126.7 119.7 109.4 103.6 103 103.8 105.5 108.2 112.6 118.4 124.3 129.4 135.9 140.9 145.4 148.4 150.4 150.4 149.8 149.3 149.1 149.2 149.6 149.5 147.9 143.9 140.6 133.9 137.7 140.7 144.3 152.5 162.4 171 177.2 181.7 181.4 179 172.3 163.2 151.8 143.8 140.5 141.6 142.9 142.2 138.5 136.6 135.8 136.3 136.7 135.2 134.3 131.9 133.3 133.7 133.2 133.1 134.9 140.7 145 151.9 156.5 160.6 165.7 166.5 170.4 173 175.1 176
141.5 140.7 139.1 139.8 138.2 135.7 133.5 130.6 126.8 121.9 116.9 111.2 104.8 103.2 103.5 103.9 106.3 112.5 120.1 125.8 131.3 136.9 141.8 146.2 147.5 148.5 147.6 145 143.8 141.2 140.5 139.9 138.8 138.5 135.4 137 141.9 144.3 147.2 150.4 156 165.6 174.6 178.8 181 178.4 174.8 167.5 157.5 146.9 141 137.5 136.6 135.8 133.9 131.8 130.9 129 129.6 129.3 129.1 129.6 131.2 133.3 133.9 133.7 134.6 135.2 138.9 144.2 151.7 155.8 160.7 165 166.3 167.4 170.9 176.2 176.1
137.5 137.1 136.7 135 132.4 130.5 128.9 125 117.8 114.4 110.9 107.1 103.5 102.7 103.1 103.5 105.2 110.6 118.7 126.9 133.2 137.9 142.4 146 146.3 146 143.8 140.9 135.8 131.9 129.4 127.9 129.8 130.3 135.8 141.4 145.9 149.9 153.4 156.5 161.8 169.3 175.9 179.5 179.9 175.5 170.6 162.2 151.8 142.6 135.3 132.4 132.1 131.4 129.8 129 129.4 129.3 129.1 130.8 131.4 133.1 135.3 139.6 141.7 138.4 139.2 136.3 137.6 140 145.6 150.6 154.5 156.9 158.6 158.9 162.8 166.8 168.5
134.9 133.5 131.6 129.9 126.5 122.3 120.2 115.9 108.9 106.4 104.7 103.1 102.6 102 102.6 103.2 104.1 107.6 114.8 122.7 130 136.5 141 143.7 143.5 142.3 139.7 132.5 127.2 124.4 124.6 130.7 133.6 138.6 141.9 146.5 151.8 158.9 165.6 166.4 167.3 170.5 173.7 177.2 176.9 171.9 166 157.2 142.7 136 132.1 130.7 130.2 129.3 129 129 131.9 134.1 135.2 135.9 138 140.9 143.4 146.9 148.4 147.7 143.5 139.6 138.3 138.1 138.9 142.8 145.3 148.5 150 150.7 153.8 156.5 158.2
131 129.6 127.9 124.6 119.3 114.3 109.9 104.8 102.2 102.4 102.1 101.9 101.8 102.2 103.3 104.8 104.3 105.5 111.2 118.4 126 132.7 136.8 140.9 140 137.6 132.4 124.9 122.8 127.3 133.4 137.2 141.2 145.5 150.7 154.9 162.5 166.5 168.3 167.9 167.4 168.8 170.3 172.3 171.8 167.3 162.5 149.1 137.6 132.1 128.7 126.6 126 128.7 129.5 131.6 137.9 142 144 145.3 145.6 148 149.9 152.7 153.7 153 146.5 142.6 139.7 139.5 139.7 139.6 139.6 141.9 143.4 144.4 145.5 148.2 147.8
127.1 125.6 123 119.4 112.9 106.5 102.9 101.5 101.3 101.1 101.9 102.4 103 103.3 108.3 109.5 108.8 105.7 108.6 114.8 120.6 127.2 131 133.6 134 131 125.9 119.8 124.1 133.3 143.3 149.4 151.8 157.1 161.8 166.8 166 166.7 166.5 166.1 163.2 163.5 166.5 167.6 166.2 162.6 155.3 145 132.9 129.1 125.2 124 127 131.4 133.8 136.9 143.7 149 150.4 151.9 153.7 154.7 155.7 157.5 158.4 155.4 148.1 145 142.7 142.7 142.6 143.1 142 143 144.4 145.7 146.8 148.8 150.4
122.2 119.5 117.7 115 107.2 101.4 100.6 101 102.2 102.1 103.2 103.2 106.8 109.4 112.8 118.1 114.3 108.1 108.7 110.5 114.5 117.1 121.5 125.4 124.1 121.5 118.9 120 127 135.4 147.3 156.9 161.2 163.4 165 166.1 164.9 163.7 162.9 160.4 158.4 157.9 160.5 162.4 160.8 156.7 147.5 136.8 129.7 126.5 125.2 126.7 132 136.8 139.7 143.4 150.3 153.8 156.9 157.9 159 160 161.6 162.6 161.8 157.9 152.3 149.8 149.1 148.7 150.8 148 148.1 148.3 149.9 151.5 151.5 153 159.3
117.6 115.8 113.6 109.1 102.5 98.9 100.5 104.5 106.6 106.5 107.4 109.5 114.8 116.1 118.1 126.1 120.8 113.6 110.3 109.4 109.5 110.3 112.3 114.5 116.9 115.4 118.1 124.7 130.8 139.9 152.4 159.4 161.8 162.9 163.7 161.6 160.3 159.3 157.5 155.2 152.5 152 154.1 155.4 154.3 150.8 143.3 135.8 128.3 125.2 125.1 129.9 136.3 141.7 145.8 149.9 155.6 159.2 161.4 163.1 166.8 171.9 175.4 172.7 168.6 162.1 158.2 157.5 157.3 157 160.5 160.3 158.6 156.9 157.3 158.6 160.1 162.9 170.8
112.7 110.9 108.7 103.1 98.7 98.9 102.4 111.2 116.1 116.8 118.3 118.1 121.6 122.6 123.2 126.1 127.8 119.6 115 113.6 113.7 112.2 114.2 115.6 118.6 121.2 126.2 131.9 137.9 150.4 155.7 158.4 160 158.9 158 156.4 154.7 154.2 152.2 149.7 144.6 143.9 146.6 146.6 146 143.2 138.6 133.5 126.1 125.2 125.8 130.3 138 144.2 149.3 154.5 158.8 161.9 170.3 180.5 185.1 188.2 185.8 180.6 174 167.4 165.4 164.8 164.3 164 167.6 170.2 170.4 170 170.3 172.4 172.8 173.4 176.3
105.2 103.9 102.6 99.6 98.5 99.2 106.6 115.2 118.8 125.8 128.3 125.7 129.2 129.1 129 131.7 133.9 129.2 126.6 123.9 121.9 121 121.4 123.4 125.8 130.7 136.5 144.4 151 153.2 155.9 156 155.4 153.4 151.8 149.8 147.1 145 143.5 140.8 135.7 132.4 136.1 137.1 136.1 133 131.3 128 124.4 124.2 125.4 130.6 136.9 143.7 150 159.5 164.5 168.3 179.8 187 189.5 190.1 188.7 183.6 177.5 173 171.3 172 170.9 169.7 172 174.5 176.6 177.6 179.3 180.4 180.6 179.8 180.6
98.7 98.9 98.9 98.5 98.4 100.3 107.3 116.5 122.2 130.3 134.1 134 135.8 135.9 134.8 136.6 138.5 138.5 136.4 134.4 137.1 135.7 134.8 135.7 139.5 143.4 147 150.1 152.7 152.5 152.6 150 148 146.7 145.6 143.3 140.6 138.3 134.9 132.1 128.9 126.6 127.4 128.1 126.4 124.9 124.7 123.2 124 125.6 127 132.5 138.2 144.8 152.6 162 170.8 177 185.9 186.9 189.4 191.5 190.9 185.7 179.6 176.3 176.1 175.8 175.1 174.7 176.5 177.9 180 182 184.3 185.9 185.5 184.8 184.9
