data/350000-790000.asc
ncols 200
nrows 200
xllcorner 350000
yllcorner 790000
cellsize 50
[rows 35 to 69 of 200, columns 0 to 77 of 200]
132.9 130.7 130.7 134.4 135.2 134.9 134.5 134.1 133.8 133.8 133.8 133.5 130.8 130.8 130.7 130.7 130.7 130.7 130.7 130.8 130.3 128.8 128.4 128.4 126.1 125.3 134.4 134.3 133.7 133.2 132.6 131.9 131.2 132 132.8 132.4 132.8 132 131 130 129.3 128.7 128 127.5 127 127.7 126.2 126.5 126.8 125.7 125.7 125.5 125.3 125.5 125.6 122.3 121.1 120.6 120.4 119.6 118.6 117.8 117.5 117.1 115.9 115.7 118.4 118.2 118.2 117.5 117.4 115.1 115.1 118.1 118.2 118.3 118.4 117.8
130.7 130.7 135.2 135.5 135.8 135.5 135.2 134.9 134.5 134.2 134.1 133.4 130.8 130.7 130.7 130.6 130.6 130.5 130.3 130.3 130 128.5 127.8 128.3 127 125.2 132.3 133.3 132.9 132.5 132.1 131.7 130.4 131.2 132 131.3 130.6 129.7 128.8 128.9 129.3 128.6 127.9 127.8 127.2 126.6 126.8 126.4 126.3 125.4 125.4 125.9 126.5 126.6 121.4 118.7 118.1 117.7 117.6 117.3 117.1 116.9 118.4 119.3 118.9 118.6 118.3 118 118 117.5 117.2 117.4 115.9 114.9 118 118 117.9 117.4
130.7 135.6 135.7 136.1 136.1 135.9 135.6 135.3 134.9 134.5 134.6 134.5 131.6 130.5 130.5 130.4 130.3 130.2 130 129.7 129.4 128 127.3 128.2 127.5 125 131.2 131.2 131.8 131.4 131 130.5 129.7 130.4 129.7 128.9 128.7 128.6 128.6 128.3 128.6 128.6 127.9 128 127.4 127.3 127.4 127 126.4 125.9 125.7 123.2 118.9 118.9 118.9 118.7 118.7 120.7 122.1 120.6 120.1 119.7 119.4 118.7 118.5 118.5 118.3 117.9 117.7 117.4 117.1 117.2 116.9 114.8 114.4 117.5 117.1 116.7
136.7 136.1 136.3 136.6 136.4 135.9 135.5 135 134.6 134.9 135 134.8 133.4 130.8 130.2 130.2 130.1 129.9 129.6 129.4 128.8 127.7 127.2 127 126.9 124.7 130.9 130.7 130.5 130.3 129.8 129.3 128.9 128.8 128.9 129 129 128.9 128.9 128.6 128.4 128.2 128 128.2 128.1 128 127.5 126.5 126.4 125.9 119.2 118.9 118.9 119.6 121 121.6 121.8 122.3 120.8 120.1 119.9 119.5 119 118.8 118.8 118.4 118.2 117.9 117.7 117.3 117.1 116.8 116.9 116.7 114.5 114.1 116.3 115.5
137.2 136.8 136.5 136.4 136 135.6 135.2 134.8 134.9 135.2 135.4 135 134.7 130.7 130.3 129.9 129.8 129.5 129.5 129.5 129.5 128.5 126.7 126.7 126.6 124.7 127.6 130.4 130.4 130.4 130.1 129.7 129.2 129.3 129.3 129.3 129.3 129.1 129.1 129 128.7 128.4 128.7 124.1 126.1 128.2 126.5 125.9 125.1 119.1 119.1 120.6 121.2 120.7 121 121.8 120.7 121.3 120.4 120.2 119.7 119.8 120.2 119.3 118.7 120.7 121.3 121.3 122.9 119.9 120.5 115.8 116.9 116.5 116.7 114.8 114.6 113.7
137.3 136.9 136.4 135.9 135.6 135.3 134.9 135 135 135 135 135.1 134.6 131.3 130 129.7 129.7 129.7 129.7 129.8 129 127.8 126.5 126.6 127.5 124.7 126.7 130.5 130.5 130.5 130.3 130.1 129.6 129.5 129.5 129.5 129.5 129.3 129 129.3 128.9 128.7 127.7 124.2 124.2 124 126.2 124.7 119.1 120.1 120.4 120.4 120.8 120.8 121.2 122 121.2 120.7 120.5 120.4 122 124.8 125.9 127.8 126.8 128.2 127.4 127.2 126.7 126.3 125.3 124.6 123.2 120.5 117.3 115.8 114.1 117.4
140.8 138.4 138 137.4 136.1 136 135 134.8 134.7 134.2 134.2 134.4 134.6 130.1 129.6 129.2 129.2 129.2 129.6 129.8 128.8 127.6 126.5 126.6 127.5 124.6 125.1 130.5 130.5 130.5 130.5 130.3 130.1 130 129.7 129.8 129.8 129.6 129.2 129.6 127.6 124.7 125.1 124.6 124.2 124.1 121.5 119.4 122.4 122.1 121.7 121 120.8 121.2 121 121.8 121.5 121.4 123.3 127.5 132 131.2 131.1 130.9 132 133.1 131.6 131.2 130.2 129.8 127.3 126.1 126.5 128.5 130.9 132.7 133.1 131.6
150.8 149.8 147.5 143.7 141.9 140.8 138 136.7 135.9 135.1 133.7 134 134.2 130.1 129.2 128.8 128.7 129.4 129.9 129.7 128.7 127.4 126.6 126.6 126.7 124.5 124.5 130 129.5 129.9 130.3 129.4 127.9 126.8 128.2 129.8 129.9 127.8 124.8 124.2 124.6 125.2 125.3 124.3 123.7 120.2 119.7 122.3 121.9 122.2 121.9 121.6 121.3 121.6 122.1 121.8 124 126.3 130.3 133.2 136.2 135.9 134.6 136.7 142.9 146.4 143.9 139.9 136.2 135.1 131.4 129.8 132.9 133.2 134.1 137.7 137.9 135.4
153.6 151.5 148.7 146 143.8 142.8 140.2 138.9 138 136.8 135.3 133.7 133.5 133.2 132.8 128.1 129.2 130 129.8 129.7 128.5 127.5 126.8 126.7 126.8 124.4 124.7 130.1 129.5 128.9 128.4 127.8 127.3 126.8 126.4 125.9 125.9 125.3 125.1 125.2 125 123.2 120.6 120.5 120.2 121.4 120.3 122.5 122.4 122.3 122 121.7 122.2 123.2 122.6 124.6 129.9 130.6 134.3 137.5 139.6 141.1 142.8 146.5 151.5 153.3 153.4 148.4 143.6 140.6 138.7 137.4 138.7 135.6 136.5 140.7 139.6 137.9
155.2 152.5 149.9 146.9 145.1 143.2 141 139.8 139.5 138.6 137.2 134.6 133.7 131.6 131 130.6 130.2 129.9 129.7 129.6 128.4 127.7 126.9 126.9 126.7 123.9 125.9 128.3 128.1 128 127.7 127.1 126.9 127.2 126.8 126.3 125.7 125.4 125.4 121.4 121 123.3 123.1 122.9 122.6 122.2 120.3 122.8 122.7 122.6 122.1 122.4 124.6 124.6 124.2 131.5 131.9 132.9 136.6 140.3 143.4 148.2 152.8 155.7 156.8 157.7 157.1 155.3 151 147.6 145.5 142.4 140.7 139.5 139.6 142.5 141.8 140.1
155.3 152.8 151.1 148 145.8 143.7 141.6 141.1 140.8 140.1 139 136.5 134.3 131.7 131.2 130.3 130.5 130.2 129.7 129.4 128.6 127.8 127.1 126.9 126.6 125.8 124 126.9 127.5 127.4 127 126.7 126.6 127.3 127 126.5 125.9 125.2 121.5 123.4 123.2 123.8 123.8 123.4 123 120.3 123.2 123.4 123.3 122.6 123.4 132.3 131.7 129.2 131.9 134.3 134.4 136.4 140.3 146.6 152.2 158.1 161.2 163.6 163.5 162.8 161.6 159.7 156.9 152.2 149.8 147.4 145.5 144.4 143.8 143.5 144.7 143.4
155.3 152.8 151.3 148.9 146 144 142.6 142.1 141.8 142.1 139.6 139.1 134.4 131.9 131.2 130.2 129.7 129.6 129.3 129.1 128.5 127.8 127.2 126.6 126.5 126.7 122.9 125.9 126.8 126.7 126.5 126.4 126.3 126.4 126.2 126.6 126 121.5 123.9 123.7 123.1 123.9 124.3 120.3 120.3 123.8 123.7 126 128 128.6 132.3 131.8 131.8 133.2 133.9 137.9 136.8 140.1 143.7 150 158.9 164.9 167.5 169.7 171.9 167.7 166.4 167.1 162.6 157.4 154.9 153.1 150.9 149.1 147.8 148.5 148.9 146.3
154.9 152.3 150.2 147.8 145.5 143.4 143.7 143.4 143 141.7 139.4 138.9 136.5 131.6 131.2 130.1 129.1 129.1 128.4 128.2 128.1 128.2 126.4 124.6 125 126.1 122.8 124 126.3 126.4 126.6 126.4 126.1 125.7 125.3 125.8 121.9 124.3 123.7 123.1 122.1 121.4 122.2 123.8 130.1 134.6 134.3 133.4 133.8 133.9 133.6 133.3 133.4 135.9 135.2 137.8 137.9 141.1 145.4 152.6 159.7 166.6 171.8 176.5 176.7 172.1 173.9 174 171.7 165 159.3 158 156.4 154.7 152.6 151 149.6 147.7
155.2 152.1 149.5 148.8 146.1 144.7 144.8 144.5 143.5 143 142.1 139.6 136.3 132 129.6 132.1 130.9 130.6 131.1 131.6 130.3 128.1 127.4 126.2 124.5 122.8 122.1 122.3 124.2 126.4 126.3 126.3 126.1 125.2 121.5 121.5 121.5 121.5 121.5 123.9 125 125.2 125.2 134.8 134.6 135 134.7 134.1 134 134.5 134.2 134 134.4 136.6 137.1 138.7 142 144.9 147.1 150.7 156.7 163.1 171.8 177.8 182.2 177 177.7 175.7 173.6 170.3 165.2 162.8 160.9 160.5 157.9 154.6 151.9 150.3
156.1 153.9 153.7 150.8 148.5 146.8 146.3 143.9 143.4 143.2 141.2 141.9 135 131.8 128.8 141.5 142.1 139.9 139.5 138.4 137.5 135.9 135 139.6 138.1 136.7 132.5 127.6 121.7 121.5 121.5 121.5 121.5 121.5 121.5 126.5 129.6 128.5 128.5 130.9 135.4 134.7 128.6 135 135.3 135.4 135.1 135.4 135.2 134.8 134.9 135 135.5 137.2 137.6 141.3 145.1 148.6 150.4 152.6 156.1 161.5 164.1 173.2 177.8 178.4 175.7 175.1 173.8 170.6 165.6 163.2 162.3 163.1 159.2 156.3 154 152.2
156.2 153.8 150.9 148.3 146.2 145 144.6 144.2 143.8 143.5 141.4 141 134.5 132.3 130.2 139.1 143.5 143.7 143.4 140.8 139.9 138.3 137.6 142.7 143.7 139 134.2 133 136.1 137.9 136.3 135.8 135.8 136.2 135.2 134.7 135.4 134.6 135.3 136.2 136.4 134.7 133.2 130.2 135.1 135.6 136.4 136.7 136.5 136.2 135.6 135.8 136.4 137.9 137.9 143.1 148.7 152.2 152.3 152.4 156.1 160.5 162.2 167.4 170.7 171.1 170.5 170 169.9 164.2 165.4 164 161.3 158 155.7 154 152.7 150.1
157.5 155.4 152.5 151.6 150.5 149.8 148.1 146.7 146.1 146.8 142.9 132.1 134.3 133.5 132.7 137.4 141.3 142.1 145.7 143.2 141.1 139.2 138.2 140.7 143.2 140.1 135.7 136.7 138.7 138.2 139.1 136.6 136.4 135.9 135.8 135.8 135.4 135.1 134.7 135.7 135 133.4 135 135.3 134.2 135.2 136.3 137.2 137 136.6 136.9 136.8 137.9 137.9 137.9 143.3 148.8 152.2 153.6 154.1 154.7 157.7 160.9 164.3 165.9 165 163.1 162.1 160.5 156.9 156.2 158.2 157.8 153.9 150.5 149.1 147.8 146.2
165.3 160.8 157.6 157.5 155.8 155.4 154.7 152.8 151.1 150.1 138 135.3 134.7 134.8 134.6 139.3 142.4 145.7 148.2 146.5 144.1 143.4 142.7 145.6 144.1 142 138.1 140.7 141.9 142 141.3 138 136.8 136.4 136 136.3 136.8 136.4 134.5 135.3 134.4 134.8 135.5 135.8 133.7 136.2 136.9 137.6 137.6 137.5 137.9 137.8 137.9 137.9 137.9 142.1 145.9 149.2 152.1 154.3 155 155.5 159.2 161.6 162.4 161.7 159.2 156.1 153 152.1 152.9 153.7 151.7 149.4 146.6 145.6 142.8 138.9
164 160.7 159.7 160.5 160.3 160 158 156.5 153.9 145.1 135.8 136.8 137.7 139.9 141.4 144.8 146.3 147.4 148.4 147.8 147.4 146.1 145.5 145.4 146 143.9 141.1 140.3 139.8 138.6 139.7 138.2 136.7 136.1 136 136 135.1 134.8 134.2 134.6 134.7 135.3 136.1 135.6 134.9 137.1 137.3 137.8 137.7 137.9 137.9 138 137.9 137.9 137.9 142.4 146.2 150.2 154 154.8 155.3 155.3 156.8 158.2 158.3 157.7 154.9 152.3 149.8 149.3 149.5 149.3 147.3 145.2 142.8 141.7 139 135.7
161.6 160.8 161.5 162.9 163 162.4 160.7 157.6 151.2 135.1 138.3 142.6 145.4 146.7 147.8 148.9 151.5 152.1 151.4 150.2 148.3 149 149.5 149.6 147.7 146 145.4 143.2 142 142.3 143 142.3 140.9 137.5 136.3 136.7 136.2 135.7 136 136.8 137.6 137.2 137 137 137.3 138.1 138.4 138 138.2 137.7 137.9 137.9 137.9 137.9 142.2 146.5 150.1 151.4 154.8 155.7 155.9 155 153.5 154.4 154.8 153.8 151.4 148.6 146 146.2 146.9 145.4 143.4 141.4 140.3 139.1 136.1 133
160.2 160.5 161 161.9 161.7 160.8 150.4 142.7 142.3 137.2 144.1 150.8 156.1 158.2 161.1 162.9 164 163.5 162.1 160.1 159.6 157.1 157 157.1 155.3 155.4 153.8 151.3 148.9 148.4 148.4 147.5 145.8 142.7 141.3 140.1 138.6 138.1 138 139.8 141 141.2 141.3 140.3 140.5 139.6 139.8 139.6 139.1 138.4 137.9 137.9 141 145.7 150 153.4 153.9 154.5 155.3 156.4 156.2 156.1 154.7 154.1 152.6 149.6 147.8 144.9 142.2 143.5 142.3 137.5 137 136.5 134.3 134.1 133.2 130.4
157.3 157.3 157.7 158.5 158.5 145.6 141.8 140.9 136.5 149.4 156 165.5 172.3 176.6 173.3 173.7 174.1 173.6 173.4 168.9 168.5 159.6 161.2 161.4 161 164.4 164.2 161.4 157.5 155.8 156 155 149.6 146.9 144.1 142.3 141 140.6 140.2 141.5 143.3 143.6 142.2 142.3 142 141.4 141.3 140.4 140 139.1 138.7 141.3 145.5 150.5 154.4 155.3 156.4 157.2 157.9 157.8 157.5 157.2 155.5 154.2 152.9 150 146.5 143.3 139.9 137.5 135.5 134 133.1 132.2 131.4 130.9 130.6 129.9
154.8 153.1 154.2 154.6 151 142.7 140.3 143 150.6 158 164.2 173.1 182.5 187.9 189.7 187.1 184.7 181.4 178 172.7 169 166.5 162.8 159.3 157.7 158.4 158.6 159.3 159.9 159.2 162.2 159.5 154.9 149.2 145.7 144.6 143.4 142.7 142 142.6 143.8 144 144.1 143.2 143.2 143 143.1 142.8 141.6 140.8 142.3 144.3 149.3 154.6 156.8 157.5 158 159.2 160.8 160.5 159.7 159.3 157.9 154.8 153.5 150.7 146.7 143.9 141.9 140.4 139.2 137.1 137.6 135.7 134.8 132.1 130.8 130.4
150.7 147.9 151.9 149.6 144.6 142.6 144.7 148.8 157.5 165.5 170 181.8 190.3 198.7 200.1 194.7 189.5 189.3 184.8 176.5 173.7 174.3 171.9 169.6 168.4 166.1 162.4 158.8 153.8 153.4 154.7 161.9 156.3 148.2 145.4 144.2 144.8 144.5 143.5 143.4 143.8 144.1 144.3 145.1 145.4 145.3 146.2 148.5 146 146.2 147 148.7 153 157.6 159.5 161.1 162 162.3 163.8 163.4 162.1 161.5 160 158.1 156.2 154.4 151.4 147 146.1 146.1 144.3 141.8 141.7 139.5 136.9 134.2 131.7 130.2
145.2 145.4 145.2 141.8 141.8 142.4 146.4 153.9 163.5 168.3 176.4 190.2 200.6 209.5 210.5 208 202.9 198.5 194.6 190.4 186.2 184.2 180.8 180.9 179.3 175.2 173.6 170.7 166.6 160.1 153.3 149.7 148.8 146.6 146.9 147.5 149.8 146.6 145.5 143.9 144.3 144.9 145.5 146.8 147.5 147.2 146.8 146.8 147.1 151 153.6 156.9 160.5 162.7 167.8 168.4 166.9 167 166.8 166.3 165 163.8 163 162.2 159.9 158.8 156.6 149.5 142.4 145.4 146.5 139.5 139.5 140 137.7 135.3 132.9 130.6
148.9 148.4 148.7 147.9 150.2 151.9 154.2 159.5 167.7 173.2 183.8 197.6 212.1 220.1 222.8 222.7 217.4 212.3 208 204.7 200.6 194.3 191.9 191.8 189.8 190.6 186.6 180.2 174.5 171.3 164.5 159.2 157.2 155.9 157.7 156 151.8 156.8 151.5 147.8 146.4 146.6 147.1 148.4 149.1 148.7 148.1 149.5 155.5 163.7 168.9 171.6 171.2 176.5 177 175.3 172.6 171.7 169.6 170.2 169.2 168.2 167.4 166.7 163.5 161.5 158.4 154.5 151.6 146.9 138.8 141.9 141.5 137.9 136 135.1 134.9 135.4
150.3 150.7 150.4 149.4 152.1 154.9 158.6 165.8 171.8 179.8 188.9 205.8 221.9 229.4 235 236.1 232.6 225.6 222.3 220.3 215 214.2 215.5 219.8 220.6 219 207.9 195.6 188.2 180.9 177.6 171.7 168.7 169.1 168.6 168.3 165 161.7 159.9 157.3 155.2 157.9 153.9 154.1 152.9 151.9 155.2 161.2 167.9 177.6 186.8 188.4 183.5 182.9 183.3 183 180.5 179.6 174.2 174.8 174.2 173.7 173.1 172.6 169.4 165 161.2 157.5 155.4 152 152.7 150.7 148.2 145.5 143.2 141.1 139.7 137.6
153.6 152.2 153.3 154.1 151.3 159.7 160.5 168.9 175.2 180.6 192.8 213.2 229.8 238.8 243.8 248 246.1 241.5 239.7 237.1 232.1 235.9 246.7 247.3 247.6 245.2 232.7 218.9 205.4 195.7 188.5 177.3 184.1 186.2 185.5 180.8 174.6 174.5 172 169 163.5 161.9 161.7 160.3 156.6 157.9 160.6 169.2 182.4 194.1 201 201.5 196.9 192 190.4 189.2 187.3 184.7 185.2 183.7 181.1 180.2 180.5 180.6 176.2 171 166.3 161.6 158.3 153.3 154.2 152.2 149.5 146.9 145.6 143.5 140.4 136.9
157.2 154.7 155.6 157.7 156.6 163.4 164.9 169.9 175.5 181.2 196.1 216.1 234.4 247 254.7 259 258.1 256 255.8 253 254.6 259 265.2 269.9 268.2 265.6 256 242.8 228 203.3 197.6 186.8 194.4 198.3 191.8 184.3 183.3 182.3 180.1 176.2 170.9 167.3 164.8 162.1 159 160.5 168.4 179 193.9 205.7 213.2 213.9 207.1 202.2 198.4 196.6 194.9 193.1 196.9 198 192.1 190.2 189.3 188.5 182.7 177 171.4 166.4 162.2 159.6 150.1 152.1 149.9 147.1 145.1 142.4 138.6 134
160.9 160.9 162.9 165.8 165.3 163.7 162.6 168.6 175.9 180.4 194.7 216 236.2 253.4 262.6 265.5 265 264.1 263.9 266 269.4 272.9 275.3 277.4 279.2 280.9 277.7 265.1 243.5 226 214.2 201.9 190.6 193.3 188.1 184.4 184.8 184 179.2 176.3 173.7 171 167.1 164.2 162 165.3 174.7 187 200 215.5 224.5 224.9 219.5 213 207.8 205.7 204.2 203.3 208.3 209.8 203.3 200.7 203.8 199.6 190.7 180.7 174.6 169.6 166.9 162.3 150.3 149.9 150 146.4 143 138.9 134.8 130.4
172.2 176.5 172.5 169.7 168.9 167.8 163.1 166.6 174.7 181.3 193 214.5 234.7 250.5 261.4 265.7 266.6 265.9 267.6 269.5 274.3 280 283.7 282 283.6 285.2 283.2 278 264.5 246.6 230.7 219.4 208.4 204.2 199.7 194.1 186.1 181.3 181.3 184 184.8 182.2 175.8 172.1 168.8 168.7 181.8 195.1 206 223.5 240.8 239.2 232 222.6 217.8 215.4 215.8 216.6 220.1 221.7 218.2 216.6 215 207.4 196.3 184.5 177 171.5 168.7 165.4 159.6 147.3 144.9 141.9 138.4 134.4 132.1 129.9
179.5 176.9 174.9 173.3 172.7 171.5 165.2 168.7 172.8 181.2 191 207.9 227 241.4 252 257.3 260 263.5 266.2 269.6 274.5 279.6 283.2 286.3 289.3 288.9 285.5 278.9 269.4 257.7 249.7 241.8 231 223.5 217 210.1 201.4 194.4 192.1 196.5 198.6 194.1 189.3 187.3 178.4 175.4 188.4 205.9 221 235 249.9 254.5 249.4 239.6 232.1 227.9 228.5 233.8 237.2 237.7 236.5 234.2 224.5 210.5 196.9 183.2 179.8 174.9 163.9 155.2 159.5 154.2 144 138.9 135.4 133.7 133.2 131.6
182.2 180.3 179.9 177.5 175.6 174 170.5 173.5 177.2 182.4 192 203.5 218.8 230.6 239.9 245.5 251.8 258.5 262.7 267.8 273.9 279.1 285.2 290 294 296.4 293.7 287.1 281.8 275 269.5 261.9 252.1 243.1 235.6 227.5 219 213.1 209.9 211.1 210 206.7 201.1 197.5 187.8 176.1 196.5 215.6 231.8 247.1 259.1 270.5 273 262.2 249.9 243.4 246 254.6 258.7 258.3 254.8 244.4 227.6 211 196.6 182.2 178 169.2 159.8 149.4 146 146.3 144 140.3 137.6 136.2 134.8 133.9
186.8 185.9 185.3 181.8 178.5 171 174.5 183 185.2 186.8 192.7 202.9 211.8 221.4 228.6 236.8 245.3 252.9 260.8 268.2 276.2 284.2 290.6 296.3 299.2 304.6 306.6 304.6 299.6 293.6 286.8 279.1 273.9 263.7 256.1 247.5 238.1 230.1 227.9 224.5 221.1 219.8 214.4 207.8 193.6 184.2 206.8 225.4 241 255.3 268.4 281.2 290.1 285.5 276.4 266.5 269.5 279.5 279.9 277 267.6 251.4 228.3 212.7 198.8 183.8 175.4 166.3 158.2 147.2 143.8 142.7 140.7 139.2 138.2 138 136.6 136.5
194 192 190.1 186.7 181.2 180.7 188.9 196.8 196.6 196.2 198.4 203.6 209.4 218.2 226.5 236.6 247 256.3 264.3 272.5 281.2 289.9 296.7 303.2 308.3 312.9 317.6 319 315.6 309.5 303.3 303.6 296.1 286.8 277.6 268.7 257.7 247.4 241.4 237.5 232.1 230 220.7 207 188.1 192.1 214.8 232.7 249 261.8 276.2 290.4 301.9 302.7 302.9 293.4 282.8 288.3 287.7 282.8 270.1 246.6 225.3 210.6 197.1 184.7 173.5 164.8 156.3 148.1 145.9 144.2 142.4 143 140 139 140.3 141.8
