data/350000-640000.asc
ncols 200
nrows 200
xllcorner 350000
yllcorner 640000
cellsize 50
[rows 105 to 139 of 200, columns 0 to 77 of 200]
318.9 319.4 318 316.7 315.3 313.9 312.4 309.8 307 303.2 300.4 295.5 287.3 288.5 280.5 278.7 279.4 279.4 279.9 279.1 277.4 275.3 273 270.6 268.1 265.8 263.2 260.6 257.8 254.7 251.8 247.6 240.7 224.9 217.8 231.7 238.5 251 258.2 262.2 265.4 268.4 270.6 272.7 274.3 275.9 278 280.3 280.8 282.2 282.3 280.8 278.6 275.6 273.5 269.7 266.5 263.7 261 256.6 252.6 249.5 246.8 244 241.6 239 237.6 236.7 235.8 234.6 233 231.5 229.8 229.4 228.2 225.4 224.5 223.4
317.3 318 317.5 316.2 314.9 313.1 310.7 310.4 306.3 302.3 297.9 290.4 290.2 281.9 285.3 285 283.6 282.7 281.3 280.4 277.3 275 272.6 270.2 268.1 265.9 263.1 260.3 257.5 254.2 250.6 246.1 239 221.3 220.9 233.9 241 251.9 257.2 261 263.9 266.7 268.8 270.9 272.7 273.9 275.1 277.2 278.9 280.4 280.7 279.7 278 275.6 272.8 269.6 266.9 264.3 261.6 257.6 256.3 254.2 252.3 249.3 246.1 243.6 241.2 239.7 238.7 237.1 235.4 234 232.6 230.7 228.1 226 224.6 222.9
316.3 316.6 317.5 315.4 313.3 311.7 309.8 308.2 305.5 302.2 296.8 290.9 294 292 290.6 289.9 287.1 284.2 281.9 279.9 277.1 274.8 272.3 269.9 267.4 265.2 262.8 259.9 256.9 253.9 249.6 245.5 239.1 223.8 219.4 234 242.4 250.6 255.7 260.1 261.7 265 267 269.1 271 272.2 273.2 274.7 277.2 278.9 279 278.4 277.1 275.1 272.2 269.7 267 263.1 263.4 262 259.7 258.4 256.4 254.2 250.5 246.9 245 242.3 241.3 239.6 237.9 236.6 235.4 232.4 229.1 227.9 225 222.5
315.2 315.8 314.9 314.2 311.7 310.2 308.5 306.6 303.6 297.7 292.8 299.1 295.8 295.3 294.1 290.5 287.5 284.4 282 279.3 276.9 274.5 272 269.6 266.7 263.7 261.3 258.9 256.4 253.4 250.3 246.2 239 221.7 218.7 230.2 240 249.4 255.2 258.9 261.4 264 264.4 265.8 268.6 269.7 270.7 273 275.7 277 277.3 277 275.8 274.4 272.2 270 266.3 267.5 266.8 262.9 263.3 262.1 260.3 257.7 254.3 250.6 248.7 246 243.9 242.3 240.8 239.5 238.2 234 232.4 229.2 226 223.3
313.1 313.3 314.4 312.4 311.7 309.9 308.1 306.5 301.4 298.1 300.9 300.9 298.3 297.7 296 292.5 289.1 285.5 282.1 279.2 276.6 274 271.1 268.2 265.3 262.2 259.7 257.3 255 252.3 249.3 245.1 238.1 218 223.6 232.6 240.1 248.7 255.6 258.4 260.9 263.1 263.5 263.4 264.8 267.2 268.6 271.4 273.4 274.1 274.5 275.1 274.7 273.8 271.4 271.4 272.2 270.7 268.1 267.4 267 264.8 262.6 260 256.7 254.5 252.4 250 247.3 245.2 244.5 243.2 240.1 236.7 234.5 230.7 227 223.4
309.5 311 312.2 311.2 311.5 309.4 307.7 303.9 298 303.5 303 302.4 300.5 299.3 297.6 295.1 291.6 287.6 283.9 280.6 277.5 274.4 271.5 268.6 265.6 262.1 259.1 256.2 253.6 251 248.7 244.6 237.9 219.2 224.5 232.8 239.3 247.4 253.1 256.9 259.2 260.1 261 262.4 263.8 264.8 266.3 268.5 270.1 271 271.3 272 272.5 270.8 271.5 273.5 274 272 271.9 271 269.1 266.7 263.6 261.4 259.5 257.1 255.3 252.9 249.7 247.7 247.7 246.1 242.2 238.3 235.8 232.4 228.8 224.4
306 307.8 309.9 309 308 303.8 301.6 305.4 305.6 305 304.6 304.4 303.3 302.2 300.4 297.7 294.1 290.1 286.8 283 279.1 276.1 273 269.8 266.1 262.4 259.4 256.4 253.1 250 247.9 244.7 237.8 223.6 218.6 232.9 240 247.9 252.4 256.8 258.3 258.5 258.4 259.3 261.3 261.1 261.9 263.7 265.5 267.9 268.6 269.2 270.1 270.7 272.6 272.8 273.3 274.6 274.4 272.6 270.7 269.1 264.9 264.3 261.8 258.7 257 255.2 253.2 251.4 249 246.9 242.8 239.7 235.7 231.8 228 224.4
301.7 304.1 306.6 306.5 303.8 304.8 307.7 307.8 306.6 307.3 307.4 307.1 306.5 305.3 303.1 300.3 296.3 293.4 289.1 285 281.4 277.8 274.6 270.7 266.7 262.8 259.7 255.9 252.1 249.1 245.6 241.6 234.8 223.7 221.2 232.9 240.7 247.9 252 255.6 257.6 257.7 257.1 257.3 257.8 259.3 259.3 259.6 260.6 263 265.2 267 268.3 270.2 272.3 272.7 274.2 275.2 274.6 272.9 271.3 269.1 267.9 267.1 265.1 262.2 259.2 257.7 256.5 254.2 250.7 247.2 243.2 239.6 234.7 230.9 227.2 223.8
299.5 301.6 303.4 303 304.1 307.4 308.7 308.9 308.7 309.8 310.1 309.8 309.3 308 305.8 302.3 298.3 293.6 289.5 284.9 281.2 277.8 274 270.5 266.6 262.4 258.8 255 251.2 247.5 243 237.7 232.5 221.8 224.8 233.6 240.6 246.1 250.6 253.1 254.9 255.1 255.5 255.4 255.6 256 257.7 258 257.1 257.2 260 263.6 267 269.4 271 273.9 275.2 275.1 274.1 273 271.3 269.7 269.8 268.6 266.3 263.7 262.8 260.5 258.3 256 251.8 246.3 243.4 239.4 235.4 231.1 227 223.1
297.2 299.5 302.2 303.8 305.8 307.8 309.3 309.7 311.2 312.4 312.7 312.6 312.2 310.6 308.4 304.4 299.6 294.7 289.9 285.3 280.7 276.8 272.8 268.7 265 261.2 257.6 254 250.6 247 242.4 235.6 226.8 221.6 224.1 232.6 238 242.8 245.6 248.1 249.9 251.4 251.9 252.4 250.8 253.3 255.5 256.1 255.5 254.2 254.7 260.5 264.8 267.6 269.4 273.6 274.2 274 273.1 272.3 270.6 271.8 272.2 269.6 267.4 265.8 265.6 263 259.5 255.1 249.8 248.4 243.1 240.4 236 231.6 227 223.3
294.1 296.7 300.1 303.3 306 308 309.5 310.7 313.2 314.1 314.6 314.4 314.6 313.5 309.7 305.1 300.3 295.6 290.9 286.3 281.4 276.6 272.1 268.1 264.6 261 257.5 254.2 251.2 247.7 243.2 237.6 228.3 223.7 222.8 231.6 234.7 236.5 238.8 242.6 245.4 248.4 249.8 248.8 249.1 249.7 252.4 253.5 253.7 253.1 252.4 255.2 261.5 266.1 268.1 269.8 271.1 271.3 271.8 272 271.3 272.6 273 271 268.6 267.8 266.4 263.6 259 254 251.7 247.4 245.2 240.6 236.4 232.5 228.6 224.2
291.9 294.2 297.5 301.5 305.2 308 310.1 312.3 314.2 315.8 316.4 316 315.9 313.9 310.2 305.7 301.3 296.6 291.9 287.2 282 276.9 272.8 269 265.6 262.6 258.9 255.7 252.8 249.8 246.5 242.2 235.8 227.4 224.9 228.4 230.5 231.5 234.1 239.8 244 246.4 247.1 247.1 247 248 249.2 251.1 251.7 251.7 251 250.1 254.9 261 263.9 264.9 265.3 267.4 269.7 271.2 273 272.5 272.9 270.8 268.2 267 265.6 262.3 259.1 256 251.7 249.5 245.1 240 235.6 232.9 228.7 224.9
290.2 292.3 295.7 300.2 304.2 307.2 310.3 312.9 315 316.4 316.9 316.8 315.6 313.8 310.7 306.1 301.9 297.5 292.9 287.9 282.6 278.1 274.3 270.4 267.3 264.4 260.3 257.3 254.3 251.4 248.1 244.5 239.8 234.4 229.2 226.2 225.4 226.2 228.9 238.3 244.4 245.7 245.2 244.2 243.5 243.9 245.5 247.1 249 250.1 248.4 246.1 246.8 253.7 258.6 258.9 260.1 261.8 264.6 269.6 272.7 272.5 272.6 270.5 267.9 266.4 263.1 260.7 258.7 254.1 252.5 249.1 244.5 239.4 236.3 233 228.7 224.8
288.3 290.5 293.3 298.6 303.3 306.2 308.9 312.3 314.7 316.3 317.1 316.9 316 313.4 310.2 306.3 301.7 297.5 293.5 288.3 283.2 279.5 275.8 272.3 269.2 266.2 262.4 259.4 256.5 253.2 250.9 247.9 244.8 241.7 238 234.8 231.4 227.3 225.4 232.5 238.8 240.4 241.2 240.6 239.9 239.4 240.7 242 244.2 245.4 245.9 244.4 242.3 242.9 249.2 253.2 255.2 256.4 258.8 264.5 268 271.1 271.9 270.5 268 264.4 262.1 260.3 256.3 254.3 251.3 247.6 243.1 239.5 237.4 233.2 228.9 226.1
286.4 288.6 290.9 296.1 301 304.4 307.5 311.3 314.3 316.4 317.7 318.4 317.1 313.7 309.8 305.8 301.8 297.8 293.7 288.6 284.7 280.4 277.3 274.3 271.5 268.8 266.3 263 259.7 257.4 255.3 252.9 251.3 249 246.2 242.8 238.6 234 232.1 230.4 227.2 228.6 231.8 230.7 233.9 234.7 235 237.6 240.1 241.3 242.1 242.4 240.6 239.6 239.6 247.6 253.3 254.3 254.3 257.9 262.5 266.2 267.3 266.6 265.3 263.3 261.6 257 255.9 253.7 248.6 245.2 242 240.1 237.8 234 230.4 228.2
284.7 286.2 288.4 291.8 297 301 304.9 309.2 312.8 316.4 318.3 319.1 317.4 314.1 310.3 306.2 302.1 298.1 294 290 286.4 283.1 280.2 277.6 275.3 273 270.9 268 265.1 262.5 260.9 258.9 257 254.5 250.8 247.2 243 240 236.7 234.1 232.9 232.5 232.1 230.7 230.7 232.8 230.7 233.5 236.5 239 239.5 240 239.5 239.3 238.4 242.3 248.7 250 251.7 254 258.7 261.5 263.3 263.9 263.2 259.1 258.2 256.1 254.3 250.2 250 247.3 244.7 241.5 238.4 234.7 232.3 229.4
283.3 283.9 285.1 288.1 292.7 298.7 302.3 306.3 310.7 315.3 318.8 319.3 317.5 315.2 311.8 307.9 304.1 300.3 296.5 292.8 289.7 286.9 284.1 282 279.8 277.4 275 272 269.7 266.8 265.2 263.6 260.7 257.7 254.5 249.7 245.5 242.5 239.3 237.3 236.7 236.7 236.9 236.7 236.1 235.8 231.3 231.2 235 238.3 239.2 239.8 240.6 239.7 238.1 238.2 239.3 242.5 248.6 253.6 257.2 259.8 260.6 261.3 261.3 259.3 257.5 254.8 253.2 253 250.3 247.5 244.5 242.1 238.7 235 233.5 230.7
283.1 282.8 283.1 285.2 288.4 294.8 299.7 304.5 309.8 314.8 317.5 319.5 319.1 317.5 314.8 311.4 307.2 303.2 298.9 295.3 292.2 289.2 286.7 285.6 284.3 281.6 278.4 275 272.5 269.8 268.7 266.8 263.8 260.3 257.1 252.9 248.4 245.3 242.1 240.9 239.7 239.4 239.7 238.7 238.4 238 232.6 230.4 234.4 237.9 241 240.5 240.6 240.5 239.8 238.3 238.4 239.2 246.8 252.7 255.1 257 258 258.7 258.2 256.5 255.6 255.3 255.4 253.9 251.2 247.6 244.8 241.5 238.5 237.3 234.3 231.3
285.7 283.4 281.8 282.4 285.8 290.6 296.7 302.7 308.5 312.7 316.1 319.1 320.2 318.5 316.3 313.7 309.5 305.3 301.1 296.2 292.5 289.8 288.9 287.3 286.2 283.8 280.5 277.3 274.5 272 270.5 268.5 265.3 262 258.7 255.1 251.1 249.6 246.1 242.9 241.1 240.4 239.6 238.9 238.3 236.9 232.3 230.2 233.8 235.5 238.6 239.6 239.8 240.7 240.6 239.1 239 238.7 243.7 248.3 251.3 253.9 254.7 256.2 256.1 255.6 255.6 254.3 253.3 251.8 250.6 248.6 245.3 242 240.5 237.8 234.9 232
288.2 285.5 283.1 282 282.7 288.1 294.5 300.2 306.4 310.3 314.7 318.8 320.7 319 316.2 312.4 308.7 304.6 300.7 296.7 292.6 290.4 288.9 286.3 284.3 281.9 279.4 276.9 274.9 272.6 270.6 267.9 265 263.3 259.9 256.4 253.3 250.1 246.5 244.4 242.3 240.7 238 236.9 236.4 235.1 233.1 230.1 230.3 232.6 234.2 236 236.6 237.9 238.4 237.8 238.2 239.3 243.2 246.7 249.5 251.2 253 254.9 255.4 254.9 254.3 252.8 252.1 249.5 248.1 246.1 244.5 242.9 240.7 238.1 234.8 231.4
290.1 287.5 284.4 280.8 280.3 286.9 292.7 297.7 304.3 309 314.2 319 320 318 314.8 310.1 306.3 302.5 298.9 295.4 292 289.2 287 284.6 283 280.9 278.6 276.6 274.6 272.6 270.5 268.2 265.7 264 261.1 257.9 255.2 249.7 249 246.4 243.8 241.8 238 235.8 235.4 234.2 233 231.6 231 231.7 231.7 232.6 233.8 235.3 236.6 236.7 237.8 239.3 241.9 244.9 248.2 250.6 253 256.1 256 255.3 255.4 254.4 253.3 251.3 250.1 247.9 245.6 243.4 240.9 238 234.5 231.3
291.3 288.1 284 280 280.2 284.9 290 296.5 302.6 308 313.6 317.6 317.3 315.1 311.2 307.2 303.8 300.3 296.8 293.2 289.8 287 285.1 283.1 281.5 279.9 278.3 276.3 274.2 272.3 270.6 268.8 266.6 264.1 262.3 260.1 256.9 253.5 250.7 247.9 245.1 242.8 240.4 238.6 236.6 234.7 233 232.4 232.4 232.1 231.7 231.8 232.4 233.6 235.6 236.8 238.2 239.6 241.1 243.3 246.7 249.8 253.5 257.6 257.4 257.4 257.1 256 254.6 253.2 251.3 249 246.2 243.9 241 237.6 234.4 231.5
290.9 286.8 282.4 279.1 278.4 282.8 290.1 296.2 302.4 307.8 312.5 314.3 313.2 310.9 307.4 303.7 300.5 297.7 294.5 290.8 287.8 285 283.1 281.4 279.8 278.1 276.5 274.8 272.9 271.4 269.8 267.7 265.5 263.4 261.8 259.3 256.7 255.2 251.9 248.4 245.5 243.5 242.5 241.4 239.6 237.6 236.1 234.8 233.3 232.1 231.7 231.7 231.6 232.7 235.1 237.1 238.9 240.2 241.7 244.3 247.8 250.3 255 258.4 258.9 258.4 258.4 257.3 255.9 254.5 253.3 251.5 248.7 245.3 240.9 237.7 234.8 231.2
289.7 286.2 281.6 276.8 276.9 282.1 290.2 295.8 302.4 307.3 309.6 310.5 309.3 307.4 304.4 301.7 299 295.9 292.7 289.4 286.8 284.3 281.3 279.3 277.9 276.3 274.4 272.5 270.6 268.9 267.4 265.1 262.7 260.6 258.7 257.3 256.1 252.9 249.5 247.6 244.4 243.4 242.4 241.3 240.3 239 237.7 236 233.7 231.9 232 232.1 232.1 232.4 233 234.7 236.8 240.3 242.6 245.7 249.6 252.9 256.4 258.8 260.6 259.8 259.2 258.6 257.2 256.5 256.7 254 251.2 247.6 242.8 239.5 236.2 232
287.2 284.5 280.6 275.4 276.5 282.7 290.7 296.9 301.8 306.7 307.8 308.2 308.2 307.1 304.1 301.9 298.5 294.9 291.6 288.8 286.2 283.7 280.8 277.8 275.9 274.2 272 270 268.1 266.1 264.2 262 259.9 257.3 254.8 252.6 250.4 248.5 246.5 245.7 244.1 242.4 241.4 240.3 239.6 238.8 237.9 236.1 232.5 232.3 232.3 232.4 232.6 232.7 233.1 233.6 234.8 238.4 243.4 247.3 253 256.6 258.7 260.7 261.2 261.1 260.6 260 259.4 259.5 260.3 258.2 254.9 250.4 245.7 242.3 237.8 233.1
284.1 281.6 279.3 274.4 276.8 284 291.5 296.8 301.5 305.9 307.2 308.6 307.9 306.4 304.6 302 298.5 295.4 292.1 289 286 283.1 280.5 277.9 275.5 273 270.8 268.5 266.1 264 260.9 258.7 255.7 252.9 250.8 249.1 246 244.3 242.6 241.8 240.6 239.5 238.2 237.1 236.9 237.4 236.7 234.2 234.1 234.9 234.4 233.6 233.2 233.5 234.1 234.5 236.3 240 246.1 249.9 255.8 259.6 262.1 263.6 263.2 263.9 263.7 263.5 263.4 263.8 263.2 261.6 257.8 252.9 248.7 244.1 239.6 234.9
280.9 279.6 277.3 273.5 279.3 286.4 292.1 297.4 302.6 306.1 308.5 309.9 308.9 307.1 304.6 301.7 298.8 295.6 292.5 289.2 286.1 283 279.9 277.4 274.9 272.4 270 267.7 265.2 262.5 259.2 255.8 252.9 250.5 248.1 245.8 243.8 242.1 241 238.6 237.3 235.7 234.5 234.5 234.3 234.5 233.8 234.7 236.7 236.7 236.2 234.4 234.1 234.2 234.4 235.3 237.2 241.7 248.2 252.4 258.2 261.2 262.8 264.3 265.3 266 266.7 266.9 268.4 267.1 265.4 262.8 258.9 254.6 250.6 245.7 240.7 235.7
277.8 277 274.5 273.7 282.2 288 293.6 298.7 303.8 307.9 309.9 310.5 309.5 307.1 304.3 301.2 298.3 295.5 292.4 288.7 285.1 282 278.9 276.3 273.6 271 268.9 266.7 264.3 261.5 258.2 255 251.8 249 246.5 244.7 243 241.6 240.6 239.4 238.5 237.5 236.5 235.5 234.7 233.5 234.5 236 237 237 236.9 235.2 234.9 235.2 235.7 236.6 238.6 246.9 253.7 257.1 260.6 262.6 263.8 265.6 266.8 267.6 268.5 269.3 271.7 268.5 266.4 263.9 259.6 255.3 250.3 245.1 241.5 236.8
274.7 274.6 271.7 274.9 283.1 289.6 294.6 300 305 308.3 309.4 309.6 308.3 307 303.9 300.7 297.5 294.6 291.8 288.6 284.7 280.9 277.8 274.2 271.5 268.9 266.4 264.5 262 259.5 256.9 254.2 251.6 248.5 245.9 244.2 242.6 241.2 240.8 240.1 239.1 238.4 237.4 236.4 234.7 233.6 234.8 235.9 236.5 236.5 236.6 235.7 236 236.4 237.1 239.3 244 251.7 255.6 259.7 263.1 264 264.9 266.8 268.4 269.4 270.7 271 271.9 269 267 263.5 259.8 255.2 250.4 246 241.8 237.6
271.2 270.8 270.3 275.7 283.4 289.2 295.4 301.3 305.6 309 310.1 309.7 308.6 305.8 302.6 299.3 295.7 292.7 289.9 286.9 283.2 279.3 275.8 272.2 269.2 266.4 263.8 261.4 259.1 256.7 254 251.5 249.5 247.6 245.2 243.5 241.6 240.8 240.8 240.3 239.7 239 238.3 237.4 235.7 234.1 234.7 235.8 236.1 236.3 236.2 235.8 236 237.2 240.8 245.5 249.1 254.6 258.2 261.4 264 265.5 266.6 268 270.6 271.5 271.8 272.6 270.9 269.5 266.2 262.5 259 254.4 250.2 245.8 241.8 238
268.9 268.5 268.7 276.6 283.3 290.3 296.7 301.5 305.3 309.1 310.2 310.1 307.5 304.2 300.7 296.7 293 289.9 287.4 283.6 279.9 275.6 272.7 270 266.4 263.7 261.2 258.3 255.7 253.3 250.9 249 247.3 245.5 243.6 242.1 240.6 240.2 240.5 239.9 239.8 239.4 238.7 238.4 236.6 235.1 235.2 235.8 235.8 236 235.8 236.2 236.8 239.9 245.2 249 251.7 254.6 257.5 260 263.7 265.4 268 270 271.4 271.7 271.3 271.8 270 268.7 265 262 257.9 254 250 245.6 241.9 238.2
267.4 267.2 271 278.5 285.4 291.3 296.9 301.7 306.1 309 309.3 307.7 304.8 301.3 297.5 293.4 290.3 287.6 285.5 281.5 277.5 273.9 270.4 267.3 263.9 261.2 258.6 256.5 253.6 251 248.9 247 245.9 243.9 241.5 240.3 239.4 238.8 238.4 238.4 238.1 238.2 238 237.6 235.9 235.1 236.9 236.9 236.9 237 236.5 237.2 238.2 241.7 247.7 251 253.2 255.5 257 259.4 263 265 267.4 270.1 272 271.8 271.4 271.1 269.8 267.9 264.7 261.4 256.9 252.8 249.2 245.4 241.9 238.4
266.1 268.5 273.5 280.5 286.4 291.9 297.4 302.9 305.9 307.2 306.1 303.9 301.6 297.8 293.9 291.4 289.6 288.9 285.1 280.5 276.5 273.3 270.1 265.9 262.5 260 258 256.1 253.5 251.6 249.1 246.8 244.2 242 240.7 239.7 239.3 239 238.8 238.7 238.3 237.9 237.4 236.6 235.5 236.3 238.7 239.6 239.9 240 240.1 240.1 240.1 242.3 247.5 251.1 254.7 256.6 258.6 261.5 265 266 267.6 270.5 273.6 273.3 273.1 271.5 270 267.2 263.5 260.3 255.9 251.6 248 244.2 240.4 237
267.4 271.5 276.6 282.6 287.9 292.5 298.2 301.8 302.5 302.4 301.8 299.3 297.5 295 293.9 292.9 292 289.4 284.8 280.4 275.9 271.8 269.7 266.4 261.6 259.8 257.6 255.5 254 251.7 250.3 246.8 244.4 242.5 240.6 240 239.7 239.4 239.2 239 238.6 238.2 237.7 237.1 235.7 236.8 239 240 241.3 241.8 242.6 243.9 244.6 246.8 250.4 253.7 257.1 259.5 262.8 266.2 268.9 269.9 271.4 274.8 276 275.2 274.5 272.1 270.3 266.6 262.7 259.2 254.9 251.1 246.7 242.6 238.7 235.7
270.4 273.7 278.2 283.6 289.3 293.7 297.4 298 297.9 296.8 295.6 294.1 294 293.7 292.5 291.4 289.8 286.3 282.3 279.3 274.5 272.8 269 265.4 261.2 259 256.5 255.1 253.6 251 247.8 245.8 244 242.7 241 240.5 240.2 239.9 239.6 239.3 238.9 238.4 238 237.4 235.8 236.1 237.5 237.7 239.1 242.1 244.6 247.1 250.2 253.3 255.2 258 261.1 263.8 266.4 270.4 273 275.5 276.9 277.7 278.6 277.4 275.1 272.7 269.8 265.9 262.1 258.2 254.9 251.1 246.7 242.6 238.6 234.6
