data/350000-240000.asc
ncols 200
nrows 200
xllcorner 350000
yllcorner 240000
cellsize 50
[rows 152 to 189 of 200, columns 86 to 171 of 200]
62.1 62.3 65 68.3 67 62.9 60.4 60 60 59.8 59.9 59.8 60 61.7 61.2 60.8 59.6 58.8 58.2 58.4 58.3 58 57.6 58.1 59 58.7 57.9 58.3 58.7 59.6 60.7 61 61.5 62.2 62.5 62.4 62.3 62.5 62.3 62.2 62.2 62.4 62.2 63 65.4 65.2 66.2 67.9 70.4 69.2 66.9 66.3 67 66.9 67 67.5 68.6 69.4 70.2 70.6 71 71.8 71.6 70.6 71.6 72.2 72.5 74.7 75.4 75.9 76.5 77.4 79.5 80 80.2 80.9 80.7 80.5 81.3 83.8 83.2 80.9 79.8 80.5 77.7 75.1
65.5 65.7 69.5 72.9 69.5 65.4 62 61.5 60.8 59.8 59.4 58.9 59.3 60 59.5 59.1 58.9 57.9 57.2 56.4 56.7 57.3 57.5 58 58.7 58.6 59 58.6 58.7 59.5 60.3 61 61.7 62.5 62.7 62.9 63 63.2 63.5 63.4 63.6 63.8 64 62.9 65.1 65.7 65.5 66.2 66 65.8 66.1 65.7 65.4 66.3 67.1 67.8 69.1 70.2 71.3 71.7 73.9 74 73.7 73.3 72.6 72.5 72.5 72.6 73.4 74.6 76.6 74.3 73.5 78.2 79.5 79.4 79.4 78.3 78 78.9 78.5 76.8 75.3 74.2 73.6 72.6
68.5 69 71.7 74.2 71.9 67.6 63.6 62.4 61.1 60 58.5 58.1 57.8 58.3 57.7 57.2 57.5 57 56.4 57.3 57.8 58.7 58.9 59.6 59.9 60 60.4 60.2 59.8 60.5 61.2 62 62.9 62.8 63 63.2 63.5 63.7 63.9 64.1 64.4 64.7 64.3 65 65.1 64.4 64.4 64.7 65.1 65 64.8 65.8 67.3 68.5 68.3 68.4 69.4 70.9 72.4 74.1 76.7 78.4 77.2 76.6 75 73.7 73.2 73.6 73.4 74.7 76.1 76.4 77.1 77.3 78.8 78.1 76.9 71.3 72.2 76.3 76.7 74.9 72.5 70.9 70.7 70.6
69.6 70.4 72.5 74.9 74.6 68.8 64.5 63.1 60 58.8 57.6 57.2 56.9 56.5 55.8 56.4 56.7 57.4 58.1 58.7 59.1 59.6 60.2 60.8 61 61.1 61.2 61.3 61.3 61.6 62.3 63.1 64 64.1 64.5 64.5 64.8 65 65.2 65.3 65.1 65.4 65 64.3 64.6 63.9 63.8 64.1 64.3 65.4 65.8 67.6 69.4 70.5 70.3 69.8 70.2 71.8 73.4 75.6 81.1 81 79.4 79 77.5 75.9 75.4 75.3 75.3 75.8 76.1 76.1 78.6 78.6 78.9 78.7 77.7 77.5 77 75.5 72.5 72.1 70.8 68.7 68.4 68.5
69.1 69 69.7 71.4 72.4 69.8 65.2 61.6 59 57 56.7 56.4 55.8 55.7 56.3 56.9 57.4 58 58.8 59.4 59.8 60.9 61.5 61.9 62 62.2 62.4 62.7 62.7 63 63.3 64.1 65.1 66 65.5 65.8 66.2 66.3 66.5 66.6 66.2 66.1 66 66 65.9 65.2 64.4 64.3 64.5 65.9 68.7 70.1 71.7 73.1 73.4 72 71.1 72.6 74.2 76.5 80.1 80.4 79.2 78.8 79.7 79.4 78.6 78.5 79.3 79.2 79.2 78.6 79.4 80 79.3 80.1 80.1 79.9 79 76.7 72.7 70.3 69.4 68.3 67.6 67.3
67.4 66.5 65.6 65.8 66.6 67.2 64.7 60.4 58.6 56.5 55.8 55.7 55.8 56.2 56.9 57.6 58.2 58.8 59.5 60 60.5 61.9 62.8 63 63.1 63.5 63.9 64.2 64.5 65 65.4 65.8 66.9 67.5 66.5 67.1 67.5 67.6 67.8 67.9 67.6 67.1 66.9 67 67.1 66.5 65.7 64.7 64.7 66.8 70.3 73.4 75.8 76.7 75.4 73.8 72 72.4 73.8 74.9 77.4 78.1 78.7 79.2 79.9 80.5 81.4 81.8 82.8 83.6 83.1 81.2 80.6 81.3 81.2 81.9 82.8 83.8 81.1 75.3 72 69.8 68.5 68.2 66.7 66.3
64.2 64 64.4 61.8 61.1 62.3 61.2 58 56.6 55.3 55.4 56.1 56.3 56.9 57.6 58.3 59 59.5 60.1 60.8 62.2 63.1 63.9 64.3 64.7 65 65.4 65.7 66.8 67.7 68.3 68.4 69.2 68.2 68.2 68.4 68.8 68.9 69 69.1 69 68.5 67.9 68 68.1 67.8 66.7 65.7 65.4 67.3 71.4 75.3 77.5 77.9 76.4 74 72.5 72.5 72.7 73.7 74.7 75.8 77 78.2 79.2 80.2 81.5 83.9 85 84.9 86.7 83.9 82.4 82.3 82.7 82.3 83 82.2 78.5 73.9 72.7 72 71.1 69.3 67.5 65.6
61.4 60.6 59.2 57.8 57.5 58 57.7 55.6 55 55.4 56 56.6 57 57.6 58.3 59 59.7 60.3 61.4 62.6 63.8 64.9 65.6 66 66.4 66.7 67.2 68 69.3 70.8 71.7 71.7 70.7 69.5 69.6 69.9 70.1 70.2 70.3 70.4 70.4 69.8 69 69.2 69.4 68.9 67.7 66.6 66.9 66.4 70.2 74.7 77.4 76.8 74.3 72.8 72.3 71.5 72 72.6 73.1 74.4 75.7 76.9 77.7 78.5 80.7 82.8 83.5 83.5 86.8 86 84.1 83.5 83.7 82.7 81.6 79.4 77.7 76 75.9 74 72.2 70.4 68.6 66.7
58.5 57.5 56.3 56 55.9 55.2 54.7 55 55.3 56.3 56.8 57.2 57.8 58.3 59 59.7 60.6 62.3 64 65 65.9 67 67.6 67.9 68.4 68.9 69.4 70.8 72.5 73.9 75.3 74.2 72.6 71 71.1 71.7 71.6 71.6 71.6 71.7 71.8 70.8 70.1 70.9 70.4 69.9 68.8 67.5 66.5 66.1 67.9 72.1 74.9 75 72.3 71.5 70.8 70.9 71.5 72.2 72.6 73.3 74.8 75.9 76.5 77 77.9 79.7 81.3 82 88 88.3 85.8 85.2 84 82.8 81.4 79.9 79 77.9 76.7 75 73.3 71.5 69.6 67.8
56.7 55.4 54.9 54.3 54.7 54.9 55.1 55.2 56.1 57.1 57.7 58 58.4 59.7 60.5 61.5 63.4 65.5 67.1 68.6 69.1 70 70.6 71.4 71.2 71.7 72.5 73.8 76.1 77.9 78.8 75.7 73.8 72.9 73.5 73.7 73.5 73.3 73.2 73.3 73.3 72.4 72.3 72.2 71.4 70.9 70 68.8 67.2 66.1 67 69.2 72 71.8 70.4 69.9 69.8 70.5 71.2 71.7 72.1 72.8 74.4 75.2 75.6 76 76.7 77.5 79 80 84.1 86.3 84.5 83.4 81.8 80.7 80.6 79.3 77.7 77.9 77 76 74.4 72.6 70.8 69
55.7 54.2 54.3 54.7 55.7 55.5 55.5 55.9 56.9 57.9 58.5 58.9 59.2 60.3 61.4 62.6 65.6 68.5 70.3 72.5 74.1 75.5 75.5 74.9 74.5 76.8 77.8 79.8 80.7 82.9 80.9 77.6 76 76.4 76.7 76.5 75.8 75.2 75.1 74.9 74.9 73.9 74 74 73.1 72.1 71.3 70.9 69.9 68.5 67.1 68 69.1 69.7 69.8 69.1 69.3 70.2 70.8 71.3 71.9 72.4 73.9 74.5 75.2 76.3 76.9 76.5 77.7 76.8 79.4 77.4 77 75.7 75.8 75.9 75.7 76.1 75.5 74.2 73.7 73.2 72.8 72.2 71.3 70.2
54.3 53.6 54.5 55.4 56.9 56.2 56.3 56.9 57.9 58.9 59.4 59.7 60.1 60.4 61.6 63.7 66.8 69.9 74.2 77 79.2 81.1 81.7 79.8 79.7 83.8 84 86.6 86.8 86.5 83.2 80.9 80.9 81 81.2 81.2 80.5 79.7 79 78.3 77.1 76.1 76.6 76.8 75.4 75 74.4 73.2 71.8 70.6 70.3 68.8 69.6 70.5 71.2 69.6 69.8 70.1 70.5 71.1 71.6 72.1 73.4 74.5 75.5 76.5 77 76.7 74.7 73.8 73.7 71.8 69.6 69.8 70 70.4 71.1 71.9 72 70.8 70.7 70.3 69.8 69.4 68.5 67.6
53.2 54.7 55.7 56.8 57.8 58 57.3 57.9 58.9 59.8 60.4 60.7 61 61.6 62.6 64.9 67.9 70.3 76.7 81.3 85.1 88.2 88.3 86.7 85.2 89 89.5 90 89.3 88.9 86.9 85.6 86 86.4 85.6 85.6 85.1 83.7 82.3 80.9 80.8 80.2 80.2 80 79.9 80.2 78.7 76.2 74.6 75.4 74 72 70 72.2 72.5 70.3 70.5 70.5 70.6 70.8 71.3 72 73.1 74.4 75 76.2 77.1 76.9 74.6 72.2 69.8 67.6 67.2 66.5 66.4 66.4 66.5 67.1 67.6 67.5 67.3 67.3 67 66.7 65.7 65.3
54.1 56 58.1 59.4 59.5 60.1 58.9 58.9 59.8 60.7 61.3 61.7 62.8 63.6 63.5 66.1 68.4 70.5 74.7 80.6 87.9 89.8 90.8 90.3 89.8 90.3 91.1 91.5 91.1 90.8 90.3 89.6 89.7 89.3 88.7 88.9 87.9 86.5 85 84.6 84.5 84.5 83.9 83.7 85.7 85.2 81.7 79.3 77.2 79.3 78 74.4 71.3 73.1 73.5 71.2 70.8 70.9 71.1 71.5 72 72.7 73.4 74.2 75.2 76.3 77.5 77.1 75.6 73 70.1 67.8 66 64.1 64.2 64.3 64.4 64.2 64 64.2 63.8 64.2 64.2 64 63.7 63.4
55.5 57.8 60.8 62.8 63 61.3 61.4 60.2 61 61.8 62.8 63.9 65 65.5 65.3 67.5 69.8 71 72.5 76 84.8 87.9 90.5 91.6 91.7 91.6 91.9 92.2 92.3 92.1 91.3 90.6 90.9 90.5 90.4 90.7 90 89.5 89 89.6 88.4 89.1 88.7 88.5 89.3 86.8 84.2 82 79.9 80.4 78.9 75.2 72.4 72.8 73.7 72 71.5 71.7 72.1 72.5 73 73.9 74.8 75.1 76 77 78.6 78.7 76.7 74 71.3 68.9 66.6 64.2 62.6 62.8 62.5 62.3 62.2 62.1 61.7 61.8 62.2 62.2 61.9 61.6
59.1 61.7 64.8 65.4 65.6 64.6 63.6 61.9 62.7 63.6 64.6 66.2 67.3 68.1 67.8 69.1 70.8 71.5 73.8 76.6 79.8 86.1 89.8 91.7 91.7 91.8 92.4 92.8 92.8 92.6 91.6 90.4 90.5 90.5 90.4 90.8 91.7 91.5 90.8 91.8 91.5 91.6 91.3 91.4 90.3 88.1 85.9 83.9 81.8 80.7 80.6 76.3 73.7 72.8 73.5 72.5 72.6 72.8 73.1 73.5 74.2 75.6 76.8 76.8 76.7 76.8 78.7 81.3 78.4 74.5 71 68.6 66.1 63.8 62.1 61.2 60.6 60.5 60.5 60.4 60.2 60.2 60.4 60.5 60.3 60
63.7 66.5 67.4 67.9 68 66.2 65.1 64.1 64.5 65.3 66.2 67.7 69.4 71 71.3 72 73.9 76.3 79.9 82.5 84.5 88 90.4 91.7 91.6 91.8 92.3 92.8 92.9 93.1 92.9 90.5 90.5 90.4 91 92 93.2 93.7 92.7 93.4 92.9 92.5 92.2 92 91.5 89.5 87.4 85.5 83.5 81.7 81 77.2 75.3 74.6 74 74.2 73.9 73.9 74.2 74.6 75.9 77.2 78.4 78.1 74.5 72.3 72.4 76.4 79.1 77 71.8 68.3 65.8 63.9 62.4 61.5 60.5 59.4 58.9 58.8 58.8 58.8 58.8 58.8 58.6 58.4
66.2 66.5 67.2 67 66.9 66 64.6 65.4 66.8 67.4 67.8 69.6 72.3 74.2 76.4 79.5 81 84 86.7 88.8 89.6 90.7 91.2 91.6 91.3 91.8 91.8 92.1 91.9 92.3 92.6 91.3 92.3 93.2 93.1 93.9 94.8 95.7 94.7 94.4 93.9 93.5 93 92.7 92 91 88.9 87 85.1 83.3 81.9 79.6 77.8 76.3 75.5 74.7 75 75 75.6 76.5 77.6 76.6 75.4 76.5 72.5 67.2 65.8 66.7 71.8 74.5 72.5 69.6 67.3 64.2 62.7 61.7 61 59.9 58.5 57.3 57.4 57.4 57.5 57.2 56.8 57.9
60.5 60.8 60.7 60.8 61 61.8 61.9 63.7 66.4 69.1 70.5 72 74.7 77.1 77.6 83.6 87.8 89.6 90.2 89.4 89 88.5 89 89.3 89.1 89.4 89.4 89.2 89.5 90.3 90.7 91.8 92.7 93.1 93.8 94.7 95.5 95.1 95.2 95.2 94.9 94.4 94 93.5 92.4 91.3 89.9 87.6 85.3 83.3 82.7 81.4 79 76.8 75.7 75.1 75.1 76.3 77.7 78.1 77.2 73 70.8 72.2 70.9 66.9 63.7 62.8 64 67.4 71 70.8 68.8 66.5 64.4 62.3 61.6 60.5 59.2 57.8 56.5 56.4 56.1 55.7 56.9 58.6
55.4 55.2 55.8 56.6 57.6 58.4 59.1 61.5 64.8 67.4 69.9 69.8 72.6 75.3 73.4 82 87.6 87.7 86.9 86 85.7 86.4 86.8 86.1 84.8 83.5 83.4 83.9 86 87.9 90.1 92.2 93.2 93.7 94.4 95.2 95.1 95 95.1 95.3 95 94.7 94.5 93.5 92.1 91.8 90.6 88.2 85.8 84.1 82.9 80.9 78.3 76.6 75.8 75.9 76.3 77.8 78.1 75.6 71.6 68.2 66.1 66.9 68.6 66.9 63.6 61.4 59.9 60.2 62.9 68.4 68.8 69.3 67.1 64.8 62.8 61.2 59.9 58.6 57.5 56.1 55.2 55.2 57.6 59.9
53.4 53.8 54 54.7 55.2 56.4 56.7 58.1 59.9 62.6 65.5 65 66.6 66.5 68.4 68.7 79.5 80.3 80.1 78.7 77.2 77.6 78.2 78 77.9 77.5 78.9 82.2 85.7 88.5 90.4 92.6 93.7 94.2 94.9 95.1 95 94.9 94.9 95.1 95.3 95 94.2 93.7 92.4 92.4 91.1 88.9 87 85.7 83.3 80.7 77 75.3 74.7 74.4 75.6 75.9 74.1 69.5 66.3 64.7 64.5 63.6 63.8 65.4 63.3 60.9 59 58.1 58.8 63.7 69.3 71.4 69.4 67.2 64.9 62.8 61 60.5 59.8 58.1 55.9 54.9 57.2 59
54.2 54.7 55.3 55.8 56.1 56.4 56.7 57.5 58.7 59.1 60 60.5 62.1 63.1 64.5 66.1 68.6 70.5 71.9 72.3 71.7 71.8 72.1 74.1 77.3 79.2 81.6 86.2 87.2 89 90.9 93 94.2 94.7 95 95 94.9 94.8 94.8 94.8 95 94.3 93.5 93.2 93.1 92.9 91.6 90 88.6 85.2 82.3 79.7 75.2 70.9 69.7 70.1 70 69.9 67.8 64.8 61.6 62.2 63.6 61.6 60.7 62.9 62.8 60.3 58.2 56.7 58.8 63.6 69.8 71.7 70.5 69.1 67.1 65.3 63.7 62.7 61.3 59.1 55.5 54.1 54.5 55.6
55.5 56.5 57.1 57.5 57.9 58.3 58.3 58.4 58.9 59.1 59.9 60.9 62.3 63.6 64.1 65 64.8 67.2 67.1 68.1 70.4 72.3 73.6 75.8 80.2 85.1 85 86.7 88.4 90.5 92.8 93.7 94.5 95 94.8 94.8 94.8 94.7 94.7 94.5 94.4 94.8 94.6 93.2 93.1 92.9 91.7 90.1 87.8 83.8 80.7 77.5 72.5 68.7 66.3 66.2 65.5 64.1 62.9 61.3 59.8 59.6 61.3 61.6 58.5 60 62 60 57.8 55.6 56.5 58.7 61.4 65.4 65.5 65.2 64.1 62.7 61.8 60.3 58.8 57.2 54.3 53.5 53.2 53.7
56.8 58.2 58.9 59.3 59.7 60.1 59.9 60 60 60.7 61.5 62.4 63.5 64.6 65.6 66.3 66.3 68.2 69.8 70.9 73.8 76.9 77.3 78.6 82.1 86.8 88.9 88.7 89.8 91.7 93.5 93.9 94.7 94.7 94.6 94.4 94.3 94.3 94.2 94.5 94.7 94.6 94.1 92.9 91.9 91.6 90.5 88.8 86.3 81.5 78.7 74.4 72.4 70.5 68.3 67.4 65.2 62.3 61.1 59.8 58.6 57.3 57.9 60.5 59.8 58.3 59.9 58.8 56.6 54.4 54.4 55.4 56.3 59.8 59.8 58.6 57.7 56.8 56 55 54.2 53.5 53.1 52.7 52.6 52.7
57.7 58.7 59.7 60.5 61.3 61.8 61.6 61.4 62.1 62.2 62.9 63.7 64.6 65.9 67.3 68.5 68.4 70.3 72.1 74 77.7 81 81.9 83.9 85.9 87.2 89.5 91.3 92.5 93.4 94 94.4 94.7 94.5 94.5 94 93.4 92.9 93.8 94.1 94.3 94.2 93.8 92.9 91.6 90.4 88.6 86.8 85.7 83.5 81.4 77.7 75.2 73.8 73.2 70.7 67 63 61.1 59.8 58.3 56.9 55.5 55.7 55.8 56.2 57.5 57.1 55.2 54 53 53.3 54.2 54.9 53.5 55.7 54.5 53.3 52.5 51.7 51.8 52 51.6 51.8 51.7 51.9
57.8 58.8 59.8 60.8 61.6 62.3 62.1 62.2 62.9 63 63.4 64.3 65.9 66.3 67.5 69.3 70.3 72.4 74.6 76.1 80.6 84.3 87.7 90.1 90.7 90.5 90.9 91.9 92.6 93.6 93.8 93.9 93.8 93.7 93.4 93 92.1 91.6 92.5 93.5 93.7 93.5 93.3 92.9 91.8 91.3 89.9 87.4 84.7 82.9 79.9 78 76.9 75.4 71.9 69 65.7 62.5 60.5 59.1 57.7 56.2 55.1 53.8 53.7 54.4 54.8 55 55.2 53.8 52.6 52.5 53.3 53.6 52.9 52.4 51.5 51.2 51.2 51.3 51.4 51.5 51.6 51.5 51.5 51.8
56.7 57.6 58.9 60.3 62 62.5 62.6 62.7 62.5 62.6 62.8 64.1 65.7 66.7 67.5 69.5 71.6 73.9 75.4 77 81 86.3 89.5 91.7 92.2 92.1 92 92.6 93 93.6 93.7 93.7 92.9 92.5 92 91.7 90.6 91 92.2 93.5 93.8 93.5 93.2 92.9 92.1 91.9 90.1 87.4 84.1 80.7 78.1 76.2 75.1 71.6 69.1 66.8 64 61.1 59.7 58.3 57.2 56 54.8 53.6 52.3 52.7 53 53.1 53.1 53.1 52.2 51.5 52 52.2 51.6 51.3 51.3 51.3 51.2 51 51.2 51.4 51.5 51.6 51.6 51.8
55.2 56 56.8 57.9 59.8 60.4 61.2 61.3 61.1 61.1 61.4 62.4 63.7 65.5 66.7 71.3 71.5 73.3 75.7 77.7 80.6 84.8 89.4 92.3 93.4 93.1 92.7 93.1 93.4 93.9 93.9 93.5 92.3 91.6 91 89 87.1 88.5 90.6 93 93.9 93.8 93.6 93 92.4 91.9 89.4 85.6 81.8 79.1 76.2 71.8 70.5 69.2 67.1 64.8 62.4 60.4 59.2 58.1 56.9 55.8 54.6 53.4 52 51.7 51.7 51.8 51.8 51.9 51.8 51.2 50.7 50.8 51 51.2 51.4 51.4 51.3 51 51.2 51.3 51.4 51.8 52.1 52.3
54.3 54.1 54.6 55.5 56.9 58.1 59.9 60.4 58.3 62.1 63.2 63 64.5 66 66.6 68.3 70.4 71.8 74.5 76.6 79.3 82.8 86.5 90.5 92 92.7 93 92.2 93 93.5 93.6 93.2 92 90.8 90 87.5 85.5 87 91.3 93 93.4 93.5 93 92.7 92.1 90.5 87.5 83.2 79.5 77.3 74.5 70.1 67.8 66.8 65.6 63.2 61.5 60.7 59.5 58 56.7 55.5 54.4 53.1 52 51.7 51.6 51.6 51.7 51.8 51.7 51 50.7 50.8 50.8 51 51.2 51.5 51.4 51.1 51.1 51.2 51.3 51.5 51.9 51.5
53.5 52.1 52.5 53.2 54.4 55.1 55.9 57.7 61 62.1 63.2 64 64.3 64.7 65.3 65.8 68.2 70.8 72.9 74.8 77.2 81 83.1 87.4 89.9 91.6 92.1 91 92.4 93.1 93.2 93.1 91.7 90.1 88.2 86.5 82.3 83.6 90.2 92.5 92.2 91.9 89.8 89.5 89.6 88.2 83.8 79.7 76.8 73.6 72.6 68.7 67.2 64.6 63.6 62.4 61.5 60.7 60 58.6 57.1 55.6 54.2 52.9 52 51.6 51.4 51.5 51.6 51.7 51.5 50.9 50.8 50.8 51 50.9 51 51.2 51.5 51.1 51.3 51.4 51.3 51.8 52.2 50.6
51.8 50.7 51.6 51.5 52.2 52.8 52.1 55.9 60.6 62.2 63.4 62.7 61.9 61.7 62.4 65.1 67.4 70.5 72.6 73.4 75.2 78.7 79.1 82.3 85 85.4 85.6 85.8 89.8 92.5 92.9 92.1 90.5 87.6 85.9 84.1 78.2 83 90 89.9 89.9 89.8 87.4 86.3 88.2 88.1 81.6 75.7 73.2 70.8 69.8 68.6 67.7 66.7 65.3 63.5 62 60.8 60.1 59.2 57.7 56.2 54.7 52.7 51.9 51.5 51.3 51.4 51.5 51.5 51.4 50.8 50.9 51 51 50.9 50.9 51.3 51.4 48.1 48.1 51.6 51.9 51 51.5 50.5
48.8 48.4 48.6 49.7 49.8 49.8 49 54.7 57.5 62.5 63.5 62.1 60.2 59.7 60.1 64.7 67.6 69.9 70.6 71.4 73.7 74.5 74.3 76.4 79 79.5 77.5 82.4 88.7 90.9 91.8 90.7 88.7 84.5 82.4 78.8 74.4 81.2 87.3 85 84.4 84.8 83 84.3 89.1 88.6 82.7 75.7 71.5 68.5 66 69.1 69.9 69.2 67 64.9 63.4 62.4 61.2 59.2 58.3 56.9 55.1 52.6 51.8 51.4 51.2 51.3 51.3 51.4 51.3 50.8 50.9 51.1 51.1 51.1 50.7 50.7 51.7 51.8 52 52 51.4 50.8 51.5 51
48.3 48 47.7 47.7 47.7 48.4 48.7 52 55.4 58.2 60 59.9 58.6 59.6 62.7 63.7 65.3 67.6 67.8 68.2 69.3 69.2 69.2 70.4 74 74.5 76.6 83.9 90.8 91.6 87.9 87.7 86.7 81 78 74.9 72 77.5 80.9 78.6 78.1 78.4 80.4 86.6 90.8 88.3 82.6 76 70.9 66.5 63.6 65 67.2 65.2 64.5 63.6 62.2 61.6 60.1 58.7 57.1 55 52.7 50.8 51.4 51.3 51.1 51.1 51.2 51.3 51.2 50.9 51 51.2 51.1 50.1 50.4 50.9 51.8 52.2 52.4 52.4 52.2 51.4 51.4 51.5
47.9 47.5 47.3 47.3 47.3 47.5 47.9 48.4 49.3 52.8 54.2 54.4 61.4 62.4 63 63.6 64.5 64.9 65.3 64.4 64.6 65.8 65.4 65.3 67.5 70.1 74.4 81.8 90.2 90.8 85.1 81.2 84.6 82 76.8 72.6 70.4 74.6 75.2 74.3 75.3 78.8 84.5 90.1 90.9 88 82.2 76.3 71.1 67.6 64.7 62.7 61.7 60.5 60.5 59.7 59.4 59.5 59.1 57.5 55.3 53.1 50.7 50.2 50.5 51 50.9 51 51.1 51.2 51 51 51.1 51.3 48 50.7 51.1 51.6 52.1 52.6 52.7 52.8 52.7 52.3 52.7 52.3
47.6 47.4 47.4 47.4 47.5 47.8 46.6 48.2 48.1 46.6 50.6 54.4 59.5 63 64.2 64.8 64 63.5 63.3 61.9 61.3 62.4 63.3 65.2 71.5 76.8 82.2 85.9 91.2 89.2 82.5 76.8 78.6 80.8 74.8 69.7 68.7 70.5 71 74.7 78.6 84.6 89.3 91 90.3 87.6 81 74.7 71.2 69.2 66.4 64.8 62.6 59.1 56.8 56.6 55.8 57.4 57.5 55.7 52.7 50.7 50.1 50.7 50.1 50.4 50.8 50.9 51 51 50.9 51.1 51.3 51.4 51.4 50.7 51.6 52.3 52.8 53.7 53.7 53.2 53.2 53.5 54.1 57.6
46.5 46.3 47.4 47.4 46 48.8 48.1 48 48 48 46.6 53.5 57.1 61.1 63.4 63.3 63.1 62.4 60.8 60.7 61.2 62 66.3 70.9 73.7 76.5 78.4 87.1 91.9 88.4 83.1 76.9 72.1 73.9 69.7 67.2 67.4 69.6 72.8 79.9 86.4 90.3 90.9 90.1 87.7 83.5 76.9 71.7 69.2 68.1 67.7 66.2 62.4 58.5 56.1 54.6 53.6 53.9 54.5 53.2 50.4 49.9 49.6 49.4 50 50 50.5 50.9 50.9 51 50.9 50.8 50.8 48.1 50.6 50.7 51.6 52.8 53.8 54.9 54.9 55 55.2 57.1 58.1 58.9
48.5 48.7 48.8 48.5 48.1 48.1 47.9 47.8 47.8 47.8 47.7 47.7 53.2 55.8 59.5 60.9 60.7 59.2 57.8 60.2 62.3 64.2 66.9 69.9 71.1 73.4 78.2 87.6 91.2 87.8 82.6 77.3 71.7 67.6 66.2 65.7 68.6 73.3 80.2 85.9 90.7 90.5 89.7 88.9 83.7 77.6 72.4 68.8 67.9 67.1 67.2 63.3 60.5 58.4 56.6 54.7 53.1 51.7 51.6 50.2 50.3 50.3 50.1 49.6 49.5 49.7 50.1 50.6 50.9 51 51.1 50.9 50.8 50.4 50.5 51.5 52.6 55.1 56.8 57.5 57 56.7 57.2 58.1 58.8 59.7
48.2 48 47.8 47.8 47.8 47.8 47.8 47.7 47.6 47.6 47.6 47.8 47.6 51.6 55.7 56.8 56.4 54.9 57.5 63 66.3 68.1 67.9 69.1 70.9 74.3 81.7 90.4 90.3 84.4 78.9 74 69.5 65.9 64.5 67.3 72.7 81.4 87 90.1 91.3 90.7 89.8 88.9 84 77.9 74.5 71.3 68.6 64.6 63.4 59.2 57.6 56.6 55.1 53.3 52.2 50.9 50.3 49.7 50.2 50.2 50.2 50.2 50.4 50.4 50.1 50.3 50.7 51 51 50.8 50.9 51 52.8 53.9 55.6 58.8 59.5 58.3 58 58.2 59 59.7 60.3 60.6
