data/350000-780000.asc
ncols 200
nrows 200
xllcorner 350000
yllcorner 780000
cellsize 50
[rows 140 to 174 of 200, columns 78 to 155 of 200]
465.6 457.6 449.8 445.1 440.2 435.5 431.2 428.2 426.2 428 427.5 433.5 446.8 460.4 475.6 487.7 497.5 508.4 523.3 534.1 543.2 549.2 551.9 552.3 554.9 559.4 565.1 570.4 575.7 579 580 581.4 580.7 578.1 575 568.9 561.8 552.9 541.6 529 513.2 496.1 482.2 473.5 466.4 459.2 454.2 448.5 442.5 436.1 436.2 441.1 443.6 441.4 434.9 429.7 424.8 420.5 414.8 409.9 403.8 399.3 393.7 389.9 386.9 383.4 378.1 370.6 363 358.5 355 350.6 345.2 350.1 353.8 357.5 358.8 357.5
454.6 446 440.5 435.6 430.5 427.2 424.1 421.5 418.1 420.2 420.5 431.5 443.4 456.4 469.9 482.9 492.3 499.2 511.5 525 534.2 539.9 542.5 543.7 545.4 547.6 552.9 557.8 562.9 566.1 567.5 569 570.3 569.1 567.3 562.5 556.6 547.7 538.5 526.5 512.4 497.2 481 470.8 463.7 456.6 450.6 443.4 437.3 431.1 432.3 438.5 440.5 438.8 432.8 425.8 420.8 416.4 410.2 403.1 398.2 394.3 389.7 385.8 382.8 380.4 374.9 368.5 361.5 356.5 353 349.9 343.5 343.9 347.7 351.8 353.4 352.6
446.1 439.5 433.4 428.7 424.6 421.2 418.2 415.1 410.2 411.3 415.8 425.1 436.7 450 461.8 472.1 482.5 489.6 497.8 510.8 521.2 526.5 528.4 529.7 531.8 535.6 540.2 545 549.8 553.1 554.8 556.5 559.1 560.3 558.9 556.5 550.6 542.1 533.7 524.1 512.1 498.3 483.9 470.5 462.7 455.5 447.3 440.9 435.4 429.9 429.9 436 437.2 435.7 429.5 423.4 419.1 414.6 409.2 401.7 393.3 388.8 384.9 381.6 379 376.6 372.5 366 358.9 354.3 351.5 348.7 345 339.7 342.8 346.2 347.6 347.3
440.1 434 428.5 423.2 418.9 415.2 412.1 408.9 403.6 401.3 411.9 419.3 428.3 441.2 452.1 460.1 469.4 476.8 484.2 494 503.6 510.1 512.9 515.1 518.1 522 526.8 531.5 536.2 539.6 541.1 542.6 548.1 551 550.7 549.7 545.3 538.4 530.6 522.5 511.9 500.6 487.3 473.6 463.2 454.6 446.3 438.3 430.8 424.7 428 433.2 433.9 432.5 428.2 422.7 417.8 413.1 407.8 400.5 391.8 383.4 377.2 376.7 372.9 372.2 369.4 363.7 358.3 353.6 350.3 347.5 344.7 341.2 336.6 341.3 342 341.8
425.4 425.9 421.7 416.1 410.3 407.6 406.2 401.8 396.4 395 406.1 414.5 421.1 431.6 442.1 448.4 455.7 462.5 469.5 477.4 485.4 491.4 495.4 498.1 501.2 506.4 513.3 517.9 520.8 524.2 526.4 529.1 535.1 540.1 541.3 540.6 538.8 533 526.7 520.5 512.5 501.9 490.4 477.2 466.1 455.9 445.6 437 429.2 415.1 426.4 430 431.1 430.7 427.4 422.1 416.7 411.1 405.3 399.1 391.3 383 375.9 368.4 367.1 367.1 365.4 360.2 355.2 350.6 348.2 346.3 343.9 341 337.5 335.7 335.5 335.6
439.5 426.4 422.3 416.9 410.5 400.5 395.1 393.1 390.8 391.1 398 405.7 413 421.3 429.2 436.9 443 447.1 451.4 458.7 465.7 470.8 474.7 479.8 484.4 491.6 499 505.1 509.4 512.1 514.1 516.1 522.2 528.6 531.4 531.5 530.3 527.2 522.3 517.8 511.1 502.2 492.1 479.8 468.4 458.3 447.1 437 426.2 415.9 422.4 426.9 428 428.3 425.4 419.6 413.5 408 402.1 395.9 388.5 381.5 374.2 367.3 362.6 361.3 360.2 355.8 351.2 347.8 345.6 344.9 343.1 340.5 337.1 331.9 330 329.5
451.6 443.2 437.1 430.7 422.6 412.7 403.8 388.6 381.7 385.6 390.9 397.4 403.6 409.5 415.9 422.7 429.4 432.1 433.7 440.1 446.4 450.3 454.5 459.5 468.6 479.4 486.8 494.2 497.2 500.3 502.1 503.5 509.4 517 519.5 521.4 521.9 521.3 517.7 513.6 509.1 501.3 491.6 481.4 470.7 461.3 451 437.1 423.6 413.5 416.8 422.3 423.4 423.9 421.8 415.8 409.9 403.5 397.6 390.3 383.3 377 371.6 366.9 359.8 354.3 354.4 349.9 347.8 345 343.3 343.1 341.8 339.4 336.1 331.6 330.1 330.6
466.1 458.5 450.7 442.9 432.8 423.9 416 403.8 387.4 377.8 383.9 390.4 396.7 400.7 404.9 409 413.9 416.9 419.3 425.2 429 432.8 438.1 443.7 454.6 465.9 475.4 481.4 485.7 489.2 491.2 492.5 498 505.5 508.5 511.3 514.8 515.1 512.4 509.3 505.2 498.2 490.3 481.2 473.8 467.4 456.7 444.2 426.2 408 411.7 415.9 417 417 414.6 409.7 404.9 397.9 391.4 384.8 376.7 370.9 366.2 361.9 357.7 353.2 346.9 346.2 344.6 341.8 340.7 341.3 340.4 338.1 332.1 331.6 333 341.7
479.8 475.3 465.9 457.2 446.5 437.8 429.6 416.8 398.1 381 376.7 383.4 388.1 392.1 396 397 400.2 402.5 406.1 410.2 412.9 416.7 423.5 432.9 443.6 454.3 462.2 469.2 474.3 478.1 480 482.7 487.6 493.8 498.5 504.4 509.1 508.7 507.1 504.2 499.5 494.6 488.1 481.7 475.5 470 464.7 453.5 432.5 416.1 404.8 407.3 408.6 408.3 407.3 404 398.8 390.9 384.2 378.1 370.9 365 361.5 357.7 353.5 350.2 345.7 341.2 339.6 337.2 336.8 336.6 335.8 335 332.6 336.1 338.7 345.3
480.5 482.1 479.1 472.7 463 451.6 441.3 428.2 410.8 390.4 366.6 372.6 379.7 383.9 386.2 387.2 387.8 390 392.5 395.9 398.6 403.9 412.5 421.5 432.1 442.7 450 457 463 467.3 469.8 474 479.7 485.3 492.3 499 504 505.4 503 499.5 495.7 491.1 486.1 480.7 476 471.3 465.8 458.5 442.4 424.7 407.8 396 399.8 399.4 398.3 397.7 392.6 382.6 375.1 369.2 364.9 360.2 356.6 353 349.6 345.3 343 341.1 340.6 338.6 337.3 335.6 334.6 334.5 341.8 343 339.2 348.1
475.9 482.4 482.2 480.6 474.4 463.7 450 436.7 421.5 402.4 383.7 360 368.9 374.9 375.9 376.5 377.3 378.6 380.8 382.9 386.7 393.4 400.9 409.4 419.6 429.1 438.7 445.7 452.6 456.8 459.7 465 471.1 478.4 486.9 495.5 500.1 502.1 498.8 495.2 491.6 488 483.2 478.4 473.9 469.4 465.1 459.3 450.5 438.7 421 404.6 385.9 392 391 389.7 385.5 375.3 368.2 364.6 360.3 356.2 352.7 350.2 347.1 345 342.6 342.6 342.9 341.8 340.7 336.8 338.9 342.5 345.9 347.3 348.2 347.7
466.1 475.8 479.5 479.7 477.9 471.1 458.9 443.7 427.7 409.9 391 374.6 349.8 360.2 364.2 365.4 367.2 368.5 369.8 372.9 376.7 382.6 390 397.8 406.1 415.7 426.4 434.5 441.5 446.9 450.1 456.6 464.4 473.2 482.7 491 497 497.7 494.3 490.7 487.2 483.6 480.1 476 471.5 467.6 463.6 459 451.5 443.3 430.3 413.1 396.9 380.5 382.8 382.1 378.4 370.8 365.7 361.5 357.1 354.5 351.2 348.7 346.9 345.6 344.7 344.9 345.1 344.1 341.4 338.9 343.1 345.7 349.4 351.9 353 352.7
453.8 463.6 470.4 473.4 475.1 470.9 462.8 449.7 432.9 415.9 399.6 384.6 368.9 347.6 338.3 348.6 355 358.2 359.7 362.9 367.2 372.3 378.4 385.9 393.5 403.9 414.4 424 431.6 437.1 441.4 449.1 456.3 466.2 476.9 485.9 491.7 492 489.5 486 482.3 478.7 476 472.1 467.9 465 460.4 455.5 450.1 442.5 431.8 418.6 405.5 393 378.9 372.6 372.1 367 363.2 358.7 355.3 353.8 352.2 352.5 353.2 349.7 348.3 347.6 346.9 345.6 343.6 339.5 343.6 348.4 352.8 356.3 358.7 361.2
438.9 448.5 455.5 461 463.9 465.2 460.1 452.2 438.4 420.8 404.8 390.7 376.7 363.9 345.2 329.3 335 346.1 349.9 352.3 356.6 361.3 366.9 374.1 382.4 392 402 413.4 421.1 427 433.4 442.2 451.3 462.5 473.1 481.2 486 486.5 484.1 481.1 477.4 474.3 471.9 468 463.9 461 456.5 451.6 447.3 439.7 430.4 420.8 411.8 403.1 389.2 375.9 368.4 365 362.1 362.6 361.5 357.7 357 355.5 353.7 351.8 350.2 349.1 348.5 348.6 345.2 340.7 345.7 350.6 357.4 361.8 364.6 367.2
423.8 431 438.1 445.3 451.8 455.9 456.3 452.6 443.6 428.1 412.3 396.8 382.2 368.7 354.7 338.1 323.2 329.9 336.2 341.2 346 350.2 355.8 362.7 371 379.6 390 401.5 410.5 417.9 425.3 435.5 447.1 458.2 469 476.2 480.1 481.1 478.7 476 472.8 470.2 467.8 462.1 459.7 457 452.7 448.3 443.9 436.9 430 421.6 412.9 401.5 387.9 372.4 371.3 369.6 368 366.8 365.2 363.6 361.4 358.8 356.4 354.1 352.4 350.7 349.8 350.3 346.4 342.2 347.4 353.1 360.5 366.2 370.7 374.1
407.8 414.7 423 430.5 438.6 445.9 451.3 452.7 447.2 437.3 422.1 406.3 389.1 374.8 359.5 344.1 329.1 315.5 323.4 330.3 335.4 339.7 345.4 352 359.8 367.9 377.9 389.6 400.8 411.1 421 431.4 443 454.2 463.6 470.5 474.2 475 473.5 470.8 468.1 466.1 463.9 458 452.7 450.1 449.8 445.3 440.8 434.9 428 417.8 402.8 385.9 379.6 382.3 381.6 383.1 379.1 376.4 373.3 369.7 367.2 363.5 360.7 357.9 355.2 352.9 351.1 348.9 345.8 343.1 348.4 355 362.7 370.5 375.1 379.8
396 403 410.4 417.6 428.3 440.4 449 452.8 450.2 444.6 434.5 416.8 399 381.3 365.1 349.5 334.7 322.1 312.2 318 324.1 330.2 335.9 341.1 348.2 356.7 366.8 383.3 396.2 408.2 417.6 427.3 439.1 449 458.1 463.2 466.8 468.9 467.7 465.7 464.1 462.3 460.3 456.4 448.6 445.4 444.2 442.7 436.2 429.2 417.9 415.1 405.6 390.3 399 401.8 396.8 396.6 396.6 393.6 387 381.3 375.7 370.8 366.4 363.2 359.4 356.2 353.8 349.9 348.7 344.8 350 356.9 365 373.6 380.1 385.1
386.1 392.3 399.7 409.8 422.1 435.6 445.8 451.9 452 446.5 438.2 421.5 404.9 389.4 372.2 355.4 340 326.7 313.4 309.1 314.9 321.6 326.8 332.1 336.7 351.5 365.9 380.6 394 405.7 414 423.5 433.9 443.4 450.3 455.4 459.5 463.1 462.2 461.5 460.4 458.4 456.5 452.6 449.1 444.6 438.9 437.3 422.5 412.5 412.9 404.8 406.2 413.7 413.7 414.4 413.8 412 411 407.3 402.7 395.4 387.7 380.9 373.5 368.3 364 360 356.3 353.2 351 348.5 350.6 357.9 365.8 373.3 382.4 389.3
375.5 382.9 391.2 402.4 416.2 430.1 441.6 448.1 449.1 442.4 432.8 419.3 406.4 392.8 377.6 362.6 347 332.5 318.9 302.1 307.6 313 317.7 322.2 334.7 349 363.5 378 391.2 402.1 410.4 419.7 429.9 437.3 443.3 449.7 454.3 458.5 459.2 458.7 457.7 456.2 454.3 450.2 444.3 435.9 433.6 440.6 431.8 422.6 421.7 421.1 424.4 425.4 425.6 425.9 425 424.8 423.6 421.6 419.2 413.1 403.7 393.1 384 376.2 368.9 364.1 360.2 356.8 354.9 353.7 351.9 357.7 365.6 374.4 383.6 392.7
363.9 374.6 385 396.4 409.9 423.3 434.5 440.2 441.1 433.6 424 413 401.8 388.7 377 363.7 350.7 338.2 324.3 302.9 297.5 306.1 308.9 320 332.6 345.9 360.8 375 388.5 398.7 407.7 416.6 424.8 432.5 438.8 446.2 450.5 455.2 456.2 457.4 456.2 454.4 449.3 448.3 449 447.9 444.5 444.2 439.7 431.8 433.2 432.7 434.1 436.3 437.3 437.3 436 436.8 436.5 435.4 433.9 427.8 418.4 407 396.3 386.3 376.3 369.1 364.5 360.9 359.8 358.7 355.5 357.3 365.9 374.7 384.4 393.6
356.7 368.1 379.3 391.9 404.2 415.4 424.5 427.9 425.2 418.9 412.8 403.4 393 382.2 370.8 360.2 348.9 338 327.3 317.1 301.2 295.1 307.9 316.7 329.2 342.3 356.4 370.3 383.9 395.4 404.4 413.7 421.5 429.6 436.9 443.5 447.8 452.3 454.3 456 456.1 453.2 457.7 458.3 456.3 453.3 450.4 448.1 440.2 442.3 439.8 440.7 442.9 445.2 446.7 447.7 447.2 448.1 449.3 447.4 444.4 438.7 431.4 419 407 395.2 383.5 374.9 369.5 365.8 364.2 362.5 360.8 360.6 366 374.9 384.4 394.1
351.5 362.2 375.1 387.6 397.7 406.8 412.9 413.7 410.5 402.4 396.1 390.3 382.4 371.9 362.6 351.8 341.9 333.2 326.6 316.7 306.8 291.1 302.4 312.6 324.3 337.6 350.2 363 377.1 391.7 403.1 413 421.3 429.2 435.9 441.3 446.1 450.8 454 456 458 459.6 460.4 460.7 459.2 457.2 455.6 451.7 448.7 447.4 447.5 447.7 449.2 452.3 454.5 457 457.8 458.4 458.3 456.2 452.3 448 438.8 428 415.1 402.7 390.3 381.7 375.2 370.7 371.1 369.7 368.3 366 369.7 373 383 393.6
347.5 358.4 370.8 381 389.9 397.6 400.3 400.8 395.8 389.3 381.5 375.1 369.2 360.3 351.2 342.1 332.1 326.1 322.2 315.3 306.7 292.5 295.1 307.6 319.2 325.2 341.2 358.6 375.2 390.4 403.3 413.2 422.8 430.4 437.1 441.9 446 450.2 454.6 457.1 459.2 460.3 460.8 461.3 461.1 459.4 458.8 455.2 455.5 456.3 457.2 456.2 455.5 459.5 463.5 465.9 466.4 465.2 464.9 461.9 458.1 453.1 446 435.2 421.8 408.1 396.9 388.6 382.3 378.2 378 377.6 375 372 375.1 380.7 382.1 392.2
347.5 357.8 367.6 375.6 382.2 386.6 388 385.8 383 376.8 368.8 361 355.7 347.4 338.8 330.8 324.1 319.6 315.5 310.9 305.3 296.7 290.5 304.7 315.5 331.8 345.9 359.8 373.8 388.7 402.8 413.3 423.5 432 438.4 442.9 447 450.6 454.2 457.6 458.9 459.9 461 461.8 461.7 461.3 460.3 460.4 461.8 461.8 463.3 464.2 462.8 466.7 472.2 474.3 472.8 470.8 468 464.9 461.8 457 450 440.9 428.6 413.9 404.8 396.6 390.9 387 386.7 386.5 382.7 380.3 378.3 386 384.7 392.7
346.4 356.6 364.6 368.7 372.8 374.8 374.6 371 367.1 362.8 356.5 348.9 342.1 334 325.7 320.2 316.8 313.5 309.7 306.5 301.8 284.3 291.9 306.2 319.7 334.4 347.9 361.5 375.2 389.3 404 416.1 426.4 434.3 439.7 444.2 447.8 451 454.1 456.7 457.9 458.9 459.8 461.1 462.8 462.6 462 463.3 466.2 467 468.9 471.1 469.6 474.5 481.4 481.1 477 473.3 470.3 467.4 464.4 460.1 453.7 446 436.1 426.1 417.3 408.5 401.1 397.3 396.9 396.2 391.7 387.8 383.4 390 396.3 392.7
343.3 352.9 359.5 362.2 363.5 364.5 362.3 358.3 352.3 346.5 340.7 335.8 329.1 321.2 314.8 311.8 309.3 307 305.1 301.9 298.5 280.4 294.7 308.9 323 336.1 349.6 363.1 377.1 392.2 406.2 419.1 429.2 436.6 442.1 444.9 446.5 448.8 451.2 454.9 455.6 456.5 457.6 460.6 463.1 463.9 464.4 465.3 469.9 472.2 473.3 476.8 478.2 479.8 484.4 484.8 477.4 473.4 470.7 468.6 466.6 462.7 457.5 450 443.5 437.9 430.4 422.9 414.7 410.8 412.4 411 404.1 398.3 392.8 395.3 401.9 401.7
338.6 346.4 352.4 354.7 355.4 354.8 351.1 344.6 337.8 332 326.3 321.7 318 311.6 306.5 304.6 302.9 301.1 299.2 296.5 290.8 278.2 297.5 312.8 327.1 340.5 352.3 367.2 380.7 397.1 411.4 423.2 432.5 438.6 443.2 444.5 444.5 446.2 448.6 452 453.2 454.2 457.1 460 463 465.9 468.1 469.7 473.8 475.4 477.6 479.5 479.6 480.6 483.5 483.3 476.6 471.6 470.2 468.7 467.5 464.9 460.9 457.8 453 448.3 442.6 436.9 432.7 432.4 430.1 425.3 418.2 409.9 398.2 401.8 406 408.1
330.9 338.7 344.9 347 346.8 343.1 337.8 331.5 324.8 318.3 312.8 309.5 304.9 300.9 298.6 296.9 295.9 294.7 292.8 284.7 272.3 284.1 302.1 317.7 331.4 344.9 359.2 372.8 385.8 400.9 416.4 427 435.1 439.5 442.5 444.6 442.4 443.5 446.1 447.8 450.7 455.1 456.8 459.7 463.7 467.9 471.5 474.3 475.1 478.1 479.1 479.4 477.2 476.3 477 475.6 471 466.9 466.5 468.2 468 468.4 468 465.4 462.5 458.6 453.2 448.5 446.4 444.5 441 435.6 428.3 421.2 407.8 410.6 412.5 412.4
323.4 329.8 335.7 336.9 335.9 331.6 325.5 319.6 312.7 307.9 304.8 302.4 297.7 294.4 292.4 290.4 289.1 287.7 284.3 271 271.1 290.4 306.1 321.1 335.3 349.8 364.8 380.2 394.6 408.6 420.4 428.3 436 438.8 440.9 441 439.7 440.2 441.2 446.2 450 453.1 456.8 460.5 465.3 469.9 473.8 475.4 475.8 476.5 476.9 476.5 473.9 469.8 468.8 466 463.6 461.9 462.6 465.6 468.2 471.4 472.9 471.1 468.7 465.3 460.6 456.6 452.8 450.4 447.6 443.5 435.9 427.1 420.6 419.7 418.9 418.5
315.1 320.6 325 326.6 324.8 321.6 315.9 309.5 304.3 300.8 297.8 294.9 290.8 288.8 286.7 284.6 283.2 281.6 272.9 263.8 280.4 296 309.4 324.2 338.8 353.9 369.6 385 400.6 415.7 423.3 425.8 431.3 435.1 436.5 437.2 437.6 438.1 440 443.9 447.9 452.3 458.2 462.7 467.9 473 475.6 474 473.6 472.9 471.9 471.8 468.8 462.8 459.1 456.1 453.8 454.3 457.8 461.7 467.8 472.5 475.4 474.7 472.6 469.7 464.6 460.6 457.2 455.1 453 449.5 440.4 432.9 430.2 426.8 425.7 424.6
307.3 309.9 311 312.5 313.1 310.8 306.1 301.1 297.1 294 291 288.1 284.7 282.1 280.2 278.2 276 272.3 260.6 275 289.9 301.4 314.3 327.3 342.5 358 374 389.3 405.7 419.4 427.2 428 425.9 429.7 431.6 433.5 434.9 435.1 437.8 442.1 446.5 453 459.9 466.7 472.4 476.3 476.5 474 472 468.6 465.6 463.1 459.5 452.7 447.3 443.7 443 445.6 451.8 458.4 465.3 470.7 473.4 474.9 473.5 470.9 467.2 463 459.7 456.5 455.3 451.2 443.6 441.4 437.3 435 434.2 432.2
299.4 301.7 301.8 301.9 302.3 301.3 298.3 294.5 291.2 287.4 284.3 281.4 278.1 275.4 273.4 269.8 263.8 257.5 269.2 284.4 298.1 309.5 320.7 332.8 347.1 362.5 378.3 394.1 409.6 421.7 428.4 429.8 424.1 424 426.3 427.6 430.5 432.2 435.8 440.5 446.3 454.5 462.1 469.9 475.9 477.6 475.7 471.4 467.2 462.5 457.7 453.2 448.3 440.1 432.4 429.3 430.8 437.2 444.2 452.1 459.8 465.8 469.3 471.1 470.8 469 466.2 462.9 460.5 458.4 456.5 452.8 450.6 447.3 443.4 442.5 441.3 439.4
294.5 295.9 295.3 295.3 294.7 294.2 291.9 288.5 285.5 282.2 277.9 274.6 271.2 268 264.4 257.6 255.6 260.8 277.8 292.7 306.3 317.9 329.8 342.4 355.3 368.9 384 398.7 412.7 423.3 428.5 428.5 423.8 418.9 420 420.9 424.4 429.3 433.8 438.7 446.1 455 464 471.3 476.5 476.3 472.9 467.2 461.7 455.8 448.8 441.6 435.4 424.9 415.7 412.8 418.6 426.3 434.8 444.4 450.4 456.2 461 463.9 465.8 466 464 461.6 458.9 456.1 455.8 454.1 454.2 451.7 449.7 447.6 446.8 446
290.2 291.6 290.8 289.8 288.8 287.9 284.6 282.6 279.9 277 272.7 267.7 264.8 261.7 252.1 251.5 251.6 270.9 285.1 299.6 313.5 326.9 339.2 352.5 365.5 378.5 391.7 405.3 415.7 423.7 426.7 425.1 420.3 415.8 414.5 413.6 418.3 424.9 430.9 437.9 445.7 454.7 463.3 470.3 473.8 472.3 468.2 462 455.3 447.9 437.8 427.2 419.1 408.1 401.4 400.9 407.1 415.6 424.1 432.9 439.6 445 449.8 454.3 458.3 460 460.3 457.6 455.6 453.6 453.9 456 456.3 455.7 454.3 454.5 452.7 453.9
285.9 287.2 286.8 285.7 284.4 281.8 277.6 276.2 273.1 271.2 267.6 264.2 260.1 256.5 248.1 247.9 262 277.5 291.9 306.1 320.1 333.6 348.3 362.5 374.2 386.1 398.9 409.4 417 423.6 424.4 422.8 416.9 410.7 408.8 406.3 414.1 421.2 428.2 435.8 444 453.1 461.2 466.7 468.4 466.8 462.2 455.1 446.7 437.1 424.1 410.7 401.6 393 388.3 389.9 396.3 404.7 413 421.1 428.3 433.6 438.4 443.1 448.5 452 453.4 453 451.2 450.6 451.9 454.5 457 459 460.4 460.2 460 459.7
