data/350000-230000.asc
ncols 200
nrows 200
xllcorner 350000
yllcorner 230000
cellsize 50
[rows 148 to 184 of 200, columns 0 to 82 of 200]
217.9 212.9 214.1 219.7 225.9 230.2 234.5 237 236.6 235.7 234 232.4 230.7 228.6 225.4 221.6 218.8 217.7 218.2 218.8 219.3 219.6 219.6 219.7 218.6 217.1 214.2 210.4 207.8 205.4 205.2 203.9 204 203.4 204.2 202.7 197.3 192.4 186.8 183.4 178.9 176.1 176 176.9 177.6 178.2 178.9 176.7 174.2 171 166.6 163.3 161.3 160 159 158.2 156.7 155.6 154.8 153.6 151.3 150.6 149.6 149.2 148 146.2 143.5 141.6 140.2 137.9 134.8 131.6 128.9 126.3 123.5 120.7 117.7 115 111 106.5 103.2 101.7 100.2
213.9 209 211.8 218.9 225.2 229.8 232.9 233.2 232.8 231.9 230.5 228.9 226.6 223.3 219.7 215.7 212.9 212 212.5 213.2 214.4 215.5 215.6 215.9 216.2 216.5 213.9 211.1 207.9 204.7 203.5 202.1 201.5 201.8 201.3 199.6 196.9 192.3 186.6 183 178.4 174.5 173.7 174.3 175.1 175.8 176.5 177.1 174.9 172.7 168 162.2 155.8 153.3 152.6 151.5 150.4 148.5 146.8 145.8 143.4 141.4 140.8 141.1 141 138.9 136.9 135 133.3 131.3 127.7 124.9 122.8 120.5 118 115.1 112.6 109.4 108.7 110.6 106.3 104.2 103.6
208.8 204.3 210.2 218.1 224.9 228.7 229.9 229.6 229 227.9 226.6 225.3 222.7 218.5 214 210.1 207.2 206.6 207 208.2 209.4 210.6 211.9 212.8 213.7 214.5 212.2 210.7 208.2 204.9 202.2 200.2 198 197.8 196.9 196.5 194.3 191.3 187 182.5 177.9 173.4 171.8 172.1 172.8 173.4 174 174.7 174.5 174 171 165.5 159.9 153.9 150.4 148.9 148.1 145.1 143 141.5 138.7 135 133.3 133.5 133.3 132 130.2 128.4 127.2 125.1 122.1 119.3 116.9 114.7 112.2 110.5 114 114.7 114.1 110.1 109.2 108.3 107.5
201.7 201.5 209.7 218.1 224.1 226.1 226 225.4 225 224 222.6 223.5 220.9 216.3 210.6 204.5 201.2 200.8 202.1 203.3 204.5 206.2 208.6 210 211.1 212.2 211.1 209.6 208 205.3 202.3 198.7 195.1 193.2 192.1 192.6 191.5 188.8 185 180 175.8 172.1 169.8 170.2 170.6 171 171.6 172.3 172.2 172.7 172.3 169.1 164.9 159.7 156.3 154.9 154.4 151.2 147 144.3 141.4 136.4 132.9 128.5 126.3 124.8 124.3 123.4 121.8 119.7 117.2 114.5 114.3 116 117.3 119.6 118.9 115.3 112.3 113 113.4 112.2 110.1
196.1 201.2 209.1 217.6 221.9 222 221.6 221.3 221 220 220.5 221.7 219.3 215.7 209.9 203.7 196.8 195.2 197 198.4 200.4 203 205.2 206.9 208 209 209.5 208 206.6 204.5 200.7 196.9 192.9 188.4 187.6 188.2 188.8 185.6 181.5 177.7 173.4 170.4 168.1 168.9 169.5 169.9 170.2 171.9 172.2 173 173.1 171.1 168.7 166.7 164.2 163.2 161.9 154.4 147.2 143.8 140.4 137.4 132.7 127.4 124.3 121.8 120.2 119.3 117.7 117 117.3 120.4 122.7 124.1 124.4 123.4 118.4 116.8 116.7 117.1 114.6 111.6 109
193.2 200.5 208.1 215.5 218.3 216.7 216.3 216.2 216.9 217.6 218.7 219.9 218.2 214.6 209.8 202.3 194.9 189.6 191 194.5 197.2 199.9 201.8 203.6 205 205.7 207.2 206.4 205.1 202.7 198.5 194.4 189.3 184.5 183 183.9 184.7 180.9 177.3 174.1 170.1 167.6 167.1 167.2 168.5 169.9 172.4 174.8 175.5 176.3 176.1 174.4 172.5 171.1 171 167.4 161.2 151.6 143 139.5 136 133.3 128.9 125 125.1 125.3 125.5 125.9 126.5 124.9 127.4 131.9 134.4 133.2 128.7 123.7 121.7 122.1 120.3 117 113.3 111.5 110.7
189.9 198.1 206.2 212.6 214 212.7 211.4 211.3 212.8 214.2 216 217.4 216.5 213.4 208.4 200.9 194.2 187.7 186.3 190.3 194 196.5 198.4 200.2 201.6 202.5 204 204.7 203.9 201.1 196.7 191.5 185.6 180.5 179 180.1 180.4 176.8 173.1 169.8 167.5 166.6 166.5 168.4 171.2 173.8 176.2 178.8 180.2 180.8 181.4 179.7 177.1 174.3 172.5 167.4 159.3 148.9 141.5 139.5 138.3 136.4 135.7 135.6 137.7 138.5 137.1 140.2 140.2 139.7 140.8 144.4 142.3 137.6 132 129.3 127.9 125.1 121.4 118.4 116.9 116.1 115.8
187.3 195.1 202.9 207.8 209.4 208.2 207.2 206.8 209.3 212.3 214.4 214.3 213.8 211.8 207 200 192.9 186.2 182.8 186.3 190.2 192.9 194.5 196 197.6 198.9 200.8 202.9 202.7 200.2 196.2 189.9 182.6 177.6 175.5 175.9 176.3 172.7 169.1 166.4 165.8 166.1 169 171.2 174.8 178 180.4 183.2 185.2 186.5 187.2 184.4 180.2 177 173.4 168.3 163.6 157.9 152.8 150.7 148 146.2 145.6 145.6 147.7 149.2 150.1 150.7 151.2 149.3 149.3 149.5 146.7 141.8 138.3 136.2 133.6 129 125.4 123.6 122.1 121.2 120.9
185.3 192.5 198.8 203.5 204.5 203.7 202.8 203.9 207.1 210.5 211.8 211.3 210.8 209 204.5 198.6 191.4 185.1 177.7 182.1 186.1 188.8 190.3 191.8 193.4 194.9 197.9 200.4 201.4 199.5 195.5 189.5 182.4 175.2 171.8 171.6 172 168.7 165.2 164.4 166.1 168.3 171.6 174.1 178 181.9 184.6 187.7 189.8 190.8 189.1 184.9 180.7 176.9 172.7 170.9 167.1 162.3 159.7 158.7 157.1 156 155.2 154.5 155.1 155.8 156.5 156.5 155.8 154.5 153.1 152.2 151.2 148.7 145.6 143.7 140.5 135.1 132.4 129.9 127.6 127.5 128
182.7 188 193.6 197.5 198.4 198 199.2 202.3 205.7 208.7 208.8 208.4 208 206.1 202.8 197.9 191.8 186 176.2 177.1 181.2 184.3 185.8 187.3 189.1 191.7 195.1 198.6 200 198.7 195.8 190.5 183.5 175.6 169 167.5 167.4 164.7 161.6 163.9 167.6 171 174.1 177 181.1 185 188.6 191.4 193 191.3 188.4 184.2 180.2 176.3 171.7 168.3 167.5 166 164.2 162.6 161.7 160.9 159.9 159 159.5 159.5 159.7 159.8 158.7 157.6 156 156.5 156.8 155.6 154.9 153.4 150 145.2 141 138.3 136.3 134.9 138.4
179.2 183.4 187.9 190.8 192.2 191.2 196.5 200.7 204.4 205 205.6 205.2 204.9 203.9 200.8 197.4 192.2 185.9 175.6 171.2 175.1 179.5 181.7 183.6 185.4 189.1 192.5 195.9 198.5 197.9 195.2 191.6 184.5 177.4 170.4 165 161.3 160.2 158.8 162.9 168.2 172.8 176.3 179.8 183.9 187.5 190.2 193.2 194.8 192.2 188.4 184 179.6 175.3 170.7 166.5 164.9 164.5 164.5 164.4 163.1 162.4 162.1 161.6 161.9 160.6 161 160.7 159.6 159.3 159 160.3 162.1 164.3 165.1 164.9 163.1 158.8 154.7 150.9 148.5 146.8 150.5
175.2 177.9 180.7 183.2 184.1 188.4 193.8 198.4 200.3 201.3 202 202 202 201.2 199.4 196.5 191.7 186.7 177.7 169.1 170.3 175.9 177.2 179.6 182.8 187.2 191.8 195.4 197.3 197 194.9 192.5 186.5 180.7 175.3 169 162.1 158.8 156.6 160.9 166.5 171.2 175 179.3 184.2 188.4 191.7 195.3 196.7 194 189.8 185.1 180.1 174.2 169.7 165.5 162.3 160.9 161.1 162.1 162 161 162.8 162.5 161.7 160.3 159.9 160.4 159.5 159.2 160.6 165.2 168.6 171.8 174.1 176.1 174.6 173 170.2 166.9 164.3 162.9 163.6
172.7 173.4 173.9 174.3 176.3 184 189.1 193.9 196.1 197.4 198.2 198.7 199.6 199.5 198.6 194.6 189.5 184.8 179.8 170.8 165.4 171.1 172.9 175.9 180.6 185.7 190.7 194.2 195.7 195.7 193.9 191.7 188.1 184.3 178.8 173.7 165.9 158.3 156.4 158.9 164.4 169.2 173.6 178.7 183.9 188.7 193.9 198.1 199 196.9 192.8 187.7 182.4 176 168.9 164.4 160.2 156.6 155.7 157.2 159 159.6 160.8 161.5 160.5 159.6 158.7 157.7 156.8 158.4 162.7 167.9 173.5 180 184.5 185.3 184 182.3 178.7 175 171.7 169.3 167.6
172.3 168.8 167.3 166.4 170.2 178.2 184.2 188.2 191.4 193.6 194.4 196 196.4 196.7 196.2 192.2 187.5 182.9 178.3 172.5 163.3 164.9 168.7 174.2 179.6 184.8 189.7 192.7 193.9 194.2 192.9 190.2 186.6 183.1 179.6 175 167.5 159.3 149.8 156.7 162 167 172.1 178.1 184.3 190.8 196.5 200 200.7 198.7 195.4 190.3 184.2 177.7 170.5 163.5 159 154.1 150.8 152.7 154.5 157.4 159.6 161.3 160.2 158.3 157.2 155.8 155.1 159.1 164.8 170.3 177.4 183.9 185.5 183.9 183.2 181.6 178.6 175.6 172.4 167.6 166.9
173.3 169.5 165.2 160.9 163.2 167 178 181.9 185.3 188.3 191.4 193.2 194.4 194.4 193.8 190.4 185.8 181.2 176.5 170.8 161.6 162.5 168.5 173.9 179.2 183.3 187.2 190 191.3 191.7 191.1 188.8 185.3 181.8 178 173.6 168.4 159.9 150.8 153.3 159.3 164.9 172.2 179.7 186.1 192 197 199 200.3 200.2 196 190.8 184.7 178.7 171.5 164.1 159 153.9 148.7 147.9 151.1 154.8 158.6 161.5 160.7 157.7 155.8 154.6 154.6 158.4 164.1 169.7 176.2 181.1 181.9 181.3 180.7 179.8 177.2 173.9 169.9 165.6 161.2
178.1 174.9 171.3 166.9 158.2 159 167.9 177.2 180.7 184.1 186.9 190 192.1 192.4 192 188.1 184.1 179.5 174.3 167.4 159 160.1 167.2 172.8 176.9 180.9 184.8 187.1 188.7 189.1 188.9 187.5 184 180.5 176.5 172.3 167.5 160.6 152.2 149.3 155 163.6 172.8 179.9 186.6 192.5 196.3 196.3 196.5 196.5 193.6 189.8 185 179.7 172.9 165 158.6 153.4 148.8 145 149.5 153.9 157 161.2 161 158.4 155.5 154 153.7 157.5 162.5 168 173.9 177.4 178.3 179.1 178.8 178.1 175.9 173.2 168.8 164.2 159.4
189.2 186.3 182.8 178 167.3 156.4 160.4 171 176.8 179.6 182.2 185.3 188.5 190.9 190.1 186.2 182.2 177.6 172 165.1 157.4 156.9 163.9 169.8 174.2 178.2 182.1 184.2 185.2 186 186.1 185.2 182.7 178.8 174.8 170.5 165.9 160.5 152.8 146.1 152.1 162.5 172.5 179.5 186.2 191.5 191.4 189.9 189.8 189.8 188.8 186.8 182.8 179.4 173.2 165.5 157.8 152.3 146.8 142.8 148 153.6 159.5 163.7 163.6 160.4 156.5 153.1 152.5 154.5 159.4 165.4 170.6 173.3 174.8 175.7 177.2 176.5 174.8 172.7 168.7 164.2 159.4
197.3 193.8 188.5 180.9 171.3 159.7 155.3 166.5 171.5 173.6 178.1 182.7 186.2 188.3 187.6 184.9 180.7 176.7 170.8 163.9 155.6 154.7 160.6 165.9 170.6 175.6 179 180.4 181.1 181.9 182.6 182.4 180 176.8 172.9 168.6 163.9 158.7 152.6 146 150.3 160.6 170.2 177.6 183.9 185.3 184.1 183.3 183 183.9 184.6 184 181.8 178.4 173.3 165.7 158.2 151 144.9 142.1 149.7 156.6 163.1 167.7 165.9 162.2 156.8 153.6 151.5 152.5 157.1 162.6 166.6 169.4 171 172.6 174.5 175.7 174.4 172.5 169 164.7 159.9
197.4 192.6 187 181.5 173.4 159.5 150.5 161.7 166 168.9 173.8 179.2 183.8 186 185 183.1 179.4 175.4 169.5 162.5 153.2 153.1 160 165.8 169.9 173.1 174.1 175.4 177.4 178 178.6 179.2 177.2 173.9 170.3 165.8 161.1 156 149.9 143.7 150.2 160.2 167 173.4 177.4 178.3 177.1 176.6 178.4 180.9 181.7 181.7 179.9 177 172.8 165.3 158.4 150.7 143.4 144.5 152.1 159.8 166.9 169.9 168.1 164.1 159.1 154.9 150.7 150.6 154.7 159.7 163.5 166.1 168.5 170.9 174.1 175.2 174.5 172.2 168.9 165.2 160.3
194.9 189.9 183.9 178.9 172 159.6 147.6 154.3 161.4 163.5 170.3 175.7 180.8 183.3 182.3 180.2 176.6 173.6 168.3 160.9 151.3 150 156.8 162.1 165.8 168 169.3 170.5 172.3 174.4 175 175.3 174.3 171.3 167.1 162.5 157.6 152.7 146 140.6 150.4 158.5 163.4 167.4 170.7 171.7 171.2 172.3 174.4 176.7 178.3 178.1 177.4 174.8 171.5 165.9 158.9 151 143 143.2 152 160.9 169.3 171.6 169.2 165.7 160.5 155.5 150.8 148.6 152.6 156.8 160.3 162.9 167 170.5 173.5 174.5 173.1 171.3 168 164.5 159.9
191.9 186.2 180.9 176.7 170.9 159.8 148 148.1 154.3 158.9 165.8 172.7 177.3 178.8 178.9 177.7 175 172.2 167.4 160.4 151.6 144.6 152.1 156.3 160 162.8 164.5 165.7 167.1 169.3 171.4 171.2 170.8 168.5 163.9 159.1 154 147.9 141.2 141.4 150.2 156.3 159.8 162.5 165.6 166.5 168.3 170.6 171.6 173.9 174.1 173.5 173.4 171.7 169.1 165.5 158.9 151 142.3 140.5 149.6 158.6 167 168.2 166.8 164.4 160.3 155.1 149.7 146.4 149.3 153.4 157.2 161.9 166.4 169.9 172.4 172.9 171.3 169.3 166.1 163.1 159.7
188.5 182.6 178.7 174.8 169.6 159.4 150.6 142.9 146.3 154.4 162.2 168.9 172.5 174.4 175.6 174.8 172.2 169.4 165.4 160 152.2 142.8 145.9 150 154.1 157.3 159.7 160.8 162.2 164.9 166.9 167.4 167 165.3 160.7 156.2 150.8 143.6 137.4 140.8 149 153.8 156.4 158.2 160.2 164 166.7 168.9 170.1 171 170 169 168.6 167.6 167.2 164.2 159.5 151.8 142.8 136.9 145.1 154.3 162.1 163 161.8 159.6 157.2 152.4 147.2 143.8 146.5 150.8 155.9 161.4 165.7 168.5 170.8 170.4 169.4 167.4 164.5 162.1 158.8
185 178.6 173 168.8 166.4 161.6 154.6 145 141.7 150.2 158.6 165.6 168.6 170.7 172.4 171.6 169.4 166.5 163.1 160.5 154.4 145.6 137.4 142.7 147.1 151.8 154.5 155.7 158.3 161 162.6 163.7 163.2 161.8 157.5 153.2 146.9 139.6 134 140 147 150.9 152.4 154.1 157.5 162 165.2 166.8 167.2 166.2 165.2 164.4 164.2 164.8 164.4 163 159.6 153.9 144.9 134.8 140.7 149.4 155.3 156.6 155.7 154.4 152.7 149.6 144 139.3 144.3 148.9 154.5 160.8 165.2 167.7 168.9 167.4 166.3 164.4 162.6 159.9 157.7
183.2 175.9 168.6 163.1 159.8 156.7 153.9 145.9 139 146.8 155.5 162.2 164.8 167 168.8 168.4 166.3 163.6 163 160.4 156.1 149.4 140.1 136.2 140.9 145.7 149.2 151.6 154.5 156.8 158.4 158.7 157.7 156.2 154.2 151.2 144.1 136.8 131.3 137.9 143 146.4 147.2 149 153.7 158.6 161.5 163.3 162.8 161.6 160.6 160.4 161.2 162 161.8 160.9 159.2 154.8 146.2 136.6 134 142.4 148.2 149.7 151 151 150 146.7 140.5 135.5 141.6 148.3 154.5 160.5 164.9 167.3 166.4 164.3 162.2 160.4 159.1 157.4 156.1
182.7 174.9 167.7 159.9 153.5 151.2 150.5 143.7 136.9 143.9 151.7 157.7 160.2 162.8 165.2 165.2 163.1 161.3 160.1 158.5 156.7 153.9 145.5 136.6 134.9 138.8 142.4 146.2 150.7 152.6 152.9 152.2 151.9 152.2 151.6 150.6 145.1 137 128.5 133.3 137.1 139.1 139.5 143 149.1 153.4 156.4 158.9 158.7 157.7 156.5 157.7 158.5 159.4 159.7 158.9 158.1 154.9 147.1 138 132.4 134.8 141.1 143.6 146.1 148.5 147.4 143.1 136.6 131.8 139.5 147 154.3 159.9 164 165.4 163.8 161.4 158.8 156.4 155 154.4 154.4
182.5 176.5 169.7 162.9 155.3 149.4 145.1 141.8 133.9 139.8 145.9 152.3 156.2 158.8 160.8 161.4 159.8 158 156.8 156.1 157.3 155.2 151 140.9 131.2 131.2 134.7 140.1 145.1 146.3 147 147.4 147.9 148.3 148.6 149.3 146.4 138.6 131.4 125.4 128.4 131 131.3 136.4 141.2 146.5 150.7 153.3 154.1 153.2 153.7 155.2 156.1 156.9 156.8 156.2 155.7 154.6 149.8 140.8 131.2 128.3 133.6 137.4 141.2 144.2 142.8 139.3 132.5 129.5 137.4 145.9 153.5 158.3 162.6 163 160.2 157.1 154.7 152.4 151.4 151.5 152.4
182.5 178 173.1 166.4 159.7 153.8 149.3 144.8 135.6 134.2 140.2 146.7 152.2 154.9 156.2 156.9 156.3 154.8 153.7 154.2 156.9 155.7 152.1 146.9 138 128.7 127.9 132.4 138 139.5 140.5 141.5 142.5 143.8 145.3 146.4 146.6 140.3 133.4 128.5 124.9 121.4 123.3 127.8 133 138.2 143.6 147.1 148.6 148.9 150.7 152.5 153.5 154 153.4 153.1 152.8 152.3 150 144.4 133.8 121.8 125.2 130.8 134.9 138.5 137 134.1 128.3 127.3 136.2 145.7 153.2 156.7 161.1 160.2 156.8 153.4 150.3 148.2 148 149.8 151.3
182.8 179.1 175.7 170.7 163.7 157.9 153 147.2 139.3 130.8 135.1 142.6 147.8 150.3 151.1 152.2 152.6 151.8 150.7 152.8 155.9 154.5 151.9 148.9 145.1 135.5 125.4 123.5 129.2 132 134.7 136.2 137.6 138.9 140.6 143 144 142.6 136.2 131.6 127.7 124 119.1 118.8 124.7 130.4 135.3 140.4 142.5 145.3 147.1 148.5 149.6 150.7 150 149.2 149.2 149.5 148.2 144.4 138 126.7 119 123.7 128.1 130.8 130.1 128.4 123.6 125.5 135.9 145.4 152.7 157.1 159.1 156.8 153.4 150 146.6 144.6 145.8 147.6 150.1
181.9 180.8 177.2 173.5 167.7 162.2 156.5 149.7 142.3 133.2 129.6 136.4 141.8 144.2 145.5 146.5 147.9 148.2 149.5 150.9 152.1 152 150.6 148.5 145.4 140.7 132 122.8 121.1 124.9 127.8 130.4 132.2 133.9 136.6 139.1 141.6 142.9 139.3 135.3 131.4 126.8 122.2 117.3 117.3 124 129.5 134.2 136.8 139.1 142.5 144 145.2 146.4 146.1 145.1 145.1 145.1 145.1 142.5 138 129.3 118.6 116.8 120.8 123.2 123.2 122.4 118.8 125 136.5 145.3 152.1 155.8 155.9 153 149.9 146.5 143.5 142.6 143.8 145.7 148.8
181 179.9 177.8 174.2 169.9 165.1 159.7 152.8 145.6 137 127.9 128.4 131.9 135.5 138.1 141 143.7 145.5 147.1 147.4 147.5 147.4 147.2 145.8 143.8 139.8 134.8 127.3 119.9 117.2 120.8 123.4 126 129.4 132.8 135.5 138.4 140.7 141.1 139 135.6 130.8 125.1 119.5 115.4 118.5 123.9 128.1 131 133.3 136.1 139.6 140.8 141.3 141.2 140.7 140.7 140.6 141.5 141.8 138.8 132.5 122.9 113.6 111.5 114 114 114.2 116.7 129.3 140.5 147.8 152.2 154.1 152.5 149.5 146.5 142.9 139.7 137.7 140.8 143 145.4
178.1 178.9 178.1 174.9 171.2 166.6 162.1 156 149.6 142.5 134.4 126.2 123.7 125.8 129.3 133.7 139.2 141 141.7 142.3 142.4 142.1 142.5 142.7 140.4 137.8 134.8 130.8 123.9 116.8 113.5 117.1 120.2 125 128.4 131.6 134.3 137.5 140 141.3 139.4 133.6 127.9 122.3 117.4 113.5 119 123 125.3 127.6 129.8 133 136.2 136.2 135.9 135.8 137.3 138.9 140.2 140.1 138.8 134.5 126.1 115.1 104.9 105.6 110.4 118.9 128 136.4 144 149 152.1 152.4 149.8 146.8 143.4 139.8 135.8 132.5 134.9 138.3 141.8
177.2 177.9 176.9 175 171.8 167.7 162.9 157.1 151.8 147 141.2 133.9 126.2 121.4 121.2 126 132.7 136.9 137.6 138.1 137.7 137.9 138.7 138.7 138.7 136.1 135 131.9 128 122 115.1 110.4 113.8 119.2 124.1 126.9 129.6 132.9 136.5 139.4 139.7 136.2 130.6 125 120.5 115.1 111.8 117.3 119.9 121.9 123.8 128.5 130.7 130.4 130.1 131.8 135 136.6 137.5 138.2 137.7 135.6 127.3 114.7 104.3 105.8 118.1 127.5 135.1 141.5 147 150.5 151.4 150.6 148 144.4 140.6 136.9 132.5 128.1 127 131.7 137.3
174.3 176.8 174.8 174.3 171.2 168.2 163.1 158.4 153.8 149.1 144.5 139 133.1 127.3 120.8 116.6 127.1 133.1 134 133.9 133.5 134.3 134.7 134.7 134.7 134.4 133.6 131.2 130.3 126.3 119.8 112.4 106.9 111.5 116.4 121.3 124.9 128.3 131.4 134.5 137.1 136.2 133.3 128.1 123.1 118.2 111.3 108.9 113.9 116.8 118.2 122.5 124.8 124.3 125.3 129.1 131.3 132.5 133.5 134.7 135.3 134.1 125.8 111.6 102.6 106.9 119.5 128.7 135.5 141.9 146.8 149.6 149.4 148.1 146.3 142.6 138.8 135.2 130.7 125.4 122.5 126.9 133.6
173.2 172.8 172.5 172.6 170.4 167.5 162.6 158 153.6 149.3 144.6 138.1 132.8 127.6 122.9 116.8 121.6 128.4 129.9 129.6 129.9 130.9 130.5 130.4 130.4 130.4 129.1 127.8 127.5 126.2 121.6 115.7 107.5 103.2 108.2 112.9 117.3 121.4 124.5 127.7 130.4 132.1 133.2 131.2 126.3 121.7 117.2 108.7 101.7 106.9 111 114.6 116.5 117.6 122 126.8 126.9 127.6 129.3 131 132.7 131 121.4 107.7 98.9 108.1 120 128.2 134.4 140.2 144.1 145.2 145.4 144.9 143.7 140.8 137.2 133.6 129.6 123.8 119.1 123.8 132.4
169.1 170.5 170.8 170.6 168.5 166.5 162.1 157.4 153.2 148.8 142.8 136.1 128.7 123.8 119.8 115.3 118.4 125 125.7 125.9 126.8 127.6 126.4 126 125.8 125.5 123.8 123.6 123.3 122.2 119.1 116.9 111.3 104.8 98.9 103.5 107.9 112.5 115.5 119.7 123.6 125.4 127.9 128.9 129.7 125.4 121.2 117.2 110 96.5 103.7 107.1 108.4 111.9 119.3 121.3 121.1 121.9 123.2 125.9 127.9 126.8 116.8 102.8 96.3 109.4 120 127.3 132.9 137.7 141.2 142.3 143.1 142.2 140.7 138 134.7 131.4 128.2 123.3 117.7 121.2 127.4
165.5 167.1 169 168.5 167.4 165.6 161.5 156.9 152.7 149.4 143.8 137.6 131.6 123.5 119.1 112.6 115.3 120.8 122.1 122.8 123.8 124.2 123 121.8 121.2 119.9 118.4 118.8 119 118.2 116.3 114.1 111.9 108.8 102.7 96.1 98.1 102.7 107.4 111.7 116 118.9 122.3 125.2 127.1 127 124.4 120.7 116.4 109.4 104.4 101.4 101.9 106.8 113.3 113.8 113.9 115.3 116.9 119.7 122 121 111.5 97.4 97.4 110.2 119 124.7 130.4 135.1 137.8 138.5 139.3 139.3 138.3 135.9 132.8 129.6 126.7 123.5 117.5 116.5 125.7
162 163.6 165.4 167.7 167.1 164.9 161.3 158.6 155.4 152.7 148.9 143.6 138.2 129.3 121.4 114.6 110.3 115.5 118.6 119.9 121 120.9 119.7 118.3 116 114.5 113.2 113.8 113.9 112.7 110.3 108.6 106.8 106.5 106 101 94.7 94.3 100.6 104.8 110.4 114.5 118 121 122.6 123.4 124.4 121.8 119.3 113.3 107.8 101.9 97.8 99.3 104.3 105.6 106 107.7 110 113.2 115.1 114.4 106.3 93.1 97.1 108.6 116.2 122.1 127.5 131.5 133.2 134.2 135.5 136.5 135.5 133.8 131 127.6 125.2 122.8 117.4 110.5 116.8
