data/350000-630000.asc
ncols 200
nrows 200
xllcorner 350000
yllcorner 630000
cellsize 50
[rows 36 to 71 of 200, columns 82 to 163 of 200]
235.1 237.5 237.6 241.8 247.7 250 254.5 256.8 258.8 259.9 259.3 257.5 255.3 254 250.2 247.4 244.1 243.4 241.7 240 239.3 238.4 237.9 238.3 237.3 236.5 235.7 234.7 234 233.3 232.3 231.5 230.5 229.3 226.6 223.6 219.2 213.6 207 201.5 197.5 191.8 184.8 175.6 168.1 162.9 160.1 152.8 144.7 138.1 130.3 123 119.6 118 116.7 114.2 112 108.7 105.2 101.7 99.8 98.3 102 99.6 99.9 100.1 100.1 100.2 101 100.2 107.8 116.2 127 139.6 144.1 145.8 143.7 140.7 136.6 133.4 133.9 135.3
235.1 235.9 238.2 242.5 246.3 250.2 251.8 254.1 256.5 257.7 256.2 255.3 254.4 252.6 249.7 247.8 246 246.2 246.1 245.6 244.2 243.2 242.6 242 241 240.2 239.2 237.8 237.3 236.4 235.3 234 231.8 229.2 225.7 222.1 218 212.9 206.2 202.1 197.9 191.9 185.4 179.9 174.4 168.2 161.6 154.5 149.6 144.1 135.7 126.7 122.8 119.3 116.9 114.5 112.7 109.1 105.8 104.2 102.5 100 101.2 98.6 99.7 100 100.1 100.3 100.5 107.3 121.8 134.4 144.7 153.3 157.5 157.8 157 156 153.2 146.9 145.4 147.5
235.4 238.5 241.3 245 248.9 251.4 252 252.7 254.3 255.2 254.5 254.2 254.1 252.5 251.5 251.7 251.1 250.4 251 248.3 248.5 249.1 246.9 244.9 243.6 242.6 241.2 239.5 238.2 237.6 236.6 234.4 230.8 226.5 222.1 218.3 215.8 210.6 206.2 201.6 196.9 191.2 185.5 180 174.7 169.5 164.3 159.5 152.9 145.9 137.4 129.7 124.8 121.1 118.5 115.4 112.8 110.1 108.2 108.1 104.6 101.1 99.8 99.5 98.8 99.8 100 100.3 103.4 120 137 149 157.6 162.7 166 166.9 169.1 167 164.4 159.9 157.8 155.4
241.1 244.4 245.6 248.3 250.4 251.3 251.9 250.8 250.1 249.2 249.9 251.4 254.1 254.3 254.6 254.6 254.2 253.5 255.1 253.5 252.1 250.5 248.9 247.2 245.5 244.1 242.2 240.3 239.2 237.7 236 231.7 228.1 223.7 219.6 215.8 212.6 209.3 205.1 200.6 195.9 190.9 185 179.8 174.6 170.5 165.7 158.8 149.8 140.6 134.3 131.4 127.2 123.2 120.3 116 115 112.5 111.5 110.7 109.3 101.7 99.7 99.7 98.9 98 99.9 100.7 116.5 135.6 151.1 161.3 171.6 175 174.5 173.3 176.9 172.9 170.5 166.4 164.8 163.1
246.5 245.9 246.6 246.7 246.4 246.4 245 243.7 243.3 244 247.7 251.8 254.2 255.7 256.6 257.3 257.4 257.1 256.5 255.4 253.7 252.1 250.9 248.7 246.6 244.7 242.9 241.2 239.1 236.9 233.7 229.8 225.9 222 217.9 214.1 209.9 206.6 203.4 198.9 193.9 189 184.2 179.5 173.2 163.8 155.3 149 147.6 145.1 142.5 137.3 130.6 124.1 120.8 118.8 116.9 116.2 113.8 111.7 109.8 101.6 98.9 99.4 99.2 98.7 96 109.1 130.4 150.8 163.6 173.5 180.7 182.9 182.1 180 180.9 178.7 177.6 173 171.7 171.7
243 241.3 240.7 239.1 237.9 236 235.1 235.4 239 245.2 250.7 252.8 254.8 256.5 258 258.4 259 260.2 258.4 256.6 254.4 253 251.1 248.9 246.7 244.7 242.6 240.5 238.1 235.6 231.8 228.4 225.2 221.6 218.1 213.9 210 205.4 201.8 197.3 191.8 186.7 182.2 175.8 166.6 167 166.3 162.4 157.4 152.3 148.4 141.3 133.4 124.7 124.5 122.3 119.9 119.3 116.8 114.3 110.1 99.9 99 99 98.7 98.6 95.7 120.8 142.5 162.6 176.2 184.1 186.4 188 186.4 186.1 187.4 188.6 190 188.7 183.3 180.2
233.5 230.2 228.5 227.5 228.2 229.2 231.8 234.6 239.6 243.9 246.5 249.1 252.6 255.3 257.2 260 260.4 259.7 257.2 256.2 253.6 251.7 249.7 247.7 245.8 243.9 241.9 239.6 237.2 234.2 231.3 229.1 225.6 221.7 217.7 213.7 209.6 205.6 200.8 196.1 191.2 185.7 179.3 177.3 179 178.2 172.3 166 161 154.7 148.2 142.2 134.4 127.5 127 125.2 125.1 122.9 120.6 116.4 109.9 97.6 98.7 98.5 98.2 98 103.5 127.1 150.2 166.7 179.1 186.7 187.3 187.7 189.6 192.5 196.2 197.7 198.4 196.1 191.9 187.7
223.4 224.8 226.9 230.7 232.3 233.8 236.9 239.2 241.3 242.4 243.9 245.6 247.7 250.4 254.3 258.3 258.7 257.7 256.6 254.5 252.1 250.2 248.3 246.4 244.5 243 241.3 238.6 235.8 234 231.7 229 225 221.2 217.2 213.2 208.5 203.3 198.5 194 189.6 183.8 181.6 185.6 185.6 181.8 173.2 167.3 162.9 157.5 151.4 144.5 137.4 133.3 130.9 129.8 130.4 127.4 123.6 118 109 97.8 98 97.9 97.6 95.7 114.3 137.5 154.8 170.6 177.2 184.1 190.2 193.4 199.8 207.4 205.4 203.4 202.9 198 191.9 186.1
227.2 232.5 236.8 239.7 240.9 242.1 242.5 243.8 244.7 245.6 246.6 247.9 249.2 250.2 251.4 255.8 256.3 256.1 254.5 252.6 250.7 248.9 247 245.5 244 242.5 240.5 237.9 235.4 233.3 231.1 228.1 224.3 220.3 216.3 212 207.4 203.3 199 194.6 189.9 184.9 185.2 186 185.6 179.8 173.5 169.8 165.9 161 153.9 142.8 141.3 140.4 135.2 133.6 133.7 131.6 127.9 119.5 108 97.7 97.5 97.4 97.7 96.4 122.1 143.7 158.8 173.1 179.5 185.5 193.1 199 211.6 214.7 211.4 206.8 203.7 196.7 185.7 178.5
237.2 241 243.2 243.9 244.4 245.1 244.7 244.5 245.2 246.1 246.6 247.5 248.7 249.6 251 253.4 253.8 252.5 252.6 251.1 249.3 247.6 246.3 244.9 243.5 241.9 239.8 238.4 236.1 233.5 230.9 227.8 224.5 221.2 217.8 213.7 209.4 205.7 201.8 197.1 190.3 187.3 182.4 180.4 180.1 178.5 174.9 171.2 165.7 155.2 155.6 151 148.5 144.8 139.5 137.1 138.3 135.3 130.3 120.9 106.6 98.1 97.6 97 95.3 97.6 117.2 142.5 159.8 169 175.5 184.9 195.6 204.8 212.4 215.5 211.1 205 197.2 188.1 176.6 169.2
242.2 244.2 245.7 246.6 246.1 245.6 245.4 245.1 245.3 245.8 246.2 246.8 248.4 249.9 250.8 252.7 252.9 251.7 250.8 249.7 248.1 246.9 245.6 244.3 243.1 241.7 240.3 238.9 236.8 234.2 231.6 228.8 226.2 223.1 219.4 215.3 211.2 207.1 202.6 196.6 192.3 189.1 185.3 182.3 179.5 175.1 173.3 170.9 167.7 165.2 161.5 157 151.7 147 141.3 141.6 141.2 137.8 131.3 121 106.6 97.8 96.9 97.6 97.4 97.9 114.1 136.6 152.7 163.6 173.6 184.3 194 203.8 207.1 205.9 202.5 195.1 183.1 172.8 166.1 162.1
249.4 250.2 249.7 248.4 247.1 246.2 245.9 245.9 246.4 245.6 245.5 247.5 250.5 252.6 252.2 251.7 251.6 250.9 250.2 249.2 248.2 246.9 246.1 245.1 243.8 242.4 240.8 239.4 237.4 234.9 232.8 230.6 227.5 224.6 220.6 216.5 212.3 207.9 197.7 198.1 196.2 192.4 188 184.9 183.9 182.4 180.1 175.9 172.5 169.7 165.1 160.3 155.3 148.1 145.1 144.7 142.6 138.9 133.4 122.4 108 98.3 97.8 95.6 97.6 97.9 110.2 132.1 147.3 155.7 167.3 180 188.7 193.5 193.3 191.9 187.5 177.1 167.6 161.8 155.9 152.9
248.7 247.9 246.7 245.1 245.5 246.2 246.1 247 247.2 246.1 247.2 251.7 252.3 252.5 252 251.7 252 251.2 250.3 249.9 249.7 248 246.7 245.6 244.6 243.1 241.5 239.9 238.1 236.1 234.4 231.1 228 224.6 220.7 216.6 211 203.9 204.3 202.5 199.9 197.6 194.2 190.7 189.2 186.5 183.7 179.9 175.9 172.8 167.2 161.9 157.6 152.8 148.9 147.4 145.1 141.3 134.5 123.4 109.7 99.1 97.6 93.7 97.5 98 107.2 129.4 142.3 150.2 160.2 170.3 177.2 179.4 176.5 171.9 166.3 161.9 155.9 151.7 149.2 149.4
246.7 247.1 245.8 246 245.9 246.4 247.1 249.1 251.1 252.8 253.2 252 252.7 253.5 253.3 253.1 252.9 253 251.9 251 250.9 249.3 248.1 246.8 245.3 243.7 242.1 240.5 238.3 235.8 233.4 230.3 226.8 223 218.3 215.2 212.3 211.3 209.6 207.8 205.6 203 199.9 196.2 193.2 190.6 186.8 182.8 178.8 174.4 169.3 164.9 160.8 157.2 154.8 152.6 149.6 145.4 135.3 124.3 111.5 99.7 96.8 96.5 97.5 97.5 100.8 118.9 139.4 148.4 156.8 161.1 163.2 163.7 162.6 160 154.8 150.5 147.9 144.6 145.6 148.5
247.1 248.4 248.9 248.5 247.7 247.8 248.8 250.6 254.9 258.6 258.5 256.7 256.4 256.5 256.4 255 255.2 254.8 253.5 252.5 251.1 250.9 249.2 247.6 245.8 243.9 241.9 240 237.8 235.1 232.4 229.5 227.8 226.5 223.1 218.6 220.2 218.2 214.6 212 210.1 207.2 203.3 200.1 197.3 194.8 190.2 186.8 182.1 179.2 173 169.1 165.3 162.7 162.2 159.2 154 148.2 137 126.1 114.7 103.7 97.7 96.3 96.9 96.8 97.4 107.3 132.9 142.2 148.2 150.1 150.6 152.9 153 148.8 145.8 143 141.6 141.8 145.1 149.1
248.8 250 251 250.5 249.8 249.9 250.4 252.8 260.8 262.8 261.9 260 259.7 260.7 259.7 258.4 257.7 256.3 254.9 253.5 251.8 250.7 249.3 247.3 245.4 243.6 241.8 239.9 238.9 236.2 234.5 233.1 231.9 229.4 225 225.7 223.9 221.6 218.8 215.8 213.6 210.6 206.7 203.5 199.6 198.8 195.9 190.2 184.4 181.2 176.9 173.7 171 169 167 162.9 158.6 152.2 139.4 130 122.9 112.7 102.1 95.9 96.2 96 95.4 100.9 114.5 132.8 140.4 143.2 143.3 144.3 143.1 140.6 139.2 137.8 137.6 141.1 146.1 152.6
250.5 251.7 252.5 252.5 253.1 253.9 257.7 264.9 268.3 267.8 266.6 264.3 263.6 263.1 261 259.6 258.6 257 255.3 254 252.5 251.1 249 247.7 246.3 244.9 243.5 242.8 241.8 240 238.3 236.8 233.7 230.4 230.4 228.2 225.3 223.9 222.4 219.4 217.7 213.9 208.8 205.7 203.6 199.3 196.4 192.2 186.7 183.1 180.2 178.3 176.4 174.5 171.4 169.1 164.7 158 145.5 135.8 130.4 114.4 107.6 95.6 95.6 95.3 95.1 99.4 109.3 120.2 132 139.8 139.1 138.5 137.8 135.5 134.5 133.8 136.5 142.1 147.9 154.3
250 251.4 254.2 256.3 258.7 265.4 271.6 274.5 273.1 271.4 268.2 265.8 264.9 264 262.2 260.7 259 257.1 255.9 254.7 253.4 252.3 251.2 250 248.6 247.7 246.7 245.8 244.9 243.1 240.7 238.3 234.8 234.5 231.9 229.2 228 226.6 225.1 224 222 216.1 212.1 209.8 205.2 200.4 196.7 192.3 188.8 186.1 183.2 181.6 180.1 180.1 176.7 174.6 168 157.2 149 140.2 131.6 121.1 110.8 95.1 95.2 95.3 95.5 99.3 107.6 114.3 125.1 132 133.9 133.4 133.1 131.5 130.3 131.6 135.6 142.1 149.1 155.6
250.1 253.5 259.7 264.3 271.5 275.9 276.6 275.2 272.7 271.7 268.5 266 264.5 265.2 264.5 262.3 260.6 259.5 258.1 257.3 256.6 255.1 253.6 252.4 251.6 251 250.1 249 247.1 245 241.8 239.2 238 236 234 232.7 231.9 231.2 230.1 227.6 223.8 218.1 212.5 208.9 205.1 200.9 196.6 192.9 190.3 186.9 185.4 184.5 185.2 185.9 182.7 177 169.4 160.9 151 144.2 133.4 123.4 114.7 101.7 93.4 94.8 95.3 98 107.8 107 117.8 124.3 125.8 127 127.9 127.4 126.7 128.9 133.7 141.2 148.4 155.9
254.2 262.5 267.9 271.5 274.9 275.9 275.8 274.2 272.8 271.9 269.9 267.9 266.7 265.9 263.8 262.9 262.4 262 261.4 260.9 259.4 257.9 256.6 255.6 254.4 253 251.7 249.8 247.7 245 243.3 241.8 240.3 239.2 237.3 236.5 235.4 234.1 230.5 226.6 222.3 217 211.6 208.2 204.4 200.3 195.7 192 189.9 187.6 187.9 188.1 189.2 189.4 184.8 177.2 168.6 160.6 153.8 148.2 141.3 129 115.7 103.5 99.4 92.2 94.7 95.4 100.2 105.5 109.2 116.6 120 122.4 122.5 123.1 124 126.4 131.1 139.2 148.6 158.7
260.3 266.7 271 275.2 276.9 278.8 278.2 276.2 276 274.1 272.5 270.6 268.9 267.9 267.3 266.9 267.5 266.7 264.3 261.6 260 258.9 257.4 255.8 254 252.4 250.7 249.4 248.8 247.7 246.1 244.5 243.1 242.4 241 239.4 237.3 234.4 229.2 224.5 218.7 213.5 210.1 207.2 203.5 199.4 194.8 190.8 189.1 189 190.1 190.7 190.3 188.9 185.1 176.9 169 163.9 159.9 154.5 144.2 134 116.7 104.4 101 95.8 93 91.3 96.8 102.2 107.5 112.6 116 118.8 118.5 119.3 121.5 124.1 128.8 136.9 147.9 162
259.9 266.8 270.3 274 276.6 277.7 278.6 279.9 278.7 276.3 274.1 271.8 269.6 268.4 268.1 268.6 266.5 263.2 260.8 259.2 257.7 257 256.6 255.1 254.2 254 253.1 252 250.6 249.3 248 246.8 245.4 243.8 241.6 239.7 236.8 233.2 228.2 223 218 213.7 209.7 205.2 201.3 195.8 192.7 190.7 189.9 190.5 190.6 190.6 189.4 187.5 184.5 179.6 174.4 169.6 163.9 147.4 126 125.9 122.3 112.6 100.4 94.9 94.9 93.2 91.8 97.5 102.6 109.2 113.7 116.1 115.7 114.7 116.9 122.1 126.7 134.9 149.1 163.9
258.4 262.8 266 268.7 271.5 275.5 277.9 279.1 276.5 273.2 270.5 267.7 265.5 265.9 266 263.6 261 258.5 257.1 256.9 255.4 255.3 255.6 256 256.2 255.7 254.7 253.6 252.3 250.9 249.6 248.2 246.8 244.5 241.8 238.8 235.1 231.3 226.2 220.4 216 211.9 208.1 202.4 198.8 195.1 193.1 191.4 190.1 189.6 189 188.5 186.7 186 183.6 180.6 177.1 172 151 142.9 149.2 142.4 128.7 117.8 111 103.4 103.3 100 93.4 91.2 93.9 105.4 108.5 112.7 113 111.4 113.3 119.4 125.2 133.3 150 164.1
255.2 258.1 261 263.4 266.7 271.3 271.3 269.8 268.3 267.4 265.8 264 263.6 264.8 262.7 259.9 257.2 256.2 255.4 254.6 254.6 255.3 256.2 257 257.3 257.1 256.3 254.8 253.5 252 250.6 249 246.8 244.3 240.4 237.6 234.3 230.5 225.7 220.2 214.4 210.6 205.9 201.4 197.8 194.9 193.3 191.8 189.6 188.4 187.6 186.7 185.8 184.9 182.8 180.6 177.9 155.8 160.8 161.6 155.2 144.6 133.3 121.6 116.6 112.1 107.7 107.6 109.8 109.6 107.6 90.9 102.3 104.4 105.4 105.6 112.2 116.2 124 133.9 149.7 164
252 253.9 254.4 256.4 258.9 262.3 264.5 266.4 266.8 265.7 264.1 262.4 261.2 261.9 258.2 256.5 255.5 254.7 254.1 253.9 255 255.9 256.9 257.7 258.2 257.8 256.9 255.5 254.1 252.5 251 248.9 246.4 243.7 240.1 236.8 233.6 229.6 224.8 219.2 213.3 210.5 205.6 201.4 198.7 195.7 193.8 191.8 189.3 187.9 187.2 186.5 185.4 183.5 182 174.2 166.3 174.4 174.2 169.4 162.8 148.2 136 127.2 120.8 116.2 111.6 107.6 109.6 109.8 109.6 100.4 90.6 107.7 111 113.9 114.6 117.5 124.5 134.6 147.9 162.9
243.4 245.1 247.2 249.6 254 259.3 262.8 264.8 265.5 265.3 263.7 262 260.4 258.7 256.6 255.1 254.2 253.7 253.3 253.6 255 256.5 257.5 258.5 258.6 258.1 257 255.8 254.5 252.7 250.7 248.4 245.8 243 239.8 236.4 233.5 229.7 225.8 221 215.2 211.2 207.1 203.7 200.6 197.2 194.3 191.1 188.8 187.6 187 186.2 185 182.7 176.4 180 179.7 178.5 177.4 172.4 164.8 153.3 137 128.3 123.6 120.1 116.2 111.5 110 108.9 104.3 96.8 92.9 94.7 111.9 116.7 114.8 117.8 123 133.9 147 165.6
236 236.7 241.6 245.9 251.7 256.6 259.6 263.9 266.2 263.9 263.1 260.7 259.3 257.7 255.1 253.8 253.4 253.1 252.7 253.5 255 256.5 258 259.2 259.1 258.1 256.9 255.4 253.9 252.1 249.5 247.3 245.5 242.5 239.3 235.8 233.6 230.2 226.1 221.3 216.6 212.6 209.7 206.7 204.3 199.3 195 191.4 189.2 187.8 186.2 185.3 183.9 182.4 182.9 183.1 183.1 182 181 174.9 166.6 155.8 141.7 132.9 126.1 123.6 120.7 116.7 111.1 110.3 109.7 98.1 96.9 89.8 103.8 108.8 112.8 115.3 117.6 132.1 150.4 171.3
227.9 230.5 238.7 240.1 246.3 252.6 256.1 259.9 263 261.4 260 261.9 260.3 257.4 256.4 254.3 253.1 252.3 251.6 253.4 254.5 256.2 257.7 258 257.7 256.9 255.5 254 252.3 250.5 248.4 246.1 243.5 241 237.6 233.6 231.3 228 225.7 224.3 222.6 219.3 216.7 213.9 210.7 205.6 199.5 195.2 192.2 189.5 186 183.4 185 187.1 187.1 186.6 186.2 184.9 183.5 180 170.4 160.6 147.3 138.3 130.7 125.3 121.7 118.2 112.4 109.5 111.6 110.7 97.1 91.6 94.3 106 109.8 112.5 114.7 128 148.4 169.9
219.6 222.4 227.8 233.5 240.6 246.2 251.8 255.1 255.4 254.9 259 257.3 253.8 252.2 251.4 252.1 252.5 252.5 252.3 253.4 253.8 255.3 256.2 256 255.7 254.9 253.5 251.8 250.3 248.3 246.2 243.9 239.8 237 235.1 234.2 233.9 234 232 229.6 228 224.9 222 218.3 214.8 209.7 204.6 200.2 196.9 192.4 186 185.5 190.9 192.3 192.4 190.2 190.1 189.3 187.9 184.1 176.5 164.7 152 145 136.5 125.6 122.6 118.7 114 110.4 108.1 108.1 94.1 92.3 89.8 101.9 107.1 110.1 114.2 126.2 142.1 159.6
214.4 216.8 220.8 225.3 234.2 242.8 248.6 251.2 251.5 251.4 251.2 251.4 253.2 253.9 252 252.3 252.6 253.5 253.6 253.6 253.4 253.7 254.2 253.9 253.5 252.7 251.4 249 247.4 245.3 242.8 241.4 240.6 240.8 240.8 240.2 238.9 236.8 235.3 232.3 229.1 225.8 221.8 218.3 214.8 210.5 207.3 203.7 199.7 194.5 187.3 188.1 195.5 198.1 197.7 197.4 195.8 195 191.9 185.1 177.5 168.3 159.4 149 141 126.1 124.9 120 116.2 112.6 108.4 104.7 92.9 91.9 89.5 96.6 102.4 107 112.4 123.1 135.8 150.7
211.9 214.3 218 222.1 234.1 244.3 253.5 258.8 259.3 259.3 259 259 258.3 257 255.9 256.1 255.7 254.4 253.9 252.9 251.8 251.1 251.5 251.2 250.9 250.4 250 248 247.2 247.3 246.8 245.6 245.4 244.6 242.5 240.8 238.1 234.7 231.3 229.7 225.6 222.3 216.8 213.1 209.3 205.3 202.8 201.6 197.7 193.3 190.6 192 199.7 202.5 201.9 200.5 199.1 196.9 191.3 182.4 176 167.4 160.1 150.7 142.9 127.6 125 121.3 115.9 113.1 106.6 101.7 92.5 92.4 90.3 94.2 98.7 104.4 111.3 119.8 130 143.3
215.9 218.9 221.3 223.6 232.2 246.9 263.3 266 266.1 266.9 266.3 265.4 261.7 261.2 258.3 255.9 254.2 254 252.5 250.8 248.9 248.9 249.7 250.7 251.2 250.9 251.2 250.6 249.7 249.7 248.7 247.4 246.3 245.6 241 235.9 230.3 227.2 224.2 221.6 219.5 216.7 212.7 209.1 205.5 201.1 197.5 196.7 193 192.3 194 197.7 202.3 202.6 201.4 199.6 197.9 194.8 189.5 181.4 172.8 164.6 158 151.4 144.5 128.8 124.3 118.7 114.9 110.4 104.1 98.7 92.5 91.5 90.6 92.3 95.9 104.6 110.8 117.1 124.8 134
219 221.6 223.2 224.6 228.8 242.2 256 264.8 266 264.9 263.3 261.3 259.6 258.8 256.6 253.9 252.2 252.6 251.2 249.2 247.7 249 250 250.7 251.5 251.6 251.6 251.3 250.7 251 250.3 247.9 245 243.2 237.6 232.7 227 222.9 219.5 217.1 213.8 210.4 208.5 204.8 201.1 197.4 193.6 192.4 189.1 192.3 196.6 199.8 199.6 198.8 197.3 194.9 193.3 190.8 187.6 182.9 171.2 159.2 150.9 147 140.6 129.5 121.2 115.7 111.5 107.3 103.8 101.2 92.6 91.6 89.6 91.3 95.3 104 110.9 114.1 119 124.5
218.2 220.3 221.8 223.4 225.2 235.6 250.2 259 260.8 260.3 259.9 258.7 257.9 256.9 255.4 253.5 252.1 251 249.6 248.3 246.9 247.3 247.8 248.3 249 250.8 251.6 251.4 250.7 250 248.8 245.8 243.1 240.5 234.9 229.7 225.7 219.5 215.4 212.7 209.3 206.9 204.8 200.5 196.3 192.4 188.4 187.2 184.7 191.3 196.5 196.9 195.5 193.1 190.8 189.5 187.7 186.1 184.3 179.8 169.7 151.7 145.6 143 137.5 129.6 119.2 113.2 109.2 106.2 103.5 103 92.8 91.2 90.5 90.6 94.5 104.7 109.9 111.4 114.7 119.1
217 219.4 220.9 222.4 226.6 233.4 242.8 247.5 250.1 256.9 256.9 255.9 255.1 252.7 251.5 250.7 251.4 249.6 247.5 247.1 245.7 244.4 244.8 245.3 246.5 248.3 249.1 248.7 247.6 247.2 246 243.6 240.5 237.2 231.7 226.3 220.7 215.1 210.3 209.1 206.3 203.3 201.3 196.8 191.7 186.6 182.8 180.3 180.9 187 190.3 190.2 187.7 185.7 185.1 183.5 183.5 182.8 179.5 174.5 162.9 146.4 140.5 138.2 134.5 128.8 121.3 112.6 108 104.9 101.8 98.9 94.2 91.1 90.2 89.8 93.6 106.8 109.5 109.4 112.3 117.5
217.7 219.8 221.3 222.8 225.6 229.7 233.1 236.7 239.2 243.8 246.2 247.3 247.9 250 249.7 249.1 249.3 248.4 246.3 244.2 242.6 241 240.4 241.5 242.1 243.7 244.2 244.1 243.4 243.3 241.5 238.4 235.1 231.9 227.8 221.1 215.6 209.6 205.6 204.9 203.2 200.8 196 192.2 185.1 179.6 177 174.4 171.8 177.3 179.4 179.3 178.7 180.2 178.1 176.9 173.8 172.4 167.8 159.5 150.7 140.8 135.6 132 129.9 124.7 119.9 113.5 106.7 102.6 99.6 97.4 94.1 91.8 90.2 88.1 94.7 107.7 106.5 107.3 109.7 115
