data/350000-660000.asc
ncols 200
nrows 200
xllcorner 350000
yllcorner 660000
cellsize 50
[rows 35 to 69 of 200, columns 0 to 77 of 200]
131.3 130.8 130.8 131.2 131.4 131.6 132.2 133 133.9 133.9 132.8 131 129.2 128.6 129.8 131.2 132.9 134.3 135.1 135 135.1 135.5 133.9 132.1 130.6 129.7 129.6 129.5 129.2 128.6 127.8 124.9 122.3 119.2 117.3 115.6 114.7 114 113.5 107.5 108.1 110.7 113 115.6 116.5 116.3 117.1 117 117.3 117.1 115.8 114.8 114.7 113.9 111.9 111.5 109.6 107.9 107.9 107.4 106.9 106.2 104.9 100.7 100.4 101 108.7 110.2 110.8 112.7 114.5 115.1 116.2 119.1 121.4 123.5 125.8 127.8
131.6 131.6 131.9 131.7 131.6 132.3 132.5 133.9 135.3 134.5 133.3 131.5 129.7 130.4 131.6 132.9 134.3 135.9 135.3 134.3 134.7 134.9 134.1 132.8 130.7 130 129.9 130.4 129.9 129.1 126.6 123.6 120.7 118.6 116.7 115.2 114.1 113.1 108.5 109.1 111.7 114.4 116.7 118.8 118.6 118.3 119 118.9 117.5 116.1 114.8 113.7 112.6 112 110.1 108.5 107.5 107.4 107.4 107.2 106.7 107.5 105.7 103.1 101.4 101.9 108.1 109.6 111.2 112.6 113.6 115 117.2 120.1 122.5 124.2 126.3 128.5
132.3 132.3 132 131.6 132.4 133.1 133.2 133.8 136.1 135 133.4 132.8 133.3 133.8 135 136.1 136.8 135.9 134.4 133.9 134.6 134.4 133.9 133.1 131.1 129.7 129.7 130.7 130.3 128.2 125.8 122.9 120.1 118.1 116.2 114.8 112.9 108.5 109 112.6 115.5 118 120.2 121.8 121.6 120.6 120.5 118.2 116.4 115 113.8 112.1 110.5 110.5 108.7 107.5 107.5 107.3 106.9 106.8 106.9 108.2 106.9 104 102.2 103.1 108.7 110.4 112.2 113.1 113.6 115.2 118.1 121.7 124.2 125.7 127 128.9
133.6 132.2 131.8 132.3 133.2 133.8 133.9 133.8 134.2 133.6 133.5 134.7 135.8 136.4 137.5 137.3 136.3 136 134.2 133.8 134.6 134.2 133.7 132.9 131.6 129.6 129.2 129.6 129.1 126.7 123.9 121.5 119.2 117.2 116.1 114.2 110.6 109.2 112.7 116.1 119.5 121.6 123 124.6 124.4 123 121 118.8 116.2 114 112.2 110.8 109.8 110 108.7 108.3 107.9 107.6 107.4 107.3 107.6 108.4 107.7 106.3 104.7 103.5 109.7 111.1 112 112.8 113.8 116.2 117.9 121.6 125.1 127.2 128.6 129.3
135.5 133.2 132.2 133 133.8 134.1 134 134.5 134.9 135.7 135.1 136.4 137.9 138.3 138.6 137.4 135.7 135.7 135.7 134.7 134.5 134 133.5 132.4 130.9 128.7 127 127.3 127.2 126.4 123 119.9 117.5 115.7 116 111.9 109.2 111.2 115.5 119.5 122.2 123.9 125.5 125.3 124.6 123.6 121.5 119.4 116.6 113.3 112.3 111.5 110.7 109.7 108.9 109.4 109.7 112.2 111.6 110.2 109.4 109.7 109.5 108.1 105.7 104.1 106.6 109.5 111.6 112.8 114.5 117.4 119.1 121.3 124.6 127.6 130.6 131.6
136.2 135.1 132.9 132.7 133.2 133.6 134 135.5 137.3 138.2 138.5 139.1 140 139.8 138.7 137.4 136 134.8 134.5 133.9 132.9 133.2 133.1 131.7 130.1 127.9 125.7 125.1 124.9 123.7 121.7 118.2 114.4 112.8 112.6 112 111.4 114.4 117.9 121.1 123.9 125.8 126 124.7 123.7 123 120.8 118.4 115.7 112.7 112.4 112.4 111.7 110.9 111.2 111.6 111.6 113.1 114.7 115 114.1 112.5 110.6 109.5 106.6 105.6 106 108.8 111.2 112.5 114 117.2 120.3 121.1 124.1 127.6 130.9 132.9
138.3 137.7 135.8 133.7 132.7 132.9 133.7 135.1 137.3 140.4 140.8 141.2 140.5 139.9 139.2 137.9 136.4 135 132.9 131.8 130.9 130.2 131 130.4 128.2 126.8 124.9 122.8 122.5 120.9 119.5 115.8 112.4 112.3 111.7 112 114.3 117.6 120.4 123.1 125.5 125.6 125.4 124.9 123.8 121.2 118.9 116.3 114 112.8 112.6 113.5 114 114.2 114.7 115.3 115.9 116.5 118.1 118.7 118.4 115 112.4 110.4 107.9 106.2 105.8 107.5 110 112.1 113.7 115.8 120.1 121.9 124.1 127.4 130.7 133.9
140.4 140 139.6 137 134.1 132.2 133 134.1 138 141.3 141.6 141.6 141 140.3 139.6 138.4 136.9 134.6 130.9 129.8 129 129.4 129.2 128.4 126 124.2 122.8 121.4 119.9 118.5 117 112.4 114.2 113.6 112.8 113.6 115.8 118.7 121.4 124.1 124.8 124.9 124.7 124.1 121 118.3 116.9 115.6 114.1 113.8 115.4 117.8 118.4 119 119.4 119.8 120.2 120 118.6 119.8 120.1 117.7 114.3 111.6 109.3 106.7 104.5 106.5 108.6 110.9 113.1 115 118.3 120.5 123.9 127.2 130.5 133.8
142.9 142.8 142.3 141.4 140 135.2 133.1 132.5 133.4 137.3 139.9 140 139.4 138 136.9 135 134.2 131.9 129.3 129.1 129.8 130.1 129.3 127.3 124.8 122.8 121.1 119.7 118.4 116.7 112.5 114.6 115.6 114.9 112.8 116.5 117.3 119 121.8 124.4 124.2 124.2 123.1 122 117.8 117.3 116.6 116 115.3 116.2 118.2 122.1 123.2 123.9 124.3 124.3 123.9 124.1 122.7 122.2 121 119.7 116.1 112.9 110.9 109.1 104.5 106.7 107.9 109 111.7 114.2 116.5 119.6 122.9 126.9 130.2 133.5
145.5 145.3 144.9 143.9 143.5 141.3 139.6 139.5 139.8 133.9 133 133.5 133.8 131.9 131.3 130 129.9 129.3 129.4 129.5 130.4 130.3 129.4 126.4 123.5 121.6 119.8 118.2 116.8 115.3 114.7 116.4 116.5 115.6 116.2 120 120.7 121.6 121.3 122.1 122.5 122.7 121.4 120.4 118.3 118 117.4 117.1 117.1 119.9 121.1 124.8 128.2 128.5 128.2 127.6 127.5 127.1 125.1 123.3 121.6 120.3 117.6 114.4 112.5 110.8 108.5 106.8 107.4 108.4 109.5 112.2 115.1 117.7 121.3 124.8 128.8 132.8
148.3 146.9 146.1 146.1 146 145.6 144.3 142.6 142.6 141.1 139.3 137.6 135.6 133.7 132 131.5 131.3 131 131.2 130.5 130.4 131.1 128.7 125.1 122.3 120.5 118.6 116.9 115 115.8 116.4 117.2 117.1 116.8 120.3 122.9 124.2 125.4 125.3 124.6 123.2 122.2 121.4 120.6 119.2 119.2 116.9 116.9 120.7 124.5 126.3 128.2 129.1 130.3 131 130.1 129.2 129 127 124.6 122.5 120.5 118 115.6 114 112.2 110.3 107.6 107.1 108.1 109.2 109.3 112.7 115.9 118.2 121.8 125.9 130.8
150.2 149.1 148.1 147.2 146.7 146.6 146.4 145.9 145.4 144.2 143.5 142.6 141.4 139.9 137.9 135.2 134.2 133.7 133.1 132 131.6 130.8 128.2 124.6 122.5 120 117.4 116.2 116.9 117.8 118.4 120.2 121.8 122.1 120 126.8 127.1 129.2 129.3 128.3 126.7 125.6 125.8 123.3 124 123.1 120.7 119.9 123.9 127.1 129.4 130.8 131.8 132 132.3 132 131.4 129.8 128.6 126.2 123.7 121.2 118.2 116.6 115 113.5 112.2 110.5 108.4 108.3 109.5 110.6 111.5 114.3 116.7 119.2 124.2 129.5
150.9 150 149.3 147.9 147.1 147.4 147.6 147.9 147.4 145.9 145 144.2 142.9 140.7 138.6 136.7 135.7 136.1 135.1 133.8 131.8 130.2 127.6 124.4 122.1 119.5 116.9 117 118.9 120.7 123 123.9 124.7 124.7 119.8 125.8 130.6 132.2 132.5 132.2 130.7 129.2 128.3 126.5 126.5 126.3 125.2 123.1 122.4 128.4 129.4 130.9 132.4 133.2 133.1 132.8 132.4 130.9 129.4 127.2 124.5 121.8 119.1 118.2 116.8 115.6 114.4 115 114.6 113.4 112.5 111.9 112.4 113.1 114.8 117.1 122.1 128
150.9 149.8 149.3 148.6 147.9 148.1 148.2 148.1 147.6 146.4 145.2 143.9 142.5 141.3 139.2 137.5 135.9 135.8 135.6 134.4 132.3 130.5 127 123.6 120.6 118.2 120.1 119.7 122.7 124.5 125.4 126.3 127 127.6 124.5 126.2 131.7 133.5 134.5 134 132.7 131.1 130.8 129.8 129.2 128.9 128.5 126.5 123.7 126.4 129.6 131.1 132.6 133.8 133.5 132.9 131.8 130.5 129.2 127.8 125.3 123.1 121.3 119.8 118.3 117 116.2 117 117.7 115.5 114.5 112.8 114 114.5 114.2 114.7 116.4 122.6
150.7 149.9 149.2 148.9 147.7 147.7 147.7 147.9 147.8 146.4 144.9 143.5 142.1 141 139.8 138.2 136.5 134.9 134.3 133.7 132.5 130.7 127 124 119.9 118.3 120.1 123.7 125.6 126.9 127.9 129 130 128.7 126.3 126.7 130 131.1 133.1 134.3 133.9 133 132.4 132.1 131.1 129.9 128.9 127 123.8 128.2 130.1 131.4 132.9 134.4 133.8 133.8 133.9 132.4 131.1 129 126.9 124.8 123.1 121.5 120 118.5 118.2 119 119.3 117.5 115.8 114.3 114.7 116.1 116.4 115.7 114.2 117.1
151.5 150 149.1 147.4 147.4 147.4 147.2 147.3 147.6 147.1 145.5 143.9 142.3 140.5 139.6 137.6 135.6 133.8 132.8 132.1 131.7 129.6 127 122.8 120.1 118.3 123.9 126.6 127.8 129.5 130.2 131.1 131.6 129.1 127 125.2 127.8 129.5 131.6 133.2 133.5 134.2 133.5 133.3 131.2 129.1 127.9 127.8 125.7 129.3 130.6 131.8 133.2 133.8 134.9 135.5 136.1 134.5 132.6 130.3 128.2 126.3 124.6 123.1 121.5 119.9 119.8 120.4 119.6 119.5 119 115.5 115.7 117.5 118 118.5 117.7 116.3
151.3 149.8 148.8 147.8 147.1 147.1 146.9 146.8 147 145.8 146 144.3 142.2 140.1 138.7 136.7 134.8 133.1 131.3 130.7 130 128.7 126 124 120 121.5 126.7 128.6 130.3 132.6 133.2 133.2 131.6 129 126.3 124.7 126.3 127.9 129.8 131.3 133 134.5 134.6 134.4 132.5 129.9 128.1 127.5 128.5 129.8 131 132.2 133.6 135.4 137.1 138 138 137.4 134.8 132.5 130.2 127.8 125.7 124 122.5 121.4 121 120.9 120.8 120.7 120 117.4 118.3 118.5 119.4 120.6 121.7 123.6
151 149.3 148.4 147.3 146.3 146 146.6 146.2 146 145.3 145.1 143.9 141.9 139.6 137.8 135.8 134 132.3 130.5 129.2 128.5 125.6 124.6 122.3 123.4 126.5 128.4 130.6 132.9 135 136 134.2 131.6 129.2 125.3 125.5 126.4 127.4 128.1 130.1 132.8 135.2 136.7 135.8 133.8 131.3 129.8 128.9 128 129.3 131.6 133.6 135.8 138 139.5 140.6 139.9 139 137 134.7 132.3 129.8 127.2 125 123.9 122.8 122.2 121.9 121.7 121.4 120.4 118.5 118.5 119.5 121.1 122.7 124.4 126.9
150.8 149.1 148 147.1 146.9 146.3 145.1 145.1 144.9 144.5 144 142.9 141.5 139.1 136.9 135 133.3 131.5 129.8 128 123.8 120.3 120.3 123.7 125.9 127.4 129.7 132.7 135.4 136 135.5 134.9 132 130.2 127.9 126.6 127.2 127.8 128.5 131.3 134.6 137.2 138 137.1 135 132.8 131.5 130.3 129.5 130.5 133.3 135.3 138 140.1 141.2 142.2 141.5 140.7 139 136.2 133.6 131 128.3 126.5 125.3 124.5 124.1 122.7 122.4 122.2 120.9 119 118.9 120.5 122.2 123.7 125.8 127.8
150.6 149 147.7 147.9 147.7 146.7 145.3 144.4 144 143.6 143 141.9 140.8 138.6 136 134.2 132.5 130.7 129 127.2 125.3 123.7 125.1 126.7 127.6 128.2 131 133.8 135.8 135.7 135.6 135 133 130.9 129 127.7 128.3 128.9 130.1 132.7 137.7 139.8 140.5 139.1 136.8 134.6 132.8 131.5 131.5 132 134.6 137.1 139.6 141.4 142.6 144 143.8 142.7 140.8 138.6 135.7 132.1 129.5 127.7 127.7 128.2 127.1 125.7 124.3 123 121.3 119.5 118.4 121.5 123.8 124.9 126.9 128.8
150.5 149.2 148.5 148.8 148.8 148.1 147 145.6 144.8 143.6 142.3 140.7 139.3 137.3 135.3 133.5 131.7 129.9 128.1 126.9 125.9 126.8 128.3 129.7 130.5 130.8 132 134.8 135.8 135.8 135.9 135.9 133.7 131.3 129.6 128.9 129 130 131.6 135.7 141 143.2 143.3 141.2 138.4 136.6 134.7 133.3 133.3 133.8 135.8 138.9 140.8 142.9 144.9 145.5 146.2 144.7 142.6 140.3 138.1 135.2 132.2 131.9 131.8 131.5 130.1 128.7 127.2 125.3 122.5 120.5 121 124.4 125.5 126.8 128.8 130.7
150.4 149.3 149.3 149.4 148.9 148.8 148.7 148.3 146.4 144 142.6 140.6 138.7 136.8 134.8 133 131.2 129.4 127.6 127.8 127.5 129.1 131.1 132.6 133.3 133.4 134 135.8 136.3 136 136.1 136.4 136.1 133.7 131.9 130.7 130.1 131.3 133.6 140.4 144.8 146.1 146 142.4 138.7 138.3 137 136.6 135.6 136 136.6 140 142.7 145 146.8 147.7 148.2 146.5 144.3 142.1 139.9 137.7 136.2 135.6 135.3 134.2 132.9 131.4 129.6 127.3 124.3 122.9 124.5 126.3 127.3 128.7 130.5 131.6
150.8 150.4 150.1 150 149 148.4 148.4 148.5 148 145.8 143.1 140.8 138.9 137 134.9 132.7 130.8 128.6 125.5 127.1 129.8 131.5 133.6 135.6 136 136.1 136.4 136.3 136.3 136.2 136.2 136.9 138.3 137.1 135.8 134.2 132.5 133 139.2 145.1 147.8 148.1 145.8 142.9 140.1 138.9 139 139 138.9 140.3 137.8 141.3 144.4 146.1 147.9 149.3 149 148.6 146.4 144.2 142.1 140.2 138.7 138.8 137.6 136.3 135.4 133.6 131.1 129.1 126.3 123.2 125.3 128.2 129.2 130 131.1 132.2
151.7 151.3 150.3 149.7 149.5 148 147.9 148 147.4 146.6 144.5 142 139.5 137 134.6 132.6 130.6 129.7 129.2 128.4 129.5 134.8 135.8 137.3 137.9 138 138.5 138.6 137.6 139.3 138.7 139.7 140.3 139.9 139.4 138.1 136.3 133.3 140.7 146.6 148.9 148.4 146.1 143.7 141.4 140.1 140.6 140.8 141.7 143 143.1 142.6 145.1 146.6 148.8 149.6 149.7 149.3 148.6 146.5 144.7 142.9 141.2 140.6 139.3 138 136.3 133.9 131.4 129.9 127.7 123.2 127.3 129.7 130.2 130.8 131.9 133
152 152.6 152.9 150.4 149.3 148.8 147.6 147.6 148.2 146.7 144 142.4 139.4 136.4 134.2 131.1 130.2 129.3 131.4 133.4 132.4 132.4 137.7 138.3 139.4 140.1 140.6 140.6 141.2 143.8 143.2 143.8 144.3 143.3 142.7 141.9 140.5 137.3 139.1 146.8 148.3 148.3 147.1 145 142.8 141.9 142.3 143.7 144.6 144.8 144.5 143.1 144.6 146.5 148.3 149.9 151 150.6 150.2 148.9 147.2 145.6 143.9 142.4 140.9 139.3 136.6 133.6 132 130.1 128.1 127.4 129.3 130.6 131.1 131.6 132.7 133.8
153.3 153.6 152.7 151.2 148.8 149.4 147.4 146.5 147.9 146.6 143.9 141.3 138.2 135.8 131.4 129.1 130.5 130.9 133 135.6 138.1 135.8 134.3 139.1 140.1 141.3 142.4 142.6 145.1 147.8 148.2 147.8 148.5 147.4 146.1 145.2 144.5 140.7 138.8 146.6 147.7 148 147.5 146.1 144.9 144.1 144.6 146 146.4 146.8 146.1 144.6 144.8 147.8 149.1 150.6 153.4 152.8 151.4 150.8 149.1 147.5 146.1 144.4 141.6 139.5 136.6 134 131.6 130.1 128.6 130 131.2 132.1 132.1 132.6 133.6 135.3
153.5 154 152.5 151 150.2 149.6 147 145.3 146 145 142.6 139.9 136.8 134.9 132.9 133.3 133.4 133.4 134.8 137.7 140.3 138.8 135.9 136.5 140.6 142.3 143.6 144.5 148.4 152.3 153 151.8 151.8 150.2 148.7 148.1 147.4 144.2 138.4 146.2 148.1 149.2 149.7 147.8 146.8 146.4 146.6 148.1 148.3 148.5 147.8 146.3 146.7 148.7 149.9 151.9 154.3 153.9 152.7 152.6 151.2 149.9 148.6 146.9 144.1 140.5 136.7 134.4 132.3 130.7 131.2 132.2 133.3 134.4 134.5 134.5 135.6 137.1
153.3 153.1 151.5 150.6 150.3 149.5 147 145.1 144 143 141.1 138.2 134.8 134.8 135.1 135.6 136.2 137.7 137.5 140.2 142.8 142.4 139.9 136 139.6 142.7 144.6 146.6 150.6 154.2 155.2 154.9 154.5 152.6 150.7 150 148.9 146.1 139.1 146.7 149.4 151.3 151.8 151 149.7 150.1 150.2 150 150.9 150 149.1 147.8 148.7 150 151 152.6 154.8 154.2 154.4 154.6 153.7 152.4 151.1 149.3 145.8 142.2 138.6 135.3 132.9 131.7 132.6 134.9 135.8 136.5 136.9 137.6 138.6 139.6
151.7 151.7 150.6 149.5 149 148.8 147.8 146 144.2 140.4 139.4 138.1 137.3 136.9 137.2 138.5 139.8 140.2 139.3 143 145 145.4 143.9 139.7 136.8 142.3 146.2 148.7 152.1 155.8 156.9 156.8 156.2 154.8 152.9 151.6 149.8 146 141.3 147.3 150.5 153.4 154.3 154 153.4 153.4 153.2 152 152.5 150.9 149.6 149.7 150.6 151.5 152.7 154.4 156 156.5 156.4 156 155.5 154.9 153.6 151.5 147.7 144.2 140.6 137.2 133.4 132.7 135.3 138 139.1 137.6 139.9 140.3 140.6 140.6
149.9 149.7 148.6 148.1 147.6 146.9 144.9 142.7 141.4 137.7 139.1 140.2 140.6 140.3 141.2 142.2 142.6 141.7 143.1 145.4 146.8 147.8 146.8 142.9 138.5 142.6 147.2 151.2 154.9 158.4 158.7 158.4 157.9 156.8 154.9 152.1 149.7 144.1 143 148.6 151.9 154.9 155.8 156.1 155.1 154.6 154.4 153.9 153.7 153 150.9 152.4 153.7 154.2 154.6 156.1 157.7 158.7 158.3 157.9 157.4 156.6 155.5 153.7 150.1 146.3 142.5 138.9 135.8 133.7 137.6 141.2 142.5 143.1 143 141.9 141.5 141.6
147.8 147.7 146.4 145.6 144.8 143.5 142.4 139.8 137.9 138.2 141.5 143.4 144.6 144.8 145.5 146.3 146.6 145 144.2 145.9 147.2 147.6 147.4 146.2 142.1 141.1 148.7 153.2 157.5 160.3 160.3 160 159.5 158.8 156.2 153.3 150.5 144.8 144.5 150.1 153.5 156.4 157.2 157.4 156.1 155.6 155.5 155.8 155.6 154.9 152.8 154.6 156.1 156.9 157.3 157.5 158.8 159.5 159.9 159.7 158.8 157.8 156.6 154.7 151.6 147.9 144.2 140.9 137.9 136.5 140.1 143.1 144.4 145.1 144.6 143.5 142.4 142.5
145.2 144.4 143.4 142.6 141.3 140 138.4 138.1 139.3 141.1 144.1 146.8 148 148.4 148.6 148 148 146.3 145.5 147.2 148.7 149.4 148.3 146.9 145.6 141.6 149 155.2 159.6 161.5 162 161.7 160.7 160 157.4 154.6 151.8 147.4 145.4 152.3 155.2 157.6 158.6 158.7 158 156.6 156.7 157 157.6 156.5 155 155.9 157.9 159 159.2 159.1 159.4 159.8 160.2 160.5 160.1 158.9 157.6 155.6 152.6 149.2 145.2 142 139.2 138.3 141.1 144.5 145.6 146.3 146.1 145.5 143.9 143.5
142.6 141.6 140.6 140.3 139.8 140.1 140.7 140.8 142.9 145.1 148 150.7 151 151.5 151.2 150.3 149.5 149.4 147.3 148.9 149.6 150 149.2 148.6 148.3 144.6 147.2 155.8 159.1 161.8 162.5 162.7 161.6 160.7 158.8 156 153.5 149.3 145.9 153.3 157.2 158.9 160.2 160.5 159.7 158.2 157.6 158.4 159.2 158.7 157.3 157.1 159.2 159 159.8 160.2 160.5 160.8 161.2 161.4 161 159.8 157.8 155.7 152.9 149.3 145.4 142.2 139.3 138.9 141.7 144.4 146.4 147.1 147.8 146.5 145 144.5
142.1 142.5 142.4 142.2 142.1 142.3 143 144.5 146.9 149.3 151.2 153 154 153.9 153 152 151 150.2 149.4 149.5 150.4 151.3 151.1 150.5 149.2 146.3 146.6 155.3 158.5 161.7 162.8 163.4 162.6 161.9 160.4 158.4 155.8 152.7 148.6 154.4 158.2 160.2 161.3 162.3 161.4 160 159.7 160 160.8 161 159.6 159.1 159 159.9 161 161.3 161.5 161.8 162.2 161.9 161.5 160.3 158.1 155.9 153 149.5 145.5 142.3 139.6 140 142.8 145.7 147.8 149.1 149 147.6 146.2 145.7
143.9 144.4 144.9 144.8 144.7 144.6 146 148.5 151.2 153.7 155 156 157.2 156.2 155.3 154.3 153.3 152.6 151.9 152.4 152.6 153 153.6 152.6 150.8 147.6 147.6 155.5 158.3 161.1 163.1 164 163.9 163.1 161.5 159.9 158.6 155.7 150 152.8 159.2 161.5 162.7 163.8 163.3 162.3 162.3 162.5 162.8 163.2 160.9 159.4 159.1 161.4 162.1 162.4 162.6 162.9 162.9 162.8 162.6 161.1 158.8 155.2 150.9 148.5 145.4 142.9 140.5 141.1 143.9 146.8 149.3 150.3 150.4 148.9 147.5 147.1
