data/350000-770000.asc
ncols 200
nrows 200
xllcorner 350000
yllcorner 770000
cellsize 50
[rows 0 to 34 of 200, columns 0 to 77 of 200]
247.2 253.4 257.9 263.1 264.9 268.9 269.5 267.1 265 265.3 265 262 257.5 257 254.8 251.6 254.3 254.9 255.7 256.1 262.4 265.5 269.7 268.2 272.6 277 280.8 281.4 280.8 277 273.7 274.8 271.3 265.9 259.4 253.9 250.6 248.4 245.2 243.4 240.4 238.3 236 236.6 231.8 231.2 231.1 231.2 229.9 227.9 223.3 225.6 226.2 228.2 230.7 232 231.8 231.4 229.8 229.7 228.7 228.4 226 223.8 222.1 219.7 217.5 213.3 208.9 202.5 202.1 204.9 206.7 208.5 209.8 212.8 224.9 218.3
238.8 246.2 248.1 250.5 252.7 254.2 255.4 255.9 253.5 254.1 251.2 251.8 253.3 250.4 250.1 250.5 250.1 250.4 251.4 252.7 257.4 262 266.5 269.4 266.6 270.4 274 274.3 275.7 274.1 268.2 268.7 264.6 258.7 253 248.6 244.7 238.9 237.1 233.9 233 232 229.9 234.5 227.4 225.5 225 229.3 227.5 221 220.2 219.6 221.6 223.1 225.5 227.2 226.7 226.2 225.5 224.8 224.3 224.5 222.8 220.6 218.2 214.8 211.5 208.4 205.9 200.6 197.7 201.2 203.9 205.3 206.6 208.6 210.8 209.4
231.5 237.5 241 243.9 243.8 244.2 246 246.3 249 247.5 246.6 246.9 248.2 248.9 252.1 250 248.8 248.7 249.4 249.2 249.1 254.4 256.6 258.9 258 253.3 261.4 263.1 265.1 260.5 251 248 245.8 237.9 235.3 232.4 228.1 224.7 224.2 224.7 223.4 221.4 222 227 221.9 218.5 220.1 217.7 218.8 217.5 221.6 218.2 212.7 218 219.7 220.6 221.6 221.3 221 220.4 217.6 216.4 217.1 215.3 213.1 210.5 207.8 205.3 203 201.6 196.9 197.4 199.5 202 203.8 205.4 206.2 206.5
228.9 229.4 232 235 238.1 242.9 240 244.3 242 241.9 241.8 243.6 246.2 247 250 249.2 246.5 248.1 249.7 249.9 250.5 251.5 253.9 251.6 247.7 243.6 237.3 238.6 238.2 230.5 227.3 226.4 222.6 219.3 225.6 231.2 228 223.7 215.6 214.5 213.9 211.7 212.4 213.3 210.2 208 211.4 208.9 207.1 210.5 211.8 211.5 205.3 213.5 214 214.7 216 216.7 216.4 215.8 214.5 212.8 210.8 209.5 208.5 205.8 203.4 202.6 202 200.7 198.1 193.7 195.2 198 201 202.5 203.4 203.7
224.8 228.1 229.6 232.1 233.4 236.9 237.2 236.5 234.8 239.2 241.2 243 245.1 244.8 245.2 245.5 247.3 249 250.9 254.1 256.7 259 263.7 266.8 267.4 269.1 266.2 262.1 257.8 255.8 260 266.2 257 247.5 250.9 246.5 241.5 236 231.1 222.5 216.4 212.9 210.3 209 206.6 201.8 202.8 203.1 201.9 202.3 202.7 204.6 202.9 208.6 208.6 209 210.6 211.7 210.6 210.6 209.1 208.7 208.7 207.7 206.3 202.9 200.7 200.4 200.2 198.8 196.8 191.2 191.7 193.6 196.8 199.6 200.7 201.1
223.9 227.7 228.4 228.6 229 233.3 236.1 235.9 234.2 233.2 237.9 240.1 242.4 242 243.9 245.8 247.5 250.2 253 256 259 263.5 268.3 272.6 277.6 280.1 282.2 284.5 285.9 286.3 288.5 290.4 290 279.1 271.7 263.3 257 250.1 242.3 232.5 226.4 219.9 215.5 213.3 208.1 203.1 202.3 197.4 201.7 199.7 198.5 198.9 198.5 198.1 198.8 202.9 204.3 203.4 204.1 205.2 203.7 202.7 203.1 204.8 203.6 197.1 197.4 197.1 196.6 195.8 193.4 188.4 188.6 189.9 191.7 193.3 196.6 196.6
223.5 227 227.6 227.7 227.9 228.5 232.2 234.4 233.7 231.8 233 234.4 238.2 242 244.3 246.3 247.7 251.1 254.7 258.3 261.6 266.6 272.1 277.5 283.1 287.3 290.9 295.9 300.3 301.8 302.7 302.1 302.5 295.8 286.6 276 267.5 260.6 251.6 243.9 236.5 229 223.4 219.5 213.6 209.6 207.3 196.7 195.9 201.3 202.9 198.9 200.4 194.9 193.9 193.1 191.6 190.8 194.3 197.2 198.8 197.2 195.9 196.4 195.7 194.5 192.6 192.5 192.3 192.2 190 185.3 186.4 186.5 188.4 190.1 191.4 190
219.8 224.3 226.9 227 226.9 227.1 227.4 227.7 228.9 229.7 231.9 234.9 238.1 240.4 242.4 244.1 246.2 251.2 255.1 260.2 264.4 269.6 274.6 280.2 287.1 292.6 297.6 303.3 308.3 309.4 309 308.1 305.7 300.6 292.9 283.9 275.3 267.1 258.5 251 242 235.5 229.8 224.9 219.7 215.5 209.5 204.7 196.2 192.8 195.2 198.8 199.4 196.9 193.4 190.8 189.9 188 186.5 188.2 191.2 190.1 189.8 190.2 189.4 188.5 187.7 187.3 185.8 185.3 186.4 183.6 181.6 181.9 184.5 187 189.2 189.3
220.3 220.3 225.7 227.8 226.3 226.3 226.2 226.4 226.9 227.5 230.4 233.1 235 236.9 240.4 242.1 246 250.4 255.1 260.1 265.3 271.4 276.4 283.7 290.7 296.8 303.4 310.1 314.5 314.9 314.3 312.6 309.8 304.9 297.1 287.6 278.4 270.1 263.6 256.5 247.4 240 234.2 229.5 222.5 218.3 212.7 206.7 203.8 195.5 190.4 190.1 190.1 190.1 190.1 188.5 188.5 187.4 185.3 184.6 184.1 183.1 182.6 183.3 182.7 182 181.3 180.5 177.4 178.2 180.7 182.5 179.6 180 179.5 182.2 184.9 186.6
216.7 220.8 220.8 227.4 227.3 227.3 226.2 226.2 226.3 225.6 227.4 229.9 232.5 235.2 238.4 240.3 245.8 249.9 254.7 259.9 265.6 272.3 279.4 287 293.6 300.5 307.6 314 318 318 317.2 315.8 312.6 307.8 299.6 289.8 281 274.3 268.2 260.4 252.1 243.9 238.6 233.3 226.9 219.4 214.5 210.1 205.5 202.1 198.7 197 194.5 193.6 192.4 191.6 195.6 193.8 192 190.7 187 184.3 181.6 179.5 178.4 178.4 176.8 176.3 175.3 175.5 176.2 177 179.9 178 177.4 177.2 180.3 182.1
211.8 217.4 219 225.3 226.6 227.5 226.9 227.9 225.8 224.9 226.2 228.4 230.6 233.3 235.8 239.5 244.5 248.5 253.7 259.6 265.1 272.3 279.7 287.5 295.4 301.9 309.2 315.6 318.5 318.3 317.8 316.6 313.5 308.5 299.6 291.6 284.5 278.8 271.6 263.7 255.1 246.8 241 235.9 228.4 221.8 216.8 212.6 209.9 207.6 203.2 202.2 202.1 203.3 203.7 205 203.6 200.6 195.6 195.1 193.9 191.2 186.7 184.6 183 182.5 179 176.3 174.6 174 172.6 172.4 174.7 178.4 175.6 175.9 176.9 177.6
208.9 215.1 219.9 220.4 225.3 226.2 227.4 230 226.2 224.9 224.3 227 229 230.6 233.2 237.9 242.3 246.9 252.3 258.4 264.6 271.8 279.1 286.9 295.4 302.3 309.7 316.2 318 317.6 317.3 316.4 313.1 307.8 300.1 294.3 288.1 281.1 274.7 266.2 257.4 249.9 245 239.9 232.2 226.7 223.8 221.2 219.4 216.2 211.1 208.6 209.4 209.4 208.8 209.1 207.4 203.9 199.6 199.5 198.2 195 188.4 190.2 191 187.9 183.2 178.2 174.8 173.6 172.4 171.9 171.2 172.3 172.6 171.9 172.3 174.9
203.9 209.8 214.8 215 220.6 221.8 225.9 229.2 225.5 225.6 224.2 223.4 227.9 227.4 230.3 234.8 238.6 242.8 248.9 255 262.4 270.4 277.9 285.4 293 300.3 306.8 312.8 315.7 315.4 315.1 315.2 313.7 309.6 303.1 297.6 292.1 286.3 279.1 270.8 261.8 255.4 249.8 244.3 238.9 237 235.2 233.8 229.3 224.3 221.7 218.5 217 214.8 213.6 213 210.7 207.2 206.2 205.1 202.7 196.1 195.8 195 194.2 188.9 185.9 182.3 178.4 174.4 172.5 171.2 170.5 169.5 169.7 169.4 169.3 170.2
201.4 204.2 207.4 209.7 212.4 215.8 218.9 221.6 221.8 223 222.8 220.5 223.3 225.5 228.7 231.8 236 239.7 244.8 251.2 259.9 268 274.5 280.8 289.2 295.5 301.8 306.4 310 311.6 314.1 316.4 316.4 314.4 312.1 308.7 305.1 299 291.8 282.3 272.4 264 257.6 254.2 251.9 250.4 250.1 247.7 241.3 237.6 233.7 228.7 225.5 221.9 219.7 217.1 213.7 211 211.2 209.6 206.4 199.4 201.9 199.3 196.1 193.1 192.1 189.2 185.6 180.4 177.1 175.6 172.3 169.3 167.7 167.5 168 168.2
199.8 200.1 201.8 204.5 205.9 206.8 210.1 213.3 216 217.6 217.6 213.7 220.7 221.5 226.3 226.5 231.5 236.2 240.4 245 254.1 261.5 267.3 272.3 280.7 286.6 292.6 299 302.8 306.7 310.7 315.2 318.9 323.2 323.6 321.2 319.1 313 304.4 295.1 284.4 274.6 269.2 267.5 265.7 265.9 267.2 261.6 254.6 251.2 247.5 244.1 238.2 233 228 223.8 221 219.5 218.2 215 208.9 208 207.9 200.8 203.7 202.5 200.3 196.9 192.3 186.6 182.7 180 176.8 171.8 167.7 166.1 166.8 167.1
198 198.4 199.4 199.3 202.3 202.4 204.3 209.3 208.8 210.6 213.7 212.1 217.4 217 220.4 223.8 224.1 230.2 234.2 239.3 246.4 254.3 260.4 264.9 271.2 277 282.7 288.6 294.1 298.8 304.4 312.4 320.2 329.3 331.4 329.4 328.3 323.9 315.6 306.6 296.8 287.1 279.3 278.2 278.1 281.2 279.8 275 267.9 262.9 260 254.5 252.5 244.7 238.6 231.9 227.2 226.1 224.8 221 214.8 214.6 211.1 211.6 213.8 212.4 209.6 206.2 200.8 194.4 188 183.6 178.3 174.2 170.4 166.3 165.5 164.5
192.8 195.1 197.7 198 197.8 200.7 201.2 206.3 203.1 205.3 207.1 207.7 211.1 212.2 212.9 218.1 221.2 222.6 229.4 232.8 239.2 247.2 252.6 259.8 265.6 269.1 273.6 279.5 284.8 289.7 296.8 306.4 318 329.6 333.5 332.8 332.1 329.1 321.6 315.5 307.1 298 289.8 288.7 290.1 295.8 293.9 287.8 281.2 276.4 272.2 264.6 263.7 255.8 247.8 240.1 233.5 230.1 228.3 223.3 220.1 223.2 222 224 223.1 221.7 218.4 214.2 208.8 202.7 196.4 190 183.8 177.6 173.6 168.7 163.4 161.3
190.6 190.1 191.5 195.3 194.8 195.5 198.4 198.4 200.8 202.9 201.4 205.3 204.9 206.5 206.8 211.1 213.9 217.2 222.1 225.4 230.4 238.4 244.2 250.5 256.9 260 264.7 270.8 276.3 281.5 289.2 300.2 311.8 324.7 331.3 331.8 331.2 329.7 325.3 321.8 317.2 308.9 302.3 296.5 296.8 304.9 302.1 297.3 291.7 286.7 279.8 275.9 272.4 265.7 257.7 248.2 241.3 235.4 233.5 226.9 226.5 232.4 231.7 231.9 231.2 229.2 226.1 221.7 215.7 209.9 204.1 196.2 189.1 183.3 176.1 171.8 167.4 164.8
184.9 184.3 184.2 184.5 186.9 190.7 194.1 194.2 196.5 198.2 198 200.2 199.2 200.7 202.4 206 210.5 210.9 215.3 220.3 223.5 229.2 235.9 241.7 245.8 250.1 256.5 263 269.1 274.2 280.9 289.8 303.2 315.9 324.8 328.6 331.8 334.9 330.1 330.1 324.3 317 308.6 302.8 298.8 306.8 303 298.4 294.8 291 286.6 283.1 279.2 273.2 265.4 257.2 248.6 242.8 238.5 235.7 238.4 241 239.8 238 236.2 233 230.2 226.9 222.4 216.6 210 202.8 195.3 188.6 180.5 172.4 169.2 167.8
184.8 182.8 182.6 182.2 182 181.5 186.5 187.2 188.8 191.1 193.3 195 193.5 194.6 197.5 201.7 206.4 209.1 210.4 215.6 219.6 222.5 229.1 235.4 240 243.8 249.5 255.8 261.5 266.2 272.2 278.7 291 303.6 315.6 322 329.3 333.7 331.2 326.2 320 315.5 310 304.6 301 300.7 297.3 295 291.6 288.6 289.3 287 284.6 277.9 269.1 264.7 255.2 249.9 244.5 238.9 246.7 247.8 247.4 246.3 241.2 237 233.1 229.3 224.1 218.7 213 206.9 199.2 192.4 184.9 175.8 170.9 168.1
180.9 180.8 179.9 178 178.1 177.6 177.2 177.4 181.4 185 186.3 186.6 187.1 189 193.1 196.6 197.8 203.4 207.3 210.6 214.1 217.4 221.8 229.1 232.4 237 242.4 248.1 253.4 258 263.9 269 277.6 289.1 299.4 310.5 320.8 326 323.9 315.8 311.9 307.9 303.7 300.5 295.8 293.9 291.4 289 285.4 284.9 284.6 282.8 281.1 277.2 275.3 271.5 263 254.4 249.6 247.1 249.6 250.9 251.5 250.6 245.9 239.6 234.3 229.3 223.4 216.8 211.1 204.9 198.8 193.1 186.2 179.6 172.9 168.7
181.5 183.2 182.5 182.4 182.3 182.4 182.3 181.6 176.1 177.3 184.1 184.1 183.7 184.6 187.2 189.4 192 196.6 203.8 206.1 208.5 213 218.8 221.8 225.5 229.6 233.7 240 244.3 248.9 254 259.3 265.4 273.5 281.7 288.3 299.1 303.1 300.7 294.3 293.2 293 289 287.6 286.2 285 283.7 280.5 279.8 279.6 279.2 277.7 277.5 278.6 280.3 274.7 266.3 255.1 259.7 255.2 251.3 252 251.4 249.4 246.1 239.9 234.4 228.4 222 215 208.5 200.4 194.5 188.9 183.8 178.7 173 168.8
184.5 184.3 184.1 183.8 183.4 183.3 188.1 181.7 181.4 178.9 175.2 187.6 193.6 185 180.9 183.3 186.9 189.2 198.2 203.1 203.1 208.6 211.3 216.1 218.8 222.2 227 231.5 234 239.2 243.4 248.8 252.9 257.2 262.5 267.6 272.6 275.2 276.7 275.4 275.2 275 275.2 277.2 277.2 276.5 276.5 276.4 276.1 276.3 275.8 275.6 275.8 277.2 278.5 275.5 269.1 266 267 261.7 254.7 250.6 248.8 246.3 241.2 234.4 228.1 223 218.9 211.2 203.1 197 190.4 183.9 178.6 172.6 165.6 158.9
191.2 191.3 188.1 189.8 192.6 191.7 186.9 186 184 179.6 178.8 174.9 180.6 192.1 189.4 183.8 180.7 182.8 186.8 192.5 197.7 202.2 203.3 208.2 211.7 214.3 217.6 220.7 224.9 229.5 234 238.3 241.6 244.2 247.6 250.3 252.2 255.3 257.4 260.2 262.8 264.5 266.5 268 268.8 270.3 271.1 272.5 273.1 273.4 273.2 273.4 273.9 276.2 275.2 271.6 268 267.4 267.1 262.4 255 248.9 243.9 238.5 232.6 224.5 219.1 213 208.3 202.4 194.6 189.3 182.7 176.8 170.8 157.8 145.3 142.3
192 189.3 189.2 193.7 193.6 192.8 189.7 184.6 185.4 184.9 180.9 178.7 175.1 179.3 180.4 185.5 188.1 179.1 181.4 183.5 186.7 186.2 189 195.3 200.8 206.1 207 213.4 217.2 220.9 225.2 227.5 230.9 233.6 236.5 237.6 239.5 242.3 245.5 249.3 253.7 255.8 258.1 260.3 262.4 264.4 266.2 268.2 269.3 270.2 270.9 272.1 273.8 275.9 275.7 273.7 268.9 264.5 260.2 255.4 250.3 244.6 238.8 232.1 225.2 218.9 212.7 205.5 199 194.3 187 180.4 174 167 156.8 144 142.2 139.4
196 193.8 191.7 191.3 190.6 189.7 188.4 184.4 188.4 188.2 184.9 177.9 177.3 174.7 182.8 186.6 183.6 178.8 178 177.7 176.6 180.9 184.1 185.2 185.2 190.5 197.8 204.8 210.9 213.1 214.7 216.5 219.8 223.2 227.2 227.2 228.9 231.8 236.3 240.8 246.2 249 251.5 254 256.8 259 261.8 263.8 265.7 268 270.5 273.2 274.3 275.9 275 271.7 268.7 264.5 257.9 251.3 245.4 239.1 232.9 226.3 219.7 213 205.1 196.7 189.9 183.5 176.6 171.8 170.1 160.1 142.2 139 136.3 139.3
200.7 199.4 196.2 194.6 191.7 190.7 188.2 188 186 188.5 184 181.4 177.1 177.5 178.6 179.3 178.5 178.4 177.3 178.2 177.2 176.1 177.2 181.5 181.1 183.1 184.3 192.4 202 203.7 204.7 207.6 209.1 212 217.5 219.9 222 225 229.9 234.4 237.8 241.9 244.9 248.1 251.3 253.8 257.2 259.1 263.5 267.4 270.3 272.9 274.3 274.2 274 269.5 267.1 262.9 257.9 250.1 240.9 233.9 227.6 219.9 213.9 205.9 196.8 186.7 180.1 173.7 168.4 163.8 150.2 137 136.2 140.6 140.8 140.4
206.9 204.1 201.7 198.9 196.4 193.3 192 191.4 188.1 186.5 187.4 185.2 183.1 177.2 174.2 173.7 172.6 171.9 171.3 172.1 175.8 176.4 174.9 174.8 176.2 179.2 180 182.7 190.9 193.8 195.4 198.8 201.1 204.4 209.8 213.5 216 219 222.7 226.4 230.6 234.7 237.5 240.7 245.2 248.2 250.8 255.1 259.4 263.5 268 271.7 274.1 274.4 271.6 271 268.3 263.9 259 251.5 242.3 236 227.7 219.9 209.5 195.5 187.4 179.5 174 166.1 161.5 146 136.6 141.6 141.9 142.1 141.4 141.3
212.8 209 206.3 203.6 202 198.8 199 197.4 193.5 190.7 196.7 198 190.9 191.2 184 177.2 174.1 173.7 172.8 172.1 171.2 170.5 170.2 169.9 169.8 172.1 172.7 176.9 179.8 184.3 187.9 189.8 192.2 196.2 201.5 206.1 208.7 211.6 215.3 219.2 223.1 226.6 229.8 234.8 240 243 245.6 248.6 254.8 258.9 264.1 268.9 271.1 271.6 274.7 274.5 272.3 267.9 261.7 254 246.1 237.5 227.9 217.1 204.4 192.9 182.1 174.9 167.7 159.6 150.1 137.1 142.2 143 143.3 143.1 142.2 141.7
214.9 212 210.5 207.3 205.6 207.1 205.9 201 197.6 196.2 195.6 193.4 190.5 189.1 187 185.3 184.8 180.1 177.1 174.1 174.8 174.1 173.6 173.2 171.9 170.6 169.2 168.9 170.8 172.2 181.6 182.8 185.3 187.1 193 200.5 204.9 206.7 208 213.1 217.3 220.9 224.4 229.3 233.3 237.8 240.7 242.9 248.4 254.4 259.7 263.6 265.4 273.6 276 275.3 273.3 270.5 265.3 257.1 247.2 235.1 222.9 210.6 198.6 187.9 178.5 170.7 163.1 155.4 146.7 139 143 143.5 143.7 142.5 143.1 144.4
216.4 214.5 211.9 211.2 210.8 210.8 209 205.4 203.7 202.4 202 198 195.8 193.8 191.7 189.4 189 186.9 185.6 185.7 183.8 182.1 179.4 178.1 177.6 174.8 171.9 170 168.2 169.8 168.9 173.2 180.2 181.5 185.5 193 199.7 202.5 202.3 207 211.4 216.2 219.5 224.2 228.3 231.2 234.8 239 242.9 247.9 252.2 254.1 262.1 267.7 272.1 273.5 275 272.4 266.9 257.4 246.7 230.5 216.8 204.6 192.9 182.1 174.7 167.8 161.7 152.5 138 142.8 144.1 145.2 148.7 151.4 151.3 152
217.6 217 215.3 215.3 214.7 213.6 213.5 211.4 210.2 208.8 206.7 203.9 202.1 201.6 200.1 199 200.2 196.8 192.8 191.3 189.1 187 186.4 184 183.5 180.5 178.4 175.7 171 168.7 167.9 168.5 169.9 175.5 180.5 186.3 192.7 194 193.8 200.8 206.3 211.1 214.9 219 222.4 225.1 228.6 233.1 236.6 239.7 243.3 250 255.8 260.4 264.5 267.4 269.4 267.5 261.6 252.7 239.9 222.9 210.1 198.6 186.4 176.7 171.4 165.3 158 147.4 138.1 143.5 150.3 155.4 157.1 156.8 162.8 163.5
219.8 218.9 219.3 219.4 219 218.5 217.9 215.7 217.1 215.9 212.3 210.5 209.1 211 209 205.1 206.7 203 199.8 199.2 198.7 195.7 195.3 193.4 189.6 185.7 183.1 180.6 182 178.6 169.8 167.2 166.7 166.1 169 177.9 184.1 185.5 193.7 193.8 202.8 207.7 211 214.1 216.5 219.1 222.8 228.1 231.9 235.8 239.3 244.6 249.5 252.8 254.6 257.4 259.1 257.6 251.5 240.8 226.7 214.8 204.1 192.5 179.2 172.9 167.5 162.3 151.9 144.1 141.9 154.3 164.3 167.3 168.2 169.2 173.7 173.1
223.2 221.9 223 223.1 222.9 222.5 221.9 221.7 223.9 221.5 219.2 216.6 216.4 217.5 212.4 209.9 208.3 206.9 205 205.4 205.6 200.4 201 198.9 194.4 192 189 184 182.6 180.1 178.8 176.4 171.1 169 167.9 165 173.5 183.5 187.5 189.2 197.1 199.3 202.8 206.9 208.6 213.2 218.7 224.7 229.2 231.4 233.3 237.6 241.7 243.4 244.9 244.6 244.8 242.6 239.3 233.9 220.9 208.2 196.5 185.4 175.8 167.2 161.4 156.4 148.6 138.5 149.2 167.6 180.1 183.8 180.7 182.6 183.6 183.8
225.5 225.9 226.6 226.6 226.5 226.7 227.1 227.2 228.1 225.7 224.2 222 221.3 220.4 216 214 212.3 213.1 211.6 210.9 207.5 206.5 205.2 202 200.1 199.8 197.9 191.5 187.7 184 181.2 179 176.5 171 168.6 167.5 165.2 170.1 176.5 183.5 186.3 192.1 193.5 196.4 201.7 206.3 215.4 223.7 227.5 228.3 229.4 231.5 233.6 234.8 233.8 231.6 231.7 232.4 227.6 223.8 208.7 199.7 188.2 179.6 169.6 161.4 157.7 151.3 145.5 144.1 160.7 177 189.5 192.7 192.7 196.6 197.8 200.7
