data/350000-610000.asc
ncols 200
nrows 200
xllcorner 350000
yllcorner 610000
cellsize 50
[rows 105 to 139 of 200, columns 0 to 77 of 200]
102.5 102 101.5 100.6 97.7 101.7 103.1 104.3 106.7 113.4 116.9 120.6 124.7 128.5 133.2 140.9 150.4 162.3 173.8 174.3 169.7 165.2 159.3 152.1 149.2 159.9 171.4 175.3 180.5 185.9 192.5 195.4 193.2 194.3 199.3 204.9 204.2 202.2 202.3 205.3 204.8 203.1 198.4 192.3 186.6 179.3 173.2 169 164.6 160.9 158 149.4 144.9 141.3 139.5 137.2 134.3 132.3 131.7 130.9 130.9 135.1 143.2 146.9 149.5 141.9 142 157.9 173.3 182.3 182.2 184.4 192.3 193.8 200.1 208.3 202.4 203.4
102.5 102 101.1 101.3 97.8 102.3 104.8 105.8 108.2 112.4 117.7 120.8 124.7 128.8 133.5 140.4 149.1 162.4 173.7 174.2 169.1 164.1 159.3 152.9 157.5 166.9 176.9 184.7 190.4 196.3 200.8 194.7 200.2 203.3 204.5 206.2 207.8 207.7 208 209.7 208.7 204.9 199.1 190.8 185.3 177.9 171.3 167.7 162.6 157.7 150.9 146.6 143.5 141.6 137.9 133.8 132.3 132.1 132.4 133.1 134.1 139.2 145.5 150 152.3 147.5 140 153.4 165.7 174.2 185 193.4 197.8 190.1 196.2 200.4 202.4 201.4
102.5 102.2 101 98.5 102.4 104.3 105.9 108.5 111.1 113.4 114.6 118.2 123.4 128 132 137.4 147.4 160.7 170.8 172.7 168.8 164.7 161.1 158.4 163.7 176.3 183.7 188.8 192.6 192.9 193.4 199 206.6 206.9 208 212.2 214.3 212.4 211.3 211.3 210.9 205.5 196.3 188.3 182.9 175.2 169.5 163.1 157.7 152.7 150 146.6 144 139.8 134.7 133.5 134.4 136.1 136.8 137.5 140.2 146.2 150.6 154.4 154.3 150.7 139.6 153.2 169.4 184.8 193.3 198.9 187.8 187.6 193.4 196.4 201.2 201
102.3 103 99.8 102 102.2 105.8 109.7 114.7 117.3 115.1 113.2 114.8 119.6 125.6 128.9 135 147.4 162.6 174.4 173.5 170.1 166.9 163.9 163.1 171.3 181.9 190.2 196.5 201.1 204.8 205.5 211.7 214 215.4 216.1 218.3 218.4 214.7 218.8 217.7 211.2 202 194.6 186.7 180.2 174.3 167.5 159.1 155.9 152.5 148 145.1 141.2 136.2 134.8 135.3 139 143.2 143.2 145.2 148 152.4 156.8 158.4 154.6 150.3 143.2 160.5 178.9 192.8 200.4 181.5 183.9 190.1 191.5 195.6 200 198
99.9 100.8 100.3 102.1 104.5 106.9 113 119.1 119.8 116.2 114.2 113.8 117.2 120.8 126.5 137.8 152 165.2 174 176.6 174.1 171.3 167.8 169.5 178.5 190.3 196.3 202.2 209.4 213.4 212.2 212.4 216 219 223.8 224.8 219.8 227.3 223.5 215.4 207.6 199.6 193 183.8 177.5 172.1 164.2 158.1 154 149.4 146.5 143.6 138.7 138.2 142.7 146.7 145.7 147.7 149.7 151.7 155.3 160.4 163.1 161 154.8 144.7 153 174.1 185.2 181.8 178 185 190 188.9 195.9 198.8 194.9 183.9
101.8 101.8 102.4 100 105.6 106.9 110.5 120.4 118.5 116.5 116.5 116.7 117.6 119.7 125.9 141.8 155 165.7 171.9 177.4 177.4 174.4 172.3 171.5 185.1 194.5 202.3 208.2 211.8 214.5 215.7 220.6 227.5 232.8 232.2 227.9 230.2 226.1 216.9 209.9 203.2 198.2 190.5 182 175.5 169.4 161.3 156.1 151 147.4 146.6 144.9 143.2 145.8 149.8 150.7 151.5 154.7 157.8 160 161.5 164.3 166.7 163 154.2 146.5 163.5 172.1 176.6 179.7 188 189 184.6 189.5 193.5 188 178.4 178
102.1 103 103.8 104.8 106.2 106.5 108.2 115.4 118.4 120.6 123.6 125.3 123.8 123.1 132.2 147.4 156 164.8 172 177.2 176.7 175.2 170.4 180.1 196.2 207.6 215 219.8 218.9 223.5 223.9 230.4 235.1 233.4 231.8 228.3 231.5 217.6 208.1 204.1 201.2 195.1 187.4 180.7 174 166 159.7 155 150.6 148.6 147.4 147.2 147 148.7 151.5 153.3 154.8 158.1 161.1 163.4 165.8 167.8 169.4 166.2 150.6 148.4 160.4 172.2 178.3 193.4 188.2 178 182.3 185 178.6 173.8 178.2 180.7
104.2 106.5 107.8 110.7 107.3 102.9 107.5 115.1 119.2 124.7 130.6 133.1 131.6 130.8 140.3 149.1 157.9 164.4 171.5 174.9 175.6 174.5 171.7 190.3 201.2 211.1 222.5 222.3 223.9 229.2 228.5 232.1 233.8 236.6 228.1 226.7 216.8 211.8 208.6 204.1 199.7 193 184.3 177.9 171.8 165.1 160.8 155.4 151.5 150 148.8 148.8 148.4 150.8 153.3 155.2 157.8 161.3 164.8 167.4 169.5 170.9 172.5 169 150.1 154.6 168.6 177.9 192.9 187 171.3 173.4 178.7 174.7 171.4 183 184 178.6
109.9 110.8 111.1 112.1 108 105.9 108.4 119.9 123.2 127.2 132.9 137.9 139.3 141.2 149.7 156.2 162.2 167.8 171.2 174.1 177.6 174.9 177.7 196.4 206.3 215.5 220.4 224.2 224.8 230.1 231.1 229.5 233.3 232 225.4 213.2 213.8 213.2 208.3 204.6 198.7 192 184.2 178.2 172.4 166.9 160.9 155.8 152.5 151.3 151.4 150 148.7 151.3 154.6 157.6 161.2 165.3 168.9 171.4 172.8 174.3 174.4 170 152.2 155.9 175.1 188.8 184.1 167.5 167.3 169.1 169.2 170.3 183.2 183.5 180.8 177.2
113.8 113.1 110.8 108.7 104.3 107 109.1 120.9 123.7 128.3 136.1 142.8 146.7 150.5 157.8 165.6 170.9 175.1 176.2 178.6 180.7 173.5 186.3 200.8 213.8 219.9 222.1 224.2 224.5 226 224.9 227.3 230.1 223.8 222.2 224.4 223.7 218.2 213.7 207.3 200.2 193.4 186.6 179 170.8 165.1 161.2 157.9 155.3 154.4 151.8 150.1 149.2 150.7 156.2 160.4 165.9 170 173 174.9 176.5 176.2 174.8 171.1 154.9 157.1 176.4 178.8 165.1 162.8 164.8 165.8 169.7 177.6 180.1 181.1 177.4 175.3
118.8 118.6 110.5 104.9 107.9 108.4 112.3 123.3 126.7 135.5 147.9 152.1 154.1 155.9 164.7 177.5 183.6 185.6 183 184 185.5 176 189.8 206.7 221.1 225.8 224.2 224.2 224.2 224.2 223.5 228.9 226.3 229.7 234.1 234 228.3 221.2 216.4 209.3 202.9 194.8 184 176 170.9 168.4 165.7 162.3 159.3 156.1 152.8 150.5 151.6 154.1 159.1 166.3 173.6 175.9 176.8 178.6 179 177.1 175.3 171.7 160.8 155.8 164.2 163.2 161 160.7 162 166.7 170.6 172.7 177 172.3 167.8 171.1
122.8 119.6 106.2 109.3 109.8 111.2 120.7 127.9 139.9 149.8 155.8 158.6 160.4 163.5 171.7 181.9 187.1 188.2 188.5 187.2 185 177 193.2 217.4 223.2 223.8 224.2 224.1 226.6 231.7 234.6 237.8 230.4 237.1 236.5 235.3 229.1 221.6 215.5 210.4 202.1 193.8 185.7 180.6 174.8 170.9 167.8 164.7 159.8 155.3 154.1 151.6 153 158.1 165.2 173.9 179.4 179.7 180.6 182.4 184.1 181.9 177.9 173.3 164.4 152.1 156.7 157.6 156.2 158.2 159.5 160.9 162.8 165.6 164.7 166.7 167.4 166.5
124.8 106.4 109.5 110.3 110.5 116.4 124.9 137.8 145.9 155.6 162 163.6 165 169.3 174.1 182.2 184.3 185.5 187.7 187.7 184 180.2 196.2 212.6 220.1 223.6 224.7 228 236.7 239.9 239.6 233.1 239.8 240.3 238.9 236 229.3 223.4 216.3 209.2 201.2 196.8 188.5 182.5 177.3 173.5 168.8 164.4 159.8 154.6 153.3 153.1 155.3 162.9 173.7 181.2 183.7 184.2 185.5 186.9 188.6 185.9 180.4 171.2 169.8 165.3 161.4 163.7 155.6 156.6 158.1 156.4 159.4 160.3 159.6 172.5 174.2 171.9
116.5 109.2 109.4 111 113.5 120.5 128.8 138.8 147.7 159.4 166.8 170.6 171.1 172.3 175.6 180.8 184.4 186 188.9 190.1 183.6 184.7 203.2 215 221.4 223.2 224.4 226.8 230.5 237.7 236.6 237.5 242.8 243.2 242.2 233.6 229.2 223.7 215 208.7 205.8 197.6 190.8 185.1 179.8 174 168.6 162.7 156.9 154.6 154.3 156.4 161.8 171.8 183 187.2 189.5 190 190.6 190.6 188.9 184.6 174.6 175.6 175.3 171.5 169.5 167.1 165 160.5 160.8 160.1 166.6 170.6 174.6 176.9 178.6 177.3
107.2 110.6 110.6 112.8 118.8 127.9 136.4 147.3 158.5 168.7 174.8 176.5 176.6 175.9 179.3 183.2 189.2 193.8 194.1 190.9 185.9 195 209.9 216.4 218.9 219.9 221.9 225.4 228.2 232.4 232.7 237.6 242.2 243.1 235.6 233.2 228.3 219.1 219.7 212.9 205.2 196.8 190.9 186.6 181.9 174.3 166.2 160.4 155.9 154.8 156.8 162.5 172 183.5 188.7 194.4 196.6 195.4 193.2 191.3 186.3 181.5 178.2 180.6 176.8 174 171.8 170 167.9 166.2 165 165.7 170 174.1 177.7 180.8 182 179.3
111.2 110.9 112.8 119 129.1 142.9 153.9 165.4 173.5 178.4 181.5 181.3 179.5 180.5 185.9 188.4 193.6 199 195.4 187.2 197.4 209.3 212.9 211.4 211.6 213.3 214.7 218 225.9 228.3 229.2 236.6 240.1 234.5 232.5 229.7 226.6 224.6 221.5 213.3 206.7 200.2 193.7 186.3 180.3 173.3 164.3 158.5 156.9 157.2 160.9 170.3 181.9 190.9 197.9 201.9 202.6 200.8 194.1 188.9 184 179.5 180.5 181.4 178.1 175.6 174 172 170 170.2 169.8 170.6 174.8 177.8 181.7 183.8 182.3 178.4
111.9 113 115.4 124.4 142.6 156.5 170.5 178.6 182.1 185.1 186.3 186.3 185.9 187.9 192.2 195 195.9 196.1 192.3 188.9 206.9 209.5 208.8 203 202.1 203.6 206 211.8 218.9 222.9 228.3 233.3 230.6 229.6 231.2 228.6 227.1 227.5 220 212 205.4 200.4 193.8 186.3 178.1 168.2 162.6 160.8 160.6 161.8 169.3 181.5 190.9 199.8 204.5 207.7 208.7 203.6 196 188.1 182.6 178.7 181.7 182.4 179.4 176.6 175.1 173.7 173.3 173.5 174.4 176.1 179.9 185 186.2 185.1 181.5 175.2
112.3 113.5 126.2 139.5 153.2 167.1 177.6 183.7 188 190.1 191.2 191 191.5 193.7 197 196.4 202.6 196.3 190.4 193.7 206.1 204.6 199.4 197.4 197.4 195.2 198 206 211 215.4 221.8 224.5 224.6 226.2 228.2 232.5 230 222.8 215.7 209.2 204.2 197.7 190.6 183.2 174.6 166.2 163.8 164.9 167.3 172 180.4 189.8 199.8 205.6 211.5 215.9 212.7 202.6 195.2 186.3 181.4 180.7 181.8 183 181.4 178.8 177.1 176.9 176.7 177.5 179.6 182.2 186 186.7 187.8 187 184.1 176.5
114.2 121 127.3 151.5 164.5 179.6 190 193.3 196.2 198.7 196.6 194.6 194.6 196.4 198.4 199.4 198.8 193.6 191.6 194.8 196.4 196.6 193.6 197.4 192.9 187.6 191.3 200.4 204 209 216.4 220.8 221.3 224.5 232.8 230.8 224.9 217.2 211.9 206.9 201.4 194.5 187.2 177.8 169.8 166.6 167.4 169.9 173.5 180.6 188.8 198.9 207.2 213.1 220.7 220.3 211 201.5 194.3 185.6 183.4 182.3 182.2 183.3 183.6 181.1 179.7 179.4 179.2 180.6 183.8 186.9 188.9 189.6 189.7 189.5 185.9 180.6
117.1 128 146.5 162.2 176 186.7 193.3 196.6 199.4 203.5 198.2 194.1 193.7 195.5 196.2 193.7 193.3 193.9 189.4 190.8 190.6 187.9 188.9 193.3 183 183 186.4 193.5 200 206.8 213 216.2 226.1 230.8 229.2 225.5 220.3 215.7 209.6 204.8 198.4 188.5 179.4 173.9 170.5 168.9 169.7 174.4 181 189.2 198.6 207.8 215.1 223.8 224.9 218 207.4 199 192.4 187 185.6 183.4 182.2 183.4 184.1 183.2 182.3 182 181.7 183.6 186.5 188.3 190.7 193 193.7 192.5 189.8 186.2
122.3 136.3 154.8 171.8 182.4 190.2 193.7 195.4 203.4 205.5 197 191.5 190.7 191 190.3 187.8 191.7 189.2 185.4 184.1 182 180.5 181.8 182.6 182.5 183.3 184.2 189.2 195.9 204.1 211.4 222 226.7 227.5 225.3 222.1 219.3 214.9 208.6 201.3 192.1 185.7 179.3 172.9 170 169.7 174.2 181.3 189.1 197.9 208.5 217.8 226.4 226.8 222.1 212 204.1 197 191 189 187 184.1 182.9 183.4 184.2 184.5 184.2 184.4 184.9 186.7 189 190.6 192.6 195.3 197.2 195.7 192.2 188.9
128.1 141.1 157.3 172.3 181.8 187.4 195 203.6 208.6 203.2 193 186.7 184.4 182.1 180.8 182.3 184.3 178.6 176.9 174.3 175.8 179.2 180.5 182.3 182.9 183.8 184.8 186.3 191.8 204.5 215.8 220.7 223.1 222.8 222.3 221.3 219.5 215.2 203.9 196.8 194.8 187.5 177.5 172.4 170.2 172.1 179.1 188 197.7 207.9 217.8 225.5 227.6 226.2 217 209.6 201.3 196.2 192.4 190.4 188.3 185.7 184.2 183.7 184.1 188.1 187.4 187.7 188.6 190 191.5 194.2 195.9 197.9 199.9 197.1 194.2 190
132.4 145.5 164.2 173.2 181.6 194.7 200 206.4 203.1 197.2 185.3 178.1 176.2 172.9 169.8 172.3 170.7 165.4 166.7 169.5 174.8 175.2 177.7 180.1 183.5 187.8 188.6 189.1 192.6 200.6 210 216.4 218 220 221.3 219.9 217 210.1 204 203.2 194.7 185.4 175.9 173.1 171.9 175.8 183.6 196.5 209.4 219.9 227.3 231.1 232.7 221.4 214.4 206.3 200.5 196.4 194 191.7 189.6 187.3 186.1 185.9 192.5 193.1 191.7 191.3 192.3 193.5 196.1 197.7 199.4 201.1 201.4 197.9 194.8 187.9
133.7 149.2 159.9 175.1 185.2 190.6 194.1 191.7 188.7 184 175.8 166.3 164.8 159.6 154.6 153.9 150.1 153.8 159.5 167.7 169.6 170.7 175.8 178.2 182.3 187.3 191.4 190.5 192 196 202.8 210.5 214.6 218.2 218.7 218.7 216.8 210.2 207 200 192.4 181.3 171.9 170.2 173.3 179.5 190.9 205.1 218 227.2 233.6 233.1 223.9 219.6 211 204.9 201.2 198 195.6 193.3 190.9 189.1 187.9 195.7 202.5 202.8 198.4 196.9 197.1 198.7 200.6 201.6 202.8 203.8 200.9 195.6 188.8 188.8
134.8 148 166.5 171.5 170.7 169.9 168 166.6 164.9 163.4 155 146.5 144.3 139.3 138.2 135.6 139.5 144.3 155.3 162.9 164.7 169.1 174.6 177.6 181.5 187 191.5 190.2 190.3 193.7 203.1 208.9 214.3 216.5 216.6 216.4 212.5 208.3 200.7 195.2 191 171.6 161.9 168.1 174.3 184.1 197.9 212.1 224.1 232.1 234.9 226.1 225.5 216.7 208.8 205 201.6 199.6 197.1 194.7 193.2 191 195.6 204.3 208.8 209 206.1 202.6 201.1 202.1 203.3 205.5 206.1 204.2 195.5 191.6 197.9 197.6
134.5 142.5 156 154.3 147.2 144.2 142.2 141.3 140.7 138.1 129.3 122.4 119.6 120.9 120.6 138.1 144.6 148.3 152.1 158.5 164.2 168.9 174.1 178.7 183 189.2 192.6 190.9 190.8 196.2 203.9 209.5 212.8 214.1 211 209.8 211.1 206.7 203.7 200.7 184.7 161.9 159.9 160.4 174.1 184.9 203.7 219 227 230.6 229.4 232.4 224.2 214.5 208.8 206 203.7 201.2 198.9 197.1 194.8 192.4 203.4 211.3 215.7 213.6 209.5 206.2 204.4 204.1 205 206.8 206.1 197.4 201.9 203.1 202.5 201.4
127.6 134 136.4 132.2 126.8 124 122.3 122.8 122.2 118.6 122.4 121.9 122.3 122.3 122.1 128.4 144.5 146.9 149.3 156.2 166.9 169.4 174 180.3 187.1 192.6 194 195.3 198.1 205 210.6 215.6 215.9 212.8 214.3 219.5 212 207.6 201.9 194.3 178.2 164.4 162.4 161.7 173.3 188.1 210.4 222.4 230.6 239.7 238.1 231 220.4 212.2 208.8 207.2 205.9 203.7 202.5 199.9 197 197.9 211.6 218.5 219.2 216.2 213.1 210 207 205.7 206.5 206.3 201.5 202.1 205.4 205.9 206.1 206.3
117.9 118.7 119.6 116.9 119 118.5 118.1 120.5 119 123.3 122.9 122.1 122.6 122.8 123.4 123.8 141.1 145 145.3 149 161.3 165.5 171.3 181.7 193.7 197 200.2 207.2 212.4 220.2 224.5 220.8 217 221.5 222.4 215.8 208 204.4 195.9 186.5 176.1 169.3 163.6 163.3 179.4 203.4 221.5 231.7 244.7 244.1 237.7 228.8 218.4 211.6 210.6 209.5 208.7 207.6 206 202.4 199.5 207.4 219.6 222.7 220.7 219.6 216.9 213 208.8 207.8 206.9 205.1 203.5 207.8 208.4 209.4 210.3 210.4
114.8 115.4 118.5 121.8 120.9 125.4 130.2 128.6 125.3 125.5 126.4 130.4 123.7 123.5 122.4 123.7 139.6 141.5 143 151.9 165.2 170.5 177.9 187.7 197.9 205.1 214.8 225 228.9 231.5 222.6 221.1 226.1 224 217.8 206.9 202.5 192.8 183.7 175.7 173.4 172.8 172.4 172.5 189.4 214.5 232.1 248.8 249.1 244.5 236.5 226.3 216.9 213.8 214.1 213 212.3 211.3 208.9 205.7 205.9 216.5 224.5 224.9 224.5 223.3 219 214.7 211.8 210 208.2 203.2 208.3 210.4 210.9 211.5 213 215
135.4 137.9 140 140.3 138.7 137.9 136.7 136.2 135.3 132 138.9 139.4 134.3 124.2 123.8 130.5 141 145.3 148.1 162.5 174.5 177 184.5 195.2 206.8 219.7 231.9 232.2 232.1 226.9 226.5 223.4 216.4 210.4 202.4 198.5 182.5 176.1 174.7 177.5 179.6 181.8 185.1 189.7 202.4 230.1 247.3 253 249.6 243.1 234.1 224.3 217.7 216.2 216.8 216.1 215.5 214.2 211.9 210.2 211.7 220.9 228.1 230 229.6 225.7 220.8 217.2 214.8 212.3 208.7 205.7 210 212 213.4 214 216.4 218.5
161.2 163.3 162.7 159.7 156.3 152.7 149.2 149.2 147.5 141.3 145.6 141.3 131.3 124.2 124.5 136.6 141.6 148.1 157.5 169.7 175.1 181.8 194.4 206.1 218.4 234 233.9 230.6 229.1 227.9 224.1 215.4 202.3 196.2 193.6 186.3 177.5 179.5 181.5 185.8 190.4 193.9 196.3 199.6 215.9 241.7 252.3 252.7 247.9 240.2 231.3 221.6 220.1 219.5 218.9 218.3 217.8 217.2 215.7 214.9 216.5 229.1 234.8 236.7 233 227.5 223 220.2 216.9 213.7 210.3 207.2 211.9 213.4 215.4 217.6 219.5 222.1
178.1 178.2 176.9 172.1 167.4 164.1 160.2 158.2 154.9 152.6 137.5 137.4 124.8 124.4 125.2 138.4 144.3 152.4 162 170.6 177.6 189.5 204.3 218.2 233.7 233 227.1 226.4 226 222.8 214.8 204.2 192.5 195.9 191.9 183.5 180.4 185.9 193.3 196.2 199.6 204.7 207.5 209.8 226.8 245.5 251.7 251.3 246.1 237.8 228 222.7 222.4 221.8 221.2 220.6 220 219.5 219.2 218.9 229 237.5 244.3 242 234.9 230.1 226 222.9 219 215.1 212.4 208.7 212.5 215 216.9 219.4 221.9 224.4
189.8 187.2 186.6 183.7 179.9 175.5 169.7 164.1 159.5 154.8 146.3 135.5 125.2 124.6 131.3 138.7 146.3 157.7 166 173.3 183.7 196.9 216 228.8 228.8 224.3 218.9 219.1 216.4 209.5 200.9 190.5 195.9 191.5 185.2 190.4 186.5 192.3 197.5 202.6 207 210.2 213.2 216.4 231.2 246.7 251.7 249.3 243.4 235.4 226 224.2 224.2 224.2 223.8 223.3 222.7 222.1 222.7 225.6 236.8 247.9 247.8 242.8 236.4 232.3 228 223.6 219.5 217 212.6 210 213 216.1 218.2 220.4 223.4 226.3
197.6 197.3 194.6 190.5 186.1 181.8 177 171 165 159.9 153.2 144.6 125.9 123.8 132.9 140.3 149 159 166.9 175.8 188.7 207.3 220.5 220.7 216.7 211.5 208.7 203.3 195.6 186.2 185 189.3 193.7 189.8 194.5 192.9 192.6 197.5 200.7 206 209.4 212.1 213.1 221.3 238.7 249.4 253 250.3 242.3 233.5 227.3 226.8 226.5 226.7 227 226.9 226.3 225.6 227.2 234.2 246.8 248.7 245 242.2 238.1 234.1 229.3 224.3 221.6 217.8 212.5 210.8 213.3 216.2 219 221.1 224.2 228.2
203.7 202.6 198.9 193.9 188 184.6 179.5 173.4 166.4 161.4 156 149.4 134 124.1 130.9 134.7 145.2 156.2 164.5 173.5 190.4 205.2 210 207.8 204.2 198.1 191.3 189.5 186.4 188 187.2 193.1 194.7 195 193.6 191.4 195.3 201 203.9 207.4 209.5 211 213.2 228.1 242 251.1 255.5 251.8 243.2 234.3 229.8 229.7 228.9 229.2 229.7 229.8 230.9 231.2 231.1 238.3 241.5 242.2 244.7 244.4 240 234.8 229.2 225.3 221.7 217.8 213 212.1 213 216.8 220.1 222.2 225.7 231.3
