data/350000-640000.asc
ncols 200
nrows 200
xllcorner 350000
yllcorner 640000
cellsize 50
[rows 35 to 69 of 200, columns 0 to 77 of 200]
288.1 283.9 277.2 271.9 263.3 259.3 252.6 247.5 242.5 238.5 236.8 235.7 232.2 228.3 224.1 220.6 217.3 209.8 207.9 209.1 213 219 224 227.3 229 231.3 233.8 235.5 236.3 236.4 234.5 230.8 226.2 221.3 216 211.9 208.9 204.9 201.4 198.1 193.7 191.2 190.1 189.4 188.8 187.1 184.7 182.5 179.2 178.4 178.2 177.4 176.6 175.1 171.5 170.7 170.3 170.2 170.1 168.8 168 166.8 161.6 160.8 160.7 160.7 160.7 160.3 160 159 160.4 161.5 162.2 163 163.8 166.2 168.5 172.9
282.2 276.2 269.9 264.4 258.6 251.3 245.9 241.2 236.4 232.1 229.7 228.4 225.4 221.9 219.8 214.8 212 210.1 215.2 217.2 222.8 227.3 231.2 234.1 234.9 236.9 237.7 238 237.5 236.3 233.9 229.8 225.2 220 215.2 210.6 206.9 203.1 199.5 197.3 193.9 190.7 188.9 188 188.7 188.1 186.8 184.7 183.3 179.8 178.8 178.4 177.3 174.5 174 173.2 171.4 170.8 171.1 170.7 170.1 168.5 162.2 160.6 160.5 160.6 160.6 160.3 159.9 159.7 159.9 160.8 161.7 162.4 163.2 164.8 166.8 165
273.9 268 262.1 257 251.3 245.4 240 235.4 231.1 227.6 225.1 221.3 218.2 215.1 213.8 213.5 215.5 218.6 221.6 225.2 229.1 234.7 238.9 240.5 241.1 241.3 241.1 240.4 239.3 237.8 235.8 232.3 228 227.2 222.6 213 206.7 203.1 198.5 195.1 193 190.2 188.8 188 187.4 186.4 187 186.1 185.2 183.2 181 179.3 177 174.4 176.9 175.3 173 171.4 170.3 171.4 171.8 170.6 166.2 161.4 160.6 160.6 160.5 160.2 159.8 159.5 159 160.2 161.2 161.9 162.7 164 164.6 163.1
267 261.4 256.2 250.5 245 238.6 234.8 230.5 227.2 224.5 222 218.1 216.2 217.6 220.5 222.5 223.5 226.3 229.3 232.7 237.1 242.2 244.5 245.7 245.4 245.6 244.6 243.8 242.4 240.4 238.1 235.8 233.7 231.4 225.7 219.2 211.9 206.1 198.2 195.6 192.6 190 189 188.2 187.7 187.2 186.9 186.3 185.8 183.7 182.1 179.4 176.7 177.2 178.2 177 175.1 173.8 172.1 171 171.7 171.4 170.4 166.4 161.6 161 160.4 160 159.5 159.2 159.5 159.8 160 161.4 162.1 161.5 164.1 164.5
260.2 254.7 249.7 244.7 240.7 235.4 231.1 227.2 224.3 219.5 219.5 218.6 223.1 224.4 227.7 230 232.5 234.3 236 239.3 243.8 247.9 249.7 250.1 249.7 249.2 248.6 247.7 246.9 245 243 240.3 236 232.5 227.3 221.9 216 208.9 203.1 198.7 193.1 190.7 189.6 189.5 189.5 188.9 188 186.7 185.9 183.4 182 180.1 177.2 176.9 177.7 177.7 177.9 177.6 175.4 172.8 171.6 170.9 170.2 170.3 168.9 170.9 172.4 163.4 159.4 159.1 157.7 159.7 160.6 161.6 162.5 162.8 163.8 164.6
244 246.1 243.4 239.8 237.2 233.1 228.8 222.8 221.4 220.4 225.3 226.6 230.4 233.1 237.2 239.2 241.3 244 244.5 246.2 250.2 252.9 254.6 254.1 253.4 252.8 252.4 251.8 251.6 249.8 247.3 243 238.1 233.8 228.9 223.9 218.4 211.7 206.4 202 195.9 192.3 191.3 192 192 191.4 190.3 187.9 185.8 183.9 181.9 180.1 179.7 178.6 178.7 178.9 179 179.3 177.2 174.8 172.6 170.3 169.9 169.2 168.6 169.2 173.2 173.2 163.1 159.4 158.3 159.9 160.8 161.5 162.2 162.5 163.3 165.6
235.4 235.9 236 235 233.4 227.2 224.4 223.4 226.7 228.5 231.1 235.4 240 243.4 246.8 249.5 251.3 252.4 254 255.3 256.8 256.5 257 256.9 256.5 256 255.9 255.3 253.7 251.3 248.4 244.7 240 235.1 230 224.3 219.2 214.2 209.1 205.1 198.7 194.9 192.9 193.9 194.2 193.9 191.9 189.6 188.2 186.1 183.5 180.1 180.6 180.3 179.7 179.6 179.6 180 178.2 175.9 173.7 170.5 168.7 168.1 167.7 168 169.3 172.7 173.3 158.6 158.4 159.7 160.4 161.1 161.8 162.3 162.8 164.7
233 231.1 228.8 228 226.7 225.4 228 231 233 236.4 241.8 246.5 250.5 253.1 256.5 259.9 259.9 260.3 259.9 261.3 261.1 260.3 260.7 261.1 261.3 260.9 259.5 256.8 253.4 251.2 248 244.5 238.4 233.8 228.1 223.8 218.7 213.8 209 205.1 200.4 195.7 193.8 193.4 194.3 194.2 193.3 191.4 189.9 187.3 182.3 183 183.2 181.9 180.9 180.7 180.5 179.3 177.8 176.2 174.4 172 169.2 167.2 166.2 165.9 168.9 169.9 173.7 159.7 158.3 159.3 160 160.7 161.3 161.8 162.1 163.8
232 231.1 229.6 231 232.2 233.1 234.9 238.6 243.9 247 252.2 256.3 259.7 263.1 266.2 266.8 266.4 265.6 264.5 265.2 265 264.6 264.6 265 264.7 263.5 261 256.4 253.5 250.4 245.4 240.5 234.3 230.2 224.2 220.5 215.5 211.5 207.7 204.6 200.7 196.4 194.7 192.8 192.4 192.6 192.9 191.3 189.5 186.3 186.1 186.4 184.9 183.5 182.1 181.5 180.8 179.5 178 176.3 174.1 171.9 170.4 167.7 165.3 164.8 165.2 167.6 174.4 161.7 158 158.4 158.8 159.2 159.6 160.9 161.5 163.2
232.1 233.4 235.1 235.2 236 239 243.1 249.4 254.6 258.2 260.9 264.4 268 271.3 272.8 272.5 270.4 269.8 268.5 268.1 268.3 267.9 267.7 267.4 265.4 263.2 259.9 255.5 251.5 246.2 240.5 235.3 230.4 225.6 220.5 216.3 212.9 209.7 205.6 203 199.6 196.8 195 193.1 192.2 191.9 190.2 189.6 190.5 189 188.8 187.9 186.5 185 183.6 182.2 181.5 179.5 178.1 176.3 174.3 172 170.1 168 165.8 164.3 163.5 164 167.5 165.4 158.1 158.2 158.2 158.3 158.3 158.2 158.1 157.9
237.8 239 239.9 241.1 243 247.9 253.5 258.3 263.5 266.8 269.6 272.4 275.3 277.5 277 274.8 273.2 272.2 271.1 271.9 273.3 272.5 269.9 267.6 264.8 261.3 257.5 251 246.1 240.1 235.3 230.5 227.2 222.8 217.5 212.8 209.7 206.7 203.5 200.7 198.4 196.7 194.9 193.7 192.8 193.2 193.8 193 191.7 190.4 189.6 188.3 187.6 186.6 184.5 183.1 182.2 181.2 178.8 177.3 176.8 175.4 172.5 170.3 167.9 165.2 162.3 161 161.4 162.3 156.7 157.8 157.8 157.9 157.8 157.7 157.8 157.6
242.9 245.5 247.3 248.4 251.6 257 262.4 267 271.7 275.4 277.3 279.7 281.1 281 279.1 276.3 274.1 272.9 271.9 273.7 275.8 273.9 269.9 266.3 263.4 259.1 253.5 245.7 241 236.7 232.2 227.9 224.3 219.7 213.8 208.5 206.4 205.3 203.4 201.5 199 197.4 195.9 195 194.3 195 195.2 194.5 193.1 191.7 190.3 188.8 187.5 186.4 185.1 183.8 183.1 182.6 181.4 180.1 179.3 178.6 175.8 173.2 170 166.9 163.2 160.5 159.4 159.4 158.1 157.3 157.5 157.6 157.3 157.4 157.4 157.4
252.2 254.2 256.6 260.7 264.2 268.1 273.1 277.4 281.3 285.1 285.9 285.7 284.2 283.2 280.1 277.5 275.5 272.3 270.7 273.2 274.1 271.7 268.6 265.1 259.5 255.4 250.1 243.3 237.5 233.8 229.4 223.5 219 214.5 215.7 215.3 214.7 211.5 206.4 203.7 202.6 200.8 198.5 197.4 196.9 197.8 197.3 196.3 195.2 194 192 189.9 187.8 186.4 185.1 183.8 183.9 183.5 183.2 182.6 181.4 180.8 180.1 176.1 172.4 168.3 164.6 161.6 159 158.2 157.9 157.7 157.2 157.1 156.9 157.1 157.1 156.8
264.5 265.6 270.7 275.1 278.2 281.3 285.3 288.2 289.9 291.4 291.1 288.6 286.9 284.7 281 277.1 274.3 270.7 267.7 269 270.4 267.5 264.4 259 254.3 250.2 245.7 237.9 232.6 229.4 224.1 223.1 225 226.9 228.3 224 222.1 218.7 214.1 209.4 206.4 204.3 202 200.8 201 200.8 200.2 199.4 197.7 196.2 193.7 190.3 188.2 186.5 185.1 184.6 184.1 183.7 183.5 183.6 182.9 181.8 180 178.4 176.3 172.5 168.1 163.1 159.9 158.2 157.8 157.5 157.3 156.5 155.3 156.8 156.5 156.2
274.3 277.9 283 286.8 289.6 292.2 295.4 297.1 298.2 295.9 293.1 289.6 287.6 284.8 280.8 276.9 273.3 269.2 265 264.9 264.4 261.6 258.7 253.6 249.7 246.3 240.8 232.4 227.6 228.7 231.8 233.5 235.3 233.5 231.2 228.9 227.3 223.8 219.9 215.1 210.8 208 204.9 204.6 204.8 204.5 204 201.9 199.5 198.2 195.9 192 189.3 186.6 185.2 184.8 184.3 184 183.9 183.9 183.4 182.1 180.8 179.3 178.6 176.7 172.8 168.1 162.5 159.4 157.7 157.4 157.4 157.4 156.7 156.3 155.9 154.5
284.7 288 291.4 294.3 297.4 299.9 302 302.6 300.3 297.7 293.4 290.6 287.9 284.9 280.8 276.7 272.3 268 264.2 260.2 258.3 256 252.6 248.7 244.8 241.5 236.2 233 236 240.3 241.7 241.7 239.6 236.7 234.2 231.8 229.8 226.9 223.6 219 215.1 212 208.4 207.7 207.8 207.7 206.7 204.1 201.7 200.2 197.4 194.2 190.4 186.2 185.9 185 184.6 184.4 184.2 183.8 183.1 182.2 182.4 181.6 179.9 178.6 175.9 172.1 166.8 162.5 158.9 157.4 157.8 157.4 156.5 156.4 156.3 156
297.9 298 299.7 301.8 302.8 304 303.8 301.9 299.3 295.9 293.4 291.1 288.4 285.2 281.2 277.3 273 267.4 263.1 259.3 254.3 249.7 246.6 242.6 239 237.3 239.5 243.6 245.8 248.3 249.2 246.8 242.9 239.9 237.2 234 231.1 228.6 225.5 221.1 217.8 214.4 211.5 210.2 210.3 208.9 207.5 205.1 201.6 198.2 194.9 191.7 186.9 186.5 186.6 186.3 184.8 184.4 183.5 183.3 182.4 181 181.2 181.7 181.4 180.6 177.9 175.1 171.8 167.3 163.1 159.4 158.4 157.2 156.4 156.5 156 156
304.1 303.9 304.2 305.5 305.8 304.1 303.4 300.3 297.2 295.4 293.5 290.7 287.3 284.7 281.3 277.9 273.2 267.2 262.4 258.5 252.8 247.2 244.2 246.4 247.2 250 250.1 252.2 255.7 255.7 253.6 250.8 247 243.1 239.2 235.8 232.6 228.9 225.6 222.1 219.1 216.4 214.1 212.5 211.9 210.5 208.5 203.5 198.3 194.4 192.9 191.6 188.9 186.7 186 184.9 184.1 182.7 181.2 180.7 179.9 178.9 179.8 180.1 180.4 179.9 179.6 178 174.6 171.1 167.2 164 161.9 159.6 156.6 156.7 155.7 155.7
308.2 307.7 305.5 305.3 303.3 300.8 300.3 297.8 296.5 294.7 291.9 288.6 286.2 284.2 281 276.9 272.2 267.2 262.3 257.7 251.3 245.6 252.5 254.9 256.1 258.3 258.7 258.9 260.3 259.6 256.7 253.2 249.4 245.5 241.8 237.9 233.7 229.6 226.2 222.9 220.4 219.4 218.4 216.5 213.8 211.8 209 202 195.6 197.6 198 194.9 191 186.3 183 180.8 178.6 178 177.6 176.5 175.9 175.3 177.6 178.4 178.8 178.2 177.1 175.4 173.2 172.4 170.6 167.4 164.8 163.1 160.6 157.9 156.6 155.5
312.1 309.9 307.2 303.9 300.8 298.3 296.7 295.3 293.2 291.6 289.4 286.9 284.9 282.3 278.7 274.9 271.2 266.9 262 255.7 248.9 256.7 259 261.4 262.7 264.3 265.1 267.1 265.7 264.2 260.4 256.8 252.5 247.7 243.9 239.3 235.4 230.8 228.4 225.2 223.3 222.3 221.8 219.9 216.8 213.8 211.1 203.3 198.6 200.7 199.3 194.7 189.3 184.3 179.6 176.4 175 173.9 173.9 173.2 172.7 173.2 173 174.8 176.4 176.1 174.3 174.1 173.5 172.7 171.5 169.5 167.9 166 163.5 160.7 159.5 157.8
312.9 308.8 306.6 302 298.2 295.9 293.5 291.2 289.9 288.3 286.3 284.6 282.7 279.8 276.3 272.5 268.9 265.4 260.3 252.5 261.4 263.4 266 267.5 269.2 270.4 271.9 272.6 271 267.8 264.1 260 256 250.4 246 241 236.7 232.2 229.8 227.4 225.4 224.9 223.8 221.6 218.8 216 211.8 205.2 197.8 199.5 195.2 190.9 186.3 181.6 176.9 174.2 173 173.5 173.2 174.6 172.7 172.3 172.5 173.1 173.7 176.8 174.4 173.6 172.1 172.2 170.5 169.8 168.7 167 165.1 163 160.5 158.6
314.8 308.2 304.3 299.8 295.8 293.3 290.6 287.8 286.1 284.9 283.6 281.9 280.1 277.3 273.8 271.2 268.4 265.1 256.7 263.8 267.4 270 272 272.8 273.8 275.3 277.1 276 273.7 270.8 266.7 262.6 258.4 253.8 248.2 243.6 238.6 233.7 231 228.8 227.8 227.1 226.9 223.6 219.8 216 210.1 203 197.4 195.8 192.1 188.6 184.3 176.9 174.8 175.8 179.1 181 181.7 180 177.3 174.6 169.2 170.7 170.5 175.6 174.5 172.5 170.9 171.2 170 169 168 166.8 165.1 162.9 160.9 159.2
315.6 311.2 304.8 299.7 294.9 290.5 287.6 285.2 283.2 281.7 280.6 279 277.1 274.5 272.6 270.8 267.2 261.1 266.5 270 272.5 274.6 277.2 277.9 279 279.1 278.9 277.8 275.6 273.1 270 265.9 261.6 256.4 251.3 246.6 241.4 235.5 232.6 231.4 230.5 230.2 229 226.9 220.9 213.9 207.2 199.3 194.1 192.2 189.3 184.6 178.7 176.4 185.1 187.2 188.5 189.9 188.6 185.1 182.3 179.3 174.7 173.7 170.4 170.3 171.7 171.7 170.5 170.3 169.6 168.5 167.3 166.2 164.9 163 161.9 159.8
312.9 309 303.8 299 294.7 290.8 286.9 284.3 281.8 279.6 277.7 276.7 274.8 273.2 271.8 269.8 265.1 266.1 270.4 274.7 277.1 278.9 281.6 283.5 284.5 283.1 281.2 280.4 279.3 276.9 273.7 269.6 265.5 260.4 255.3 250.5 244.3 237.6 235.4 234.6 233.6 232.7 230.4 225.5 219.3 210.4 203.5 196.8 191.2 187.8 184.9 179 185.7 191.2 195.8 197 197 194.3 191.9 189.2 185.6 182.2 180.1 175.5 170.7 168.4 169.7 170.7 170.1 169 168.8 167.5 166.4 166.5 165.3 164.1 162.4 160.4
310.3 305.4 301.4 297 293.7 290.1 286.6 284.8 283 281 278.3 276.6 274.3 272.3 270.1 267 268 270.6 274.3 277.9 281.9 282.3 285.2 286.6 287.7 286.8 284.7 283 282 280.4 277.3 273.6 269.8 264.7 259.1 254.8 247.2 241.1 238.1 237.2 236.1 234 229.7 223.3 214 206.1 199.9 192.2 187.9 182.7 179.6 192.3 199.4 203.1 204.9 202.8 201.1 198 195.1 191.5 188.2 184.7 182.2 179.3 172.9 168.9 169 169.5 168.1 166.1 166.6 166.6 166.2 166.2 166.2 165 163.2 161.3
307.6 302.3 297.6 294.4 291.2 286.7 284.7 283.3 283.3 280.5 278.7 276.7 274 271.8 269.5 268.4 271.2 274.4 277.2 279.2 281.2 283.5 286.7 288.8 290.4 289.3 287.8 285.4 283.9 282.2 279.1 276.4 273.5 269.7 264.2 258.1 249.9 244.4 241 239 236.9 233.7 226.8 218.6 208.8 202.6 197.2 188.5 181.5 182.7 199.2 204.9 210.6 211.6 210.5 207.9 204.8 201.7 199 194.6 190.7 187.3 184.7 182.8 179.9 174.9 170.1 167.5 166.3 164.4 164.4 165.2 164.6 164.7 165.5 165.3 163.6 161.8
305.4 300 295.9 292.9 290.1 285.7 283.6 282.1 281 279 277.7 276.3 274 271.7 271.4 271.8 274 276.8 278.4 280.5 282.5 285 286.9 288.8 289.9 290 288.8 286.9 285.2 283.1 281.7 279.5 276.7 274 269.1 261.9 252.9 246.5 243.4 239.6 235.5 231.4 222.7 213.8 204.6 199 193 184.4 187.2 202.2 210.8 218.3 219.5 218 216.2 213.1 209.2 206.2 202.1 197.9 194.7 191.3 187.6 185.5 183.4 179.4 175.3 172.1 169.5 167 165.6 165.1 164.9 163.4 164.1 165.5 164.3 163.3
303.9 299 294.9 291.4 290 285.8 282.6 280.9 279.6 278.5 277.2 275.7 275.3 274.2 274 274.3 276.7 277.8 279 280.6 282.9 284.3 286.3 288.2 289.2 289.5 289 287.9 286.1 285.4 285.2 283.8 280.8 276.5 270.8 262.7 254.1 250.5 244.5 240.1 235 229.2 222.1 210.6 200.6 195.3 184.2 189.7 204.5 213.5 223.1 226.9 228.2 225 220.5 217 213.3 208.9 204.6 200.2 197.4 194 190.9 188.3 185.7 182.7 179.4 175.8 173 170.5 168.8 166.2 165 163.9 162.9 161.2 164.2 163.4
302.7 298 294 290.8 289.9 286.7 284 282.7 281.8 280.9 280.2 279.3 278.3 276.9 276.9 277.2 277.5 278.4 279.3 280.8 282.4 284.1 285.8 287.7 288.5 288.1 288.5 287.1 287 288.1 288.5 286.6 283.9 279.1 272.6 263.6 255.5 250.6 244.5 238.2 233.1 225.7 219.3 206.4 196.1 186.6 187.2 204.3 216.2 226.2 232.2 232.4 231.6 228.9 224.4 220.2 216.8 212.6 207.5 202.6 199.3 195.4 192.7 190.1 187.6 184.6 181.6 179.4 175.6 171.1 169.1 167.4 166.1 164.8 163.5 161.9 161.1 161.7
303.1 299 296 292.4 291 288.9 286.5 285.1 283.9 282.9 282 281.3 280.6 279.3 279 279 279.1 279.5 280 281.1 282.3 283.6 285.5 286.9 287.9 288.5 288.3 288.4 289.5 290.5 289.6 287.3 284.1 278.7 273.4 266.2 258.9 251.3 244.4 238.9 231.1 224.6 213 203.4 190.5 184.9 200.2 213.9 225.7 232.6 235.1 235 233.2 230.2 226.2 222.7 219 215.3 210 205.6 202.2 198.4 194.6 191.9 189 185.3 182.4 180.8 177.7 174.1 170.2 168.6 167.4 166.9 165.7 164.2 162.6 162.6
304.6 301.8 299 294.4 292 290.1 288.5 286.9 285.1 283.8 282.9 282.2 281.4 280.8 280.5 280.2 280.1 281.1 280.7 279.8 281.4 282.9 284.3 285.9 286.9 287.4 288.1 289.3 290.5 291.7 289.4 286.5 281.8 277 272.4 266.4 258.8 253.2 246.3 238 229.6 217.1 205.7 196.7 186.5 196 211.6 224 231.8 234 235.3 234.6 232.8 230.3 226.6 222.8 218.9 215.9 212.1 208.4 204.3 199.9 196.8 193.3 189.6 185.8 182.7 181.4 179.1 176.2 172.6 170 171.3 171.6 171.4 170.4 168.7 165.3
306 302.7 299.2 295.5 292.7 290.8 289.3 288.1 286.4 284.8 283.5 282.4 281.7 280.7 280 280.4 280.6 280.3 279.2 278.6 279.7 281.1 281.5 283 285.1 286.2 287.9 289.5 291 291.9 288.5 284.9 279.8 274.7 269.7 264.8 258.1 252.3 245.6 237.4 225 211.7 201.8 193.8 188.4 208.8 222 232.5 234.9 235.4 234.3 233.5 231.8 229.1 225.6 222 218.4 215.3 212.2 208.7 204 199.9 196.5 192.9 189.3 186.2 182.7 180.7 177.7 175.6 174.5 176 176.6 175.7 173.9 172.6 171.1 169
305.7 302.2 298.7 295.2 292.6 290.1 288.6 287.9 286.5 284.8 283.7 282.6 281.5 280.6 279.9 278.9 279 278.5 277.1 277.1 277.7 278.4 278.9 280.2 282.5 285.7 288.1 289.8 291.7 292 288.5 284 279.3 273.4 266.8 262.5 257.5 251.7 244.4 233.8 221.1 208.5 199.6 188.9 197.3 217.5 232.3 235.5 236.4 236.4 234.6 232.2 230 227.6 224.3 221.1 217.9 214.6 212.1 208.9 203.9 199.5 196 192.4 189.2 186.2 183 179.6 176.9 177.7 179.8 180.5 179.7 178.6 176.6 174.4 172.8 170.8
304.3 300.9 297.7 294.6 291.7 288.7 286.8 285.5 284.7 284.2 282.9 281.4 281.1 280.3 278.7 276.6 276.2 275.8 275.4 274.2 274.8 275.8 276.9 278.1 280.9 284.4 286.9 289.3 291.3 289.5 286.4 282.1 277.4 272.7 267 262 256.2 249.4 241.5 231 220.5 205.6 195.6 188.5 205.7 230 238.2 237.9 237.3 236.4 234.5 232.7 230.2 227 223.8 220.7 217.7 214.4 211.5 209.4 204.6 199.9 195.9 191.9 189.3 186.3 182.6 182.3 181.7 182.4 184.3 184.2 182.1 180.6 179.3 176.8 174.6 172.6
304.7 300.1 296.9 293.4 290 287.7 286.2 284.8 283.7 282 280.5 279.4 279.2 278 276.3 274.8 273.2 272.1 271.7 272 271.9 273.3 274.7 276.1 279 282.8 286.1 288.7 289.9 286.9 283.8 279.6 274.6 270.1 266.1 261.3 254.4 246 237.4 227.3 215.6 200.6 189.2 198.3 219.8 239.5 242.2 242.5 239.5 236.3 233.2 231.5 229.6 226.6 223.2 220.4 217.6 214 211.7 209.1 205.4 200.4 196.1 191.5 187.8 187 187.1 186.8 186.3 186.7 187.4 187.5 185.3 182.9 181.4 179.3 176.9 174.5
