data/350000-810000.asc
ncols 200
nrows 200
xllcorner 350000
yllcorner 810000
cellsize 50
[rows 70 to 104 of 200, columns 78 to 155 of 200]
161.3 159.2 157.5 155.8 153.7 151 148.6 147.8 147 146.4 146.1 145.4 144.9 144.5 144.2 144.1 145.4 147.1 147.6 148.3 148.1 147.6 147.9 148.1 147.8 147.4 147.1 146.7 146.3 144.2 143.1 144.2 145.4 146.6 146.6 146.2 145.8 145.8 146.4 147.2 148.1 148.9 149.3 150.2 151.9 153.6 155.4 157.4 158.9 161.1 163.6 165 166.3 167.8 169.2 169.9 169 167.3 166 163.7 161 159.4 158 156.5 155.5 153.8 151.6 149.8 148.6 147.5 147 146.4 147.3 145.5 143.6 143.1 142.1 141.2
161.9 159.2 157.5 155.6 153 150.4 148.8 147.7 147.2 146.6 146.2 145.9 145.8 146.4 147.2 148.6 149.3 149.3 149.2 149 148.6 148.2 148.3 148.7 148.8 148.4 148 147.7 147.8 145 144.6 145 145.8 147.1 147 146.7 146.8 147.2 148 148.7 149.3 150 151.4 153.4 155.5 157.3 159.2 161.2 163.2 165.4 165.6 166.8 168.1 169.6 171 170.9 169.1 167.9 166.5 165 162.7 161.1 159.6 158.3 156.9 155.2 153.3 151.4 149.9 149 148.4 147.7 146.4 144.8 143.6 143.1 142.2 141
162.8 159.1 157.4 154.9 152.2 149.4 148.3 147.6 147.2 147.6 147.4 147.6 147.7 147.6 148.3 148.6 148.6 148.8 148.9 148.7 148.4 148.5 148.6 149.2 149.8 149.4 149 149 147.6 145.9 146.1 146.6 147.1 147.6 148.5 148.7 148.9 149.3 149.9 150.6 151.4 153.3 155.2 157.1 159.1 161 163.4 165.7 168.1 168.8 169.3 169.9 170.4 171.4 171.2 170.9 169.8 168.5 167.2 165.6 164 162.2 160.5 158.9 157.2 155.6 154.3 153 151.4 150.3 149.1 147.9 146.6 144.7 143.6 143 141.8 140.7
163.4 159.9 156.8 154.1 151.3 149.8 150.3 150.9 151.5 151.6 151.4 151.2 150.9 149.8 149 148.9 148.8 148.7 148.7 148.7 148.7 148.8 149.1 149.8 150.5 150.4 150.8 150.9 147.9 147.7 147.2 146.9 147.4 147.9 149.2 150.7 151 151.5 152 153.8 156 157.7 159.1 160.9 163.5 166.4 169.3 172.2 172.2 173.6 174.1 174.6 173.5 172.3 170.2 169.9 169.1 168 166.5 164.8 163.1 161.2 159.4 158 156.6 154.9 153.6 152.3 150.5 149.8 148.9 148 146.7 144.7 143.5 142.7 141.4 140.3
161.1 158.8 157.3 154.5 151.9 154 154.5 155.3 156.1 156.1 155.8 155.6 154.7 153.6 152.4 151.7 151.7 151.5 150.3 149.4 149 149.1 149.3 150.1 150.8 151.2 151.4 150.8 148.6 148.5 148.4 148.3 148 148.2 149.6 151 152.5 154.6 156.6 158.7 160.6 162.2 164.5 166.6 168.6 171.8 172.9 174.1 175.2 178.1 177 175.8 174.7 173.5 171.3 169.2 168.4 167.1 165.5 163.9 162.1 160.2 158.4 156.9 155.7 154.3 152.9 150.9 149.1 148.5 148 146.9 146.4 144.5 143.4 142.4 141 139.7
160.3 158.7 157.1 155.2 154.9 157.7 158.8 159.6 160.4 160.7 160.2 159.7 158.5 157.4 156.2 155 153.9 152.6 151.3 150.4 149.9 149.4 149.5 150.1 150.3 151.1 150.2 148.8 149.1 150 149.9 149.7 149.5 149.8 153 155.3 157.6 160.7 163.1 164.2 166.2 168.8 171.4 173.2 175 177 178 179.6 179.4 179 178.1 177 175.9 174.7 172.6 170.4 167.8 166 164.4 162.8 161.2 159.3 157.4 156.2 155 153.8 151.7 149.4 147.8 147.4 146.9 146.3 146 144.2 143.4 142.1 140.7 139.3
161.1 159.5 157.6 156.8 158.9 163.2 166 166.1 166.1 165.1 164.6 163 161.8 159.5 157.9 156.5 154.9 153.7 152.4 151.4 150.9 150.5 149.7 149.9 150 149.8 149.1 149.1 149.3 150 150.9 151.7 151.5 153.4 156.8 160.2 163.2 166.6 169.6 171.4 174.9 177.6 178.8 180.2 181 181.5 181.3 180.6 179.8 179.4 178.6 177.7 176.9 175.9 173.2 170.5 167.1 164.9 163.4 161.9 160.2 158.4 157.9 156.5 155 153.7 151.5 149.4 147.9 147.5 146.8 146 145.4 144.2 143.3 141.9 140.4 139.1
162.4 161.3 159.7 161.1 163.1 167.4 171.4 171.4 171.4 170.2 169.4 166.2 164 161.3 159.3 157.6 156 154.7 153.4 152.4 151.8 151 150.1 150.1 149.8 149.3 149.2 149.4 149.5 150 150.9 151.8 154 157.1 160.6 164.1 168.3 172.8 176.9 181.7 186.3 188.3 187.1 185.9 185.6 184.9 184.8 184 183.2 180.8 179 178.2 176.7 174.7 173 170.3 166.3 163.6 162.1 160.7 159.2 158.8 157.4 156.1 154.9 153.5 151.7 149.6 148 147.4 146.6 145.8 145.3 144.1 143.2 141.7 140.2 138.9
163.8 162.2 163.4 165.3 167.3 171.5 175.6 175.5 173.3 171 169.7 168.3 166.2 164.2 162.2 159.8 157.7 156.4 155.1 153.4 152.4 151.5 150.6 150.2 150 149.8 149.4 149.9 150 150.2 153.1 155.9 158.7 161.3 164.8 168.5 173.5 178.9 186.9 193.4 198.4 198.9 196.5 192.3 189.7 188.4 188.2 187.4 185 182.1 179.3 177.4 175.4 173.4 172.3 170.1 165.6 162.3 160.8 160.4 160 158.9 157.5 156.2 154.9 153.4 151.5 149.7 148.1 147.8 147.6 147.3 146.5 144.3 143.1 141.6 140 138.9
165.2 163.7 165.1 167.9 170.3 173.3 176.5 175.1 172.9 171.2 169.9 168.3 166.2 164.8 163.2 161.2 159.7 159.1 157.6 155 153.5 152.4 151.5 150.9 150.4 150.2 149.6 150.3 150.9 154.3 157.9 160.7 163.4 166 168.9 173.7 178.6 185.5 194.3 198.7 201.6 202.4 201.1 196 194 192.1 191.6 189.2 186.3 183.4 180.4 177.1 174.9 172.8 171.3 170 164.8 161 160.7 160.4 159.8 159.4 158.1 156.7 154.9 155 153.3 151.6 150.3 149.6 149.3 149 147.6 145.4 143.2 141.9 140.7 139.9
166.7 166.1 166.5 169.3 171.4 173.6 175.8 174.6 173 171.8 170.4 168.9 167.2 165.8 164.3 162.3 161.1 159.6 158.7 156.5 155.1 153.7 152.5 151.9 151.3 150.9 150.6 151.3 155 158.5 162.1 165.5 168.1 170.6 174.2 178.7 183.5 189.5 196.7 200.9 203.8 204 203.3 200.4 198.4 196.3 193.4 190.5 187.5 184.6 181.6 177.2 175.4 173.9 171.8 170.1 164.8 163.1 162.2 161.1 160.2 159.8 158.3 156.8 155.7 155.2 155.5 154.1 152.7 151.9 151.2 150.8 148.6 146.4 144.6 143 141.8 141.1
169.2 169.1 168.9 170.6 172.5 174.4 175.4 175.1 174 172.8 171.6 170.1 169 167.3 165.4 163.8 162.3 160.5 158.8 158 156.5 155 153.4 152.8 152.3 152.3 151.9 151.9 157.9 162 166.1 170 172.7 174.8 178.2 182.6 188.1 193.7 197.9 202.1 205.9 205.6 204.6 202.9 199.7 197.2 195 192 188.9 185.9 182.9 179.5 176.6 175 172.9 170.2 167.8 166.5 165.5 164 163.1 162.3 161.4 160.6 159 157.8 156.7 155.4 154.4 153.7 152.9 151.5 149.6 147.5 146.2 145.2 142.8 142.2
171.2 171.7 171.5 172.6 174.5 175.8 176.3 175.8 174.7 173.7 172.6 171.2 170.6 167.9 166.4 164.9 163.9 162.7 161 159.8 157.5 155.9 154.4 153.8 153.8 153.9 153.5 151.7 161.2 166.9 169.9 173.1 176.2 178.5 181.6 185.5 190.8 196.8 201 203.7 205.8 205.6 204.5 203 199.9 198.6 196.5 193.6 190.5 187.7 184.9 182.2 179.4 176.6 174.5 172.6 171.2 169.9 168.3 166.9 166 165.2 164.5 163.5 161.4 159.8 158 156.5 155.7 154.9 153.4 151.8 150.3 148.4 146.8 145.8 144.5 142.8
173.6 173.5 174 174.8 175.9 176.7 177.3 176.5 175.5 174.4 173.4 172.6 171.1 169.3 167.4 166.4 165.7 164.6 162.9 161.3 159.7 157.9 156.5 156.2 155.6 155.3 154.1 150.9 160.4 170.1 172.1 175.9 178.6 182 185.1 188.1 192.6 197.8 200.2 202.9 204.2 204.6 204.3 203.1 201.3 200 197.9 195.3 192.9 190.2 187.5 184.7 181.9 180 178.1 176.3 174.3 172.5 170.9 169.8 169.1 168.4 167.7 166.3 164.2 161.9 160.7 157.9 156.9 155.3 153.7 152.2 150.6 149.1 147.4 146.3 145.2 143.8
176.2 175.8 176.2 177.3 178.2 178.5 178.5 177.7 176.9 176.1 175.3 175.6 173 171.1 169.6 168.1 167.6 166.5 164.9 163.6 162.2 160.9 159.7 159 158.3 157.6 154.3 150.5 160.2 169.2 172.4 176.1 180.3 183.8 187.5 190.8 193.8 198.4 200.3 202 202.6 203 203.4 202.5 201.6 200.4 200.4 196.6 194.2 191.9 189.5 187.2 185.1 183.1 181.1 178.7 176.8 175.1 173.7 173.1 172.3 171.6 170.6 169 167.1 164.3 162.8 161.7 158.4 156.1 154.1 152.5 150.9 149.4 148 146.9 145.8 144.6
179.1 178.5 178.9 179.5 181.2 180.9 180.3 179 178.7 178 177.2 178.7 174.8 173.3 171.5 169.5 169.1 168.5 167.2 165.9 164.1 161.9 160.3 159.6 158.9 157.9 155.9 153.8 158.2 165.3 170.8 175.6 180.4 184.6 188.8 193 196.4 199.3 200.7 201.4 201.5 201.6 202 201.7 201.3 200.1 200.1 197.9 195.5 193.2 191.3 189.4 187.7 185.8 183.8 181.2 179.2 178.4 177.3 176.4 175.4 174.7 173.3 171.8 170 167.2 164.5 161.8 159.9 157.5 155.4 153.2 151.2 149.7 148.5 147.6 146.5 145.2
182.1 181.5 181.1 181.3 181.7 182.9 182 180.1 179.7 179.4 179.5 178.6 177.5 176.6 174.3 173 171.7 169.9 168.1 166.6 164.1 162 160.6 159.2 157.7 156.2 154.3 153.1 156.7 164.5 170.8 175.6 180.6 185 189.2 193.4 197.6 199.7 201.8 201.4 200.3 200.3 200.6 200.7 200.5 200.6 200.3 199.2 197.2 195.4 193.6 191.8 190 188.3 186.5 184 181.7 180.4 180.2 179.5 178.7 177.6 176.1 174.5 172.8 170.1 167.1 164 161.3 158.7 156.5 154.4 152.2 150.2 149.1 148.1 147.3 146.2
185.2 184.4 183.4 183.7 184.1 184.5 185.1 184.4 184.6 184.5 184.4 182.9 181.4 179.7 176 174.8 173.6 171.9 169 166.6 164.2 162.5 160.2 157.7 156.1 154.6 152.7 153.7 155.4 165.5 170.6 175.5 180.6 185.5 189.6 194.7 198.4 200.3 202.3 201.9 200.5 199.1 199.2 199.3 199.4 199.9 199.2 198.7 197.2 195.7 194.3 192.8 191.8 191.1 189.5 188.1 186.4 184.5 183 182.1 181.1 180 178.6 177.1 175.4 172.4 169.3 166.2 163.1 160.4 157.7 155.3 153.2 150.5 149.6 148.6 147.8 148
188.2 187.3 186.4 187 187.8 188.7 189.5 189.6 189.5 189.3 189.3 187.2 185.3 181.7 177.8 176.5 175.3 173.7 169.5 166.9 164.6 163.4 161 158.5 156 153.5 152.2 152.3 154.3 165.2 170.4 175.5 180.6 185.8 191.1 196.4 200.3 201.2 202.1 201.7 200.3 198.8 197.9 198 198.7 198.3 197.7 197.1 195.9 194.4 192.9 191.9 191.1 190.9 190.9 191 189.8 187.8 185.7 184.6 183.6 182.5 180.3 178.7 176.9 173.9 170.9 168 165 162.1 159.4 156.6 154 150.8 151.9 153.5 155.4 157.4
191.3 190.4 190.5 193 193.4 193.8 194.2 194.6 195.4 196.7 197.6 192.4 187.6 183.7 179.8 178.2 176.1 172.9 169.9 167.1 164.9 163.4 161.3 158.7 156.1 154.2 153.4 152.9 161 169.6 174.9 180.2 185.5 190.2 193.2 198 201.2 200.6 201 201.2 199.7 198 196.7 197.1 197 196.8 196.2 195.6 194.5 193.1 192.2 191.3 190.5 190.1 190.2 190.3 191 190.7 188.7 187.5 186.4 185.2 183 180.7 178.4 175.5 172.5 169.6 166.7 163.8 160.6 156.8 155.2 158.3 160.6 162.2 164.2 165.6
194.7 193.6 195.4 198.1 199.3 199.7 200.1 201.4 200.8 202.1 201.9 196.4 191.9 185.3 181.7 178.6 175.6 172.7 169.8 167.3 165 163 160.9 158.7 156.6 154.7 154 154.4 164.9 174.5 179.8 185.1 190.2 194.5 197.4 200.4 203.5 202.9 202.3 201.2 199.3 197.4 195.5 195.3 195 194.8 194.4 193.9 193.3 192.4 191.6 190.7 189.8 189.3 189.4 189.8 190.4 191.3 191.6 190.3 188 186.3 184.5 182.3 179.9 177 174.1 171.2 168.3 165.3 160.6 158.8 161.9 165 168.3 171 172.1 171.8
198.8 197.5 200.3 203 205.3 205.7 206.7 208.5 208 207.1 205.8 200.8 195.7 189.8 183.8 180.6 177.5 174.2 169.7 167.3 164.8 162.7 161.1 159.2 156.2 154 153.5 156.1 167 177.9 184.1 189.7 194.5 198.7 201.5 203.6 205.7 205.2 204.2 202.3 199.8 198.3 196.3 194.6 193.7 193.1 192.1 191.8 191.5 191.5 190.8 189.9 189.1 188.5 188.7 189.3 189.9 190.7 191.6 190.5 188.4 187 185.4 183.6 181.3 178.5 175.7 172.8 170 167.2 162.5 164.9 168.2 171.6 174.7 176.2 176.7 178
202.1 198.9 203.1 207.5 210.7 212.1 213.9 215.6 216.1 213 208.7 202.2 196.9 191.2 185.9 182 177.6 173.1 169.3 167 164.7 162.9 161.7 159.8 156.5 153.5 152.8 156.1 169.1 181.1 186.8 191.3 195.8 200.2 202.8 205.3 207.4 207.2 204.8 202.3 199.5 198.9 197.1 195.3 193.7 192 190.6 189.9 189.5 189.5 189.5 189.2 188.5 187.9 188.2 188.8 189.4 190.1 191 190.6 189.2 187.8 186.3 184.5 181.1 179.2 175.9 172.7 169.7 166.5 168.8 171.3 173.8 177.4 178.3 178.1 178.8 179
204.8 201.6 202.4 206.8 211 213.2 215 216 215.2 212.8 207.4 201.4 196 190.5 185.1 181 176.5 172.1 168.9 166.6 164.5 163.1 162 160.4 157.1 153.9 152.8 155.3 168.1 179.8 189 192 196.4 200.4 203.3 205.8 208.7 209.3 207.2 205.2 201 199.4 197.7 196 193.8 191.3 189.6 188.9 188 187.5 187.5 188.8 188.5 188.1 188 188.5 189 189.5 190.4 190.8 189.9 188.6 187.2 184.6 180.8 178 176.3 173.8 170.4 172 174.5 177.1 179.8 180.8 180.9 180.9 180.8 180.7
207.8 204.5 201.7 206.1 209 211.5 211.1 210.7 209.8 208.2 206.1 200.4 194.8 189.2 183.6 179.5 175.3 171.1 168.4 166.2 163.9 163.3 161.5 160.1 158.1 155.6 153.2 153.8 165.4 176.7 187.1 191.9 194.9 198.8 203.6 206.1 207.4 207.3 205.6 206.8 203.7 200.3 198.8 197.7 195 192.3 189.1 188.1 186.3 185.5 186.5 187.9 188 187.7 187.7 188.1 188.6 188.6 189.7 190.5 189.6 188.7 187.6 184.3 180.5 176.7 175.2 175.4 175.7 177.9 180.1 182.2 183.3 182.3 183.1 183 182.3 179.6
210.7 207.3 203.8 203.4 205.3 207.2 206.3 205.6 204.5 203.2 201.4 197.7 192.1 186.6 182.3 179.5 175.5 170.7 168.2 166.5 164.8 164.7 163.1 161.8 158.8 158 155.8 154.8 163.9 174.6 183.7 188.4 193.3 197.1 201.3 203.1 203.7 204.7 206.3 207.8 205.2 202.3 200.7 199.1 197.3 193.8 190.5 188.3 186.1 184.4 185.6 187 187.6 187.1 186.8 187.7 188.2 188 188.8 188.3 187.1 186 184.6 182.3 178.9 177.2 180.5 181.6 182.1 184.2 185.6 186.7 186.9 185.8 184.9 182.8 180.7 177.9
211.8 208.3 204.6 201.7 202 202.6 202.1 201.1 200.3 198.9 196.2 193.5 189.1 185.4 182.5 179.7 175.4 170.3 167.8 165.7 166.3 166 165.2 163.4 159.5 157 156.2 155.5 160.8 170.4 179.8 185.1 190.1 195.3 198.1 201.4 203.7 204.7 206.1 207.5 205.8 204.1 203.5 201.8 199.9 196.9 193.6 191.5 189.3 187 186.4 186.4 187.1 186.2 185.8 187 187.6 186.6 186.1 185.6 184.3 183.2 181.5 179.3 181 183.7 186.2 187.3 188.4 189 190.1 190.6 189.1 187.3 184.6 181.2 179 176.1
213.4 209.3 205.3 201.5 201.1 200.5 199.3 197.9 196.5 193.7 191.4 189.3 186.6 184.3 181.4 178.4 175.1 169.8 167.2 167.2 168 167.9 167.2 164 160.4 156.6 155.3 155.4 159.1 169.1 176.8 182.6 187.6 193.6 196.4 199.3 202.1 204.5 205.8 207.2 206.5 206.5 206.3 204.3 202.2 199.9 196.8 194.6 192.4 190.1 188.4 188.4 186.9 185.8 185.4 185.7 184.2 183 182.3 182.3 181.4 180.9 180.6 183.7 186.2 188.5 189.7 189.9 190.4 190.7 191.1 191.3 189.9 188.2 184.8 181.4 178.8 175.7
216.8 210.3 206.1 201.9 199.5 198 196.6 194.9 193.1 191 188.9 185.8 183.5 181.9 179.1 175.4 171.1 170 170.4 170.3 171.3 170.8 169.5 165 160.6 156.2 155.8 156.1 156.5 167.6 173.8 180 185.8 191.9 194.8 197.6 201.3 204.4 205.5 206.9 208.1 208.9 208.8 206.7 204.6 202.5 200 197.7 195.5 193.2 190.6 188.5 187.5 186.5 185.5 186.4 185.7 183.8 182.9 183.1 182.4 182 182.8 185.1 187.2 188.9 190.6 191.1 191.5 191.8 192.1 192.1 190.7 188.5 185.2 182.6 180.2 177.3
219.1 211.2 206.8 202.5 198.7 197 194.6 192.5 190.5 188.5 185.6 182.7 180.4 177.4 176.8 176.6 176.5 175.7 174.8 175 175.4 174.2 170.6 166.4 161.9 157.2 155.7 157 160.2 169.5 175.3 180.2 184.5 190.2 193.6 197.3 201 204.3 205.5 207.4 209.6 210.6 211.3 210.3 208.4 206.4 203.5 200.7 198.5 195.7 193.3 191.3 189.5 188.1 187.1 187 186.3 185.3 184.4 183.1 182.6 182.7 183.9 185.9 187.6 189.3 190.9 192 192.5 192.8 193.1 193.1 191.5 189.1 186.5 183.8 181.5 178.9
221 213.1 207.5 203 197.9 195.9 193 189.6 186.8 185.7 181.6 179.7 177.3 177.9 179.6 183.1 183.6 181.7 179.9 178.1 178.6 174.7 170.9 167.2 162.6 157.8 155.9 157.2 162.1 171 178.4 184.3 188.6 193.3 196.6 200.4 204.2 204.7 205.3 207.1 210.2 212.6 215.3 215.9 214 211.3 208.2 204.9 201.6 199 196.5 194.7 193 191.2 189.5 187.8 187 186.2 184.9 183.1 182.6 183.3 184.6 186.3 188 189.7 190.9 192 192.9 193.8 194.2 194 192.5 190.2 187.7 185.1 182.8 180.6
222.1 215 208.1 203.6 197.6 195.6 193.1 189.8 185.1 182.3 180 178.3 180.9 184.5 187.4 189.7 189.5 187.6 185.8 183.6 178.6 174.2 170.3 166.2 162 157.9 158.4 162.4 167.3 174.7 181.9 188.3 193.5 197.8 200.6 204.4 204.9 205.3 205.8 208.2 211.3 214.8 219 221.1 218.7 216 212.8 209.4 206.2 203 199.7 197.6 195.5 193.3 191.3 189.4 188.7 187.8 186.5 184.7 183.8 183.9 184.3 186.7 188.4 189.7 190.8 191.9 192.9 193.8 194.4 194.6 193.5 191.2 188.7 186.5 184.3 182
220.5 212.3 206.6 202.4 198 195.5 193.2 190.9 187.5 182.7 184 187.6 191.5 195.2 198 197.1 195.4 193.2 189.3 183.2 178.1 173.5 169.3 165.1 161 157 162 168.5 173.2 180.3 188.6 194.3 199.1 202.3 204.6 205.1 205.8 206.6 207.8 210 213 217.2 221.7 224.9 223.5 221 217.8 213.6 210 206.4 202.9 199.8 197.2 195 193.6 191.5 190.2 189.2 188.5 187.3 186.2 185.9 186.4 187.6 188.3 189.3 190.3 191.3 192 192.5 193.1 193.5 194 191.1 189.5 186.9 184.9 183.5
216.2 208.8 203.8 199.9 196.6 194.5 192.5 190.7 189.2 188.6 191.6 197.7 200.8 205 204.2 202.5 200.1 193.9 187.2 181.3 176.8 172.4 168.9 163.8 159.5 157.2 163.3 172.1 179 187.9 196.9 202.2 205.9 207 208.4 208.9 209.4 209.6 209.8 211.7 215.3 220.4 226.3 230.4 228.8 226.3 223.3 218.1 213.2 209.7 206.2 202.6 199.8 197.5 195.9 193.8 192.4 191.7 191 190.2 188.8 187.9 188.6 188.8 188.9 189.1 189.4 190.4 191.1 191.3 191.7 192 192.6 192.2 190.3 187.7 185.1 183.4
211.2 205.3 201 196.8 192.6 190.7 190.4 190.5 190.4 194.7 199 207.9 209.6 208.1 207.8 207.9 202.8 194.7 187.8 182.5 177.6 172.9 168.6 164.7 158.6 157.6 166.2 176.2 186.3 195.9 203.8 209.7 211.4 212.6 213.6 214.3 214.1 213.6 213.4 214.9 220 226.6 232.9 235.9 234.2 231.7 228.9 223.2 217.5 212.5 209.4 205.9 202.5 200.5 198.1 196.8 195 194.2 193.5 192.7 191.8 190.3 189.7 189.6 189.9 190.9 191.3 190.4 190.3 191.1 191.6 192 192.4 192.8 191.1 188.5 185.9 183.3
