data/350000-810000.asc
ncols 200
nrows 200
xllcorner 350000
yllcorner 810000
cellsize 50
[rows 0 to 34 of 200, columns 78 to 155 of 200]
314.8 309.1 312.3 314.4 314.3 310.3 306.4 296 283.3 269.6 256.2 243.6 231.9 223.7 217.7 215.6 211.3 207.7 204.7 203 203.2 204.6 212.1 220.9 229.9 239 246.1 251.5 249.7 247.1 242.1 237.1 230.2 222.6 216.1 209.5 203.5 198.4 194 189.3 194.5 208.7 221.5 233.7 245.8 257.1 265.9 272.3 274.7 274.2 271.4 265.5 259.1 251.7 244.4 236.1 227.3 219.3 214 209.3 203.9 199.4 194.6 191.2 187.2 181.2 178.7 175.8 174.5 173.5 172.3 171.5 171.5 172.1 172.7 176 178.4 181.3
323.2 321.9 324.6 324 320.6 316.8 312.8 303.3 288.7 272.6 257.2 244.4 234.7 225.9 222.2 217.3 212.4 208.3 204.3 202.2 202.1 204.4 209.7 218.9 228.4 237.7 244.8 250.6 248.7 245 240 234.5 227.5 219.7 213.6 207.8 202.2 197.2 193.3 188.4 193.2 205.4 217.5 229.4 240.5 249.7 258.1 264.9 269.2 271.5 270.3 265 257.6 249.9 242.2 234.2 225.4 217.3 210.5 205.7 200.7 195.5 190.9 187.8 183.8 180.3 177.5 175.1 174 172.8 171.6 170.5 170.5 171.3 172 174.9 177 178.3
342.4 339.4 335.3 333 328.6 323.5 318.5 310 291.7 275.1 259.3 246.8 238.2 229.5 223.3 217.9 213.1 208.2 203.1 200.5 199.4 202.9 208.7 216.8 226.8 236 243.1 249.7 247.1 243 238.5 232.2 224.5 216.9 211.3 205.7 200.3 196.4 192.5 186.8 192.1 201.1 213 224 234.3 242.8 251.3 258.3 263.5 266.4 264.8 259.9 254.3 247.5 240 232.3 223.7 216.4 209 202 196.8 191.5 187.2 184.2 181.3 178.3 175.4 173.6 173.1 172.1 171 169.8 169.4 170 171.4 173.8 176.1 176.5
355.7 351.8 347.7 342.4 339.2 334 325.6 313.1 295.3 277.5 262.1 250.3 240.2 232.3 225.5 219.1 213 207 201.6 199.3 198.8 200.3 207.1 213.2 224.6 233.1 240.3 247.4 244.4 240 235.8 230.1 221.6 214.5 208.9 203.7 199.3 194.2 190.9 185.3 189.8 196.6 207.4 217.3 227.3 235.9 244.4 251.7 257.9 261.4 261.3 257.3 252.4 246.7 238.5 230.3 222.6 214.8 206.9 199.6 193.6 187.8 183.6 180.4 178.6 175.5 172.9 171.5 170.9 170.4 169.9 169 169 169 170.3 172.6 174.8 176.5
368.1 363 359.9 354.8 348.1 339 327.8 315.8 296.4 279.1 263.8 252 244.4 235.8 228.1 221.6 215.1 208.7 202.1 199.3 198.9 198.5 204.8 210.6 220.6 227.6 234.8 240.6 240.7 236.3 232.2 227 218.7 212.1 207.1 202.8 198.4 193.3 187.3 185 188.7 194.2 201.4 210.7 220.4 228.6 237.8 245.2 251.2 255.4 257.1 256.2 252.8 246 237.4 228.2 220.3 212.5 204.3 197.3 191.2 185.3 179.9 176.8 175.4 172.7 171 169.6 168.7 168.2 167.7 167.8 167.6 167.6 169.4 172.1 175.1 178
380.1 372.7 368.5 360.8 353.4 342.1 333.1 317.8 295.5 278.3 264.9 255.7 248.9 239.9 230.6 222.7 216.1 210.7 205 198.1 197.9 197.7 201.3 208.3 215.2 222.1 229.2 233.7 236.1 232.8 228.5 222.6 215.2 209.2 204.5 200.2 196.4 192 187.2 183.2 187.5 191.6 197.1 204.4 213.9 222.5 231.6 239.2 245.5 250.6 254 254.4 251.6 243.9 234.6 226 218.1 210.2 201.6 194.9 188.8 182.8 177.6 174.6 172.4 170.5 169.1 167.6 166.5 166.2 166.5 166.7 166.5 166.7 169.5 172.5 175.5 179.2
391.1 381.8 375.9 367.6 359.8 347.2 334.8 318.2 296.6 280.9 267.9 260.4 253.1 244.5 234.6 226.4 218.7 212.8 206.8 201.3 195.5 196 194.3 202.4 209.3 216.2 221.5 225.9 229 227.4 222.6 217.5 210.5 206 202.6 198.6 194.5 190.7 186 182.1 184.2 188.7 192.9 199.5 207.6 216.5 225.6 234.5 241.6 246.7 249.6 249.5 246.3 238.3 230 222.8 214.9 207.1 199 192.7 186.6 179 175.7 172.7 170.7 169.2 167.7 166.2 165.4 165.3 165.5 165.6 166.1 167.4 170.1 172.8 178.1 183.7
401.6 392.2 382 372.6 362.8 349.5 335.5 318.9 299.1 284 273.4 265.3 257 249.5 239.1 230.5 222.4 215.2 208.9 204.9 201.4 197.2 193 192.2 202.4 209.9 213.6 217 218.7 218.3 215.1 211.2 205.7 202.4 199.1 196.3 192.4 188.4 184.9 181 180.7 185.2 189.8 194.7 201.3 210 220.2 230 235.8 240.8 242.9 242.5 239.2 231.9 225.2 218.5 210.9 203.2 196.2 189.8 183.4 176.7 173.5 170.6 169.2 167.9 166.4 165.8 165.4 165.3 165 165.6 166.3 168.1 170.6 173.8 180.3 186.7
410.8 398.1 385 374.3 362.9 350.1 337.5 319.2 302.7 290 278.8 270 261.5 253.5 244.3 235.2 226.1 218.6 212.2 208.3 204 199.4 192.9 192 196.1 202.5 206.7 209.9 210.4 209.9 207.2 204.4 201.1 197.5 194.5 191.9 189.4 185.7 182.6 180 178.4 181.7 184.9 191 196.7 205.4 215.3 224.1 229.3 234.3 235.9 234.4 231.8 225.5 218.8 212.7 205.5 198.1 192.1 185.6 178.3 174.9 171.6 168.4 167.6 166.8 166.3 165.8 165.5 164.9 164.3 165.3 166.3 168.3 170.7 174 179.9 185.8
408.7 398.7 386.6 373.6 360.8 350.6 339.9 321.8 311.4 304.3 290.4 279.8 269.5 261.3 249.3 239.8 229.6 221.6 215.2 210.6 206.3 201.9 192.3 190.9 190.8 196.7 200.3 202.6 203.6 204 201.3 199.2 195.8 192.7 190.2 187.1 184.8 181 177.9 179.1 177.6 176.8 179.5 184.7 189.4 199.1 209.3 217.6 222.8 227.7 227 225.2 223.4 218.9 212.4 206.8 199.8 193.8 187.8 181.4 176.6 173.4 170.3 168.5 167.3 166.3 165.8 165.2 165.1 164.5 164.1 165.3 166.5 168.5 170.7 173.9 177.5 183.5
403.8 395.7 384.6 371.8 361.2 352 341.1 324.2 323 317.3 307.5 298.1 284.7 271.8 257.7 244.9 233.7 225.1 218.9 213.5 209.2 204.6 199.1 190.6 190.5 189.7 194.9 196.1 196.9 198.2 196.2 193.8 190.2 187.2 179.6 179.8 178.9 177.8 176.9 176.7 176.7 175.7 175.5 176.4 182.4 192.6 203.8 212.9 217.3 220.8 219.5 218.3 217.1 212.6 206.1 200.7 195.8 189.6 183.5 177.4 174.8 172.3 169.8 167.9 165.9 165.1 164.7 164.3 164.1 163.9 163.9 165.4 166.7 168.8 171 173.5 177 181
394.5 388.8 378.6 368.9 360.1 352 343.8 332.5 327.9 324.1 316.6 305.2 291.9 277.8 263.4 251.2 239.4 229.8 222.9 217 212 206.7 201.5 196.6 190.9 189.1 188.9 188.6 190.3 192.2 191.4 188.1 185.9 180.9 180.1 179.6 179.4 178.7 177.4 176.9 179 176.9 174.2 174.2 175.8 186.5 198.5 208.2 212.3 214.1 214.6 213.1 211.7 206.9 200.9 195.5 192 186.7 180.6 176.6 174 171.3 168.5 165.9 164.4 164.2 164.2 164 163.6 162.7 163.7 165.3 167 169.2 171.5 173.9 176.3 179.9
382 378.4 372.5 363.6 356.5 348.3 340.9 335.3 331.3 328.8 324.4 318.3 302.1 285 269.1 256.9 245.8 236 228.4 221.1 215.3 210.5 205.7 200.9 196.1 192.7 188.9 187.7 186.2 184.7 184.2 183.7 183.1 183 180.2 180.2 182 182.6 183.5 184.8 186.2 184.2 178.7 172.9 173.6 181.2 193.3 203.5 205.5 207.3 209 208.3 205.2 200.4 195.2 190.8 187.3 183.9 178.6 176 173.3 170.7 168 165.8 164 164 164 163.7 163.3 162.6 163.4 165.2 167.5 169.9 172.6 175.2 177.6 179.6
370.2 367.2 363.4 357.4 351.2 344.1 338.4 334.4 332.1 332.4 330.2 324.7 310.8 292.3 276.1 262.2 250.9 241.7 234.5 227.3 219.7 215.8 211.2 207.2 203.4 198.3 194.8 190.6 188 186.6 186.3 187.2 188.5 188.8 188.5 193.1 195.5 194.3 192.3 192.8 192.1 188.3 184.5 171.7 172.1 174.7 187.9 198.4 201.3 202.6 204 202.6 199.7 195.2 190.2 185.9 182.7 179.6 177.7 175 172.2 169.5 167.9 166.8 165.2 164.1 163.8 163.3 162.6 162 163.5 165.5 167.9 170.7 173.6 176.6 178.9 182.3
355.8 355.6 352.3 349.1 343.8 339.2 334.6 331.7 331 331.1 331.3 324.2 313.5 298.5 281.1 267 256.3 247.3 240.6 232.9 225.4 221.7 218.3 214.5 210.8 206.6 205 201.4 199.9 196.2 197.2 199.4 199.4 199.4 201.4 207.2 207.4 205.9 204 201.5 194.9 190.9 187 181.6 171.8 172.3 184.6 193.4 197.3 201 200.2 196.6 194.1 190.1 185.7 182.3 179 176.4 175.9 173.7 170.9 169.2 167.8 166.6 165.5 164.3 163.6 162.8 161.9 161.4 163.5 165.8 168.3 171.1 174.2 177.4 180.1 184.9
341.5 343.9 343 339.8 336 332.9 329.6 327.1 326.7 329.2 329 321.6 310.9 299.2 286.2 272.7 260.2 252.9 247.7 240.4 233.3 228.5 226 223.3 219.1 215.9 215.3 212.6 212.3 209.7 210 212.2 214.4 214.6 217.4 220.6 219.1 217.5 215.7 210.9 201.3 193.3 187.7 181.7 169.3 170.6 182.4 189.4 192.9 196.5 196.2 192.3 188.6 186.3 183.5 180.5 177.4 175.2 173.8 172.4 170.6 168.9 167.6 166.5 165 163.7 163.1 162.5 161.6 161.1 163.3 165.6 168.4 171.2 174.1 177.3 181.4 186.2
329.1 330.6 331.6 331.6 329.6 326.4 323.9 321.3 320.8 322.7 323.7 319 312 301.6 290.9 276.8 270.2 261.2 255.6 249.3 242.7 238 235.8 232.9 227.1 225.2 224.9 223.9 223.9 223.5 223.7 225.2 227.8 229.9 232.3 231.5 231.3 228.6 220.3 213 204.3 195.5 186 181.7 173.3 170 182 187.2 190.4 193.3 191.7 188 185.9 184.3 181.9 178.9 175.9 174.1 172.7 171 169.8 168.6 167.3 165.8 164.3 163.1 162.5 162.1 161.5 160.9 162.9 165.7 168.5 171.3 174.1 177.5 181.8 185
316.7 318 321.3 323.1 323.2 320.8 318.4 317.2 316.9 319.1 318.4 314.8 309.9 303.2 295.6 287.7 281.5 274.2 268.9 262.3 256 250.1 247.6 246.4 238 238.4 239.2 238 238 236.8 237.1 238.5 242.7 244.4 246.4 242 241.6 232.3 223.7 215.2 207.2 197.6 187.9 182.4 173.6 169.8 179.7 184.3 187.4 188.3 187.3 183.7 182.6 181.6 180.1 177.4 174.4 173 171.3 169.6 168.4 167.6 166.6 165.1 163.6 162.5 162 161.5 161 160.5 162.9 165.7 168.5 171.4 174.3 177.3 180.5 183.7
305.1 307.6 310.6 313.8 316.5 315.6 314.1 313.4 312.5 313.6 313.4 310.8 311 308.4 303.5 298 292.5 288.6 283.7 277.7 271.6 266.1 264.1 260.8 258.9 258.7 257.3 254.1 251.5 249.8 250.3 251.8 255.9 259 258.4 252.9 245.9 236.6 227.5 218.1 209.5 198.3 189.9 183.2 175 169.2 174.9 181.1 182.9 183.1 182.9 180.3 179.3 178.3 177.3 175.8 173.2 171.6 169.9 168.2 167.1 166.3 166.1 165 162.9 161.9 161.5 161 160.5 160.1 163.2 166.4 169.4 172.3 175.2 177.6 179.9 182.4
293.1 297.1 300.5 305.1 309.1 310.9 310 309.1 308.1 309 309.5 309.9 310.7 310.8 309 305.1 301.9 297 295.2 289.4 283.7 284 280.7 274.9 273.5 273.7 271 267.7 260.7 260.4 260.3 260.1 260.9 260.6 259.5 255.1 247.2 238.7 229.4 219.7 209.5 198.3 190.6 183.3 176.1 166.3 171.6 176.4 177.7 177.9 178.2 177 176 175 174 173.2 172 170.3 168.7 167.7 167.6 167.3 167 165.8 163.4 161.6 161 160.5 160.1 159.7 162.8 166.2 169.6 173 176.1 178.4 180.7 183
279.9 284.6 292.3 297.1 301.8 304.8 305.9 305 304.8 304.9 304.8 306.5 308.8 310.2 311.2 311.3 310.1 309.2 306.3 298.5 294.8 291.4 289.2 280.9 281.1 280.3 276.9 272.1 266.3 262 261.1 258.8 257.2 256.9 254.6 250.7 244.4 236.7 227.9 218.1 207.9 198.6 191 183.8 176.7 171.6 166.2 169.6 172.5 172.9 174.4 175.5 174.7 173.9 173.1 172.3 171.3 170.4 168.8 168.5 168.6 168.3 168 166.6 164.4 162.8 161.2 160 159.6 159.4 163.1 166.6 170.1 173.5 177 179.2 181.5 183.4
269.3 274.7 282.7 289.8 295.1 297.9 300.6 300.9 301.1 301.3 300.7 301.2 304 307.4 310.5 312.7 315.2 314.8 311.1 304.8 297.6 292.6 286.6 279.9 279.7 279.4 276.2 270.1 265.5 260.4 256.9 252.8 251 249.8 247.6 241.9 236.1 230.1 222.4 214.9 205.8 197.1 190 184.1 178.1 172.1 166.5 165.1 167.3 169.5 172 173.7 173.8 173 172.2 171.8 171.6 170.4 169.3 169.4 169.5 169.3 169 167.5 165.7 164.5 163.2 161.6 159.3 159.7 163.3 167.2 171 174.5 177.8 179.8 182.9 185.1
259.7 265 273.2 281.2 287 290.2 293.4 297.2 297.8 298.1 296.9 297.2 299.6 303.4 307.4 311.1 316.3 315.7 310.5 305 298.7 291.6 279 274.3 273.4 272.2 268 264.6 260.1 256.2 251.7 246.7 245.1 242.4 238.3 230.7 225.3 220.2 215.1 207.6 201.3 193.9 187.3 181.2 175.7 170.4 167.3 164.8 165.3 167.8 169.7 171.6 172.4 172.1 171.5 171.7 171.9 171.4 170.3 170.1 170.4 170.1 169.9 169.7 168.2 166.7 165.3 163.8 161.6 160.3 162.6 166.8 170.7 174.7 178.6 181.8 186.2 188.8
252.9 256 264 271.1 275.9 278.8 288.1 293.6 296.1 295.8 294.1 293.3 295.6 299.9 304 308.1 313.5 312.8 309.8 302.7 298.1 288 277.1 268.1 264.7 262 258.6 257.5 254.3 250.1 245.7 240.7 237.3 232.9 228.3 222.4 216.5 211.4 206.4 201.4 195.6 189.5 183.9 178 173.2 169.2 165.3 165 164.9 165.9 167.8 169.4 170.5 171.2 171.4 171.6 171.8 172 171.3 171 171.2 170.9 169.7 169.7 168.2 166.7 166.2 164.9 162.3 159.5 162.6 166.3 171 176 179.6 182.9 189.6 192.7
253.8 247.1 254.2 259.6 264.5 272.9 284.1 290.8 293.9 293.4 292 288.8 287.6 292 296.3 301.6 308.5 310.7 307.4 301.8 295.5 285.4 275 264 257.8 253.1 251.9 251.5 246.2 241.3 236.7 234.1 229.1 227.5 221.5 215.5 209.7 203.9 199.4 194.8 189.8 185.5 180 175 170.6 166.2 163.9 163.3 163.3 164.6 166.7 167.4 170.1 169.7 171 171.3 171.6 171.9 172.1 171.9 170.7 169.5 169.1 169.3 168.1 167.2 166.6 164.6 161.9 159 161.1 165 171.2 177.4 181.3 184.7 190.4 193.7
253.8 246.7 246 251.7 260.2 270.7 280.8 288 291.2 291.5 289.1 284.1 281.4 284 287.8 294.1 301.7 305.2 302.9 299.5 293.4 284.7 272.1 261.1 251.7 246.8 245.4 243.2 239.9 236 230.5 229.1 228.6 222.8 216.8 211.2 205.5 199.8 194.4 189.6 185.5 181.5 177.1 172.4 168.3 164.9 162.4 161.5 162.3 163.7 164.2 165.1 168.1 168.3 169.3 170.8 171.1 171.5 171.9 170.8 169.4 168.5 168.7 168.8 168.3 167.1 165.8 163.6 161.2 158.5 159.9 163.8 169.2 174.6 179 182.5 188.2 191.7
253.6 247 240.4 247.5 256.3 265 274.9 283.6 287.6 288.6 285.5 280.6 274.4 275.5 279.9 286.1 293.7 298.8 298.2 298.5 290.9 281.1 270 259.3 249.5 243 238.5 234.7 232.3 230.3 228.4 226.8 224.2 218.4 212.7 207.1 201.4 196.9 192.1 187.7 183.4 178.6 174.3 170.4 166.8 163.7 161.2 160.3 161.4 162.3 161.2 162.7 164.8 166.3 167.4 169.4 170.6 171.2 170.8 169.5 168.1 167 167.3 167.4 167.2 166.3 164.9 162.5 160.1 157.8 158.6 162.4 166.9 171.4 176.4 181.4 186 190.1
254 247.3 240.7 241.4 249.9 258.7 268.2 276.5 282.2 283.9 281.2 275.1 268.3 265 272.3 277.9 284.7 289.8 292.7 291 285.6 276.8 268.4 257.4 248.4 240.8 234.2 227.9 225.4 225.2 224.6 222.9 219.5 214.9 208.6 202.2 196.9 193.6 191 186.7 182.4 177.6 172.6 168.9 165.2 162.6 161.5 160.6 160.8 160.2 158.9 160.4 162.4 164.1 166.7 168.9 170.6 170.8 169.4 168.1 166.7 165.3 165.2 165.2 165 164.4 163.3 161.9 159.7 157.4 157.5 161 165.6 170.4 175.2 179.9 184.5 188.6
254.2 247.6 241 234.5 243.2 252.7 262.2 270.4 277.4 280.3 275 268.8 260.2 255.1 261.9 269.3 275 280.8 283.3 282.4 277.4 271.2 263.5 254.1 245.8 238.1 230.2 224 219.7 218.9 219.7 216.6 212.7 207.3 202.7 196.6 192.8 189.7 187.7 185.7 181.3 175.8 171.1 167.4 164.1 161.7 161 160.7 160.2 159.3 158.7 158.8 160.2 163 166 170.7 169.9 168.2 166.6 165 163.3 162.5 162.7 162.7 162.6 161.5 160.5 158.9 158 157 156.8 160.2 164.9 169.6 173.3 178 182.9 187.3
254.7 248.1 241.5 234.6 236.4 246.7 256.3 264.5 271.3 275 271.4 260.8 252.4 248.1 251.4 258.9 263.4 268 270.1 269.4 268.7 263.9 258.4 250.7 244 235.6 228.7 223 217.8 212.9 211 207.4 203.8 199.1 194.5 191.5 188.8 185.9 183.9 181.6 178.3 173.8 169.7 166.2 162.8 160.7 160.2 160.1 159.9 159.2 158.6 157.9 158.2 161.8 164.3 167.2 166.8 164.8 163.1 161.4 159.7 159.6 160 160 159.7 158.6 157.6 155.7 154.6 154 156.6 160.1 164.4 168.7 173 177.8 181.4 185.9
255.1 248.4 241.5 234.6 229.3 238.7 249.3 258 265 268.4 263.5 254.2 247.5 241.8 243.4 247.4 252 257.2 261.2 262.1 260.6 256.4 252.2 247.4 242.3 237.5 229.7 223.4 216.4 210.4 204 198.6 194.8 191.2 188.6 186.4 184.2 182 179.5 176.9 173.2 168.8 167.1 164.9 161.5 159.6 159.7 159.9 159.9 159.2 158.3 157.5 157.9 161.5 162.3 163.7 163.5 161.5 159.7 158 157.3 157.6 157.4 157.3 156.9 155.8 154.6 153 151.4 153.4 156.3 160.3 164.5 169.4 174 178.2 181.6 184.6
255.4 248.7 241.5 234.5 228.6 232.4 242.7 251.2 256.9 259.1 254.6 248.1 241.1 236.1 235.6 237.5 241.6 246.8 250.7 254.6 253.5 249.4 245.7 242 237.7 233.4 228.4 221.9 214.2 207.5 201.1 194.8 190 185.6 183.4 181.6 178.7 176.1 174.8 171.9 166.4 163.2 161.1 160 160.1 157.7 157.9 158.4 159 158.6 157.9 157 157.7 159.5 160.2 160.9 160.2 158.2 156.5 155.6 154.6 154.1 154.4 154.7 154 152.9 151.8 150.8 150.8 152.9 156.9 160.5 165 170 175 178.6 182 183.4
258.3 248.1 241.8 235.4 227.2 226.4 234.5 241.2 246.5 247.8 245.4 241 236.1 231.3 228.2 229.9 232.9 238.3 240.4 243.9 246.2 242.6 239.2 235.7 230.9 227.8 222.8 217.9 211 204.3 198 192.9 187.9 183.2 178.4 175.4 172.3 169.8 168.6 164.1 160 159.8 159.4 158.8 158.1 157.6 157.3 157.4 157.9 157.7 157 156.3 157.3 157.7 158.4 159.2 157.6 155.6 153.9 153 153 153.6 153.8 153 152.1 150.7 149.1 148.2 149.7 154.6 156.9 160.7 165.6 170.6 175.3 178.7 182.1 182.5
265 254.1 243.1 236.8 228.5 220.3 223.3 228.7 234.1 238.9 237.6 235.2 231.8 227 223.3 223.1 227.5 232.2 234.4 236.5 238.6 235.9 232.3 228.8 225.1 221.8 217 213.1 207.8 201.1 196 190.9 184.8 178.9 172.7 168.6 165.9 163.4 161.1 159.5 159.8 159.9 159 158.1 157.7 157.5 157.2 157.3 157.4 156.8 156.1 155.4 156.3 156.5 156.9 157.3 155.1 153.2 151.5 151.8 152 152.2 150.8 150.1 150.2 149.2 147.3 146 148 149.9 157 161.4 166.2 171.1 175.6 179.1 181.6 181.4
271.7 261.1 250.3 239.4 230.9 223 216.2 221.6 226.7 230.7 232.7 231.8 227.5 222.9 219 219 222.1 226.2 229 231.1 230.5 228.8 225.3 222.4 220 216 211.3 207.4 203.6 198.1 192 186 180 174 168.3 161.6 160.8 159.9 160.3 160.2 160 159.9 160.6 161.3 161.1 160.1 158.7 157 156.5 155.9 155.3 154.6 155.3 155.5 155.8 155.3 153.5 151.7 150.3 149.9 149.2 148.5 148.2 148.3 148.4 147.8 146.1 145.8 145.2 145.2 157.4 162.1 166.9 170.8 172.6 175 177.7 177.6
