data/350000-630000.asc
ncols 200
nrows 200
xllcorner 350000
yllcorner 630000
cellsize 50
[rows 144 to 179 of 200, columns 0 to 81 of 200]
186.7 189.3 191 191.3 190.3 184.2 177.1 171.1 166.9 161.6 161.6 161.6 163.8 169.6 173.1 181.1 188.9 200.3 212.9 220 227.4 232.2 234.4 234.7 233.9 231.5 229.9 228.5 226.8 223.3 220.6 217.4 214.5 212.9 209.7 207.6 205.2 201.5 201 202.1 202.6 201.8 200.3 197 190.8 179.4 169 181.7 190.8 193.4 191.6 190.3 187.2 181.5 167.4 169.9 172.7 173 173.9 179 182 183.8 186.2 187.6 190.8 191.8 191.3 190.2 189.1 185.6 181.8 177.8 175.7 171.1 170.3 179.2 186.8 189.4 189 187 186.5 188.5
186.1 189.1 189.7 189.9 187.5 182.4 177.8 172.9 170.2 165.8 162.5 165.9 170.2 174 179.1 185.8 192.9 202 214 222.3 227.5 233.4 235.7 237.9 239.4 238.2 236.5 234.8 231.5 228 225 222.4 220.8 221.8 220.5 217.6 212.7 207.1 206.4 207.4 206.4 205.9 203.3 199.3 189.7 178.1 180.7 192.2 197.7 197.5 195.8 194.6 191.8 182.7 166.8 173 177.7 179.1 183.5 184.2 188.4 192 194 196.8 200 199.4 197.2 195.1 192.7 189.4 185.8 183.8 179.3 179.4 185.7 191.5 193.5 194.1 192 190.7 192.2 193.9
183.7 185.8 186.1 184.9 181.9 179.8 176.9 174 171 169.1 171.4 175.9 181.3 181.2 187.5 192.4 199.7 206.1 216.6 225.5 229.9 234.6 236.8 239.9 242.4 241.8 239.8 237.7 236.7 234.7 235.3 234.7 233.3 229.9 226.8 223.3 218.7 213.3 211.5 209.9 208.5 207.9 206.3 201.4 188.8 176.3 190.7 200.9 201.7 199.2 195.9 193.7 190.9 178.2 173.5 181.9 182.7 187.5 188.8 191.1 194.9 198.8 203.7 206.3 206.7 203.5 200.6 199.5 197.5 194 190.5 184.2 186.5 190.4 196 197.6 197 195.2 194.3 195.4 196 197
183.1 183.6 185.5 183.9 182.8 181.6 177.6 173.1 174.6 180.7 184.3 189.1 192.3 191 192.8 200.1 205.6 210.7 218.6 227.6 232.7 238 239.6 241.9 247 245.3 246 247.7 249 248 245.1 241.7 238.1 234.6 230.8 227.4 221.1 217 215 213.2 211.7 211.3 210 204.2 188.5 182.3 198.7 204.3 203.6 200 196.7 194.4 186.3 172.4 191.7 193 191 193 192.7 197.1 201.4 207.4 213.1 211.8 210.2 209.4 205.9 204 202.5 199 195.2 189.3 194.1 201.3 201.5 200.1 197.6 195.5 195.8 196.9 198.4 198.3
187.2 189.7 189.9 187.5 185.8 181 177.7 177.9 186.8 198 201.5 198.1 199.4 198.6 197.2 202.9 208.8 215 223.1 229.3 232.1 237 244.4 250.2 257.5 260.1 259.2 257.5 254.4 250.2 246.4 244.6 240.8 236.1 232 227.9 223.6 220.9 218.8 217.1 215.7 214.7 212.6 203.4 186.6 190.2 204.7 209.3 207.2 203.5 201.1 199.9 188.3 186 200.6 200 198.7 199.2 197.7 202.8 209.6 217.5 218.4 216.2 214.3 213 209.1 207.6 206.4 204.1 200.2 195.2 202.3 206.1 207.4 205.5 199.9 196.7 196.9 197 197.8 196.6
187.8 188.3 185.8 184.3 181.4 184 181.2 185.6 194.7 202.8 207.2 211 211.6 210.3 206.7 210.4 215.4 222 228.2 231.5 233.3 238.9 250.3 261.1 265.3 266.2 261.2 253.9 251 252.6 247.8 244 240.7 237 234.1 230.8 228.7 225.1 220.7 215.6 214 213.7 207.1 194.5 200.1 196.6 213.3 215.1 214.3 210.9 209.1 205.6 197.1 200.8 205.8 205.9 205.4 206.1 204.9 207.5 216 223.3 223.3 221.3 219.6 216.7 212.9 212.1 211.3 209.7 207.6 207 210.2 210.3 209.5 208.1 203.7 198.3 197.2 196.5 196 194.6
185.5 184 184.1 185.7 187.6 185.9 190.2 202.7 207.9 212.2 214.2 217.2 218.6 219.1 215.2 218 223.2 228.7 232.1 232.5 231.5 233.8 249.7 259.5 260.4 257.8 250.3 247 249.6 249.3 248.4 246.4 244.1 241.2 238.1 234 229.8 224.4 218 211.4 207.8 202.1 203.4 207.3 211.6 213.4 219.2 221.7 221.2 215.3 209.3 208.7 209.1 211.9 213 213 212.7 213.1 211.2 213.5 221.6 227.4 227.8 226.3 224.3 221.5 218.6 217.4 216.6 215.8 210.9 213.4 213.9 213.4 212.4 211.2 207.1 201.5 199.5 197.5 195.8 193.8
182.1 182.5 187 189.2 188.6 191.5 203.1 211.3 219.8 225.4 227.2 226.8 227.9 227.7 226.3 227 229.3 232.5 232.8 230.8 227.5 227.5 234 241.7 243.4 243.3 244.8 246.5 247.7 248 249.5 248 244 240.4 236.2 231.7 225.8 220.2 213.4 219.2 211.2 214.7 217.4 219.2 219.8 222.2 224.7 226.7 223.9 216.8 216.8 217.2 221.8 222.2 223.9 223.1 220.7 219.7 219.1 219.9 226.4 231.6 233.5 232 230.2 226.8 224.1 222.8 222.2 220.4 219.1 218.4 217.4 216.4 215.7 215.4 210.7 204.3 202.9 200.3 198.6 195.2
181.8 184.3 188.8 191.2 191.9 199.3 210.3 220.5 229.3 235.2 237.7 237.9 236.6 235.2 233.9 234.9 236.1 236.8 236.5 234.4 227.5 227.5 227.5 227.5 227.5 236.4 242.7 244.6 245.8 245.6 245 244.6 239.7 234.4 229.9 226.2 220.5 218.9 221.1 223.7 218 226.2 228.2 228.3 231.1 230.3 228.2 230.9 226.7 218.3 223.5 225.8 230.2 232.6 234.3 235 233.6 230.5 232.1 233.3 233.8 236.1 237.8 237.6 237 234.3 231.4 228.8 227.7 226.2 224 222.5 221.4 220.2 219 217.6 213.7 208.3 207.2 206.3 205.1 201.1
181.9 183.9 189.4 194 201.7 212.6 221.5 230.6 238.3 241.6 244.4 246.6 247.3 245 241.9 244 244.1 242.7 241.9 239.9 235.9 227.5 227.5 227.5 227.5 231.9 241 242.4 240.5 240 239.3 238.3 235.1 230.8 223.7 225.9 228 229.3 230.3 231.1 225.1 231.5 234 235.4 235.1 235.4 233.3 236.9 227.1 222.6 231.9 235.4 240.2 242.8 244.7 245.7 245.6 238.2 248.2 247.8 247.5 246.5 246.8 245.5 245.4 243.1 239 236.2 234.1 233 231.5 227.9 225.7 223.9 223.1 221.6 217.9 212.7 211.8 210.7 207.5 204.8
182.1 184.1 190.8 200.9 213.1 222.2 230.6 237.7 243.1 247 251.5 254.7 256.1 254.9 253 254.6 251.7 249 247.3 246.1 241.4 232.9 227.5 227.5 227.5 227.5 230.6 234.8 233.4 234.8 234.3 232.9 228.4 232.3 235.2 236.6 236.7 236.2 236.5 236.1 232.8 236.5 238.1 240.6 240.6 240.6 240.2 238.4 237.6 232.7 237 243.9 249 252.5 256.2 258 259.1 252.4 260.6 260.4 259.5 259.3 260.8 260.2 257.6 252.6 248.4 242.3 240.1 238.4 236.2 233.9 231.2 228.7 228.1 226.6 219.5 218.5 216.7 213.6 212.7 211.3
183.9 187 194.4 209.2 220.7 228.6 236.3 243.1 250.4 256.1 258.9 260.6 259.6 255.6 253.3 253.4 251.7 251 249.6 246.9 243.2 236.8 227.5 227.5 227.5 227.5 227.5 227.5 227.5 227.5 230.7 232.8 237.9 242.8 243 241.7 241.4 240.9 240.5 240.5 239.6 241.3 242.9 245.3 245.6 245.6 243.9 241.9 244.7 240.8 243.5 251.1 257.2 262.2 266.8 269.2 270.6 260.6 270.4 271 271.6 272.7 272.4 270.7 265.1 257.9 252 247.4 245.7 243.3 241.2 238.5 235.7 233.5 231.6 225 224.9 222.3 220.4 217.5 216.3 215.3
186 189.3 200.8 216.2 228.7 236.2 240.4 248.2 256.6 260.1 261.8 260.2 255.2 251.1 247.3 246.5 247.5 248.3 247.7 245.6 245.5 241.3 235.8 227.5 227.5 227.5 227.5 227.5 227.5 227.5 230.3 235.2 240.4 244.1 245.8 247.4 248.6 247.2 244.6 244.8 244.5 246 247.9 249 249.6 249.3 248.5 246.1 247.4 250.2 251.6 257.4 264.3 270.9 274.5 275.9 276.3 269.6 278.3 278.8 279.3 280 279.2 275.2 269.3 262.2 256.3 252.8 250.3 248.2 246 243.1 240.1 236.5 231.1 230.1 226.9 225.6 223.2 221.7 220.6 219.1
189.3 192.2 204.4 221.2 233.2 237.3 240.3 245.8 253.4 257.7 255.5 252 248.7 245.8 244 242.8 243.4 244.5 245.6 246 244.9 241.7 238.4 233.6 227.5 227.5 227.5 227.5 227.5 227.5 237.1 244.1 250.4 254 255.7 253.9 251.4 248.6 248.3 248.7 248.3 249.6 251.5 252.5 253.2 252.2 252.3 251.1 251.5 255.1 255.7 259.8 268.1 273.9 277.3 278.4 278.8 278.2 281.4 283.9 284.4 282.2 279.3 275.2 271.8 267.4 262.2 258 254.8 254.1 250.1 247 243.3 239.6 236.6 232.9 229.5 228 227.5 226.2 225.3 225
193.5 197.2 205.6 218.9 229.1 232.8 237.3 241.9 246.9 247.7 246.1 245 243.2 242.9 241.6 240.5 240.1 240.2 239.7 240.2 240.6 239.4 237.5 235.2 233.3 231.7 228.1 227.5 227.5 235.6 248.9 256.4 258 257.1 256.4 255.2 252.4 252 251.7 252.7 252.6 253.6 254.4 255.6 256.7 256.5 256.6 256.7 257 258.5 259.2 267.3 271.5 277.8 279.9 280.6 280.3 280.9 283.2 284.3 284.1 283.2 280.6 277.8 274.5 270.1 267.9 264.8 261 256.8 252 249.1 245.9 242.3 240.2 236.6 232.1 232 231.6 230.7 231.2 229.6
198.1 203.6 210.7 218.5 222 226.6 232.6 236.4 239.6 242.9 241.8 240.3 240.9 240.5 239.1 237.1 235.4 234.7 234.3 233.9 234.2 234 232.8 231.7 233.1 235.1 235.5 233.1 235.7 246 253.5 256.1 258.7 259.6 259.6 260 259.4 258.2 256.1 257 257 257.3 257.6 260.6 262.1 261.7 261.8 261.1 262.8 264 265.5 269.6 272.7 277.7 281.4 283.4 284.9 288.2 288.9 288.9 288 288.3 286.7 283.2 277.3 274 271.8 268.2 264.2 259 254.8 250.9 248.8 246.2 243 239.8 235.7 235.3 235.5 235.2 235.4 235.4
200 204.4 209.2 211.8 214.6 220.2 225.9 229.1 232.8 234 234.6 236.5 238.3 237.5 234.8 232.9 231.6 230.8 230.4 229.9 229.7 228.8 229.6 232.1 234.4 237.5 240.3 240 246.4 254.6 260.2 265 267.9 269.8 270.1 268.6 265.7 262.9 261.5 261.7 261.8 263.1 263.1 267 267.5 267.5 267.1 267.5 268 269.1 270.4 273.5 277.7 280.4 284.4 287.9 291.5 295.4 296.5 295.2 292.9 291.3 290 285 280.7 277.5 275 270.3 266.7 262.1 258.9 255 251.5 249.8 245.5 243.2 239.3 239.8 240.1 240 239.9 240.4
200 202.2 204.6 206.9 209.6 211.8 216.8 222.2 226.1 229.4 231.7 234.4 234.4 231.3 228.7 227.8 227.6 227.3 226.5 226.1 226.4 228.3 230.8 233.8 237.2 240.1 243.1 245.6 255.3 262.4 269.3 274.7 276.9 276.8 275 272.5 270.8 268.9 268.4 268 269.5 269.3 270.5 272.3 273.2 273.4 272.8 272.8 273.1 275.3 276.6 279.3 282.2 283.3 286.7 294.2 298.4 301.1 301.9 300.3 297.2 295.3 292.5 287.1 284.1 282 275.4 272.7 269 264.3 260.3 256.7 255.2 252.5 247.6 246.4 244.5 244.3 244.7 244.6 245.7 244.6
199.3 201.8 201.7 203.3 205 205.5 207.3 214.4 220.1 223 225.8 228.3 227.6 226.1 224.9 224.6 224.5 224.5 224.1 225.4 225.7 228 233.5 237.1 241.3 243.3 246.3 251.6 260.9 268.7 275.6 279.7 280.5 281.2 282.1 282.6 282.1 280.7 280.2 281.1 281.7 280.6 280.2 280.4 279.6 279.4 279.9 279.8 280.7 281.4 281.2 283.3 286 287.4 290 296.8 300.9 303.5 304 302.7 300.1 296.3 293.1 290.4 286.8 280 275.9 272.4 269.4 266.1 261.4 260.4 262.9 258 253.6 250.9 247.2 247.9 248.9 249.5 251.2 250.8
198.1 197.6 197.7 199.3 201.5 203.1 204.8 207.4 212.3 218.3 221.9 223.4 224 224.7 224.9 225.6 225.2 223.9 223.6 225.9 229.6 233.4 238.4 242.7 246.7 248.5 250.3 256.7 264.7 272.2 278.9 287.1 292 294.6 295.7 297.7 298.1 296.9 294.9 292.3 289.6 287.2 286.5 286.3 286 285.9 286.2 287 288.2 288.3 288.2 287.5 289.7 290.9 293.6 299.3 302.7 304 303.6 301.6 299.8 296.7 293.4 290.6 286.7 281.5 277.3 273.6 269.9 267.2 268.2 261.7 268.2 262.2 257.3 254 250.9 250.2 253.1 253.2 252.9 251.1
192.6 196.3 200.8 203.3 205.8 207.6 208.4 208.2 210.8 214.7 219.3 221 225 225.5 224.8 223.4 223.5 224.6 225.8 229 232.5 236.5 241.1 247 251.7 253.9 254.8 263.3 271.1 279.5 286.5 296.1 304.3 311.8 312.2 310.7 306.9 302 299.2 296.9 295 294.5 293.2 292.4 292 292.4 293.2 294.1 293.8 293.2 292.6 292.2 293.2 294.9 298.2 300.9 302.6 303.8 304.2 303.1 301.1 297.9 294.1 289.6 285.1 281.2 276.7 272.7 268.7 266.8 268.2 269.4 264.1 259.9 256.3 254 251.3 250.2 251 251 250.9 250.7
195.4 199.2 202.7 205.6 209 213.6 218.2 217.8 218.6 219.6 221.1 220.1 221.7 221.9 222.5 223.6 225.5 226.1 228.8 232 235.9 239.8 246.5 251.7 256.1 262.8 270.8 283.2 290.5 296.1 299.1 302.2 316.2 320.9 316.5 312.2 310.3 308.3 304.9 302.9 300.8 299.9 299.3 298.6 298.8 298.8 298.3 297.9 296 296.5 296.9 296.8 296.7 296.7 296.5 297.9 301.4 302.4 303 301.4 298.3 294 289.2 285 281.1 278.2 274.6 270.8 266.9 263.6 261.6 258.9 257 255.9 254.3 252.5 249.6 249.3 248.2 248.2 248.2 248.2
197.9 200.5 204.5 208.1 212.3 217 218.9 218.6 218.3 218.2 217.6 220.1 221.1 223.4 225.5 226.1 228.7 228.3 230.2 235.1 239.5 244.2 249.3 255.8 264.2 271.5 291.7 303.4 309.1 312.7 321.6 327.9 325 323.3 320 317.3 314.3 312.4 310.2 309 306.9 305.9 304.6 303 301.5 299.8 299.3 298.5 298.4 298.7 298.5 296.8 295.9 294.1 292.6 288.9 291.2 293.8 294.5 292.6 289.9 287 282.9 276.6 274.4 272.4 269.7 266 261.3 257.1 254.8 253.6 253.3 253.2 254 252.7 248.5 249.4 248.2 248.2 248.2 248.2
200 203.4 209.5 212.9 215.7 216.9 215.6 214.2 218.1 221 224.5 225.8 224.6 223.6 226.7 227.1 230.6 234.5 233.6 235.6 241.6 248 253.7 260.4 266.1 274 293.8 305 308.3 313.1 320.8 324.2 324.1 323.5 323.1 322.3 320.4 318.7 316.2 313.9 310.6 308 305.9 303.4 301.1 300.2 300.3 300 300.4 300.7 300 298.5 295.2 292.2 287.3 283.6 280.9 285 285.9 285.2 281 275.2 269.6 264.7 260.8 258.6 256.6 256.2 255.2 253.9 252.3 251.8 251.5 251.5 252.3 251.8 247.7 248.5 248.2 248.2 248.5 249.9
199.3 209.9 217 215 212.1 211.3 211.4 216.2 221 223.3 226.7 229.4 228.1 227.5 228.2 229.2 233.9 235.6 236.6 236.8 243.8 249.7 254.2 259 263.4 273.9 286.9 294.7 301.9 309.4 314.7 319.9 323.6 326.3 326.2 325.1 323.2 319.8 316.1 313.8 310.5 307.8 304.7 302.2 301 300.5 301.2 301.2 301.2 301.4 301.7 300.5 297.3 294.9 291.1 286.5 281.8 276.5 272.5 269.4 266.6 264 262.1 260.6 259.2 257.2 255.5 255.2 255.2 254.6 253.5 252.1 250.9 250.2 250.3 248.9 247.3 249.3 250.6 252.3 254.5 255.8
193.9 201.4 207.1 205.2 204.2 213 219.3 222.5 223.1 223 225.9 229.8 231.4 234.2 236.7 235.4 239.8 240.2 240.5 239.9 243.7 248.5 252.2 255.2 259.2 270.8 281.2 289.5 298 303.9 309.1 315.2 321.6 324.4 325.1 323.3 321.1 319 315.6 312.7 310.2 307.2 304.1 302.1 301.3 301.3 302.1 301.8 302.4 303.1 303.2 302.2 297 293.3 290.7 287.4 283.3 278.6 276.4 273.3 270.7 268.4 266.5 264.4 262 260.1 259.6 258.6 258.7 258.4 257.7 256.4 254.3 252.9 251.5 249.5 243.6 250.7 250.8 253.7 256.7 258.7
187.1 191.1 191.3 198.3 207.9 218.7 220.9 223.3 227.2 230.8 234.9 239 241.2 243.3 244 242.5 245.3 246.6 245.8 243.9 241.2 246.4 250.1 253.2 258.4 268.5 275.7 283.2 290.7 296.7 303.1 308.1 315.1 320.5 324.2 323.6 321.3 317.5 312.1 309.9 306.9 304.1 301.7 300.2 300.7 302.3 302.2 301.4 304.3 303.9 302.1 299.7 296.3 292.9 290.3 287.2 284.8 282.1 280 277 274.6 272.8 270.9 268.6 266.7 264.6 263.2 262 262.8 262.5 259.8 258.3 256.6 254.6 253.1 250.3 244.2 250.1 249 250.6 252.9 254.5
186.7 187.6 190 194.3 203.2 208.5 217.2 224.2 234.6 238.5 240.3 242.1 244.5 246.1 246.7 247.4 250.2 253.8 250.3 247.2 240.2 243.7 247 250.3 257.1 264.6 270.3 276 282.2 290.3 299.2 309.1 316.3 320.7 322.2 319.3 315 310 307.6 305.7 303.1 299.7 296.5 294.4 296.6 299.1 298.9 298.2 297.9 295.9 295.7 294.4 291.2 288.3 285.9 282.8 280.2 277.2 274.8 274.1 274.3 273.7 272.4 270.4 268.8 267.5 265.6 265.2 261.7 258.3 256.4 254.4 252.6 252.3 249.5 247.4 244.8 247.8 246.7 247.1 249 250.2
188.7 187.1 184.8 190.2 193.1 199.8 205.8 212.6 222.9 232.8 239.4 242.8 243.5 245.1 249.3 255.1 258.2 259.5 257.6 251.5 245.2 242.5 245.7 249.4 253.6 256.5 262.9 273.2 280.5 289 298 307.2 312.1 312.7 311.4 309.7 308.2 307.1 305.2 302.4 298.5 294.2 290.2 286.5 289.1 289 291.6 290 290 290.5 288.7 288.5 286.5 284.2 281.9 278.9 276.1 273.3 271.1 269.4 268.7 269.4 271.1 271.2 270.7 269.5 266.9 261.3 258 255.2 253.6 251.2 248.8 247.9 245 242.1 241.5 244.3 244.1 244.7 245.3 245.3
190.8 198.7 198.6 197.4 199.1 200.8 202.8 208.3 218.5 231 238.2 239.4 243.5 249.6 255.3 257.6 261 261.3 259 254.9 250.2 245 246.2 250.2 253.3 256 259.9 265.1 273.2 284.5 295.8 305.1 311.2 312.6 310.8 307.8 306 303.1 299.8 296 291.9 287.9 285.3 282.7 281.8 280.9 283.5 283.7 284.2 283.7 283.6 280.5 280.5 278.6 277 274.2 273.2 270.4 268 266.2 265.6 265.5 266.6 268.3 266.8 266.4 264.4 259 255.5 252.5 249.7 247.2 245.1 244 241.2 238.1 236.8 240.2 241.3 241.4 242.1 241.8
190 199.5 200 196.6 199.5 203.5 208.5 215.6 221.5 228.5 233.3 239.1 243.8 247.5 250.7 253.9 257.1 260.4 260.6 258.3 255.1 250.4 246.2 250.3 253.7 256.8 260.4 265.3 271.5 279.1 287.8 300.2 306.7 306.4 304 301.8 298.9 296.7 293.6 289.8 286.1 282.4 279.8 278.2 277.2 277.2 277.8 279.1 279.6 279.2 277.8 276 274.7 273.5 272.3 270 268.5 267.2 265.1 263.9 263.5 263.2 263.3 264.2 263.8 262.3 260 255.8 252.3 250.2 246.3 243.4 242.3 241.2 239.3 234.3 234.8 237.5 238.3 238.4 238.8 238.6
189.7 191.3 194 197.9 202 206.9 212.4 219.3 221.6 224.6 230.3 235 239.6 243 245.6 250 254.3 258.7 262.3 262.8 261.7 256.4 250.3 250 255.1 258 262.7 266.1 271.3 274.4 279.2 288.1 293.6 294.3 294.6 294.1 292.5 290.1 287.1 283.6 280.3 276.9 274.2 273.4 273.3 273.7 272.8 274.3 274.7 274.1 273.4 272 271 269.3 267.1 266.4 265 263.2 263.1 262.1 261.7 261.3 260.9 261.2 259.5 257 255 249.9 248.2 244.3 242.6 241.5 239.9 238.6 237.2 232.3 232.3 234.4 234.9 235 235.1 235
193.5 194.2 196.2 198.9 202.5 207 212.2 216.2 219.3 223.3 227.8 231.3 235.3 240.2 243.8 248.6 253.3 257.8 264.3 266.2 264.7 261.1 256.2 254.5 258.5 260.3 263.2 265.4 268.1 271.5 274.4 278.5 283.6 286.7 287.2 286.8 285.1 283 280.4 276.7 273.4 271.2 270.3 270.4 269.6 268.1 268.9 269.1 270.1 268.5 267.2 267.1 265.8 264.2 263.4 262.9 261.7 260.5 260.4 260.1 259.3 258.7 258.2 256.1 253.9 252.1 249.6 246.4 245.5 241.9 240.1 239.9 237.6 237.3 234.8 230.9 229.6 231.5 232 231.7 231.4 231.1
188.2 188.8 192.8 196.9 202.6 209.1 211.4 212.8 217.1 221.2 225.6 229.8 233.7 239.6 245.6 250.6 255.3 260.9 265.6 265.7 264.9 262.1 258.5 256.8 257.3 259.4 262 263.8 266.6 268.6 269.6 272.5 276.4 279.4 279.6 278.9 277 274.4 271.7 270.2 268.6 267 267.1 267.2 265.4 263.7 265.1 265.4 265.3 263.4 263 262.8 261.4 260.3 259.8 258.8 258 258 258 257.9 257.4 256.6 254.5 251.6 250.2 247.8 245.5 243.8 241.9 240.1 238.5 236.7 235.8 235.1 231.5 228.4 227.2 229.5 229.6 229.2 228.8 228.2
184.4 187.2 190.2 196.6 201.6 205.3 207.8 211.1 216.1 220.7 223.7 227.6 233.1 240.9 245.6 251.2 260.4 263.9 266.3 265.3 264.5 264 261.4 260.3 258.8 258.6 260.5 262.2 263.3 264.9 266 266.9 268.2 270.9 270.3 268.9 267.7 266.4 265.6 264.2 262.2 261.6 261.2 259.9 260.5 259.7 261 261.2 260.2 258.8 258.2 257.9 257.1 256.5 256.7 256 255.3 255.5 255.7 255.6 255.5 254.2 251 248.4 246.8 245.1 243.1 241.1 239.3 237.7 236.1 234.6 233.6 232.7 228.5 225.7 226 227 227.5 226.8 226.4 225.7
188.7 192.5 195.8 197.7 198.7 201.8 206.1 209.6 215.2 218.2 221.3 225.5 234.5 238.2 246.6 255.7 263.2 267.4 265.6 263.6 265.6 268.2 268.7 267.9 267.3 265.9 262.8 260.9 258.6 259.4 264 265.4 265.7 264.8 264.2 263.4 261.4 259.1 257.1 257 256.6 255.7 254.2 255.2 255.6 255.8 256.5 257 256 254.6 253.7 253.9 253.1 252.4 253.6 252.9 253.1 253.2 253.3 253.1 252.6 251.5 248.7 246.3 244.7 243.2 241.2 239.2 237.2 235.2 233.7 232.7 231.8 229 225.2 224.1 224.7 225.1 225.4 224.7 224.6 224
