data/350000-500000.asc
ncols 200
nrows 200
xllcorner 350000
yllcorner 500000
cellsize 50
[rows 35 to 69 of 200, columns 78 to 155 of 200]
520.8 518.1 514.9 513.7 508.6 503.1 496.3 486.4 476.4 468.4 460.2 451.5 443.3 432.3 422.2 412 402.7 392.9 383 372.1 363.5 360.2 359.5 357.7 359.4 362.6 365 368.7 370.1 370.5 372.4 372.6 374 369.6 365.7 361.9 356.3 352.3 348.4 343.7 342.9 345.2 346.6 344.2 340.5 336.9 337.8 341.8 345.2 343.7 345.1 346.2 347 351 356.2 361.7 366.5 367.2 367.2 365.9 363.3 361.7 360.2 352.6 346.4 338.2 330 325.1 321.1 317 310.4 306.6 305.1 303.1 297.2 291.1 285 282.8
511.4 509.5 506.1 505.1 501.2 492.1 485.3 476.1 465.9 457.7 449.3 440.3 434.1 424.5 414.9 404.9 395.3 384.4 373.8 363.1 354.9 349.3 350 350.5 355.8 356.8 355.3 356.7 357 356.1 356.4 358.4 356.6 357.2 352.7 348.1 345.7 343.1 340.6 338.1 337.8 339 340 340.5 337.7 340.8 344.1 349.1 351 350.6 351.2 351.4 353.1 355.5 362.1 368.1 372.2 370.1 368.5 366.3 362.8 359.4 354.5 348.3 342.4 334.7 329.1 324.3 319.5 316.2 312.1 307.6 303.1 301 295.8 290.2 286.8 285.6
504.9 501.1 497.9 495.8 489.5 481.3 473.9 465.1 455.1 445.3 436.8 430.3 424.1 415.8 406.2 393.4 386.2 375.8 364.8 356.7 349.8 347 346.8 350.4 351.6 349.7 349.1 351.7 351.5 348.2 346.5 348.1 347.9 346.9 344.1 339.8 338 338 338.1 338.4 337.7 337.1 336.8 342.2 343.9 347.1 351.2 354.8 354.9 356.8 356.9 356.7 357.1 358.7 365 370.3 378.9 374.2 369.9 364.4 361.1 355.7 350.1 344.3 338.6 331.3 326 322 317.1 313.9 311.1 307.1 303.2 299.2 297.3 293.8 290.2 287.1
490.9 490.1 488 482.6 477.2 471.1 462.1 453 440.9 432.5 426.8 420.5 414.8 407.6 400 387.9 376 368.8 358 350.6 346.7 343.2 343.6 346.8 346 343.8 343.2 345.6 345.7 343.5 340.6 341.3 341.2 339.8 338.2 338 338 338.1 338.2 338.2 337.5 338.4 341.9 347.3 350.8 354 358 358.1 360.1 364.2 363.5 361.3 360 360.8 366 370.2 378.9 372.4 368.8 360.6 356.7 350.5 346.1 340.4 334.7 328 322.7 318.8 314.8 311.5 308.9 306.6 302.2 300.6 301.1 296.8 292.4 288.3
479.6 477.8 476.7 471.4 466.3 459.7 453 441.5 430.6 421.9 417.4 413.7 409.3 404.6 399.6 389.3 371.9 361.9 354.1 349.2 347.8 343.6 341.5 342.3 341.8 340.8 340.5 341 340.5 339.5 339.1 338.6 339.5 338.3 338 338 338.1 338.2 338.2 338 338.2 339.9 346.3 352.8 356.9 361.1 364.8 367.1 369.6 372.4 367.6 365.8 363.1 362.7 367.3 370.8 375.4 371.8 365.1 357.4 352.4 347.5 342.2 336.5 330.9 324.8 319.7 315.2 311.6 308.9 306.7 305.1 304.8 305 302.9 298.1 293 287.5
469.3 466.5 464.2 461.4 456.2 450 443.7 437.2 430.4 421.3 414.6 409.2 406.9 404.7 399.8 387.3 370.5 364.1 357.4 352.7 347.9 343.8 341.4 341.3 340.9 340.6 340.3 340.1 339.7 339.4 339.4 339.1 338.8 338.7 338 338 338.3 338.7 338.8 338.5 338.9 343.9 351.8 357.6 363 368.4 371.8 375.3 378.6 379.7 370.6 367.7 365.1 363.8 367 369.1 370.8 367 360.2 353.4 348 342.9 337.8 332 326.5 321.2 316.5 311.2 308.5 307.3 305.5 305.5 305.6 305.2 300.6 296.1 288.7 281.9
459.7 457.6 455 451.2 446.3 442.1 438.2 434.2 427.9 419.7 413.1 409.5 408.6 406.8 404.4 398.7 388.5 380.3 365.1 357.4 347.2 342.9 341.6 341.3 340.9 340.1 339.8 339.5 339.5 339.3 339.7 340.5 339.9 339.7 339.1 338 338.7 339.1 340.2 340.2 341 349.2 357.9 365.6 371.2 376.8 380.8 381.7 381.2 378.7 372.7 368.2 365.6 364 364.3 364.8 364.5 361.2 354 347.6 343.1 337.7 331.4 325 318.8 316.2 311.4 307.2 305.5 305 305 306.1 305.2 303 298.8 292.6 286.2 279.2
450.3 449.9 447.4 443 438.2 435.2 432.5 428.6 423.1 417.7 415.1 412.1 413.1 412.6 410.3 407.1 401.1 389.7 377.6 360.4 348.1 343 341.9 341.2 340.8 340.3 339.3 339 340 339.5 339.2 341.5 343.5 343.1 342.1 341.6 344 344 346.6 347.2 349.2 355.5 364.2 373 379.9 386.1 389.4 388 383.8 379.5 375.4 368.4 365 363.4 360 357.7 356.2 351.4 345.1 339.6 335.9 330.7 324.6 318.3 314.1 311.2 306.6 303.8 302.5 301.7 301.8 304.5 301.5 298 294 286.6 281.8 279.2
444.2 442.8 440.1 437.2 432 428.8 426.9 422.9 420.8 418.1 418.5 418.6 419.2 419.4 417.5 412.8 402.1 387.9 375.3 361.8 349.5 343.5 342.3 341.4 341 340.2 339.8 338.6 340 338.9 339.6 342.8 345.2 347.3 348.3 352.6 355.7 356.8 355.7 355.5 359.1 366.3 372.9 381.5 388.7 393.9 394.7 390.9 385.9 381.1 373 365.5 362.5 358.8 353.1 350.2 348.1 341.1 336.1 332.4 328.5 322.9 317.3 312.4 310.5 308 304.2 301.6 299.3 297 298.7 296.8 293.7 291.4 288.6 283 277.6 273.2
437.7 436.5 434 432 426.1 423.2 422.5 421 420.3 420.5 421.1 424 425.4 424.5 418.4 409.1 394.7 381.9 370.3 359.5 350 344.3 342.5 341.4 341.3 340.9 340.5 339.5 339 339 343.3 348.3 350.4 352.2 360.2 366.6 373.9 372.2 371.3 361.5 368 377.2 384.1 387.6 392.1 396.6 394.5 387.6 380.4 373.9 366.7 360.5 355.5 350.7 346.3 343.6 338.6 331.2 327 325.2 321.1 315.7 313.1 311.3 309.7 307.5 304.2 300 296.7 291.1 293.2 293.1 291.2 283.1 282.6 277.3 272.9 269
430.7 429.6 428.3 426.1 422.7 420.6 420 420.7 420.7 422.9 424.2 427.2 423.5 418 408.7 396.1 383.4 372.9 364.2 356.1 349.8 346.4 343.4 341.5 341.6 342.1 344.1 340 340 344 349 352.3 356.7 364.5 380.3 391.2 399.7 392.4 379 371.9 376.6 385.2 389.7 391.7 393.7 394.2 389 381.2 373.3 366.9 358.5 350.6 343.9 340.4 335.6 331.5 326 322.4 319.5 316.6 313.5 312.9 311.2 310 308 305.8 303.1 299.1 294.1 287.5 280 287.2 285 279 274.7 271.6 270 267.6
423.5 422.3 420.9 418.7 415.6 414.9 416 417.3 419.5 421.6 424.1 419.2 413.1 405.2 393.2 381.2 371 363.7 357.2 350.3 349.5 346.2 342.4 342.1 342.6 345.6 346.3 342.7 343.9 348.1 352.9 360.6 367.2 387.1 404.9 411.7 407.1 396.1 384.3 378.4 382 389.4 394 394.6 392.5 388.2 381.6 372.4 365.5 357.3 348 340.3 335.9 329.7 328.6 326.1 322.1 318.7 316.6 312.9 309.3 308.5 309 308.3 305.8 303.8 301.2 297.4 293.6 289.7 283.2 279.1 278.1 273.1 270.3 268.9 270.2 267.2
415.2 412.3 410.7 409.6 408.6 408.5 411.2 410.7 412.7 415.6 411.1 403.3 395.9 387.4 379.6 370.6 363.2 357.3 350.7 347.6 345.4 343.1 343.7 348 346.9 347.4 347.1 348.2 351 356.2 365.4 373.9 389.1 401.6 411.8 412.8 404.4 396.6 391.2 386.1 388.6 391.5 395 391.8 387.9 383.2 376.1 365.5 356.8 349.5 344.4 339.1 337.8 333.1 329 326.2 320.5 317.3 314.3 311.2 310.1 309 308.3 307.1 304.4 301.7 301.5 300.2 296 291.9 286 279.3 275.6 271.2 268.9 268.9 268.9 269
403.7 402.4 401.1 399.8 398.7 400.2 403.4 401.4 397 392.6 391 385.7 381.4 375.3 368.5 362.1 356.2 350.9 347.6 345.3 344.3 343.5 345.2 348 350.1 351.5 351.2 353.3 357.7 368.8 376.1 390.6 396.7 406.2 410.8 409.2 406.2 399.7 397.7 392.2 389.7 391.8 392.3 388.4 384.2 379.6 375.4 366.8 360 353.1 349 344.9 342.3 338.9 335.9 330.2 323.8 318.8 316 315.2 314.3 312.7 311.6 309.8 307.6 307.1 308.5 308 302.3 298.4 290.5 279.6 277.8 273.7 269.6 271 271.7 272
396.5 395.6 394.2 391.5 389.8 392.3 394.4 391.1 385.5 380.2 377.3 374.3 370.7 366 361.2 356 350.1 348.3 345.3 346.5 346.7 345.8 347.8 350.9 353.3 355.9 358.6 360.8 368.8 377.1 388.5 396.5 401.6 405.6 409.1 409.5 405.8 400.9 399.3 391.5 390.7 390.5 388.9 386.2 382.8 380.5 374.3 368.6 364.5 361.2 356.7 352.1 348.9 348.5 342.9 335.9 329.3 323.3 320.8 319.7 318.8 316.5 315 314.4 314.5 314.3 314.4 312.5 308.2 300.8 295.2 290.2 284.3 279.4 277.2 277 274.3 275.8
390.1 387.8 385.9 382.8 382.3 383.6 384.1 380.1 374.8 371.8 370.4 366.6 361.3 359.2 354.4 349.8 348.6 347.7 345 348 348.4 348.2 350.5 353.9 358 360.6 363.2 367.3 374.4 385.3 390.9 398.5 401.7 403 403.7 404.5 402.8 400.4 396.2 391.7 390.9 389.8 387.2 384.4 381.5 378.7 375.5 372.3 369.3 367.1 364.1 360.3 355.5 351.9 347.8 340.9 332.8 326.5 325 322.9 321.1 320.9 320.1 320.9 321.1 320.2 317.7 314.9 309.8 305.1 304.6 300.4 291.7 285.5 283.6 283.3 280.7 280.1
379 378.5 376.4 373.2 371.4 372.7 373 369.7 367.8 365.9 364.2 361.1 359.1 355.7 349.9 349 348.5 346 347 350.6 349.9 351.3 354.2 358 362.2 365.7 369.1 374.1 382.1 388.7 392.6 395.8 399.8 400.8 401 399.1 397.9 396.9 394.5 391.7 390.8 388.8 386.2 383.5 380.9 378.9 377.3 376.4 374.5 372.4 370.2 369.7 361.5 357 352.5 345 336.9 330 328 326.2 326.6 327.3 328.7 328.7 327 324.8 323 319.3 316.3 311.7 310.8 305.5 296.4 290.7 290.5 292.8 292.5 289.1
368.8 369.4 367 365.2 364.4 363 362.3 361.9 361.8 361.6 359.1 356.9 358.4 355.5 349.5 349.7 349 349 351.7 354.9 354.4 355.5 358.2 362.5 367 370.5 374.6 380.1 386.4 392.8 394.1 394.9 398 397.7 395.3 394.2 393.3 392.1 391.2 390.9 390.2 388.6 386 383.7 382.6 381.7 380.2 379.7 379.4 378.2 375.3 372.5 367.2 361.4 355.8 348.6 340.2 335.9 333 333.1 333.4 334 335.3 334.5 332 329.4 328.2 326.2 323.2 318.8 314.4 309 301.9 297.2 297.6 300.7 302.8 297.4
364.8 363.9 360.4 359.6 359.3 358.3 357.6 357.2 357.6 357.3 355.2 355.7 355.4 350.5 350.3 351.4 352.2 353.3 355.7 359.3 359.5 359.7 362.9 367.4 371.7 376 381 384.4 389.7 392.9 392.8 392.7 392.6 391.3 390.3 389.4 389.6 389 388.2 388.8 388.8 388.3 387.2 386.1 385.1 384.3 383.1 382.6 382.5 381.7 378.9 375.8 370.8 365.2 359.5 350 346.2 340.5 341.3 342.7 342.3 342.1 342.1 340.1 337.7 335.6 334.8 333 330.1 325.4 321.5 315.2 309.4 305.2 305.6 308.7 309.6 304.2
363 361.3 359.2 358.4 357.8 357.2 356.9 356.3 355.7 354.5 353.8 354 352.5 351.4 354.7 357.1 357.7 359.5 361.7 363.2 363.8 362.5 366.3 371.7 376.7 381.1 385.4 388.7 392.3 392.3 391.5 390.5 387.2 385.8 385.5 385.6 385.9 385.8 385.9 386.6 387.4 387.8 388.5 388.5 387.7 386.9 386 385.8 386.1 384.6 382.1 379.1 374.1 367.2 361 357.4 349.7 349.6 350.5 350.8 350.5 349.7 348.5 346.2 344 342.4 341.2 339.3 336.2 332.7 328.7 323.6 318.6 314.6 314.9 317.2 316.3 311.2
362.7 359.5 358 357.8 357.8 356.9 356.2 355.7 354.9 353.9 353.2 351.8 350.8 353.9 357.8 360.2 363.3 365.8 368 370.2 370.4 367.7 370.6 376.7 381.4 385.6 389.7 393.7 395.1 395.2 393.7 390.5 383.6 379.9 380.7 382.2 382.3 381.8 382.7 384 385.4 387.3 388.5 389.3 389.2 389.1 389.2 389.2 389 386.8 384.1 379.9 376.3 368.9 365.4 361 356.8 358.1 357 357.6 357 356.4 354.4 352 349.5 347.3 346.5 345.6 343.1 339.6 336.1 331.7 327 324 323.4 324.2 322.8 317.1
363.5 358.9 357.8 357.8 357.7 356.5 355.6 355 354.2 355 355.8 353.3 354.2 357.9 360.9 364.7 368.6 371.8 374 376.3 375.6 371.7 369.9 381.3 385.6 390 393.8 397.7 397.8 398.3 394.7 390.8 382.9 377.9 378.9 379.3 379.6 379.6 380.8 382.1 383.6 386 387.5 389 389.1 388.5 389.3 390.2 391.6 388.5 384.3 380.4 376.7 372.5 369.6 363 361.5 364.5 365.7 365.2 363.7 362.3 361 358.3 355.6 355.2 353.9 351.4 349.5 346.7 342.2 338 333.9 332.7 331.6 330.5 326.3 320.5
365.7 359.3 358.4 358 357.6 356.2 357.1 355.9 356.9 359 360.2 359.1 359.3 360.7 363.9 368.8 373.1 377.8 379.1 380.7 382.3 380 379.4 385.2 389.9 393.6 397.7 401.1 400.5 400.5 398 392.1 385.7 377.7 377.3 379.7 378.7 378 379 380.6 382.3 384.3 386.2 387.8 388.4 388 389.1 390 390.1 387.7 384.3 381.2 380.4 376.3 371.7 368.5 370.6 373.1 374.6 373 370.3 367.7 367.1 365 363.7 362.4 360.5 357.3 354.2 351 348.4 345.1 341 339.4 336.3 333.8 328.2 322.5
368.3 361.1 359.5 359 359.5 361.2 362.6 361.2 360.1 362.7 362 361.1 362.8 364.2 368.3 373 377.9 382.2 385.1 386.8 388.2 387.5 385.7 389.7 393.7 397.3 400.3 403.5 403.6 404.9 400.2 394.3 387.8 377.9 375.7 376.7 375.9 377.1 378.4 380.7 382.4 383.9 385.4 386.7 387.9 387.7 388.8 389.6 389.6 389.3 386.7 384.3 383.5 381.3 378.5 379.8 377.7 381.1 381.7 380.4 375.7 373.6 373.2 372.6 371.6 369.1 366.2 362 358.6 356.3 353.7 351.1 348.1 344.2 340.1 335 328.9 322.8
368.9 366.9 363.7 364.7 364.6 369.3 369.3 369 370.1 371.2 367.2 366.2 368.1 369.8 374.7 379.9 384.4 388 391.4 392.8 394.3 393.7 391.9 394.6 397.7 400 402.5 405.5 406.7 408.4 402.1 397.6 389.5 380 375.9 373.6 372.7 375.4 378.4 380.9 382.4 384 385.6 386.9 387.7 387 386.8 387.7 387.8 388.8 389.7 387.5 386.3 384.6 382.3 382.8 384.7 386.6 385.9 384.1 381 380.2 380.3 381 379.7 375.5 370.1 366.1 363.4 361.4 358.5 355.1 351.8 348.4 340.9 335.3 329.5 323.1
370.1 369.6 371 373.7 374.7 379.1 381.3 382.3 386 384.8 376.6 376.1 376.1 376.7 382.5 388.4 391.9 394.5 397.2 398.9 400.5 399.5 397.6 398.7 400.9 402.7 404.5 407.5 409.5 407.3 403.4 400.2 393 382.2 376.5 374.3 371.2 373.8 376.9 381 382.5 383.3 384.9 386.5 387.6 386.8 386.1 385.9 386.8 388.3 389.3 391.3 389.7 388.2 386.5 387.5 388.9 390.1 389.1 387.6 387 386.4 386.6 384 381.3 378.5 373.8 368.9 366.3 363.7 359.8 356.6 353.2 348.5 341.1 336.3 330.6 326.8
375.1 376.6 382.7 385.6 387.4 392 393.5 397.3 401.9 399.2 388.9 384.4 384.8 386.1 390.3 396.8 398.9 399.6 402.4 404.6 405.7 405.1 403.7 403.8 404.5 406.4 408.2 408 408.2 407 405.9 402.3 395.9 386.1 377.5 374.7 372.1 372.7 375.4 379.5 381.2 380.6 383.4 384.9 385.9 385.6 385 385.5 386 388.9 392.6 396.2 394.2 391.5 389.9 389 388.9 389.8 391 390.9 390.3 389.1 386.3 382.3 379.6 376.7 373.8 370.8 368.3 364.5 359.7 356.4 353.1 349.3 341.8 336.9 333.8 331.6
385.6 388.1 392.7 397.1 401.3 406.2 412 415.7 416.9 409.5 395.9 390.9 391.2 394.2 399.3 404.3 406.2 406.8 409.1 409.6 411 410.7 409.5 408.6 409.5 410.1 411 409.9 409.2 408.5 407.2 405.3 398.5 388.6 378.3 375 372.9 371.8 374.1 378.3 380.2 380.7 381.8 382.8 383.8 384.4 384.5 384.7 385.3 387.9 392.9 393.5 391.5 391 389.7 389 389.2 391.3 391 391 389.6 387.6 384.4 380.7 378.4 375.9 373.5 370.8 369.3 365.2 359.6 356.3 353.8 349 343.1 338.1 335.6 333.6
397 400.2 405.1 412 418.4 425.9 431.6 431 423 413.8 404 400.2 399.8 403.2 409 413.5 414.2 414.5 414.8 416.1 416.6 415.7 414.4 412.9 413.7 414.6 414.5 412.5 411 410.4 409.1 407.3 402.5 392.3 380.3 375 373.1 371.1 372.6 375.3 377.8 378.4 379.2 380.2 381.2 382.6 383.5 383.8 384.2 385 388.7 390.6 390.3 391 390.2 389.6 392.7 395.8 391.8 390.8 389.4 386.5 383.2 379.9 377.6 375.3 372.8 370.1 367.9 364.3 359.8 357.6 353.8 348.8 344.2 339.5 336.8 333
409.2 417.2 424.5 430.9 434.1 436.7 438.9 434 429.1 422.5 416.2 409 410.5 414.3 419.4 421.3 421.9 421.9 421.8 422.3 423.2 421.7 420.4 418.2 418.1 419 418.4 416.5 414.3 412.3 410.9 409.5 404.9 397.3 385.3 376.1 372.8 371.1 370.1 371.4 372.9 374.2 376.1 377.6 379.1 379.4 381.3 382 382 382.7 385 387.8 388.7 389.5 389 390.8 396.7 400.2 396.3 389.2 387.2 384.8 381.5 378.7 376.7 374.4 372.1 370.5 367.3 363.6 360.7 357.7 353.7 350 345.1 340 337 332
424.6 434.2 442.9 445.2 446.2 448.4 446.6 442.9 438.5 433.8 426 419.3 420.6 425 426.2 428.1 428.7 428.1 428.1 428.6 429.2 427.8 426 423.6 422.7 423.4 422.6 419.8 417.9 415.9 413.6 410.9 406.6 398.3 387.8 379.4 372.6 370.8 369.2 369.5 369.9 370.8 372.4 371.7 371.2 374.9 376.9 378.7 379.4 380.6 381.9 384 386 387 387.6 388.8 394 397.1 390.6 387.3 384.9 382.2 379.9 377.7 375.7 373.3 370.9 368.7 366.6 364 361 357.3 352.8 350.2 345.9 341 337.6 335.5
438.9 451.1 452.9 453.2 457.8 456.4 456.6 452.8 447.8 443.3 436.4 432.4 431 433.4 434.4 434.9 434.3 433.8 434.6 434.6 435.3 435.1 433 429.8 427.1 427.8 427.5 423.7 421.1 419.4 416 412.7 409.4 401.8 389.9 381.2 373.8 372.1 370.4 369.8 369.8 369.7 369.4 368.6 368.7 370.3 372.3 374 376.1 377.5 378.7 380.4 382.2 384.2 384.9 386.8 389.8 390.9 389 386.3 382.5 379.8 378.6 376.4 374.3 372.2 369.6 367 365 363.1 360.8 356.5 351.7 349 347.5 343.7 341.7 340.3
446.9 455.9 459.5 462.9 465.1 463.7 465.7 462.4 457.1 451.6 445.7 441.4 439.6 441.3 440.6 440.7 440.6 440.4 441.4 441.4 442.3 443.6 441.3 435.9 430.6 431.2 429.2 426.4 424.3 423 420.4 416.2 412.3 404.4 393.4 383.1 377.9 376.7 375.7 374.1 372.9 371.4 368.3 367.4 364.4 363.3 366.7 370.2 373 374.3 375.5 377.3 379 380.7 382.6 385.4 388.1 389.7 388.9 387 382.8 379.3 378.1 375 373 371 368.2 365.3 363.4 361.7 359.2 355.5 351.9 350.3 349.5 348.7 348.4 344.1
452 461.1 465.8 468.8 471.3 471.7 470 468.9 464.7 458.9 452.6 448.9 446 446.2 445.9 447.2 451 448.8 449 450.8 450.6 451.8 448 442.5 436.6 432.1 430.2 428.2 426.1 424.7 422.5 420.4 413.8 406.2 396.5 389.6 386 381.8 379.3 378.5 377.3 376.1 371.5 367.6 361.9 359.1 362.4 365.8 369.4 371 372.4 374 375.6 377.1 379.1 382.1 385 388.1 390.7 388.7 383.8 379.9 376 372 370.2 368.7 366.2 363.1 361.4 359.9 357.8 355.1 351.7 349.1 350.9 353.3 349.7 345.1
462.1 470.7 470.7 471.9 474 474.8 473.3 473.1 471.1 465.8 460.1 456.5 452.4 452.3 453.1 455.5 460.3 461 461.6 461.5 460.2 457 452.1 445.8 440 433.4 430.7 429.9 427.2 424.8 423.8 421.3 415.4 409.4 402 397 392 385.9 384.2 382.9 381.9 380.7 376.7 369.8 362.6 360.2 359.9 361.2 364.8 366.4 368.3 370.3 371.8 373.6 375.5 378.2 381.1 384.8 389.3 389.6 383.6 377.1 371.3 367.8 366.6 366.3 362.9 359.7 357.8 356 354.8 352.6 350.3 350.6 349.3 349.4 346.9 344.8
