data/350000-250000.asc
ncols 200
nrows 200
xllcorner 350000
yllcorner 250000
cellsize 50
[rows 140 to 174 of 200, columns 0 to 78 of 200]
146.1 144.4 140.7 137 131.7 124.6 118 112.1 105.8 100.5 96.1 92 90.1 87.4 85.8 83.4 79.7 73.6 69.3 68.9 68.8 68.5 68.5 67.2 66.5 66.2 65.5 64.9 64.4 67.1 80 82.7 82.6 82.1 84.3 88.8 90.6 91.1 89.7 83.6 76.9 70.9 68.7 68.2 68.3 78.5 88.6 92.9 95.1 94 98.5 101.8 104.4 105.9 107.4 108.8 110.9 113.2 115 116.5 118.1 119.5 121.7 123.7 125.6 126.1 127.4 128.3 129.1 130 130.8 131.3 131.6 133.2 135.8 135.3 135.9 134.4 132.5
144.5 142.6 140.1 136.3 130.3 121 114.1 108.2 101.8 96.7 94.3 84.5 78.9 77.6 76.2 74.8 73.2 69 68 68.3 68.7 71.2 69.1 66.8 65.6 65.6 65.8 65.5 64.8 65.3 79.7 81.1 80.5 79 81.6 85.4 87.2 88.8 87.8 80.8 69.7 68.2 68.9 69.7 75.8 81.1 88.5 90.8 92.3 94.9 99.1 102.4 104.7 106.3 107.9 109.4 111.7 114 115.7 117.5 119.1 120.4 121.7 123.4 124.6 126.1 127.4 128.3 128.8 129.7 130.3 130.7 130.5 130.4 131.7 132.1 132.7 132.6 131
139.5 141.1 137.9 135.4 129.6 122 116.2 110 104.5 100.9 98.8 93.6 86.6 80 76.5 74.5 71.7 69.1 69.2 71.9 75.9 73.9 71.5 68.6 65.7 64.2 65.8 66.7 65.7 67.3 76 77.6 76.8 77.7 79.6 81.8 83.5 85.1 84.5 77.7 67.9 68.6 73.5 77.3 82.2 86.1 86.5 87.3 88.3 92.5 96.4 100.5 103.2 105.5 108.3 110.8 112.9 114.8 116.6 118.3 119.5 120.6 122.4 123.9 125.2 125.9 126.6 127.3 127.8 127.7 127.8 128.3 128.9 128.5 129.3 130.2 130.1 130 129.9
129.1 133.3 133.2 131.3 129.4 124.1 118.9 113.7 109 104.2 98.6 92.4 85.7 81.2 78.7 69.7 71 69.7 74.9 80.2 81.2 78.4 71.7 67.6 66 65.6 65.5 65.3 64.6 68.4 72 74.2 74.1 76 78.5 79 80 81.4 80.3 75.4 68.6 67.3 75.9 79.8 79.6 80.7 80.6 80.3 83 87.8 92.5 96.3 99.6 103.6 107.3 108.1 110.7 113.7 116.1 117.6 119.2 120.5 120.8 122.9 124.1 124.8 126.1 125.6 125.2 124.8 125.4 126.4 127 126.6 127.8 128.7 128.6 128.9 128.6
113.9 116.7 120.9 123.7 124.4 123.1 120.5 115.7 110.1 104.1 96 88 81.6 79.2 72.2 70.7 71.1 76.3 84.8 89.6 88.3 84.1 72 67.8 65.8 64.7 63.8 63.7 65 66.8 69.9 71 72.7 74.2 76.3 76.8 77.1 77.8 75.9 72.5 68.3 67.1 72.7 74.1 76.4 77.6 77.8 75.7 75.8 80.3 84 91 98.2 102.5 106.3 105.3 107.8 110.4 113 115.8 117.9 118 118.9 120.7 121.2 121.6 121.8 120.7 120.2 120.8 122.7 124.6 125.1 124.1 126.3 127.1 127.1 127.9 128.1
104.1 105.1 107.7 111.7 115.1 119.1 118.4 114.8 110.1 103 96.5 86.9 79.4 75.2 71.3 69.1 75.7 84.8 90.9 96.4 93.6 86.1 72.2 67.8 64.1 63.5 63.1 63.6 64.7 66.5 68.5 68.9 69.5 72.6 73.8 74.8 74.8 74.5 72.7 69.9 67.8 66.8 69.4 75.8 74.4 75.4 74.8 73.7 73.8 74.6 77.1 87.6 93.6 96.7 98.4 99.3 103.7 104.8 107.4 110 112.1 114.4 114.8 115 115.7 115.3 116 114.8 113.9 114.3 116.1 118.9 120.2 120.9 124.2 125.7 125.8 126.9 127.1
93.1 96.1 98.8 100.2 104 108 111.5 112.1 108.5 103 96.4 89.1 80.8 74.8 71.5 71.1 80.4 89.1 95.3 102.2 98.6 86.6 73 66.1 63.8 63.4 62.9 63.8 64.6 63.5 66.9 66.6 68.8 69.7 70.7 71.2 72.4 71.5 70.1 68.8 67.8 68.3 69 72.1 73.4 73 72.7 71.5 69.5 72 73.9 76.1 82.8 86.5 86.3 88.5 91.2 92.7 96.7 99.8 102.8 105.7 107.9 108.7 110 110 109.4 108.5 107.7 107.7 111 112.8 114.4 116.9 119.7 121.6 123.8 124.3 124.3
91.2 90.3 89 90.5 93.8 97.9 102.7 105.2 106.2 102.3 96 88.4 79.8 74.7 72.7 72.6 83 93 100.8 104.7 102.8 87.3 74.4 66.1 63.7 63.3 63 63.9 64.2 64.5 63.5 66.5 68.4 68.2 69 69.1 69.4 68.1 66.9 64.1 64.1 64.8 64.5 69.5 69.3 70 70 68.8 67.8 68.1 69.3 70.5 71.5 71.4 71.1 72.7 75 77.5 79.2 83.8 84.5 90.6 94.7 99.2 101.8 104.5 104.6 103.7 102.8 103.5 106.5 108.5 109.9 112.2 114.2 115.9 118.1 118.1 118.1
97.3 95.4 92.3 86.4 86.3 87.7 93 98.4 102.6 100.1 94.9 87.5 79.7 74.9 73.3 73.8 84.2 96.3 102.3 107.8 105.7 92.4 77.2 68.6 64.9 63.2 63.2 63.5 63.9 64.2 63.5 64 65.5 65.6 66.6 67.8 68.9 67.4 66.2 65.3 64.5 64.2 64.2 64.6 65.9 66.5 67.3 66 65.3 65 65.6 66.7 65.4 64 64.7 64.8 66.4 68.4 68.3 68 69.1 71.5 76 81.4 87.5 93.5 97.2 98.8 95.7 101.3 104.4 106.4 106.9 108.3 108.8 110.3 111.9 112.5 113.8
105.9 102.2 95.8 90.7 86.3 83.5 83.9 90.7 95.8 95.9 92.1 85.9 80.6 76.2 73.8 76.1 85.5 97.8 105.6 113.6 110.3 97.1 82.2 71.5 67.4 64.7 63 63.5 63.9 64.2 62 64.2 64 65.1 65.8 66.5 68 67.2 66.2 65.9 65.1 64.4 64.2 64.1 64.1 64 65.9 64.1 64 63.9 63.8 64.6 64.4 63.5 63.4 63.2 63.1 63.1 63 63.1 63 63.5 65.9 67.9 69.2 74.3 81.6 82.8 86.7 99 102.9 104.9 105.6 104.2 104.6 105.7 107.2 108.7 110.3
107.8 104.6 99.4 94 89.7 84.5 81.8 82.9 86.1 90.7 89.2 82.1 78.8 75.4 73.4 80.1 89.2 101.6 109.8 118.9 117.1 104.5 89.4 75.3 69 65.8 63.6 63.2 63.7 63.8 63.2 63.7 63.8 63.9 65.8 66.6 67.5 66.7 66 65.9 65.3 64.3 64.2 64.2 64 63.8 63.8 63.8 63.8 63.8 63.8 63.4 63.3 62.9 63 63.1 63.2 63.3 63.2 63.2 63.1 63.1 63.3 63.4 63.5 63.9 66.9 70.4 77.2 88 98.5 103.7 102 100.7 101.2 101.8 103 104 105.5
103.7 98.9 94.7 89.8 84.8 85.2 81.5 78.9 79.6 82.5 84.4 80.5 76.8 75.2 73.4 83.8 94.4 106.5 113.9 123.5 124.2 114.4 99.3 81.7 72.3 68.7 66 63.7 63.2 63.8 60.2 63.9 64.2 64 64.3 65.7 63.1 66.3 65.8 65.7 65.9 65.2 64 63.8 63.6 63.6 63.6 63.6 63.9 63.7 63.7 63.3 63 63 63.1 63.2 63.3 63.4 63.4 63.3 63.3 63.4 63.5 63.5 63.6 63.4 63.8 64.2 66.1 73.4 82 95.3 97.9 97.3 97.8 98.5 99.2 99.9 100.8
93.2 88.6 84 81.7 80.9 78.5 79 78.8 78.5 78.9 79 80.4 76.4 74.6 80.2 88.1 98 111.3 118.3 127.8 130.6 126.7 112.2 89.9 81.7 72.9 68.3 65.7 64.2 63.1 60.2 64.4 64.2 63.8 63.9 65 65 64.9 64.5 64.9 66.1 64 63.7 63.5 63.3 63.3 63.3 63.3 63.5 63.9 63.6 63.2 63.3 63.2 63.2 63.3 63.4 63.6 63.6 63.5 63.4 63.7 63.6 59.3 63.2 59.5 59.4 59.4 59.4 64.9 70.1 78.4 86.6 93.1 94 95.4 96.5 96 96.8
85.5 83 80.1 79.7 79.5 79.6 80 78.7 78.2 77.7 76.4 76.7 75.2 75.8 84.2 94.2 103.3 114.2 121.8 131.5 136 136.9 127.4 110.6 88.7 79.9 73.3 69.8 66.4 63.8 61 64.3 64 63.7 63.5 64.3 64.3 64.1 64.3 63.7 64 63.8 63.4 63.2 63.1 63.1 63.1 63.1 63.2 63.7 63.6 63.2 63.5 63.4 63.4 63.4 63.5 63.7 59.8 60.2 61.7 62.2 63.3 63.4 63.1 63.2 63.2 63.2 63.2 63.1 59.5 65.9 77.2 85.9 88.4 90.4 92.8 92 92.7
83.1 83.1 81.6 83.9 86.7 88.2 88.7 86.4 84.7 80.4 78.7 79.3 77.6 80.5 90 99.4 110.1 117.5 126.8 135.8 141.1 138.5 132.5 121.5 106 91.5 82 76.4 71.3 67.1 62.4 61.5 63.9 63.5 63.1 63.5 63.5 62.9 63 62.9 63.6 63.6 62.9 63 63.1 63 63 63 63 63 61.4 65.3 65.1 61 64.4 64.2 64.2 64 64.3 63.5 63.5 63.4 63.2 63.2 63.2 63.2 63.3 63.3 63.2 63.3 63.3 60.2 66.3 74.3 79.3 84.2 87.5 88.3 88.2
83.7 86.1 89.1 94.6 98.7 100.6 100 97.2 91.5 86.4 81.9 79.9 79.1 85 94.3 104.3 114.8 123.4 135.6 142 143 141.6 138.6 132.2 118.6 104.4 94.7 86.8 81 76.1 70.4 63.1 60.9 63.9 63.2 63.8 63.7 63.5 63.3 63.2 63.8 63.5 63.1 63.2 63.7 63.6 63.6 63.1 60.9 69.4 71.2 70.2 69.3 69.5 67 67.2 66.1 66.9 65.8 64.9 63.8 63.6 63.3 63.1 63.2 63.3 63.3 63.3 63.4 63.3 63.4 63.3 60.7 66.7 71.8 78.4 81.7 83.6 84.4
89.6 95.3 103 109.3 110.6 108.6 106 102.1 92.8 86.3 84.2 82.7 82.3 89 100.2 109.9 119.2 131.8 142.1 143.9 143.8 144.3 143 140.9 134.2 125.9 114.2 105.8 100.5 90.8 84.9 77.6 71.4 67.7 64 62.1 60.2 60.2 62.4 63.3 63.8 63.7 63.5 60.1 60.1 60.1 63.9 71.4 79.6 82.9 81.4 76.2 72.6 70.8 70 70.3 69.3 70 70.8 68.8 66.3 64 64.5 63.5 63.3 63.4 63.4 63.4 63.4 63.5 63.5 63.3 63.1 60.7 68.7 77 79.9 82 81.5
99.2 107.2 114.6 117.7 116 111.5 105 99.8 89.2 83.9 87.4 89.8 80.1 90.4 101.3 112.2 122.8 131 143.2 143.8 146.2 146.6 146.7 145.5 143.2 139.7 134.2 126.9 118.2 107.8 102.5 95.3 91.2 88.6 84.5 79.4 77.4 72.9 69.9 68.1 68.6 66.5 70 73.9 78.4 76.8 75.1 84.4 87.2 85.7 84.4 80.6 75.2 74.4 74.8 73.4 72.1 72.2 72 70.7 70.7 66.4 66.2 65 63.6 63.5 63.5 63.6 63.7 63.6 63.5 63.2 63 62.9 65.7 70.8 78.6 80.5 78.8
113.7 120.4 121.9 120 117.7 112.5 105.3 95.2 88.7 91.5 96.2 98.4 85.2 89.8 100.7 111.5 124.1 129.1 141.4 144.6 146.9 148.9 150 150.3 148.9 150.6 150.2 146.3 138.8 129.6 121.8 113.2 109.1 106.7 106 98 94.9 90.6 85.5 81.9 79.3 81.3 83.3 86.3 87.4 88 83 90.3 91.4 89.5 87.2 83.4 81 83 80.7 78.6 76.3 75 74.5 72.4 69.3 67.7 67.8 66.5 64.5 63.8 64 63.8 63.8 63.6 63.4 63.2 63 62.9 61 66.3 78.2 79.5 75.5
126.9 127.1 124.9 120.3 116.7 111.3 102.3 93.6 93.4 101.5 102.8 100.7 99.1 96.9 100.8 110.6 122.6 130.7 139.9 147 150.1 152.7 154.8 156.9 157.1 157.9 158 156.7 155 151.8 146.7 138.7 131.9 127.5 121.6 117 111.9 108.7 102.2 94.1 94.6 93.7 92.9 93.5 90 89.2 85.5 93.1 94.5 92.7 90.6 84.1 88 90.5 88.1 84.1 80.3 78.1 76.3 73.4 71.5 69.8 68.9 69.9 67.4 66 65.7 64.2 63.8 63.6 63.4 63.2 63 62.9 62.2 64.3 71.7 75.6 73.3
128.7 131 125.7 116.6 110.4 104.9 98.5 94.6 100.2 108.5 109.1 107.2 107.1 107.5 107.6 112.6 120.9 129.9 139.1 148.4 155.1 158.7 161.3 163 163.4 161.6 160.1 159.5 158.6 156.7 155 152.4 150.6 148.2 145 140.7 136.8 130.9 123.2 110.6 105 102.5 101.7 98.9 94.1 90 87 93.8 95.6 95.2 92.5 89 92.2 95.3 93.1 89.7 85.3 81.2 78.8 74.9 73.6 72 70.4 70.1 68.6 66.8 65.6 65.7 65.7 65 64.1 63.2 62.9 62.8 62.7 60.5 65.4 69.1 67.6
137.5 133.1 123.8 111.9 106.5 105.1 98.9 99.7 107.7 115.4 118.6 120.6 121.6 117.9 113.7 117.4 124.5 133.5 145.1 152.7 158.7 162.8 166 166.6 166.1 164.1 162.6 162.9 161.2 159.1 158.7 156.4 153.6 150.8 148.5 144.7 142 137.4 132.3 125.9 120.6 116 113.1 108.2 101.6 95.5 92.6 94.5 98.3 96.6 93.6 89.9 96.7 101.1 98.2 94.8 89.6 83.2 80.8 79.1 75.6 73.9 72.2 71.2 69.6 67.9 66.5 65.7 64.8 64.6 63.9 63.3 62.6 62.7 62.6 63.1 63.4 66.4 66.9
142.1 136 127 117.7 117 112.6 105.7 106.5 114.5 120.5 127.3 128.4 129.2 126.8 123.8 128.5 133.1 140.1 149.6 156.8 161.7 165.4 167.1 167.6 166.9 166.2 165.6 164.2 161.6 158.9 159.4 157.8 155.8 153 151.1 148.8 146.1 142.5 138.6 134.3 130.3 125.7 121.7 116.2 111.2 107 102.8 101.4 101.2 98.4 94.3 94.2 97.6 100.5 101 97.3 92.7 87.2 85.2 84.6 81.4 78.5 76 72 70.3 68.8 67.9 67.2 65.6 64.1 63.4 61.8 62.3 59.3 62.6 62.8 63 63.2 67.3
144.7 138.5 132.4 129.2 124.2 115.1 108.5 114 121.6 127.1 131.3 135.6 135.4 134.4 134.1 138 142.2 146 154.8 160.6 165.3 167.6 169 168.7 168 167 166.1 165 162.6 159.9 160.9 158.6 156.7 154.6 153.2 151.3 148.9 146.6 143.4 141.3 136.9 132.6 128.9 124.3 120.3 117.2 113.7 111.1 107.9 103.4 99.6 97.6 99.8 100.8 101.5 99.7 95.7 92.4 91.6 91.5 87 82.9 78 73.3 72.2 70.3 70.5 68.6 65.3 64.7 62.7 61.9 60.9 61.6 61.6 62.3 62.4 63.2 64.5
148.9 143 139.7 136.9 131.3 120.3 115.3 122.8 128.4 133.6 138.2 141.8 141.5 143.2 146.5 149.2 150.1 154.9 160 164.7 166.6 167.8 168.6 169.4 168.2 167.2 166.3 164.4 162.3 160.8 161 159.5 157.1 155.8 154.8 152.9 151.1 149.7 147.7 145.9 142.9 139.1 135.8 133.3 131.1 126.2 123.2 119.6 116 111.4 106.9 101.7 101.8 102.1 103.1 101 98.6 97.5 96.6 93.4 89.4 83.4 78.2 75.5 74.5 72.5 70.2 68.1 65.5 64.2 63.6 62.9 61.2 61.8 61.7 61.5 61.8 63.4 64.8
153.5 148.7 146.1 142.5 137.3 127.1 121.3 131.5 136.9 142.3 146.4 148.3 149 151.4 153.1 154.3 157.4 160.6 164.3 166.1 166.4 165.6 167.7 167.2 166.9 166.3 164 162.3 160 158.3 158.5 157.1 156.3 156.1 156.1 155.7 154.6 153 150.9 149 146.1 142.9 141.2 139.4 138.4 133.5 130.8 127.7 123.8 119.7 115.4 101.7 103.2 103.2 106.1 104.7 102.7 100.6 98.5 93.1 86.7 83.4 81.1 79.3 78.4 75.5 73.4 71.1 68.9 66.6 64.9 63.1 61.5 60.8 62.1 61.5 62.3 63.5 64
159.4 155.6 152.4 148.6 143.5 133 130.9 139.3 145.2 152.6 154.5 154.7 155.5 156.6 156.9 159 160.9 161.9 164.3 164.8 163.5 162 162.5 160.8 160.4 161.5 159 157.4 155.1 153.5 153.2 152.9 153.1 153.7 155.6 154.9 155 153.5 152.2 151 148.7 145.6 144.4 144.1 142.6 139.4 136.1 133.7 129.7 125.7 122 119.2 114.9 111.3 109.4 107.8 106.2 104.1 100.1 95.5 90.8 89.3 88.5 85.5 82.5 80.3 78.8 76.5 72.8 69.7 65.3 63.5 62.5 61.5 61.9 61.5 61.9 63 63.7
165 161.3 158.2 154.2 148.8 139.8 137.1 144.9 152.2 161 159.6 158.8 160.6 159.6 159.8 160.4 161.1 161.3 160.3 161.2 159.5 156.8 154.2 152.5 153.5 152.5 150.2 150.4 150 149.1 148.9 148.9 149 150.4 152.6 153.2 153.3 152.6 152.5 151.5 148.9 147.9 145.7 145.3 144.2 141.9 141.5 138.9 135.7 132.1 128.8 125.4 121.3 117.6 113.9 111.5 109.6 107.2 103.4 100.4 99.5 99.3 97.8 93.4 89 87.8 85.6 83.5 80.4 75.7 70.4 64.5 59.2 62.4 62.3 62.2 62 62.5 63.3
169.1 166.7 163.5 159.2 153.1 146.6 144.5 149.1 154 161.6 160.6 160.9 159.5 160.1 159.8 157.8 158 159 157.2 156.5 154.4 151.6 149.1 148 148.6 148.6 147.2 147 144.6 143 142.5 143.6 145.7 146.8 146.5 146.6 147.8 149 150 146.3 140.1 135.7 133.6 133.7 135 136.2 134.6 135.5 137.1 137.5 134.1 130.8 125.5 123.4 119.3 115.3 113.9 110.4 108.7 105.9 105.4 106.1 102.7 99.9 97.4 96.2 95 92.3 89 82.3 73.6 64.8 61.9 62.8 62.9 62.8 62.6 62.5 63
172.4 170.6 167.6 162.5 157 150.4 149.9 153.1 157.2 162.5 163.2 162 161.1 160.6 158.5 154.1 154.3 153.4 152.3 151.2 149.4 145.9 143.3 143 144.8 143.5 141.9 140 137.4 133.6 134.4 135.3 135.2 135.4 134.9 132.7 129.2 128.1 127.7 123.9 118.7 117.2 112.8 109 107.9 109.8 109.3 108.8 111 110 118.9 121.8 122.5 120 119.7 116.8 115.3 111.6 111 109.3 106.6 106.3 104.9 104.2 103.7 104.2 104.3 101.1 96.2 89.6 79.6 65.3 62 62.5 62.5 62.6 62.6 62.7 62.7
174.8 174 170.5 166.5 161.6 157.5 156 157.7 163.5 165.5 164.6 162.8 161 159.3 159.4 155.8 151 147.2 146 144.2 142.6 139.8 133.7 133.2 133.3 134 134.5 131.7 128 123.4 125.7 127.5 128.4 126.4 119.3 114.6 111 108.1 106.3 103.9 100.3 97.5 94.1 91.3 89.9 91.7 94.1 93.3 94.5 97.7 97.4 99.6 101.2 100.5 99.6 107.4 111.1 110 109.9 105.1 105.2 104.4 102.3 104 105.8 106.4 106 104.1 101.9 94.3 81.6 66.9 59.2 62.2 62.2 62.2 62.2 62.2 62.3
179 177.8 174.9 172 169.4 166.8 163.7 165.6 169.3 167.6 165.1 164.3 162.1 159.9 158.3 154.1 148.7 142.9 141.3 138.1 136.3 134.3 131 126 124.9 126 126 124.8 119.2 114.7 115.1 112.7 110.4 106.9 98.1 94.8 92.8 91 89.8 87 85.8 83.5 82.5 82.5 82.4 82.3 83 83.6 83.7 83.5 84.3 86.2 85.2 89.3 89 93.4 99.7 106.8 104.4 101.6 98.7 98.5 97 98.7 101.4 102.2 100.9 99.6 97.7 93.9 83.3 64.9 59.2 62.1 62.1 62.1 62 62 62
181.6 180.8 179.4 177.7 176 173.1 170 171.8 171.6 169.1 167 165.4 161.7 157.4 155.9 151.2 145.4 138.9 133.2 131.3 130.7 128 125.1 122.2 116.1 118.3 117.1 114.2 108.7 104.3 102.7 93 86 86.5 83.7 78.7 75 75.4 74.2 70.8 70.8 68 70.3 70.7 68.5 68.8 68.8 69.2 69.8 71.8 72.9 73.1 76.4 78.7 81.1 86.1 87.5 90.8 91.6 92 91.1 86.9 87.3 90.9 91.9 93.4 92.8 91.4 89.8 87.7 82.5 64.4 62.4 62.1 62.1 62.1 62.1 62.1 62.1
183.2 182 181.3 180.2 178.6 176 175 174.4 172.7 169.6 166.7 163.3 160.4 155.2 153.2 146.6 139.5 132 127.4 126.2 124.3 120.6 116.8 111.1 104.4 107 105.8 104.2 97.9 93.2 86.1 79.3 70.9 62.4 58.7 58.6 59.2 58.2 59.8 59.2 59.4 60.3 61.7 61.7 63.8 65.6 67.1 67.1 66.9 67.5 66.3 66.2 67.3 68.6 71.1 74.3 77.7 78.5 80.4 81 81.6 79.3 79.9 79.2 82.6 82.9 82.9 83.1 82.3 79.3 71.8 64.1 62.6 62.5 61.9 62.1 62 62 62
183.3 182.7 182 181.2 180.6 178.9 175.8 173 170.8 169 165.3 161.7 158.9 153.8 150.4 141.8 132.5 125.5 119.7 115.3 112.8 108.2 102.9 100.3 86.3 89.6 89.8 87 81.2 76.5 70.2 62.1 58.9 59 58.7 58.9 58.4 60 60 60 60 60 60 60 60.9 60 60 60 60 60 59.6 61.3 61.8 63.6 64.1 66.5 69.7 70.7 71.8 72.2 73 72.4 72.8 74.8 76.7 76.7 76.2 77.6 75.6 72.5 64.5 63 62.9 62.7 59.3 62.3 62 61.8 62
