data/350000-830000.asc
ncols 200
nrows 200
xllcorner 350000
yllcorner 830000
cellsize 50
[rows 0 to 34 of 200, columns 78 to 155 of 200]
131.7 135.9 140.8 145.3 152.6 160 164.4 166.6 166 163.9 160.8 157.2 153.3 148.7 145.5 142.8 140.6 138.4 137 133.9 130.6 129.3 128.3 126.5 126.7 128.1 129.2 130.3 130.9 129.8 128.3 126.1 125.2 124.6 122.9 121.2 119.9 118.3 117.1 116.1 115.1 114.2 113.3 112.2 111.6 112.2 112.2 112 111.9 111.9 111.7 112.6 113.5 114.8 115.6 117.3 119.2 123.5 127.5 138.3 144.2 149.7 156.6 161.7 166.3 170.3 174.3 178 181.5 184.4 187.5 190.7 192.7 193.8 192.8 189 185 181.6
136.2 140.6 145.6 153.2 159 164.7 167.7 169 167.6 164.2 160.8 157.3 152.8 148.7 145.4 141.7 139 136.7 134.7 132.7 129.5 128.4 127.6 126.4 126.2 127.5 128.2 129.5 130.6 128.8 127.3 125.4 124.2 123.5 122 120.3 119 117.9 116.9 116 115.1 113.6 113 112.2 112.2 112.4 112.8 112.5 112.3 112.1 112.1 113 114.1 115.2 116.1 117.7 119.8 124.1 128.9 138.1 143.7 151 158.7 164.5 169.7 173.5 176.4 179.4 181.7 184.5 187.2 188.6 189.4 189.8 187.9 185.1 181.9 178.5
139.9 144.4 152.3 159.3 165 169.4 170.7 171.1 168.5 164.6 160.6 156.9 152.2 148.7 144.6 140.9 137.7 135 133 131 128.9 128 126.8 126 125.7 126.6 127.3 128.6 129.4 127.6 126.3 124.8 123.3 122.3 121 119.4 118.3 117.3 116.4 115.5 114.3 113.8 113.3 112.9 112.8 112.5 113 112.6 112.4 112.2 112.1 113.1 114.1 115.4 116.5 118.2 121 125.7 131.3 137.9 146.2 153.3 161.9 167.3 172.3 175.7 178 179.8 181.4 182.6 184 185.4 185.8 185.3 184.4 181.7 178.7 175.3
142.6 147 157.1 164.6 170.4 173.3 174.3 172.6 169.8 165.7 160.8 156.5 152.3 147.4 143.3 140.1 136.9 133.7 130.9 129.6 128.4 127.2 126 125.6 125.4 125.8 126.4 127.1 128 126.4 125.2 123.9 122.4 121.2 119.9 118.6 117.7 116.8 115.9 114.9 114.4 114 113.6 113.3 113 112.8 112.7 112.5 112.4 112.3 112.2 113.1 114.2 115.5 116.8 118.7 122.3 127.2 133.1 139.2 146 154.2 163.2 170.1 174.7 176.5 178.7 180.3 180.9 181 181.4 181.8 181.4 181 180.2 178.4 175.4 172.1
145.5 151.4 160.8 167.1 171.2 175.2 180 178.1 173.1 164.4 160 153.4 146.3 144.3 141.7 138.9 136.1 133 129.8 129 127.8 126.5 125.3 124.9 124.8 124.4 124.2 125.5 126.8 125.2 124.3 123 121.4 120.1 119 117.9 116.9 115.8 114.8 113.8 113 113.6 114.5 113.7 113.3 113 112.7 112.6 112.5 112.4 112.3 113.2 114.2 115.5 116.7 118.6 123.2 128.4 134.2 140.7 146.9 156.2 165 172.1 176.1 177.5 179 180.5 179 178.8 178.9 178.1 177.1 176.7 176 174.5 172.2 169.6
148.7 157.6 166.4 175.3 178.3 179.8 181 180.8 174 165.1 159.2 154.6 145.8 142.8 140.2 137.2 134.4 131.6 130.1 128.4 127.5 126 124.6 124.2 124.2 124.1 124.5 126.1 125.7 123.7 123.3 122.4 120.6 119.4 118.3 117.3 116.3 115.2 114.2 113.4 114.6 115.7 115.1 114.3 113.7 113.3 113 113 113 112.9 113 113.8 114.8 116 117.3 119.8 124.1 129.5 135 141.2 148.2 158.5 166.7 173.8 177.3 179.2 179.1 179.3 177.3 176.1 175.8 174.7 173.3 172.4 171.9 170.3 168.8 167.9
153 163.4 174.1 177 178.1 179.2 179.5 178.1 171.6 164.5 158.2 153.3 145.8 141.7 138.6 135.3 132.8 130.3 128.7 128.1 127.1 125.6 123.9 123.9 124.3 124.8 125.4 125 124.5 122.2 122 121.4 120.1 118.8 117.7 116.7 115.7 114.6 114.2 115.8 116.1 115.9 115.8 115 113.9 113.5 113.5 113.5 113.6 113.5 114.2 115.3 116.3 117.4 118.9 121.7 125.3 130.7 136.1 141.8 150.1 161.1 169.6 176.1 179.6 180.2 179.9 177.8 175.7 173.5 172.7 171.4 170 168.5 167.6 166.3 166.6 166.2
157.5 172.2 176.1 175.8 176.2 176.4 174.9 173.7 168.4 163.3 157 150.9 144.9 141 137 134.1 131.6 129.7 127.6 126.8 126.1 124.4 123.3 123 123.6 123.3 123.5 123.8 123.4 121.2 120.6 120.1 119.5 118.1 117 116 115 114.3 115.1 115.9 115.8 115.6 115.8 114.8 114.1 114.1 114.1 114.2 114.2 114.2 115.3 116.5 117.8 118.9 120.5 122.5 126.1 132.1 137.3 143 150.5 161.5 171.7 178.4 181.6 181 178.4 176.3 174.1 171.6 169.6 168.3 166.9 165.5 164.1 164 164.4 164.3
164.5 176.6 174.9 172.3 171.5 172.1 170.4 168.9 165.5 161 155.5 149.1 143.7 139.9 136.1 133.8 131.3 129.8 127.3 125.9 124.8 123.6 122.7 122 122.2 121.4 121.2 122.2 122.3 119.8 119.3 118.8 118.3 117.4 116.6 116 115.3 114.8 114.8 115.7 115.5 115.3 115.1 115.1 115 114.9 114.8 114.8 115.2 115.7 116.4 117.6 118.9 120.2 122.2 124.4 126.3 132.6 137.8 144.4 152.2 162.1 172.4 178 180.6 180 176.9 174.6 171.8 169 166.9 166 164.6 163.3 162.2 161.7 161.6 161.8
151.1 174.1 170 167.2 166 166.6 165.5 164.4 163.2 159.6 153.7 147.2 142.7 138.8 135.3 132.5 130.3 128.8 127.2 125.4 124.3 123.3 122.3 121.3 120.5 119.9 119.2 120.7 121.2 118.8 118.5 118.1 117.8 117.5 117 116.3 115.7 115.2 115.2 115.4 115.4 115.6 115.9 115.8 115.8 115.7 116 116.9 117.3 117.8 118.3 119.2 120.5 121.8 124.1 126.4 129.1 134 139 146.7 156.1 164.5 171 175.4 176.7 176.9 174.6 172.1 169.2 166.4 164.3 163.7 162.4 161.2 160.4 159.8 159.4 159.4
150.8 154.5 164.3 161.1 159.7 161.6 160.6 159.2 158.3 155.5 150.7 145.5 141.3 137.2 134.9 132.1 129.4 128.5 126.7 125.1 124 122.5 121.5 120.5 119.9 119 119 120.7 119 118.9 118.6 118.3 118.3 117.8 117.3 116.7 116.1 115.7 115.6 116.1 116.2 116.4 116.6 116.9 116.8 116.8 118.2 119.6 120 120.5 121 122 122.6 124.1 126.9 129.2 133.1 137.8 143.7 152.3 160.9 165 169.3 172 173.3 172.8 171.1 169.3 166.6 163.4 162 162.3 161 159.2 158.5 158 157.5 156.9
150.3 153.5 153.6 154.2 153.9 155.7 155.1 153.3 153.7 149.4 146.4 143.7 139.1 136.2 134.4 132.5 130.3 128.4 126.8 125.2 123.7 121.9 120.7 119.7 119.3 119 119 119 119.6 119 118.7 118.4 118.7 118.1 117.6 117.1 116.5 116.1 116.5 117.2 117.6 117.5 117.6 117.9 117.9 118.8 120.3 121.8 122.7 123.2 124.2 126.3 128.3 128.5 131.3 133.8 137 141.6 147.6 155 163.2 167.3 167.2 168.6 169.1 167.9 166.6 165 162.8 160.1 159.5 160.1 160.5 157.7 156.3 155.6 154.8 153.4
143 145.7 146.7 148.2 149.6 151.2 150.3 148.8 149.4 145.2 142.8 140 137.5 134.8 133.2 132 130.1 128.3 126.7 125.3 123.6 122.1 120.7 121.1 120.9 119.9 119.6 119.5 120.4 119.1 118.8 119 118.9 118.4 117.9 117.4 116.8 116.8 117.5 118.2 118.9 118.9 119 118.9 119.5 121 122.5 124 125.4 126.4 127.8 129.9 132.1 132.9 136.2 140.4 140.4 144.8 153.5 159 165.5 166.2 165.7 166.9 166.3 164.8 162.8 162.3 160.5 159.2 157.5 157.5 157.1 155.8 154 153 151.6 150.3
138.8 141.5 143.7 145 146.2 147.7 146.2 145.3 145.2 142.6 140.2 138.1 135.7 133.6 132.2 131.3 130.2 128.3 126.8 125.4 123.8 124.1 123 122.7 121.5 120.6 120.9 120.5 120.2 120.5 119 119.8 119.2 118.6 118 117.8 117.7 118.5 119.3 119.6 120 120.4 120.5 120.9 122 123.6 125.1 126.7 128.3 129 131.4 133.6 136.2 138.2 141.3 143.4 144.5 150.7 158.6 164.9 166.6 166.2 165.7 164.4 163.4 162.3 162 160.7 158.8 157.2 156 156.1 156.4 154.6 152 150.6 149.5 148.5
136.4 139.2 141.1 142.3 143.6 144.1 143.1 142.3 141.9 140.5 138.8 135.8 134.2 132.4 130.9 129.7 128.9 128.3 126.8 125.9 124.8 124.4 124.2 123.3 122.2 122.1 121.7 121.3 120.9 120.7 120.3 120.9 119 118.8 119.5 119.1 118.7 119.4 121.1 122 122.3 122.6 123 124 125 126.6 128.4 130.1 131.4 132.2 135.7 137.8 142.7 144.8 145 146.3 150.3 157.3 164.8 169.4 168.5 165.5 164.3 162 160.1 159.4 160.5 158.7 156.7 154.7 156 155.4 154.6 151.6 150.2 148.8 147.6 146.8
135.1 137.2 138.7 140 141 140.8 141.1 139.4 138.8 138.2 136.9 134.2 132.7 131.3 130.4 129.6 128.8 129 128.3 127.3 126.1 124.9 124 123.9 123.3 122.9 122.4 121.5 121.6 121.4 120.9 120.6 120 120.8 120.4 120 119.6 120.3 122.5 123.6 124.5 125.1 126 126.8 128 129.5 131.3 133.5 135.4 137.6 140.8 143.4 146.5 150.3 148.3 150.4 157.2 163.6 168.7 171.3 169.2 165.4 162.6 160.3 159.1 158.4 158.5 157.4 155.4 153.6 155.4 154.1 152.7 149.9 148.8 147.2 146 145.1
130.8 132.6 134.3 135.3 136.7 137.8 137.9 137.9 136.7 135.2 134.4 133.6 132.5 132 131.1 130.1 131.1 130 129.1 129.1 127.5 125.6 124.8 125 124.1 123.4 122.5 122.2 122.4 122 121.6 121.7 121 121.8 121.4 121 120.6 121.2 123.4 125.3 126.2 127.2 128.3 129.4 131 132.5 134.5 137.1 139.9 143.7 146.5 149.7 151 151.4 152.8 158.4 163.4 167.9 171.3 170.7 167.8 164.7 161.5 159.5 158.3 157.1 156.5 156.2 154.4 152.8 153.5 152.3 149.8 150.2 148.5 146.9 145.5 144.5
128.3 130.1 132.2 135 135.8 137.1 138.1 138.9 136 134.4 133.9 133.7 133.9 133.1 132.3 132.9 133.3 132.2 131.8 131.7 129.9 127.8 126.9 126.1 124.5 123.6 122.7 123 123.1 122.6 122.7 122.8 122 121.8 122.4 122 121.6 122.2 124.3 126.4 127.8 129 130.2 131.6 134.4 136.3 138.9 141.7 145.3 150.5 153.9 155.2 153.7 156.6 159.7 163.6 166.5 170.3 171.3 170.3 167.4 164.1 160.8 158.9 157.6 156.4 155.3 153.7 153.1 151.5 151.2 149.6 149.1 149.1 148.5 147 145.7 144.6
125.7 125.8 129.1 133.3 135.7 138.5 142.2 141.1 140.3 141.2 142.8 141.3 135.5 135.3 135.9 135.8 135.5 134.7 135.9 133.3 132 130.1 128.4 126.7 125.1 123.8 123.5 123.8 123.7 123.6 123.8 123.9 122.9 121.6 122.6 123 122.6 123.1 125.2 127.4 129.7 131 132.1 134 136.7 140.4 143.8 146.5 153.4 158.9 161.3 160.8 161.1 163.5 166.5 168.1 168.5 171.1 171.4 169.9 166.6 163.4 160.5 158.3 157 155.7 156.1 154.4 152 150 149.4 149.2 148.4 147.9 147.6 146.7 146.1 143.8
123.1 124.6 127.6 134.4 137.6 139.8 141.4 143.2 141.9 140.6 141.3 143 144.3 145.9 139.9 139.5 138.1 139.3 139.1 136.3 133.8 131.1 129.3 127.6 125.9 124.3 124.3 124.6 124.6 124.7 124.9 125 123.8 122.5 122.6 123.4 123.5 124 126.3 128.6 130.9 133 134 136.2 139.4 143.1 146.9 151.8 161 167.7 168.7 168.3 169.9 171.1 172 170.6 171 171.8 171.3 168.7 165.4 162.2 159.6 157.7 156.1 154.6 154.6 153.1 151.6 150 149.2 148.6 148 147.3 146.7 144.8 143.5 142.5
121 124.2 128.6 135.3 139 141.8 143.8 144.9 143.9 142.9 143.6 144.3 144.3 144.7 146.8 146.8 145.6 145.7 143 138.4 134.2 131.8 130.2 128.5 126.9 125.4 125.2 125.5 125.6 125.3 125 125.6 124.3 122.9 122.7 123.5 124.1 125.3 127.5 129.7 131.9 134.2 135.5 138 141.7 145.6 150.2 156.9 168.4 174.4 176.7 178.4 178.8 177.6 175.9 173.2 172.6 171.8 169.9 166.9 163.9 160.7 158.7 157.1 155.2 154.2 154.4 153 151.5 149.9 149.1 148.2 147.4 146.6 145.7 143.5 141.9 140.9
120.7 125.1 129.6 136.4 137.7 141.4 142.8 144.3 145.4 146.8 149.5 151.3 151.9 151.2 150.7 150.9 149.7 150.1 147.5 141.1 134.7 132.7 131.1 129.5 128 126.6 126.2 126.4 127.8 127.5 127.2 127.2 125.8 124 123.2 124 124.3 125.4 127.6 130.2 132.7 135.5 136 139 142.9 147.7 153.9 163.6 173.6 179.2 184.6 186.5 185.1 183.4 179.6 176 172.3 170.3 167.7 164.3 161.4 159.2 158 156.8 155.7 154.6 154.2 152.8 151.4 149.8 148.9 148 146.8 145.5 144.5 142.4 140.5 139.3
122 123.4 127.9 132.2 134.1 137.5 140.1 142.3 146.1 151.2 155.7 158.3 159.3 157.5 156.1 158.7 157.1 151.2 149.9 142.6 135.6 133.8 132.1 130.6 129.1 127.7 127.3 127.3 128.9 129.7 129.9 130 127.6 125.2 123.6 124.8 124.4 125.1 126.9 129.4 131.4 133.9 134.9 138.9 144.2 150.3 157.7 168 176.8 183.4 188.9 192.3 191.2 186.2 180.5 175.4 171.1 168.3 165.4 162 159.2 159 157.7 156.4 155.4 155 154.2 152.7 151.2 149.6 148.2 147.4 145.9 144.5 143.6 142.3 139.7 138.6
124.2 123.9 125.3 129.1 131 133.7 140 143.9 148.9 155.3 161.7 165.2 167.3 168.1 168.2 168.1 165.9 157.1 152.3 145.2 138.5 134.9 133.3 131.8 130.2 128.9 128.3 128.9 131.3 133.7 134.1 133.7 131.7 128.9 126.9 125.5 124.9 125.5 126.1 127.7 129.4 131.8 134.4 139 144.4 153.2 160.7 170.1 178.2 185.3 191.6 194.1 191.5 185.2 179 173.8 170 166.3 164.2 161.2 159.6 158.7 157.4 156.4 155.7 155.5 154.5 153 151 149 147.1 146.7 145.7 144.9 145.3 142.6 140.1 138.9
123.9 123.9 124.4 127.2 130.3 134.5 140.8 146.7 153.6 160.2 165.3 170.5 174.6 176.3 177.1 174.4 171 163.6 155.7 147.4 140.6 136.5 135 133.4 131.6 130.6 130.9 133.4 135.3 137.8 138.6 137.5 136.3 133.8 130.5 127.5 127.1 127.2 127.2 127.9 128.9 132.2 134.3 137.6 144.9 153.8 162.5 170.3 177.9 185.1 191.4 192.6 188.2 182.5 177.1 172.7 169 165.3 163.2 161.7 160.1 158.9 158 157.1 156.7 156.2 155.1 153.5 150.7 148.4 147.8 147.3 146.5 145.6 146.2 143.9 141.6 139.5
125.2 123.9 124.5 129.3 130.9 136.5 142.9 150.5 157.6 164.1 169.7 174.8 179.8 182.2 183.2 180.9 175.2 167.2 159.4 155.3 144.5 141 138 136.5 134.4 133.7 136.2 139.4 141.6 142.4 142.2 140.1 137.4 135.3 133 130.4 131.5 129.6 128.6 129.3 129.2 131.6 135 138.6 145.8 155 161.8 168.6 176.2 183.8 188.5 188.6 184.3 179.1 174.1 170.5 167.1 163.8 163.3 162.6 161.2 160.4 158.7 157.8 156.8 155.7 154.6 153 151.3 148.8 148.6 148.5 147.4 147.1 146.2 144.4 141.9 139.6
126.5 124.1 124.6 131.2 133.8 139.4 144.8 151.1 160.6 167 173.9 179.9 183.5 186.4 187.2 183.8 176.6 167.1 158.3 156.1 149 146.6 145 143.6 141.8 141 142.7 145.3 146.4 147 145.3 142.3 139.3 137.2 135.5 134.4 132.5 129.5 130 131 131.8 131.6 136 139.6 146.8 153.5 160.1 166.9 174.4 181.4 184.2 183.3 180.3 175.4 171.3 168.4 165.2 163.6 163.1 163 161.7 160.4 159.8 159.2 158.1 155.3 153.9 152.8 151.2 150.1 150.1 149.9 148.6 147.7 145.7 144.4 142.1 139.8
127 125.3 127.2 131.9 134.6 139 145 151.1 159.1 168.1 176.9 183.9 189.3 190.4 190.1 184.6 177.3 166.3 158.3 156.3 157.3 150.6 150.3 150.1 148.9 149.6 151.1 151.4 151.7 151.6 150.1 147.4 144.4 141.5 139.1 136.6 133 132 132.7 134 135.3 134.8 135.6 141.8 148 153.6 159.3 165.2 172.3 177.4 179.2 178.5 176.1 171.7 169.5 167.2 165.2 164.4 162.8 162.8 161.8 159.4 160.2 160.9 158.7 156.3 155.7 154.4 153.6 152.5 152.5 151.2 149.5 147.6 145.3 144.3 142.8 140.8
128.1 126.5 128.4 131.5 134.8 139.5 145.1 150.6 156.3 163.4 176.2 184.3 192 194.5 190.7 183.9 174.3 164.9 158.2 156.9 158.1 155.7 155.6 155.3 155.8 156.7 157.5 157 156.7 157.1 156.2 152.9 148.2 144.2 141 138.4 136.6 135.1 135.9 137.5 139.1 139.5 136.7 141.2 148.7 154.2 159.7 164.2 168.5 172.9 174.2 173.5 171.9 169.3 167.8 165.6 166.1 163.9 163.9 163.7 163.4 162.5 161.7 161.9 158.8 157.5 156.4 154.5 154 154.9 154.2 152.2 150.1 148 145.6 144.7 144.1 142.9
130 129 129.4 131.2 134.9 139.5 143.5 148.5 154.2 160.5 168.9 180.6 188.4 190.9 188.1 180.7 170.3 160.9 157.7 158.1 158.8 160 160.6 160.4 161.3 162.6 163.3 163.6 163 162.5 159.8 156.2 150.9 146.1 143.9 142.6 141.2 140.4 140.4 141.1 142.9 143.4 141.4 139.1 148.2 153.1 157.4 161.9 166 168.1 169.3 169.5 168.3 167 165.7 165.4 165.5 165.5 165.1 164.7 164.1 163.7 163.4 163.8 161.3 159.7 158.5 156.4 154.4 155.6 154.4 152.4 150.6 148.3 145.8 143.9 144.1 144.7
131.3 130 129.2 131.3 134.7 138.7 142.6 146.5 151.8 156.6 161.1 171.3 180.8 184.4 181.4 174.6 164.7 159.4 157.5 158.7 159.7 160.3 163.3 165.2 166.6 167.4 168.4 168.4 167.1 166.1 163.5 159 153.8 149.9 147.4 146.2 145.2 144.8 144.4 145.4 147 148 147.6 141.1 147 151.5 155.8 160 162.8 164.5 166.2 166.5 165.6 164.8 164.2 165.4 166.4 166.5 166.3 165.8 165.6 165.6 167 166.5 164.5 162.5 160.6 158.4 156.3 156 154.1 151.9 151.1 148.3 145.2 144.6 145.8 146.4
132.7 131.4 130 131.3 133.9 137.2 140.1 143.7 148.1 152.8 157 162.7 169.4 173.5 171.4 165.4 160.8 158.3 156.2 157.1 158.8 161.2 163.2 167.6 169.6 171.8 173 173.1 171.5 169.1 166.7 160.9 156.3 152.5 150.8 149.5 148.2 147.4 147.8 150.2 152 152.7 151 146.8 145.8 149.8 154.2 157.9 160.4 162.1 163.2 163.2 164.6 165.1 165.5 167.3 167.7 167.9 168.1 168.6 168.5 169.8 172.2 172.4 168.8 166 162.9 160.6 158.3 155.1 153.3 151.4 149.8 148.8 145.9 145.8 146.8 147.7
134.6 132.9 130.4 130.2 132.6 136 138.5 141.5 145.7 149.1 152.8 156.4 159.7 161.2 158.7 158.3 157 156 155.2 156.3 158 159.6 162.5 167.9 171.5 174.5 176.3 176.8 174.7 172.4 167.8 162.3 158.2 155.3 154 152.9 151.7 150.5 151.3 154 156.7 156.3 152.7 149.1 145 149.6 153 155.4 157.3 159.8 160.5 162.8 165 166.1 167 168.5 169 169.5 170.4 171.5 172.4 174 175.7 175 172.5 168.3 165.3 161.7 158 154.3 152.8 151 149.2 148.6 148 148.2 149.1 150.8
136.6 134.1 131.6 131.4 132.9 136.3 139.9 141.7 143.2 145.7 150 150.7 153 154.6 154.4 153.5 153.1 153 154 155.3 156.6 158.2 160.4 164 168.5 172.6 175.7 179.4 177.1 173.9 169 163.5 159.9 158.2 156.5 155.3 154.2 153.5 154.6 157 157.9 156.1 153.5 150 146.3 148.4 152.2 154.4 155.7 158.4 160.7 162.9 165.1 166.5 167.8 169.5 171.2 172.2 173 174.6 176.7 178.4 179.2 177.1 174.2 169.8 165.5 161.5 157.5 153.8 152.4 151.2 150.5 148.6 148.5 150.5 152.1 154.8
138.9 136.5 134.2 134.1 133.9 134.5 138.1 140 140.4 142.5 145.2 146.2 148.6 150.3 151.4 151.1 151 151.9 152.7 153.6 155 157 158.8 161.3 165.4 169.4 172.9 176.6 177.1 174.1 169.5 164.8 163.1 161.2 159.3 157.8 158.5 156.3 157.3 159.2 157.9 156 153.5 150.7 146.7 150.3 152.6 154.4 157.1 159.9 160.8 163.1 165.5 167.2 168.7 170.4 172.1 173.8 176 178.4 180.9 180.9 180.9 178.7 175.3 170.9 166.3 162.3 158.3 155.2 152.8 150.8 149.9 148.8 148.8 152.5 154.3 156.2
