data/350000-580000.asc
ncols 200
nrows 200
xllcorner 350000
yllcorner 580000
cellsize 50
[rows 70 to 104 of 200, columns 0 to 77 of 200]
154.4 155.9 159 161.4 162.1 152.4 150.2 147.4 142.8 145.7 142.9 143.4 145.6 149.1 148.2 151.4 148.9 156.8 168 182.8 191.8 198.1 198.8 201.2 202.1 201.8 200.9 199.4 196.5 186.4 180.8 182.6 192.4 202 205.1 207.1 210.1 213.1 216.5 220.2 224.8 230.1 235.1 239.1 242.6 245.4 248.4 251.6 257 261.2 264.9 268 270.3 271.9 273.5 274.3 274.9 274.1 273 270.9 268.9 267.1 268.3 270.7 271.8 269.2 275.2 278.3 277.1 275.6 273.2 271.2 268.6 266.9 266.7 265.6 264.3 258
164.9 167.6 169.9 171.6 172.7 169.5 165.5 164.7 159.1 153.1 153.8 148.8 151.6 148.2 152.2 164.3 164.9 161.9 157.3 177.1 186.8 193.2 194.8 195.8 195.6 194.9 193.9 195.2 191.7 178.4 182.7 189.6 197.9 204.6 206.3 209.3 212.1 214.9 218.5 222.7 227.3 232.2 236.7 240.9 244 246.8 249.8 253.8 259.1 262.8 266.3 269.4 271.5 273.4 274.2 275 275.3 275.4 273.8 270.9 268 263.9 264.3 267.6 264.1 264.3 269 267.9 267.3 265.3 263.3 261.4 260.7 260.1 258.5 257.1 254.4 246.6
172.7 175.6 177 179.7 183.1 180.2 178.4 179.1 173.4 166.6 170.5 166.5 167.8 169.5 179.5 183 183.3 177.3 173 163.7 175.2 185.8 189.2 190.1 187.3 183.3 181.1 183.9 182.5 178.6 187.5 196.7 204.1 206.7 208.7 212.2 215.7 218.7 221.7 225.4 229.8 234.7 239.2 242.7 245.9 248.6 252.8 256.8 260.7 264 267.3 269.7 271.7 273.6 274.8 275.5 275.3 275.1 273.8 270.6 266.7 259.5 259.9 261.2 259.4 260.9 262.2 259.2 256.6 255.9 254.2 252.3 251.2 249.8 247.5 245.3 240.6 235.8
177.9 181.6 183.4 187.2 190.8 189.3 189.8 190.2 187.6 181.6 186 185.8 186.4 192.1 198.1 197.3 192.2 191.4 189.3 185.2 175.2 173.3 180.8 180.9 177.7 173.1 180.5 178.2 179.9 187 195.4 202.2 206 208.6 211.6 215 218.7 222.5 225.7 229.1 232.4 237.1 241.1 244.2 247.8 250.9 255 258.5 261.5 265 268.3 270 271.9 273.4 274.3 274 273.5 273.2 272.4 270.8 266.4 257.8 253.9 258.3 255.9 257 254.8 250.2 246.3 245.4 244.6 242.4 240.7 237.1 230.4 226.2 223.9 224.2
182.8 186.9 189.7 194.5 198.8 198.2 199.3 200.1 198.6 193.1 196.9 199.1 199.5 204.5 210.8 209.8 208.5 211.3 205 196.2 187.2 170 169.4 168.3 172 182.8 188.8 190.4 194 197.4 200.6 205.6 208.8 212 215.1 218 221.9 225.9 229.2 232.2 235.1 239.4 242.7 245.6 249.3 253.2 257.1 259.4 262.2 265.9 269.2 270.7 271.4 272.3 272.9 272.4 271.5 270.8 269.4 267 264.1 257.6 247.3 250.8 249.8 249.9 246.5 241.3 237 235.6 233.6 232 225.5 218.7 214.7 214.9 215.9 217.5
186.3 192.3 196.6 201.3 207.1 206.8 207.6 207.7 206.9 199.1 204.5 208.4 209.1 211.6 216 214.9 215.7 217.3 212.3 200.9 188.9 183.6 185.1 182.6 180.8 186.1 190.1 191.1 196.4 200 203.7 207.4 211.3 214.5 217.5 221.8 226.1 229.5 231.8 234.7 237.6 241.4 244.3 247 250.3 255 258.2 259.9 262.8 265.8 269 270.6 270.6 271 271.5 271.1 269.1 267 264.3 261.9 259.9 255.9 247.2 243.4 243 241.7 238.2 232.9 226.3 221.1 218.8 213.1 211.7 213.5 216.9 225.5 229 235.7
191.4 196.6 203.1 208.1 212 213.4 213.2 212.2 212.3 209.2 207.8 214.3 216.1 218.6 220.8 220.6 220.7 220.8 216.3 205.8 196 195 194.3 190.9 185.5 185.3 189.4 190.6 196.6 200.6 205.1 209.1 213 216.9 220.8 225.5 230.1 232.3 234.2 237.1 240.1 242.8 245.5 248.1 250.8 254.1 257.2 258.8 261.5 264.2 267.2 269.1 269.5 269.9 269.1 266.8 264.9 262 259.2 256.7 254.2 251 244.9 238.8 239.1 235.4 229.6 222.8 213.5 210.5 208.7 212 217.3 221.4 230.7 237.5 242.4 248.9
195.4 202.5 207.8 212 214.6 216.3 217 216.8 217.2 218.3 219.1 219.1 221.6 223.4 224.2 224.3 224.4 223.1 219.5 212.7 206.5 204.8 201.2 196.7 191.3 186.9 190.1 193.2 197.2 202 206.7 210.9 215 219.7 224.1 228.6 232 234.3 236.5 239 241.6 244.1 246.7 249.4 252 253.3 254.4 256.9 259.1 261.4 264.3 265.7 265.9 265.3 263.9 261.7 259.5 256.8 253.5 250 246.9 243.8 240.3 232.2 232.2 228.3 219.2 210.8 206.8 208.6 215 226.2 229.9 231.9 239.2 245.6 250.6 256.5
199.8 206.4 211.2 214.2 216.7 218.2 219.5 221.2 222.9 223.2 222.6 222.5 225.3 226.5 227 227.3 227.3 225.7 222.2 217.1 212.9 209.4 205.1 201.4 197.1 192.1 191 195.7 199.5 203.7 208.1 212.3 217.3 221.9 226.5 230.5 233.5 235.8 238 240.4 242.9 245.4 248 250.7 251.5 252.3 253.5 255.8 257.9 259.5 260.8 261.9 261.5 260.3 258.7 256.4 254.2 251.6 248 244.3 240.9 237.6 234.7 230.8 226.2 220.6 213.5 206.4 208.1 208.7 224.8 227.9 235.3 241.7 247.4 253.6 260.7 266.3
201.4 209 213.1 216.1 218.7 220.1 221.5 225.7 227.9 227.4 226.8 227.6 228.1 228.7 229.2 230 229.6 227.3 224.1 220.6 216.5 212.4 208.4 204.5 200.8 196.5 195.5 197.9 200.2 202.9 207.1 210.8 217.7 222.9 228.1 232 235 237.2 239.4 241.6 244.2 246.7 249.1 250 251.1 252.2 253.1 254.9 256.2 257 257.7 258.8 257.2 255.8 252.9 250.2 247.7 245.3 243 239.2 235.4 232.2 229.1 226.3 219.8 213.4 207 207.6 210.3 218.3 230.8 230.9 249.3 253.3 257.8 263.6 270.2 273.9
203.7 209.4 214.6 217.4 220.1 221.8 225.3 229 231 231.2 230.7 230.6 231.2 230.9 230.8 230.8 230.5 228.7 225.9 222.7 219.4 215.4 211.4 207.4 203.4 200.4 200.9 202.4 203.6 205.3 207.8 208.5 215.4 222.4 228.8 233.4 236 238.6 240.4 242.3 245.1 247.7 249.4 249.9 251 252 252.8 253.4 254.2 254.4 254.6 254.4 252.9 250.3 247.3 244.3 241.6 239.7 238.2 235 230.7 226.5 223.1 220.2 216.1 207 203.8 207.1 214.7 227.1 228.3 242.6 249.4 260.7 265.5 270.1 274.9 278.5
210 209.5 215.3 218.5 221.1 224.1 228.3 231.6 232.3 232.7 233.2 233.7 233.5 233.2 232.3 232.1 230.9 229 226.5 224.4 221.9 218.1 214 210 205.9 203.4 204.1 205.7 207.4 209.4 210.6 210.1 214.9 222.4 229.1 233.4 235.9 238 239.8 242.2 245.2 248.3 250.7 250.7 251 251.2 251.6 251.5 251.7 251.8 251.6 250.1 247.8 244.8 241.9 238.8 236 234.8 232.6 229.4 225 221.3 217.8 213.9 208 202.5 204.5 209.8 219.6 229.9 244.3 245.1 259.1 265 270.1 274.4 277.8 281.9
213.1 214.4 216.3 219 222.3 227.2 230.1 233.1 233.1 233.1 233.2 234 234.7 234.5 233.9 232.5 231 228.9 226.3 224.4 222.5 220.9 217 212 208.9 206.6 206.7 208.5 210.6 212.9 212.9 211.5 213.2 222.5 229.2 233.1 235.7 238.1 239.4 241.8 245.3 248.3 250.6 250.4 250.8 250.7 249.9 249.1 248.6 247.8 246.9 245.3 242.6 239.4 236.5 233.3 230.4 229 226.8 223.5 220.2 216 212.1 208.3 203.5 201.6 206.4 214.2 225.3 235.9 244.9 253.7 261.1 267 272.4 276.4 280.2 285.1
217 218.1 219.1 221.3 225.4 230 232.4 233.7 233.8 233.8 234.1 234.2 234.6 234.6 234.2 232.4 230.2 228.6 226.2 224.4 222.6 220.7 218.1 213.6 210.7 209.3 209.2 211.7 215.5 217.7 217.1 212.8 213 222.6 229 233.2 235.6 238.1 239.7 241.7 244.1 247.3 248.9 249.1 247.9 247.6 246.8 246.1 244 242.1 241.3 239.8 237.8 234 231 227.5 224.4 223 221.1 218.6 215.8 211.8 207.5 203.9 199.6 199.9 210.5 220 232.9 242.6 248.8 256.1 263.8 268.9 273.8 278.5 283.2 287.9
221.1 222.3 224 227.4 229.7 232.8 233.8 234.2 234.6 234.4 235.4 234.3 234.5 233.9 233.2 231.4 229.9 228.2 226.2 224.4 222.6 220.8 219.1 215.9 213.8 212.2 212.1 215.2 219.4 220.7 219.3 214.5 213.4 220.4 229.3 233 236.1 238.5 240.4 241.9 244 245.7 246.6 245.4 244.5 244.3 244 242.5 240.2 236.7 235.3 233.9 232.3 229.6 225.2 220.8 218.4 216.9 215.5 214.2 209.7 206.2 203.2 200.7 199.1 205.6 217.8 229.8 239.8 247.5 253.3 261 267.1 272.3 277 281.3 286.1 290.9
225.6 227.7 229.8 233.7 234.8 235.1 234.4 234 234 234.4 234.8 234.3 233.6 232.8 231.4 230.4 228.9 227.6 226.2 224.4 222.6 221.1 220 218.4 216.8 215.4 215.6 218.1 220.4 220.8 219.8 215.9 212.9 216.1 226.2 232.1 235.9 239.4 240.6 241.6 242.2 243.3 244.1 242.5 241.2 240.8 240.5 239.5 236.7 232.6 229.3 227.9 226.2 224.3 221 216.3 213.1 211.5 210 207.6 204.3 201.3 198 198 202.1 215.7 227.2 238.2 246 252.9 260 265.8 270.6 275.3 279.7 283.8 288.5 293.2
230.7 233.4 235.5 238.2 237.9 237 234.7 232.8 232.5 233.3 232.9 232.4 231.8 230.8 229.7 228.8 227.4 226.2 225 223.8 222.8 221.6 220.3 219 218.4 218 217.6 218.7 220.7 220.7 220.2 216.3 213 214.9 221.7 232.3 236.8 240.4 241.5 241 241 240.9 241.5 240 238.8 238.3 237.9 236.2 232.4 228.3 224.3 221.9 219.9 217.2 214.3 211.7 208.3 205.9 204.3 201.5 199.2 196.3 196.2 204.5 213 222.4 235.2 244.9 251.8 258.7 263.8 268.2 272.7 277.2 281.3 286.1 290.5 294.2
236.5 239 240.7 241.2 240.2 238.7 235.5 232.1 229.5 231.6 231.1 230.6 229.8 229.3 228.5 227 225.6 224.5 223.3 222.3 222.5 222 221.2 220.7 220.3 220.1 219.4 219.8 222.2 221 220.7 216 212.2 217 226.6 234.2 237 239.9 240.9 240.1 239.9 239.7 239 237.6 236.5 236 235.2 232.9 227.8 223.3 219.5 216.7 214 210.5 207.1 205.7 202.8 198.8 195.4 193.8 194.7 195.3 203.2 213.3 220.4 230.4 243.3 250.7 256.5 261.7 266.6 270.7 274.8 278.6 282.8 287.2 291.6 295.1
239.2 241.8 243.4 242.2 240.8 238.8 234.8 231.6 228.2 228.5 228.9 228.8 228.1 227.3 225.7 224.8 223.7 222.8 221.6 221.7 221.9 222.9 222.9 223.4 224.1 223.8 223.3 224.3 225.6 224.1 221.2 215.9 210.3 217.7 227.5 233.3 236 238 239.8 239.1 238.7 237.7 236.3 235 234.3 234.1 233 229.6 223.3 218.6 214.9 211.5 208.1 204.8 201.8 200.8 197.1 192.5 193.6 194.6 198.8 204.2 202.8 217.9 228.3 237.5 246.4 253 257.8 262.8 267.6 271.8 274.6 278.6 282.7 286.8 290.9 295.5
241.7 244.3 246.1 244.4 241.5 237.6 233.6 229.8 226.3 224.8 224.7 225.7 225.3 224.2 223.1 222.3 221.5 221 220.8 220.8 221.6 222.3 223.4 224.5 225.8 226.9 227.1 228.2 228.9 226.2 222.4 216.1 208.9 216 228.6 232 232.2 234 236.2 237.5 236.3 234.9 233.5 231.7 231.5 231.1 229.5 223.4 218.7 214.8 211.2 207.4 203.5 199.7 197.1 194.4 191.5 191.3 194.2 201.7 208.8 214.4 220 215.6 232.5 240.6 248.2 252.3 258.3 263.6 267.4 269.3 272.7 277.6 281.5 285.6 290.2 295.1
245.5 247.4 247.2 245.8 241.3 235.8 231.6 227.4 224.2 221.8 221.7 222.3 222.3 221.6 220.5 219.8 219.5 219.5 219.9 220.2 220.6 221.6 223.8 226.1 227.7 228.2 229.3 230.3 230.2 229 223.9 216.8 207.7 217.1 228 230.7 230.9 230.6 232.9 233.9 233.1 231.2 229.3 228.1 227.7 227.6 224.5 217.8 213.1 210.1 206.8 203.1 199.4 195.8 193.1 189.5 189.9 189.5 194.8 205.6 215 223.4 228.6 230.5 221.9 233 235.9 243.7 252.7 261.5 265.8 266.6 271.6 276.7 280.5 284.9 289.9 294.8
249.8 250.7 249.3 246.8 241 234.7 229.2 224.7 221.5 219.5 219.1 219.2 219 218.7 218.1 217.8 217.5 218.2 219 219 219.6 221.1 223.7 226.9 229.1 229.5 231.1 232.3 231.7 229.9 226.7 217.8 206.8 216.1 225.1 229.6 230.3 229.3 229 231 229.1 226.9 225.1 224.2 223.3 222.7 219.6 212.9 208 204.2 201.5 198 195.1 193.2 189.9 188 190 196 202.1 209.3 221.2 230.5 235.8 238.8 240.1 242.4 245.9 247.2 251.8 254 258.9 264.1 270.5 275.7 279.8 284 289.5 294.6
252.2 253 250.7 246.8 240.5 233.1 226.7 222 218.9 216.5 214.2 215.8 215.8 215.9 216 215.9 216 216.6 216.8 218.8 219.3 221.1 223.8 227.1 229.2 230.4 231.6 233.7 232.6 229.9 226.4 217.9 205.1 213.9 223.2 226.4 227.4 225.3 223.8 226.6 224.8 223 220.9 219.7 219.1 217.7 214 209.1 203.8 199.9 196 192.5 188.2 188.6 187.3 188.7 194.5 201.7 209 218.1 228.7 235.5 240.2 243.6 246.4 250.5 254.8 256.5 257.1 259.2 262.4 266.3 269.9 274 278.9 283.3 289 294.2
254.3 253.9 250.6 246.4 239.3 231.6 225.1 219.3 216.2 213.3 211.8 213.3 213.5 213.6 213.6 213.6 214 214.5 215.9 217.9 219.6 221.8 224.3 227.1 229.5 231.5 233.4 234.1 232.7 229.2 225.8 218.2 204.6 211.3 222.3 223.2 223 221.1 220.5 220.9 220 218.5 216.5 215.5 214.6 213.1 210.5 205.3 200 195.6 191.9 187.5 184 186.4 186.6 193.9 200.4 208 215.7 226.8 234.5 239.5 243.6 246.9 250 253.9 257.7 259.6 260.8 262.4 264.3 268.8 273.7 278.6 280.8 284.8 289.2 294.9
253.9 253.7 250.7 246 238.2 230.4 223.2 218.3 214 211.1 209.2 210.5 211.1 211.2 211 211.7 212.1 211.7 215.2 218.1 220.4 222.8 224.7 226.8 229.2 231.8 233.9 233.6 231.5 228.8 225.8 219.6 206.3 202.6 218 220 219.2 217.2 214.3 215.5 215.2 213.7 212.1 210.8 209.5 208 204.3 200 196.4 191.8 187.9 184.6 184.7 186.3 189.6 197 205.3 214.4 222.9 231.9 238.4 243 246.1 249.1 252.3 255.9 258.5 260.1 261.3 263.1 265.1 268.6 274.7 280.8 284.4 287.6 292.6 298.7
253.6 253.4 250.9 245.3 238 229.9 221.5 216.7 212.2 209.1 207.5 208.2 208.2 208.4 209 209.7 209.3 211.5 215.9 219.1 221.6 224 225.7 227.1 229 231.4 233.2 231.9 230.2 227.8 224.9 221.5 211.1 195.6 206.1 217.9 214.9 213.1 210 210.9 210.6 208.2 207.2 206.8 205.3 202.3 198.3 194.7 192 188.3 185.4 183.1 184.9 189.1 194.4 198.9 209 218.9 227.2 234.3 241 245.1 247.9 251.1 254.1 256.6 259 260.6 262 263.6 265.7 269.5 275.9 282.2 285.8 289.9 294.3 298.8
253.2 253.1 250.5 245.5 237.6 229 220.4 214.2 209.6 205.8 204.3 204 204.6 205.1 206.7 207.9 208.4 212.6 217.5 221 223 225 226.5 228 229.1 230.8 232.1 230.6 228.8 225.9 222.7 219.2 213.9 199.2 195.2 210.7 210.1 208.5 206.8 207.2 204.9 201.9 202 201.3 200 196.5 192.8 189.4 186.7 183.4 182.8 181.8 189.9 195 200.3 206.2 207.9 219.6 228.8 236 242.1 245.5 248.7 251.9 254.6 257.1 259.5 261.2 262.7 264.2 266.5 270.7 277.1 282.8 286.4 290.2 294.1 298
253.6 253.4 251.2 245.5 237.4 228.4 219.1 212.2 207.1 203.1 201.1 201 201.6 201 203.5 204.5 209.3 213.9 219.1 221.6 223.8 225.6 227.1 228.3 229.3 229.9 230.8 228.9 226.6 223.3 219.6 215.3 210 199.6 189.5 201.9 205.2 205 202.8 201.5 198.3 195.5 195.3 195.1 194 189.6 185.6 182.9 180.4 180.6 182.1 190.6 197.3 204.7 210 213.5 216.1 218.7 228.2 237.2 242.1 245.9 249 252.1 255.1 257.5 259.8 261.5 262.9 264.9 268 272.1 278 283.1 286.9 290.4 294.3 298.8
253.5 254 251.8 246 237.3 229.3 220.1 213.4 205.8 200.3 198.5 198.8 198.3 198.4 200.5 204.6 209.4 214.3 219.1 222.2 224.4 225.6 226.9 228.3 228.8 229.2 229.5 227 223.7 220.2 215.5 210.4 204.4 194.9 185.2 196.7 201.4 200.9 198.3 194.6 193 189.4 189.9 190.3 184.6 183.1 179.7 180.1 180.6 181.7 190.9 198 206.7 213.5 219.1 222 225.4 228.6 230.2 236.9 241.6 245.9 249.3 252.4 255.3 257.9 260.1 261.7 263.4 265.5 269.7 273.9 278.5 282.9 286.8 290.7 295 299.7
256.5 255 251.7 244.5 236.7 229.3 222.7 214.8 206.5 198.7 196.2 196.8 193.4 196.3 198.2 203.7 208.9 213.9 218.8 221.9 224 224.9 226 227.3 228.2 228.4 227.2 224.6 220.5 216.2 210.7 206 202.4 194.3 181.4 190.7 196.1 196.2 193.7 189.5 186.7 182.8 178.5 178.8 179 178.3 179.1 179.3 181.6 190 199.4 205.2 213.1 221.2 227 230.7 233 236.6 239.3 240.3 242.7 245.8 249.6 252.6 255.6 258.1 259.9 261.7 264 267 271.3 275.6 279.8 283.6 287.3 291.1 295.8 300.7
259.1 255.8 251 243.6 236.3 230 222.9 215.9 208.6 199.3 193.3 193.2 191.4 193.6 197.6 203.1 208.1 212.5 218.1 221.7 223.2 224.1 224.9 226.3 226.7 226 224.2 221.5 216.9 212.1 206 200.9 198 192 180.8 185.8 191.2 190.8 187.7 183.7 178.3 174.7 174.6 175.5 176.5 177.1 180.9 184.2 189.3 198.5 204.9 212.6 220.6 228.3 233.1 236.7 240 241.9 243.6 244.7 246.1 248.5 251.2 252.7 255.2 258.1 260.1 261.9 264.5 268.5 272.7 276.9 280.8 284.5 288.1 292.5 296.8 301.7
261.9 255.9 249.9 243.7 237.4 230.5 223.3 216.3 209.5 200.7 192.1 188.9 188.8 190.5 196.7 202 207 211.9 216.7 221 221.7 222 223.1 223.8 224 222.7 220.1 217.3 211.7 207.2 200.9 193.8 191.4 186.4 178.3 179.6 183.3 183.1 180.9 178 173.1 174.5 177.5 178.2 178.6 183.2 188.3 192.2 197.3 205.4 212.7 220.1 227.8 234 238.2 241.1 243.9 245.3 246.5 248.1 249.6 251.1 253.1 254.7 256.1 257.7 260.1 262.2 266.1 269.2 273.2 277.4 281.2 285.3 288.9 293.3 297.8 303.1
262.5 256 249.6 243.4 237.3 230.9 223.7 216.8 211 203 193.1 185.4 185.3 189.9 195.6 200.3 205.9 211.4 216 220.7 220.5 219.7 220.3 220.9 220 218.4 215.1 211.5 206.8 200.8 194.6 188 184.9 181.5 175.8 174.6 175.8 175.7 173 173.3 172.2 176 180.9 183.2 185.3 189.5 194.2 198.7 203.9 211.1 218.9 226 233.5 237.5 241.8 244.3 246.3 247.5 248.8 250.1 251.8 253.5 255.1 256.6 258 259.2 260.8 263.7 266.9 269.9 273.4 278.1 281.7 285.4 289.5 293.7 297.9 304
262 255.5 249 242.5 237.1 230.8 223.9 217.1 211.5 204 193.7 183.3 185.2 190.9 193.7 198.8 204 210 214.1 218 218.3 216.7 216.7 216.5 215.2 212.9 209.4 205.5 200.5 193.6 188 182 177.4 174.3 172.4 171.6 171.7 171.1 169 172.5 176.2 181.9 189.1 190.5 191.3 194.9 200.2 206 211.4 217.4 225.2 233 238 241 243.6 246.1 247.4 249.1 250.4 251.6 253.4 255.2 256.6 257.7 258.9 260.2 262.1 264.8 267.9 271 274.3 278.6 282.2 285.6 289.1 293.4 297.9 303.4
261.1 254.6 247.4 240.2 234.9 229.7 222.9 217.2 212.8 204.8 193.4 183.5 182.6 187.3 192.1 197.6 203.3 208.3 212.7 215.2 214.4 212.8 212.8 211.5 209.6 207.4 203.8 199.1 193.9 186.6 181.6 176 170.5 167.3 168.4 168.4 168.3 170.2 174 178.7 181.5 187.5 192.1 195.1 197.1 200.5 206 213.5 219.3 226 231.7 238.2 240.9 242.7 245 247.3 247.8 249.8 251.2 252.7 254 255.8 257.4 258.8 260.2 261.7 263.3 265.6 268.4 271.2 274.7 278.2 281.5 284.9 288.7 293.1 298.2 302.9
