data/350000-800000.asc
ncols 200
nrows 200
xllcorner 350000
yllcorner 800000
cellsize 50
[rows 0 to 34 of 200, columns 0 to 77 of 200]
433.5 426 417.5 409 399.3 393.4 389.9 389.4 387.4 386.7 386 384.6 382 379.2 374.7 366.9 357.7 349.4 341 332.5 324.5 317.6 312.6 307.5 303.4 299.6 303.8 308.2 312.4 315.4 316.1 312.4 309.9 308.8 307.5 306 303.9 303.5 304.1 305.9 307.8 308.3 309.4 313 317.8 323.8 327.1 328.5 330.7 331.2 329.8 327.7 326.8 325 323.8 324.3 326.7 329.6 333.8 337.6 340.1 342.1 344.7 346.7 348.3 349.3 351.3 352 351.1 351 351 347.8 342.2 335.6 325.9 317.2 311.3 309.6
439.9 432.4 423 412.9 403.5 397.7 393.8 389.9 388.4 387.5 386 384.6 382.9 381.4 376.9 370.6 364.9 354.7 345.4 336.1 326.9 320.7 314.5 308.4 306.5 305.3 303.5 309 315.3 318 318.9 317.3 315 311.8 310.1 307.8 305.6 305.1 305.9 306.6 307.5 306.5 307.2 308.8 311.4 315.1 318.5 319.7 321 322.5 321.6 320.6 319.6 319 317.6 317.8 321 324.4 325.7 328.3 330.9 335.3 338.6 341 342.3 343.7 345.6 349.2 350.2 350.2 349.8 346.6 343.7 337.6 326.5 318.9 312.4 309.5
447.6 437.2 426.4 416.7 406.7 398.4 395.3 392.1 389.4 387.4 386.1 384.6 382.3 379.1 375.6 370.9 365.5 357.5 348.4 337.8 328 318.9 314.5 309.3 306.9 306.1 306.1 309.8 317.1 320.7 321.4 324.5 318.8 315.2 311.1 308.5 306.2 306 306.8 307.6 306.8 306.5 306 305.3 306.8 308.8 309.8 311.1 312.8 313.7 314.1 313.4 312.6 312.6 311.6 311.2 312.7 315.5 317.3 319.6 322.8 326.5 328.9 331.5 333 334 335.5 338.2 341.3 340.9 341.3 341.7 338.9 331 323.7 316.1 310.8 306.4
451.8 440.3 428.5 416.9 408 400.6 398.1 392.3 388.2 385.2 383.7 381.7 378.3 373.7 370 365.8 359.6 352.4 344.1 335.7 328.8 319.7 312.5 309.6 307.1 307.6 307.5 309.4 317.4 322.1 323.5 325.3 323.9 317.3 312.7 308.5 307.3 307.3 306.2 305.3 304.9 304.3 304.1 302.7 304.5 304.3 304.2 305.1 306.5 307.6 308.3 307.2 306.1 305.8 304.7 304.7 305.8 307.5 309.2 311.2 313.6 316.5 318.9 322 323.5 323.9 325.3 326.6 328.4 329.3 329.3 329.7 329.1 323.2 316.7 311.5 306.1 300.9
455.1 444.4 432.6 420 408.6 401.7 396.7 391.9 387 382.8 380.2 375.7 370.7 365.4 360.4 354.7 349.2 343.4 337.2 329.3 323.7 317.5 310.1 308.4 308.3 305.9 305.3 308.6 313.4 322.6 324.9 325.5 323.4 318.5 314.8 310.6 309.8 307.5 305.9 304.8 301.5 298.7 300.5 299.3 302 302.4 301.1 301.2 302 302.8 302.6 302 300 298.6 298.8 299 299 300.5 301.9 303.4 305.6 307.1 309.8 312.5 314.3 315.3 316.7 318 319.4 320.2 321.5 321.2 320.9 316 310.4 304.9 298.1 291.8
457.5 447 436.4 423.6 410.5 401.2 395.2 389.7 385.1 379.6 374.3 365.6 360.1 354.9 349.5 343.6 340.6 335.6 329.3 322.9 317.5 314.7 312.2 310 308.6 307.2 307.5 308.7 312.6 319 322.6 324.7 323.5 319.8 315.8 311.9 309.6 307.4 305.6 304.1 300.6 298.4 295.8 297.3 298.4 298.8 298.2 297.5 298.3 298.2 297.9 297.4 295.7 295.1 294.6 294.6 294.6 295.5 296.5 297.9 300.6 301.2 303.5 305.2 306.5 307.9 308.3 308.6 310 309.4 310.9 307.8 306.6 303.8 300.9 295.2 288.7 282.6
460.6 450.1 438.3 428.6 416.7 406.9 396.8 391.4 383.2 374.4 365 356.8 350.1 346.6 343.2 340.4 338 332.2 327.2 323.9 320.8 317.7 315 312.3 310.3 309.6 309.3 309.6 313.4 317.7 321.1 323.3 323.1 320.1 316.4 312.8 309.5 307.2 305.2 303.2 300.5 297.5 295.1 294.3 295.7 295.2 294.6 294 294 294 294.1 293.5 292.3 291.5 290.7 290.6 290.5 291.3 292.2 293.3 295.2 295.9 297.7 298.7 300 300.8 300.6 300.9 301 300.9 299.7 297.2 296.5 294.9 291.7 285.3 278.9 272.7
463.6 451.5 440.3 431 420 412.1 402.5 395.2 388.6 383.1 374.9 368.8 360.6 353.9 351.1 347.9 345.2 338.4 332.2 327.9 323.6 320.2 317 314.2 312 310.4 310.3 311.2 314.5 318.2 320.8 321.1 320.2 318.6 315.3 312.7 310.2 307.1 304.9 302.6 299.9 297.4 295.5 293.9 292.9 292.9 292.8 292.7 291.4 290.2 290.2 289.6 288.8 288 287.3 286.7 286.7 287.1 287.9 288.8 289.5 290.4 291.1 292.2 293.3 293.5 292.7 293 292.3 292 290 289.8 287.2 285.7 281.7 276.2 273.1 269.3
469.2 456.8 442.6 433.3 424.6 414.8 407 399.8 393.5 388.8 383.8 376.5 369 363.9 361 357 352.2 345.9 338.6 332.8 328.1 322.9 319.7 316.6 314 312 311.5 312.8 315.2 319.2 320.7 320.9 319.1 317 314.4 312 309.6 307.2 304.8 302.2 299.7 297.6 295.7 294.1 292.7 292 291.8 291.5 290.2 288.9 287.6 286.7 286 284.9 283.7 283.1 283 283.1 283.6 284 284.7 284.9 285 285.8 286.3 286.7 285.8 284.8 283.7 282.9 283 283 280.8 278.7 276.1 272.5 270.1 267.3
477.4 462.7 446.2 439.5 431.7 421 415.8 408.4 401.4 397.3 393.7 389.7 382.2 380.3 372.9 366.7 361.5 354.4 345.9 339.9 334 329 325.3 320.5 317.2 314.7 314.2 314.1 316.7 321.3 322.2 321.1 318.8 315.9 313.6 311.3 309 306.2 303.6 301.9 299.6 297.5 295.6 294.1 292.9 291.6 290.8 290.3 289 287.7 286.2 284.6 283.1 281.7 280.3 279.4 279.3 279.2 279.3 279.4 279.5 279.4 279.2 279.6 279.8 280.4 279.9 279.2 278.7 277.7 277.5 277.6 275.8 274.1 272 268.7 266.6 264.8
486.8 471.3 450.9 443.2 436.2 429.5 423 417.4 410.3 404.3 401.1 397.6 393.4 389.4 383.7 376.9 370.2 361.5 354.5 348.8 341.7 335.1 329.8 325 320.8 318.3 317.1 315.9 317.9 323.7 323.2 321.3 318.9 316 313.3 310.7 307.6 304.4 302.5 300.8 299.1 297.1 295.5 294.2 292.9 291.6 290.3 289.2 287.8 286.2 284.6 283 281.6 280.1 278.6 277.5 276.8 276.3 275.7 275.4 274.5 274 273.4 273.1 273.4 274.1 274.3 274.1 273.9 272.8 272.6 272.5 271 269.4 267.5 265 263.3 261.7
496.6 483.6 463 447.2 438.9 433.8 428 421.8 414.9 410.7 407.9 404.7 400.2 395.8 390.7 383.8 375.7 367.6 360.3 353.3 347.1 342.4 336 329.1 324.7 321.8 318.5 316.7 318.1 323.1 323.1 321.1 318.7 315.8 312.7 308.9 305.7 303.1 301.3 299.6 297.9 296.5 295.7 294.4 293.1 291.9 290.6 289 286.9 284.9 283.3 281.4 279.9 278.4 276.9 275.6 274.6 273.6 272.8 272.3 271.7 271.2 270.6 270 269.6 268.8 268.8 269.1 269 267.9 267.7 267.5 266.7 265.1 264.5 262.6 260.4 259.6
506.7 495.6 476.9 456.1 442.3 438.7 432.8 426.5 420.3 415.7 412.6 409.9 405.5 401.1 395.5 388.2 380.7 372 364.3 356.7 350.3 344.1 338.8 332.9 328.7 323.7 320.2 318.7 320 325.2 324.9 322.8 320.6 317.2 312.6 308.4 304.2 302 300.2 298.4 296.6 295.3 294.5 293.8 293 292.2 290.9 289.3 287.8 286.3 282.9 282.2 281.2 280 278.1 276.1 275.1 274.4 273.9 273.4 272.9 272.3 271.7 271 270.1 269.4 268.8 267.5 266.2 265 264.4 263.8 263.3 262.9 262 260 259 260.5
518.2 506.8 490 471.3 453.9 442.9 437 430.4 423.9 419.7 416.2 412.3 408.1 403.2 397.3 390.3 383.5 375.5 367.9 361.8 353.4 345.6 339.8 336.1 331.8 326.1 322.3 322.6 326.7 331.9 328.6 326.7 323.5 318.7 313.4 310.1 306.4 303.9 301.9 299.7 297.6 296 295.1 294.2 293.3 292.4 291.5 290.6 288.8 286.1 284.2 284.3 282.8 281 279 277.1 275.9 275.4 274.9 274.5 273.9 273.3 272.7 272.1 271.2 270.3 269.4 268 266.2 265 264.2 263.5 262.7 261.8 260.7 260.1 260.1 260.1
524.5 518 501 483.9 465.2 453.4 441.4 434.1 427.2 422.8 417.5 413.6 409.2 403 396.8 390 382 375.1 368.7 362.1 355.3 347.5 341.8 338.3 333.4 329.4 328.1 328.6 332.1 336.2 334.7 330.4 326.6 319.9 314.1 311 307.8 305.7 303.5 301.3 299.1 297.4 296.4 295.5 294.6 293.7 293.1 293.1 289 284.7 285.8 284.9 283.2 281.3 279.6 277.7 276.7 276.1 275.6 275.1 274.5 273.9 273.3 272.8 271.9 270.8 269.5 267.7 266.1 265.9 264.8 263.8 263.1 262.4 261.2 260.2 260.1 260.5
530.9 523.8 510.3 494.8 477.6 461.4 447.7 438.4 430.9 424.3 417.6 413.2 407.4 402.5 394.8 387.2 380.6 374 368 361.8 355.7 348.2 342.2 336.3 334.9 334.8 335.9 332.2 337.7 341.3 339.3 332.7 327.7 323.2 315.8 311.4 308.2 307.2 304.8 302.5 300.4 298.9 297.8 296.8 295.8 295 294.5 293 290.8 286.1 286.8 285.4 283.6 281.8 280 278.2 277.5 276.8 276.2 275.6 274.9 274.3 273.7 273.1 272.2 271.2 269.3 267.4 267.1 267.3 266.8 265.5 264.1 263.6 262.9 262.1 261.7 261.7
531.2 529.6 516.4 501.4 485 466.1 452.5 442.2 434.8 426.1 418.5 412.3 406.1 399.5 390.5 385 379 372.8 366.5 359.8 353.9 346 340.7 341 340 339.9 340.3 339.7 341.5 343.3 341.8 335.9 328.8 323.3 317.4 312.7 310.2 308.5 306.1 303.7 301.4 300.7 299.8 298.9 297.6 296.2 294.8 293.4 291.8 287.5 287.1 285.8 284 282.3 280.5 279.1 278.3 277.5 276.8 276.2 275.4 274.7 274.1 273.4 272.6 271.1 268.9 267.1 268.8 269.1 268.7 267.4 266.7 266.1 265.4 264.7 264.1 264.1
528.6 526.9 515.4 503 489.9 469.6 459.2 443.6 435.5 427.9 420.6 413.7 406.2 399 393.1 385.9 377.1 367.7 359.6 355.4 352 349 345.5 344.1 343.4 343.8 345.5 346.2 346.5 346.2 342.9 338.4 329.5 324.5 319.5 315.6 313 311 308.4 305.9 303.4 302.7 302.1 301.2 299.6 298 296.5 295 293.8 288.5 287.9 286.3 284.7 282.9 281.1 280.2 279.5 278.4 277.3 277 276.4 275.7 274.9 274.1 272.8 270.3 268.1 269.8 271.1 270.8 270.1 269.6 269.2 268.6 268 267.3 266.6 266.3
523.1 521.8 513.4 500 488.7 474.1 462.2 450.2 439.9 429.7 422.2 413.6 406.4 400.1 392.8 385.6 376.3 371 365.3 359.8 356.8 352.1 347 347 346.8 347.6 348.7 351.3 350.7 348.8 345.4 339 331.3 326.8 323.2 319.9 317.4 315.4 312.9 310.4 307 305.4 304.6 303.6 301.7 299.4 297.2 295.4 293.2 291.3 288.1 286.5 285.3 283.6 282.4 282.1 281.1 280.1 279.8 279.1 277.9 277.1 275.9 273.4 270.9 269.1 271.1 273.1 272.6 272.2 271.7 271.2 271.6 271.8 271.1 269.8 268.4 267.7
513.9 513.1 508.6 498.6 484 474.3 462.3 452.9 442.4 431.8 422.3 415 407.6 402.1 397 390.4 382.2 375.9 370.2 363.3 359.4 355.7 352.4 351 350.5 351.4 352.5 353.7 353.3 350.7 346.8 340.4 335.3 331.1 328.1 325.8 322.1 319.9 317.8 314.5 311 308.1 307.3 305.8 303.8 301.6 299.4 297.1 293.8 292.9 290.3 288.2 285.9 284.4 284.4 283.9 283.4 283 282.7 282.2 281 279.3 279 276.9 274.7 273.6 274.4 275.1 274.5 274.1 273.6 273.8 274.3 274.7 273.9 272.2 270.5 269
503.8 503 498.5 493.4 480.7 470.8 461.3 454.8 445.9 433.8 425.3 417.1 410.8 405.1 402.1 397.2 391 384.5 375.6 369.8 364.6 360.8 357.7 356.1 355.5 356.3 357.1 359.1 357.2 353 348.4 344.8 340.6 338.4 335.8 334.1 330.4 325.9 321.9 318.6 315.1 311.5 310.1 308.1 306 303.9 301.6 298.2 296.1 294.3 291.9 289.5 287.2 285.3 285.8 286.6 287.3 286.9 286.8 285.8 284.9 284 282.7 281.4 280.7 278.9 277.4 277.6 277.1 276.6 276.5 276.4 276.7 277.1 275.9 274 272.2 270.5
493.7 492.9 489.2 484.6 477.7 469 460.2 453.5 446.5 437.9 427.2 421.5 415.5 410.2 410.2 405.7 397.8 387.1 380.6 375.5 370.3 364.7 360.9 359.9 360.1 361.2 362.3 364.4 365.3 362.4 355.8 350 348.4 347 344.4 342 337.2 332 326.8 322.7 319.1 315.5 312.5 310.5 308.4 306.3 301.4 300.1 298.1 296.1 293.4 290.8 288.2 287.9 288.7 290.1 291.4 291.9 291.8 291.8 290.7 289.6 290.5 287.6 287.3 282.1 280.5 279.6 279.7 279.7 280.3 280 279.8 279.6 277.9 275.8 273.7 272
483.8 483.1 480.2 477.3 471.4 465 457.4 451.1 444.7 438.2 429.4 424.2 418.7 415.5 415.5 410.8 403.7 391.8 386.1 381.9 376.8 371.6 368 366.3 365.8 366.8 368.6 371 371.3 370.3 364.7 357.6 354 353.8 351.3 347.8 343.1 337.4 332.2 326.6 322.1 317.8 315.5 313.5 312.3 308.8 301.8 303.3 300.5 298.2 295.2 292.5 291 291.3 292.8 294.3 295.8 296.8 299.8 300.3 302.3 300.3 299.9 295.5 289.1 284.7 283.4 282.9 282.9 283.5 283.8 283.1 282.4 281.8 279.7 277.6 275.4 273.7
474 473.8 472 468.2 463.9 458 451.8 446.7 442 437.8 431.9 425.6 421.5 420.7 419.6 415.2 410.6 395.6 391.4 387.9 383 378 374.4 372.7 372.4 373.4 375.6 376.9 377.7 377.5 372.2 365.9 360.7 359.4 357.7 353 348.2 342.6 336.6 330.9 326.2 322.8 319.8 316.8 314.2 311.2 307.6 306.6 303.6 301.5 299.3 296.7 296.2 296.4 297.9 299.8 302 306.4 310.7 313.3 312.5 309.2 305 299.1 292.8 289.9 289.3 288.3 287.4 288.4 287.3 285.9 284.5 283.2 281.2 279.1 277 275.6
463.5 463.5 462.9 461.3 456.5 451.5 446.9 442.3 437.2 433.8 430.5 427.3 423.9 421.2 421.1 418.9 411.3 402.4 396.9 393.6 389 384.7 382.6 380 380.7 381.2 382 383.8 385 383.4 378.7 372.2 368 366.3 363.1 358.9 352.7 347 340.5 335.4 331.4 328.1 324.8 321.5 318.2 314.4 313.2 311.6 309 307.4 305.3 305.7 305.6 307.2 309.1 310.9 313.8 317.2 319.9 319.5 317.3 311.8 307.6 299.6 298.3 296.1 295.3 293.6 292.1 293.3 291.2 289.6 287.4 284.7 282.7 280.7 278.6 277.8
453.4 453.4 453.4 453.6 450.3 445.9 441.7 437.3 433.7 430.8 427.8 425.4 422.7 421.4 419.8 417.5 413.6 410.6 405.1 399 395.9 392.6 390.5 389 388.5 389.2 390.3 391.4 389.8 387 382.4 377.5 371.3 368.7 365.4 361.4 355.7 350.1 344.6 340.1 336.4 332.4 328.9 325.7 322.4 317.5 319.8 318.6 316.1 315.3 315.1 315.6 316.1 316.2 316.4 318.2 320.2 324.1 326.5 324.3 320 314.7 310.8 303.9 306.7 306.7 306.2 304.3 302.1 299.1 296.5 292.8 289.7 286.7 284.9 283 281.1 282.7
446.2 445 445.8 446.8 445.9 441.6 438.3 435 432 429.6 424.8 422.9 421.5 420 419.6 418.7 419 416 413.5 407.9 402.6 398.6 396 395.2 394.3 394.4 395 396.2 393.6 387.7 381.9 376.4 373.3 370.6 367 363.3 358.2 352.9 348.7 344.7 340.6 336.3 331.6 326.7 325.7 325.3 326.2 325 323.9 324.3 323.6 323.3 323.6 324 323.3 324.3 326.7 329.3 330.2 327.1 322.7 318 314.1 310.9 314 316 316.4 314.4 312.7 307.8 301.7 297 293.3 289.7 287.5 285.5 284.2 285.8
438.9 438.1 440.2 440.8 439.5 437.1 436.3 433.4 427.5 425.6 421.4 418.5 417.2 415.9 417.9 419.3 421.1 419.8 420.8 416.5 410.9 405.3 401.5 400.5 398.9 398.3 397.9 400.4 395.9 389 381.5 376.1 373.2 370.4 366.9 363.9 359.4 357.3 352.9 348.2 343.6 338.9 335.7 333.4 330.7 330.9 331.6 331.4 331.1 331.6 331.5 330.6 331 331.3 330.6 330.6 332.4 332.6 329.9 327.8 325.3 319.5 317 318.4 320.6 322.6 325.8 320 316.7 312 306.7 301 296.9 292.2 290.1 287.8 287 288.7
431.8 430.2 434.5 434 433 432.1 430.8 426.7 423 420.8 417.6 414 412 412.1 414 417.8 421.3 422.1 423.2 422.4 418.2 412.6 407.2 405.6 404.2 402.8 402 401.2 398 390.6 382 375.5 371.4 367.9 365.7 363.1 359.3 355.9 352.4 348.5 344.7 340.1 338.1 335.6 334.1 333.1 334.9 335.9 336.6 336.9 337 337 337.9 338.5 337.4 334.3 332.6 330.7 328.1 325.9 322.2 320.4 320.9 324.4 326 327.4 327.4 325 323.6 317.9 311.8 305.9 300 294.6 291.9 289.9 289.9 291.3
427.3 421.1 424.1 425.7 424.4 425.1 423.8 421 417.3 415.3 412.7 409.2 407.6 407.9 410.7 415 419.7 422.3 427.5 428.7 423.2 418.4 414.5 410.6 407.9 405 403.2 402.3 400.2 392.3 381.6 374.2 368.8 365.5 363.2 361.4 358 353.8 350.3 346.7 343.5 340.7 338.2 336.2 335.7 335.9 337.6 338.7 339.9 340.2 340.7 341.9 341.7 340.2 336.8 334.9 331.2 327.9 325.8 323.9 322 320.6 322.9 324.7 327.7 330.5 330.6 329.2 326.7 322.3 316.4 311.3 303.7 297.8 293.8 293.1 292.6 293.3
424.5 414.2 415.6 417 416.8 417.4 416.7 415 411.7 409 406.8 403.9 402.5 403.9 407.7 412 416.7 421.7 427.7 430.1 427.1 420.6 415.8 411.7 409.3 406.6 403.9 401.8 398.9 389.8 379.6 371.9 366.6 362.6 360.2 357.5 354.7 350.8 348.1 344.4 341.5 340 338.2 336.9 336.2 337 337 337.8 339.2 340.3 340.4 340.3 339.4 337.3 334.1 330.9 327.7 326.1 324.5 322.9 322 322.3 324.5 326.9 329.3 332.4 333.9 333.4 330.5 326.4 321.2 316 308.9 301.7 297.9 296.2 295.6 296.3
420.9 414.8 407.8 406.6 409 409.3 408.9 406.9 405 402.7 400.7 399.4 398.6 399.7 402.7 407.2 413 418.8 423.9 428.4 424.9 420.5 415.2 410.1 406.4 403.2 401.3 398.9 394.3 387 381.3 369.8 363.4 358.9 355.3 352.6 350.2 347.6 344.8 341.4 340 338.9 338.2 336.8 336.2 336.7 336.7 336.8 337.6 338.4 338.4 338.9 336.7 334.4 331.1 329 327.2 325.3 323.5 322.2 321.6 322.4 325.1 327.8 330.4 334.7 337.9 338.9 336.2 332 325.9 320.7 314.3 307.3 302.7 298.8 298.6 298.6
416.1 411.4 404.7 401.2 402.1 402.6 402 400.2 398.1 396.6 395.6 394.5 394.3 395.1 397.2 401.5 407.8 414.7 419.5 422.9 420.8 415 411.2 405.3 401.4 398.2 395.8 392.7 388 382.8 376.5 365.6 360.6 355.4 350.5 348.2 346.2 343 340.1 337.9 337.2 336.5 335.9 334.3 333.7 333.8 333.8 334.4 335.6 336.8 337.2 337.7 335.5 332.9 330.2 328.1 326.5 324.7 322.8 321 321 322.4 324.9 327.9 331.4 335.9 340.3 341.1 339.1 336.1 330.5 325.3 319.5 313.7 308.9 306 305.9 304.7
412 407.6 402.2 395.4 395.8 395.9 395.1 393.6 392.4 391.3 390.4 389.5 390 390.3 392 395.7 402.5 410.2 415.1 415.8 412.5 407.1 403.7 399 395 391 387.6 384.2 380.9 376.1 369.4 361.3 355.8 350.9 346.8 344.7 342.1 338.1 336.1 335 333.9 333.1 332.1 331.2 330.7 330.7 331 332 333.6 336 336.9 336.8 335.4 332.4 329.3 327.2 325.4 323.6 321.9 320.1 320.8 321.9 324.4 327.6 331.5 336.1 339.6 341.1 341.2 338 333.6 329.5 324.6 319.8 315.7 311.9 311.7 311.7
411.6 404.8 399.1 389.1 388.5 388.3 387.6 387.5 386.9 386 385.3 384.6 384.9 385.6 386.6 390.5 397.9 404.9 408 407.1 402.9 397.2 395 389.9 385.3 381.5 376.5 373.2 370 366.7 362.3 356.5 351.2 346.1 344 341.9 338.3 334.3 332.4 331.2 330.3 329.4 328.4 328.5 329 328.9 328.8 330.6 333.4 336 337.1 336.5 335.1 332.1 329.1 326.1 323.8 322.1 320.4 319.6 319.6 320.8 323.3 326.7 330.8 335.5 339.6 341 341.6 339.1 335.9 332.6 328.1 324.3 321.4 319.1 318.3 318.6
