data/350000-650000.asc
ncols 200
nrows 200
xllcorner 350000
yllcorner 650000
cellsize 50
[rows 35 to 69 of 200, columns 78 to 155 of 200]
406.3 413.9 421.4 428.1 434.2 439.6 444.8 449.5 452.6 454.1 452.5 449.4 446.1 441.6 437 432.3 426.5 420.5 414.5 407.2 399.7 393.7 401.1 405.1 406.5 406 404.4 401 394.6 389.5 393.1 400 403.6 416.9 424.9 432.4 439.3 445 450.4 455.3 460 463.8 466.2 467.6 467.1 465.5 463.8 461.1 458.8 456 452.1 449.2 451.2 454.3 459 463.1 465.3 466.1 466.1 466 465.1 464.1 465.2 467.5 470.6 474.2 478.7 483.8 487.8 489.7 491 490.3 488.2 484.5 479.8 475.7 471.6 467.7
407.4 415 422.7 429.5 434.2 439.3 444.3 448.6 451 451.8 450.7 448 444.3 439.8 435.3 429.8 423.8 417.9 412.2 406.2 398.3 394 401.2 403.2 403 401.7 398.3 391.4 386.3 396.1 407.4 411.8 412.4 416.6 423.6 431 437.2 443.8 448.9 453.7 458.6 462 463.8 465.1 465.2 463.9 462.2 460.5 458.8 455.7 450.8 446.1 447.2 450 454.1 457.2 459.6 460.3 460.5 459.9 459.5 460.1 462.3 465.5 469.1 472.7 477.4 482.6 486.3 488 488.5 487.3 484.7 481.1 476.8 472.4 468.8 466.6
407.1 415.5 423.6 429.2 434.3 439.1 444.1 446.8 448.5 449.2 448.3 445.4 441.8 437.6 432.7 427.1 421.6 416.1 410.4 403.9 395.9 394.5 400.4 400.6 399.8 397.1 390.3 383.7 394.9 405.2 411.1 415.8 418.5 421 426.1 431.8 436.9 442.7 447.4 452.2 456.4 459.5 461.1 462.2 462.2 461.9 460.7 459.2 457.1 455 451.5 445.2 442.7 445.4 448.9 451.6 453.8 454.3 454.1 455.5 455 455.8 458.9 464.4 468.3 471.9 475.9 480.8 483.6 485.6 485.1 484.1 480.6 477.1 473.2 469.2 465.9 464.1
405.4 414 421.6 427.2 432.7 436.9 440.7 443.4 445.5 445.7 444.7 442.2 437.9 433.7 430 424.8 419.7 414.3 408.1 401.1 391.1 396.6 400.6 399.6 396.5 393.3 384.3 389.4 399.4 407.4 412.3 416.7 420.6 424.5 428.9 433 437.8 442.5 447.4 452 454.9 456.8 458.1 458.6 459.1 459.2 458.7 457.3 455.3 452.4 449.4 444.4 440.3 439.9 443.4 445.5 447.2 448.3 449.6 450.3 451 452.2 457.9 463.3 467.6 471.3 475.2 479.3 481.9 482.9 482.1 479.9 476.5 472.7 468.4 464.5 463.1 461.7
402 409.7 416.9 423.5 428.9 432.7 436.7 439.5 441.5 441.5 440.9 437.9 434.7 431.1 427.2 422.6 417.6 412.2 406.4 399.7 388.2 398.6 400.7 398.5 395.1 389.9 380.8 391.9 400.8 406.4 410.4 415 419.8 424.9 429.6 434.7 439.6 444.5 448.9 452.6 454.7 455.3 455 455.1 455.6 456 455.8 455.1 453.2 450.3 447.5 444.8 439.9 435.7 438.2 440 441.4 443 444.5 443.7 446.5 451 456.9 462.2 466.9 470.7 474 477.4 479.5 479.7 478.2 475.7 472.4 468.1 463.7 461.4 460 459.9
395.1 403.1 410.3 417.1 422.2 427.7 431.9 435.3 437.1 437.3 436.7 434.6 431.9 428.7 424.9 419.5 414.8 409.3 403.3 395.6 386.3 397.7 399.7 398.2 394.7 388.7 380.7 391.3 396.9 401.5 407.3 414.3 420 425.7 431.3 437 441.6 446.4 450.3 452.9 454 453.8 452.5 451.4 452 452.6 452.7 452.9 451.9 449.5 446.9 444.5 442 437.3 434 436.1 436.7 437.8 438.3 440.2 444.9 449.9 456.4 461.5 465.6 468.9 472.3 474.2 475.7 475.7 473.8 471.4 468.1 463.9 459.8 457.7 456.9 457.4
383.3 393.4 401.4 408.3 415.5 421.3 426.7 431 433 433.3 432.9 431.3 428.7 426.1 422.4 416.5 411.3 405.1 398.6 388.1 388.7 396 397.9 397.1 393.6 387.7 378.1 384.5 392 402.3 410.1 415.8 421.1 427.5 433.8 439.4 444.2 448.2 451 453.3 453 452.1 449 447.7 447.2 447.8 450.1 451.2 450.7 449 446.5 444 441.7 439.3 435.8 432.1 432.9 433.4 435.2 438.5 443.3 448.9 455.2 460.3 464.2 467.3 470.2 472 472.4 471.1 469 466.8 463.9 460.1 455.6 455.1 454.8 456.1
366.9 382.6 392 399.8 408.3 416.3 422.8 426.7 428.8 429.6 429.4 428.9 426.6 423.5 420.2 414.3 408 400.3 393.2 382.1 388.8 394.3 395.6 394.7 391.5 385.8 374.5 382.7 396.7 407.6 414.5 419.4 425.1 431.5 437.8 443 447.1 450.1 452.6 453.1 452 450 446.6 443.2 442.3 444.4 446.9 448.4 448.5 447.8 446 443.6 441.6 439.8 437.4 430.2 429.9 431 434.4 438.4 442.6 448 454 458.9 463.1 465.8 467.9 468.8 468.4 466.7 464.3 461.8 457.9 454.3 450.6 450.3 451.6 453.7
354.7 369.6 375.7 393.4 402.9 410.3 417.7 422.6 425.5 426.3 426.1 426.7 425.5 422.9 418.3 413.3 405.8 398.9 392.9 381.1 386.1 391.5 392.5 392.1 388.9 383.2 373.4 387.2 402.7 412.3 418.3 424.1 430.2 436.9 442.8 446.6 449.5 451.5 452.3 452 450.5 447.2 443.3 440.1 438.3 441 443.4 445 446.1 445.7 444.9 443.4 441.6 439.8 436.8 431.6 426.6 430.2 435.9 440.4 444.7 448.9 454.4 460.1 464.8 465.9 466.1 466.3 463.1 461.5 458.4 454.6 450.4 447.9 445.7 446.6 448.5 452.3
338.3 349.3 374.4 388 397.9 405.4 413.2 418.1 421.4 423.2 423.7 424.4 424 421.7 418.4 412.3 404 398.9 393.9 386 378.9 387.7 388.9 387.5 384.7 375 377.7 395 409.2 416.4 422.7 428.5 435.5 441.8 445.6 448.8 450.8 451.8 452.1 450.1 448 444.7 439.9 437 435.8 437 439.5 441.4 442.8 443.7 443.3 442.6 441.3 439.5 436.7 431.5 425.9 431 436.9 441.9 446.4 451 457 462.1 465.9 466.5 465.1 462.8 458.9 455.8 451.8 447 443.8 442 442.1 442.9 445.1 450.2
331 342.1 364.8 382.5 392.4 400.6 408.1 413.5 417.1 420.1 421.3 422.2 422.1 420.2 417.1 409 402.4 397.5 392.3 387.6 367.1 379.8 383.2 380.5 373 367 389.1 404.8 415.3 422.5 428.2 433.5 439.2 443.5 446.9 449.7 450.9 451.4 450.5 448.6 445.7 441.6 437.2 434.4 433.6 434.1 435.8 437.7 439.8 441.1 441.9 441.7 440.9 439.2 436.4 429.6 423.9 431.4 437.4 441.9 447.2 452.9 459.6 464.8 467.1 466.2 464.3 459.8 454.7 449.7 444.5 441.2 438.7 437.9 437.5 440.1 442.6 447.3
329 339 353.1 375.9 386.7 395.1 403.2 408.9 412.8 416.1 418 419.1 419 417.8 412.4 405 400 395.1 390 386.5 378.4 366.5 367.7 362.8 377.2 389.2 402.7 415.2 422 427.8 432.7 436.9 440.8 443.1 445.9 448.5 450.2 449.7 448.8 446.5 443.1 439.1 434.8 432.3 431 430.9 432.2 434.1 436.5 439 440.2 440.5 440.1 438.3 435.8 430.1 421.8 431.1 437.1 442.8 448.7 454.3 461 466 467.3 465.6 462.5 457.9 450.9 444.8 440.6 437.2 435.2 434.6 435.6 437.3 440.1 444.6
330.7 338 347.4 362.4 381.2 390.1 399 404.7 408.1 410.7 412.4 414.3 414.7 413 408.2 401.5 396.7 392 388.1 385.3 378.8 359.9 363.4 379.5 391 400.8 414.1 422 427.6 432.6 435.9 438.9 440.6 442 443.9 446.8 448.2 447.9 446.7 443.9 440.6 437.8 433.7 431 430 429.7 429.3 431.4 433.6 435.9 438.1 439 438.6 437.5 435.3 429.4 421.9 431.7 438.1 444 450.1 455.7 462.2 465.3 465.8 463 459.8 455 449.1 442.5 437.5 434.6 432.3 432.1 432.5 434.9 437.5 441.1
332.9 333.7 341.4 353.6 372.1 383.4 394.8 400 402.7 404.6 404.9 408.4 409.5 407.6 403.6 397.8 393.5 389.2 385.8 379.7 366.1 353.5 373.8 388.8 399.1 410.3 420.8 427.5 433.1 435.9 438.4 438.6 438.6 439.4 441.6 445.2 445.8 445.4 444.2 442.7 439.4 436 433.4 431.3 429.3 428.7 428 428.3 430.6 432.9 435.2 436.2 436.6 435.9 433.9 429.9 419.7 430.6 438 444.7 450.8 456.4 461.6 463.9 463.3 460.4 456.5 451.8 446.4 440.6 434.6 431.6 429.5 428.5 429.1 432.3 434.9 438
314.5 324.2 333.8 339.2 350.6 364 377.9 391.5 394.8 394.5 396 398.1 398.7 397.3 395.3 392.6 389.1 385.9 380.8 365.5 354.8 366.1 381.7 396.6 406 417.1 426.1 431.3 436.4 438.4 439.4 438 435.7 435.8 438.1 441.6 442.4 442.1 441.1 440.1 438.2 435.2 433 431.4 430 427.8 426.5 425.9 427.7 430.1 431.5 433.1 433.9 433.3 431.7 428.3 417.4 428.7 436.5 443.4 450.3 456 459.3 461.1 460.4 457.5 452.9 448.3 443.4 438.3 433 428.2 425.5 423.7 427.2 430 432.4 435.1
305.2 313.6 321.7 330.6 338.9 350 359.6 374.3 384.5 386.8 389.5 391.5 392.3 391.9 390.1 387.7 385.4 382.2 365.9 349.8 357.9 374.9 391.5 402.7 412.6 422.3 429.9 434.9 438.9 440 439.1 435.7 432.9 432.4 435 437.3 438.3 438.4 437.6 436.7 436.7 434.8 433.4 432.3 430.7 428.6 426.4 424.2 424.7 426.4 428 429.6 431 430.8 429.1 426.2 415.7 424.9 433.8 441.8 449.3 453.7 456.6 458.1 457.1 453.9 449 443.8 438.9 434 429.7 425.6 421 419.2 424.7 427.1 429.9 432.9
318.5 314.9 319.3 327.2 334.3 341.8 350.6 366.2 375.4 383 385.8 387.4 387.3 386.7 385.8 384.7 382.4 371.2 351.9 351.7 367.7 383.5 397.8 407.1 417.5 425.4 431.8 436.9 439.2 438.7 436.2 432.7 428.8 427.2 429.9 431.8 433.2 434.1 435.2 435.2 435.7 435.2 434.3 433.2 431.5 429.3 426.9 423.5 422.3 423.2 424.7 426.2 427.4 427 425.9 421.4 413.3 423.4 431.4 440 447.8 452.6 455.1 455.6 454.2 450.9 445 439.3 435.4 430.7 426.6 422.9 418 418.9 422.4 425.4 428 430
335.5 333.5 329.9 330.1 334.4 340.1 348.9 361.3 373.5 378.9 382.3 383 382.8 382.2 382.4 381.8 377.9 359.6 342.5 359.4 374.8 389 401.9 409.6 419 426 431.6 436.1 436.9 435.2 432.2 428.3 422.3 420.5 423.6 425.6 427.2 429.7 431.4 434.5 435.2 435.8 435.1 433.9 432 429.6 427.2 424.1 419.9 419.1 421 422.5 422.8 422.4 421.7 416.9 416.4 424.3 431.8 440.8 447.4 451.7 453.3 452.4 450.9 447.7 442.7 437.1 432.1 426.7 422.6 419.2 414.6 415.5 420.4 423.2 425 426.8
338.4 342.9 343.3 343.6 344.9 349.6 354.5 365 372.1 376.3 378.7 378.6 378.5 378.6 378.8 378.2 374.1 351 340.9 363.2 379.1 394 403 410.4 417.9 423.9 429.1 432.7 433.3 430.9 427.6 422.5 416.9 412.8 416.8 418.1 419.8 424.9 429.4 433.2 435.3 436.2 436.1 434.4 432.4 430 427.6 424.5 420.3 416.6 416.8 417.8 418 417.6 415.4 409.3 420.1 427.9 435.6 442 447.3 450.3 451.1 450.1 448.3 444.1 439.4 434.6 428.6 422.9 419 415.8 411.7 413.3 418.2 420.7 421.9 422.8
326.5 334.3 339 342.4 349.4 357.9 364.2 368.1 371.5 373.8 375 374.8 374.7 374.8 374.3 373.8 367 344.2 340.7 364.2 381.5 393.4 401.8 408.2 414.5 420.6 425.4 428.1 428.5 426.1 420.3 415.8 410.6 402.9 405.7 407.9 413.3 422.9 429 433.1 435.2 436.3 436.3 434.8 432.8 430.4 428.1 424.8 422.7 419.2 415 412.5 412.3 410.8 408.1 416 424.3 431.2 438 443.9 447.7 449.4 449.4 447.7 444.9 441.4 437.2 431.5 425.8 420.4 416.2 413.2 408.4 410.8 416.1 417.8 417.8 418.9
306.9 311.7 318.2 320.4 331.6 351.5 361.3 366.8 369.4 371.7 371.5 371.3 370.7 369.8 369.4 368.3 358.5 337.1 342.1 364.4 380.4 391.6 398.6 404.6 410.4 416.4 420.9 423.1 423.2 419.1 413.3 407.9 402 392.7 395.3 405 414.8 422.1 427.7 432.6 435.1 436.2 436.3 435 433.2 430.9 428.8 428 426.5 423.4 421.1 416.3 412.9 407.3 409.6 419.6 426.9 434.4 440.6 444.9 447.4 448.4 447.4 445 442.4 439 434.8 429 422.4 417.9 414.5 411.1 407 407.5 412 413.3 414.9 415.4
326.6 330.3 333.6 346.4 352.5 346.9 351.5 361.8 366.9 368.2 368.2 367.9 366.3 364.9 363.1 360.4 353.5 330.4 340.3 362 376 386 393 399.3 405.3 411.2 415.5 417.3 416.3 411.4 405.4 398.8 392.4 389.1 402.2 410.1 416.6 422.3 427.9 432.5 434.9 436.3 436.3 435.1 434.3 433 431.9 431.1 429.8 427.9 426 424.2 419.2 405.7 409.8 421.1 428.4 435.5 441.1 444.6 446.6 446.6 445.1 442.4 440.4 436.6 432.5 425.6 420.5 416.8 413.4 409.9 405.4 403.7 407.8 408.6 410.2 411.4
352.6 355.3 341.6 365.9 370.4 368.3 362.9 357.3 365 366.7 366.3 364.5 362.6 360.7 358.2 354.1 348.5 328.9 331.7 353.7 369.6 379.6 387.6 394 399.5 404.3 407.7 409.3 407.2 401 393.7 389.5 380 397.2 407.7 414.3 419.3 424.1 428.3 432.1 434.8 437.4 436.8 436.6 435.9 435.7 434.8 434 433.1 431.8 429.8 426.9 421.9 407.2 408.7 421 427.3 433.9 440.2 443 444.4 444.3 442.2 439.7 438 434.3 429.9 424.1 419.7 415.9 412.5 409 405.1 400.5 403.7 404.4 405.1 406.1
366.8 369.5 369 369.4 372.8 371.4 369.2 364.8 366.1 365.4 364.1 361.8 359.8 356.7 353.5 349.4 341.5 327.3 324.4 338.9 354.4 371 383.3 389.9 394.3 397.8 398.6 397.6 393.2 387.4 383.8 375.5 388.8 400.7 410.9 416.8 422.4 426.3 430.4 433.9 436.7 438.3 438.6 438.3 438.8 439.1 438.7 437.8 436.7 434.4 431.5 427.9 421.4 408.8 407.8 418.9 425.1 431.5 436.4 440 441 440.5 438.8 437.2 435.5 431.7 425.9 423 419.2 415.3 411.5 407.8 404.4 399.7 398.5 400.3 402 403.5
374.7 374.5 373.9 373.5 373.5 373.1 371 369.9 368.8 367.5 364.9 362.4 358.4 354.7 350.6 344.5 336.6 327.3 319.7 327.2 341.9 365.5 380 385.8 389.6 390.2 388.8 385.3 381.4 376.1 370.4 378.1 392.6 403.4 412.1 418.1 423.9 428.8 432.8 435.8 438.4 439.9 440.6 441 441.7 442.4 442 441.2 439.1 435.7 432.3 428 421.4 406.8 404.8 415.9 422.5 427.8 432.6 436 437.2 436.6 436.3 435.1 432.9 428.9 424 421.1 417.6 413.9 409.9 406.8 403.9 400.5 394.6 396.8 397.6 398.6
377.9 376.7 375.5 375.3 375.4 374.9 373.6 373.5 372 369.8 367.4 364.8 361.6 357.7 353 343.7 331.8 324.6 321 317.5 334.1 357.7 374.3 381.3 382.5 380.8 378 373.9 368.7 363.4 365.2 382.9 393.5 402.6 411.4 418.5 424.1 429.4 433.4 436.1 439.2 441.3 442.5 443.4 444.3 445.1 445 443.4 440.1 436.2 432.7 426.9 419.8 406.4 398.4 411.3 419.2 424.3 428.2 431.1 432.6 433.9 433.9 432.4 429.9 426.5 423.3 419.7 415.8 411.7 408.4 405.3 401.7 399 394.6 392.3 396.7 400.5
375.8 376.3 377.9 378 377.6 377.3 377.5 377.1 375.4 373.1 370.4 367.3 364.1 360.1 355.8 350.9 343.6 324.9 318.7 314.2 323.7 346.2 366 374 374.9 371.6 368.1 360.6 353.1 349.3 365.1 380.6 393 401.1 409.1 417.6 423.8 428.9 433.4 436.8 440 442.9 444.3 445.4 446.2 447 446.1 443.8 440.4 436.9 431.9 426 418.1 405.6 397 405.6 414.8 420.4 423.7 426.7 429.1 431 430.7 428.9 426.6 424.3 422.3 419.2 414.1 410.5 407.7 403.5 400.1 396.7 393 393 397.5 402.1
374.8 378.5 381 382.2 382.5 380.7 380.9 379.5 377.6 375.3 372.2 368.5 364.7 360.8 355.2 350.3 344.2 330.4 316.8 312.8 313.6 332.2 353.5 361.5 362.5 360.2 351.6 341.6 344.9 364.2 379.4 385.7 386.1 399.4 407 415.3 422.5 428.3 433.2 437.4 440.9 444.3 446 446.6 446.7 446.6 444 442.2 438.8 435.2 430.5 424.7 418 407.2 396 401.7 410.2 416.1 420.4 423.4 426.2 427.6 427.3 425.5 424.8 423.3 421.3 418.6 414.4 409.8 405.9 402.3 398.6 395 390.8 392.8 398.2 403.5
377.2 381.4 383.8 385.5 385.6 384.2 383.1 381.9 379.2 376.5 372.5 368.2 363.4 358.6 353 346.8 338.2 331.8 315.6 310.7 312.5 319.8 335.3 349.7 350.2 343.5 333.5 341.8 358.1 376.2 387.9 393.1 396.8 402.3 405.9 416.1 422.5 428.5 433.7 438.1 442.4 445.5 446.6 445.9 445.5 443.8 441.2 438.5 435 429.8 426.9 423 415.7 406.2 395.3 398 406.6 412.8 417.3 421.4 424.2 425.6 425.1 424.1 423.9 422.2 420.3 417.4 412.6 408.2 404 400.5 396.9 392.8 389.2 395.5 402.5 407.3
379 383.4 386.1 387.2 387.1 386.4 384.5 382.3 378.7 374.9 370.3 364.9 359.7 354.2 344.9 327.4 325.2 320 315.2 308.4 310.8 312.6 318.9 332.9 335.8 327.8 338.7 353.7 370 383.8 391.1 397.1 403.3 409.2 414.1 420.1 426.1 430.8 435.2 439.3 443.4 445.3 445.7 444.8 443.1 440.3 437.5 433.1 429.2 426.1 423.2 420.3 414.8 405.5 395.3 394 401.7 409.5 415.5 419.8 422.2 423.3 424 423.4 423.2 421.1 419.1 416 410.8 405.2 402.3 399 395 388.5 387.8 399.4 405.9 411.6
380.2 384.7 386.8 387.2 386.9 385.6 383 380 376.3 371.9 366 350.7 351.1 351.1 348.6 344.1 339.2 333.1 325 308.5 307.9 310.3 313.5 316.9 319.2 327.9 346.7 361.6 376.8 386.7 394.1 401.2 408.9 414.5 419.1 424.2 429.8 434.4 437 439.7 442.4 443 442.8 442 439.6 436.3 432.8 428.9 424.9 422.8 419.9 416.6 413 405.4 393.5 391.8 399.3 407.2 414.2 418 420.4 421.5 422.4 422.9 422.7 420.3 417.7 413.4 408.1 403.5 400.3 397 391.3 385.6 395.4 404.9 412.1 417.4
381.9 385.4 387 386 384.8 383.6 380.9 377.5 368.7 370.8 369.2 366.9 363.3 358.1 352.5 347.5 342.3 336.4 329.7 308.1 304.6 307.7 311.9 319.6 328.8 342.5 353.9 365.4 379.6 390.6 398.9 407.5 415.1 419.8 425.8 430.3 433.2 436.5 437.9 439.5 440.1 439.8 439.5 437.7 435.2 431.6 427.6 424.4 421.5 419.4 416.3 413 409.9 403.4 391.2 389.7 399.2 406.6 413.2 416.5 418.6 419.7 420.8 421.9 421.3 419.3 416.2 411.6 405.7 402.1 398.7 393 385 388.9 401.7 408.8 415 419.8
383.4 386.2 388.3 387 385.7 384 381.9 379.3 377.9 376.2 373.1 369.3 365.2 359.2 352.4 346.6 341.1 335.6 329.5 306.5 302.8 307.8 318.5 335.4 346.9 349.3 358.7 372.7 384.9 395.5 404.5 412.9 419.4 425.6 430.6 433.5 436.4 437.5 438.1 438.1 437.5 436.8 435.9 433.4 430.1 426.1 423.4 420.6 418.5 416.1 412.4 408 404.2 398.7 389.7 390.6 399 406.7 411.9 414.9 416.8 418.2 419.7 420.3 419.7 417.8 414 410 404.1 400 394.9 386.9 382.7 396.8 404.2 410.6 415.9 420.9
387.4 389.7 390.6 389.3 387.9 386.5 384.9 383 380.6 378.1 374.8 370.4 364.4 356.9 347.6 341.2 336.9 330.7 324.5 311 301 308.2 327.3 347.9 357.1 359.3 365.4 378.1 388.9 399.2 408.3 416.5 423.6 429.9 434.5 437.2 437.9 437.7 436.6 435.3 434.3 433.4 431.4 427.4 424.3 421.1 419.4 417.7 415.8 412.5 407.8 403.1 398 392.7 387.1 391.9 400.1 406.1 411.3 413.8 415.3 416.9 418.4 418.9 417.5 414.8 411.7 408.1 402.3 397.8 392.1 383.4 386.9 398.4 404.7 410.8 415.9 421
389.3 391.4 391.7 390.8 389.9 389 387.7 385.6 383.5 380.5 376.9 371.7 365.2 357.2 346.9 337.9 330.1 325.4 317.9 297.6 302.3 312.2 334 353.7 362.2 364.6 369.7 380.1 390.4 400.2 409.8 419.4 426.2 432.3 436.2 438 437.1 435.7 434 432.6 430.9 428.4 425.2 421.2 418.2 416 414.9 414.3 411.6 408.5 403.8 399.1 392.1 385.9 385.7 394.6 399.8 405.5 410.2 412.6 413.9 415 416.5 417.6 415.7 412.4 408.2 404 399.6 395.2 391.2 379.8 388.7 397.7 402.8 409.4 415.1 420.8
