data/360000-100000.asc
ncols 200
nrows 200
xllcorner 360000
yllcorner 100000
cellsize 50
[rows 0 to 34 of 200, columns 0 to 77 of 200]
53.7 53.9 54.4 54.9 54.9 55.4 55.4 56 56.9 58.8 60.1 61.2 63 64.9 65.1 64.7 64.4 64.9 65 65.6 66.4 67.1 67.1 65 62.6 60.1 58.3 57.4 56.8 57.2 57.3 57.5 57.7 57.9 58 58.4 58.9 59.4 60.2 61.4 63.1 64.1 64.5 64.9 65.7 66.7 67.9 69 69.6 69.6 69.5 69.7 69.8 69.3 69 69 68.9 69 69.5 70.5 70.1 73.1 75.4 80.1 85.2 89.4 93.1 95.8 97.1 97.3 97.2 97.2 97.2 97.3 97.2 96.8 96.4 96.1
53.9 53.6 53.6 53.8 54.7 55 55.1 54.5 54.8 55.1 55.8 56.8 58.8 60.9 62.1 62.9 63.5 64 64.6 65.9 67 66.7 67.2 65.4 62.4 59.9 58.4 57.8 57.2 57.4 57.7 57.9 58.1 58.4 58.5 58.5 58.9 59.5 60.1 61.1 62.8 63.5 63.5 64.1 64.9 66.2 67.4 68.7 69.4 69.7 69.9 70.1 70.3 70.2 70.2 70.1 70.1 70.1 70.8 72.4 72.9 74.7 77.9 83.8 89.9 92.9 95.7 96.1 97.3 97.3 97.2 97.1 97.1 97.2 97.1 96.9 96.7 96.3
54 53.8 53.9 54.2 54.5 54.6 54.8 54.7 54.5 54.8 55.1 55.4 55.9 57.1 58.3 59.9 60.9 61.4 62.2 63.7 65.9 66.2 67.2 65.1 62.2 59.7 58.8 58.1 57.7 57.9 58.1 58.4 58.6 58.9 59 59 59 59.7 60.4 61.2 62.3 63.4 63.4 63.7 64.3 65.7 67 68.6 69.2 69.4 69.4 69.9 70.1 69.9 69.8 69.8 70 71 72.2 74.2 76.8 79 81.5 88 93.4 96.1 96.6 96.9 97.2 97.1 97.1 97 97 97 96.7 96.5 96.1 95.3
54 54.2 54.4 54.5 55.2 56.1 56.3 56.2 55.8 55.4 54.9 55.3 55.6 55.9 56.4 57 58.2 59 59.8 61.1 63.8 66.4 66.4 64.1 61.8 59.8 59 58.2 58.3 58.4 58.6 58.9 59.2 59.4 59.6 59.5 59.8 60.3 60.8 61.5 62.2 63.3 63.4 64.4 64.7 65.2 66.8 68.3 68.9 69 68.9 68.9 69 69.3 69.4 69.4 70.2 71.5 73.4 75.6 78.3 80.8 86.8 93.6 95.9 97.2 97.7 97.6 97 97 97 96.9 96.9 96.6 96.2 95.9 94.7 94.3
54.7 54.5 54.7 54.9 56 57.2 57.6 58 57.5 56.9 56 55.7 55.5 55.3 55.7 55.9 56.5 57 57.6 58.6 61 63.7 64.7 62.3 60.2 59.5 59 58.7 58.6 58.7 59.1 59.4 59.7 59.9 60.1 60.2 61 61.7 62.2 62.1 62.7 63.3 64.6 65.6 65.8 65.3 66.3 67.4 68.3 68.2 67.9 67.7 68 68.3 68.7 69.2 70.4 72.3 74.5 76.2 78.2 82.1 90.1 95.5 97.3 97.3 98.2 97.7 97.1 96.9 96.9 96.8 96.1 95.8 95.5 94.9 93.2 92.5
54.8 55.3 55 55.6 56.2 57.7 58.2 58.5 58.8 58.5 57.6 56.9 56.8 55.9 55.8 55.9 56 56.6 57.2 57.7 59.3 60.5 61.4 59.7 59.5 59.2 58.7 58.5 58.8 59.1 59.5 59.8 60.2 60.5 60.6 61.4 62.4 63.2 63.5 63 63.4 64.2 65.5 66.9 67.6 67 67.1 67.5 67.9 68.5 68.6 67.9 68.2 68.7 69.1 69.8 70.7 72.6 75.8 78.6 79.5 84.4 91.7 97.1 98.1 97.9 98.5 97.9 97.3 96.7 96.7 96.8 95.5 94.4 93.9 92.5 91.7 90.9
54.9 55.6 55.6 55.4 56.1 57.7 58.7 59 59.3 59.7 59.7 58.7 57.7 56.7 56.1 56 56.1 56.2 56.7 57.2 58.1 58.8 59 58.8 58.6 58.4 58.5 58.8 59.2 59.5 59.8 60.2 60.5 60.9 61.4 62.6 63.8 64.5 64.5 64.1 64.2 65.1 66.3 67.7 68.1 67.6 68.1 68.6 68.9 69 69.1 68.2 68.5 69 69.8 70.5 71.4 73.1 75.8 78.9 82.2 86.1 92.1 96.6 98.8 98.4 98.6 98 97.5 96.9 96.5 96 94.6 93.5 92.9 92.2 91.4 91
55.5 55.6 55.7 56.2 56.4 57.6 59.2 59.6 59.9 60.3 60.4 59.8 58.8 57.8 57 56.4 56.5 56.6 56.9 57.1 57.5 57.8 58.1 58.3 58.5 58.7 58.8 59.2 59.5 59.8 60.2 60.5 61 61.5 61.9 62.2 62.9 63.7 64 64.2 64.7 65.6 67.1 68.1 68.5 68.2 68.7 69.1 69.4 69.7 69.7 68.9 69.1 69.8 70.6 72.1 72.9 73.6 76.1 79.1 81.8 84.5 89.3 95.1 98.5 98.9 98.7 98.1 97.6 97 95.8 94.5 93.8 93.2 92.7 92.1 91.3 91.2
55.9 56.4 57 57.5 58 58.4 59.8 60.1 60.6 61 61.1 60.5 59.6 58.8 58 57.2 56.8 57.1 57.1 57.1 57.5 57.9 58.1 58.5 58.8 59 59.1 59.5 59.8 60.2 60.5 61 61.5 62 62.5 62.8 62.5 62.9 63.7 64.3 64.9 65.3 66.6 68.1 68.7 68.5 69.2 69.6 69.9 70.2 70.3 69.8 70.1 71.1 72.3 73.4 73.6 74.1 76.1 77.7 80.3 82.9 88 94.8 98.3 98.5 98.5 98.1 97.7 96.5 95.1 93.8 93.2 92.7 92.3 91.8 91.2 91.2
56.2 56.8 57.5 58.1 58.7 59.6 60.3 60.7 61.1 61.5 61.5 61.1 60.3 59.5 58.8 58 57.3 57.3 57.2 57.2 57.7 57.5 58.4 58.6 59 59.3 59.5 59.8 60.1 60.6 61.1 61.6 62.1 62.5 62.9 63.3 63 63.1 63.8 64.4 64.8 65.2 66.8 68.2 67.8 68.6 69.5 70.1 70.3 70.5 70.8 71.1 71 71.6 72.9 74.4 74.9 75.4 76.6 78.5 81.7 84 88.4 94.3 98.3 98.4 98.3 98 97.6 96 94.6 93.3 92.5 92 91.6 91.1 90.6 90
56.5 57 57.6 58.2 59.3 60.2 60.9 60.9 61.2 61.6 61.5 61.1 60.6 59.9 59.1 58.3 57.8 57.6 57.8 58.1 57.9 57.5 58.8 59.1 59.3 59.5 59.8 60.2 60.7 61.2 61.7 62.2 62.6 63 63.4 63.7 64.1 64 64.6 64.8 64.7 65.2 67 68 68.6 69.7 70 70.2 70.3 70.5 71.2 71.5 71.9 72.2 73.4 75 76.3 77.1 77.8 79.4 82.4 85.6 90.4 95 98.2 98.4 98.2 97.8 97.4 95.6 94.1 93 91.9 91.1 90.5 90 89.4 88.7
56.8 57.2 57.7 58.6 59.9 60.9 61.4 61.5 61.4 61.6 61.5 61.1 60.7 60.2 59.4 58.7 58.3 58 58 58 58.2 58.2 59 59.8 59.9 60 60.3 60.8 61.3 61.8 62.3 62.7 63.1 63.5 63.9 64.2 64.5 64.8 65 65.2 65.2 64.9 66.3 67.8 68.6 69.9 70 70.1 70.3 70.7 71.6 71.9 72.3 72.7 74.3 75.9 77.6 78.6 79.5 80.3 83.1 85.9 90.8 95.6 97.8 98.2 98 97.6 97.2 95.6 93.6 92.9 91.9 90.8 89.8 89.7 89.3 88.9
57.2 57.6 58 59.3 60.6 61.5 61.9 62.1 62 61.9 61.5 61.1 60.7 60.3 59.7 59.3 58.9 58.5 58.3 58.5 58.7 59.3 59.8 60.3 60.2 60.2 60.7 61.4 61.9 62.4 62.8 63.2 63.6 64 64.3 64.7 65 65.2 65.5 65.7 65.9 65.7 65.4 66.9 68.4 69.9 70 70.1 70.3 71.1 71.9 72.3 72.6 73.5 75 77 78.7 80.1 80.9 81.8 83.5 87.1 91.3 96 97.5 98 97.8 97.4 97 95.6 93.2 91.6 91.1 90.2 89.8 89.9 89.7 89.3
57.5 57.9 58.9 60.3 61.3 62 62.4 62.6 62.5 62.4 62.3 61.8 61.3 60.8 60.2 59.8 59.4 59 58.8 59 59.1 59.6 59.9 59.9 60.4 60.3 61 61.8 62.5 62.9 63.3 63.7 64 64.4 64.8 65.2 65.4 65.7 65.9 66.1 66.3 66.7 66.3 66 66.5 67.7 69.9 70.1 70.5 71.5 72.3 72.7 73.3 74.3 75.7 77.8 79.7 81.4 82.4 83.6 85.4 87.6 91.7 96.5 97.6 97.8 97.7 97.2 96.1 94.5 93 92 91.3 91.2 90.6 90.1 90.1 89.6
57.9 58.4 59.4 60.1 61.4 61.9 62.8 63.1 63.1 63 62.9 62.6 62.2 61.4 60.6 60.3 59.9 59.6 59.2 59.4 59.3 59.7 60 59.8 60.2 60.6 61.4 61.9 62.5 63 63.5 64 64.5 64.9 65.3 65.6 65.9 66.1 66.2 66.2 66.7 67.1 67.4 67 67.1 66.6 68.3 70.1 70.9 71.8 72.7 73.2 74 75.2 76.6 78.5 80.1 81.8 83.9 85.9 87 90.2 94.3 97.2 97.6 97.7 96.3 95 93.3 92.9 92.6 92.5 92.4 92.1 91.5 90.9 90.3 90
58.3 58.4 58.5 60.1 61.3 62.2 63 63.5 63.7 63.6 63.5 63.3 62.8 62 61.2 60.8 60.4 60.1 59.7 59.7 59.6 59.9 60.4 60.8 60.9 60.9 61.3 61.8 62.4 62.9 63.4 63.9 64.4 64.9 65.4 65.8 66.2 66.3 66.4 66.6 67 67.5 67.9 68.6 68.2 67.6 69.2 69.7 71.5 72.4 73.1 73.9 74.8 76.3 77.7 79 80.2 82.2 84.3 85.9 89.4 93 96.1 97.7 97.6 97 94.6 93.9 94 94 93.8 93.5 93.3 93 92.4 91.8 91.1 90.4
59 58.9 59 59.8 61.7 62.6 63.3 63.9 64.2 64.1 64.1 64 63.7 63.1 62.2 61.8 61.4 61 60.3 60.3 60.3 60.2 60.6 60.8 61 61.2 61.3 61.7 62.3 62.8 63.4 63.9 64.4 64.9 65.5 65.9 66.2 66.5 66.6 67 67.4 67.8 68.2 69.8 69.6 68.7 68.2 69.1 71.6 72.8 73.8 74.9 76.4 78.3 79.8 81 82.3 83.4 85.3 88.5 92.2 95.4 97.5 97.6 97.1 95.5 94.8 95 95.2 95.2 95 94.7 94.4 94.1 93.5 92.8 92.1 91.8
59.7 59.6 59.6 59.1 60.2 62.7 63.5 64.1 64.5 64.8 64.8 64.7 64.3 64.1 63.2 62.8 62.2 61.4 60.8 60.8 60.8 60.8 60.8 61 61.2 61.4 61.6 61.9 62.4 62.9 63.4 63.9 64.4 64.9 65.5 65.9 66.3 66.6 66.9 67.3 67.7 68.1 69.3 70.9 71.2 70.2 68 68.8 71 72.5 74.6 76.1 78.6 80.4 82.3 83.6 85 85.7 88.2 91.5 95.1 97.3 97.2 97.5 96.9 95.6 95.4 96.2 96.6 96.6 96.4 96.1 95.9 95.3 94.9 94.3 93.7 93.3
59.6 59.7 59.7 59.4 59.5 60.6 63.5 64.1 64.7 65.3 65.4 65.3 65.2 65 64.2 63.5 62.6 61.8 61.4 61.4 61.4 61.4 61.4 61.5 61.7 61.9 62 62.2 62.7 63.2 63.6 63.9 64.4 65 65.5 65.9 66.3 66.7 67.1 67.5 68 68.8 70.4 72 72.6 71.5 69.5 69.7 70.9 72.9 75.4 77.8 80.3 82.8 85.1 87 88.6 88.9 91 94.3 97.3 98.6 97.7 97.8 96.9 96.1 96.5 97.8 98.1 98.1 97.9 97.7 97.1 96.7 96.6 96 95.5 94.8
59.6 59.7 59.9 60.1 60.2 61.3 61.9 64.1 65 65.8 66 66 65.8 65.3 64.5 63.9 63.1 62.3 62 62 62 62 61.9 61.9 62.1 62.3 62.4 62.5 63 63.4 63.7 64 64.5 65 65.5 65.9 66.6 67.8 68 68.5 69.4 69.7 71.5 73.1 73.7 73.4 71.9 70.3 70.5 73.1 75.8 78.4 80.6 82.9 87.3 89.9 92.2 93 94.8 97.4 98.7 99.9 99.1 98.1 96.9 96.5 97.6 99 99.6 99.6 99.4 99.5 98.5 98.3 98.3 97.7 97.1 96.3
59.9 60.1 60.3 60.5 60.6 59.7 60.8 63.6 65 65.9 66.5 66.8 66.5 65.5 64.6 64.3 63.5 62.7 62.5 62.5 62.5 62.5 62.5 62.5 62.5 62.6 62.8 62.9 63.2 63.5 63.8 64.1 64.6 65.1 65.7 67.2 68.4 69.7 70 70.8 70.8 70.6 72.7 74 74.9 74.7 73.1 71.8 70.7 71.5 74.8 77.1 79.7 83.5 88.3 91.5 94.6 96.4 97.8 99 100.3 100.8 99.9 98.9 97.9 97.8 98.6 100.1 101.1 101.1 101.3 101.4 101.1 100.5 100 99.4 98.8 97.8
60.4 60.6 60.7 61 60.6 60 60.7 63 65 65.8 66.6 67.1 66.9 65.6 64.7 64.4 64 63.2 63.1 63.1 63.1 63.1 62.6 63.2 63.7 63.4 63.3 63.6 63.5 63.7 64 64.2 64.7 65.7 66.6 68.2 69.8 71.5 72.5 72.5 72.4 73.5 74.3 74.8 75.8 75.4 73.7 71.9 71 72.3 73.8 75.9 79.2 83.7 88.7 93 96.7 98.3 99.5 100.6 101.6 101.2 100.5 99.2 98 97.9 99.5 101 102.1 102.2 102.1 102.2 102 101.8 101.5 101 100.3 99
60.9 61.1 61.2 61.4 61.4 61.5 61.5 62.4 64.4 65.6 66.6 67.1 66.6 65.7 65 64.4 64.3 63.6 63.7 63.7 63.8 64 63.6 64.6 64.1 63.7 63.9 64.4 64.5 64 64.2 64.6 65.5 66.5 68.2 69.5 71.2 73.3 74.3 74.5 73.8 75 75.5 75.4 76.1 75.5 74.2 72.3 71.5 73.5 76.5 77.4 79.7 83.4 89.1 93.7 97.4 99.7 100.6 101.3 102.1 101.6 101 99.6 98.2 98.4 99.8 101.5 102.7 103.4 103.3 103.3 103.3 103.3 102.9 102.3 101.5 99.9
61.3 61.5 61.7 61.7 61.8 61.7 61.8 62.5 63.8 65.1 66.4 66.9 66.4 65.5 64.9 64.4 64.2 64.3 64.4 64.5 64.7 64.6 64.7 65.1 65.1 64.6 64.5 65 64.5 64.3 64.6 65.4 67.1 68.6 72 72.5 73.6 75.8 76.2 76.2 75.5 76.2 76.6 76.5 76.2 75.7 74.9 72.9 71.8 74.3 77.4 80.3 82.8 85.2 89.6 94.2 98.2 100.5 101.2 101.8 102.4 101.9 101.3 99.8 98.3 99.1 100.1 101.8 103 104.2 104.6 104.7 104.7 104.6 104 103.3 102.5 101.1
61.6 62.4 62.2 62.1 62.1 62.1 62.1 62 63.6 65.1 66.5 66.7 66.1 65.4 65 64.6 64.6 65 65 64.9 64.8 64.9 65 64.9 66 65.6 65.3 65.3 64.7 65 65.3 66.4 68.9 72.1 74.5 76.1 76.5 77.5 77.8 77.8 77.3 77.5 77.4 77.3 76.9 76.4 74.7 72.6 72.4 74.7 78.3 81.8 84.7 88 92.4 96.2 99.2 101.5 102 102.4 102.1 101.4 100.4 99.5 98.6 99.2 99.8 101.6 103.1 104.2 104.9 105.5 105.5 105.7 105.1 104.4 103.1 101
63 62.8 62.5 62.4 62.4 62.5 62.5 62.4 63.3 64.9 66.6 67.3 66.7 65.9 65.4 65.1 65.3 65.3 65.2 65.1 65 65.2 65.3 65.3 65.4 65.6 65.9 65.4 65.7 66 66.5 67.8 70 72.7 76.2 78.1 78.7 78.5 78.7 79 78.5 78.6 78.4 79 77.8 77.2 74.6 73.4 73.1 75.5 79.1 81.8 84.3 88.8 93.2 97.3 99.8 101.7 102.3 102.7 101.4 100.6 99.8 99.1 98.9 99.2 99.8 101.4 103.4 104.5 105.4 106.1 106.4 106.8 106.3 105.3 103.6 99.9
63.3 63.1 62.8 62.7 62.8 62.8 62.8 62.9 63.4 65 66.8 68 67.4 66.5 66.2 66 66 65.4 65.4 65.3 65.4 65.6 65.6 66 66.5 66.7 66.8 65.3 65.1 66.1 67.3 69.2 71.2 73.7 77.3 78.9 79.7 79.5 80 80.1 79.1 78.9 80 80.1 79.3 76.7 73.7 73.6 73.7 75.8 78.2 80 83.8 88.3 92.2 95.7 98.6 100.3 101.2 101.4 101.1 100.3 99.8 99.6 99.4 99.6 99.8 101.2 103.4 104.7 105.8 106.3 106.8 107.4 106.9 106 103.5 100.6
63.1 63.3 63.1 63.1 63.1 63.1 63.2 63.4 63.9 65.4 67 68.5 68.3 67.5 66.9 66.8 66.8 65.8 65.5 65.5 65.8 65.9 66.4 66.3 67 67.5 66.8 66.3 66.9 67.2 68.6 70.5 73.2 75.4 78.5 79.3 80.1 80.3 81.2 80.7 79.9 80.1 81.1 80.7 78.6 75.3 73.9 73.8 74.6 76.5 78.3 80.8 82 85.7 89.6 93.2 96.3 98.7 100.3 100.9 100.8 100.6 100.4 100.2 100 100.1 100.3 100.7 101 103.8 104.9 105.2 106.3 107.5 107.7 106.7 105.3 102.3
62.2 63.5 63.4 63.4 63.4 63.5 63.5 64.1 64.2 65.8 67.3 68.9 69.2 68.6 67.8 67.2 66.9 66.5 66.7 66.9 66.4 66.5 67.1 67.8 68.7 68.3 67.3 66.9 67.3 68.4 69.9 72.4 75.2 77.6 79.4 79.9 80.9 81.4 82.3 82.2 82.3 82.8 81.6 80.3 77 74.1 74.2 74.2 75.8 77.6 80 82.3 84.2 86.2 90.3 94.3 96.5 98.8 100.5 101.5 101.6 101.2 100.9 100.7 100.6 100.6 101 101.3 101.3 101 102.3 103.5 105 107 108.2 108.2 106 102.8
63 63.1 63.7 63.7 63.7 63.7 64.4 64.6 64.6 66.3 68.2 69.5 69.6 69.2 68.4 67.6 67.7 67.3 67.4 68 68 68.3 68.7 68.7 68.7 68.8 67.8 67.5 68.5 69.8 71.7 73.2 75.7 78.3 80.4 81.7 82.7 83.8 84.7 84.9 85.3 85.4 83.2 77.7 75.8 74.8 74.6 75.8 77.4 79.4 82 84.3 86.6 89.7 94 97.8 101.1 101.8 102.3 102.8 102.6 102.3 102 101.7 101.3 101.4 101.7 102.1 102.1 102 101.1 102.5 104.4 106.7 109.1 109.6 106.9 102.5
63.2 62.5 63.8 64 64 63.9 64 64.3 65.4 67.2 69 70.2 70.1 69.4 68.8 68.2 68.3 67.7 67.9 68.5 69.1 69.4 69.6 70.2 69.9 69.4 68.2 68.1 69.5 71.1 73.6 75.4 78 80.1 81.7 83.7 84.7 85.9 87.3 88 89 87.8 85.1 80.2 75.7 75.7 75.5 76.7 79 81 83.6 86 89.1 92 95.6 98.8 102.1 103.3 103.7 103.8 103.6 103.3 103 102.6 101.9 102 102.6 103 102.9 102.8 102.3 103.1 105.1 107.2 109.4 110 107.4 103.3
63.7 63.8 64.2 64.3 63.9 63.8 65.3 65.4 67.1 68.8 70.6 71.5 70.8 70 69.4 68.7 68.4 68.2 68.4 69 69.6 70.5 71.7 71.5 71.2 70.2 68.4 69.3 71.1 73.6 74.9 77.8 79.8 81.5 83 85.3 86.7 88.1 89.8 90.6 89.9 88.8 84.3 79.4 76.2 74.5 75 77.1 79.2 81.6 84.7 87.8 90.9 93.7 97 99.8 102.3 104.3 104.6 104.6 104.6 104.2 103.9 103.2 102.4 102.4 103.5 103.9 103.9 103.5 102.8 103.6 105.8 107.9 110 111.4 109 104.7
64.5 64.3 64.6 64.7 65 65.2 65.2 65 66.9 69.1 70.9 71.5 71.5 70.7 70 69.3 69 68.8 69 70 70.9 71.9 73.1 72.9 72.3 70.9 69 70.3 73.1 75.8 78 79.6 81.2 82.8 84.3 86.6 88.7 90.3 92.2 92.7 89.6 86.2 82.7 79.1 77 74.8 75.3 77.3 80 82.9 85.7 88.5 91.1 93.7 96.2 98.6 101.2 103.9 105.2 104.9 105.1 105.2 104.5 103.7 102.9 102.8 104 104.7 104.8 104.4 103.3 104.1 106.4 108.4 110.5 111.7 110.8 107.2
65.1 64.7 64.9 65.4 65.6 65.4 65.4 65.5 66.5 69.2 70.9 71.5 71.6 71.4 70.6 69.9 69.5 69.2 70 71.1 72.2 73.2 74 74.2 73 71.5 69.7 71.3 74.6 77.3 79.4 80.9 82.3 83.5 85.6 87.8 90.9 93.6 94.9 94.5 91 86.6 83.4 80.2 78 74.7 75.2 76.8 80.6 82.7 85.5 87.9 90.1 92.3 94.5 97.1 99.8 102.5 104.9 105.3 105.7 105.9 105 104.2 103.5 103.2 104.4 105.5 105.8 105.3 104.1 103.9 106.2 108.5 110.8 112.1 111.5 109.2
65.5 65.3 65.2 66 65.9 65.7 65.6 65.6 66.5 69.2 70.6 71.5 71.6 71.7 71.3 70.6 69.9 70 71 72.1 73.1 74.2 74.8 74.8 73.7 71.9 70.1 70.8 75.4 78.1 80.3 82.2 83.6 85 86.9 90 93.3 95.6 97.2 97.5 94.8 90.1 86 82.1 79.3 76.5 76.3 76.4 79.1 81.6 83.6 85.7 87.8 90 92.5 95.4 98.4 100.9 103.4 105.3 106.8 106.4 105.8 104.8 104 103.8 104.7 105.9 106.7 106.2 104.6 103.7 106.2 108.5 110 111.6 112.6 110.9
