data/360000-780000.asc
ncols 200
nrows 200
xllcorner 360000
yllcorner 780000
cellsize 50
[rows 140 to 174 of 200, columns 78 to 155 of 200]
306 305.1 300.4 293.9 286.2 281.8 278.2 274.3 283.2 292.9 302.5 312.7 323.2 330.5 332.9 331.4 329.2 325.8 323.6 322.3 322.6 323.4 324.6 324.1 321.2 318.6 314.2 310.7 307.1 304.1 301.1 297.9 293.4 287.5 282.4 277.5 275.2 270.6 269.8 284.8 297.5 310.7 326.2 341.4 356.8 371.2 385.1 395.1 403.3 406.9 405.9 401.4 393.8 386.7 378.9 371.2 367.8 369.8 372.8 376 377.2 378.8 380.3 381 381.5 381.1 380.9 380 379.5 381.3 383.1 384.5 385.1 383.2 379.3 373.4 365.1 353.6
311.2 309.7 304.2 296.6 289.5 284.9 280.6 277.2 285.1 295.8 306.5 317 328 335.4 337.3 336.1 333.5 330.4 328 327.1 327.3 328.5 329 328.7 326.6 324.3 321.4 318 314.6 311.2 308.1 304.9 299.9 293.7 286.7 282.8 281.2 276.8 270.4 277.1 293.1 306.5 319.4 334.4 349.8 364.9 379.4 390.1 396.5 398.9 399 393.9 386.9 380.2 371.1 362.2 360.3 364.2 368.6 371.3 372 372.7 373.8 375.1 375.2 375.7 376.2 375.3 376.7 379.3 381.5 382.9 383.2 382.4 378.1 372.4 362.6 346.7
317.7 314.4 308 299.9 292.7 287.5 282.5 278.4 286.9 297.8 310.1 321.7 332.7 339.3 341.5 340.7 338.1 335 332 331.9 332.1 334 334.9 334.9 333.9 332.9 330.1 325.3 321.9 318.4 314.9 310.8 305.2 299.1 292 288.5 287.3 282.4 276.5 271.2 289 303 315.6 329.3 344.6 359.4 371.4 382.6 388 389.9 391.4 386 382 373 363.5 355.1 354.6 359 364 366.6 367.2 367.9 368.6 369.3 369.8 370.3 370.8 371.7 374.3 376.9 379.3 380.4 380.4 379 375.4 367.9 351.5 335.3
324.3 321.4 314.5 305.7 297.9 291.4 286.3 281 289 301.3 314.3 325.8 336.6 343.4 346.7 345.5 343.8 340.2 337.2 337.2 339.4 341.6 343.7 343.6 344.6 343.3 340.2 333.8 328.7 324.7 320.6 315.6 309.5 304.4 299.6 297.1 294 288.5 281.7 276.4 286.2 299.9 312.3 324.9 339.3 353.4 364.9 374.7 381.3 384 384 380.6 375 366.4 357.3 349.2 350.6 354.9 359.3 361.7 362.5 363.2 364.1 364.8 364.3 364.6 365.1 366.8 370.3 373.1 374.3 374.4 369.1 365.7 360.9 354.4 340.4 322.5
332.6 328.8 322.1 313 302.8 296.3 290.6 284.6 292.1 305.5 319 330.9 341.6 348.7 352.3 351.5 350.1 347.1 345.6 346 348.8 353.1 356.2 356.2 356.3 353 348.6 342.3 336.5 330.6 325.8 319.7 314 309.9 306.1 303.8 300.2 293.7 284.9 279.4 284.4 297.4 309.9 321.7 334.4 345.9 357.5 365.8 371.9 376.3 375.9 373.7 367.6 359.3 351 345.8 347.4 351.1 355.5 358.1 358.7 359.5 360.3 360.2 359.5 359.1 359.3 359.4 363.4 362.3 359.5 355.3 350.9 346.2 342.3 336.4 328 316
340.7 335.5 327.8 318.2 308.3 300.2 293.9 289.3 293.1 308.4 322.7 335.8 346.3 354 358.3 358.4 358.1 356.5 356.3 357.3 360.7 364.5 365.8 367.8 366 362.4 357.1 349.9 342.9 336.8 330.3 323.9 319 315.1 312.5 309.5 305.4 297.9 288 287.4 283.7 291.6 306.2 318.5 329.4 338.8 348.2 357 362.2 365.2 365.9 363.9 359.6 351.5 345.7 342.5 344.6 348.2 351.1 353.9 355 356.3 356.6 356.3 355.7 355 354.9 351 349.2 345.3 342 339.7 336.9 331.6 327.4 322.1 322.8 324.3
346.6 341.1 332.9 322.7 313.6 304.8 298.1 292.7 294.1 310 325.6 338.6 350.2 358.7 363.7 366.1 366.8 367.8 368.3 371.2 375 377.4 378.8 378.2 374.9 370.7 364.2 357.2 350 342.4 335.6 328 323.5 320 316.4 312.4 307.8 300.3 289.2 297.3 296 291.1 301.1 313.8 323.1 332.2 340.7 347 353.5 356.9 356.4 354.9 351.5 346.8 341.9 339.4 342.2 345.5 347.7 349.5 351.5 352.9 352.6 352.6 352.7 353.9 356.7 359.6 359.6 358 351.8 349 349.6 349.1 343.6 340.1 340.1 342.9
351.9 345.5 336.6 326.7 318.4 310.1 302.6 296.9 295.8 310.3 326.2 339.9 352.3 362 368.8 373.3 375.2 377.4 381 384.1 387.3 388.1 388.3 387.6 383.2 376.8 370.1 363.4 355.5 346.9 338.6 332.4 327.4 323.7 319.1 314.6 308.9 300.7 299.9 305.4 306.1 304.5 298.3 306.2 318.1 326.2 334.4 340.9 345.2 347.5 346.7 346.6 345.3 340.7 336.1 336.4 339.5 342.6 344.8 347 348.6 349.5 350.3 350.3 351.4 355.3 361 365.9 369.6 372.1 372.3 370.9 371.6 372.6 367.9 362.4 362.1 367.8
357.5 349.3 340.4 330.2 322.1 313.7 306.9 302.6 294.9 309.6 325.6 339.8 352.9 363.4 372.5 378.6 383 387.2 390.5 392.5 394.4 395.1 394.8 393.4 389.1 382.2 374.9 367.3 359.3 350.5 341.9 335.8 330.9 325.9 321 316.1 309.8 298.9 309.2 312.3 314.3 315.2 315.2 307.6 311.3 320.7 328.4 334.3 338.3 339.2 339.1 339.5 338.4 335.4 333.9 334.2 337.1 339.8 342.5 344 345 345.8 347 349.5 353.2 358 364.3 370.5 375 378.7 380.8 382.5 383.8 384.6 384.4 381.7 382 381.5
362.2 353.2 344.1 333.4 325 317 311.2 309.2 302.7 308.6 324.1 338.8 351.7 363.5 374.6 382.7 388.8 393.3 396.4 398.8 399.8 399.8 397.8 395.7 391.2 385.6 378.1 369.2 360.3 352.9 345.2 338.9 333.4 327.2 321.8 316.3 310.3 302.8 314.6 317.7 319.7 321.8 322.5 320.5 312.1 313.8 323 329.2 333.3 333.6 333.3 333.1 332.8 332.1 330.9 331.1 333.5 334.6 339.1 340.3 341.6 344.3 346.8 350.3 355 360.5 366.7 372.7 375.9 379.3 383 386.9 388.1 388.4 390.1 389.9 389.1 389.4
368 358.7 346.7 336.1 327.8 321.2 317.5 315.3 309.9 307.9 322.7 337.4 350.5 363.1 375.6 385.6 392.6 397.2 400.7 403.4 403.9 402.9 400.5 396.6 391.1 385.3 378 369.2 360.5 353.6 347 341.4 335.8 328.1 321.9 316.4 310.5 305.8 316.2 320 322.7 324.6 326.5 325.5 322.6 314.1 317.6 323.9 327.7 328.7 328.3 328.3 328.5 328.5 329.3 328.7 331.5 333.3 335.8 337.3 338.8 340.6 345.8 349.5 355 360.8 366.4 373 376.5 379.7 382.6 386.7 389.7 390.6 393.2 393.7 394.9 396.5
373.3 362.8 350.4 339.4 330.9 325.3 323.6 321.6 317.1 305.8 322.1 336.3 349.5 362.5 376.1 387.6 395.3 400.5 403.3 405.1 405.2 403.9 400.3 395.2 389.8 383.8 376.4 367.6 360.6 354.3 348.3 342.7 336.7 329.5 322.6 316.9 311.8 311.2 317.8 321.6 324.1 326.6 328.4 327.6 325.7 322.7 312.6 318.9 322.2 323.4 323.6 324.2 324.5 325.5 329.7 332.2 334.3 336.8 339.5 341.9 344.3 344.6 345.6 348.7 354 360.1 365.6 370.6 374.6 377.6 381.3 383.2 388 391.3 394.2 396.6 399.2 401.4
378.6 367.5 355.4 344.3 336.1 331.5 329.3 327.3 323.9 315.9 322.2 335.7 349.5 363.5 377.9 388.8 396.2 400.8 403.8 405 404.1 401.6 397 392.4 386.7 380.3 373.7 366.9 359.4 354.5 349.6 343.6 337.2 330.2 322.6 318 312.5 312.5 318.9 321.9 325.1 327.7 329.3 329 327.5 327.2 323.9 321.7 324.1 325.1 325.3 323.3 326 328.9 330.5 334.1 337.7 340.3 343 344.7 347.5 350.6 351.9 352.1 352.8 354.9 361 365.2 367.4 372.7 377.2 379.7 384 390.5 393.9 397.7 401.4 405.9
384 372.2 360.8 351.8 343.8 338.4 335.3 332.9 328.3 320 322.3 337.6 353.5 367.3 378.9 388.4 395.4 399.9 402.9 402.5 400.4 396.5 392.2 387.5 382.2 375.9 369.7 364.2 358.3 353.8 349.1 343.6 337.4 330.5 323.4 318.4 312.2 311.3 319.6 322.6 325.7 328.1 329.9 330 329.6 328.2 328 329.4 331.5 333.7 332.9 328.9 329.4 331.5 334 339.1 342.7 344.2 346.1 348.3 350.8 354 355.9 355.4 356.1 360 362.4 370.2 375.7 380.5 384.8 387.3 387 388.4 393.7 398 402.2 407.6
390.5 378.5 368.2 360.3 351.6 346.6 342.2 337.6 332.2 322.3 325.4 340.4 357 369.7 380 387.6 393.8 398.2 400.6 398.6 394.9 390.2 386.1 382.1 376.1 370.5 366.2 361.5 356.9 352.3 347.7 342 336.7 330.6 323.8 319 313.2 317.1 321.2 323.4 326.3 328.5 330.6 331.4 333 334.8 336.2 336.8 337 339.3 338.3 333.9 330.8 335.2 340.7 345.1 348.7 349.4 350 351.5 354.2 357.5 359.5 359.7 359.8 363.5 367.2 373.3 378.2 384.2 388.9 391 391.8 391.5 391.5 398.1 404 410.2
399.3 387.6 380.9 373.3 365.1 357.2 349 343.2 336 324.8 329.5 343.9 360.1 371.4 379.3 386.6 392.1 396.5 396.7 394.3 389.5 384 380 376.1 370.9 365.7 361.9 358.1 353.3 348 343.9 339.9 334.7 329.1 324.2 320.5 313.5 318.3 322.9 324.8 326.7 329.2 331.2 335.2 339.3 342.5 344.4 344.2 343.3 342.4 340.8 338.8 332.5 340.1 346.7 351 352.5 354.1 354.9 356.6 359.5 362 362.6 363.5 364.4 365 370.5 375.6 379.8 385.8 391.4 394 395.3 395.7 396 397 401.9 410
409.1 398.5 393.1 386.2 376.2 366.1 355.9 348.8 339.1 331.1 333.2 344.9 360.3 370.5 377.8 384.4 389.8 392.6 391.9 388.6 383.7 378.1 374.1 370 365.6 360.6 356.6 354.1 348.8 345.1 341 337.1 332.8 327.7 325.7 320.7 317.1 321.2 323.9 326.3 328.7 331.3 335.4 340.2 344.3 347.9 348.8 348.1 347 345.8 343.5 340.9 337.5 342.7 350.7 355.5 359.4 360.4 360.2 361.7 365.2 366.1 366.3 367 366.5 365.7 370.9 375.5 381.1 387.3 393 396.4 397.9 398.8 400.2 402.5 405.4 410.2
420 410.8 403.2 395.6 384.1 372.1 361.2 351.4 342.8 335.7 334.8 346 358.7 369.4 376.1 382.4 386.4 388.3 386.7 383.4 377.7 372.1 368.1 363.9 359.9 356.3 352.6 349.5 346 342.1 338.6 335.1 331 328.6 324.4 318.5 320.7 322.6 325.8 328.9 331.8 334.8 339.3 344.5 348.4 351.5 351.7 350.4 349.1 348.9 346.7 342.8 340.2 347.6 355.2 359.8 365.1 364.8 364.8 366.5 369.8 370.2 370.3 369.7 369.4 368.8 371.9 376.5 382.6 388.8 392.9 396.5 398.7 401.1 403.7 406.2 410.8 415.9
429.5 419.4 410.1 401.9 389.5 375.7 363.9 353.8 347.3 340.4 337.4 348.4 358.2 368 374.1 380.1 382.1 383.8 382.3 378.3 372.3 367.3 363.1 359.1 355.9 352.5 349.3 346.3 343.5 340.6 337.8 334.1 331.6 328 322.1 323.4 325.3 327 329.4 332.5 335.4 338.3 342.5 348 351.8 353.3 353.4 352 351.7 351.9 350.2 346.8 343.6 350.4 356.8 362.4 367.5 368.2 368.2 370.4 373 373.8 373.8 373.9 373.2 373 371.7 377.7 383.2 388.3 392.5 395.6 399.6 402.9 405.9 410.7 416.2 421.2
435.8 424.9 415.3 405 392.3 378.1 366.8 356.9 350.5 346.6 337.6 350.5 357.9 365.9 371.8 376.4 378.4 379.3 377 373.8 368.2 363.5 359.6 356.1 352.7 350.1 347.6 345.1 342.6 340.2 337.5 334 331.2 327.2 325.8 328.2 329.3 331.3 334.2 336.6 339 341.9 345.5 350.8 354.1 355.6 356.1 355.8 355.5 354.6 352.7 349.9 347.7 352.9 357.7 363.6 367.4 369.1 370.4 373.6 376.2 376.4 376.5 376.4 378.1 377.1 375.8 377.1 382.6 387.7 391.2 395.2 399.2 404.3 409.7 415.9 421.4 426.6
438.1 426.7 417.7 406.1 393.9 379.8 368.7 358.3 354 350.6 341.8 349.4 357.9 364.4 370.5 374.7 376.3 375.8 373.2 369.8 365.2 360.8 357 353.8 350.4 348.2 346.6 344.1 341.7 339.3 337 333.8 329.8 328.7 330.9 331.8 333.5 335.1 337.7 340.9 343.4 345.8 348.5 352.7 356.4 358.3 359 358.8 357.9 356.2 354.5 351.8 350.1 354.7 357.2 360.4 364.2 367.8 371.8 376.2 380.9 381.2 381.5 381.7 383 381.7 379.6 378.8 380.1 385.3 389.5 395 401.1 407.2 412.8 419.2 425.5 431.9
437.3 426.2 416.8 405.8 392.7 378.8 368.6 361 357.3 353.5 345.2 350.3 357.9 363.3 369.1 373.2 374.5 372.9 370.9 366.9 362.8 359.4 356.2 352.9 349.9 347.2 344.9 342.8 340.4 337.8 334.7 330.8 332.8 333.5 334.5 335.3 337.1 339.1 341.3 344.2 346.8 349 351.5 355.7 359 360.8 361.2 361.3 358.4 355.8 355.2 352.8 351.4 353.5 356.1 359.7 364.9 371.5 376.5 381.3 386.5 386.8 387 386.8 386.9 386.6 385.6 384.5 381.8 387 390.4 396.7 402.9 409.2 416 422.9 429.7 436
434.7 424.7 415.1 404.1 390.8 378.3 369.7 363.3 359 354.7 347.5 354.8 359.3 363.8 369.1 372.6 372.9 372 369.1 365 361.1 357.5 354.4 351.3 349.3 347.4 343.8 340.2 337.8 336.4 335 337.3 335.7 336.7 337.8 338.8 341.3 343.8 345.7 347.7 349.7 351.8 354.6 358 360.9 362.5 362.8 362.6 360.3 355.9 355.5 354.6 354.1 352.7 357.3 363.4 369.6 377.3 382.8 387.9 391.4 391.9 391.5 390.7 390.9 390.9 390 388.8 385.2 390 392.8 398.8 405.7 412.5 419.4 426.3 433.2 439.3
429.8 420.2 411.1 400.8 388.4 377.8 370.2 364.4 359.8 356.2 350.3 358.4 361.7 365.2 370 371.7 372 370.6 367.2 363.1 359.3 355.7 352.5 349.7 346.5 344.2 342.2 342.3 341 339.5 339.8 340 339 340.3 341.4 343.8 346.2 348.7 349.5 350.5 352.5 354.6 357.2 359.4 362.2 363.4 364.3 363.6 359.8 355.5 355.7 355.8 355.4 355.4 360.5 367 374.3 381.7 388.6 392.7 395.5 396 395.9 395.7 395.5 394.9 394.2 392.9 390.5 392 395.9 401.9 409 415.8 422.7 429.3 434.5 440.3
422.9 413.7 404.9 396.2 385.7 379 373.4 367.6 362.4 358.7 351.9 360.7 363.7 367.2 369.5 371.1 370.7 368.4 365.3 361.7 357.6 353.8 350.7 348.9 347.1 347.1 346.3 345.8 343.1 341.8 342.9 342.6 342.5 343.8 346.2 349.1 351.3 352.6 353.5 353.6 354.9 356.9 358.9 360.9 362.5 364.1 364.1 363.5 358.7 354 355.6 356.1 357 359.5 363.6 370.4 377.4 384.2 390.8 395 397.6 398 397.8 397.6 397.4 397.2 396.8 397.4 396.8 396.7 399.2 405.6 412.3 418.9 425.2 431.5 436.6 441.3
415.2 406.7 399.7 391.7 385 380.2 376.5 371 365.8 362 355.3 361.8 364.6 367.7 369.3 370.2 369.2 367 364.5 361.1 356.5 353.6 352.9 352.2 350.4 350.3 349.4 348 345.3 344.9 346 346.3 346.2 347.5 349.7 352.5 354.8 355.8 356.7 357 358 359.5 361 362.7 363.5 362.5 359.7 361.4 358 353.2 353.9 358.1 359.7 361.5 365 371.9 378.9 385.8 391.7 396.6 398.7 398.7 398.8 399.2 399.2 399.2 399.1 399.7 402 403.3 402.2 409.1 415 421.2 427.5 431.4 436.2 440.8
410.2 401.8 395.9 390.5 384.8 381.2 377.4 373.3 368.9 365 358.8 364.1 366.6 368.3 369.3 370.3 369.3 367.4 365.4 362.9 362 360.9 359.7 356.2 353.8 353.1 351.8 350 349.5 348.1 349 349.7 349.7 351.3 353 355.3 357.6 358.8 359.8 360 361.4 363.1 364.7 365.7 365.8 364.7 366.3 361.4 356.2 350.4 357.1 360.8 362.5 362.8 366.5 372.6 379.1 385.6 391.3 395.7 397.8 398.5 399.3 399 398.7 400.2 401 402.6 405.7 408.2 407.6 412.2 417.1 423.4 426.9 431.1 434.1 438.2
406.2 398.9 394.7 389.6 385.3 381.9 378.1 374.4 371 367.4 362.7 365.5 368.2 369.1 369.7 370.3 370 369.5 371.1 372.8 372.3 371.1 369.3 362.6 357.3 355.8 354.5 353.5 352.4 351.5 352.1 352.7 353.8 355.6 358.5 360.2 361.5 362.1 362.9 363 364.7 366.8 368 368.8 369.2 366.6 364.6 362.5 359.3 348.1 355.7 361.4 362.4 363.5 366.6 372 377.6 384.3 389.3 392.9 394.9 395.7 397.5 397.4 397.5 399.4 401 404.7 407.8 411.3 413.1 413.2 417.9 420.9 425.4 428.7 434 438.7
402.7 396.3 391.8 388.3 385.3 382 378.9 375.2 371.9 368.4 362.5 367.9 369.8 370.7 371.2 371.8 373 374.4 376.7 377.9 376.4 377 375.3 369.4 362.4 359.7 359.2 357.8 356.8 355.8 356.4 358 360.6 362.8 364.9 366.4 368.7 367.9 367.1 366.8 368.4 371.1 372.1 372.9 373.4 369.5 368.8 368.3 366.3 360.1 348 354.5 361.8 362.9 366.5 371.4 375.7 382 386.6 389.9 391.1 392 394 396 398.3 399.3 402.2 404.8 409 413.3 415.1 416.6 417.6 421 423.5 429 434 439.1
400.3 394.2 390.6 387.1 384.9 381.6 379 376.1 372.7 369.2 364.6 370.6 371.8 372.6 373.1 374.9 378 380.8 383.3 380.6 384 376.9 375 373.3 367.6 363.7 362.2 360.8 360.4 360.3 362.1 364.5 367.3 369.9 372.1 375.3 377.9 378.8 376 372.1 374.2 377.2 378.7 379 377.4 375.5 371.6 367.6 367.7 361.3 358.6 351 347.9 358.2 362.7 369.8 374.1 379.5 383.7 386.6 385.2 386.9 389.7 394.3 398.7 400.3 401.9 407.6 409.1 412.9 416.3 415.5 418.9 421.6 425.1 429.6 433.9 439.5
397.9 393.3 389.4 386 383.8 381.2 378.6 375.8 373.3 369.4 367.3 372.4 373.4 374.2 375.6 378.4 381.4 385.2 391.4 382.4 394.9 392.3 386.3 381.8 373.8 367.8 365.6 363.9 364.3 365 367.1 370.1 373.8 378.3 382.5 386 388.9 388.9 386.2 381.3 383.3 385.4 386.5 386.3 383.8 377.8 374.4 374.9 372.3 361.2 359.8 358.3 348.6 347.8 355.8 363.2 370.9 373.5 379.8 381.4 383.8 387.9 390.1 394.7 398.2 401.6 404 410 411.5 413 414.1 417.2 421.2 423.6 426.2 429.7 433.7 438.8
397.2 392.6 388.7 384.8 382.7 380.5 377.3 374.8 372.2 369.7 370.2 374.8 375.7 376.2 378.3 381 383.9 389.1 395.2 401.8 402 398.1 391.7 384.7 377.9 374.4 369.7 368 368.2 369.6 371.4 377.6 383.2 389 394.4 398.2 399.9 400 396.2 392.6 393 395 396.8 395.4 392.6 388.9 384.7 376.7 374 368.6 364.4 359.2 356.4 354.4 351.3 341.5 352.6 368 378 381.4 383.9 386.7 390.7 394.8 397.9 403.3 408.3 412.4 414.7 415.6 417.6 420.8 423.9 425.5 427.2 429.6 432.7 436
397 392.1 388.3 384.5 380.3 379.5 376 377.1 376.3 373.3 373.1 375.4 377.8 379.2 381 383.2 388 393.7 398.5 407.2 406.3 401.7 395.8 389.8 382.4 378.1 375.1 372.3 372.9 376 380.8 386.5 394.4 401.7 407 409.3 409.4 408.1 405.7 404 403.6 403.9 403.9 402 398.9 394.9 389.6 382.2 373.3 367 365.7 362.3 360.5 362.1 363.2 347.5 343.6 372.6 376.7 380.2 383.5 387.5 394 399.6 404.9 409 410.8 414.8 417.6 419 421.2 424 426.7 427.1 426.9 428.7 430.7 433.1
396.8 392.3 386.7 384.8 384.7 383 381.6 379.9 377.7 375.8 374.9 377.3 379.3 381.3 383.4 385.4 392.8 398.7 405.6 407.8 406.6 403.1 397.4 392.2 386.3 383 380.6 377.7 379 385.7 390.9 397.6 405.1 411.8 415.9 417.7 417.5 415.5 412.9 412.3 412.4 411.8 410.1 407.3 404.1 398.9 393.3 386.3 381.3 375.3 364.4 362.5 365.1 368.2 368.2 358.7 345.2 374.5 380.1 382.9 386.3 392 399.2 405.9 410.7 414 415.6 418.3 420.2 422 424.5 427.4 429.3 429.6 427.7 426.1 427.5 428.7
395.8 391.1 386.3 388.4 385.7 384.3 383.1 381.6 380 378.5 376.4 378 381.2 383.4 385.5 389.2 394.9 402.1 408.2 410.6 403 401.8 397.3 390.6 391.3 388.3 386.4 384.6 386.8 395.4 401.9 408.4 413.8 419.5 423.1 423.9 423.4 420.7 419 418.2 418.6 416.8 414.9 411.6 407.3 402.3 394.8 387.8 383.4 378.7 370.1 373.4 374.3 373.3 372.8 358.8 335.9 367 381.1 385.5 390.1 397.7 405.2 411.8 416.3 418.5 420.2 422 423.7 425.3 427.5 430 431.4 429.7 426.7 422.4 421.9 423.1
