data/360000-270000.asc
ncols 200
nrows 200
xllcorner 360000
yllcorner 270000
cellsize 50
[rows 35 to 69 of 200, columns 0 to 78 of 200]
432.2 423 418.7 414.8 412 406.5 397.3 389.6 379.9 375.9 372.5 365.5 358.4 357.3 361.8 364.5 366.8 366.5 362.8 358.8 356 353.7 351.8 349.7 347.3 344.7 342.6 340.5 338.1 335.3 332.1 328.2 325.3 323.4 320.2 315.9 311.1 307.8 302.4 299.5 296.3 293.2 290.7 289.4 285.4 283.6 280.9 277.8 274.2 270 266.9 263.8 261 258.3 256.1 253.3 250.7 247.4 245.6 243.4 241 236.8 234.1 231.6 229 226.3 224.1 220.3 220.4 215.7 209.5 209.1 208.3 206.4 204.5 208.8 213.2 217.5 220.8
442 431.7 424.7 421.2 415.9 409.7 399.6 390.8 383.8 379.5 374.2 367.5 360.6 365.4 370.1 372.6 373.1 370.8 366.6 362.4 359.1 356.4 354.1 352.6 350.7 348.1 345.3 343.2 341.1 337.8 333.9 330.9 328.8 326.9 323.4 318.4 312.8 309.2 304.4 300.5 297.5 294.9 292.8 290.5 287.8 284.9 281.8 279 275.7 271.8 268.7 265.9 263.3 260.4 257.4 253.9 252 249.7 246.4 244.1 241.3 237.4 235.9 232.1 229.4 226.2 224.1 219.4 219.2 216.5 215.2 211.5 210.9 205.1 204.3 205 213.9 217.9 226.7
449.4 441.9 434 423.8 422.4 412.8 404.6 394.7 389.9 383.8 376.8 369.9 370.2 374.3 378.6 380.2 378.8 374.6 370 365.3 362.2 359.7 357.2 355.6 353.8 351.5 348.8 345.4 341.6 337.3 336.6 333.9 331.6 328.3 325.1 321.8 319.2 313.6 307.9 303.6 299 296.5 294 291.7 289.7 286.1 282.7 279.7 277.6 273.9 270.9 268.4 265.6 262.7 259.6 256.4 253.2 250.4 247.2 243.9 240.7 237.3 235.9 233 228.9 226.1 222.7 219.2 217.5 216.8 214.5 211.6 208.3 205.2 204.3 203.5 214.3 221.3 229.3
462 449.8 441.3 432 428 418.5 410.2 399 393 388.9 382.9 377.3 380.7 384.1 384.3 385.2 382 378 373.3 369.5 367 364.3 361.5 358.8 356.5 354.3 350.9 346.3 343.6 341.5 339.4 337.2 333.5 331.5 327.4 322.8 318.9 315.3 310.6 306.4 302.3 298.4 295.3 292.9 290.7 287 283.1 280.3 280.3 277.2 273.8 270.9 267.8 264.5 261.2 257.8 254.1 250.9 246.1 242.5 240 236.9 234.3 232.5 227.1 221.5 218.3 216.3 214.3 212.4 211.5 209 203.5 200.8 202.9 209.8 218.1 225.2 232
466.7 456.7 442.2 437.9 432.1 422.4 411.6 404.2 396.5 391.6 386.8 385 387.9 389.4 390.6 388.1 383.8 379.9 376.8 374.5 372 368.7 365.3 362 359.7 356.4 352.8 349.5 346.1 342.9 342.3 340.2 338.2 334.8 329.8 324.4 319.9 315.6 311.6 307.7 304 301.4 297.6 293.5 290 287 284.5 282.5 280.9 278 275.6 272.8 269.4 266.1 262.6 259 255.4 251.1 246.6 244.2 241.5 238 235 231.9 226.2 222.9 215.5 212.3 209.4 207.8 206.5 203.8 198.9 205.6 214.8 219.1 225 230.8 231.2
470.5 453.3 442.4 438.3 431.9 425.7 414.7 405.2 400 395.3 391.9 391.3 393.1 394 393.8 390.6 386.5 382.8 380.4 378.9 376 372.5 369 365.5 363 359.7 356.7 353.6 350 346.4 344.5 342.7 338.6 335.3 330.6 326.2 321.3 317 312.8 309.9 306.1 302.5 298.6 294 291.2 288.7 285.9 284.2 279.8 277.4 275.4 274.4 271 267.3 263.5 260.1 256.8 252.8 249.1 246 243 239.2 235.3 230.9 227.5 225.2 219.8 214.5 209.5 205.1 201.7 199.6 199.4 211.7 227.3 231 231 230.4 228.7
472.9 458.6 444.5 439.4 431 421.5 413.7 408.8 404.2 400.6 393.5 396.6 397.9 398.5 396.2 393.5 389.5 386.8 384.3 381.8 379.4 376.7 372.8 369.3 366.3 363.5 360.5 357.7 353.6 349.5 346.9 345 339.8 335.1 331.6 327.6 324.4 320.2 316.2 312.4 308.6 304.4 299 295.7 293 290.3 286.6 284.2 279.6 275.7 274.1 271.4 269.4 268.1 264.9 261.6 257.9 254.4 250.7 247.5 244.5 240.3 238.4 233.4 229.7 226.6 222 216.9 211.8 208.1 202.3 199.3 194.5 212.8 227.7 229.1 223.5 220.9 222
469 455.8 446.2 439.9 431.4 424.7 418.2 412.6 408.2 404.8 397.7 402.3 402.3 401.1 399 396.1 393.1 390.1 387.5 384.8 382.4 380 377.4 373.4 369.5 366.6 363 359.8 356.4 352.7 349.2 347 341.4 337 333.4 329.7 324.6 320.7 316.7 313.5 310.4 305.6 301.1 297.4 294.4 291.1 287.5 283.6 279.3 275.4 272.4 269.9 268.8 266.7 264.8 262.4 259.3 255.7 252.3 249.1 246 243 239.9 236 232.2 227.4 223 218.5 215 212.5 207.7 201.1 193.9 204.1 221.8 223.4 214.5 214.6 218.1
462.8 454.9 447.6 441.3 434.5 429.5 423.1 417 412.7 408.5 406.7 407.5 406.5 404.4 402.6 400.4 396.6 393 390.7 387.9 385.3 383.1 380.9 377.2 372.7 369.3 367.1 364.3 360.2 356.2 352.2 348.7 343.4 339.2 335.6 331.4 327.1 322 318 313.9 311.3 307.5 302.4 299 295.8 292.5 288.6 284.9 280.7 277.3 274.1 271.7 269.2 266.8 264.5 262 259.4 256.5 253.6 249.2 246.6 244.2 241.3 236.8 232.5 229.2 226 221.9 220.2 216.5 210.3 204 196.7 192.6 208.5 211.3 206 209.1 215.1
460.4 453.6 448 442.4 438.3 433.3 427.7 422.2 416.4 409.9 411.9 412.1 410.6 408 405.4 402.9 399.4 397.9 394.7 391.8 389.7 387.3 384.4 380.2 376.7 374.6 372.2 367.9 363.7 361 356.3 351.2 346.1 341.4 337.3 333.2 329.1 325.9 320.3 316.1 312.6 308.6 304 300.4 296.9 293.2 289.5 286 282.3 278.6 275 271.8 268.9 266.5 264.3 262.2 259.4 256.7 254.7 250.5 248.1 245.5 242.8 239 234.3 230.9 225.9 227 224.4 219.6 212.2 205.7 199.1 191.1 192.6 199.6 202 205.6 209.5
457.9 452.5 447.9 442.4 438.8 435.9 431.6 426.7 420.8 414.1 417.6 416.7 415 412.8 410.3 406.7 403.7 402.3 399.9 397 393.9 390.8 389 385.2 382.8 380.4 377.9 373.4 368.5 362.9 359.2 353.9 349.2 344.4 339.2 334.6 330.7 326.8 323 319 313.7 309.6 305.7 300.8 297.3 294.2 291.1 287 282.6 278.4 274.8 273.5 270.6 267 264.5 262.4 260.3 257.1 254.4 253 250.4 247.3 244.4 240.8 236.5 232.6 231.6 230.6 228 223.1 214.8 208.6 202 193.4 186.3 187.2 191.7 198.1 201.3
455.4 451.5 447.1 441.8 438.6 435.8 432.3 427.7 422.5 421.1 421.9 420.8 419.8 417.8 415 411.5 409.5 406.5 403.8 400.7 397.4 396.6 394.2 391 389.6 387.2 384.1 378.5 375 368.9 362.5 355.8 351.4 345.8 341.2 334.9 331.4 327.5 323.8 320.4 315.5 311.6 308.1 303.6 299.2 295.7 292.5 289.4 285.2 281.7 278.5 275.5 272 268.7 264.9 262.7 260.6 257.5 255 253 251.4 248.2 245.1 240.6 235.9 235.3 234.1 233 229 224.4 218.3 211.7 203.9 198.9 192.4 188.5 184.8 184.3 190.6
453.5 449.6 445.7 441.3 438.6 435.9 432.6 427.6 425.5 425.8 425.3 424.1 423.3 421 419.2 416.6 413.5 410.6 408.1 406.2 408.4 411.2 405.2 400 396.7 395.6 392.2 386.2 383.1 377.1 368.1 361 353 346.8 342.5 337.1 332.4 328.8 325.1 320.6 316.5 313 310.3 306.5 301.7 297.2 294.1 291 287.5 283.7 280.4 277 273.8 270.5 266.2 263.3 261 258.7 256.7 254.1 251 247 241.9 238.2 235.9 236.4 233.6 232.2 229.1 224.2 220.9 212.8 204.4 199.4 196.6 191 187.6 184.3 182.3
451.8 448.1 444.4 442 439.3 436.7 434.8 431.8 430.5 429.2 428.2 427 425.8 424.1 422.2 420.2 417.2 415.1 414.1 417.2 424 419.9 418.4 410.2 407.6 403.6 401.7 395.3 391.6 388.6 379.9 371.1 357.8 351.5 345 339.2 334.3 330.3 326.5 321.3 317.7 314.4 311.4 307.5 302.2 299.4 295.8 292.7 289.1 285.4 281.7 278 274.8 270.6 267.4 264.6 261.9 259.6 257.3 254.4 250.7 246.4 243 240.1 235.4 233.3 230.1 228.2 226.9 222.2 217.4 210.3 202.9 199.1 196.4 193.2 189.8 186.3 181.8
450.7 447.4 444.8 442.9 440.4 438.4 436.9 435.9 435.2 433.2 431.5 430.4 429.2 427.5 425.2 423.1 421.4 421.5 424.7 431.1 426.3 423.9 426.5 420.1 417.2 414.4 411.6 406.4 402.5 397.1 394.9 379.5 364.4 354.7 347.8 342.4 337.4 332.1 328.8 323.6 319.3 316 312.6 309.1 305.2 301.2 297.3 293.7 290.2 286.6 282.5 278.8 275.6 271.7 268 265.5 262.7 260 257.3 254.5 251 247.8 245.1 241 235.9 231.7 228.2 225.2 223 218.9 214.3 209.5 204.3 200.3 197.1 193.9 190.4 186.6 179.8
450.2 447.7 445.6 443.9 442.4 441 439.7 438.7 437.8 436.2 435 433.8 432.7 432.3 431.4 431.8 431.5 436 440.3 431.7 429.1 428.1 428.7 431.9 425.9 422.9 420.3 420.3 409.3 404.8 397.3 389.2 371.8 359.7 352.2 346.4 340.6 335.6 330.6 325.6 321 317.6 314.3 310.2 305.8 301.7 297.1 294.2 290.7 287.3 283.7 279.2 276 272.8 269.5 266.2 263.3 260.5 258 255.4 252.1 249.1 244.8 240.5 235.9 231.5 227.2 224.3 220.8 217.2 214.2 210.8 205.6 200.3 196.9 195 190.6 186.4 181.6
450.3 448.4 447.3 446.8 445.3 443.7 442.5 441.4 440.4 439 438.9 438.8 439.1 440 446 447.1 448.2 447 440 434 431.8 430.2 428.5 429.6 433.9 432.6 430.6 425.8 421.7 404.2 398.2 393.1 372.7 364.8 355.2 347.4 341.3 336.7 332.3 327.3 322.6 319.3 315.4 311.1 307.1 302.1 297.4 294.1 290.6 287.3 283.6 279.7 276.3 273.1 269.7 266.5 263.7 261 258.5 255.6 252.4 248.2 244.1 240.3 236.1 232.1 228.3 225 221.9 217.9 213.8 209.9 204.8 199.9 196.1 193.3 189.7 186.1 182.4
451.4 449.6 449.4 449.5 448.4 446.8 445.6 444.3 443.9 444 445 450 454.6 454.8 456.5 453 449.1 444.6 440.7 435.7 433.2 430 431.7 428.8 429.1 428.7 426.2 423.1 419.6 404.7 401.6 389.1 376.1 367.8 358.1 348.9 342 337.3 332.9 328.6 324.1 320 316 311.8 307.1 301.8 296.4 293.1 290.4 286.1 283.3 280.1 276.5 273 269.7 266.4 263.7 261 257.4 254.3 251.5 246.9 244.9 240.8 236.5 232.8 229.5 226.7 223.1 219.3 214.4 210.7 205 199.7 195.4 191.8 188.3 184.7 180.8
452.5 451.5 451.5 451.6 451.4 449.9 448.8 448.7 448.4 450.2 454.9 460 459.7 456.8 453.3 449 446.2 442.8 438.9 436.3 436.2 433.8 433.1 427.5 427.4 426.5 424 422.3 410.7 406 397 385.7 376.7 368.1 360 352.6 345.7 339.9 335.3 330.1 323.8 320.7 316.7 312.2 307.5 302.9 298.5 293.7 289.6 285.1 282.9 279.7 276.2 272.6 268.9 265.6 263.2 259 254.9 250.8 247.6 247.1 245.5 241.1 236.8 232.7 229.5 226.5 222.8 219.2 215.3 211.5 206.5 201.3 196.8 192.5 186.9 183.3 179
453.7 453.6 453.6 453.7 453.8 453.2 453.4 454.1 456.3 460.7 462.4 459.2 457.6 454.1 451 447.2 444.5 441.9 439.3 436.7 437.3 435.5 433.2 428.4 426.9 425.4 422.4 418.8 406.2 405.9 396.7 384 377.5 367.1 361.7 355.8 348.8 341.5 336.7 330.6 325.5 320.8 317.4 312.1 307.8 304.2 300.9 297.2 290.3 285.6 281.9 278.8 275.4 271.7 266.3 264.8 261.5 256.8 252.7 248.4 243.5 242.5 242 239.2 236.4 231.6 228.7 225.6 222.1 218.7 214.8 212.2 206.9 202.5 197.9 193.5 188 182.3 177
457.1 456.3 456.1 456 456.1 457.2 459.6 462.6 464.9 462.8 460.3 457.4 454.9 451.7 448.9 446.6 443.9 441.4 439.6 437.5 436.9 434.9 432.4 430.2 427.5 425 425.3 419.7 406.3 406.3 404.5 384.4 374.6 370.1 364.9 355 348.1 341.7 335.6 331.7 326.1 321.3 317.8 312.4 309.4 306.6 302.2 298.8 288.7 285.3 279.7 276.8 274 270.8 264.9 262.8 259.8 254.1 250.1 247.1 242.1 237.4 236.9 234.1 229.8 230.8 227.8 224.7 221.6 218.2 214.1 211.1 206.1 201.1 195.5 190.1 185.4 181.7 175.8
461.6 460.5 459.5 458.9 459.8 463.7 464.1 463.5 462.7 459.3 456.9 455 452.3 449.9 447.6 445.6 443.6 441.1 438.3 435.6 435.5 434.9 432.9 431 428.3 425.7 423.7 419.6 413.2 407.7 405.5 389.1 373.3 371.1 364.8 355.5 346.7 340.7 333.6 329.8 326.5 320.1 316.2 314.7 311.9 307 303 295.5 287.4 283.2 279.8 276.5 272.7 269.5 265.9 262.1 258.2 252.2 247.2 244.1 240.1 234.1 231.9 227.9 225.1 225.1 224.7 222.4 220.2 216 212 208.5 204.3 199.3 193.4 187.6 182.3 178.4 173.2
466.3 466.3 464.7 462.9 462.6 464.3 462.7 460.7 459.2 456.4 455 452.3 450 448 446.2 444.7 443 441.2 439.9 438.5 436.6 435.5 434.1 432.3 429.3 427.7 423.7 419.1 414.6 407.2 407.6 389.2 374.6 371.7 364.6 355.7 345.7 340.7 337.2 328.6 326.3 319.8 318.3 316.4 312.1 307.6 303 290.2 286.4 283.3 280.1 276.5 272.7 269.3 265.8 261 257.2 253.3 248.6 244 237.9 231.9 226.3 222.6 221.6 220.8 221 220 217.9 214.6 210.8 206 202.4 197.4 191.3 185.3 180.2 175.3 170.2
471.1 471.1 467.6 464.2 461.8 463.1 460.9 458.9 456.2 453.7 451.8 449.8 447.8 446.3 444.9 444.1 442.5 440.6 439.6 438.3 437.3 436.1 434.1 432 430.4 428.7 426.5 413.8 409.9 409.5 408.3 390 380.2 370.8 363.6 354.7 344.9 341.2 336.2 330.7 326.1 322.1 319.4 316.3 310.2 305.7 297 290.8 286.5 282.8 280.2 276.7 272.7 267 264.5 260.2 255.1 251.2 246.4 242.4 235.5 228.4 223.1 218.1 215.7 216.5 216.1 217.2 213.9 211.1 208.5 203.9 200.1 196.6 192.2 185.3 178 172.7 168.6
471.2 469.7 467.1 464.5 461.5 460 458.9 455.9 453.6 451.5 449.7 447.6 445.7 444.1 443.2 442.5 441.9 440.2 439.1 438 437.5 436.6 434.6 432.7 430.7 423 420.2 411.9 408.3 407.7 402.2 388.6 379.6 372.7 362.1 356.3 346.5 340.1 336.8 332.7 325.9 320.7 320.8 316 309.4 303.4 294.9 291.2 287.8 283.9 281.1 274.6 270.6 266.4 262.1 258.5 253.7 249.6 244.7 238.5 234.4 226 221.8 218.8 215.1 210.2 212.2 213.3 211 207.6 204.5 201.6 199 196.6 190.7 184.5 177.2 170.3 167.1
468.2 466.8 465.2 463.1 459.9 457.6 455.4 453.8 451.5 449.6 446.9 445 443.3 441.9 441.4 441.2 440.3 439.6 438.5 437.4 437.1 436.4 434.9 431 428.4 414.5 410.7 410.9 409.6 407.7 398.7 388.8 378.9 370.8 361.1 355.1 345.6 342.8 338.2 332.9 329.1 324.8 321.3 314.1 306.8 301.2 294.4 291.7 289.6 286 282.2 277 272.7 265.3 259.8 256 251.4 247.3 243.3 236.7 231.8 225.8 221.4 217.9 214 209.8 205.5 208.9 208.6 205.5 200.9 198.2 195.4 193.2 188.1 182.4 175.5 168.3 171
465.5 463.8 461.8 459.6 457.6 455.2 453.6 451.3 449.2 446.6 443.6 441.6 440.1 438.5 439.2 438.7 438.6 437.8 437.5 436.7 436.1 434.9 434.5 432.4 428.8 424.6 410.6 409.8 411.3 408.1 398.7 390.4 379.4 369.8 361.7 354.1 348.1 343.6 337.9 331.9 328.2 324.1 318.2 310 305.2 299.9 296.2 293.8 290.7 286.2 282.8 279.4 274 266.7 260.8 253.4 244.1 238.9 237.7 233.8 230 225.4 221.2 215.1 211.2 208.7 204.3 201.9 205.4 206.2 202.5 196.7 191.3 188.2 184.3 179.6 174.3 166.2 170
461.4 459.1 457.4 455.8 454.4 455.9 450.5 448.7 446.6 443.4 441.1 439.7 436.8 435.1 435.8 436 435.9 435.8 435.4 435.5 436.2 433.3 432.6 432.2 430.8 424 409.6 409.3 411.5 407.4 398.9 389.3 379.9 368.5 361.8 355 348.7 343.8 338.1 327.5 324 318.9 313.8 308.7 304.8 301.3 298.1 294.5 290.5 285.4 282.6 279.4 275.1 268.7 263.1 255.9 247.6 235.2 229.9 227.6 223.6 221.9 217.7 212.8 208.7 206.6 202 197.6 200.4 202 201.2 197.5 190.7 186.3 182.3 177.4 172 164.2 168
456.5 454.5 452.9 451.7 450.6 450.1 447.1 445.7 442.3 440.8 440.3 436.4 434.4 433.7 432.4 432.5 432.2 432 432 431.6 430.9 431.1 430.1 429.4 428.9 426.1 421.2 421.5 416.1 405.4 396.7 388.9 375.8 366.7 359.2 352.2 346.6 342.1 329.9 322.4 316.2 312.2 310.2 306.6 303.2 300 296.6 293 289.4 284.8 283.2 279.7 274.9 269.9 264.2 257.3 249.7 243.1 237.8 230.2 221.1 219.8 213 209.7 207.3 203.3 201.2 195.1 193 196.5 198.6 196.7 190.8 185.3 180.8 176.3 170.1 163.7 165
452 449.8 448.6 447.6 446.5 445.1 443.6 441.7 438.3 435.4 433.9 432.5 431.4 430.6 429.7 429 428.9 429.1 429.2 428.7 427.4 426.1 426.8 425.4 422.8 421.4 419.2 417.1 412.4 405.7 386.8 384.2 372.7 363.5 356 347.5 343 334.9 325 318.7 314.2 310.2 306.8 303.2 299.6 296.7 292.9 289.9 287.4 284.7 281.9 278.5 274 269.5 264.4 258.4 252.3 247.1 241.3 235.2 229 220 212.3 205.6 203.3 199.8 196.9 193.8 189.4 191.3 193.4 193.3 188.6 184.4 179.2 173.9 169.4 163 162.3
450.6 445.1 444.3 443.5 442.5 440.9 439.2 436.8 434.6 432.5 431 429.8 428.8 427.7 426.6 425.7 425.9 426.1 424.8 424.4 425.1 424 423.4 422.2 420.4 418.8 415.6 411.3 407.8 400.4 388.4 382.4 369 359.3 351.4 343.7 336.7 325.8 319.4 314.1 310.7 307.7 304.2 300 296.5 293.4 290 287.2 285.5 282.8 279.7 277 272.7 268.4 264.3 259.9 255.4 249.4 243.6 237.9 231.9 226.3 220.4 213.9 206.5 201.8 195.9 191.4 185.5 184.3 186.6 186.7 185.7 182.6 178.2 172.9 168.5 163.2 160.8
445.4 440.9 439.5 439.3 440.2 436.9 434.9 434 432.4 429.7 428.3 427.3 426.3 424.8 423.5 422.4 422.7 423.5 422.3 421.9 422.7 421.7 420.6 419.3 418 415.8 413.6 408.6 400.3 388.7 379.2 374.6 365 355.2 348.8 339.5 331.1 320.2 313.7 310.1 307.7 304.9 300.7 297 293.5 290.2 286.7 283.8 281.5 279.3 276.8 274.7 271.4 267.3 263 258.8 254.1 249.6 245.1 239.5 234 230.1 224.6 217.8 213 206.6 198.4 189.9 186 182.3 178.7 179.2 180.3 180.3 176.7 172.1 167.5 163.6 160.2
440.9 435.3 434.3 433.6 434.1 433 432.3 432.1 430.1 427 425.9 424.9 423.6 421.3 419.8 418.9 419.9 420.7 419.8 420.4 419.5 418.5 417.5 416.1 414.2 410.2 406.7 403.1 391.2 379.8 371.9 369.1 357.9 349.6 343.1 332.1 324 317.9 309.4 307.4 305.5 300.5 296.4 292.4 289.7 286.7 283.4 279.3 276.1 274.5 272.2 270.1 267.6 264.7 259 256.5 251.9 248.2 243.8 239.3 235 230.9 225.7 218.8 212.6 208.2 200.1 194.8 187.8 182.4 178.4 172.9 175.2 177.5 175.3 170.6 166.7 164 158.7
435.4 429.5 428.7 428.2 428.9 429.1 428.2 427.5 427.1 424.7 423.6 422.5 420.7 418.4 416.3 415.2 416.6 417.9 417.9 416.9 415.9 415.3 414 411.6 407.8 404.2 399 391.6 381.6 374.6 368.3 363.2 353.9 344.8 334.4 325.6 321.5 314.6 307.8 305.3 302.6 297.1 292.1 287.8 286 283 279.6 274.4 270.9 269.7 267.5 265.5 264.3 261.1 257.2 253.3 249.5 245.2 241.5 237.9 233.9 230.1 226.2 220.1 213.1 207.7 202.3 196.3 189.1 182.8 178.3 174.4 172 172.6 173.8 170.1 166.2 161.5 157.2
428.8 424.7 423.6 423.6 424.3 425.2 424.2 423.7 424.2 422.8 420.6 419.2 417.7 415.9 414.2 412.5 414.3 416.1 415 412.4 412.2 411.5 410.3 407.7 405.5 396.9 392.1 383.6 374.4 366.4 361.1 356.1 348.3 339.2 327.6 321.9 316.9 312.3 307.6 303.1 298.4 293.4 288.4 283.6 282.7 279.4 275.2 271.4 266.6 264.2 261.5 259.9 258 255 254.1 250.8 246.8 242.5 238.5 235.3 232.2 228.9 224.8 220.1 214.9 208.5 202.3 196.3 189.3 183.3 179 174.7 170.6 169.7 171.7 170.3 167 163 157.4
