data/360000-240000.asc
ncols 200
nrows 200
xllcorner 360000
yllcorner 240000
cellsize 50
[rows 76 to 113 of 200, columns 0 to 83 of 200]
84 85.4 87.7 89.9 92.2 94.5 94.1 93.5 93 92.4 92 92.2 92.5 93.2 93.8 94.2 95.1 95.5 95.3 94.6 93.8 92.8 91.3 90.3 88.9 88 87.6 87 85.8 84.6 83.2 82.4 82.3 82.9 83.5 82.2 81 78.5 76.4 75.3 74.1 72.3 70.8 72.8 75.4 76.7 79.6 80.3 80.7 81.2 80.4 81 81.6 82.1 84.2 86.3 88.5 90.7 91.2 90.3 90.2 90 88.8 87.2 86 85.3 84.9 84.5 84.2 83.8 83.4 83.7 84.2 84.7 85.1 85 84.5 84.1 83.7 83.4 84.2 85.1 86.1 86.9
86.2 88.2 88.9 90.8 92.7 94.7 93.3 92.7 92.1 91.5 91.3 91.4 91.5 91.9 92.3 93.8 94.4 95.1 94.9 94.1 93.3 92.5 91.8 90.8 89.8 88.7 88.3 88.7 89.3 88.2 87.2 86.2 85.2 85.4 84.5 82.8 81.1 79.2 78.2 76.7 74.8 72.8 70.8 70.3 75.1 78.9 81.6 83.4 83.3 82.5 81 81.6 82.2 82.8 84.4 86.2 88.2 90.5 91.6 90.9 90 89.1 87.8 86.6 85.2 83.7 83.2 82.9 82.6 82.2 82 82.5 83.1 83.6 83.9 83.5 83.5 83.3 83.2 82.8 83.6 84.5 85.5 86.5
89.7 90.7 91.1 91.9 93.3 94.3 92.9 91.8 91.2 90.5 90.6 90.7 91 92 92.5 93.4 94.2 94.9 94.5 93.7 92.9 92.1 91.3 90.5 89.8 89.5 90 91 90.6 89.9 89.2 88.5 87.7 86.6 85.4 84 82.9 81.5 79.8 78.3 74.6 72.1 70.6 70.7 74.4 78.1 80.4 82.1 84 82.8 81.7 82.3 82.9 83.5 83.9 85.3 87.2 89.7 89.7 89 87.9 86.6 85.4 84.2 83.6 83.1 82.3 81.4 81.2 81 80.8 81.8 81.8 81.9 82 81.6 81.9 81.7 81.7 82.5 83.5 84.4 85 85.9
91.2 90.8 90.6 91.1 93 93.6 92 90.4 90 90.1 90.2 90.6 91.6 92.6 93.4 94.2 94.5 94.1 93.7 93.2 92.6 91.6 90.7 90 89.3 89.1 89.5 90.2 90.7 90.3 89.4 88.5 87.6 86.2 84 82.6 81.9 80.9 79.2 76.6 73.5 70.9 70.2 70.5 73.5 76.5 78.6 80.6 81.8 82.3 81.9 83 83.6 84.1 84.6 84.2 85.8 87.9 87.5 87 85.9 84.6 84.5 83.9 83.5 83.3 82.4 81.1 80 79.8 79.6 80.4 80.2 79.9 79.7 79.6 79.9 80.9 81.5 82.6 83.6 84.6 85.5 86.5
90.3 89.4 88.5 89.3 91.1 92.4 90.7 89.1 89.2 90.3 90.2 91.3 92.3 93.3 94.3 94.4 93.8 93.3 92.8 92.6 92.2 91 90.2 89.5 88.9 88.7 88.5 89.1 89.7 89.7 89.3 88.4 87.5 86.2 84 81.4 79.2 77.5 75.3 73.4 71.6 70.6 70.6 71 72.2 74.9 77.2 79 79.5 80 81.3 83.4 84.1 83.3 82.5 81.8 83.1 84.9 85 84.6 84.1 83.1 83.4 83.9 83.7 83.4 82.4 81.2 79 78.7 78.5 79 78.9 79.7 80.3 80.6 80.7 80.8 81.5 82.7 83.7 84.7 85.6 86.6
89.2 88.4 87.4 86.4 87.9 89.3 89.1 87.6 90.9 92.3 91.7 91.3 92.4 93.5 93.8 93.3 92.9 92.4 91.8 91.5 90.8 90.4 89.7 89.1 88.6 88.3 87.7 88.3 88.7 88.7 88.7 88.3 87.4 86.2 83.8 81.9 80.1 77.8 75.4 73.5 71.7 70.9 70.7 70.7 71.1 73.4 75.7 76.7 77.4 78.1 80.1 82.1 82.4 81.7 80.8 79.9 79.8 80.8 81.6 81.8 81.5 81.6 82.1 83.2 83.8 83.3 82.5 81.3 78.9 77.3 78.8 80.2 80.9 81.5 82.1 82.3 82.6 82.8 82.8 82.1 83.9 84.9 86.1 87.3
88.7 88 86.8 84.9 84.8 85.8 86.5 89.1 92.2 93.7 93 92.6 92.5 92.8 92.5 92.1 91.4 91.1 90.8 90.3 90.5 89.9 89.4 88.9 88.2 87.7 87 87.5 87.9 88 88.1 88.1 87.7 86.9 85 83.2 81.5 78.7 75.7 73.7 71.8 71.2 70.7 70.2 70.6 71.8 73.9 74.7 75.5 76.6 78.8 80.5 81 80.1 79.2 77.9 77.6 77.7 78.1 78.7 78.8 79 79.5 80.2 80.3 80.1 80.1 79.2 75.3 79 81.7 82.5 83.2 83.6 83.7 84.1 84.5 84.8 85.1 84.6 84.1 85.2 86.4 88
88.8 87 84.9 83.5 83.7 86.7 88.6 91.1 93.3 95 93.9 93.3 93.2 92 91.3 91 90.2 89.6 89.3 88.6 90.3 90.2 89.7 88.8 87.7 86.7 86.5 87.1 88 88 88.1 88.1 87.8 87.4 86 84.3 82.5 79.6 76.6 73.8 72 71.5 70.5 70.1 69.9 70.2 71.6 72.9 74.1 75.1 77.5 79.1 79.2 78.2 77.5 75.8 75 75.2 74.9 75.5 75.6 76.4 76.8 76.6 76 75.9 76.2 75.9 79 82 83.7 84.8 85.2 85.3 85.4 85.8 86.2 86.6 87 86.6 85.9 86.1 87.3 88.9
85.6 84.8 83 83.7 86.2 88.6 90.5 92.2 93.9 95.6 95.3 93.7 93.4 92.2 90.7 89.7 89.1 88.4 87.6 89.8 90.7 90.5 89.7 88.9 87.7 86.8 86.4 86.8 87.7 88.1 88.1 88.1 87.9 87.1 85.3 83.2 81.4 79.2 77.1 74.5 72.1 71.3 70.3 70 68.5 69.8 70.7 72 73.2 74.1 75.3 76.2 76.6 75.7 75.3 74.2 73.3 72.8 72.6 72.7 73.1 73.2 73.8 74.8 75.6 76.3 76.5 77.1 80.1 82.5 84.7 86.8 86.9 87 87.1 87.4 87.9 88.5 89 88.4 87.9 89.1 89.8 91.4
83.1 81.7 78.7 84.8 86.9 88.8 90.6 93.2 94 95.6 95.6 94.7 93.7 92.4 90.9 89.4 87.9 87 88.7 90.5 91.6 90.6 89.9 88.8 88 86.8 86.5 86.7 87.4 88.1 88.1 88 87.9 86.5 84.4 82.3 80.2 78.2 75.9 73.5 72.6 71.3 70.4 69 69 69.7 70.1 71.1 72.3 73.1 73.5 73.3 73.8 73.3 72.9 71.8 72.6 73.4 73.6 74.1 74.9 75.2 76.2 77.1 77.7 78.4 78.7 78.3 80.5 82.8 85.8 88.8 88.9 88.9 89 89.8 90.1 90.4 90.9 90.2 90.6 92.6 96.3 95.2
81.1 78.3 82.6 84.9 87.1 88.9 92.1 95.2 94.3 95.4 95.3 95 93.9 92 90.4 88.8 86.5 84.5 86.3 92.3 90.9 90.6 89.9 88.8 87.6 86.4 85.3 87.2 87.7 88.1 88.1 88 87.9 86.2 84.1 82 80.1 77.8 75.4 74.6 73.8 72.5 71.1 69.6 69 69.5 70 70.4 71.4 71.6 71.6 71.4 71.2 71.5 72.6 73.6 74.4 75.1 75.3 76.4 77 77.5 78.6 79.8 80.4 80.8 80.6 79.9 81.6 84.8 88 90.8 90.7 90.8 91.4 92.4 92.7 92.9 92.6 92.2 92.8 97.8 102.3 104
79.9 76.1 83.3 86.5 88 90.1 93.5 96.3 96.5 95.2 94.8 94.5 93.7 91.6 90 87.9 85.9 83.4 81.9 85.4 89.9 89.8 89.7 88.4 87.1 85.9 84.9 87.3 87.7 88 88.1 88 87.8 86.6 84.5 82.6 80.9 79.1 77 75.9 75 73.7 72.1 70.2 68.4 68.9 69.3 69.8 69.9 69.8 69.9 71.1 71.3 72 73.6 75.2 76.2 76.7 77.4 78.5 79.2 79.8 80.9 82.2 83.4 83.6 82.6 81.7 83.3 87.3 90.5 92.9 92.6 92.6 93.9 95 95.3 94.9 94.2 94.2 94.5 97.9 102.1 103.9
81.5 76.1 82.8 87.8 89.4 90.5 93.4 95.8 97.1 95.7 95.3 94.4 92.8 91.1 89.3 87.3 85.3 83.3 80.2 80.6 84.2 88 88.1 88.4 86.9 85.2 84.8 86.2 87.6 88 88 87.9 87.8 86.9 85.2 83.4 81.5 79.7 78.7 77.2 76.2 74.6 72.8 70.8 66.7 68.4 68.5 68.8 69.2 70.2 71.5 72 72 72.4 74.1 76.1 77.8 78.5 79.6 80.7 81.4 82.2 83.3 84.5 85.8 85.3 84.3 84.1 84.3 87.4 90.6 91.8 93.1 94.8 96.5 97.6 97.1 96.5 96.3 96.3 96.4 97.9 100 101.6
83.6 75.9 79.7 86.7 91.1 92.4 93.4 95.8 96.8 96.5 95.1 93.6 91.8 89.8 88.1 86.6 84.6 82.4 80.6 78.7 80.1 83.2 85.5 88.2 86 84.4 85.8 87.5 89 89.9 90.6 89.8 88.6 86.6 84.9 83.2 81.4 79.8 79 78.3 77.2 75.4 73.5 71.2 68.8 68.5 68.5 68.7 69.3 70.3 71.3 72 72.7 72.9 74.5 76.6 78.6 80.3 81.4 82.6 83.5 84.7 85.8 86.4 87.2 86.5 86.4 86.8 87 87.1 88.6 90.2 91.5 93.8 96 98.4 98.7 98.4 98.4 98.3 98.5 99.8 101.8 97.9
82.8 74.9 76.9 86.4 92 93.3 94 95.5 95.3 94.3 94.1 92.4 90.4 88.4 86.7 85.4 83.7 81.4 79.7 78.3 78 80.5 84.5 88.2 85.8 83.1 84.3 86.9 88.5 90.4 92 92.3 88.9 86.4 84.3 82.8 81.2 79.9 78.6 77.3 76 74.7 73.6 71.7 69.7 68 68.5 69 69.4 70.4 70.5 71.4 72.6 73.5 75 76.6 78.5 81.3 82.4 83.5 84.8 86.2 87.2 87.1 87.8 88.9 88.8 89.5 89.7 89.5 89.6 90.1 90.5 92.6 95.1 98.1 99.9 101.2 101.1 100.8 101 102.7 96.3 92.9
80.8 73.7 77.3 86.4 90.2 93.1 94 93.6 92.7 90.8 90.2 90.6 89.1 87.2 86 84.5 82.4 80.4 79.3 78 76.8 78 81.5 85.8 87.2 83.7 80.9 83.2 85.5 87.5 89 88.6 86.4 84.2 81.7 80.2 79 78.6 77.5 76.2 74.9 73.4 72.2 70.4 69 67.9 68.3 68.9 69.5 70.4 69.8 70.7 72.1 73.8 74.8 76.2 79.1 82.3 83.3 84.4 85.7 86.2 86.2 86 87.3 89 90.8 91.3 91.9 91.8 91.5 91.9 93.2 94.4 95.7 98.6 100.9 103.6 104.3 103.9 103.6 100.3 93.5 89.1
76.8 70.7 77.3 84.4 89.4 92.6 92 90.8 91.2 90.5 87.1 86.7 87.2 85.8 84 83.3 81.1 79.3 78 76.9 75.9 76.4 79.8 81.3 82.6 82 79.3 80.1 82.4 84.5 85.8 84.1 82.3 80.9 79.2 77.9 76.9 76.4 76.1 75 73.7 72.3 70.9 69.8 69.1 68.3 68 68.3 68.6 69.1 69.5 71.3 73 74.5 75.4 76.3 80.1 83 83.2 84 84.5 84.5 84.6 84.6 86.3 88.2 89.9 90.9 92.6 93 93.2 94.5 95.9 97 98.3 100.2 102.3 105.2 105.6 105.6 103.9 99 92.6 88
71.5 71.5 77.5 83.6 89 91.2 88.2 87.1 87.9 88.1 85.2 83 83.1 83.9 81.8 81.6 79.7 78.2 76.8 75.6 75.3 75 77.5 80.4 81.3 80.1 77.9 75.9 79.1 81.5 81.8 80.9 80.1 79 77.3 76 74.8 74.3 74 73.7 72.6 71.2 70.9 70.4 69.6 68.4 67.8 67.2 67.8 69.2 70.4 72.1 73.9 75.1 76 76.4 79.9 82.1 82 81.9 82.1 82.3 82.3 82.7 84 85.8 87.7 89.9 92.2 93.8 95.4 97.7 98.5 99.4 100.9 102.9 104.3 106.9 111.3 110.3 105.4 99 91.8 86.6
70.4 75.1 80.2 83.4 86.6 86.7 85.1 83.6 84.6 84.8 83 80.9 79.6 80.5 79.8 79.9 78.9 77.4 76 74.5 74.3 74.5 77.5 80.5 79.5 79 76.9 75.4 76.3 78.8 79.3 79 78.1 77.1 75.6 74.3 73.8 73.6 72.9 72.2 71.7 71.5 71.4 70.9 69.4 68.3 68 67.9 66.5 69.2 71.4 73.1 74.8 75.2 75.2 75.3 79 79.5 79.6 79.7 79.8 79.9 80 80.7 82 83.4 84.9 87.4 88.3 89.1 92.2 96.8 100.2 103.3 105.8 108.3 110.5 112.9 115.3 112.2 106.4 98.5 89.3 83.4
73.9 77.9 81.3 83 82.9 82.3 81.4 81.1 81.7 81.2 80.1 78.9 77.3 77.7 77 78.2 78.2 76.7 75.2 73.7 73.6 74.3 76.6 79.1 77.8 77.6 76.1 74.4 75.1 76.7 77 77.2 76.2 75.2 74.8 74.6 74.2 74 73.5 73.7 74 73.1 72.4 70.7 69.3 68.3 67.9 67.7 67.5 69.1 72.6 75.9 73.7 73 74.1 74.1 76.2 77.1 77.2 77.2 77.2 77.3 78 79.1 81 82.9 83.9 84.7 86.6 88.7 93.8 98.8 102.9 107.6 111.4 115.1 117.2 115.6 114.2 109.4 103.8 95.2 85.8 80.4
75 78.9 80.2 79.8 79.7 79.3 79 78.7 78.5 78.3 77.3 77.7 76.2 76 75.4 76.7 77.4 76 74.5 73 72.8 75.1 77.8 78.4 76.3 75.7 75.1 74.7 74.7 76 76.8 76.8 76.1 76 75.8 75.5 75.1 75 75.8 76.1 76.1 75.2 72.8 70.8 69.2 68.4 68 68.1 68.3 69.2 71.7 72.7 71.3 70 70.8 72.1 73.7 74.2 74.7 75.3 76.3 77.4 79.1 80.6 82.4 84.2 86 87.4 89.6 93 98.3 101.5 104.8 110.5 114.8 117.4 118.5 114.7 108.7 102.4 96.4 89.1 82.1 78.4
75.2 77.8 77.2 76.7 77.2 78.1 79.3 78.3 76.8 75.3 75 75.3 75 74.3 73.9 75.2 76.5 75.2 73.7 72.3 72.5 76.4 80 79.1 76.6 75.9 75.4 75 74.6 75.7 77 77 76.9 76.8 76.7 76.3 75.8 76.6 77.6 78.2 78.3 77 74.1 71.5 69.2 68.5 68.2 68.1 67.7 68.3 69.7 69.6 68.7 70.9 72 73.6 74.1 74.6 75.3 76.2 77.4 78.6 80.3 82 83.8 85.4 88.2 91.4 94.6 98.3 101.1 103.4 106.6 111.1 112 113.4 112.2 107.9 102 95.4 88.6 84.6 80.1 77
73.1 76.7 75.7 74.9 75.9 77.6 78.7 77.5 76.3 75 73.8 73.2 73.2 72.4 72.5 73.7 75 74.4 73 71.6 72.4 76.1 77.8 78.9 77.3 76.2 75.7 75.3 75 75.2 76.4 77.6 77.8 77.7 77.6 77.1 77.1 78.3 79.3 79.9 79.8 78.7 75.5 72.6 69.9 68.3 68 67.8 67.7 67.6 69.7 71.8 72.7 74.6 75.5 76 76.2 76.6 77 77.7 78.5 79.9 81.6 83.8 86.1 89.1 93.1 96.3 99.6 101.5 103.8 105.7 107.5 107.9 107.7 109 107.6 103 96.2 89.1 84.6 81.4 78.6 76.8
72.1 75.6 74.4 73.3 75.5 76.4 76.7 76.6 76 74.7 73.4 72.5 71.4 70.4 71.1 72.4 73.3 73.1 71.9 71.4 71.4 71.8 73.8 74.7 75.1 75.4 75.7 75.6 75.8 76 76.7 77.9 78.8 78.7 78.7 77.7 78.6 79.7 80.8 81 81 79.7 76.5 72.9 69.7 68 67.5 67.4 67 69 71.4 73.8 76.2 77.2 77.4 78 78.2 78.5 78.7 79.3 79.7 81.2 83.7 86.3 89 93 97 99.7 101.1 101.8 103.9 105.8 105.1 104.4 103.6 105.4 104.3 98.8 93.6 87.6 82.4 79.2 76.7 74.9
71.9 75 73.6 71.3 72.2 72.8 73.5 73.9 74.2 74 72.4 71.2 70 69.6 69.8 71.1 71.2 71 70.8 70.8 70.9 70.9 71.1 72.4 73.9 76 77 76.8 77 77.2 77.8 78.5 79.7 80.5 80.2 79.4 79.7 80.9 82.1 82.1 81.5 78.6 76 72.6 69.1 67.8 67.2 67.4 67.9 69.7 71.4 73.2 75 76.8 78.7 79.3 80 80.5 80.8 81.1 81.6 83.1 85.8 89.1 93 97 99.5 100.8 100.3 100.4 101.1 102.4 102.8 102.2 101.5 103.7 102.3 97.8 93.3 87.6 81.7 79.3 76.7 73.9
67.2 70.2 70.9 69.7 69.9 70.5 71.1 71.3 71.2 71.9 70.6 69.4 69.3 69.2 69.2 69.3 69.4 69.6 69.6 69.5 69.6 70.2 70.9 71.8 74.1 77.1 78.6 78.2 78.2 78.5 79.1 80.4 81.6 81.9 81.7 81.1 81.3 82.3 83.3 81.9 80.1 77.4 74.8 71.4 68.1 67.7 67.4 67.6 68.5 69.7 72.1 73.9 75.6 77.4 79.1 80.7 82.8 84 83.5 83.3 84.1 86.1 88.2 92.3 96.3 98.4 98 98.2 98.4 98.3 98.3 99.3 100.5 100.7 100.9 101.9 101.4 97.4 93 87.7 82.1 78.2 75.8 73.4
65.3 66.4 67.6 67.9 67.5 68 68.6 68.7 69.2 69.4 69 68.9 68.8 68.6 68.4 68.2 68.3 68.5 68.3 68.6 69.3 70.1 70.8 72.2 74.2 76 79 79.5 79.1 79.8 80.8 84.7 87.2 85.4 84 82.9 82.6 82.7 81.8 80.3 78.8 76.5 73.3 69.9 67.2 66.4 67.2 67.9 69.3 70.1 71.8 74.1 76.4 78.2 80.9 83.6 87.9 89.4 87.9 87.6 88.2 89.2 91.2 93.8 95.3 95.3 94.9 95.2 95.1 95.5 95.8 96.9 98.3 99.4 100.7 102.6 100.5 96.9 92.5 87.9 82.5 77.3 74.8 72.6
63.5 64.3 65.4 66.1 66.1 66 66.1 66.5 67.2 67.6 68 68.1 67.9 67.7 67.5 67.3 67.3 67.9 68.6 69.3 69.8 70.1 70.6 72.2 73.6 74.5 76.9 77.8 79.1 81.6 84 88.6 92.7 90.6 88.5 86.3 83.8 82.7 80.4 78.6 77.1 75.6 72.4 69.2 65.5 66.1 66.8 67.5 69.1 70.8 71.8 73.8 76.2 79.3 82.2 85.2 91.6 95.5 95.1 94.4 94.5 92.2 91.3 92.2 92.6 92.3 91.9 91.4 91.7 92.3 94.3 97 98.7 101 101.9 102.6 99.6 96.4 91.8 87 82.3 77.3 73.7 71.8
63.7 64.2 64.7 65 65.3 65.1 65.1 65.5 66.2 65.9 66.3 66.9 67.1 66.9 66.6 66.9 67.7 68.6 69.3 70 70.6 71 71.3 71.7 73 73.8 74.3 76.9 79.8 83.5 86.3 90.8 96.4 94.9 92.1 89.5 84.4 81 79 77.1 75.7 74.7 72.1 68.8 66.2 65.5 66.3 67 68.7 70.3 72 73.5 75.8 78.5 82.4 87 93.6 99.2 101.5 102.2 97.4 90.3 88.7 89.4 90.2 90 89.8 88.5 89.2 91.6 94.6 97.6 101.4 104.1 104.8 102 98 93.7 90.6 86.8 82.1 77.4 73.8 72.3
63.4 64.1 64.3 64.5 64.5 64.4 64.6 64.9 65.5 65.2 65.3 65.6 65.8 66.1 66.7 67.7 68.5 69.2 70 70.7 71.4 71.8 72.3 72.6 72.7 73.7 75.2 77.6 80.9 84.7 89.3 96.4 102.8 98.5 92.1 86.9 81.5 78.7 75.7 74.5 73.9 73.2 71.6 69.2 67.4 65.6 65.7 66.6 68.3 69.9 71.5 72.8 75.2 77.6 82.3 86.3 91.9 98.1 99.7 96.5 91.4 87.4 86 86.7 87.5 87.6 87 86.6 88.6 91.6 94.5 97.7 102.4 106 103.8 99.8 95 90.3 87.7 84.8 81.3 77.7 74.7 73.4
64.1 64.1 64.2 63.9 62.7 63.8 64.1 64.4 64.8 64.8 65.1 65.4 65.7 66.2 67.5 68.6 69.5 69.9 70.7 71.4 72 72.7 74.2 75.4 75.5 75.6 76.8 79.4 82.2 85.6 89.2 95.9 101.5 100.4 92.3 85.1 80.4 77.9 74.8 72.1 71.7 72.4 71.8 69.7 67.7 65.1 65.7 66.2 67.6 69.2 70.8 71.6 73.2 76.4 78.9 81.6 85.2 88.3 88.9 88.1 86.2 84.4 83.4 84.6 85.6 84.5 85 86.7 88.9 91.4 94.4 98.9 103.5 105.6 101.9 97 92.2 87.4 84.9 82.3 79 75.5 74.9 73.8
64.2 64.3 64.4 64.1 64.1 63.8 63.7 64 64.6 64.7 65 65.3 65.5 66.3 67.9 69.4 70.5 70.9 71.4 72.3 73.3 74.9 77.1 78.3 78.5 78.6 79.2 82.6 85.4 85.9 86.5 90.1 93.7 99.3 95.6 88.9 82.1 78.4 75.3 72.1 70.8 71.5 71.8 70.3 68.2 65.7 65.7 66.3 67 68.6 69.9 70.5 71.3 74.2 76.5 78.1 79.5 82.8 82.9 82.9 82.8 81.2 81 81.8 82.5 82.8 85.5 87.3 89.9 93 97 101.5 105 104.4 100.7 94.4 89.4 84.6 81.8 79.4 76.7 74.3 74.7 73.7
64.5 64.5 64.5 64.7 65.3 65.3 64.2 63.7 64.4 64.6 64.8 65.1 65.3 66.5 67.9 69.4 71.2 72.7 73.2 73.2 75 77.8 80.1 80.7 81.3 81.4 82.2 85.8 87.2 84.5 83.1 84 88 92.1 92.4 87.7 82.1 77.8 74 71.3 69.8 69.5 70.6 70.8 68.4 65.9 65.7 66.3 66.9 68 68.7 69.3 69.9 71.9 73.9 75.3 76.4 77.7 79.1 79.2 79 78.4 78.8 80 81.3 83.2 85.6 87.9 91 95.4 99.4 102.6 105.6 105 99.4 93.2 86.6 81.9 78.6 76.3 74.8 73.8 75.2 74.9
66 65.9 65.8 65.8 66.4 66.6 65.8 64.8 63.4 64.3 64.5 64.8 65.2 66.5 67.7 69.2 71.2 73.3 74.6 75.8 78.1 79.8 81.7 81.9 82.2 82.5 83 84.7 86.8 83.4 80.6 81.4 84.8 87.7 86.7 83.5 79.7 75.8 72.8 71.3 69.6 67.8 68.8 69.3 67.4 65.7 65.3 66.4 67.4 68.3 69.2 70 70.9 71 71.5 72.3 73.2 74.3 75.4 75.9 77.6 77.4 78.8 80.1 82.7 85.1 87.4 89.6 92.4 96.1 100.6 104.4 107 104.9 98.7 91.9 85 79.2 76.2 74.8 73.5 73 75.2 75.9
67.4 67.3 67.1 66.9 67.4 68.7 68.4 66.9 65.4 62.7 64.4 64.7 65.3 66.6 67.9 68.7 70.1 72.5 74.7 75.8 77.5 78.3 78.9 79.2 79.3 78.6 78.6 79.4 81.7 80.4 78.7 82.2 86.9 88.2 83.6 80.2 77.3 74.3 72.5 70.7 68.9 67.1 66.6 66.8 66.5 65.5 65.3 66.8 68.4 69.7 70.9 72 73 72.8 73 73.5 73.8 74.4 75.3 76.7 77.5 78.5 80.2 82.3 84.9 87.2 89.3 91.4 94.1 96.3 100.6 105.1 107.2 104.7 98.6 90.5 82.2 76.9 73.5 72.3 71.4 72.7 75.4 75.7
68.6 68.5 68.4 68.2 68.6 70 71 69.6 67 64.7 63.9 64.6 65.4 66.5 67.2 67.9 68.8 69.9 71.9 72.7 74.5 75.3 76 76.6 75.9 75 74.7 74.6 76 76.3 78.5 83.4 89.3 86.7 81.2 77.4 74.9 73.3 71.6 69.7 67.9 66.2 66 65.9 66 65.4 65.7 67.4 69.2 72.1 74 74.7 74.9 74.5 74.4 74.8 75.4 76.7 77.3 77.8 79.1 81 83.5 85.2 87.5 90 92.7 94.1 95.8 98.1 100.7 103.6 104.2 102.7 97.2 87.2 79.5 75.5 72.3 70.6 69.6 71.7 74.3 74.6
69.2 69.1 69 69.5 71.2 72.2 73 71.1 67.8 65.4 65.6 65.2 65 65.7 66.4 67.1 67.1 67 68.2 69.6 71.2 72.8 72.7 73.1 72.3 72 72.6 73.3 74.6 77.3 80.4 84.9 84.6 82.6 78.7 75.6 74 72.1 70.5 68.8 66.9 65.5 65.4 65.3 65.2 64.6 65.7 68.4 70.1 73.8 75.7 76.2 75.7 75.6 76.1 76.8 78 79.3 80.4 80.7 81.8 84.3 86.9 88.7 91 95.3 97.5 98.8 99.9 102.2 103.6 105.2 102.9 98.5 92.1 85.3 77.5 74.1 71.3 69.2 69 70.1 71.7 73.1
70.1 69.8 70.5 71.7 73.6 75.3 75.6 75.1 69.3 67.1 66.7 65.6 65.1 65.1 66.3 66.1 65.1 65.8 66.8 67.6 68.4 69.5 70.2 69.4 69.8 70.4 71.1 72.2 75.5 78.9 81.9 82.6 81.8 79.9 77 74.8 73.3 71.6 69.6 67.7 66 64.9 64.8 64.8 64.8 65.3 66.8 68.6 71 73 74 74.8 76.4 77.9 78.4 79.4 80.6 82 83.8 85.1 85.6 87.3 90.1 92.1 94.9 99.2 104.3 104.9 104.2 105.4 105.5 103 97.8 91.8 86.7 80.5 75.3 72.5 70.7 68.8 68.3 68.7 70.2 71.9
