data/360000-490000.asc
ncols 200
nrows 200
xllcorner 360000
yllcorner 490000
cellsize 50
[rows 70 to 104 of 200, columns 78 to 155 of 200]
277.9 289 298.2 308.5 316.5 324.8 329.9 334.2 339.7 329.9 313.3 291.6 268.4 248 223.5 213.2 225.9 245.6 254.4 252.4 252.8 252.5 250.5 251.7 254.4 262.1 270.3 280.3 286.1 294.2 296.6 305.4 315.5 321.8 327.8 336.5 346.6 350.6 352.8 352.4 351.6 346.5 364 385.3 403.5 423.7 445.2 467.3 491 513.8 538.5 564.5 588.8 611.5 629.5 649.1 660.9 668 672 672.2 671.9 665 657.3 647.2 631.3 613.1 597.9 590.6 597.5 611.5 624.5 633.2 638.5 640 637.5 633.9 631.1 635.2
278.1 290 300 312.4 322.9 332.1 336.5 339.9 336.5 322.3 301.8 278.9 253.7 229 207.2 219.9 232.8 241.5 232.2 230.5 230.5 233.2 239.4 249.3 254.6 259.8 259.3 262.5 264.8 270.3 277.1 283.6 293.3 298.6 303.8 314.4 321 325.8 326.5 329.6 349.1 368.9 386.1 407.3 427.5 449.3 472.2 495.1 517.3 538.9 559.5 577.9 596.8 612.5 627.2 640.2 653.7 665.8 670.7 669.6 668.9 666.8 659.1 646.9 632.4 616.2 600.1 601.3 602.4 617.2 628 637.7 644.3 647.6 647.6 644.5 643.3 645
282.2 295.5 309.3 321.3 331.3 339.8 342.7 346.2 333 313.9 291 268.4 241.8 214.8 208 218.3 215.8 215.4 223.3 229.7 240.6 247 261.6 271.6 280 285.2 286.8 286.9 287.4 289.8 292.6 293.3 290.7 296.7 299 304.8 311.7 321.9 338.3 355 375.3 395.8 415.6 433.2 455.1 476.2 499.3 520.5 537.1 554.3 566.2 578.8 590.9 597.8 605.4 615.3 630.1 642 655.3 662.9 665.7 666 659.7 648.5 634.5 617.4 607.5 612.2 614.4 618.9 629.3 639.8 647.2 652.1 654.8 653.1 651.6 653
291.8 306.4 319.8 332.4 343.7 350.3 353.1 344.2 326.5 305.6 278.6 251.6 231.3 202.7 205.4 209.2 212.9 221.9 234.9 247.5 258.8 267.1 284.3 296.2 306 310.8 312.9 314.2 316.6 320.2 323.6 324.3 321.7 320.3 324.7 328.6 337.4 349.4 366 381.6 403.2 422.5 440.7 458.3 473.8 495.7 514.7 528.6 540.8 551 556.1 558 566 571.2 576.5 583.8 596.1 609.8 626.3 641.6 655 661 660 652.2 639.2 623.2 619.4 625.7 628.1 621.7 631 642 650.1 656 659.9 660 659.1 659.8
302.1 317.4 333.6 346.7 356.5 357.4 350.1 336.5 318.7 297.1 267.5 243.1 219.5 199.3 209.7 215.5 225.4 238.6 251.7 263 273.4 284.6 299 310.8 322.4 332.9 332.2 338.7 342.3 346.2 349.3 349.1 350 348.6 350.5 353.9 363.2 374.3 388.6 406.1 424.4 443.3 463.2 478.6 484.5 489.1 502.4 509.7 515.1 524 528.8 527.8 533.8 539.8 545.3 552.1 564.1 578.8 597.7 618.7 636.9 653.2 656.3 652.8 643.8 633.7 635.5 638.8 640.6 636.1 633.7 644.7 651.6 657.8 660 660.2 660 660.3
311.3 330.2 343 346.7 343.9 342.2 338.1 324.8 303.3 287.5 261.3 233.3 205.7 206.2 223.9 227.8 242.5 255.9 265.7 275.3 286.7 298.3 310.3 321.7 332.9 343.3 350.1 353.5 356.6 359.8 362 365.5 366.8 365.3 368.6 373 380.9 391.1 400.7 414.8 429.5 444.1 456 465.1 468.8 470.6 478.5 484.2 489.3 495.3 496.7 498.1 501.6 507.6 513.6 520.7 533.1 549.7 567.8 596.4 618.9 637.5 655.9 656.9 654.3 649.4 649.2 649.2 648.6 646.5 640.5 649.5 654.3 656.4 657.9 658.2 657.3 652.6
311.4 321.7 325 325.4 325 328.2 317.3 305.8 287.2 274.2 254.1 228 197.3 209.2 228.7 242.8 253.1 265.1 275.4 285.3 291.5 301.7 315.6 327.9 333.5 337.1 340 344.4 349.2 351.3 352.3 356.4 357.4 357.2 357.6 360.3 368.4 376.3 383.8 392.4 403.9 418.9 432.2 444 450.5 451.8 455 459.5 463.2 464.7 465.7 465.7 470.8 475.6 481.5 490 504.5 521 546.4 569.2 591.3 621.2 653.7 662.8 661.9 659.5 659.1 658.4 656.7 653.8 651.1 652.2 654.4 655.9 656.2 645.8 635.7 631.6
300.3 306.4 310 309.6 313.2 315.1 303.4 289.7 271.5 258.9 247 218.6 195.3 212.3 234.3 247.6 260 267.7 274.6 280.9 291.5 303.2 311.6 316.7 322.8 325.4 325.9 330.2 332.8 334.3 334.6 337.4 339.7 341.3 339.8 341.1 347.3 353.4 359.2 368.9 376.7 390.4 404.9 416.9 429.5 429.7 429.5 432.6 434.2 434.8 434.5 432.6 439.7 446.4 447.4 457.5 471.8 497.8 528.9 561.2 596.2 625.2 652.1 664.4 668.2 664.8 664.5 661.6 658.7 656.2 654.8 653.6 650.1 649.7 639.9 625.3 612.3 602.4
290 293.3 292.8 291.1 292.5 290.9 281.7 271 257.4 244 232.4 212.7 187.8 215.3 240.9 253.4 264.1 272.2 281.3 290.3 295.9 301.9 305.6 305.8 308.5 309.1 309.2 310.5 311 314.7 316.6 317.8 319.5 322.6 321.9 321 323.9 329.6 334.9 342.1 351.9 363.4 376.5 388.9 399.3 406.1 404.9 405.3 405.9 404.8 403.1 402.1 410.8 414 426.9 453.7 482.6 513.3 547.3 575 608.8 637.1 659.5 669.9 670.2 667.8 665.6 663.1 659.1 658.6 655.3 651.6 645.8 634.9 622 603.5 585.1 573.5
287.3 284.3 281.4 276.5 275.5 279.6 268.9 255.8 242.5 231.5 217.6 200.2 193.1 220.8 242.9 256.9 266.8 274.6 281.5 286.3 290.3 291.4 289.8 289.7 290.9 292.3 290.9 290.1 291.2 294.4 297.4 296 293.4 296.1 298.4 295.3 299.6 304.2 309.4 315 324.6 334 346.2 359 370.6 378.6 380.1 379 375.7 370.6 368.5 376.9 385.6 413.9 443.7 474.1 499.6 530.3 558.3 591.2 621.1 649.9 670.1 672.7 669.9 656.4 648.8 647.5 651.9 652.1 656.9 653.9 642.3 623.2 598.8 578.2 558.1 543.7
272.8 267.1 259.4 259.4 253.5 253.8 246.6 242.5 230.9 218.6 199.5 188.2 202.2 228.5 244.5 254.9 266.6 272.6 275.5 277.3 278 279.4 276.6 272.8 273.1 274.9 273.8 272.8 270.8 271.2 271.3 269.6 266.5 266.2 268.7 271 274.7 276.3 281.8 288.8 298.9 308.6 322.1 334.7 346.6 353.7 355.5 350.9 345.3 347.9 362.4 387 413.5 438.6 466.5 495.3 524.3 550.6 576.7 606.8 635.1 660.7 670.8 667.9 651.6 632.9 620.8 619.4 627.1 638.7 645.5 648.5 632 612.3 582.7 551 530.4 515.3
258.9 249.3 247.9 244.4 239.7 238.4 232.6 224.2 214 203.7 187.8 187.8 205.6 232.2 247.7 251.9 259.5 263.7 264.6 265.7 263.9 262.7 257.8 258.2 258.7 259.7 256.8 255.1 250.5 249 248.8 247.9 254 260.4 262.6 269.2 275.3 282.1 286.6 285.8 283 287.8 300.5 313.3 323.6 327.8 325.2 327 343.3 365.4 388 413.3 438.6 464.6 489.6 517.6 546.4 574.8 599.4 619.4 637.8 647.9 653.9 649.6 629.2 604.9 590.1 588.2 598.6 610.4 625.9 634.4 622.1 600.4 572.6 543 511.9 488.2
246.4 237.2 234.9 231.5 228.7 224.1 217.9 212.7 205.5 193.5 181.4 192.1 206.3 224.7 241.5 246.7 247.5 252.2 254 254.4 253.2 248.1 243.1 243.5 237.5 233 231 235.5 244.7 252.8 259.8 269.8 276.5 282.7 288.8 295.1 299.2 308.2 311.7 313.8 309.6 297.6 289.1 296.5 301.7 313.2 328.2 346.3 365.9 388.9 411.9 437.5 462.2 487.3 511 536.6 562.6 582.9 597.5 609.9 619.4 626.1 632.8 625.1 604 579.9 556.3 557.5 569 585.6 603.4 615.5 612.7 589.2 563.4 532 499.8 469.3
233.5 228.4 224.9 222 215.8 213.9 209.6 203.4 193 181.1 178.3 194 211.6 232.3 237.1 236.1 237.1 244.8 247.5 244.4 239 230.3 224.3 223 222 230.5 244.5 257.2 267 275.2 281.5 291.5 299.8 306.5 314.1 320.9 322.2 331.7 337 340.1 336.8 320.8 298.6 304.9 324.7 335.3 355.1 370.8 391.2 412.2 433.2 458.1 483.3 508.1 527.2 543.2 557.2 569.3 580.3 592.6 602 609.2 615 603.7 581 555.2 530.9 529.9 544.8 562.5 581 596.8 604.3 582.6 557.3 524.7 492 460
222.8 219.4 215.2 210.1 205.7 206.8 198.7 190.9 181.6 177.2 181 185.3 200.5 213.4 219.2 219.8 226.4 232.2 234.8 227.7 219.4 213.5 215.9 226.2 236.2 243.9 255.9 264 273.7 288.3 302.4 312.2 323.7 331.8 339 345.4 350 357.3 363.8 366.6 360 338.8 312.6 302.9 325.3 347.5 370.8 391.2 412.1 434.3 454.7 475.6 493.2 509.7 521.3 530.5 538.8 549.1 556.9 568 580.1 591.1 598.5 583.4 558.4 532.3 507.4 503.3 521.9 539.9 560.1 577.1 589.1 575.8 554.8 519.9 488.4 456.9
214.7 205.7 202.1 195.9 188.4 191.9 174.9 172.1 178.2 195.9 209.2 203.2 195.3 191.7 191.8 194.1 198.5 203.4 207.4 208.4 214.4 220.1 223.2 227.9 241.7 252 262.5 271.1 286.5 301.3 315 334.1 348.5 355.4 364.2 372.4 380.3 385.4 390.4 394.2 380 356.4 332.7 315.1 320.9 346.7 371.9 395.4 419.3 438.1 455.8 469.6 482 495.1 505.8 512.5 518.3 523.7 532 544.8 561.1 575.8 584.3 564.9 539 509.6 485.1 480.2 498.4 521.9 538.8 557.9 570.8 569.3 550.9 522 488.7 456.6
203.7 195 191.5 187.6 177 168.4 178 185.3 200.3 213 221.1 218.5 220.8 215.6 218.5 219.1 225 223.2 221.7 226.3 232.6 234.2 239.2 243.1 234.3 251.1 264 271.4 285.7 301.7 318.5 337.7 352.9 370.9 382.5 396.7 405.3 411.3 417.4 416.3 400.7 378.1 356.8 340.6 317.6 339.1 364.5 390.2 410.4 428.2 443.8 456.5 466.3 478.2 483.5 488.8 494.1 498.1 506.6 527 547.9 564.4 570.5 549.2 520.6 491.6 465.7 459 483.6 503.6 519.6 537.5 557.1 558.7 545.2 521.1 493.2 462.7
186.1 187.2 178.4 174.6 166.5 176.1 188.1 202.4 214.8 224.3 230.8 234.3 237.4 240.2 241.9 243.1 245 243.6 245.7 252 251.4 251.1 253.1 255.4 255.4 246 265.2 276.2 288.4 302.7 317.2 335 354.3 375.9 397.4 412.9 425.4 430.5 436 438 422.9 402.3 383.8 364.3 342.9 332.3 356.8 381.9 399.1 416 429.9 441.2 450 455.1 459.7 461.9 465 470.8 489.9 513.6 538.6 558.2 559 535.7 503.4 473.9 447.7 441.8 464.4 479.1 502.3 520.3 538.9 545.8 536.2 511.1 484.8 460.8
178 170.5 165.3 169.1 176.3 188.7 204.1 217.2 227.3 237.2 243.9 250.4 255.3 258.5 258.8 260.5 262.3 262.4 264.3 263.1 266.2 266.7 268.9 271.4 271.6 265.9 256.3 271.7 290.1 304.9 320.6 338.4 357 378.1 399.8 421 434.6 445 451.6 455 447.2 429.4 411 387.6 367.6 348.4 344.6 371.2 387.7 402.3 415.7 424.3 430.8 433.7 431.7 432.1 441.1 464.6 495.8 522.9 545 555.1 547.4 524.4 490.1 458.8 429.9 420.9 440.6 465.3 486.2 503.7 522.6 533.2 525 500.7 473.8 456.3
172.1 160.3 168.9 181 191.8 204.8 217.7 229.1 238.8 246.5 254.9 261.9 267.3 272.2 274.8 272.9 274.2 274.2 276 277.9 279.2 280.8 283.1 284.8 285.2 284.5 277.4 261.9 280.9 301.6 318.8 338.6 357 378.2 402.6 425.7 441.9 455.4 464.6 468.3 470.3 454.8 436.2 414.6 394 375.7 355.7 353 368.7 380.9 393.4 399.1 408.3 408.7 412.1 435.9 460.8 484.2 511.1 529.1 546.7 553.6 535.7 510 478.7 446 417.6 404.7 424.3 448.9 470.1 487.6 504.6 523.8 519.7 495.7 469.1 451.3
155.5 168.3 180.5 193 205.5 217 226.1 235.1 245.5 254.8 263.8 271.3 278.9 285.1 289.2 291.5 290.4 288.8 290.4 293.2 296.5 296 299.8 303.4 303.6 301.9 294.6 278.7 266.9 290.8 313.6 333.5 354.7 374.8 400.2 426.7 448.1 462 472.9 478.5 481.7 480.3 461.7 440.7 421.2 403.1 389.3 378.6 378.6 381.6 384.6 386.5 390.7 402.9 427 451.3 472.6 492.6 514.9 531.9 551.8 558.5 533.4 502.5 466.7 435.4 405.8 390.7 412.7 430.4 450 468.8 489 510.1 522.5 505.5 478.5 453
167.8 180.5 193.7 206.2 216.1 223.5 229.4 238.4 249.3 260.5 273.2 287.1 295.4 301.4 309.5 312.8 308.8 305.7 304.8 308.7 313.6 318.1 322 324.2 323.2 322.5 313.9 296.2 276.2 284.7 307.5 327 348.6 371.4 397.8 423.6 445.9 460.4 474.3 483.3 491.5 494.6 487.8 467.9 450.3 432.5 419.7 412.3 410.8 411.7 412.4 415.3 414.7 408.6 420.3 447.4 476.5 498.6 519 537.5 555.6 556.8 531.6 496.5 463.2 430.8 398.2 376.6 397.7 413.2 430.8 454 475.5 497.1 512.9 507.1 487.4 457.6
179.3 190.5 202.3 211.1 219.6 227.4 233.1 241.8 253.2 264.9 280.6 298.9 312.6 321.6 328.6 331.9 328.5 326.1 322.9 323.1 329.6 334.1 339.7 343.8 345.9 345.5 334.5 314.3 292.5 277.4 296.5 324.2 347.7 371.4 394.8 416.5 437.3 456.1 472.1 484.8 495.8 504.2 508.8 495.6 482.8 466.3 452.9 444.5 443.4 442.8 442.2 440.7 438.8 432 421.4 445.1 475.8 503.3 519.5 538.4 549.7 548.3 524.7 491 459.6 426.8 397.2 366.1 379.6 397.6 417.1 438.9 460.3 482.2 501.2 503.8 487.2 463.7
188.5 199.7 207.5 215.8 223.4 231.3 237.5 244.5 255 270.4 287.6 304.6 317.4 334.3 340.3 339.7 339.8 332.2 330.1 332.1 339 344.5 351.9 360.4 366.5 366.6 355.4 333.4 311.2 290.1 293.9 323.3 344.9 363.5 385.1 408.6 430 452.4 469.8 485.5 498.4 506.8 512.6 518 509.6 497.2 488.3 480.8 476.8 476.5 476.2 471.7 467 456.7 441.9 445.6 475.7 499.6 518.5 534.9 549.3 546.6 515.4 485.5 455.3 422.5 389.5 363.1 360.8 381.9 400.9 421.8 446.2 467.6 488 495.9 487.5 466.9
195.1 202.9 209.4 216.6 224 231 239.2 249.7 260.4 273.6 291 303.2 316.9 329.3 328 326.5 328.2 329.2 328.5 334 342.4 351.5 362.7 376.8 385.7 388.8 375 353.4 330.4 307.5 290.1 313.1 330.1 353.4 378.4 400.1 423.3 446.4 465.4 481.7 494.6 501.5 507.9 515.2 520.6 524.2 519.1 514 510.9 508.7 507.3 503.9 494 479.4 465.7 450.7 473.2 506.1 524.5 539.1 550.5 545 515.9 486.8 458.4 427.3 397.3 367.4 348.3 363.7 384.7 406.6 432.3 458.8 479.1 496.6 490.5 471.2
198.2 203.8 210.5 217.3 226.2 233.5 241.4 253.7 264.7 276.4 286.8 298.7 305.9 310.5 314 315.2 318 321.1 325 338.2 348.7 361.4 375.7 392.1 402.3 403.3 392.9 371 349.3 324 301.8 300.6 329.9 351.3 372 393.6 416 435.1 451.6 469.4 481.8 489.2 498.6 507.4 513.3 517.4 521.5 527 526.6 527.6 527.8 524.4 516.8 502.2 487.5 471.6 481.5 509.6 528.4 547.7 559 549.5 524.3 496.3 464.3 433.4 403.4 373.6 345.7 346.1 369.7 395.4 420.3 449.7 473.9 490.7 489 470.3
201.1 207.3 213.5 219.9 228.2 235.9 242.8 250 261.2 269.9 280.5 287.7 292.2 297.7 305 307 308.7 314.4 329.1 343.6 356.7 372.5 389.8 406.6 419.9 420.6 411.4 389.1 367.9 343.8 323 304.4 317.8 344.2 366.4 386.8 406.6 422.7 436.2 451.5 462.9 470.1 477.7 490.3 495.4 503.4 513 519.5 530.1 536.3 538.7 537.2 531.3 521.8 508.8 498.9 493.1 519.8 542.3 558.2 559.4 552.1 529.3 499.5 467.6 436.7 407 380.8 353.3 333.9 360 387.2 413.1 442.4 466.1 479.6 479.9 466
205 209.6 213.9 223.1 229.7 235.6 241.2 248.1 256.8 263.6 272.3 277.6 282.8 288 293.8 298.5 305.3 319.2 333.2 349.4 365.2 381.9 402.2 421.2 437.9 442.7 431.9 410.7 388.5 365.6 344.4 324.7 314.4 334.5 356.3 377.1 394.7 410.9 422.2 432.8 443.3 451.9 458.4 471.2 481 487.7 500.7 512.4 525.6 534 540.2 542.7 542.4 538.1 530.2 522.3 511 532.2 554.8 561.3 562.1 545.7 518.5 488.3 460 429.8 403.5 377.6 353.6 326.4 351.4 380.5 407.8 432 453 466.9 466.8 454.9
203.9 208.7 213.4 221.2 227.1 233.3 238.3 243.8 250.2 257.6 265.9 272.2 279 285.4 290.6 297.8 309.6 323.7 339 356.1 373 393.2 412.7 433.1 449.1 457.7 451.5 432.5 410.9 388 366.2 347 335.3 322.1 348.1 366.8 382.4 392.8 404.3 415.4 424.8 433.4 440.6 451.2 463.7 473.6 485.8 498.5 512.1 528 540.5 549.3 553.5 553.7 550.9 546.3 542.4 554.8 567.5 567.9 562.7 537.5 507.5 475.7 446.7 420 394.2 372 349.5 318.1 341.5 370.4 399.3 421.8 439.5 452.7 450.6 440.3
202.7 207.8 213.4 219.3 226 231.7 236 239.1 243.5 250.3 258.5 268.3 275.4 283.3 291.8 298.9 312.8 328 343.8 359.3 378.9 397.6 418 436.2 453.3 462.1 463.8 453.7 433.7 410.9 388.7 371.3 359.3 347.3 336.1 347.1 359.5 370.7 385.4 396.8 403 411.4 420.5 426.7 441.5 458.5 468.8 482.5 508.4 528 546.2 559.5 564.5 565.6 569.7 569.5 568 572.8 577.3 574.4 566.7 533.3 497.8 464.6 435 409.8 386.9 366 346.3 317.7 334.7 363.7 391.4 410.2 422.8 428.4 429.5 422.6
203 210.3 214.3 218.6 223.4 228 230.3 233.8 238.9 247.2 258.9 265.3 272.2 282.6 292.4 301.4 312.5 325.8 343.3 359.4 378.3 398.4 420.2 439.5 457.7 469 474.6 470 454.3 434.8 413.6 396.7 383 371.8 363 359.7 365 367.7 369.5 375.7 385.4 391.1 400.1 411 418.8 434.1 447.4 473 507.2 532 553.1 566.4 573.7 578.6 583.5 584.2 583.2 583.4 583.9 577.2 557.7 525.1 488.8 452.1 419.9 395.2 375.9 358.9 339.6 314.4 326.9 351.3 373.9 393.6 403.2 408.7 407.9 402.9
204.5 213.2 214.4 218.2 220.7 222.9 230.2 234.7 240.5 249.2 258.2 266.2 273.3 280.6 289.5 301.3 313.1 326.1 339 355.4 372.3 396.6 421 440.7 460.7 478.6 486.5 488.7 475.1 457.8 439.9 425.4 411.6 400.7 392 388.9 392 395.2 398.1 400.7 402.2 410.6 417.2 421.3 428.6 449.2 464.7 484 512 539.1 560.6 575.7 584.6 590.3 592.3 592.6 588.8 582.9 577.5 572.9 552.4 519 485.1 446 405.8 379.5 363.5 351 331.1 299 316.1 332.7 352.2 369.7 377.3 382.8 383.9 380.6
204.2 212.1 211 213.1 218.7 222.3 229 236.5 243.5 252.4 261.3 268.6 274.6 281.5 290.6 300.4 312.4 325.1 338 352.3 372.4 398.3 424.3 447.4 465.5 485.6 494.8 503.9 498 482.8 466.5 455.4 442.3 432.5 425.4 420.8 422.2 424.1 423.8 426 430.2 438 444.5 448.4 450.1 472.1 489.9 506.4 528.1 551.4 572.1 586.7 593.3 595 593.1 589.6 584.3 575 567.2 558.8 546 511.5 475.6 434 396.7 370.1 354.7 342.4 325.6 296.8 297.2 312.9 328.7 342.8 350.1 354.8 357.3 355.6
200.3 209.4 207 215.1 218.9 223.7 229.9 238.7 247.4 256.4 264.5 272.5 278.9 286.4 295.5 303.8 315.8 326.8 340.1 362 384.2 405.6 430.1 452.7 472.5 491.3 503.9 513.6 512.3 503.9 489.9 481.8 473.3 465.4 458.3 455.3 454.8 454.5 454.4 454.8 459.2 467.4 474.2 477.9 483.2 487.2 513 532.3 552.2 570.6 586.7 593.1 594.4 591.4 589.1 581.7 571.8 561.2 549.7 544.1 538.1 512.6 468.4 428.8 395.4 369 355 342.4 329 305.9 276.2 287.2 304.6 317.8 322.1 325.7 328.1 328.7
192.9 200.5 209.1 215.3 220.3 225.3 231.6 241.2 250.4 260.4 269.3 276.6 284.7 294 303.3 312.4 325.8 342.9 358.9 378.5 398.1 417.5 439.1 459.6 478.9 494.3 505.7 512.6 514.7 510.9 504.1 499.1 497.2 491 486.8 485.6 485 484.6 484 485.5 490.4 496 505 509.8 515 520.9 536.3 557.5 575.1 591.1 595.9 594.2 589.9 585.6 577.3 568.1 557.7 542.5 525.4 527.6 524.7 513.4 474 433.7 400.4 372.8 357.4 346.7 334.4 316 291 264.9 279.8 291.5 296 297.8 299.4 301.1
