data/360000-820000.asc
ncols 200
nrows 200
xllcorner 360000
yllcorner 820000
cellsize 50
[rows 70 to 104 of 200, columns 0 to 77 of 200]
194.1 193.6 192.7 190.2 191.3 190.4 186.6 184.5 190.2 200.7 202.8 205.7 207.7 212.9 214.3 210.4 206.3 202.9 198 192.5 189.6 187.4 185 183.4 181.9 179.7 177.8 175.9 171.9 168.8 169.9 168.4 167.3 166.4 166.1 165.8 166 160.5 155 150.9 160.2 165.9 170.7 175 179.2 180.2 179 175.2 172.3 169.3 166.3 164.5 168.3 170.7 171.6 170.4 168.9 168.4 166.9 164.4 161.8 159.8 157.3 153.9 148.4 145.5 147.3 150.1 153 155.8 157.2 157.3 156 154.2 153.1 153.4 153.8 154.4
200.6 199.5 200.8 197.1 195.4 195.7 192.4 186.8 180.8 194.3 199.3 201.8 205.7 214.9 216 209.7 205.4 200.7 195.8 191.8 189 186.3 183.5 181 178.5 176 174.1 171 168.7 166.2 165.2 165.2 164.3 163.5 163.1 162.3 161.1 154.1 155.4 163.4 167.2 170.6 174 177.4 179.8 179.3 177.3 175.7 173.4 170.9 167.8 166.1 169 169.4 168.9 168.7 168.2 168.4 168.4 167.7 165.7 162.9 159.4 154.4 148.9 150.3 150.5 152.7 155.4 158.2 160.6 161.1 159.9 158.6 157.8 158.1 158.5 159.9
210.4 207.5 206.1 202.7 201.4 199.4 195.4 191.8 184.7 184.8 192.2 196.9 203.5 209.7 209.8 207.3 203 198.3 193.6 190.6 187.4 184.1 180.8 177.8 175 172.4 170 167.7 165.6 163.4 162.5 161.7 161.2 160.7 160.3 158.7 153.7 153.8 164.8 169.3 173 174.7 177.2 179.1 181.3 179.8 178.2 176.9 174.3 171.8 168.3 168.7 169 170.4 169.5 170.6 170.5 172.7 173 171.5 168.6 163.6 158.9 153.9 156.2 154 153.6 155.3 157.1 159.8 162.7 164.5 164.8 164.2 164.3 164.8 164.1 165.3
220.4 216.7 213 208.3 206.8 202.9 198.3 195.5 189.6 178.1 186.2 193.2 201.6 205.6 206.4 204.4 200.9 196.1 192.3 189.1 186.1 180.8 177.7 174.8 171.9 169.3 166.8 164.5 161.9 158.9 159.3 159.6 158.4 156.2 153.8 152.4 153.5 165.3 169.8 173.5 177.6 179.3 180.5 180.7 181.1 180.7 178.5 177.8 175.3 172.4 168.9 170.3 171.5 172.5 174.4 176 177.9 179.3 177.8 174.9 169.4 163.5 159 160.5 158 155.8 156 157.1 159.5 162.5 165.4 167.8 169.5 170.9 172.4 172.6 170.2 171.4
226.2 222.6 217.9 213.5 209.8 205.3 200.3 194 188.1 181.4 180.5 189.2 199.1 202.2 202.9 200.9 198.6 194.7 191.4 188.1 184.5 178.5 175.8 172.9 169.5 166.4 164.1 161.9 159.4 158.2 157.9 157.7 155.6 153 155.1 158.1 162.5 168.7 174.2 176.4 179.3 182.3 183.7 182.3 182.3 181.3 179.4 177.8 175.3 172.8 171.8 172.9 174.2 175.5 177.4 181.2 183.3 184.6 183.2 178.7 171.3 163.2 164.4 164 161.9 159.7 159.4 160.6 161.8 163.9 167.3 171.7 175 178.3 182 180 177 178
228.2 225.9 221.9 216.4 210.3 203.7 197.3 190.3 185.8 181 179.2 186.4 196.4 198.8 199.9 198.2 196.3 194.1 190.5 186.7 182.9 177.3 174.2 170.8 167.3 164.6 162.3 160.1 158.5 157.6 156.7 156.1 155.1 155.2 157.5 162.2 167 171.7 175.2 178.2 181.6 184.5 186.4 185.4 184.7 181.7 179.9 177.8 175.7 173.6 174.4 175.2 176.5 178.1 180.3 184.8 189.9 189.4 184.7 179 171.9 170.2 170 168.4 166.1 164.1 163.6 164.4 165.2 166 170.3 175.6 180.6 184.8 193.2 191.9 186.7 181.9
226.7 223.6 217.9 212.5 205.1 198.4 193.3 188.1 183.2 178.4 176.5 185.2 193.3 196.2 197 196.2 195.4 192.8 189.2 185.5 180.6 176.4 173.5 169.1 165.8 163 160.7 159 158.4 157.4 156.3 157.6 160.2 160.2 157.7 164 169.3 173 176.1 179.1 182.9 186.8 189.1 187.3 184.4 181.5 178.9 177.3 176.5 175.9 176.9 177.3 178.3 180 183.1 188.4 190.1 187.6 182.9 178.2 172.5 178.3 176.1 174.1 172.3 171.7 169.6 168.3 168.7 169.1 174.2 179.5 184.6 191.1 199.7 201.1 193.3 186.9
220.8 215.6 210.4 205 199.1 194.9 189.9 184.9 180 176.7 176 182.9 189.8 193.2 195.5 196 194.3 190.8 187.7 184 180 176 172.3 168 165.3 162.6 160.7 160.7 159 159 159 161.4 164.6 165.3 161.3 164.2 169.6 173.3 176.7 180 183.8 187.7 190 188.5 185 180.4 178.1 177.3 177.1 179.6 179.4 179.6 181.2 183.3 186.6 190.6 192.6 187.8 182.7 179.2 179.2 181.9 180.9 180.1 178.9 176.5 174.2 172.8 173.1 174.1 178.4 184.5 187.9 193.8 199.6 200 193.6 186.1
215.2 208.8 203.6 198.7 195.2 191.8 187.2 183.3 180.3 177.1 175.1 181.4 187.3 191.6 194.2 195.8 192.7 189.1 186.1 182.5 178.6 175.3 170.1 167.6 164.8 162.1 160.4 160.6 159 159 161.1 164.4 165 165.5 162.7 164.2 169.8 172.7 176 179 183.2 185.9 187.7 186.7 182.4 179 178.6 177.9 178.9 180.8 181.9 183.6 187.2 190.7 193.4 194.2 196 192 187.5 185.4 185 185.3 185.2 186.1 184.1 181.3 178.7 176.8 176.7 179 183 186 187.2 189.5 194.1 192.5 187.8 182.2
208 202.5 198.7 195.1 191.5 188.7 185.5 181.6 178.4 175.5 175.6 179.7 185.5 188.8 191.5 192.8 190.4 187.5 183.5 179.5 175.9 172.8 169 166.5 164.4 161.6 160.2 160.9 160.6 161 164.3 165.6 166.1 166.1 164.1 164.3 168.7 171.9 174.9 177.9 181 182.7 183.3 182.2 178.8 178.6 178.5 178.6 180 181.5 183.6 187 192.3 196.9 199.5 198.1 197.7 195.8 192.6 191 190.6 190.9 192.3 194 191 187.7 183.9 181.7 180.2 181.5 184.8 186 185.5 185.9 187.4 185.5 181.5 177
202.7 198.4 194.8 191.4 187.7 185.6 183.4 179.7 176.6 174.3 173.3 178 182.8 185.6 187.8 189.2 187.9 185 180.7 177.3 174.9 172.7 168.2 165 164 161 159.8 159 164 164.7 165.4 166.7 167.7 167.7 165.2 164.3 166.1 170 173.1 175.7 178 179.1 178.8 178 176.5 176.7 177.9 179.2 180.6 182 183.7 187.7 192.8 201.3 204 202 200.6 200 200.4 199 197.7 197.3 197.8 199.7 198 194.9 190.9 185.6 183.8 183.4 184 186 183.9 181.5 181.9 180.5 176.6 172
198.6 194.5 190.7 187.3 184.7 182.5 180.4 177.7 175.1 172.9 171 176.9 179.2 181.5 183.5 185.4 184.6 181.1 178.5 176.3 176.1 173.4 169 164.1 164 163.1 163.1 165.3 167.5 167.2 167.8 168.5 169.2 168.1 165.4 164.6 164.1 167 169.9 172.6 175.3 175.7 175.6 174.9 174.9 176.4 178 179.4 180.8 182.2 184.5 188.6 196 204.1 207.8 206.8 204.8 206 207.6 206.5 205.1 204.1 204.1 205.3 204.6 201.7 197.3 189.4 186.8 185.4 184.6 183.9 181.4 179 177.8 175.7 173.4 169.5
194.7 190.8 187.7 184.3 182.1 180.5 178.6 177.3 175 171.8 170.3 172.7 175.8 177.7 179.2 180.1 179.1 177.9 176.4 175.6 175.5 172.6 168 164 164 165.2 167.4 169.2 170.9 169.9 170.2 170 169.1 168.5 166.8 166.2 165.9 165.4 168.5 170 172 172.8 172.7 173.3 174 176.2 178 180 182.2 183.8 186.7 190.7 196.8 206 210.4 210.8 209.4 211.4 213.3 213.6 211.5 209.8 209 208.7 208.5 207 200.7 193.4 188.6 186.2 184.6 182 179 178.2 175.9 172.8 169.8 166.4
191.7 188.2 185.4 182.8 181.8 180.1 178.7 177.2 174.9 172.4 170.2 169 172.2 174.9 176.7 176.7 176.2 174 173.6 173.7 171.4 169.9 166 164 166.5 168.9 170.6 172.4 174.2 174 173.3 171.6 169.8 169.1 168.8 168.4 168.2 168.4 169 169 168.9 169.8 171 172 173.8 175.6 178 180.1 182.4 184.7 188 192 198 206.8 211 213.5 213.9 215 217 217.4 215.9 212.8 211.2 209.2 208.9 206.8 199.7 195.7 193 190 186.7 181.1 179 177.8 175.3 171.5 166.9 163.5
187.1 184.9 183.4 183.4 183.4 181.4 179.4 177.5 174.9 172.4 170.3 167.8 169 171.9 173.4 172.6 171.1 170 169.5 168.9 169 169.2 166.3 169.6 170.5 172.1 173.8 175.4 177.1 177.2 176.5 175 173.5 172.2 170.8 171.2 171.4 170.9 170.1 169.2 168.9 170 170.6 172.5 174.2 175.1 177.7 180.2 182.7 185.1 188.4 193 199.8 207.3 211.9 215.7 216.1 218.3 220.4 218.7 215 211.2 208.2 205.7 204.2 200.8 199 197.2 196.4 194.8 191.8 187.4 184.8 181.8 177 173.2 168.8 164.7
184.6 183.3 182.5 184.6 184.3 185 182.3 179.1 176.3 173.1 170.1 168 166.3 168.3 169 168.9 167.7 167.2 167.6 168.2 168.7 169 169.6 171.7 172.8 174.6 176.4 178.2 179.9 180.5 179.3 177.7 176.2 174.9 173.1 173.7 173.7 172.7 171.7 170.7 169.7 169.6 170.7 172.5 174.6 175.4 177.7 180 182.5 185.4 190.1 195.3 202.8 207.5 212.4 216.3 216.6 218.1 218.5 215.9 211.1 206.5 203.5 201 198.5 196.9 197.7 196.2 196.2 195.8 196.1 194 190.9 187 182.5 176.9 171.8 167
180.8 180.4 180.9 183.8 186.2 188.3 185.9 182.5 178.2 173 170.2 167.6 166.4 165.6 165.9 165.6 165.1 166.3 166 167.3 168.5 169.5 172.1 173.7 175 176.9 178.9 180.7 182.8 183.6 182.3 180.3 178.8 176.8 175.9 175.4 174.4 173.4 172.4 171.4 170.4 169 170.7 172.4 174.2 175 177.6 180 183.2 186.4 190.6 197.4 203.4 208.9 213.8 216.2 216.3 215.7 213.2 209.5 205.7 201.6 198.8 197.1 195.1 194.3 195 195.4 195.5 198 199.6 199.6 198.4 196.5 193.6 184.7 175.5 168.8
176.6 177.2 179.6 184 187.2 188.7 186.6 182.1 178.4 173.9 170.3 167.4 166.4 165.2 164.6 163.9 163.9 164 164.8 167.5 170.4 171.9 174.5 175.7 177.2 179.1 181.5 184.4 187.2 187.4 186.4 184.5 181.8 179.4 178.2 176.7 175.1 174.1 173.1 172.1 171 170.1 170.9 171.9 173.6 175.3 177.4 179.8 183.4 187.1 191 197.2 202.9 208.3 213.9 216.1 214 210.5 207.3 204.5 201.1 198.8 196.3 195 193.6 192.4 192 191.9 193.8 197.4 201 203.5 206.2 205.6 201 192.7 178.8 169.9
173.2 174.6 176.1 181.2 185.9 187 183.8 180 177 172.1 168.4 166.4 166 165.3 164.8 163.6 163.6 164.3 165.4 168.2 172.2 174.3 176.1 176.8 178.8 183.5 187 189.4 191.1 191.2 189.5 187.4 184.5 181.7 180.1 178.6 177.1 175.5 174 172.8 171.9 171.6 170.9 171.6 173.1 174.6 176.7 179.5 183.3 187 191.3 197.2 204 209.1 211.6 211.8 208.5 205.4 202.8 200.6 199.4 197.1 194.4 192.6 191.2 189.9 188.7 188.2 190.5 195 200.6 206.4 209.6 210.9 207.9 197.5 182.6 171.1
170.6 171.5 173.1 174.9 178.3 179.7 179.5 177.6 174.4 170.2 167.6 165.6 165.3 164.8 164.4 163.5 163.6 164.5 166.7 169.1 173.3 176.4 178.2 179.6 182.3 187.8 192 193.7 194.7 194.8 192.5 190.3 187.5 184.2 182 180.5 179 177.5 175.9 174.1 173 172.6 171.3 171.6 172.6 173.9 176.4 178.8 182.2 185.6 190.1 196.4 202.9 207.4 209.9 208.1 205.8 203.1 200.4 198.4 197.4 195.6 192.7 190.2 188.9 187.8 186.1 186 188.5 191.9 198.7 204.2 208.9 210.3 209.8 198.3 182.1 170.3
169.5 168.3 170.3 172.1 172.9 175.4 175.2 173.4 171.3 168.8 166.7 164.7 165.1 163.8 163.5 163.1 163.9 166.1 168.3 172.6 177.1 180.4 183.3 185.6 188.9 193.5 196.3 196.7 197.2 196.4 195.7 193 189.6 186.9 184.2 182.5 180.9 179.4 177.3 175 173.4 172.8 171.5 171.4 172.7 174.8 176 177.7 180.6 184 189 195.1 201.8 205.8 206.8 204.8 204.3 202.2 199.1 196.6 194.1 193.8 190.9 189.2 186.7 185.5 185.8 182.8 185.2 189.3 196.1 200.3 203.2 204.2 205.3 194.9 178.2 169
168.4 167.2 167.6 168.8 169.6 170.2 169.9 169.8 168.6 167.4 165.4 164.2 162.9 161.9 161.7 161.7 165.4 168 171.6 175.9 181 185.3 189.6 193.5 197.3 199.3 200.3 200 198.4 197 195.5 193.7 191.6 188.9 186.4 184.3 182.7 180.2 177.6 175.5 174 172.8 171 170.7 172.1 173.7 174.4 176.5 179.4 182.6 187.6 194.2 200 203.6 203.9 205.9 205.5 204.3 202.5 197.4 196.1 194 190.7 188.6 185.4 184.9 180.5 179 181.8 186.5 191.5 194.9 196.4 197.2 197.7 189.7 174.4 167.9
168.2 166.4 164.4 165.2 165.6 166 166.4 167 166.5 166 165.1 163.2 161.4 160.2 160.2 161.5 165.6 170 173.1 178.6 184.7 190.3 197.1 201.7 204.8 205.1 203.9 202.8 199.5 197.7 195.6 193.4 191.4 189.6 187.5 185.1 182.7 180.1 177.8 175.4 174.6 173 170.7 170 171.5 172.5 173.4 175.1 178.2 181.7 186.3 191.5 197 200.9 203.8 205.1 206.6 206.9 206.9 205 200.2 197 191.3 187.5 184.4 184.2 180.7 180.5 179.9 183.6 187.3 189.1 189.2 188.5 189 182 170.1 165.8
168.3 166.2 164.8 163.8 163.7 163.9 164.6 166.2 166.2 166 164.2 162.9 161 160.5 160 161.3 165.8 170.6 174.6 181.2 188.6 196.6 205.7 211.7 212.7 209.8 207.2 204 200.3 198.1 195.6 193.1 191 188.5 186.1 184.1 182.2 179.4 177.2 175.2 173.9 172.6 170.8 169.4 170.1 170.2 171.4 173.2 176.4 179.7 182.9 187.5 193.6 198.6 202.4 205.3 209 211.4 214 212.7 209 202.5 194.9 187.3 185.7 182.8 179.3 177.2 175.3 180 183.1 184.7 182.7 182.2 180.3 171.9 167.1 163.8
167.4 166 163.6 163.2 163.5 163.8 165 166 166 166 163.5 162.3 161.2 160.1 159.4 161.3 166 170.8 175.6 183.7 191.4 201.7 213.9 221.5 218.5 212.9 209.5 205.5 201.2 198 195.5 193 190.4 187.7 185 182.5 180.8 178.8 176.7 174.9 173.3 171.9 170.4 168.9 168.9 168.9 169.4 171.3 174.4 177.6 180.8 185 190 194.9 200.5 206.4 211.5 218 222.1 221.5 217.8 210.3 200.7 193.8 189 183.7 178.7 176 173.9 174.9 176.8 178.1 177.3 174.9 172.7 167.1 164.5 162.4
166.9 163.8 162.4 162.3 162.9 163.4 164 166 166 166 164.1 164 160.8 160.9 159.1 161.5 166.3 170.9 175.5 183.3 193 205.5 220.1 225.8 220.7 215.4 210.7 205.9 201.1 197.9 195.4 192.9 190.3 187.6 184.9 182.4 180.5 178.6 176.8 174.1 173.6 171.9 170.3 169.4 168.9 168.7 168 169.3 172.5 175.6 178.7 181.8 185.8 191.6 198.2 205.5 215.4 223.6 228.4 227.4 223.6 217.3 209.4 202.4 195.9 187.4 181.1 174.7 170.4 169.5 170.3 172.1 172.3 170.4 167.6 164.2 162.1 159.7
164.5 162.3 163.8 162 163.3 163.8 166 166 166 166 166 165.2 161.6 159.1 158.7 160.9 165.2 169.7 174.7 182 192.5 204.6 220.2 226 220.8 215.5 210.6 205.8 201.1 197.9 195.3 192.7 190.2 187.5 185.1 183.2 181.4 179.6 177.6 175.9 175.3 174.1 172.6 171.5 169.9 168.6 166.5 167 169.9 172.9 175.9 179.1 182.2 188.4 195.9 203.9 214.7 224.7 231.1 230.2 224.9 220.3 213.8 210.4 203.1 193.2 183.9 176.9 169.7 168.9 168.9 168.9 166.3 164.7 164 160.1 158.6 154.3
163.7 162 163.5 161.6 163.6 165.2 166 166 166 166 166 165.4 161.6 160 158.1 159.7 163.5 168 173.9 180 190.3 202.6 214.2 219.3 217.7 213.8 210.2 205.8 201.1 197.8 195.3 192.7 190.1 187.8 186.1 184.5 183 181.5 179.9 178.3 177.2 176.2 174.9 173 171.1 169.4 166.3 164.9 167 170.1 173.1 176.3 178.7 184.1 191.5 200.6 211.9 222.1 227.4 225 220.7 216.1 210.8 208 203.2 194.4 186.3 178.8 171.2 169.4 169.4 168.9 168.5 166.3 164.8 161.6 160.1 158.6
162.8 161.6 162.7 163.3 165.1 166 166 166 166 166 165.7 163.6 161.8 160.3 158.3 158.6 161.9 166.6 171.4 177.5 186.5 197.8 208.1 213.7 214.5 211.5 208.2 205 201 197.4 194.6 192.3 190.6 188.9 187.3 185.8 184.2 182.6 181.3 180.5 179.6 178.2 176.2 174.2 172.2 169.7 166.5 163.2 164.3 167.2 170.1 172.5 175.2 179.8 187.2 194.7 204.5 213.6 218.3 217.1 212.6 205.9 200.4 197.5 194.3 188.4 183.7 179.6 173.9 174.8 176.9 176.3 174.3 171.4 168.6 164.9 162.9 162.9
162.2 160.7 160.8 160.7 164.5 166 166 165.9 165.1 164.4 163.2 162.4 161.1 159.7 158.4 157.7 160.4 164.2 168.9 175.9 184.2 194.2 201.8 205.2 206.6 206.5 205.5 202.6 201.1 197.6 195.1 193.5 191.8 189.9 188.3 186.8 185.2 183 181.4 182.3 181.9 180.2 178 175.1 172.7 169.9 166.1 162.7 161 163.7 166.2 168.6 171.8 175.7 182.2 188.3 196.3 204 208.4 207.1 201.9 196.5 194.2 192.4 189.5 187 183.4 179.6 177.8 179.6 181.3 181.2 178.8 175.1 172.4 170 168.4 167.5
161.3 160.1 159.3 159.3 160.6 162 161.8 161.7 160.5 160.8 159.8 159.2 159.4 158.7 157.5 156.8 158.5 162.1 167 172.1 178.4 186.1 192.4 195.3 197.6 199.3 200 201.2 200 198.4 196.5 194.7 192.9 191 189.3 187.8 185.5 182 181.1 181.9 182.8 181.6 178.3 175.3 172.8 170 165.8 162 160.3 159.6 162.1 164.7 168.4 172.2 176.8 181.8 187.8 194.8 197.7 196.6 192.8 189.7 188.1 187.3 186.6 184.7 182.1 179.2 179.1 180.5 181.8 181.4 181 177.7 175.2 173.9 175.5 172.9
160.1 159.4 158.8 158.4 159 158.8 158.9 159.7 159 158.6 158.1 157.6 157.3 157 156.7 156.3 156.7 160 164 167.6 171.9 177.2 181.6 185.5 188.2 190.6 193.5 196.9 199.4 200.9 198.5 196 194 192.1 190.3 188 184.5 182 180.6 179.9 180.7 179.5 177 174.6 172.4 169.7 165.6 162.4 160.2 159.5 159 161.4 164.2 167.6 172.2 176.4 181.9 185.6 187.6 187.2 185.8 183.6 182.9 182.3 182.5 182.3 180.7 179 179.3 179.7 180.6 181 181 180.7 178.1 177.7 176.4 173.1
160.2 159.6 158.7 158.3 158.8 158.2 158 158.3 158.3 158 157.6 156.8 156.4 155.9 155.5 155.8 156.1 156.3 159.3 162.7 165.5 169.5 173 176.3 179.2 182.2 188.7 194.8 199.9 201.1 200.5 197.5 195.3 193.7 191.2 187.3 183.7 181.2 179.4 177.7 178.5 176.6 174.9 173 171.2 169.8 167.6 164.4 161.6 160.1 159.2 158.3 160.5 163.3 167.3 171.5 176.2 179 180.7 180 179.3 178.7 178.1 178 178.3 178.9 178.8 177.6 177 177.4 179.3 181 181 181 178.2 175.6 173.4 169.4
160.2 159.4 158.9 158.2 157.8 157.7 157.8 158.3 158.3 158 157.7 157 156.4 155.8 155.8 155.6 155.2 154.8 155.2 156.3 158.8 162.8 166.4 169.2 172.7 177.2 183.3 189.9 194.3 197.6 196 196.8 197.3 195.8 192.4 187.7 183.9 180.4 177.5 175.7 175.5 174 173 171.3 170.2 168.8 167.3 166.3 163.3 160.4 159 157.1 157 159.2 162.6 166.9 170.9 172.8 174.8 174.9 174.4 173.8 173.5 174.4 174.8 175.9 176.8 175.8 174.4 175.3 177.6 179.2 179.5 177.7 174.8 171.5 167.9 163.9
160.1 160.1 159.8 159.8 160.2 159.9 158.7 158.3 158.3 158.3 158.4 157.9 156.7 157.2 157.2 156.5 155.8 154.9 154.3 154.6 154.5 157.2 160.4 163.7 167.9 172.3 177.8 184.3 186.3 187.8 189.2 195.3 198.3 196.7 193.5 188 182.9 180.4 177.1 174.1 174.2 172.7 171.4 170.3 169.1 167.7 166.2 164.8 162.9 160.7 158.7 156 153.7 156.1 158.8 162.4 166.1 168.4 169.8 170.1 169.7 169.5 169.2 170.6 171.2 172.8 173.7 173.3 170.8 172.2 174.7 175.5 174.7 172.6 169.3 165.8 162.6 159.1
