data/360000-70000.asc
ncols 200
nrows 200
xllcorner 360000
yllcorner 70000
cellsize 50
[rows 0 to 36 of 200, columns 85 to 169 of 200]
41.2 45.2 44.3 42.7 39.7 36.3 33 30.6 30.1 29.3 27.7 27.4 25.2 21.1 20.2 19 17.9 16.8 15.4 13.9 12.7 11.7 10.2 9.3 8.3 8.1 7.6 7.1 6.3 6.5 6.4 5.2 5.2 5.1 5.4 5.9 5.8 6.2 7.8 8.2 8.7 8.4 7.9 7.2 5.4 2 3.2 6.5 7.1 6.2 5 9.5 11.9 14.2 15.8 14.5 11.6 7.3 4.3 3 1.2 0.9 0.7 0.7 0.7 0.9 1.3 1.5 2.5 3.2 4.5 2.9 2.6 2.9 2.7 2.2 2.1 2.3 3.6 6.4 3.4 -0.6 -0.6 -0.6 -0.6
38 44.4 45 38 38 32.2 29.8 27.5 26.3 25.3 24 23.1 22.4 19.4 17.9 17.1 16 15.2 14.3 13.2 12.1 11.2 10.1 8.4 7.4 9.2 9.6 6.9 9.9 9.1 7.9 7 5.7 6.9 8.2 8.8 8.6 10 10.9 12.1 12.4 10.8 8.6 6.9 4 3.8 6.5 8.7 8.6 8.2 7.5 10.6 12.3 14.4 16.8 15.7 14.1 11.8 8.4 4.4 2.5 1.3 0.7 0.7 0.7 1 1.3 1.4 2.1 2.7 1.9 2.2 2.2 2.3 2.2 2.2 1.9 2.2 2.1 4.3 1 -0.6 -0.6 -0.6 -0.6
34.6 41 43.8 36.7 32.7 31.8 30.2 27.6 24.7 23.2 21.7 20.4 19.8 17.2 15.6 15 14.4 13.8 13.2 12.3 11.4 11 10.8 9.4 11.3 14.5 13.1 13.2 12.8 11.6 10.3 9.2 8.2 8.8 10.8 11.4 12.6 14.4 15.7 15.6 14.6 12.3 9.6 6.7 3.3 6.3 9.5 10.7 10.4 9.7 8.2 9.4 11.2 13.8 16.6 16.8 15.7 14 11.1 7.2 3.5 1.3 1.3 1.1 1.3 1.3 1.3 1.3 1.8 2.5 2.9 1.8 1.9 1.9 1.9 1.9 1.9 1.5 1.4 1.8 0.3 -0.6 -0.6 -0.6 -0.6
38 47.3 36.6 30.3 32.3 32.1 30.8 30.2 29.6 26 24.2 21.6 20.2 17.3 14.3 13.6 13.5 14.9 13.7 13 12.4 11.5 13.2 14.3 15 15.3 14.6 14.2 13.5 13.8 12.8 11.9 10.8 9.7 13.6 15.5 17.3 18.5 18.2 17 14.3 11.6 8.6 5.8 3.8 7.6 10.5 11.7 12.2 10.7 9.3 9.2 11 13.8 16.8 16.8 16.3 14 11.6 7.8 3.5 1.3 1.3 1.3 1.3 1.1 1.2 1.3 1.6 2 2.5 2.9 1.8 1.9 2 2.1 2.3 2.1 1.2 1 -0.6 -0.6 -0.6 -0.6 -0.6
44.6 54.2 36.6 32 34.7 41.5 38.1 35.6 32.8 30.3 27.1 24.6 22.7 20 19.4 16.7 16.6 15 15.1 14.6 13.4 14.8 16 15.6 16.2 16.1 15.8 15 14.4 15.2 15.7 14.8 13.8 13 16.5 20.2 21.3 20.1 18.9 16.1 15.1 11.8 7.8 8.9 6.7 8 11.1 12.4 13.4 12.4 11.1 10.1 10.9 13.6 14.8 15.4 15.4 13.1 11 9.2 4.8 1.3 1.3 1.3 1.3 1.1 1.2 1.3 1.4 1.8 2.3 2.7 2.6 2.2 2.2 2.3 2.6 2.8 2.3 -0.6 -0.6 -0.6 -0.6 -0.6 -0.6
49.1 56.6 35.1 34.7 49.2 46.8 43 38.8 35.1 33.5 29.7 26.9 23.9 21.1 15.3 17 17.6 18.4 17.6 16.6 17.4 17.8 17.1 17 17.2 17.2 16.9 16 16.8 17.3 17.4 18 17 17.6 19.3 24.5 23.8 21.9 18.7 15.9 12.3 10.3 9.9 11.1 7.6 8.1 11.8 13.4 14.6 13.9 12.4 11 12.1 13.3 14.9 14.5 14.3 12.3 11.2 9.8 5 2.5 1.3 1.4 1.3 1.3 1.3 1.3 1.3 1.8 2.5 2.8 3.1 2.4 2.4 2.6 2.8 3.2 0.9 -0.6 -0.6 -0.6 -0.6 -0.6 -0.6
50 52 34.5 43.5 50.2 47.3 43 39.3 36 32.7 30.2 26.8 23.7 24.7 24.9 23.2 24.5 21 21.5 20.7 20.2 19.8 19.2 18.4 18.2 18.2 18 17.8 17.7 18.3 19.7 20.4 21 21.8 23.2 26.2 25.1 22.7 18.7 15.7 12.2 9.8 11.2 11 8.2 9.1 12 14.4 15.7 15.5 13.5 12.4 13 14.9 15.7 15 13.8 11.7 10 7.3 4.6 2.8 1.3 0.7 1.3 1.3 1.3 1.3 1.3 1.9 2.7 3 3.3 2.9 2.7 2.9 3.3 3 0.4 -0.6 -0.6 -0.6 -0.6 -0.6 -0.6
45.1 46.6 46 46.7 46.6 42.7 40 38.4 35.3 32.6 30.8 28.8 30.4 28.1 25.6 25.1 25.8 23.5 23.9 23.4 22.7 22.1 21 20.4 19.8 19 18.6 18.1 17.6 18.2 20.1 21.6 22.2 23 24.9 26.2 25.4 23.2 17.3 15.2 12.3 10.2 10.5 10.3 9.1 9.3 12.1 13.9 15.7 16.3 14.6 14.1 14.4 15.9 16.3 16 15 12.1 9.2 6.8 4.6 2.7 1.3 1.2 1.2 1.3 1.3 1.3 1.5 2.2 2.9 3.4 3.8 3.8 3.3 3.3 3.4 2.1 -0.6 -0.6 -0.6 -0.6 -0.6 -0.6 -0.6
37.5 39.9 39.4 42.7 41.9 39.8 37.5 36.5 35.1 32.5 31.2 30.1 27.6 27.6 26.8 26.5 25.7 25.1 24.8 24.6 24 23.5 22.5 21.4 20.3 19.3 18.5 17.5 17.6 18.1 20.2 21.6 22.4 23.2 24.1 25.4 25.1 23.3 19.2 15.6 13 10.8 10.7 10.3 9.9 10.6 11.7 13.5 15.3 17.2 16.5 16.2 16.5 16.7 16.8 16.5 16.2 13.1 10.6 7.7 5.4 3 2.5 1.3 1.3 1.3 1.6 1.4 1.7 2.2 3.1 3.2 3.3 3.5 3.3 3.2 2.7 0.9 -0.6 -0.6 -0.6 -0.6 -0.6 -0.6 -0.6
30.5 32 32.2 35.1 36.6 36.5 35.4 34.5 32.9 31.2 31.4 30.4 29.7 28.5 27.5 26.7 26 25.4 25.3 25.1 24.6 23.8 23 21.9 20.9 19.9 18.7 17.5 17.6 18 19.9 21.5 22.5 23.3 24.2 25 25.3 23.8 20.9 17.1 14.1 12 11.3 10.9 11.4 12.6 14.3 15.5 18.1 18.9 18.4 18.2 17.9 17.7 17.6 17.5 17.3 15 12.5 9.3 6.9 4.5 2 2.9 1.3 1.3 1.3 1.5 1.7 4.8 2.8 2.7 2.8 3.1 2.5 1.9 1.3 0.5 -0.6 -0.6 -0.6 -0.6 -0.6 -0.6 -0.6
24.2 25.3 26.8 29.9 31 31.3 31.3 31.1 30.3 30.4 31.2 31 29.8 28.6 27.6 26.9 26 25.6 25.4 25.2 25 24.2 23.4 22.5 21.4 20 18.4 17.7 17.5 18 19.7 20.9 22.2 23.2 24.1 24.9 25.3 24.8 22.9 19.6 16.5 13.3 12.3 12.5 13.5 16.2 18.4 20 20.6 21.2 19.4 18.7 17.5 17.5 17.4 17.2 17.9 16.4 14.1 11.6 8.9 7.9 8.3 3.3 3.4 1.3 1.3 1.3 2.3 2.1 1.9 2.3 2.7 3 3.1 2.5 1.2 0.3 -0.6 -0.6 -0.6 -0.6 -0.6 -0.6 -0.6
18.4 20.9 22.6 24.2 26.1 27.3 27.1 26.7 27.1 28.4 29.7 30 29.1 28.1 27 26 25.7 25.2 24.7 24.1 23.8 23.7 23.3 22.8 21.4 19.8 18.2 17.7 17.5 17.9 19.3 20.4 21.6 22.8 24 24.8 25.2 25.5 25 22.3 18.9 15.2 13.9 15.6 18.4 21.4 22.4 22.6 21.6 20.5 18.7 16.8 15.3 15.8 16.8 17.4 18.6 17.3 15.3 12.9 9.6 8.6 9.4 11 9.8 3.8 1.3 1.3 1.3 1.3 1.7 2.2 2.5 2.9 3 3.2 1.1 0.2 -0.6 -0.6 -0.6 -0.6 -0.6 -0.6 -0.6
16 18.3 19.4 20.5 22.1 23.5 23.3 22.4 23.4 24.6 25.8 26.9 27.2 26.6 25.7 25 24.3 23.8 23.2 22.7 22.4 22.7 22.2 21.4 20.5 19.5 17.9 17.5 17.5 18.1 19.2 20.4 21.5 22.5 23.6 24.7 25.2 25.5 25.9 24.3 20.7 17.5 17.8 20.5 23 23.2 23 22 20.7 18.8 17.2 14.9 13.8 15.7 16.9 18.2 18.4 17.5 16 13.2 10.3 8.7 9.6 11 10.3 9.3 3.8 2.2 1.3 1.3 1.5 2 2.4 2.7 2.8 2.9 1 0.2 -0.6 -0.6 -0.6 -0.6 -0.6 -0.6 -0.6
13.2 15.3 16.1 17.3 19.3 20.2 19.8 17.7 19.6 20.8 21.7 22.8 22.9 23.9 23.4 23.3 22.6 22.2 21.8 21.3 21.1 21.7 20.9 20.1 19.6 18.6 17.7 17.7 17.7 18.3 19.6 21.2 22.1 23 24.1 24.7 25.1 25.4 25.1 24.8 23.5 22.2 22.4 23.4 22.5 21.5 21 19.8 18.5 16.8 15 12.7 13 15.3 17.5 18.7 18.2 17.3 16.1 13.6 11.1 8.8 9.1 10.2 9.8 8.3 5.7 5.7 1.3 1.3 1.8 2.2 2.5 2.7 3 3.2 1 0.2 -0.6 -0.6 -0.6 -0.6 -0.6 -0.6 -0.6
10.8 12.3 13.7 15.1 16.3 17 15.8 15.8 16.5 17.2 17.9 19.3 18.7 21.1 20.5 21.3 20.9 21 21 20.8 20.6 20.6 19.9 19.4 19.1 18.6 17.6 17.8 18 18.7 20.3 21.9 23 23.9 24.6 25 25.1 25 24.9 25 24.5 23.8 23.4 22 20.5 19.7 18.7 17.4 16.1 14.8 12.7 10.8 12.7 15 17.2 18.5 17.8 16.8 15.8 13.5 10.8 8.8 8.3 8.9 8.5 7.5 6.5 4.9 1.3 1.3 2.4 2.2 2.4 2.7 3 3.2 1 0.3 -0.6 -0.6 -0.6 -0.6 -0.6 -0.6 -0.6
9.4 10.7 11.6 12.6 13.6 14.5 15.1 14.5 14.9 15.8 16 16.2 16.6 16.7 18.3 19.7 19.7 19.8 20 20.4 20.1 19.8 19.3 18.8 18.5 18.2 17.7 18.1 18.8 19.6 21.1 22.6 23.7 24.4 24.9 24.8 24.6 24.4 24.2 24.2 24.2 23.7 22 20.3 18.4 17.4 15.8 14.5 12.9 11.5 10.4 10.3 12.5 14.6 16.7 17.5 17.2 16.2 15.3 13 10.6 8.3 7.6 8.2 7.8 7.6 6.9 4.4 -0.6 -0.6 -0.6 2.1 2.3 2.7 3.1 3.3 1.3 0.4 -0.6 -0.6 -0.6 -0.6 -0.6 -0.6 -0.6
8.1 9 9.8 10.5 11.2 11.8 12.3 12.4 12.5 13.6 14.4 14.6 13.6 13.6 15.3 17.8 18.6 19.3 20.1 19.6 19.3 19 19.4 19 18 17.8 17.8 18.4 19.1 20.7 22.1 23.3 24.6 24.8 24.9 24.7 24.4 24 23.5 23 22.5 21.5 19.8 18.1 16.2 14.5 12.9 11.2 9 8.1 8.4 10.4 12.7 14.1 15.2 16.2 16.5 15.6 14.5 12.6 9.5 7.1 6.6 7.6 8.1 8.2 6.8 3.9 -0.6 -0.6 -0.6 2.1 2.6 3 3.1 3.1 1.7 0.5 -0.1 -0.6 -0.6 -0.6 -0.6 -0.6 -0.6
7.4 7.4 7.9 8.6 9.4 10.5 10.4 10.3 10.8 11.5 11.9 11.7 11.5 11.7 13.4 15.8 18.6 19.5 19.5 18.8 18.5 18.6 19 18.7 18.4 18 17.8 18.6 20.1 21.8 22.9 23.9 24.1 23.8 23.9 24 23.1 21.9 21.2 20.6 20.2 19.3 17.6 15.5 13.4 10.9 8.9 7.5 6.1 6.2 6.6 8.9 11 13.2 14.3 15.4 16.2 15.5 13.6 11.5 8.3 5.1 5.3 6.7 8.5 8.5 6.6 -0.6 -0.6 -0.6 -0.6 2.6 2.8 2.9 3 3.1 2.4 0.7 0.1 -0.6 -0.6 -0.6 -0.6 -0.6 -0.6
5.1 5.7 6.2 6.7 8 9.2 9.2 9.3 8.8 8.9 9.2 8.9 9.4 10.4 12.7 16 19.3 19.4 18.7 18 17.9 18.2 18.2 17.9 17.6 18.6 19.2 19.6 20.7 22.3 23.2 23.7 23.2 22.7 22.8 22.8 21.3 20.1 19.1 18 17.6 17.1 14.8 12.6 10.5 7.9 6.3 5.2 3.3 3.2 4.8 7.1 9.3 11.9 13.6 14.4 14.5 13.5 11.9 9.6 7 3.8 4.4 8.3 8.1 8.4 5.9 -0.6 -0.6 -0.6 -0.6 2 2.5 2.8 3.1 3.3 3.4 0.9 0.3 -0.6 -0.6 -0.6 -0.6 -0.6 -0.6
-0.6 1.1 3.4 5.1 7.2 8.8 8.9 8.7 7.9 7 6.8 7.7 8.9 11 14.4 18.1 20.3 19.6 18.3 17.3 17.1 17.3 17.4 17.2 17 18.4 19.8 21 21.9 22.4 22.4 22.5 22.2 21.6 21.7 21.2 19.5 18.4 17.2 16 15.3 14.8 13.1 10.8 8 5.5 3.5 1.6 2.7 3 3.6 5.7 7.8 10.5 12.9 13.4 12.8 11.2 9.5 7.4 5.2 2.7 8.4 7 7.8 7.3 5.1 -0.6 -0.6 -0.6 -0.6 1.7 2.5 2.8 3 3.2 3.4 2 0.6 0.1 -0.6 -0.6 -0.6 -0.6 -0.6
-0.6 0.4 2.5 4.3 6.7 9.1 9.3 8 6.5 5.5 6.7 8 10.3 14.1 18.8 21 20.9 19.5 18.2 16.9 16.2 16 16.1 16.3 16.6 17.9 19.2 20.7 21.5 21.8 21.7 21.5 20.8 20.1 19.7 18.6 17.6 16.5 15.3 13.9 13.2 12.6 11.7 9.4 6.6 3.7 2.5 4.9 5.4 3.7 3.5 4.3 6.3 9 11.1 11.8 11 8.9 7 5.1 2.7 2.5 8 5.6 6.5 4.6 4.1 -0.6 -0.6 -0.6 -0.6 2.3 2.7 3 3.2 3.4 3.5 2.6 0.9 0.4 0 -0.6 -0.6 -0.6 2.2
-0.6 0.5 1.7 3.8 6.1 8.5 8.1 6.6 5.1 5.3 7.3 9.2 12.4 17 21.4 22.2 20.7 19.3 17.9 16.5 15.6 15.3 15.1 14.9 15.7 16.9 18.4 19.2 19.9 20.3 20.1 19.5 18.9 18 17.7 16.7 15.8 14.8 13.5 12 10.8 9.7 9.6 7.4 5 4.4 7.4 8.1 7 4.9 3.6 3.2 3.3 6.6 8.5 9.9 9.1 7 4.7 3.2 3.2 3 2.4 4.1 5.1 4 -0.6 -0.6 -0.6 -0.6 1.9 2.4 2.8 3.2 3.4 3.5 3.6 3 1.4 0.9 0.7 0.8 3 2.8 2.8
0.8 1.1 2.3 4.5 5.8 7.4 6.7 5.1 3.8 5.7 8.1 11.9 16.1 20.1 21.9 21.7 20.2 18.6 17 16 14.9 14.7 14.7 14.5 14.6 15.7 17 17.6 18.2 18.7 18.1 17.2 16.7 16.1 15.4 14.6 13.8 12.8 12 10.6 9.2 7.9 6.9 6 3.9 6.3 8.8 9.4 8.1 6.2 4.2 3.1 2.7 4.9 6.6 6.7 5.8 5 3.7 3.5 3.4 9.4 2.5 2.9 3.9 3.6 -0.6 -0.6 -0.6 -0.6 1.7 2.5 3 3.3 3.5 3.6 3.7 3.3 3 1 1 2.6 2.4 -0.6 -0.6
4 4.1 4.5 5.7 7 7.2 5.2 3.4 3.7 6.3 10 14.7 18.8 21.2 21.5 20.3 18.6 16.9 15.5 15.4 14.6 14.5 14.3 14.2 14.2 14.5 15.6 15.5 15.8 16 16.2 14.9 14.4 13.8 13.2 12.6 11.8 10.9 10.3 8.7 7.4 6.3 5.6 6.9 6.7 8 9 8 7.8 5.6 3.4 3 2.9 1.6 5.2 5.1 5 4 3.7 3.6 3.5 14.1 2.6 2.3 2.8 3 -0.6 -0.6 -0.6 -0.6 2 2.5 3.1 3.5 3.6 3.7 3.8 3.7 3 -0.6 -0.6 -0.6 -0.6 -0.6 -0.6
9.5 8.8 7.7 8.4 8 7.8 4.2 2.8 5.4 8.3 12.5 15.8 19.4 20.3 20 18.7 17 15.2 14.9 14.8 14.5 14.4 14.5 14.7 14.7 14.1 14.3 13.9 14 13.7 13.5 12.9 12.6 12 11 10.6 10.1 9.5 9.1 7 7.2 8 9.4 9.1 8.5 7.8 7.1 6.5 6 4.3 3.2 3.3 3.5 3.4 2.6 2.9 3.8 3.8 3.7 3.6 3.5 14.6 2.7 2.4 2.5 3 -0.6 -0.6 -0.6 -0.6 -0.6 3 3.8 3.1 3.3 3.4 3.3 2.6 -0.6 -0.6 -0.6 -0.6 -0.6 -0.6 -0.6
13 13.3 11.1 11.2 9.7 7.9 3.3 3.9 7.2 10.7 14 16.6 18.6 18.9 18.5 17.1 15.5 14.6 14.5 14.4 14.9 15.1 15.3 15.4 14.9 14.3 13.5 13.6 13.5 13.4 13.4 13.1 12.7 12.1 10.8 10.1 9.3 9.1 8.2 8.6 8.9 9.5 9.4 8 7.2 6.4 5.4 4 3.8 3.3 3.4 3.5 4.7 3.8 3.5 4 4 4 3.8 3.6 3.8 15.2 3 2.9 2.6 3.1 -0.6 -0.6 -0.6 -0.6 -0.6 -0.6 -0.6 -0.6 -0.6 -0.6 -0.6 -0.6 -0.6 -0.6 -0.6 -0.6 -0.6 12.5 15.6
12.9 13.6 12.5 11.2 9.3 7 1.5 1 7.2 10.9 13.6 15.9 17.1 17.4 17.6 15.9 14.9 14.7 14.5 14.4 15.5 16.2 16.3 16.3 15.9 14.9 14 13.7 13.7 13.8 13.8 13.6 13.2 12.7 12.1 11.2 10 9.3 9.3 9.7 10 9.9 8.9 6.7 5.8 4.8 3.7 2.7 2.5 3.2 3.9 4.7 6.1 5.1 5.1 4.6 5.1 4.6 4.4 4 4.2 16.2 3.5 3.3 2.7 3 4.4 3.7 -0.6 -0.6 -0.6 -0.6 -0.6 -0.6 -0.6 -0.6 -0.6 -0.6 -0.6 4 12.7 15.1 17.2 19.4 20
10.7 11.2 10.5 9.3 7.1 1.9 1 1 6 9.6 12.7 14 15.6 15.9 16.1 15 14.4 14.8 14.7 14.6 15.9 16.9 17.3 17.3 17.2 16.2 15.7 15.1 14.6 14.1 14.1 14 13.6 13.2 12.8 11.7 10.5 10 9.9 9.9 9.9 9.2 8.2 6.1 5.8 3 3.7 4.5 3.8 5.8 7.6 9.4 8.9 7.4 7.6 8.1 8.6 8.5 6.4 6.1 7.1 16.4 4 3.8 4.1 9.8 9.6 12.3 11.3 10.9 13 13.3 17.1 15.1 7.4 -0.6 -0.6 -0.6 10.1 10.8 14.2 17.6 20 20.7 15.4
1.1 8.4 7.5 6.6 4 1 1 1.8 8.2 10.6 12.6 13.3 14.1 14.4 14.6 14 13.9 14.3 14.8 15.7 16.8 17.4 18.3 18.3 18.2 17.7 17.3 16.6 16 15.6 15.1 14.5 14.3 13.8 13.2 12.4 11.4 10.8 10.9 10.9 10.2 8.9 7.9 7.3 6.3 6 6 7.8 8.8 13 16.2 16.7 13.8 11.5 12 13.4 15.4 11.4 8.1 11.2 16.2 15.3 10.2 11.6 14.3 14.6 16.3 17.3 18.3 18.5 19.8 19.7 18.3 15.8 12.8 4.5 4.1 4.6 10.3 11.9 14 17.9 18.9 14.4 -0.6
0.1 0.7 4 3.1 0.8 1 1 3.8 10.2 11.9 13.1 14.1 14.4 13.6 13.9 12.9 12.9 13.2 14.4 16.2 17.3 18 18.8 19.5 19.3 19.7 18.8 18 17.2 16.4 15.8 15.3 15.3 15.1 14.8 14 13.4 13.2 13.2 12.8 12.3 11.2 10.5 8.9 8.7 8.6 9.3 10.8 13.5 19.5 22.5 23.6 20.8 19.6 22.2 21.7 20.5 15.6 11.9 17.5 21.7 20.9 20.3 22.6 22 20.2 20.8 20.3 20.3 19.7 19.3 18.6 17.9 15.6 11.9 6.2 4.6 4.8 10.2 13.2 13.9 11.2 6.7 2 -0.6
-0.6 -0.6 -0.6 0.4 0.3 0.5 0.7 1 10.1 11.7 12.6 13.9 14.3 13.6 11.8 11.6 11.9 13.1 14.4 16.3 17.6 18.4 19.2 20 20.1 20 19.2 18 17.7 17.2 16.7 16.2 16.2 16.2 16.8 16.9 16.5 16.3 16.4 16.6 16.7 15.6 14.9 13.3 11.7 9.6 10.9 12.8 17.5 22.5 27.8 30.6 29.2 29.2 29.5 28.4 26.7 20.2 21.2 26.2 29.3 29.6 25.7 28.5 27.7 25.3 23.4 22.2 19 17.6 17.3 17 16.2 13.8 10.1 5.4 5 9 11.6 12.7 4.6 -0.6 -0.6 -0.6 -0.6
-0.6 -0.6 -0.6 -0.6 -0.2 0 0.5 0.9 8.7 10.9 11.8 13.2 13.7 13.1 10.7 9.7 11.2 13.1 14.6 15.4 15.6 16.3 16.4 17.2 17.9 18.8 18.8 18.6 18.8 18.4 17.9 17.6 17.9 18.9 19.2 19.7 21 21.3 22.8 23.7 23.9 22.6 20.2 17.8 16.2 13.4 12.5 14.4 20.3 25.9 32.2 36.1 36.1 35.6 35.6 33.2 29.6 26.6 29.2 32 34.5 34.5 32.4 31.4 30.6 29.3 27.3 22.6 18.2 15.6 15.2 14.5 13.1 11.7 8.6 5.8 5.2 9.2 12.2 -0.6 -0.6 -0.6 -0.6 -0.6 -0.6
-0.6 -0.6 -0.6 -0.6 -0.4 -0.1 0.3 0.7 2.1 10.1 10.6 12.3 12.1 11.1 9.1 7.4 9.1 11.4 12.2 12.3 12.5 12.1 11.8 13.5 14.2 14.9 18.2 19.8 20.3 20.5 20.7 20.7 20.1 21.7 23.3 23.8 25.9 28.5 30.4 31.3 31.8 29.3 26.2 23.3 19.1 16.4 15.3 18.4 24.3 30.5 36.6 40.8 41.1 39.6 38.3 36.4 32.2 33 35.9 37.8 38.9 36.8 33.3 32.6 32.1 30.4 27.6 24.2 18.4 14.9 13.3 11.5 10.1 8.5 6.8 6.1 6.2 7 -0.6 -0.6 -0.6 -0.6 -0.6 -0.6 -0.6
-0.6 -0.6 -0.6 -0.6 -0.4 -0.1 0.2 0.6 0.8 1 3.6 5.7 5.6 7.1 8 6.4 5.7 7.4 7.6 8.1 8.2 8.6 10.2 12.3 14.6 16.9 19.8 22.1 23.1 23.2 23.5 24 24.7 24.2 28.2 29.1 31 33.4 34.8 35.5 35 33.1 30.4 26.1 19.7 18 18.7 23.8 28.5 34.3 41.4 43.9 44.6 42.8 40.9 40.3 38 40.1 41.9 41.3 40.4 37.6 34.6 26.4 30.5 28.1 25.2 23 18.2 15.6 13.5 12.4 11.5 10.3 8.8 8.2 8.1 13.9 -0.6 -0.6 -0.6 -0.6 -0.6 -0.6 -0.6
-0.6 -0.6 -0.6 -0.6 -0.4 -0.1 0.2 0.5 0.7 0.7 0.7 0.7 0.7 0.7 0.9 4.4 3.7 4.6 4.3 4.9 6.8 8.8 11.9 14.7 17.9 21.2 24 25.7 26.2 26.7 27.9 28.7 30.6 31.3 33.6 34.7 36.6 37.5 37.7 38.6 37.4 34.7 32.4 27.4 21.6 22.5 27.2 30.2 36.3 42.5 45.7 47.1 47 45.9 43.5 43.9 44.9 45.8 45.2 44.2 42.5 39.9 37 33.1 29.9 27.4 25.8 23.9 21.7 19.8 20.1 19.6 18.1 15.9 12.3 12.3 13.5 19.4 14.4 -0.6 -0.6 -0.6 -0.6 -0.6 -0.6
-0.6 -0.6 -0.6 -0.6 -0.5 -0.1 0.2 0.3 0.4 0.5 0.5 0.2 0 0.1 0.5 1 3.7 5.8 5.9 7.7 10.7 13.8 16 19.5 23.4 27 29.3 30 30.1 31.2 32.7 34.6 37.4 38.1 37 41.2 42 41 40.2 39.1 38.2 34.7 31.3 27.5 25.8 30 34.6 39.4 46.4 48.7 50.1 49.4 48.1 47.4 46.7 46.4 47.5 48.8 48.3 47.2 45.9 43.4 40.6 37.6 26.3 31.1 29 26.6 26.9 25.7 25.9 25.5 23.9 22 18 17.5 20.7 24.1 25.6 -0.6 -0.6 -0.6 -0.6 -0.6 -0.6
-0.6 -0.6 -0.6 -0.6 -0.5 -0.1 0 0.1 0.1 0.2 0.3 -0.1 -0.6 -0.2 0.4 0.9 5.2 7.7 10.8 11.8 15 17.3 20.7 26 29.8 32.7 35.1 34.6 34.5 35.7 38 41.8 44.5 45.4 44.4 46.6 47.2 45.4 43.6 41.8 39.5 36.5 32.9 31.8 34.4 39.6 45.1 49.7 51.1 51.5 51.4 50.2 48.9 48.2 48.2 48.2 49.3 49.8 49.1 48.8 48.7 47.7 44.8 41.7 31.5 36 34.1 32.3 31.2 30.1 28.6 28.6 27.6 25.7 22.8 23.6 25.7 26.5 22 4.7 -0.6 -0.6 -0.6 -0.6 -0.6
