data/360000-790000.asc
ncols 200
nrows 200
xllcorner 360000
yllcorner 790000
cellsize 50
[rows 35 to 69 of 200, columns 0 to 78 of 200]
91.2 99.1 107.4 117.7 128.7 137.1 142.7 147.2 150.3 152.1 153.3 156.1 157.1 158.9 162.3 163.2 167.3 170.9 174.4 181.2 186.6 190.3 191.8 189.5 182.6 177.9 178.8 180.3 187.2 196.5 206.3 214.7 220.6 223.6 226.3 226.5 225.3 218.2 209 196.3 183.3 174 164.2 156.2 152.6 150.1 147.2 143.3 139 133.7 128.8 124.8 125.6 123.2 119.9 117.1 113.6 112.8 113.9 114 109.4 108.4 108.4 108.3 108.2 108.9 111 114.3 118.7 120.9 123.3 125.6 127.8 130.2 132.9 134.1 135.4 137.5 137.5
91.2 94.8 103.7 113.8 123.4 132.3 137.5 142.9 145.5 146.8 150.6 153.6 155.8 158.4 161.4 165.4 169.6 173.7 175.9 176.7 176.4 178.4 180.2 179.6 176.3 171.3 171.4 173.2 179 188 197.7 206.4 213 217.5 220.7 221.9 223.3 224.5 216.2 202.4 187.6 176.7 169.6 160.1 154.5 151.7 148.3 144 139 133.3 129.8 125.6 121.8 120.1 118.1 117.6 116 115 112.3 110.4 109.7 109.1 108.1 107.8 107.4 107.1 106.9 108.5 113.6 116.4 119 121.1 123.1 125.1 126.2 126.5 127.7 128.9 129.3
90.5 92.3 98.1 106.2 115.2 123.6 131.6 137.7 140.8 145 148.6 152.8 156.7 160.3 164.1 169.1 172.6 177.3 179 177.6 176.1 174.6 173.2 173 171.1 169.2 169.3 168.5 173.1 180.5 189.2 197.9 204.5 209.7 214.5 214.8 214 214.9 212 206.4 192.1 178.6 173.5 163.4 156.8 152.9 148.5 144.4 138.4 133.3 129.1 124.6 123.7 127.5 121.6 118.5 118.5 119.8 114.5 112.8 111.3 109.7 108.2 107.7 107.1 106.8 106.6 106.4 106.4 110 113.9 116.8 119.9 121.5 122.3 123 124 124.3 123.1
89.4 92.6 92.2 99.1 107.8 116.2 124.3 132.4 139.4 144.4 149.6 154.9 160.8 165 169.7 177 179.2 182 183.4 179.8 176.3 173.5 171.1 170 169.3 168.7 168.1 167.9 169.5 176.2 183 189.3 197.5 206.7 209.9 210.1 209.3 210 206.4 201 191.3 179.9 172.8 164.3 154.9 148.6 144.6 140.2 135.6 130 129.2 132.1 140.2 148.9 148.6 144.9 135 126.4 122.7 118.3 114.1 111.2 109 108.2 107.3 106.7 106.5 105.9 105.8 105.9 107.1 110.5 114.1 117.3 119.3 121.1 121.9 122 121
88.9 91 92.3 93.4 100.3 108.3 116.4 125 135 142.5 148.6 154.8 162.4 168.5 175.5 187.4 188.3 188.3 188.3 184.4 178.8 175.2 173.1 171.9 170.2 168.9 167.9 167.6 167.9 170.6 176.2 181.7 187.8 196.8 201.3 205 206.4 205 202.7 200.2 188.1 178.5 170.7 162.9 154.3 145.5 141.5 138.9 135.1 137.2 140.6 145 154.6 163.2 167.5 169.3 161.6 149.9 137.5 129.4 123.4 119.2 114.2 110 107.4 106.7 106.4 105.8 105.5 105.5 105.5 105.6 107.3 109.6 113.6 117.3 122.2 122.2 123.1
88.3 88.7 91.8 92.4 94.8 101.3 109 118.5 126.8 135.8 143.7 152.4 162.2 169.2 176.1 186.2 191.3 194.4 191.4 184.8 180.3 177.5 175.7 174.2 173.1 171.8 170.2 168.6 166.7 166.8 170 175.6 176.6 182.9 190.9 197.9 202.1 202.2 201.3 196.6 187.4 175.8 170.5 164 156.6 150.8 147 141.1 145.1 148.1 151.7 156.7 164.7 172.6 176.1 178.2 177 170.8 158.1 144.5 133.1 126.6 121.4 117.2 111.2 107.1 106.5 106.2 105.5 105.5 105.5 105.5 105.5 105.5 107 109.1 113.1 118 120.2
87 87.8 89.2 91.9 92.2 96 104.3 111.6 119.9 129.4 137.5 145.1 158.4 166.5 172.6 181.5 186.6 190.4 187.1 182.3 179.9 177.9 176.5 174.7 174.1 173.2 171.5 169.1 166.6 164.4 164.8 168.4 170.3 174.8 182.6 190.5 196.3 198.9 200.2 195 185.5 174.8 169.2 163.5 157.2 152.4 148.5 150.8 157.4 159.8 164 168.7 171.3 174.9 178.1 179.6 181.2 179.9 172.1 161.7 153.1 143.2 133.4 127.3 122.2 116 113.8 110.5 108.1 107.9 108.3 107.6 106.9 106.2 106.6 107.3 108.3 111.1 115.4
83.7 84.8 87.1 88.9 90.8 91.8 96.6 104.4 113.6 122.7 133.4 139.9 148.2 158.5 168.2 176.5 182.6 183.9 181 176.7 173.9 173.2 172.6 172.5 171.7 170.9 169.9 168.7 166.4 164.3 163.1 163.2 164.7 167.7 175.2 182.9 189.2 191.9 191.9 189.4 182.1 173.2 166.5 161.4 155.8 150.6 150.6 162.7 171.9 172.6 174.7 179.1 181.2 179.6 180.1 181.1 180.3 180.2 175.5 170.4 160.8 153.7 146 139.6 133 127.6 124.6 121.6 116.9 113.2 112.8 112.1 111 109.4 110.2 109.2 108.7 109 109.9
92.2 83.7 83.7 86.5 88.3 90.5 91.7 97.9 106.4 114.6 128.6 134.7 142.6 150.7 160.7 169.5 175.8 175.8 171.6 166.2 164 164.7 165.3 166.1 166.1 164.6 163.6 163.7 163.5 163.4 162.2 158.9 160.2 162.3 168.3 176.4 181.5 183.7 184.6 182.1 176 166.1 160 155.6 151.9 150.6 157.1 167.8 176.6 182.6 188.4 187.9 186.9 184.2 182.3 182.1 181 177.9 173.9 169.1 163.3 157.1 151.9 144.8 140.2 135.6 131.6 127.7 123.4 119.9 116.7 115.5 114 112.1 115.6 113.9 111.8 110.4 108.5
103.1 92.6 83.7 83.7 83.6 86.4 88.4 91.3 97 106.7 117.7 128 134.7 141.4 152.4 156.7 161.8 160.7 157.3 154.2 154.6 155.6 156.4 159.2 158.9 156.6 156.6 157.6 157.6 157.3 157 155.2 155.2 157.5 161.8 170 178.6 179.2 179.1 175.5 167.7 158.8 155.5 152.3 150.6 150.6 160.3 169.4 177.9 184.8 189.3 189.9 189.4 185.9 183.4 183.5 178.2 174.8 171 165.1 160.8 156.1 150.5 145 140.2 136.6 133 128.9 124.5 120.8 117.2 116.3 116 115.3 116 115.2 113.5 112 109.5
120.4 110.8 99.6 88.8 83.4 83.2 82.9 86.2 90.6 99.1 108 120.3 128.2 132.7 139.2 143.2 145.9 147.2 144 142.5 143.6 144.3 146.5 149.5 149.2 148.7 149.6 150.6 151.8 152.3 153.2 151 150.1 152.2 155.1 162.2 169.1 172.5 173.5 170.7 163.3 157.4 156 153.2 153.8 159 167.3 170.8 177.5 185.7 188.8 187.7 186.6 185 181.7 180.7 175 171.7 166.7 161.8 156.6 152.2 148.2 143.5 138.7 134.9 130.3 126.2 122.3 118.5 115.3 114.3 113.3 111.5 110.9 109.9 108.6 108.3 107.7
115.5 114.2 113.5 108.5 93.8 84.8 82.8 82.7 85 89.7 97.1 106.7 114.2 119.6 125.6 128.3 130.9 130.8 130.6 131.6 132.2 133.1 136.7 139.2 138.6 139.7 141.9 143.1 145.1 147.6 148.4 147.7 146.3 148.7 151.6 154 158.1 162.9 166.1 164.8 160.1 158.1 156.4 158 162 165.2 172 175.9 177.5 186.2 188.2 185.5 183.3 181 177.1 173.8 168.4 163.7 159.7 155 150.4 147.1 144.5 141.2 136.8 131 125.5 121.6 119.7 116.7 115.1 113.4 111.2 108.9 105.4 104.6 103.9 103.3 101.8
110.9 109.6 108.3 107.5 106.5 97.3 85.9 82.6 82.5 83.4 88.6 95.4 101.4 105.9 109.2 113.4 119.5 119.7 118.7 118.4 121 125.2 129.4 130.7 131.1 132.6 134.1 136.2 138.4 140.9 143.1 143.6 144.1 147.6 152.1 151.7 150.5 155.1 158.9 159.6 158.4 157.8 158 164.7 169.1 170.7 172.5 176.4 180.4 183.2 182.7 180.2 177.9 174.7 170.2 165.7 160.8 156.6 154.1 149.5 144.1 140.8 137.5 135 130.8 127.9 124.1 121.4 120 118.4 116.4 113.8 110.9 107.1 103.5 100.3 98.8 97.9 96
106.4 104.8 104.1 103.7 103.2 104.5 90.9 87.7 84.7 82 81.8 87.3 89.9 94 98 102.3 107.2 108.2 108.5 110.3 115.2 119.3 120 121.5 122.6 126 127.6 129.1 132 135.2 137.8 138.4 140.1 145.7 149.6 146.2 148 151.1 154 156 157 158.6 163.2 168.3 171.9 174.3 173.5 173.2 176.8 177.5 176.2 173.4 171.7 167.8 162.9 158.3 153.6 151.1 149.9 146.2 142.4 137.3 133.8 130 126.8 124.4 122.3 120 117.5 115.2 112 109 106.3 103.4 100.2 97.3 95.4 93.8 92.1
101.3 100.9 99.6 100.9 100.8 100.9 96.6 89.8 86.4 84.4 82.4 81.7 85.6 87.3 90.2 92.3 94.9 99 101.7 105 109.6 113.5 116.9 120.6 123.2 125.5 126 128.2 128.9 130.7 132.6 134.7 136.2 139.9 144 144.1 147.6 149.9 151.9 153.9 157.4 160.5 164.2 168.7 172.3 174.6 175.5 174.1 171.7 170.9 168.6 166.9 166 160.9 156.2 151.4 148.5 145.8 144.1 140.3 136.3 133.3 130.1 127.2 123.6 121.3 119.7 116.9 114.2 110.7 107.1 104.3 101.7 99.3 96.8 94.6 92.7 91.2 89.4
97.2 95.5 94.2 94.7 95.9 96.6 98.6 91.9 88.7 87.4 85.7 83.5 81.7 81.6 86 88.2 88.3 93 96.1 100.3 107.3 116.6 122.3 126 128.8 130.4 132 132 132.9 132.9 133.4 133.6 134.6 135.4 138.2 141.6 145 149.4 151.2 153.9 157.4 160.9 164.7 168.5 172.2 174.8 175.9 175.3 174 173.7 171.9 169.7 167.5 165 159.5 154.1 149.3 145.1 141.6 138 131.6 130.1 129.9 128.1 124.3 121 117.1 113.7 110.1 105.8 102.5 100.5 99.4 97.3 94.8 92.5 91.6 90.3 88.2
92.2 90.8 90.5 91.1 91.1 90.7 92.9 91.1 89.8 88.7 87.7 86.7 85.9 83.5 80.4 89.4 90.6 94.2 99.5 107.4 115 123.5 128.9 132.8 135.5 135.3 135.8 136.9 137.1 138.1 138.9 138.7 139.3 137.8 137.8 140.3 145.1 149.1 151.1 155.7 158.8 161.2 163.7 166.9 170.4 173.3 174.3 174.9 174.1 172.4 170.5 168.6 166.2 163.2 159.9 155.5 150.9 145.7 141.6 137.1 133.9 133.6 133.6 130.7 127 122.9 118.6 114.6 109.8 106 103.5 102.9 101.6 99.2 97 95.1 93.2 91.2 89.1
91.7 90.6 90.4 90.2 89.8 89.4 89.4 90.5 90.9 89.8 88.8 87.9 86.9 85.3 80.5 90.5 92.2 98.2 105.2 116 123.3 129.8 134.3 138.1 140.1 143.6 146.8 146 145.2 144.6 144.7 144.3 144.1 142.2 141.2 141.7 145.4 148.1 151.1 156 158.4 159.7 161.3 164.8 168.2 170.7 171.4 172 171.4 169.6 167.8 165.7 162.8 159.8 156.6 152.5 148.2 143.6 139.8 137.8 136.5 134.9 132.3 129.6 127.1 123.9 119.9 115.6 111.7 109.2 108.3 107.8 105.6 103.3 101.2 99.2 97.3 95.3 93.2
91.6 90.5 90.2 89.8 89.4 89.1 89.6 90.6 91.1 90.9 90 89 88.1 86.6 82.3 80.4 91 101 110.6 119.1 127.4 134.3 138.4 143.1 148.1 155 158.6 157.5 154.3 151.6 150.6 150 148.7 147 145.5 144 147.2 148.7 150.6 154.2 156.8 158.3 159.5 161.8 165 167.8 169.2 169.1 168.6 166.8 165 162.8 159.4 156.5 153.4 149.2 145.3 142.9 140 138.1 135.5 132.8 130 127.1 124.5 121.9 118.9 115.7 112.4 111.5 110.5 109.1 107.8 105.6 103.4 102.3 101 98.3 95.2
94 91.3 91.2 90.2 89.7 89.4 89.7 90.4 90.9 91.2 90.4 89.4 88.5 87.9 84 79.7 87.3 97.5 110.2 118.6 127.2 132.8 135 139.4 144.2 151.2 154.5 155.4 154.8 154.7 154.2 154 152.8 150.4 148 145.4 147.3 148.7 150.5 154.1 156.7 157.8 158.4 159.6 161.5 164.4 165.8 167 166.3 163.9 162.1 159.8 156.2 153.2 150.1 146.2 142.7 140.3 138.3 135.8 133.1 130.1 127.4 124.7 122.2 119.5 116.8 114.9 112.9 111.8 111.1 109.6 108.1 105.8 103.8 101.6 99.4 96.6 93.9
105.6 101.1 97.8 95 93.3 92.7 93 92.4 91.7 91.1 90.8 89.8 89.2 88.3 84.6 80.2 82.6 90.5 102.6 113.3 121.6 125.8 128.8 132.5 137 141.3 145.1 147.4 148.7 150.8 151.5 150.8 148.8 146.2 144.9 143.3 146.2 146.4 149 151.5 154.8 156.6 157.2 158.4 159.3 162.6 165.2 170.4 167.8 163.9 159.3 155.9 153.5 150.3 146.5 142.8 139.5 137.2 134.8 132.4 129.9 127.5 124.9 122.4 119.8 116.8 115.5 113.9 113.2 111.8 109.1 107.5 105.9 103.3 101 98.7 96.1 92.9 89.7
119.1 114.5 109.6 105.1 102.2 99.4 97 96.2 95.3 93.8 91.7 90.6 89.7 88.9 86.4 82.1 79.7 85.8 95.7 104.9 110.5 115.2 120.3 124.1 127.4 130.1 133.1 138 142 145.5 146.1 144.4 142.3 139.9 140.1 139.7 140.2 143.3 146 148.6 152 154.8 156 156.8 157.2 160.1 169.3 173.6 168.9 163.6 158.7 154.9 149.6 145.7 141.8 138.4 135.1 132.1 129.7 127.3 124.8 122.9 120.5 118 116.2 113.9 112.2 111.3 109.9 108.1 106.2 103.9 101.2 98.4 95.8 94.5 89.3 86.4 85.2
130.8 123.3 118.9 115.8 112 108.2 104.6 101.3 98.9 97 94.9 93.5 92.6 91.6 88.6 87.6 79.7 83 86.9 95.1 101 105.9 111 115.4 119 122.2 124.2 129.2 133 136.5 137.5 137.1 135.6 134.2 135.3 136.2 137 141.1 143.9 146.6 150.3 153.1 154.3 154.8 155.3 155.7 158.4 160.3 160 157.3 153.6 149.4 144.5 139.5 135.9 132.7 129.8 126.9 124.6 122.2 119.7 117.9 116 114.1 112.3 110.6 109 106.9 104 101.9 100.1 96.9 94.4 92.8 92.2 89.6 89.5 91.9 92.9
135.8 129.7 125.7 122.9 119.2 115 111.5 108.7 104.5 100.8 99.2 97.3 95.5 93.6 89.7 87.7 87 79.7 84.5 85.8 91.2 96.6 101.8 106.5 110.2 113.9 116.5 121.2 122.7 125.5 127.8 129 128.8 130.2 132.3 134.3 135.9 139.5 143.4 146.3 149.8 152.2 153 152.9 152 151.6 151.2 150.6 149.5 148.3 143.9 139.4 134.5 131.1 128.4 125.3 123.3 121.7 120.8 117.1 114.6 112.9 111.7 110.5 108.7 106.5 104.4 101.6 99.1 97.2 95.8 94 96.1 96.2 95.8 96.3 96.7 98.2 100.2
138.5 133.6 128.8 125.9 123.6 120.8 117.8 114.7 110.6 106.1 104.1 102 99.6 96.1 91.8 87.6 85.6 80.1 79.7 84.4 84.6 89.1 94.4 98.6 101.8 105.6 108.8 110.7 112.6 114.5 117.2 121.1 124.9 127.4 130.8 134.6 136.8 139.2 142.7 146.1 148.3 150.3 150.2 149.3 148.6 146.6 145.1 142.8 141.5 138.4 134.5 129.9 125.4 121.2 118.9 118.3 118.5 116.9 115.6 113.6 110.3 109.4 109 107 104.4 102.9 102.2 100.6 98.9 99.1 99.1 99.6 100.7 101.9 102.4 103.1 104.8 106.8 108.9
140.4 136.2 131 128 125.8 123.5 121.7 118.8 114.9 110.6 108.6 106.5 104.1 99.6 95.2 89.7 87 84.4 79.7 80.7 84.2 84.4 86.9 91.1 95.2 98.1 100.6 101.8 103.1 105.2 110.7 116.6 122 126 129.7 132.4 135.3 137.5 141 144.2 146.1 147 146.8 145.5 143.8 140.9 138.9 136.3 134.2 130.1 126.9 123.8 119.6 115.3 115.3 115.6 115.4 113.9 112.2 110.8 109 107.9 106.9 104.8 103.9 102.7 101.9 101.4 101.1 102.7 102.5 103.9 106.1 107.4 108.9 110.4 111.8 113.2 114.1
142.2 138.1 133.3 130.1 127.2 124.8 122 119 116 112.6 109.6 107.6 106.2 102.8 98.4 93.5 90.3 86.2 82.9 79.7 83.7 83.9 83.9 84.2 87.4 90.8 91.4 92.9 94.2 98.1 104.2 109.8 115.9 121.1 125.4 129 132 135.1 138.3 141.4 144 146 146.7 143.7 140.6 137.7 133.9 131.3 129.1 126.7 123.2 119.4 115.5 112.7 112.9 112.9 112.2 110.9 110 108.8 108.5 108.2 106.7 105.3 104.8 104.6 105.3 107.5 109.1 110.4 112.1 111.9 111.7 112.3 113.6 114.8 116.2 117.7 118.6
143.7 139.8 135 130.7 127.7 124.9 122.1 119.2 116.1 113.2 110.3 108 105.8 103 100.1 96.4 92 88.7 86.2 79.7 79.7 83.8 83.3 82.7 83.6 84.5 84.9 86.5 87.2 89.5 95.3 101.7 109 116 120.8 124.6 128 131.6 134.2 136.8 139.8 142 142.8 141 137.3 133.4 130 127.3 126 123.9 120.6 117.4 113.5 110.5 109.1 108.8 108.7 108.6 108.2 108 108.2 108.5 107.5 108.1 110.2 114.1 115.9 117.5 118.8 119.7 120.7 121 121 120 118.6 119.2 120.7 122.3 123.1
145 140.4 135.8 131.6 128 125 122.2 119.3 116.3 113.4 110.6 108.4 105.4 103.1 100.9 97.8 94.3 89.4 87.2 84.6 81.1 79.7 80.5 82.3 83.4 83.3 83.3 84.1 85 85.9 89.7 95.9 103.3 110.9 117.1 121.5 123.9 126.9 129.4 131.8 134 136.5 136.7 135.8 132.7 129.1 126 123.5 123.2 120 116.6 114 111.3 108.6 106.2 105.9 106.4 106.6 106.7 107.2 107.6 110.5 112.5 116.3 119.7 124 126.4 127.2 127.1 127.7 129.6 132.3 133.5 133.2 131.3 128.9 126.5 127.1 127.7
145.7 141.5 137.2 132.5 129 125.4 122.2 119.4 116.4 113.5 110.7 107.4 104.2 103.2 101.8 98.7 95.6 90.2 87.6 85.2 84.1 80.9 78.3 78.3 82 82.9 82.5 83 83 83.5 86.8 92.1 99.9 107.6 113.6 119.1 121.5 122.6 125.6 127.2 127.5 130.2 132.4 131.5 127.9 124.8 122 120 118.4 115.3 111.9 109.2 107.1 105.7 104.3 104.3 104.5 103.9 103.9 104.3 106 111.9 118.3 122.9 126.8 130.9 134.3 134.8 134.4 136.1 140.2 143.4 146.3 149.2 150.6 142.2 136.7 133.5 133.7
148.4 143.2 138.8 133.8 129.8 126.3 122.8 119.5 116.6 113.4 110.1 106.7 103.3 102.6 100.6 98.5 96.1 91.2 87.9 86.9 85.9 84.9 81.8 78.3 78.3 80.4 81.2 81.9 82.8 82.8 85.8 88.6 96.5 104 111.5 118.2 121.1 121.8 122.1 123.4 124.4 125.8 128.1 127.2 124.3 120.3 118.4 116 112.9 110 107.2 105.3 103.4 102.9 103 102.1 101.4 100.2 100.1 102 107.8 114 121 127.9 132.9 136.7 141.4 142.8 142.1 143.8 147.8 151.5 154.1 155.7 159.1 155.6 149.8 146.2 141.2
151.1 145.6 139.9 135.4 130.5 127 123.5 120.1 116.6 113.2 109.8 106.5 103.1 101.5 99.4 97.3 95.1 91.5 88.8 88.2 87.4 86.9 85.5 83.4 78.3 78.3 79.4 80.6 82 82.1 83.3 85.5 91.8 98.9 107.6 114.8 119.6 121 120.4 121.6 121.4 123.3 124.7 121.4 117.6 114.3 113.2 110.4 107.4 103.4 102.7 101.5 100.1 99.4 99 98.4 97.9 97.9 98.1 103.4 108.9 115.8 122.9 129.8 135.8 141.7 146.7 150.5 150.4 150.3 153.3 155.4 156.8 158.3 160.8 164.2 165.3 161 153.4
151.6 146.1 140.7 136.8 132 127.7 124.3 120.5 116.6 112.9 109.6 106.1 102.4 99.8 97.6 95.4 93.6 91.2 89 88.6 88 87.6 87.1 85.5 83.4 83.7 78.3 78.3 78.8 80 81.3 82.6 86.7 93.8 101.4 109 115 117.2 117.8 117.7 117.9 119.7 119.2 115.2 108.4 104 105.8 103 100.2 97.5 98.2 97.2 96.2 95.7 95.3 94.8 94.9 95.1 99 103.6 109.8 116.5 124.2 131.6 137.9 144.7 151.6 157.1 161.3 159.3 156.9 158 159.2 160.3 162.1 165.5 174 172.9 165.5
151.5 146.8 141.3 136.8 132.6 127.5 123.2 119 114.9 111.2 107.7 104.1 100.9 97.5 95.2 93.3 91.8 90.2 89.1 88.5 88.3 88.3 87.8 87 83.9 83.5 82.9 81.9 78.3 78.4 78.9 80.1 83.2 87.5 94.4 102.1 106.6 109.6 110.8 110.4 109.9 109.2 109 105.2 97.9 95.4 96.3 94 93 91.3 92.6 91.1 90.3 90 90 91.3 91.6 94.7 99.5 104.8 110.8 117.1 124.4 130.6 137.7 146.2 153.9 161.5 168.7 172.8 161.2 160.8 161.8 162.7 163 164.6 173.4 177.5 167.2
150.6 145.9 140.8 135.9 130.8 125.2 121.1 116.4 112.5 109 105.8 102.5 99.3 96.1 93.9 92.7 91.1 89.3 88.2 87.9 88.1 88.2 88.2 87.8 85.1 83.5 82.6 82.3 82.1 81.7 78 77.4 78.3 84.2 88.4 94.1 98.7 101.6 102.5 101.9 99.5 96.2 94.9 92.2 87.7 87.3 87.3 87.7 85.8 86.9 86.6 85.5 86.2 85.7 86.1 87.2 89.9 93.4 98.4 104.7 110.3 116.7 123.4 129.2 136.3 144 150.2 158.5 164.4 167 166.6 164.7 163.8 164.1 162.3 159.1 164.5 166.3 159.1
