data/360000-550000.asc
ncols 200
nrows 200
xllcorner 360000
yllcorner 550000
cellsize 50
[rows 105 to 139 of 200, columns 78 to 155 of 200]
496.8 492.6 488.4 484.1 480.5 477.1 473.8 470.3 467.4 464.4 461.4 458.2 455.5 452.9 449.6 446.6 444.4 442.1 441.2 440 438.8 438.1 437.9 437.7 437.5 437.3 436.8 436 435 434.1 434 432.9 432 431.1 429.3 427 425.7 423.9 421.6 418.5 416.1 412.5 408.7 405.5 400.1 394.2 388.5 383.5 378.5 372.6 366.7 360.8 355 349.1 343 336.9 331 324.9 318.5 312.1 305.9 299.6 293.5 288.1 281.7 274.5 267.4 261 255.9 250.4 244.1 236 228.8 221.8 215.1 208.2 198.9 189.6
496 491.8 487.5 483.1 478.8 475.3 472 468.5 465.2 462.2 459.1 455.7 452.6 449.1 445.8 442.4 439.4 436.4 434.4 433.3 431.8 430.9 430.7 430.4 430.2 429.9 429.7 428.8 427.8 426.8 425.9 424.8 423.8 422.8 421 418.8 417.5 416.8 415.3 411.8 409.6 406.7 403.7 400 395.4 389.8 383.9 378.7 373.8 368.1 362.2 356 349.7 343.8 338.4 333 326.8 320.6 314.1 307.3 301 294.8 289.3 283.9 277.9 271.3 265 259.9 254.7 248.7 242.3 235.1 227 218.9 210.8 202 193.5 199.1
495.1 490.9 486.6 482.1 477.8 473.5 470 466.5 463.1 460 456.6 452.9 449 445.2 441.1 437.1 433.4 430.3 427.7 426.6 424.6 423.7 423.5 423.2 423 422.6 421.3 420.4 419.4 418.2 417.2 415.6 414.7 413.7 411.7 410.3 409.3 408.3 407 404 401.1 398.1 395.1 392.3 388.9 384.6 379.5 374 368.9 363.3 357.1 350.5 344.1 338.2 333 327.6 321.7 315.6 309.5 302.8 296.1 290.7 285.3 280 274.6 269 263.3 257.6 251.8 246.2 239.2 231.5 225.1 216.7 206.9 198.3 193.9 196.3
493 488.8 484.8 480.9 476 470.8 467.2 464 460.8 457.1 452.8 448.5 444.3 440 435.9 431.9 428.2 424.5 421.2 419.7 417.4 416.5 416.2 416 415.3 413.7 412.9 412 411.1 409.7 408.3 406.5 405.4 404.5 403.2 401.7 400.1 398.6 397 395.3 392.6 389.7 387.2 385.1 382.7 378.3 373.9 369.2 364 358.2 351.6 345 338.6 332.6 327.4 322.1 316.6 310.5 304.4 298 291.1 286.7 281.5 276.1 270.7 265.6 260.6 254.9 249 243.5 236.2 228.6 220.7 212.5 202.7 197 195.1 196.9
489.9 485.5 481.2 477.2 473 467.8 463.9 460.7 457.5 452.9 447.8 443.4 439.2 434.9 430.8 426.8 423 419.3 415.6 412.2 410.2 409.3 409 407.9 406.2 405.3 404.5 403.6 402.7 401.1 399.4 397.6 396.1 394.3 392.8 391.5 390.1 388.5 387 385.3 383.5 381.4 379.6 377.7 375.6 372.1 367.9 364 358.7 352.8 346.2 339.5 333.1 327.1 321.8 316.5 311.2 305.3 299.4 293 286.1 281.5 277 272.2 266.8 261.9 257 252.2 245.6 238.2 231.1 223.4 215.6 210.3 202.1 196.8 199.6 201
486.7 482.2 477.7 473.6 469.5 464.8 460.6 457.4 453.6 448.8 443.8 438.6 434.1 429.8 425.5 421.6 417.9 414 409.7 404.2 402.9 402.1 400.6 398.8 397.7 396.9 396 394.9 393.4 391.9 389.8 387.6 385.6 383.6 381.9 381.2 380 378.5 377 375.3 373.5 372.4 370.9 369.1 367 364.8 362.3 358.2 352.9 347.1 340 333.2 327 320.9 315.9 310.7 305.5 300.2 294.4 288.1 281.2 276.3 271.8 267.4 262.7 257.1 251.6 246.1 239.4 232.3 225.6 218.5 211.3 209.5 199.5 198.6 203.4 199.8
482.8 478.7 474.3 470.1 466 461.8 457.3 454.1 449.5 444.7 439.9 434.7 429.5 424.7 419.8 415.7 411.9 407.4 402.8 394.7 395.1 393.2 391.5 390.1 389.3 387.7 386 384.3 382.3 380 378.1 376 374 372.7 371 370.7 369.7 368.5 367 365.3 364 362.2 361.1 359.3 357.1 355.1 352.8 348.8 343.5 338.1 332.5 326 320 313.9 308.9 304 298.5 293.3 288.6 283.1 276.2 271.1 266 260.3 255.7 250.5 245.1 239.6 233.6 227.3 220.9 214.3 208 204 198.8 199.6 201.9 201.6
478.9 475.2 470.8 467 462.6 458.4 454.1 450.1 445.4 440.4 435 429.4 424 418.6 413.6 409.1 404.5 399.9 394.7 390.2 387.5 385 382.2 380.5 378.8 377 375.3 373 370.3 368.1 366.2 364.3 362.4 361.1 359.7 358.7 358.2 358 356.7 355.2 353.5 352.1 350.8 349.2 346.8 344.3 341.9 338.1 333.2 327.8 322.4 316.7 311.4 305.5 300.3 295.5 290.8 285.5 279.9 274.3 268.9 263.7 258.1 252.9 248.7 243.7 238.3 233.2 228.9 223.2 217.5 210 207.2 202.7 202.9 205.2 202.4 202.7
475 471.5 467.4 463.6 459.7 455.2 450.7 445.5 440.1 434.7 429.3 423.6 418 412.7 407.4 401.3 396.3 391 386.3 382.4 374.1 375.5 372.5 369.7 368 366.2 363.9 361.1 358.3 356 353.6 351.1 349 347.6 346.2 344.9 344.5 344 343.2 342 341 339.3 338.1 336.1 333.9 331.4 329.7 326.4 322.6 316.3 311.1 305.7 300.6 295.6 290.1 284.5 279.4 274.4 269.8 265.3 260.6 255.8 250.1 245.9 241.8 236.9 232 227.6 222 217.4 212.8 205.8 205.3 207.3 206.5 206.4 204.4 203.9
470.8 467.4 463.8 460 456.2 451.3 445.7 440.1 434.4 429.1 423.6 417.9 412.2 406 399.6 393.2 387.2 382.4 378.4 374.6 367.8 365.4 362.6 359.8 357.2 354.7 351.7 348.8 345.7 342.4 339.3 336.6 334.9 333.6 332.6 331.6 331 330.5 330 328.8 327.8 326.6 325 323.6 321.7 319.8 317.7 314.7 311.8 305.8 301.7 296.1 290 285 279.3 273.2 269.9 265.5 261.6 256.6 251.8 247.5 243.5 239.7 234.9 226.7 221.3 215.5 214.8 212 207.6 206.3 210 210.5 206.6 206.8 206.6 205.5
464.7 461.3 457.6 453.8 450 445.5 440.5 435 429.2 423.3 417.3 411.3 404.8 398.1 391.3 384.9 379.5 374.8 370.3 366.5 360.5 355.9 353.3 350.7 347.6 343.7 339.8 336.2 332.9 329.5 326.2 324.3 322.9 321.8 320.5 319.2 317.9 317.4 317.7 317.8 317.3 316.6 316 315.3 314.4 312.9 310.7 306.7 302.6 299.2 294.2 287.9 281.7 275.6 268 265.3 261.3 258.1 252.9 247.9 243.4 238.9 229.6 221.2 217.7 214.1 212.7 210.4 210.2 208.5 207.6 213.7 215.4 209.4 208.4 208.3 207.2 204.5
458.2 455.1 451.2 447.4 442.9 438.2 433.1 428 422.3 416.3 410.2 403.8 397.1 390.4 383.7 377.3 371.6 367.2 362.5 358.4 353.9 350 345.1 342.7 338.9 335 331.1 326.7 321.8 317.7 315.2 313.4 311.5 310.5 309.4 308.4 307.5 308 308.9 310.3 311.1 311 310.4 309.7 308.9 307.6 305.2 302.4 298.4 292.8 286 279.7 273.4 267.6 261.7 258.7 256.3 249.5 243.7 241.6 236.2 227.8 221.1 217.9 216.3 219.7 219.2 219.6 216.5 216.4 215.8 213.4 211.9 210.2 212.1 208.9 206.5 202.3
450.5 446.6 442.8 438.9 434.7 430.1 425.2 420.1 414.9 408.8 402.7 396.2 389.5 382.8 376.3 370 363.7 359 354.7 350.6 347.7 343.2 336.9 334.1 330.2 326.3 322.4 317.5 312.7 309 306.1 303.7 301.1 299.5 299.2 299.5 299.4 301.2 302.5 303.9 305.2 305.8 305.5 305.3 304.4 301.3 299.5 297.4 293.9 289.1 279.9 272.9 266.2 261.1 253.8 251.6 246.8 239.1 230 229.6 226.2 221.4 221 225.5 226.4 224.5 222 220.3 218.6 217.5 216.6 213.7 210.4 215 213.3 210.1 206.9 202.9
442 438.1 434.3 430.3 426.3 421.9 417.2 412.2 407.2 401.3 395.1 388.6 382 375.4 369 362.7 356.3 350.8 345.8 342.1 339.5 334 330.1 325.7 320.6 316.6 311 308.2 303.5 300.8 298.1 294.6 288.3 285.7 286.6 288.7 291.3 293.7 296.1 297.4 298.5 299.1 300.6 300.3 298.1 294.9 293.1 291.3 286.9 279.7 272.8 265.7 259.4 254.1 246.8 241.6 235.6 230.5 230.6 232.1 227.4 234.1 230.8 228.6 228.7 225.4 222.8 221.1 219.6 218.2 216.8 212.6 214.9 217.3 214 210.7 207.7 204.2
433.6 429.6 425.7 421.8 417.8 413.5 409.1 404.3 399.2 393.8 387.5 380.9 374.4 368.2 362.1 356.1 350 340.7 336.1 333.7 330.9 327 321.9 316.4 312.1 309 304.4 300.4 294.7 282.2 283 280.6 273.9 276.3 271.7 278.2 280.9 287.1 288.5 289 290.1 289.8 292.6 293.9 291.4 287.5 285.1 281.3 279.5 272.5 264.2 260 253.5 248.3 236.5 231.7 231.3 234.3 239.9 240.6 239 236 233.4 231.9 230.3 226.8 223.6 222.1 220.6 219.2 214.6 215.4 218.6 216.8 213.7 210.6 207.4 205.5
425 421.1 417.2 413.3 409.4 405.1 400.7 396.3 391.3 386.2 380 373.6 367.1 360.7 354.6 348.6 342.5 334.4 326.4 324.1 323.2 319.4 314.6 310.5 304.1 303.9 291.1 282.8 280.7 282.4 277.4 276.2 284.1 280.4 277.2 272.8 268 266.1 272 278.3 277.9 279.6 282.4 281.4 284.7 278.6 277.6 275.6 270.4 263.3 255.3 248.5 243.6 241 236.4 238.1 249.8 246.3 245.2 244.6 241.7 238.8 235.3 233.2 231.1 227.5 224.3 223.2 220.2 216.7 213.7 220.1 220.2 218.3 215.2 211.8 207.9 206.3
416 412.3 408.6 404.8 400.8 396.7 392.3 388.1 383.5 378.5 372.8 366.4 359.8 353.3 347.1 341.1 334.3 328.1 323 316.7 315.4 312 308.6 305.8 287.5 286.3 283.3 291.8 291.3 295.9 296.9 297.8 295.9 293.3 290.8 288.5 279 272.9 265.1 266.1 264.2 267.5 277.8 271.4 273.5 270.6 266.3 260.5 253.8 245.8 243.7 242.6 238.5 241 247 252.1 251.2 249.6 248.2 247.1 244.2 241 236.6 234 231.9 228.3 224.3 221.8 219.7 218.7 219.2 221.6 221.4 219.9 216.3 212.1 208.5 206.3
407 403.3 399.6 395.9 392.3 388.2 384.2 379.9 375.4 370.7 365.6 359.2 352.4 345.9 339.7 333.6 327.8 322.8 317.7 312.5 310.7 304.4 297.3 289.7 292.7 296.5 298.1 298.8 300.9 301.7 302 300.4 298.9 295.7 292.8 289.9 289.6 289.2 279.6 278.2 276.1 268.4 258.3 255.8 254.2 253.9 251.4 249.8 248.1 246.5 251.3 252.6 255.5 255.5 254.8 254.2 253.7 252.6 250.8 249.6 246.7 242.8 238.1 235 232.7 228.6 223.6 219.4 217 215.7 222.8 222.9 222.3 221.1 216.9 212 208.3 206.5
397.8 394.3 390.6 387.4 384 380 376.1 371.7 367.3 362.7 358 351.9 345 338.5 332.3 327.5 322.1 317.4 312.4 309.4 299.4 294.8 292.2 299.2 304.5 305.2 305.7 307.4 307.4 307.1 306.8 304 301.9 298.3 295.5 293.1 292.7 293.4 288 285 284.5 285.6 280.8 277.1 275 265.5 262.7 259.8 259.2 262.1 262.1 260.7 260.1 259.2 257.6 256.8 256.1 255.6 253.8 252 248.4 244.5 239.7 236.2 233.4 227.1 221.1 217.7 216.9 216.1 222.8 223.7 223 220.7 216.9 211.6 207.8 206.4
391.1 388.3 381.8 376.4 372.4 369.1 366.5 362.2 357.8 352.4 347.9 341.9 337.1 331.7 326.9 322.2 315.1 306.5 301.6 298.7 302.6 307.1 307.4 311 311.6 312.4 313.5 313.8 313 312.7 311.3 307.8 304.9 300.9 298.1 296.5 295.6 295.3 294.8 293.8 293.7 292.7 289.8 285.9 280.6 276.2 273.8 271.6 270.8 269.7 268.3 266.5 265.7 264.2 261.6 260 259.1 258.3 257 254.5 250.9 246.4 240.7 234.4 228.2 224.4 221.5 224.9 217.3 217.6 223.2 223.5 223.6 220.6 216.1 211.3 207.6 205.9
385.2 383 375.5 367.6 362.9 360.1 356.9 353.2 349.5 344.3 339.8 336 331.1 327.8 322.8 317.4 309.2 302.7 305.5 309.3 312.4 314.1 315.9 316.7 317.6 318.4 319.8 320 319.1 318.3 314.9 311.7 306.9 302.8 300.1 298.7 298.2 297.9 297.4 296.7 295.9 293.7 290.8 287.3 283.6 281.3 279.1 277.4 275.7 274.4 272.9 272 271.1 268.2 265 263 262 261.1 259.9 256.8 252.9 245.8 236 239.1 233.8 226.1 224.5 227.5 219.1 224.1 224.8 224.6 223.6 219.8 214.5 209.6 206.9 204.7
359.4 359.9 364.3 360.6 356.4 353.1 350.2 346.7 343.4 339.6 335.5 332 327.2 322.8 318.3 309 309.3 307.4 313.8 316.9 318.8 320.3 322.1 322.7 323.4 324.3 325.3 325.1 324.7 323.2 319.5 314.2 307.9 304.2 302.5 301.5 300.9 300.6 299.9 299.2 297.1 295.5 293.4 289.9 287.3 285.5 283.8 281.9 280.4 279.1 277.9 276.5 274.6 271.6 268.4 266.6 264.9 264 262.3 258.7 252.1 240.6 244.8 241.6 234.3 226.6 227.9 227 218.7 224.9 225.2 224.7 221.8 216.2 211.5 208.5 206.4 203.7
365.3 363.2 351 347.1 343.6 341.6 339.1 333.7 335.8 335.6 332.3 328.9 323.2 317.1 311.4 312.5 315.6 317.4 320.5 323.7 325.1 326.5 328.2 329 329.6 330.2 330.5 330.3 330 328.1 323.7 317.5 311.5 308.3 305.5 304.4 303.8 303.7 303.4 302.7 301.1 299.4 297.2 294.2 291.5 289.7 288 286.1 284.4 281.8 279.8 278.4 277.2 274.9 271.8 270.1 268.4 267 264.5 257.5 250 250.1 247.4 243 233.4 227.7 231.6 227.2 217.8 223.7 224.6 222.8 218.4 213.4 210.2 207.3 204.6 203.2
374.7 368 364 359.5 354.3 351.3 343.9 338.7 335.1 324.6 321.9 319.9 315.5 314.1 319.1 320.9 322.2 324 326.9 329.9 331.4 332.8 334.4 335.3 335.9 336.4 335.8 335.5 335.9 333.5 329 323.1 317.1 313.5 311.3 309.5 308 308 307.6 306.6 305.3 303.2 300.7 298.2 295.8 293.9 292.1 289.4 287.4 283.4 280.6 279.4 278.3 277.2 275.4 273.7 271.1 268.3 263.5 255.3 258.3 254.5 250.6 244.6 235.9 230.2 234 229.8 218.6 223 223.6 222.2 216.8 211.4 208.7 206.2 203.7 202.4
378.3 374.2 370.7 366.5 362.1 357.2 351.8 345.3 340 333.8 329.1 324.6 326.1 326.1 326.1 327.6 329 330.6 333.2 335.2 337.7 339.1 340.5 341.6 342.2 341.9 341.3 342.1 341.8 340.6 337.3 331.6 325.5 319.4 317.5 315.7 313.7 312.8 312.2 311.2 309.7 307.4 305.1 302.7 300.1 298.1 295.6 292.6 288.9 285 282 280.4 279 277.4 275.9 274 267.7 265.2 261.8 262.8 260 256.1 251.3 243.4 234.9 236.7 235.4 232.2 220.8 223.5 224.3 220.9 214.7 209.7 208.4 205.7 202.6 201.2
382.8 378.9 374.6 370.3 365.8 360.5 354.5 348 341.3 333.5 325.4 330.7 332.7 333 333.2 334.4 335.8 337.6 339.5 341.5 343.6 345.4 346.8 348 347.9 348.6 350.7 351.9 351 349.6 346.1 340.2 334.5 327.9 323.7 321.9 320.2 319.1 318 316.2 314.4 312.3 310.1 307.7 305.1 302.1 299.9 295.9 291.1 286.7 283.7 278.9 276.6 276.1 275.2 268.9 270.8 268 265.6 262.7 259.5 256 249.8 242.6 239 239.6 235.2 228.9 222.5 224.1 224.4 218.3 212.6 208.3 207.4 205.5 202.7 199.8
386.3 382.7 378.4 373.6 368.1 362 354.7 347.5 338.2 329.8 336 338.8 339.3 339.7 340 341.4 343.7 345.8 346.8 347.9 349.7 351.6 353.1 354.3 356.5 358.6 360.7 361.8 360.9 359.4 355.1 348.8 344.8 338.4 332.8 328.6 326.9 324.7 322.7 320.9 319 317 314.9 312.7 310.2 307.1 304 298.9 293.5 288.2 284.1 283.1 277.8 272.4 271.5 271.1 270.6 268.4 265.4 262.3 259.3 254.7 245.7 243.1 241.3 239.2 234.4 225.7 224.9 225.6 220.9 215.5 210.2 208.5 207.4 205.7 203 200.2
388.2 385.6 380.5 374.2 367.8 360.7 352.3 343.8 337 340.9 344.3 345.7 345.8 346 347 349.3 351.5 353.8 355.1 355.5 356.8 359.5 362.5 366.6 369.6 371.6 373.1 373.4 374 370.8 364 363.8 356.8 348.3 341.6 336.1 333.8 331.3 328.1 325.5 323.7 321.7 319.6 317.6 315.3 312 307.1 299.2 295.3 289.1 288.6 284.9 279.4 275.1 273.9 272.6 270.8 267.8 264.8 261.3 257.5 249.1 245.8 243 240.5 236.2 229 222.1 223.3 221.1 216.9 211.6 210.7 209.2 207.4 206.1 203.7 202.4
388.6 385.1 380.6 372.9 364.8 354.1 342.1 339.1 346.9 348.6 351 352.6 352.8 352.9 354.4 357.1 359.3 361.1 363.5 363.8 367.2 370.5 375.1 379.4 384.1 387.2 388.2 388.4 388 387.6 386.4 374.8 367.5 363.2 351.8 345.3 340.6 337.7 335 331.6 329 326.8 324.9 322.9 319.1 314.2 308.1 303.3 299.8 294.3 290.5 285.9 280.5 278.2 275.9 272.7 270.2 267 264.1 259.5 258.2 253.8 246.8 242.3 236.4 232.4 226.3 222 220.4 217.5 213.1 211.2 210.5 209.1 207.7 206.2 205.3 204.7
383.8 383.2 380.5 366.7 349.9 354.8 355 354.5 355.4 355.5 356.7 358.9 359.7 360.1 361.5 365 367.8 369 369.2 374.5 378 382.4 387.8 394.1 399 400.9 400.8 400.4 398.3 394.7 393.6 390.8 382.9 369.2 361.4 355.9 351.3 346.7 343 339.1 336.1 332.9 330.7 328.2 322.7 317.2 310.6 309 304.1 298 293.5 287.2 282.6 280.1 276.4 272.5 269.6 266.5 263.1 261.8 258.4 253.6 249 244.1 239.5 235.3 227 218 217.2 213.7 212 211 209.9 209.1 207.8 206.6 206.2 205.9
373.3 374.6 366 356.1 361.3 364 363.8 362.9 360.5 362.3 363.5 365.1 366.6 367.8 368.9 373.4 376.9 381.4 381.8 386.2 390.4 394.9 400.9 405.8 408.8 409.8 411 412.2 411.5 409.4 403.9 397.3 390.2 378.3 371.7 367 362.8 358.4 352.1 348.2 343.4 339 335.5 331.6 326 321.1 317.8 314.1 307.7 300 296.7 288 285.7 282.5 277.7 273.1 267.8 267 264.9 261.8 258.1 253.4 249.4 245.2 240.8 236.3 225.5 220.7 216.5 212.6 211.9 210.3 205.9 199.3 208.2 205 199.8 195.7
377.6 369.2 367.1 371.7 364.5 371.4 371.2 370.3 367.1 369.4 372.3 374.3 376.4 379.6 384.4 389.1 387.3 389.1 388.9 400.2 403.4 407.3 410.9 414.6 417.7 418.8 419.7 419.7 418.2 416.2 413.6 410.8 406.6 398.9 390 382.4 373.5 369.8 363.8 357.3 349.3 345.5 340 334.7 329.1 325.4 322 318.3 312.6 303.9 296.2 292.5 289.6 283.1 278.1 271.7 269.2 268.2 265.2 260.7 257.3 253.2 249.6 245.1 240.2 233.7 223.5 221.4 218.1 212 212.9 202.4 200.7 199.2 196.4 195.7 195.3 193.2
373.9 381.6 380.4 378.7 371.5 378.6 377.3 376.4 375.5 378 381.2 384.3 386.2 390 392.3 395.5 405 407.9 410.7 412.3 414.7 417.6 420.5 424.1 426 427.5 428 427 425.3 423.3 421 418.3 414.4 410.1 405.5 399 395 388.1 373.3 368.9 363.8 358.9 348 339.8 333.1 330.1 326.1 321.8 316 307.3 299 294.5 290.9 283.4 275.1 272.9 270.4 267.8 263.6 259.6 256.2 252.4 248.2 243.6 237.1 228.6 221.9 220.3 216.1 212.4 202.9 201.5 200.7 198.7 198.2 203.3 206.4 203.6
388.2 388.9 387.9 385.2 384.7 384.4 383.4 383.6 383.3 384.9 389.8 394 398.8 404.9 410.2 413 414.9 417.7 420.2 422.5 425.5 428.4 431.4 433 434.5 436.2 435.8 434.1 432.5 430.4 428.9 426 421.5 417 413.2 408.6 405.9 399.7 392 375.6 371.9 366.5 356.8 344.5 338.9 335.5 328.9 325.1 318.3 310.3 302.8 295.5 290.9 282.4 277.1 272.9 269.7 265.9 259.5 257.1 254 249.8 245.8 239.9 233.3 226.2 221.4 217.6 212.8 204.5 201.4 208.5 209.9 209.8 212.9 213.8 209.6 205.8
395.8 396.3 395.2 391.3 391.9 386.7 391.6 391.9 391.9 394 399.8 405 410.7 416.3 420.5 422.9 424.7 427.1 429.2 431.8 436.3 439.7 442.8 443.5 443.7 445.3 443.8 441.9 441 439.5 436.8 433.2 428.6 423.6 419.2 414.8 411.3 406.8 400.8 394.6 375.8 369 360.6 352.2 345.4 340.9 333.9 328.1 320.1 311.3 303.9 296 289.1 283.2 278 270.4 263 261.3 259.8 257.8 253 247.9 239.6 231.9 224.8 224.7 219.7 214 209.1 204.2 210.5 212.3 211.3 211.6 215.4 215.5 210 203.9
