data/360000-490000.asc
ncols 200
nrows 200
xllcorner 360000
yllcorner 490000
cellsize 50
[rows 105 to 139 of 200, columns 0 to 77 of 200]
222 219.7 220.9 222.6 225.1 231 236.9 242 246.9 251 253.6 257.6 261.8 268.7 278.4 287.3 293 293.8 292.4 292.5 296 299.3 303.3 300.7 294.1 289.9 287.2 284.7 283.4 280.7 277.3 273.8 267.7 267.1 266.6 272.4 278.3 281.7 280.9 275.3 271.7 271.3 265.9 257 249.4 234.3 219.2 203.6 188.6 179.7 162.8 155.3 137.8 112.6 116.1 116.1 122.3 139.4 140 140.1 140.8 143.2 145.8 142.7 141.3 145.1 148.6 152.4 157.1 160.1 162.8 166.6 169.1 169.7 176.1 181.6 183.7 191.6
221.7 222.5 222.8 223.4 227.3 232.3 236.8 241.1 246.7 251.1 253.5 258 263.7 270.7 279.3 285.8 289.5 290.4 289.6 292 299.4 305.3 303.7 300.3 297.9 297.2 297.1 295.2 292.2 289.3 285.9 282.2 275.8 273.5 273.6 276.9 281.5 286 283.8 280.2 275.3 268.3 262.2 260.1 254.7 241.7 226.9 206.7 190.8 176.6 163.3 152 142.2 118.2 116.3 116.1 117.1 138.1 140.2 141.2 139.6 141.6 141.4 139.7 142.6 145.9 149.3 154.1 159.1 162.2 165.4 167.4 168.1 171.2 178.2 184.4 187.9 194.1
226.5 225.3 224.9 230.3 234.4 234.7 238.2 241.2 244.1 248.1 253.4 258.2 264.6 271.8 279.8 283.8 285.7 286.2 285.8 291.5 298.4 300.8 298.9 296.6 297.9 301.4 304.2 304.6 301.8 299.8 296.6 290.2 284.8 283 282.2 286.2 287.7 290.6 287.1 284.2 280 269.8 261.9 257.6 252.4 242.3 228.8 208.5 192 177.7 164.1 152.6 141.9 127.4 112.7 116.3 115.3 135.3 136.7 137.9 134.8 135.9 140.1 140.8 143.7 147 150.2 155.9 159.9 163.1 166 167.1 168.4 172.6 177.2 180.8 184.8 192.6
230.9 226.3 227.5 231.8 236.1 237.6 239.1 241.6 243.7 248.7 253.7 259.8 267.2 274.8 280.1 282.6 283 283.1 285.3 289.9 295.8 295.2 294.1 293.6 297 302.5 306.7 309.2 311 308.5 304 296.5 294.4 290.2 295.3 299.8 298.6 301.5 297.9 287.7 282.6 271.4 263.2 253.8 242.3 233.2 221.4 208.3 193.3 179.3 165.7 153.7 143 133.1 117.5 109.7 115.6 120.5 128.2 127.5 133.4 140.6 140.9 141.2 144.5 148.6 152.6 158 162.9 164.6 166.1 167.7 169.5 174.9 178.1 178.8 181.5 185.8
233.9 227.3 230.2 233.5 237.4 238.4 239.5 243.1 244.6 250.3 254.8 262.8 270.2 278.3 283.6 281.2 281.1 282.3 286.1 290.2 291.6 290.3 290.1 290.7 295.9 301.2 308 313 315.6 313.6 310.6 306.9 302.1 297.9 302.3 308.6 307.3 310.7 301.2 290.7 280.9 269 262.6 253.7 242.1 233 221.9 208.8 193.5 178.2 164.9 153.7 143.5 135.3 118.6 112.8 113.2 115.8 117.1 123 132.2 141.3 139.5 139.4 142.8 149.4 155.9 162.1 169.4 168.7 168 168.9 170.6 174.6 175.2 177.5 178.5 180.9
235 228.3 231.7 235.4 240.5 243.9 246.3 247.2 246.6 251.6 257.9 266 274.4 283 284 281.2 279.3 281.9 285.9 289.1 290.3 289.1 289.3 290 295.9 302 310.6 316 320.1 319.2 315.8 313.1 307.7 302.6 304 308.2 311.8 309.8 301.5 292.2 276.8 265.8 257.3 248.3 237 224.9 215.8 206.4 194.1 179.9 168.6 157.2 146 141.3 126.2 116.1 108.9 115.1 116.3 122.1 127.8 133.8 137.4 141.1 148.1 155.4 159.5 167.5 170.6 166.5 165.6 169.6 172 174.3 176.1 181.4 184 185.3
235.4 228.2 234.2 240.5 244.8 249 252.7 254.1 258.5 260.9 265.1 272.1 280.9 287.6 284 280.2 279.4 282.4 285.6 289.3 289 289 289.5 292.4 298 303.9 311.7 316.7 318.9 324 320.4 314.9 308.9 303.6 302.9 308.4 311.4 303.7 295.5 286.4 271.8 260 251 244 236.5 226.8 214.3 203.6 190.5 181.2 172.6 161.8 150.2 143.2 130 119.9 111.8 114.2 114.2 122.7 137.8 141.8 142.5 146.7 156.8 153.6 159.3 164.4 169.6 168 166.1 170.6 171 174.3 179.5 186.3 188.7 190.2
235.3 229.3 237.4 240.9 246.1 251.5 256.8 260.9 264.8 268.8 270 276.7 282.7 287.3 283.7 279.6 280.5 284.3 287.7 289 289.9 290 290.7 294.6 299.7 305.8 312.7 315.8 318.5 320.7 318.3 311.9 305.2 300.2 299.2 303.3 302 296.9 285 274.9 265.1 254.9 246.6 241.4 234.3 226.3 213.2 201.9 188.7 180 174.1 166.7 157.1 146.4 134.5 122.1 114.3 108.5 114.1 119 139.3 144.8 148.3 150.5 152.7 151.2 158.9 161.7 164.9 162.4 164.9 170.1 173.5 177.3 180.8 187.6 190.6 189.2
233.5 231.1 240.2 243.6 247.7 256.4 261.1 263 268.6 273.2 274.8 280.8 285.8 285.4 280.5 279.6 283 286.9 290.3 292.2 291.8 291.7 294.3 297.3 300.3 304.7 310.3 312.8 314.5 316.9 312.8 306.8 300.8 297.5 297.6 295.8 291.4 283.9 274.9 264.6 257.4 251 244.1 238.9 231.9 223.9 211.9 201.2 188.8 183.6 177.7 170.4 160.7 149.1 137.5 124.6 114.2 108.1 113 117.2 136.6 140.1 144.5 147.9 149.7 156.4 157.9 162.8 162.4 162.6 167.2 170.6 174.5 181.6 182.3 186.5 190.7 190.1
231.2 234.4 243 246.5 252.4 259.8 260.2 262.9 268 270.6 273.2 279.3 280.3 279.3 279.4 282.5 285.5 289.4 294.4 297 293.8 291.1 293.6 296.5 300.1 303.4 306.4 308.8 310.5 311.2 306.6 300.6 295.2 293.9 292.4 286.4 280.1 274.3 265.5 257.5 252.7 248.4 242.4 235.7 229.9 222.7 211.3 199.5 190.8 185.3 181.3 174.1 164.5 151.7 138.9 124.6 117.3 112.1 112.3 116.9 133.4 137.3 141.8 146.2 154.7 152.6 154.7 155.4 156.6 160 167.2 170.9 175.9 181.8 181.5 185.7 188.5 190
231.9 237.8 247.9 252.1 255.3 257.9 258.9 261.8 263.4 265.3 269.1 275.5 278 275.9 280.4 285.7 290.7 296.1 300.7 299.5 296.5 291.1 292.7 295.4 298.9 301 303.2 304.5 306.3 305.4 300.6 296.3 290.9 289.4 287.4 280.4 272.5 265 258.1 251.7 248 244.4 238.8 231.7 226.6 222.4 213.5 199.3 190.8 184.6 177.9 172.3 164 153 140.8 132.1 118.7 113.4 110.5 115.4 132.3 137.5 139.5 142.4 142.1 145.8 150.7 159.3 161.5 166 169.4 174.9 179.3 180.8 180.3 181.8 184.3 190.4
232.9 240.7 249.4 251.7 254.7 255.4 257.3 259.9 264.2 269.5 272.3 274.9 277.2 279.4 284.4 290.9 297.9 303.6 301.2 299.5 296 291.3 291 293.6 295.8 297.7 300.3 301 300.6 299 297.7 293.7 288.4 284.2 281.2 274.9 268.6 262.2 252.1 246 240.4 239.2 234.9 229.3 223.7 219.2 211.4 197.5 184.1 180.5 174.3 169.8 163 151.1 141.8 129.5 118.2 112.6 105.9 115.1 133 139.5 141 140 139.6 145.7 153.1 160.2 166.6 170.2 173 178 179.6 180.8 180.1 180.6 185.4 183.7
233.9 244.7 248.3 250.3 253.2 253.2 257.8 261.5 267.3 272.9 276.6 278.9 281.3 284.2 288.8 296.9 304.3 310.2 303.1 298.1 294.1 291 290.2 290.3 291.4 292.8 295 296.3 295.7 293.6 294.5 291.2 286 280.1 275.7 271.4 265.3 260.4 255.6 249.5 244.4 240.2 229.7 227.6 222.8 216.5 212.6 204.3 196.2 190 182.1 175.3 168.9 158.2 144.8 130.2 117.4 113.2 110.3 113.7 136.4 143.6 142.9 139.1 139.8 145.6 152.1 159.7 169.4 171.4 177.3 179.8 179.8 180.9 180 180 179.6 187.6
235.1 248.6 249 251.3 252 254.3 259.5 262.3 268.7 273.8 278.2 282.1 288.3 290 294.2 302.2 308.4 311.6 304.9 299.9 295.4 290.7 290.3 291.1 290.8 288.2 288.9 290.4 290.6 290.1 291 288.7 283.3 276.9 272.1 269.8 267.8 266.3 262.3 256.4 250.7 245.1 238.8 233.4 228 223.4 218.4 211.2 206.2 198.1 187.3 179.2 172.4 161.5 145.9 134.9 124.5 112.7 111.6 112.6 134.5 143.9 145.7 137 139.6 146.3 153.6 161.8 171 180.5 182.7 181.8 181.6 181.6 179.7 178.2 178.9 186.4
238.2 244.4 249.4 251.8 248.1 252 257.2 262.9 269 274.5 280.4 286.3 291 292.3 297.8 305.7 314.2 313.7 308.8 303.1 297.2 291.2 288.9 289.3 289.7 286.5 283.6 285.3 285.6 286.1 286.5 284.6 280.4 275.9 270.6 273 273.1 272 269.2 265.9 261.7 255.4 250.4 243.2 237.4 233 225.4 219.5 213 205.2 194.3 183.9 173.4 161.3 150.1 138.7 128.4 113.5 111.9 112.6 133.7 140.3 140.5 134.8 139.7 146 157.4 165.1 175.9 183.3 184.6 185.7 183 182.9 182.9 175.1 176 180.2
238 239.5 249.2 249.2 246.5 251.5 257.4 263.4 269.4 275.6 282.4 287.9 291.5 293.9 300.7 308.9 316.8 312.3 309.4 303.8 297.9 291.8 288.5 287.2 287.1 284.9 281.7 280.2 281.4 281.9 281.4 280 277.3 273.3 268.9 271.8 276.9 278.1 277.6 279.4 273.3 266.8 265.1 259 251.3 243.6 237.1 230.5 220.9 209.5 199 186.7 174.5 165 155.6 143.4 132 117.6 112 107.7 129.5 126 125.8 133 138.5 144.8 154 167.5 181.9 186.1 185 185.8 185.6 183.6 181.3 177.3 172.9 173.5
237.1 243.3 248.9 246.5 246.2 250.4 258.6 266.2 272.7 277.5 284.6 289.9 292.1 297.2 304.9 311.9 312.7 311.7 308.9 304.8 298.9 292.6 288.5 286.7 284.6 282.9 280.4 278.8 279.4 278 278.3 278.4 274.4 269.9 267.2 272 277.9 280 281 284.1 281.1 279.9 280.8 273.3 264.7 256.7 254.5 245.5 229.6 213.9 202.7 192.3 180.4 168.2 155.6 144.1 131.9 118.9 112.1 107.5 120.1 129.7 126.9 131.6 136.8 144.2 154.3 166.5 176.1 180.7 183.1 184.7 184 181.8 178.6 177 170.2 166.4
236.5 242.1 245 241.9 245 254.5 262.6 270.4 274.8 279.2 285.1 292.8 295 299.7 307.8 310.8 310.4 309.8 307.9 303.7 298.8 292.2 290.2 289.3 284.4 280.5 278.6 278.3 279.4 277.8 276.6 275.4 270.9 266.3 266.6 270.6 275.2 279.4 284.8 287.9 286.6 288.8 290.1 284.9 277.5 272.2 269 259.5 239.9 221 207.8 197.2 185.5 171.7 157.1 146.8 132.6 118.9 112.1 108.9 113.5 118 128.8 134.1 138.5 143.5 151.5 164.2 173.7 179 181.5 182.1 181.6 180.8 177.1 172.3 169.9 163.9
235.9 241.7 240.8 240.4 247.9 257.2 266.1 272.6 276.4 279.7 286.4 293.2 299.1 302.5 308.2 309.5 307.3 307.2 306 301.3 296.5 292.3 291.4 289.8 284.1 278.1 276.2 276.4 276.4 274.9 272.4 270.6 266.6 262.2 267.1 270.1 273.7 279.6 286.8 291.1 294.8 298.7 298.6 294 287.8 279.7 276 268 251.4 226.1 210.1 197.3 185.5 172.7 160.8 151.3 137.1 121 113.7 103.8 113.4 129.7 134.3 136.5 138.6 145.8 155.4 164.5 171.9 179.9 180.8 181.3 179.7 176.5 173.8 170.2 167.3 162
235.1 237.1 240 247 249.4 259.2 268.4 274.8 277.7 281.4 287.8 294.6 300.2 303.8 308.7 307.2 305.3 304.7 304.7 300.6 295.9 293.2 292.4 289.9 283.6 278.1 275.4 271.3 269.4 268.8 267.6 265.5 261.8 259.6 263.1 267.4 273.1 279.8 286.6 293.2 299 303.2 304.5 300.2 295.6 287.2 282.6 273.9 255.9 234.1 212.4 200.3 187.5 174.4 162.6 151.2 141.2 128 113.5 108.6 112.7 128.4 134.6 137 141.8 149.3 156.9 165 172.1 177 179 179.3 176.2 173 170.1 167.4 162.3 160.7
234.2 237.5 243.6 249.4 250.8 261.7 269.8 275.1 281.3 285.1 290.4 296.3 301.3 304.9 307.1 304.8 304 304.6 303.2 299.2 295.2 295.3 295.3 291.1 284 279.7 278.1 275.1 268.5 261.4 261 260.4 257.1 256.7 262.9 266.1 275.1 280.7 284.9 291.9 298.5 304.4 304.1 302 302.6 288.8 284.9 277.2 262.6 242.5 220.4 205.8 191.3 176.5 163.5 154.9 146.1 130.3 116.4 110.5 105.6 124.6 133.1 138.5 144 151.2 158.8 165.3 172.2 174 175.8 176.2 172.7 169.5 166.9 165.1 159.9 158.9
235.8 242.6 246.6 250.8 255.4 264 271.4 278.8 283.9 288.4 293.8 298.5 301.7 304.2 303.7 301.6 301.4 305.5 302.2 298.7 297.1 298.1 299 292.2 283.5 280.8 279.1 275.3 268.7 261.5 259.5 258 255.7 255.5 258 262.6 270.3 275.8 280.6 287.9 296.4 299.3 299.2 302.5 298.7 289.8 282.3 280.6 269.5 251.2 230 210.1 195.8 180.8 166.1 154.5 146.7 131.8 118.5 111.2 103.5 121.8 129.9 134.2 144.4 151.9 156.8 162 169.6 172.3 172.9 173 169.7 165.7 163.1 159.4 154.5 161.1
241.7 246.9 248.6 253.4 257.8 265.1 273.1 280.6 285.8 289.9 294.4 299.4 302.9 303.1 301.9 298.6 302.6 307.4 302.2 298.8 298.9 300.2 298.5 292 282.9 280.2 277.6 273.6 269.1 263.1 259.5 256.7 254.6 254.3 257.5 259.2 266.3 271.3 277.8 286.8 292.3 294.4 298.3 303.7 298.2 290.5 281.7 277.7 269.6 257.6 241.7 220.2 199.4 183.6 170.7 156.4 145.8 132 119.2 111.9 103.8 121 130.1 132.2 138.3 146 152.6 160.9 166.4 168.9 167.2 164.1 163.2 161.4 151.9 151.9 154.2 157.9
244.8 246 246 252.2 259.3 266.6 274.4 282.1 287.4 291.5 296.1 301.8 302.9 301.7 299.5 298.1 305.2 308.5 305.5 299.7 301.1 301.2 298.4 291.4 286 281.2 276.4 272.3 268.8 265 260 255.9 253.8 253.9 254.7 254.8 262.6 268.6 273.7 282 285.8 291 301.2 301.9 298.9 290.7 280.8 273.7 269.5 262.3 251.1 226.1 203.3 185.9 173.4 158.9 145.6 132.8 120.6 112.6 103.1 117.4 131.1 132.9 135.6 143.4 149.9 156.4 162.6 163.5 161.4 163.9 158.3 155.8 147.8 155.4 163.2 162.7
246.3 246.4 245.6 252.4 259.8 268.2 276.4 285.9 291.5 294.5 299.4 303.2 301.7 300.6 299.5 299.9 305.4 308.8 307.2 302.3 301.3 300.6 297.5 291.1 287.2 282.8 280 274.1 270 267 262.6 257.7 252.9 253 253.6 252.4 260.3 265 269.7 275.4 280.4 288.6 300.4 296.8 295.5 289.6 279.6 269.1 263.5 259.4 245.8 230.6 207 187.9 176 157.5 146 135.1 121 111.7 103.3 113.2 119.4 125.4 130.9 137.1 145.5 159.2 161.1 156.5 160.8 161.7 153.9 146.9 150 160.5 165.1 167.5
245.5 243.7 245.4 252.1 260.3 269.6 280 290.9 295.5 298.8 302.6 303.6 300.4 298.5 298 300.4 305.4 307.5 307.8 304.8 301.4 301 294.6 290 284.8 280.6 279.3 274.7 270.7 269.3 265.3 259.7 254.5 251.8 252.3 251.5 258.2 260.8 265.6 271.8 279.5 284.5 286.8 288.6 294.5 288.2 273.8 263 257.8 250.4 238.2 222.7 205.6 188.7 174.2 163.6 149.7 138.2 123.4 109.9 103.5 117.2 127.3 127.4 133.6 135.9 145.3 157.8 154.1 149.5 146.1 146.2 148 144.9 153.7 163.6 163.8 169.6
244.3 244.2 246.8 252.7 261.4 272 283 291.2 294.7 298.3 301.4 301.8 298.6 295.5 297.4 300 304.2 305 305.2 303.9 301.1 297.6 290.7 285 281.3 278.8 275.9 272.7 273.9 274.2 268.1 260.6 256 252.7 251.3 251.8 252.6 257.3 262.8 268.8 274.7 278.1 279.3 281.3 287 280 267.8 259.2 253 247.2 235.1 222.5 208.3 193.6 182 170.9 156.8 142.7 130 109.2 104.1 116.6 127 129.9 132.8 132 140 144.1 146.2 151.1 148.3 145.1 140.5 146.5 159.7 162.2 167.6 176
244.3 247.6 250.9 255.4 264.6 274.1 284.2 286.7 289.8 294.3 297 297.8 295.4 292.7 296.7 300.1 302.9 305.1 304.1 302.6 300.8 296 288.7 289.1 279.6 275.1 272.6 272.5 279.3 276.1 269.2 260.6 256.9 253.9 253.4 247.7 248.5 255.1 261.8 267.3 270.5 271.8 272.6 274 274 271.1 264.1 257.6 252 247.2 238.8 226.8 212.6 199 185.7 174 160.8 146.7 131 111.1 104.4 113.8 122.9 124.1 125.9 128.3 131 136.3 138.6 141.9 145 137.9 141.8 151.9 157.3 161.6 169.7 178.3
247.1 250.5 253.9 258.6 266.5 275.5 282.3 283.3 284.5 290.2 292.4 292.5 290 290.8 294.4 299.2 302.6 305.9 304.1 302.8 301.5 297 293.7 291.1 280.9 273.7 269.8 272.6 278.4 275.6 268 259.1 257.9 255.8 253.2 250 242.5 248.3 257.3 262.4 265 264.7 265 266.8 264.6 264.1 261.7 256 252.2 254.1 244.1 232.7 219.1 205.5 191.9 179.3 166.8 150.7 132.5 122 103.9 109 119 129.4 134 137.9 135.4 131 133.1 136.8 133.1 136.8 144.7 152.9 158.1 164.9 172.1 179
252.3 255.2 257.9 260.5 268 274.9 278 280 284.8 290.4 291.2 289.7 288.9 288.9 292.1 296.6 302.9 305.8 304.1 302.8 301.2 296 296.4 288.8 280.8 271 263.7 269.3 273.2 271.5 265.5 261 261.3 261.3 256.4 248.8 239.3 243.8 251.5 256 257.5 258.4 258.2 258.7 258.7 260.3 258.5 254.5 260 258.4 248.8 238.7 226.5 212.7 198.6 183 169.8 154.8 134 125.6 109.2 102.2 118.4 132.1 136.9 136.9 138.9 131.9 130.7 132 132.5 138.8 145.4 153.3 159.7 167.9 175 180.7
257 260.3 260.4 263.5 268.3 273.2 277.7 280 286 291 292.7 288.9 287.2 288.1 290.3 297.3 301.9 302.8 305.4 301 297.7 294.2 290.7 286.4 279.2 272.8 262.8 262 266.8 265.1 261.5 262.7 265.8 262.7 256.2 246 236.5 241.4 247 251.3 252.3 253 251.9 251.7 250.5 252.6 253.4 252.4 257.3 259.6 252.1 241.6 230.9 219.7 202.9 188.3 171.8 156.2 135.2 122.7 112 100.4 113.8 132.6 139.4 141.5 135.1 131.7 125.4 129.4 135.5 140.6 147.1 154.7 161.8 169.3 177.1 183.6
260 261 262.6 264.4 266.2 270.9 275.6 280.7 288.5 293.8 293.1 288.8 286.5 287.8 290.9 299.7 301.1 302.4 301.7 298.4 295.5 292.2 287.8 283.3 279.9 273.9 265.7 255.4 256.6 255.6 255.4 259.4 263.5 258.3 251.4 245.2 234.6 239.3 243.3 244.8 247.1 247.7 248.6 247.2 246.2 246.6 253.6 250.4 251.7 251.4 247.8 236.3 225.1 216 204.9 187.2 175 158.9 139.1 128.5 111.8 101.1 109.9 129.5 138 140.9 135.5 127.9 126 131.3 138.1 142.8 148.3 155.8 164.1 170.9 179.2 188.3
260.5 262.5 264.9 263.8 262.1 267.2 273.8 282.6 292.7 293.7 291.6 287.9 286.3 287 291.6 298.9 299.2 299.8 300.6 298.7 291.7 288.2 285.8 281.6 280.6 274.4 267.7 259.4 251.9 245.7 247.8 252.2 255.8 252.9 246.6 241.8 234.5 237.6 239.6 240 241.8 244.2 245 243.7 242.8 243.3 246.2 246.7 244.2 242.9 238.5 233 221.6 212.7 202.2 187.8 174.7 158 138.4 120.7 124.3 100.8 109.2 127.7 133.3 131.3 122 123.5 128.4 133.1 138.2 143.6 149.4 158.2 167.9 173.3 181.8 192.7
261.9 264.5 267.3 263.4 258.3 262.9 272.5 278.1 285.4 288.6 287.2 285.4 290.8 290.2 291.9 296.8 300.4 299.6 298.3 295.9 288.1 283.6 280.7 280.5 280.6 274.5 267 259.2 252.8 246.6 240.9 245.1 246.8 243.8 239.9 236.1 231.7 235.3 235.7 235.4 236.5 240.5 240.9 241.3 241.7 241.8 240.8 240.7 239.6 236.2 230.8 229.8 220.1 213.7 202.4 187.3 171.5 156.6 135.8 118.6 109.5 100.8 110.1 127.5 125.8 118.3 121.7 130.8 130.7 131.6 136.5 141.9 149.5 160.4 168.9 175.8 182.1 188.5
263.9 267.2 266.1 261.8 258.3 263.5 268.4 273.3 277.5 279.7 280.4 285 291.5 291.1 290.3 293.6 294.5 294 294.1 292.4 283.4 277.1 275.9 277.4 278.3 273.1 267.3 257.1 250.3 244.5 236.2 238.2 237 234.9 231.5 229.3 231.1 234.3 232.8 232.2 233.5 237.1 238.3 238.9 239.8 240.8 238.6 238.1 236.3 232.3 229 222.7 210.8 204.8 195 180 168.4 155.2 133.8 113.9 106.5 103.4 111.9 123.6 112.6 123.8 129.2 131.2 131 131.2 137.4 141.5 150 162.5 169 179.5 184.8 186.5
