data/360000-670000.asc
ncols 200
nrows 200
xllcorner 360000
yllcorner 670000
cellsize 50
[rows 0 to 35 of 200, columns 0 to 81 of 200]
16 16.4 17.4 17.7 17.1 16.3 17 16.9 17.6 17.7 17.8 18.8 20.8 20.9 20.5 20.2 19.5 19.1 18.7 18 16.9 15.7 14.6 14.3 13.9 13.9 13 12.6 12.2 12 12.9 14 13.6 13.5 14.3 15.2 15.2 15.5 16.3 16.3 15.5 14.6 14.1 13.1 10.5 10.3 10.3 10.2 10.2 10.3 10.6 10.4 9.4 6.9 7.2 7.1 7 6.4 6 5.6 5.2 4.8 2.4 2.1 2.4 2.4 2.4 2.4 3 4.4 3.7 2.1 1.6 1.1 0.6 0.2 -0.3 -0.8 -1.3 -2.1 -2.1 0.5
17 17.7 18.4 18.5 18.6 18.1 18.2 17.8 17.5 18.7 19 19.6 20 20.7 20.1 19.3 18.4 18.2 17.8 16.7 16.3 16 15.9 15.9 15.7 15.7 14.1 14.4 14.8 14.8 15 16.8 17.3 17.6 17.6 18.1 17.8 16.9 17.2 17.8 15.8 15 14.2 12.6 10.5 10.3 10.1 10 9.8 9.6 9.5 9.3 8.7 7.3 7 6.8 6.9 6 5.2 4.4 4 3.6 2.3 2.3 2.4 2.1 2.4 2.4 2.4 3.3 3 2.4 1.9 1.4 0.9 0.4 -0.2 -0.7 -1.3 -2.1 -2.1 0.7
18.3 19 19.8 20 19.9 19.7 19.7 18.9 19.3 20.2 20.5 21 20.3 19.7 19 18.5 18.2 18.2 18.8 18.1 17.4 17.7 18 17.9 17.8 18 16.2 17 19.3 20 20.4 20.9 20.5 20.1 19.6 19.3 19.1 18.6 18.3 18.4 15.7 14.5 13.3 11.8 10.5 10.2 10.1 10 9.8 9.3 8.8 8.6 8.6 8.5 7.8 6.5 5.7 5.2 4.9 4.1 3.5 2.8 2.2 2 2.4 2.4 0.9 0.7 2.3 2.8 3 2.7 2.1 1.6 1 0.5 -0.1 -0.7 -1.2 -2.1 -2.1 0.2
19.9 20.5 21.1 21.7 21.6 21.2 20.9 20.7 21.9 22.8 23 23.2 21.8 21.2 21.2 21 20.8 20.8 21.2 20.8 19.7 19.7 20 20.2 20.2 19.2 16.5 21.7 21.7 22.4 21.7 21.8 20.8 20.4 20.6 20.3 19.9 19.6 18.4 17.3 14.9 13.7 12.4 10.7 10.2 9.1 9.2 9 8.9 8.9 8.3 8.2 8.3 7.2 6 5.2 4.6 4.3 4.4 4.2 3.6 3.1 2 2.2 2.3 2.4 0.4 -2.1 1.1 2.6 2.4 2.7 2.3 1.8 1.2 0.6 0 -0.6 -1.2 -2.1 -2.1 -0.2
21.3 21.7 22.4 23.1 23.9 23.1 22.9 23.5 24.5 25.5 25.8 26.1 24.8 25.2 23.9 23.5 23.5 23.6 23.6 23.3 22.5 21.6 21.9 22.3 22.6 18.9 17.2 22.4 22.8 22.7 22.8 22.4 21.5 20.5 20.5 20.1 19 17.5 17.2 16.2 14.1 12.5 11.2 9.7 8.9 8 8 8.1 8 8 7.9 7.8 7.5 6.4 6.7 4.8 4.3 4.7 4.7 4.3 4 3.5 2 2.2 2.3 2 0.3 -2.1 -2.1 2.6 3.4 3.2 2.6 2.1 1.5 0.9 0.1 -0.6 -1.3 -2.1 -2.1 -0.4
22.3 22.7 23.6 24.9 26.5 27.7 28.8 28.7 29.8 30.4 30.1 29.8 29.1 29.8 28.3 27.7 27.1 26.4 25.9 25.5 24.9 24 23.9 23.7 22.8 19.2 16.7 20.8 22.6 22.7 22.8 22 21.6 21 19.6 18.1 16.3 15.5 15.4 14.8 13.4 11.5 10.1 8.1 7.2 6.9 6.9 6.9 6.8 7.4 7.2 7.3 6.7 7 6.4 4.7 4.6 4.5 4.4 3.9 3.8 3.5 2 2.2 2.3 2.2 0.6 -1 -2.1 2.2 3.3 3.3 2.8 3.1 1.9 1.1 0.2 -0.6 -2.1 -2.1 -1.6 -0.7
34.3 39.8 41.5 40.8 42 42.6 42.4 41.9 40.2 39.8 39.4 38.6 37.5 36 34.1 32.6 30.3 28.6 28.5 28.2 27.3 26.5 26.3 24.7 23.5 19.6 16.9 17.4 19.7 21 20.3 20.2 19.6 18.2 15.4 14.1 13.7 13.5 13.3 13 11.9 10.2 7.3 6.4 6 5.8 5.4 5.1 5.7 6.9 6.7 6.9 5.9 4.9 4.2 4.2 4.2 4.1 4 3.7 3.8 2.7 2.1 2.2 2.4 1.7 0.4 -1 -2.1 0.6 2.2 2.8 3.8 3.3 2.3 1.1 0.1 -1 -2.1 -2.1 -1.4 -0.9
43.4 45.6 46.3 47.2 48.3 52.3 53.9 55.2 54.4 51.6 48.4 45 42.1 38.3 35.2 32.5 31.2 30.9 30.6 30.2 28.7 27.8 27.5 25.5 23.1 21 18.4 16.8 16.4 16.7 16.5 16.5 15.3 14.7 14.1 12.9 12.7 11.7 11.5 10.8 9 7.1 6 5.4 3.1 2.8 2.9 4.8 4.9 6.3 6.5 6.9 4.7 3.6 3.4 3.4 3.4 3.4 3.6 3.5 3.8 2 2.1 2.3 2.4 1.4 0.3 -0.9 -2.1 -2.1 -2.1 2.2 2.8 2.4 2.4 0.9 -0.3 -2.1 -2.1 -1.7 -1.1 -0.6
48 48.7 48.8 49.7 50.8 51.4 53.6 55.2 56.3 55.2 49.4 45.7 42.4 38.3 34.6 32 32 31.8 31.4 29.9 28.3 27.4 25.7 24 21.8 20.8 18.6 17.4 16.5 16.4 15.6 15.3 14.6 13.5 12.3 12.1 10.9 9.3 9.4 7.5 5.7 5.5 5 2.7 2.9 -2.1 -2.1 -2.1 4.8 6.2 6.5 6.1 3.8 3.6 3.4 3.3 3.3 3.3 3.4 3 3.6 2 2.2 2.3 2.4 1.2 0.1 -0.6 -1.4 -2.1 -2.1 -2.1 2.3 3 2.6 0.3 -2.1 -2.1 -2.1 -1.5 -0.8 -0.3
48.7 50 51 51.9 52.6 53.2 53.9 55 56.4 57.8 50.8 45.6 41.9 37.1 33.3 31.3 31.5 30.6 29.6 28.5 26.9 25.6 23.9 22.5 20.6 20 18.5 17.4 16.7 16.1 15.1 14.3 13.5 12.7 11.9 10.1 8.6 6.8 6 -2.1 -2.1 -2.1 -2.1 -2.1 -2.1 2.2 2.8 2.8 -2.1 5.8 6.8 6.1 4 3.7 3.4 3.2 3.2 3.3 3 2.5 2.2 2.1 2.3 2.4 2 1.2 0.4 -0.4 -1.2 -2 -2.1 -2.1 -2.1 3.8 2.5 -2.1 -2.1 -2.1 -2.1 -1.3 -0.7 0
48.4 49.2 50.2 50.5 51.7 52.4 53.3 54.9 55.7 52.8 56.2 47.8 43.2 38.7 33.6 30.4 29.9 29.5 28.3 27.2 25.8 23.8 22.3 21 19.5 18.7 17.7 16.9 16.3 16 14.9 12.8 11.5 10.2 9.2 8.2 6.1 -2.1 -2.1 -2.1 -2.1 -2.1 -2.1 -2.1 -2.1 2.7 2.8 2.8 -2.1 -2.1 7.6 4.3 3.3 3.2 3.4 3.2 3.2 2.9 2.5 2 1.8 2.2 2.4 2.4 1.7 1.2 0.7 -0.1 -0.9 -1.7 -2.1 -2.1 -2.1 0 -2.1 -2.1 -2.1 -2.1 -2.1 -1.2 -0.5 0.1
47.4 47.6 49.4 49.5 50.7 51.8 53 54.3 53.8 55.4 54.8 47.5 42 37.2 32.8 30.4 29.9 28.7 27.4 26.6 23.9 21.8 19.9 18.3 17.7 15.3 14.6 14 12.8 11.9 11.2 9.9 8.4 8.4 8.2 6.8 -2.1 -2.1 2.5 2.8 2.7 2.4 2.6 2.9 2.5 2.3 2.4 2.5 -2.1 -2.1 8 3.5 3.2 2.7 2.7 2.9 3 2.8 2.5 2.2 2.3 2.4 2.4 1.9 1.2 0.6 0.2 -0.2 -0.7 -1.4 -2.1 -2.1 -2.1 -2.1 -2.1 -2.1 -2 -1.6 -1.2 -0.7 -0.1 0.5
46.1 48.5 49.6 50.6 51.6 52.1 52.6 53.5 54.5 55.2 52.6 48.9 41.9 37.8 32.4 30.3 27.9 26.2 24.6 22.8 20 16.9 15.5 13.9 14.2 12.9 12 11 9.8 9.5 8.3 8.2 8 8.2 7.1 4.9 -2.1 -2.1 2.8 3.2 3.2 2.5 2.4 2.4 2.2 1.9 2.1 2.4 -2.1 -2.1 4.8 4 2.7 2.9 3 3.1 2.4 2.4 2.4 2.4 2.4 1.6 1.5 1.2 0.4 0.1 -0.4 -0.8 -1.2 -1.7 -2.1 -2.1 -2.1 -2.1 -2.1 -2.1 -1.4 -1 -0.6 -0.2 0.4 1
46.2 47.4 48.8 50.1 50.8 51.5 52 52.8 53.6 52.4 51.8 48.3 42 36.5 31 27 24.6 22.5 20.6 18.5 16.9 14.3 13.2 10.5 10.7 10.8 9 7.9 7.5 7.2 6.5 6.6 6.8 5.7 5.3 -2.1 -2.1 3 3.2 3.5 3.6 1.8 1.7 1.6 1.9 3 2.3 -2.1 -2.1 -2.1 2.7 2.5 2.5 2.8 3.1 2.5 2 2.2 2.4 2.4 1.7 0.5 0.5 0.2 -0.3 -0.8 -1.1 -1.4 -1.8 -2.1 -2.1 -2.1 -2.1 -2.1 -2.1 -2.1 -1.3 -0.5 0 0.4 0.9 1.5
45.2 46.3 47.7 48.9 49.8 50.5 51.2 51 51.6 50.3 48 44 38.5 32.7 27.5 24 21.2 18.8 16.7 15.2 13.6 11.5 9.8 7 7.6 7.9 6.2 5.7 5.4 5 4.7 5 5.1 4.9 5 -2.1 3.1 3.7 3.1 2.1 1.8 1.8 1.7 2.3 2.2 1.9 1.8 -2.1 -2.1 -2.1 2 2.3 2.4 2.4 2.5 2.3 2.3 2.4 2.4 2.1 0.4 -0.5 -0.5 -0.8 -1.2 -2.1 -2.1 -2.1 -2.1 -2.1 -2.1 -2.1 -2.1 -2.1 -2.1 -2.1 -1.6 -0.6 0.4 1 1.4 2
43.4 45 46.4 47.8 48.8 49 49 48.7 48 46 43 39.6 34.2 28.9 24.3 21.1 17.9 15.6 13.6 12.2 10.7 9.2 7 6.8 7.1 5.5 5.4 5.4 5.1 4.8 4.5 4.5 4.8 4.6 -2.1 -2.1 2.7 2.8 2.3 2.5 2.3 1.8 1.9 2.1 1.9 1.7 1.5 1.3 1.5 -2.1 -2.1 -2.1 -2.1 -2.1 -2.1 2.4 2.1 2.4 2.4 1.5 -0.6 -2.1 -1.6 -2.1 -2.1 -2.1 -2.1 -2.1 -2.1 -2.1 -2.1 -2.1 -2.1 -2.1 -2.1 -2.1 -1.8 -0.9 0.1 1.1 1.9 2.5
41.7 43.3 44.6 45.8 46.2 45.9 45.2 44.5 43.4 40.9 38.8 35.1 30.7 26.3 23.4 19.6 16.3 13.6 12.4 10.9 9.5 8.4 7 7 6.3 5.2 5 5.1 4.9 4.5 4.2 4 4.1 3.4 -2.1 -2.1 2.8 2.4 2.1 2.4 2.7 1.8 1.8 1.8 1.6 1.6 1.7 1.3 1.6 1.6 -2.1 -2.1 -2.1 -2.1 -2.1 -2.1 -2.1 2.1 2.4 1.2 -0.6 -2.1 -2.1 -2.1 -2.1 -2.1 -2.1 -2.1 -2.1 -2.1 -2.1 -2.1 -2.1 -2.1 -2.1 -2.1 -2.1 -1.1 -0.1 0.8 1.8 2.8
39.9 40.5 41 42.3 43.5 43 42.3 41.1 40 38.8 36.4 32.7 28.8 25.7 23.2 20 17.2 14.4 12.9 10.8 8.8 7.9 6.6 6.1 6.1 5.1 4.8 4.8 4.6 4.3 4 3.6 3.6 3.5 -2.1 3 2 1.9 1.9 2.3 3.1 2.4 1.8 1.7 2.2 2.1 1.7 1.4 1.6 1.5 3.4 2.5 2.4 2.3 2.4 -2.1 -2.1 -2.1 0.4 -0.3 -2.1 -2.1 -2.1 -2.1 -2.1 -2.1 -2.1 -2.1 -2.1 -2.1 -2.1 -2.1 -2 -2.1 -2.1 -2.1 -2.1 -1.4 -0.4 0.6 1.8 3.8
37.9 38.5 38.9 40.7 40.4 39.9 39.3 38.9 37.9 36.7 34.7 32.6 29.9 26.8 24.2 20.9 18 15.3 12.5 9.3 7.9 7 5.7 5 5.1 5 4.7 4.4 4.4 4.1 3.7 3.3 3.8 -2.1 -2.1 2.7 2.4 2 1.8 2.6 3.4 3.1 2.4 2 2 1.9 1.6 1.3 2.6 2.9 1.7 2.5 2.4 2.3 2.4 1.6 -0.5 -2.1 -2.1 -2.1 -2.1 -2.1 -2.1 -2.1 -2.1 -2.1 -2.1 -2.1 -2.1 -1.7 -1.5 -1.3 -1.3 -1.4 -1.5 -2.1 -2.1 -2.1 -0.7 0.5 1.8 3.3
36.3 36.9 37.6 38 38.1 38.3 38.4 38.3 37.4 36.1 34.3 32.2 30.1 27.2 24.5 21.2 17.6 14.4 10.8 8.5 6.5 5.6 5.3 4.5 4.8 3.6 4.1 4.3 4.2 3.8 3.4 3.3 4.1 -2.1 -2.1 3 2.7 2.3 1.9 2.3 3.5 3.9 3.1 2.4 2 1.6 1.5 1.8 3 2.5 1.9 2.4 2.4 2.4 2.4 1.6 0.1 -2.1 -2.1 -2.1 -2.1 -2.1 -2.1 -2.1 -2.1 -2.1 -2.1 -2.1 -1.6 -1.2 -1 -0.8 -0.6 -0.7 -0.9 -1 -1.5 -2.1 -1.1 0.3 1.6 2.4
36.9 37.1 37.7 37.9 37.7 37.8 37.9 37.6 36.8 35.2 33.3 31.3 28.8 26.1 23.3 19.4 15 12.3 7.3 5.9 5.4 5.2 4.9 4 4.4 2.3 -2.1 3.1 3.9 3.7 4.2 -2.1 -2.1 -2.1 3.6 2.9 2.6 2.3 2 2.3 3 3.3 3.6 3.3 3 2.7 2.8 2.9 2.8 2.3 1.9 2.8 2.4 2.4 2.4 1.7 0.8 -0.5 -2.1 -2.1 -2.1 -2.1 -2.1 -2.1 -2.1 -2.1 -2.1 -1.8 -1.3 -0.8 -0.5 -0.3 -0.1 0 -0.2 -0.3 -0.6 -2.1 -2.1 -0.1 1.4 2.4
37.3 37.5 37.9 38 37.8 37.7 37.5 36.7 35.7 34.2 32.3 30.1 27.2 24.4 20.4 16.6 10.9 7.5 6.6 5.7 4.8 4.9 4.4 4.1 4.2 4.3 -2.1 4 3.9 3.8 2.8 -2.1 -2.1 4.6 3.9 2.9 2.4 2.1 1.8 2.3 3 3.3 3.3 3 2.7 2.8 2.8 2.9 3 2.4 1.9 1.9 2.4 2.4 2.1 1.3 0.5 -0.3 -1.3 -2.1 -2.1 -2.1 -2.1 -2.1 -2.1 -2.1 -2.1 -1.5 -1 -0.5 -0.1 0.2 0.4 0.7 0.5 0.5 0.2 -0.5 -2.1 0 1.6 5.7
37.7 37.9 38.1 38.1 37.9 37.4 36.8 35.8 34.7 33 30.7 28 24.8 21.7 16.2 10.1 7 6 6.1 5.8 5.2 5 4.8 4.3 4.3 4.2 -2.1 3.9 3.8 3.8 -2.1 -2.1 4.4 4.3 3.9 3 2.2 1.8 2.6 3 3 3 2.9 2.6 2.6 2.7 2.7 2.8 2.9 2.9 2.1 1.5 2.4 2.4 1.7 0.9 0 -0.8 -1.5 -2.1 -2.1 -2.1 -2.1 -2.1 -2.1 -2.1 -2.1 -1.3 -0.7 -0.2 0.3 0.6 0.9 1.2 1.2 1.3 1.1 0.8 -2.1 -2.1 -2.1 6.4
37.7 37.1 37.2 36.8 36.4 35.7 34.3 33.4 32.1 30.3 28.1 24.9 20.8 16.6 11.8 6.1 4.7 4.9 5.7 5.4 5.2 5.2 5 4.8 4.5 4.5 -2.1 3.8 3.8 3.7 -2.1 -2.1 4.2 3.9 3.8 3 2.1 2.9 3.3 2.7 2.7 2.7 2.4 2.5 2.5 2.6 2.6 2.7 2.8 2.8 2.7 1.9 2.4 2 1.2 0.5 -0.1 -0.7 -1.4 -2.1 -2.1 -2.1 -2.1 -2.1 -2.1 -2.1 -2.1 -1 -0.5 0.1 0.6 1 1.4 1.6 1.9 2 2.4 6.7 6.3 -2.1 -2.1 4.1
35.6 35.5 35.2 34.5 33.8 32.4 30.9 30 29.3 27.4 24.2 20.8 16.8 13.4 8.4 5.3 5.1 5.7 5.6 5.3 5.1 4.9 4.9 5 4.7 4.5 -2.1 -2.1 -2.1 3.7 -2.1 4.6 4.2 3.8 3.4 3 2.3 2.3 3.1 3 2.4 2.3 2.3 2.4 2.4 2.5 2.5 2.5 2.6 2.7 2.8 2.5 2.5 2 1.3 0.7 -0.2 -1 -1.8 -2.1 -2.1 -2.1 -2.1 -2.1 -2.1 -2.1 -1.2 -0.6 0 0.4 0.9 1.3 1.8 2.1 2.4 7.7 7.2 6.8 7 -2.1 3.4 3.5
33.3 33.1 32.5 31.9 30.6 29.1 27.6 26.6 25.6 22.5 19.5 17 15.1 10.9 5.7 5.4 5.5 5.7 5.5 5.3 5 4.8 4.6 4.7 4.8 4.7 3.3 -2.1 -2.1 3.9 -2.1 4.7 4.3 3.8 3.5 3.1 3.2 2.4 2.6 3.2 2.6 2.2 2.2 2.3 2.3 2.4 2.4 2.5 2.5 2.6 2.6 2.7 1.5 1.9 1.1 0.3 -0.5 -1.3 -2.1 -2.1 -2.1 -2.1 -2.1 -2.1 -1.5 -0.9 -0.5 0 0.5 1 1.4 1.8 2.2 2.9 6.4 7.6 7.6 7.1 7.2 -2.1 3.9 4.5
31 31 29.6 29 28.2 26.4 24.4 22.8 21 18.7 17 15.5 13.3 7.9 5.3 5.5 4.1 5.6 5.4 5.2 5 4.8 4.5 4.3 4.6 4.9 4 3.6 3.5 3.6 -2.1 4.5 4.3 4 3.8 3.4 2.6 2.5 2.6 3.2 2.9 2.5 2.2 2.2 2.2 2.3 2.3 2.4 2.4 2.5 2.5 2.1 1.5 2.3 0.9 0 -0.9 -1.7 -2.1 -2.1 -2.1 -1.1 -0.9 -0.8 -0.5 -0.1 0.4 0.7 1.2 1.6 2 2.4 7.1 7.2 7.9 9.6 7.7 7.9 10.4 -2.1 6 5
28.6 29.4 27.9 26.3 25.3 24.8 23.4 22.3 19.9 17.1 16.4 14.7 10.7 5.8 5.5 5.5 6 5.6 5.3 5.1 4.9 4.7 4.5 4.2 4.3 6 4.9 4.4 4.3 -2.1 -2.1 4.6 4.5 4.3 4 3.7 3.2 3.2 3.3 3.5 3.2 2.8 2.4 2.3 2.2 2.1 2.2 2.2 2.3 2.3 2.1 2 1.9 -2.1 0.6 -0.7 -2.1 -2.1 -2.1 -1 -0.6 -0.2 0 0.2 0.4 0.8 1.3 1.6 1.9 2.4 8.6 11 9.9 7.7 7.4 7.3 7.2 8.3 9.7 -2.1 5.5 5.5
28.1 27.9 26.5 25.5 25.4 25.4 24.5 21.6 17.9 15.5 14.9 8 5.6 5.7 5.5 5.7 5.4 5.4 5.3 5 4.8 4.6 4.4 4.3 4.4 4.9 -2.1 -2.1 -2.1 -2.1 2.7 4.6 4.5 4.4 4.3 4 3.8 3.8 3.9 3.6 3.4 3.1 2.7 2.4 2.3 2.2 2.1 2.1 2.1 2.2 2.1 2.2 -2.1 -2.1 -0.6 -2.1 -2.1 -0.8 -0.2 0.1 0.5 0.7 1 1.2 1.4 1.7 2.2 2.4 5.1 7.8 8.1 7.8 7.3 6.8 7.1 7.3 7 -2.1 -2.1 -2.1 6.3 6.7
26.9 25.9 24.7 24.4 24.5 24.6 22.4 19.8 16.5 14 8 5.2 5.1 5.3 5.7 5.3 5.5 5.6 5.3 5 4.7 4.5 4.3 4.4 4.6 -2.1 -2.1 3.4 3.1 3.2 3.2 3.3 4.5 4.4 4.3 4.3 4.4 4.3 4 3.7 3.5 3.3 3 2.6 2.4 2.3 2.2 2.2 2 2 1.9 1.8 -2.1 -2.1 3.7 0.3 0.3 0.7 1 1.3 1.5 1.7 1.9 2.1 2.5 4.2 3.7 5.3 7.3 7.8 7.6 7.5 7.3 6.8 6.9 7.2 7.4 -2.1 6.8 6.8 6.7 6.9
24.5 24.3 24.3 23.7 23.5 21.6 19.7 18 16.1 13.8 9.9 5.5 5.4 4.9 5.1 5.4 5.7 5.8 5.4 4.9 4.6 4.4 4.5 4.5 -2.1 -2.1 6.8 4.5 3.9 3.8 3.9 3.9 3.9 4.5 4.4 4.5 4.5 4.4 4.1 3.8 3.6 3.4 3.2 2.9 2.5 2.4 2.3 2.2 2 2 2.3 2.2 2.3 3 3.6 2.4 2 2.2 2.4 4.6 4.5 4.1 4.7 3.9 3.5 3.9 4.7 6.5 7.8 7.4 7.3 7.1 7 6.8 6.8 6.9 7.2 7.2 7.1 7.1 7.1 7.1
24.5 24.4 22.4 20.2 20 19.4 18.5 17.1 15 13.2 10.1 5.6 5.2 5.5 5.4 5.5 5.8 6.1 5.6 4.9 4.6 4.5 4.6 -2.1 -2.1 -2.1 4.5 5.7 4.7 4.5 4.5 4.5 4.6 4.5 4.5 4.4 4.4 4.3 4.2 3.9 3.8 3.6 3.4 3.1 2.8 2.5 2.4 2.5 2.9 3.3 3.6 3.3 3 3.4 4.1 4.5 4.1 4.5 4.4 4.3 4.1 4.1 4.8 4.5 4.7 5.4 6 7.8 7.8 7.1 6.9 6.8 6.8 6.7 6.7 6.8 7.2 7.2 7.1 7 6.8 6.7
22.4 20.2 19 18.7 18.4 17.4 16.2 14.7 12.9 11 9 6.5 6.6 5.9 6 6.1 6.2 6.3 5.7 5.1 4.4 4.6 4.7 -2.1 -2.1 4.7 5.5 5.6 5.9 4.7 4.5 4.4 4.5 4.5 4.4 4.4 4.3 4.2 4.2 4.1 3.9 3.7 3.5 3.3 3 2.7 2.9 3.2 4 4.9 4.7 4.4 4.1 3.8 4.5 5.2 5 4.9 5.1 4.9 4.6 4.8 4.9 5.2 5.6 6.2 6.7 8.5 7.7 7.1 7 6.9 6.8 6.8 6.8 6.9 6.9 7.2 7.1 6.9 6.9 6.8
18.1 17.4 16.7 16.4 15.6 12.6 11.6 11.2 10.3 9.1 7.9 4.6 6.7 6.1 6.2 6.3 6.4 6.4 5.9 5.4 3.7 4.5 5 4.4 4.3 5.4 6.4 7.2 6.9 4.9 4.1 4.5 4.6 4.5 4.5 4.5 4.4 4.4 4.4 4.4 4.2 4 3.8 3.6 3.4 3.3 3.9 4.9 5.8 5.9 5.8 5.5 5.2 4.9 5 5.6 5.8 5.7 5.6 5.4 5.3 5.5 5.6 5.8 6.3 6.9 7.5 7.3 7.8 7.4 7.3 7.1 6.9 6.9 6.9 7 7.2 7.2 7.1 7.1 7 6.9
15.5 15 14.1 13.5 12.8 12.5 12 11.3 10.4 8.8 5.3 6.2 6.6 6.4 6.4 6.5 6.6 6.3 5.9 5.3 5.1 5.2 4.7 4.5 5.2 6.4 7.2 7.6 7.2 5.8 4.5 4.7 4.5 4.3 4.9 5.3 4.6 4.5 4.6 4.6 4.5 4.3 4 3.9 4.7 5.4 5.6 5.8 6 6.2 6.1 6.1 6.1 6 5.7 6 6 6 5.9 5.6 5.8 5.9 6.3 7.1 7.8 8.3 8 8.5 8.7 7.9 7.8 7.8 7.7 6.9 7.2 7.2 7.2 7.3 7.3 7.2 7.1 7.1
14.7 14.2 14.1 14.2 14.4 14.3 14.3 12.7 9.8 8.1 6.5 6.3 6.5 6.6 6.7 6.7 6.8 6.3 5.7 2.4 5.2 4.7 4.1 4.9 6.3 7.2 7.3 7.1 6.7 5.9 4.6 4.4 4.2 4.6 5.3 6 4.9 4.7 5.4 5.6 5 4.7 4.3 4.4 5.1 5.6 6.1 6.4 6.3 6.5 6.5 6.3 6.3 6.2 6.2 6.5 6.2 6.3 6.2 6.2 7 7.3 8.4 8.7 9.4 9.5 9.7 9.9 10.2 9.1 9 8.9 7.9 6.6 7.5 7.6 7.2 6.8 6.1 7.3 7.4 7.4
