data/360000-820000.asc
ncols 200
nrows 200
xllcorner 360000
yllcorner 820000
cellsize 50
[rows 105 to 139 of 200, columns 78 to 155 of 200]
147.4 138 136.2 141.1 150 158.3 164.6 168.8 172.2 175.8 179.1 182.2 186.4 192 197.7 203 208.7 214.4 220.2 225.8 229.9 231 230.8 228 223.1 217.3 210.4 203.6 197.6 192.8 188.6 184.2 179.7 176.8 173.4 170.3 167.4 164.8 163.5 165.6 165.3 164 161.7 160.9 161.3 159.5 158.3 154.8 151.8 149.4 148.4 148.4 147.9 147 147.7 148.9 150.4 149.4 149.2 149 146 144.8 144.9 145.1 145.7 143.4 143.2 144.3 145.5 146.4 146.7 146.7 146.8 147.5 147.9 148.3 149.5 150.5
138.9 137.2 140.8 146.7 153.8 161.3 168.4 173.4 177.2 180.8 184.4 188 192.8 197.8 203 208.3 213.9 220.7 227.1 232.3 235.8 237.2 236.7 233.8 226.2 218.7 212.1 205.7 198.6 193.7 189.2 184.6 180.1 177.6 175 170.4 169 168.1 167.9 168.4 167.2 166.2 166.3 166.1 165.6 162.1 160.7 156 155 153.1 150.5 151.1 151.1 150.4 150.5 151.2 151.8 151.6 151.5 151.3 148.6 147.1 146.2 145.8 147.1 145.5 145.1 145.9 147.2 148.1 148.9 149.7 149 150.8 151.8 152.8 151.3 149.6
138 140.1 145.5 150.5 156.7 164.5 171.4 176.5 181.7 185.7 189.6 193.9 198.9 203.8 208.8 213.8 219.1 227.3 233.4 238.6 242 243 241.8 235.2 226.6 220.2 214 207.6 199.7 193.9 189.4 184.6 179.5 177.1 174.5 172 170.3 171.5 171.2 170.5 169.4 168.5 168.3 168.7 168.9 165.5 162.9 161.4 159.4 158 156 155.1 153.4 152.7 152.6 153.1 153.4 153.7 154.2 154.4 151.2 150.5 148 148.9 148.6 147.4 147.2 147.9 148.8 149.7 150.7 152 152.8 154.7 155.8 156.7 155.1 153.1
140.7 142.6 147.1 153.3 159.8 167.3 173.7 179.2 184.4 189.6 194.2 198.7 203.9 209.1 214.5 219.3 224.6 232 238.6 243.8 246.9 248.7 246.3 238.3 231.3 222.7 214.8 208.2 200.1 193.9 189 184.1 179.3 177.2 174.1 174.7 175 175.4 174.1 172.7 171.8 170.9 170 170.8 169.7 168.8 164.4 165.3 162.6 159 157.6 156.7 156 154.7 154.4 154.8 155.2 156.1 156.3 156.1 154.7 155.5 150.8 150.7 149.3 149.6 149.7 150.6 151 152.2 153.6 155.1 156.4 158.4 159.2 158.6 160.7 160
147.2 144.5 148.8 156.2 162.3 169.6 176 181.9 187.4 192.6 198.5 203.6 208.7 214 219.4 224.7 230.6 236.3 242.7 247.5 250.4 251.1 250.2 242 232.4 224.1 215.8 208.9 199 193.5 188.5 183.7 179 178.3 176.3 176.6 177.2 177.7 177.3 176.1 174.7 173.4 172.1 171.5 170.2 170.6 166.8 167.5 165.4 163.4 160.5 158.8 159.1 157.3 156.5 157.3 158 158.6 158.5 160.1 158.2 157.2 153.8 154 151.4 154.4 155.6 154.2 154.2 155.2 156.6 158.1 160.2 161.7 162.5 164.8 166.5 165.8
151.4 152.6 150.1 156.3 163.4 170.9 177.9 184.3 190 195.7 201.7 207.9 213.4 218.4 223.3 228.3 234.4 239.7 245.5 249.4 251.3 251.5 249.9 241.4 233.7 225.4 217.2 208.8 200 193.6 187.7 183.6 181.7 180.3 180.8 180.6 180.5 180.3 179.6 179.6 177.8 175.7 173.9 173.8 173.8 170.5 169.8 170.4 167.9 165.3 163.3 161.5 161.5 160.5 159.3 160 160.7 161.5 163.9 164.9 161.8 158.3 156.5 156 156.6 159.8 159 157.8 157.8 158.8 159.8 161.7 164 165.2 167.9 170.2 171.9 171.6
155.2 156.9 158.8 157.6 163.9 172.1 178.6 185.4 191.7 198.5 205.1 211.6 216.7 221.7 226.8 231.9 236.6 241.5 246.8 250.4 251.3 250.2 245.3 238.4 231.1 223.4 215.7 208 200.5 194 188 185.3 184.3 183.6 183.5 183 182.7 182.9 183.1 183.4 181.4 179.6 177.7 177.1 176 174.5 173.9 172.7 170.3 168.5 166.5 164.6 163.8 163.2 162.4 163 163.7 164.9 167.2 167.2 164.2 159.1 159.5 159.3 160 162 161.5 160.7 161.7 162.5 163.3 165.1 167.3 170.7 173.5 175.3 176.6 179
159.3 161.3 162.5 166.1 169.3 174.4 180.8 187.9 194 200.6 207.3 213.5 219.2 225 229.8 234 238.2 242.4 246.8 248.9 249.2 246.6 241 236.9 229.2 221.3 214.3 207.7 201.4 194.1 189.1 188.1 188.5 188.2 186.7 186.6 187.5 187.3 187.7 186.4 185.1 183.8 181.9 179.9 178.5 178.1 177.7 174.9 173.1 171.6 170 168.3 166.8 165 165.5 166.2 166.8 168.3 169.9 170.5 165.9 162.6 160.7 160 162.7 165.8 165.1 165.3 166.5 166 167.8 170.1 173.4 176.6 178.7 180.4 183.8 187.1
162.3 166.3 169.1 172.2 175.8 177.3 184.8 190.4 196.6 203 209.5 215.3 221.3 226.8 230.9 234.2 237.9 242.1 245.6 245.7 245.3 242.1 238.5 234.3 227.9 220.5 214.7 208.3 201.4 194.8 194 192.6 192.3 191.7 192.1 192.5 192.5 191.5 191.4 190.6 189.3 188 185.4 182.8 181.2 181.2 181.2 179.2 177.5 176.4 173.9 171.8 171.3 170 169.6 169.3 170 171.3 171.4 171.7 165.1 165.5 163.5 163.1 166.4 168.5 169.2 169.9 170.8 171.4 173.8 176.3 179.4 182.6 186.1 189.6 192.9 197.6
166.2 170.4 174.6 177.6 181.1 185.3 189 194.9 199.9 206.3 211.8 217.6 223.6 228.3 232 235.3 238.8 241.4 243 243.2 242 239 235.2 231.2 227.4 220.3 214.5 206.9 202.4 200.2 198.9 197.8 197.5 199 199.7 200.4 200.3 197.5 194.7 194.7 193.7 192.1 189.6 187 185.4 185 184.8 183.8 183.4 182.6 181.2 178.8 175.9 174.5 173.6 172.4 172.8 174 174.9 171.2 169.6 168.8 168.1 168.6 170.1 172.3 174.3 174.9 175.1 177.1 180.5 183.6 187 190.9 194.4 198.3 204.3 210.1
170.3 174.8 179.3 182.9 186.7 191.4 195.3 199.5 204.7 210.5 214.7 220.4 226 230.2 233.8 237.2 239.1 240.9 241.2 241 238.8 236.4 233.9 231.3 226.3 220.2 213.8 208.9 208 206.5 206.6 205.3 204.3 206.8 206.8 208.4 208.6 206.2 202.7 199.9 198.1 196.3 193.7 191.1 189.5 189.2 190.3 189.9 188.8 188 186.1 183.8 181.7 180.3 180 177.3 175.2 176.5 175.8 173.6 171.4 171.1 173 173.8 175 176.8 178.8 178.4 180.5 184 187.2 190 195 199.5 204.2 209.5 215 222.3
174.1 179.4 183.8 188.3 192.7 197.1 201 204.9 209 213.1 218.6 224.8 229.2 232.8 236.4 238.4 239.8 241.3 240.6 240 235.9 234 231.3 227.7 224.4 221.8 219.8 215.5 215.1 214.8 213.4 213.5 214 215.9 218.7 217.9 216.8 214.8 211.8 208.7 205.9 203 199.8 197.5 195.5 195.4 197.1 197.3 197.1 194.8 193.3 189.8 187.8 187 186.9 184 182.5 180.4 178.5 177.2 174.7 177.9 179.2 180.4 181.7 183.1 185.2 184.2 186.1 190.1 193.4 198 202.7 208.2 214.3 220.4 228.1 234.7
178.2 183.5 188.6 192.8 197.3 202.3 206.5 210.4 214.6 218.4 223.6 228 231.9 235.4 238.6 240.6 242 243.5 242.7 240.5 239.8 238.3 234.7 233.3 231 228.8 226.6 218.4 222.9 221.8 221.6 222.5 223.9 226.9 228.4 227 224.8 222.2 218.8 215.9 213.2 209.7 206.3 203.5 202.1 202.3 204.3 206.2 205.3 203.9 201.2 196.4 194.3 195.2 192.6 189.6 186.1 184.3 183.4 180.3 180.2 184.2 185.9 186.9 188.2 189.2 190.8 190 192.3 197.7 201.2 205.5 210.4 216.1 223.5 229.6 237 246.9
182.9 187.5 192.8 197.5 202.5 207.5 211.9 216.1 220.4 224.3 227.4 230.7 234.6 238 240.8 242.8 244.3 245.8 246.1 244.6 244.4 243.7 240 240 237.1 235 231.6 226.5 230.8 231.7 231.5 232.8 233.2 237 236.7 235.2 232.7 229.1 226 224.3 220.7 216.2 212.8 208.2 207.9 210.7 213.2 213.9 212.7 212.9 209.1 204.5 202.6 201.1 198 194.7 191.5 189.5 187.6 185.2 187.5 190.9 192.2 193.1 194.5 195.7 197.1 196.8 198 203.7 208 213 218.3 225.4 232.8 240.7 249.4 259.4
187.1 191.6 197.2 203.3 207.9 212.6 217.4 222.1 226.1 229 232.1 233.9 237.2 240.7 243.3 245.8 247.6 248.7 250.2 247.8 249.2 248.9 247.5 247.3 243.7 240 237.4 235.1 239.3 240.1 241.1 242.7 245 248.7 248.2 243.8 241.5 237.7 233.8 231.7 228.6 225.8 219.9 213 216 219.3 220.8 221.4 220.9 221 217.6 211.9 210.9 209.5 207.4 201.7 198.2 196.9 192.2 189.9 196.4 196.7 199 201.2 202.6 202.9 204.4 204.3 204.2 208.5 214.9 220.9 226.4 234.8 243.3 251.9 261.8 272.2
190.7 196.9 202.9 209.6 214.2 219.3 224.2 228 231.1 234.2 237 238.6 241.3 244.7 248.1 250.7 252.4 253.6 254.8 252.4 253.8 255.7 254.9 254.6 251.5 247.3 241.7 242 248.1 249.3 251 253.8 256.6 259.3 257.7 254.3 252.3 249 243.2 238.3 234.9 231.5 229.4 219.4 223.2 227.4 229.9 231.9 230.6 229.4 226.6 221.6 219.5 217.3 215.2 212 208.9 203.6 201.3 201.1 206.4 208.5 210 212.5 211.8 212.2 212.4 211.4 211.9 213.6 221.2 227 234.6 243 253.1 262.7 273.3 283.7
196.7 203.6 210.1 216.4 222 227 230.8 234.3 237.4 239.4 241.8 243.4 246.3 250.6 254 256.5 258.2 259.2 259.6 259.3 260.8 262.8 261.7 261.6 258.5 255.2 246.8 251.1 255.8 256.3 260.6 263.8 266.7 269.2 268.6 266.2 261.8 258.3 251.5 246.3 241.9 240.7 234.4 229.9 231.9 236.1 238.4 240.6 239.3 237.5 234.4 230.1 228.6 224.2 220.4 220.9 215.3 212.5 208.6 212.8 219 220.4 220.6 222.3 222.3 224.2 223 221.4 220.4 220 227.9 235 242.7 250.8 261.4 272.5 284.2 296.2
204.2 210.9 217.3 223.4 228.6 232.7 237.3 241 244.6 246.7 247.6 249.3 252.7 256.5 259.4 261.8 263.7 264.8 265.5 266 267.8 270.2 269.6 268.5 266.2 262.3 254.4 260 262.9 265.1 268.9 273.5 277.2 279.2 278.9 276.8 272.4 267.6 261.3 256.2 255.2 251.8 244.7 239.1 242.1 247.4 250 251.3 248.3 245.7 242.8 237.1 235.2 234.5 229.9 229 225.2 221.7 215.6 225 229.4 230.9 232.9 233.9 234 232.6 231.4 230.6 228.2 227.9 234.4 243.2 251.6 259.7 269.4 282 294.8 307.4
213.4 219.4 224.7 230 234.5 239.1 244.1 248.6 251.9 254 256.2 259.2 260.5 262.7 266.3 269 270.3 271 272.3 273.1 275.8 277.3 276.6 276.9 273.7 269.1 261.1 268.7 271.5 273.6 278.4 282.8 287.3 287.9 287.2 286.3 283.4 279.5 274.7 270.5 267.2 262.8 255.1 251.5 256.3 258.4 259.8 258.9 256.2 253.8 252.6 248.4 247.2 246.4 243.2 239.9 236.2 230.8 228.1 235.6 239.7 242.7 245.2 246.1 246.1 244.2 242.5 239.8 237.7 238.7 241.3 250.4 261.4 270.2 280.9 293 308.8 322.5
222.5 227.7 232.2 236.2 240.9 246.1 251.4 256.7 261.3 263.5 265.7 267 268.1 269.3 275.4 276.1 278.6 279.4 280.1 280.8 283.6 285.4 285.3 283.6 280 276.2 271.2 273.4 278.5 283.6 288 293.2 297.6 298.5 298.5 297.7 294.6 291.1 286.6 281.9 277.4 273.2 265.6 261.8 268.3 270.2 268.4 267.9 266.5 263.6 259.5 257.7 260.7 259.5 257.9 254.1 248 241 237.5 246.9 250.8 254.1 256.4 258.6 258.3 256.9 254.8 252.4 250 250.4 253.4 261.2 271.6 281.9 292.3 308.2 324.2 338.2
230.8 235.2 239.7 243.8 248.9 254.6 260 265.5 270.5 272.3 274.3 276.3 279.3 281.3 283.9 285.9 287.9 288.7 289 288.8 290.2 291.9 292 290.2 286.4 284.4 280.9 283.5 289.9 294.7 299.9 304.5 309.9 310.8 310.9 310.9 306.3 299.8 294.5 292.3 288.3 283.7 273.9 275.2 278.6 280.3 281 277.8 278.2 275.2 272.7 273.5 273.9 273.6 272 266.3 260 251.6 249.5 258.3 262.2 267 270.5 272.1 272.7 272 272.2 268.6 264.3 264.4 264.3 274.1 282.4 293.6 308.4 322.4 338.7 354.5
238.4 243 247.1 251.8 256.8 262.5 268.5 274.5 280.3 284.6 287.6 289.8 293.5 295.2 296.1 296.7 298.2 297.9 298.2 297.7 298 298.5 299.4 298.6 297.4 296.5 294.6 296.5 301.4 307.1 312.1 316.9 323.3 325.7 325.9 325.3 319.8 311.6 306 303.7 299.2 293.7 278.1 284.5 290 291.3 290.1 289.6 289.8 288.2 287.8 291.2 292 289.1 286.2 280.6 270.7 260.5 260.6 271.1 274.1 278.9 283.5 286.6 290.2 293.2 291.6 288 281.8 279.3 282 288.7 296.7 308.6 324.7 338.3 353.7 369
246.9 251.2 255.3 260.7 266.2 271.5 278.6 286.6 292.3 296.5 300.2 303.2 307.8 309.1 310.4 311.1 310.7 309.1 308.4 308.2 307.7 307.2 307.9 308.4 307.5 306.4 307 309.4 313.4 319.3 324.3 330.8 338 340.9 342.2 341.3 334.6 325.8 320.3 315.4 309.8 301.8 284.9 296.9 301.4 301.3 297.9 298.8 301.9 302.7 303.4 307.6 307 306.9 303 296.3 285.4 272.3 276.8 285.1 288.9 296.2 299.5 306.2 308.6 312.6 310.5 306.7 308.5 308.1 306.6 303.8 314.4 325.8 338.6 352.5 370.5 386.2
255.1 259.6 263.8 269.3 274.8 282.4 290.1 297.6 303.1 308.7 314 318.8 322.7 325.6 325.3 325 322.2 320.2 318.7 317.8 316.7 316.1 316.9 318 316.1 314.6 317.3 319.7 324.5 330.1 336.7 346.8 354.2 357.7 359.6 358.7 351.2 338.2 332.4 325.6 318.6 310 294.7 306.6 311.3 309.3 309.7 312.3 312.4 314.4 318.6 322.4 324.2 323.1 318.4 312.2 298.1 276.2 294.7 303.1 308 314.8 321.2 325.6 331.7 333.2 333 328.5 327.4 324.7 325.3 327.1 331.8 341.2 352 368.1 385 396.2
263.1 267.5 272.2 277.9 284.9 292.8 301 308.1 315.7 322.5 328.6 334.6 339.5 340.9 339 337.5 334.6 331.1 329.5 328.4 327.5 327 328.3 327.4 324.4 323.2 326 329 335.2 341 349.6 361.2 371.2 375.7 378.7 376.7 362.7 349 343.4 336 328.1 316.5 305 315.7 320.7 321.2 321.9 324.6 325.7 327.6 333.5 336.6 337.8 337.8 333.4 324.5 315.2 287 309.9 318.3 326.5 333 339.7 346.1 352 359.4 356.5 349.4 345.5 341.7 339.1 340.6 347.9 354.6 370.4 384 394.2 404.6
275.3 279.8 284.1 289.1 296.1 305.2 312.5 320.9 328.9 340.3 346.5 350 353.2 354.1 352.2 350 346.4 343.5 341 340 339 339.2 338.9 336.1 332.9 332.2 334.2 337.8 344.2 352.2 363.6 376.4 385.9 391.5 395.3 387.9 372 360.2 353.5 345.6 335.5 326.8 318.1 325.9 330.2 330.1 335.1 336.7 339.8 345.5 350.2 351.3 351 350.4 346.3 336.4 326.3 302.1 323.6 331.5 339.5 347.7 355.4 363.4 373.8 378.7 374.7 366.2 360.8 356.8 354.8 355.5 360.4 369.4 383.4 392.9 402.5 411.7
288 294.5 299 306.8 311.6 319.9 327.5 338.2 348.1 357 364.1 369.1 370.9 368.7 367.1 363 358.2 354.4 351.4 350.1 350.1 349.9 348.8 345.2 341.8 341.6 342.3 347.1 354.4 365.6 378.8 392.8 400.1 404.9 405.2 396.7 381 370.6 362.2 352.4 342.6 332.2 328.6 335.1 338.7 340.5 347.3 351.2 354.8 359.4 362.1 365.3 363.8 360.4 355.2 347.8 338.8 318.5 336.4 344.7 352.6 362.6 372.3 382.1 396.8 403 392.7 384.3 378.5 377.4 372.4 370.9 372.9 385.5 395.4 404.3 411.8 416.9
301.6 308.4 314.4 321.5 330.3 336.9 346.2 356.9 365 371.9 379.3 383.1 383.9 382.2 378.1 373.6 369 364.6 361.5 359.9 359.5 359.7 358.3 354.1 351.7 353 353.7 358.7 366.9 379.6 394 403.7 410 414.3 411.5 401.7 387.1 377.1 369 358.9 347.7 337.4 337.8 344.4 350 352.6 358.1 362.1 366.5 371.1 375 377.2 376.5 373.4 366.3 358.5 348.6 327.7 349.2 357.6 365.6 376.8 388.7 401.1 413.3 420.8 408.2 398.8 395.4 391.1 391.2 391.7 393.2 398.3 406.1 413.2 418.4 423
316.3 323.8 335.7 341.6 346.5 353.9 363.3 371.7 379.3 386.2 392.8 395.2 394.6 393.4 390.2 386.4 380.6 374.9 371.4 368.4 368.9 369 367 363.1 361.3 363 364.8 369.6 380.8 395 408 415.3 420.1 421.3 415.5 403.5 392 383 376 364.4 353.2 342.6 347.6 354.3 356 362.7 368.9 372.5 377.2 383 389.7 392.6 388.4 384 377.3 369.1 356.7 344.9 361.6 367.5 378.2 389.1 401.7 417.2 435.2 434.2 420.4 413.7 409.3 405.9 404.1 404.5 405.9 409.9 415.8 421.1 426 432.9
332.8 343.6 351 357.6 363.2 370.4 378.6 385.5 392.4 399.1 403.4 406.1 406.2 404.3 401.4 397.8 393.2 385.5 381.5 379.8 380.2 378.6 376.6 373.4 372.2 373.3 376.1 383.3 396.6 410.7 420.5 425.8 428.2 426.5 417.7 407.8 397.8 388.5 379.4 368.4 357 349 359.3 363.5 366.9 372.9 379.1 382.9 388.1 398.8 406.5 402.9 398.5 392.9 386.5 380.2 372.9 366.9 369.1 377.4 387.4 401.4 413.1 428.4 449.5 453.8 435.2 426.1 422 419.8 416.6 415.8 417.4 419.6 424.2 428.5 432.9 438.2
348.2 358.5 365.5 371.4 377.8 385 391.8 399.3 405.5 410.8 414.5 417.6 418.6 417.2 413.4 408.4 403.4 396.6 392.6 393.3 390.3 388.3 387.6 384.5 383 383.6 387.3 397.1 411.4 424.9 430.2 433.7 433.9 428.8 420 412.2 402.9 392.9 382.8 372.1 361 360 368.4 371.4 378.7 383.8 388.4 393.8 404.3 416.5 418.6 413.4 407.6 401 394.4 388.4 384 377.1 372 386.9 398.8 408.1 419.1 436.2 463.4 467.1 446 438.5 434.7 432.8 430.4 427.3 426.5 429 431.7 434.9 438.3 442.8
364.4 370.6 377.5 384.6 391 399.3 406.1 411.9 418.9 421.7 424.8 427.1 429.5 428.8 425.3 421 415.4 405.9 406.5 404.2 401.1 398.9 397 395.5 393.6 394.8 399.2 410.8 423.5 433.1 437.2 439.6 437 431.6 424.1 416.3 406.8 397.4 385.5 376.6 373.8 374.7 379 379 385.6 393 398.4 406.5 421 430.3 428.1 421.5 414.7 408.3 402.4 397.1 392.5 390.1 385.5 395.2 404.5 413.6 426 444.9 459.8 475.9 456.3 451.2 447.7 444.8 440.4 436.1 435.2 435.1 436.8 439.3 442.9 445.7
372.6 381 388 393.9 404.6 413.9 420 424.4 428.5 430.9 434.8 436.1 437.8 436.6 434.4 432.1 426.3 422.8 418.7 416.1 414.4 411.8 409 405.6 405.2 407.6 413.9 424.3 434 440.3 442.6 442.8 439.7 433.7 426.8 418.8 410.4 401.8 388.2 384.6 383.6 384.5 386.5 392 396.8 404.9 411.8 422.2 433.3 437.5 433.6 427.9 421.1 415.3 409.3 404 400.1 398.5 400.1 401.5 411.5 420.4 434 443.9 456.1 465.7 460 461.5 458.9 454.2 449.2 444 441.8 440.3 441.3 443 445.5 443.1
380.7 390.5 396.7 404 418 426.4 431.6 436.6 440.7 442.5 447.3 448.3 447.6 446.2 444.3 442 436.6 432.7 429.8 430.2 427.9 424.7 421 416.5 417.2 420.4 427.9 435.8 443.1 446.7 446.8 445.1 442 437 429.8 421.7 414.1 406.1 395.8 392.5 394.3 393.3 398.1 403.2 409.1 416.2 423.1 433.6 441.5 443 438.6 433.6 428.1 422.5 416.3 409.9 407.8 404.4 408.3 409.2 416.3 425.3 435.1 443.9 453.8 459.3 460.9 464.4 466.1 460.6 455.9 450.4 446.1 443.1 443.6 445 445.8 441.5
389.1 399.9 406.4 414.5 427.8 435.8 441.1 447.1 449 452.8 456.5 456.6 455.8 455.6 454.2 450 445.6 442.1 442.2 441.7 438.1 434.2 431.4 428.9 429.7 432.7 438.1 444.1 448.3 450.6 449.8 447.4 443.9 439.1 432.8 424.4 418 412.1 407.2 406.2 403.7 400 408 412.7 420.2 427.3 434.4 444.3 450.5 450.2 446.7 441.4 435.9 430.6 425.9 419.4 415.2 413.1 416.2 416.2 420.7 429.2 436.2 443.6 450.6 455.5 461.1 466.2 466.9 464.5 460 454.3 448.7 443.9 444.4 444.5 443.7 440.4
