data/360000-230000.asc
ncols 200
nrows 200
xllcorner 360000
yllcorner 230000
cellsize 50
[rows 0 to 36 of 200, columns 0 to 83 of 200]
174.5 175.8 173 164.7 144 140.4 142.8 151 157.1 160.4 160.7 158.1 149.4 153.2 166 173.8 177.1 179.3 180.9 181.9 178.8 171.5 162.8 150.9 140 131.9 136.8 146.7 152.8 151 144.3 139.9 134.7 130.8 126.3 120.9 115.6 113 111.5 110.3 109.4 108.6 106.2 103.1 100.5 97.8 95.1 94.8 93.3 91.6 89.9 88.6 87.7 86.9 86 85 85.3 86.9 88.7 90 90.2 90.1 89.6 89.1 88.9 90.5 91.7 91.9 91.4 92 92.9 94.1 95.6 97.1 98.5 98.8 97.8 96.9 95.3 93.8 92.4 91 90.4 90.6
183.5 183.5 178.8 168.1 150.6 154.3 156.3 158.6 165.6 167.7 166.6 160.5 152 152.5 163.7 174.5 182.6 185.6 187.5 187.5 182.2 174.9 164.9 151.9 141.2 138.4 143 159 161.9 162.8 155.8 148.4 142.7 137.9 133.5 125.9 119 116.6 115.1 114 112.9 111.5 109.8 106.4 103 100.3 96.9 97.1 95.6 93.8 91.8 90.5 89.3 88.5 87.6 86.3 86.4 88 89.8 91.5 93.3 93.3 91.8 90.8 89.8 90.9 92.4 93 92.6 93.2 93.7 94.4 95.3 96.4 97.5 96.8 95.5 95.1 94.9 93.9 92.7 91.6 90.4 90.6
187.9 187.9 182.9 171.6 172.2 170.5 169 166.4 172.5 175.1 171.3 162.4 166.1 158.5 159.2 172 185.6 191.6 191.6 188.8 183.3 175.6 159.2 147.9 149.7 149.9 150.2 163.8 169.3 171.6 166.3 157.6 150.3 144.5 138.3 129.7 123.1 121 118.9 118.2 117.6 116.5 114.1 110.7 106.8 104.1 103 100.6 97.7 95.7 93.8 92.8 91.1 90 89.2 87.9 87.6 89.1 91.1 93.2 95.2 96.6 94.3 92 91.2 91.9 93.3 93.2 93.1 92.5 93.2 94.2 94.7 95.4 96.2 95.6 94.2 92.7 92.5 92.6 91.5 90.3 89.5 89.4
190.7 191.1 189.8 188.5 186.5 185 182.2 178.6 181.3 181 176.5 169.7 175.9 173.8 167.3 175.7 190.4 197.6 196.7 191.9 183.6 171.3 154.6 158.6 160.8 157 156.2 170.2 176.8 177.8 171.2 163.9 156.2 150.3 140.9 134 132.3 128.7 125.8 124.4 123.4 122.1 119.1 115.2 111 107.9 105 102.2 99.8 97.7 95.7 94.8 93.4 91.6 90.7 89.6 89.6 90.1 92.5 95.2 97.4 98.5 96.5 94.3 92 93 94.2 94 93.9 93.3 92.7 92.9 93.1 93.6 94.7 95.5 93.8 91.5 90.2 90.4 90 88.8 88.4 88.2
194.9 195.6 196.1 196.6 197.7 198.1 195.9 191.5 188.9 186.6 183.5 178.5 182 186.8 182.1 179.7 192.4 201.6 201.9 198.2 190.8 180.3 168.9 164.3 172 167.3 162.3 179.6 184.3 183.2 175.1 167.1 150 149 139.9 142.9 140.9 136 133.9 132.2 130 127.6 124.2 120.2 115.5 111.1 108.3 104.6 102 99.6 97.7 96.9 95.7 94 92.3 91.7 91.5 92.3 92.8 95.2 98 98.2 96.9 95.2 93.6 93.9 94.5 95 94.7 94.1 93.5 93 92.6 92.6 91.8 92.4 91.3 89.5 88.7 88.2 88.3 87.7 87.3 86.9
200.5 201.2 203 205.5 205.6 206 204.9 200.6 195.8 192.3 189.3 186.3 193.4 199.3 195.6 194.3 196.9 206.6 209.9 206.9 200.7 192.7 182.5 170.8 182 179.7 175.3 189.8 190.8 187.7 178.8 171.4 163.3 147 145.2 152.9 148.2 143.9 142.1 140.3 136.4 131.7 127.8 124.2 118.6 114.3 110.7 107.1 104.5 101.8 99.7 98.9 98.1 96.3 95 93.9 93.9 96 97.4 95.8 98.1 98.5 97.8 96.6 95.3 94.8 95.4 96 95.4 94.9 94.3 93.6 93 93.9 93.1 91.8 91.2 90 88.3 87 85.9 85.8 85.8 85.6
205.7 207.1 205.9 204.2 202.2 203 203.1 202.4 201.1 196.1 192.1 194.3 202.8 210.9 209.1 209.1 206.6 208.9 216.9 214.4 209.6 202.4 190.9 182.5 193.4 187.6 188 198.9 196.8 191.6 183.3 174.3 164.2 149.5 157.1 160.8 156.1 151.9 150.1 147.4 142.4 137.6 133 128.2 122 117.1 113 109.6 107 104.3 102 101.3 100.8 99.8 97.7 97 97.6 99.6 102 98.6 98.4 98.8 98.1 97.5 97.2 96.8 96.4 96.8 96.2 95.6 94.9 94.2 93.6 94.4 94.5 92.7 91.3 89.4 87.2 87.4 87.5 87.6 87.4 86.3
202.2 200.4 197.5 194.7 194.4 195.6 196.8 197.7 198.6 193.9 187.9 191.8 200.8 211.1 219 220.6 219.8 215.9 220.6 222.4 217.8 210.6 197.6 200.3 204.2 195.9 200.1 206.3 202.2 195.9 186.5 174.8 158.3 160.4 167 166.8 163.1 159.2 155.6 153.5 148.3 143.5 137.6 129.7 124.8 120.8 116.2 112 109.3 106.4 105.3 104.7 104.2 103.4 100.9 101.6 101.9 102 104.8 103.3 100.6 100.6 99.9 99.3 99.2 99.4 98.3 97.6 96.9 96.2 95.5 94.9 94.2 93.6 93.1 91.9 91.3 88.7 88.9 89.4 89.5 89 88.4 87.2
192.5 190 186.9 183.4 182.9 187.5 190.9 193.3 192.4 188.8 183.4 184.8 195.1 207 215.7 221.9 225.7 226.4 227.7 228.9 224.8 219.2 208.2 211.5 211.9 205.8 210.9 211.5 206.8 197.3 182.7 167.9 159.5 172.1 175.2 173.3 169.3 165.4 160.7 158.3 153.3 148.9 141.8 135.1 130.2 124.8 118.2 115.6 111.9 109.1 108.9 108.6 107.9 106 104.6 105.3 106.8 104.9 107.3 107.2 104.5 102.6 101.8 101 100.9 101.4 100.5 99.4 98.5 97.6 96.7 95.8 94.7 93.7 92.7 91.9 91.2 89.7 90.6 91.2 90.6 90 89.3 88.2
181.1 178.1 174.4 167.5 168.8 176.1 183 184.5 185.2 180.3 176.7 178.4 190.6 205.1 213.9 220.8 228.3 235 234.3 234 232.3 227 222.5 222.6 219.4 215.6 218.8 215.6 208.1 193.1 176.5 169.1 177.8 183.5 183.1 179.8 175.5 171.4 166.7 162.8 157.9 152.5 146.2 140.7 134.9 126.7 122.4 120.8 116.3 113.1 111.6 112.5 110.8 107.7 107.7 111.1 112.2 108.8 109.8 109.8 106.8 104.8 103.8 102.9 102.5 102.2 102 101.2 100.2 99.1 98.1 97 95.7 94.2 93.1 92.1 91 91.3 91.9 92.2 91.6 91 90.3 89.5
168.8 164.5 161.2 155.2 158.7 165.2 170.2 169.8 171.7 169.1 166.9 172.5 187 200.6 212.1 220.3 232.9 241 241.6 240.3 238.8 235.1 230.6 229.2 227.7 225 224.2 217.9 208.1 191.5 177.2 180.5 192.6 192.6 189.4 185.4 181.3 176.3 171.6 166.8 160.9 156.2 150.7 144.9 135.3 131.2 128.4 124.2 119.7 116.8 115.8 114.9 112.6 110.4 111.7 114.7 117.4 114.3 113.5 111.4 108.7 107.2 106 105.6 105 104.7 104 102.4 101.2 100.3 99.2 98.2 96.6 95.1 93.6 92.5 92.4 92.5 92.8 93.2 92.6 91.9 91.3 90.8
156.8 152.6 148.1 147.4 149.2 152.6 156.6 156.8 158.1 154.4 154.4 168 183.3 194.6 206.8 216.9 229.3 247.8 248.4 246.3 244.6 242.3 238.7 236.9 234.4 231 227.9 220.8 208.1 193.3 185 193.2 200.9 199.1 194.9 190.3 184.9 179.4 174.1 169.1 165.4 160.7 154.7 142.7 137 139.8 134 126.2 122 121.2 120.5 119.1 116 113.5 114.1 117.9 120.4 118.5 115.6 112.7 111 110.4 109.5 108.5 107.5 107.3 105.3 103.7 102.3 101.1 100.3 99.4 97.6 96 94.5 93.5 93.8 94 94.1 94.2 93.7 93.5 92.4 91.9
149.2 143.7 138.9 139.5 141.8 146.4 148 147.1 148.9 151.1 156.3 165.1 179.5 190.3 199.5 210.5 224 239.7 250.7 251.6 250.7 249.7 246.7 243.7 240 236.3 231.7 225 211.7 201.6 195.9 202.7 207.6 204.3 199.2 193.6 188 182.7 177.6 172.9 168 161.6 148.6 145.5 148.6 146.3 138.8 130 128.6 126.9 125.2 123.3 119.8 117.3 118.2 121.5 123.7 121.7 117.4 115.1 114.3 113.7 112.8 111.1 110 108.6 106.5 105 103.6 102.2 101.1 99.8 98 95.8 94.7 95.2 95.4 95.7 95.9 96.2 96.1 95.2 93.7 93.1
144.8 138.6 133.4 133.7 135.2 138.8 140.2 140.9 144.3 147.7 153.8 162.5 173.9 183.6 192.5 203.1 213 228.4 245.2 255.6 255.3 254.2 252.5 249.2 245.4 241.7 236.5 230.8 222 214.4 208.8 212 213.3 209.2 203.7 198.2 192.6 187.2 181.9 176 169.6 159.3 149.3 157.2 157.3 150.9 142.2 135.9 137.2 135.1 131.2 127 123.3 121.5 123.1 124.9 127.4 124.8 120.6 119.5 119 118.5 117.5 115.5 112.6 109.9 107.8 106.3 104.9 103.4 101.5 99.7 97.9 95.9 96.7 96.9 97 97.2 98.1 98.5 98.6 97.4 96 95.5
141.4 132.7 128.7 129.8 131.2 133.1 135.3 138.5 141.3 144.2 150.6 157.1 166.1 175.6 185.7 195.9 206.6 217.9 233.2 248.3 257.7 257.4 256.1 254.3 250.7 247 242.5 236.9 231.3 225.4 220.6 219.3 218.2 213.9 208.5 202.9 197.1 190.7 184.5 176 162.2 157.3 166.6 167.5 162 152.7 142.6 147.6 146.3 143 136.9 132.1 128.7 128.7 129.6 129.5 128.8 125.4 126.1 125.1 124.4 123.7 123.6 120.8 116.5 112.1 109.2 107.1 105.4 103.7 101.4 99.7 97.9 97.8 98.3 98.3 98.3 98.7 99.5 100.5 101.1 100.2 98.8 98.1
141.3 129.9 124.8 125.2 126.7 130.3 134.6 138.2 138.4 140.8 146.7 152.9 159.3 168.5 178.8 189.6 199.6 210.7 220.8 235.6 250.3 259.7 260.2 259.4 255.9 252.1 247.7 243.2 238.3 233.1 228.4 225.3 221.9 217.6 212.8 206.7 200.6 194.1 181.6 167.2 169.1 175.4 175.5 171.9 164 152.4 153.9 154.8 151.3 147 142 136.5 136.2 136.2 135.3 133.7 130.2 128.7 131.1 130.9 129.8 128.2 128.1 125.8 120.7 114.7 110.8 108.1 105.7 104 102.5 101.5 100.2 99.6 99.8 99.7 99.7 100.1 101 101.9 102.6 102.2 100.7 98.6
137.9 127 121.7 122.3 124.2 127.1 131.7 134.3 134.6 137.3 141.7 146.9 152.8 161.3 171.5 183.2 193.1 203.4 213.6 225.1 239.5 255.3 263.3 264.1 260.7 256.9 252.5 248.2 243.8 240.7 234.5 229.6 225.5 221 216.1 209.9 203.4 192.4 175.5 175.5 185.9 184.7 180.6 174.9 166.8 160.5 165.6 160.9 154.8 148.4 143.7 143.4 142.7 141.6 140.5 137.8 131.2 131.3 134.6 136.1 134.8 133.4 131 127 121.2 115.7 111.6 109.2 108.5 106.5 104.2 103.3 102.1 101.7 101.4 101.2 101.1 101.5 102.1 102 101.3 100.4 99.9 97.8
131.6 121 118.8 120.7 122.5 125.2 126.5 128.9 131.3 134.4 138.1 143.2 149.3 154.6 164 175.2 186.6 197.4 207.2 217.6 231.6 246 258.1 267 265.8 261.7 257.3 252.9 247.7 243.2 237.9 231.7 226.7 221.9 216.9 211.2 203.8 188.5 178 188.4 193.7 190.3 183.5 176.4 164.4 170.6 172.7 167.4 160.8 154.2 149.2 150.4 149.1 147.3 145.5 139.6 133.7 134.2 137.7 140.6 139.2 137.3 133.9 126.3 119.5 118.7 117.7 114.9 112.5 109.1 106.5 105 103.8 103.4 103.2 102.9 102.5 102 102 101.2 100.1 98.7 97.7 95.5
123.7 118.8 121.4 122.6 124.3 130.6 135.1 132.7 130.7 132.5 136.3 141 146.3 152.8 158.3 169.2 180.6 192.1 201.5 209.4 222.3 235.3 245.9 255.8 268.1 266.4 262 256.9 251.7 246.5 240.2 233.5 227.7 222.7 216.2 208.7 195.9 186.6 190.5 200.7 199 192.9 185.6 173.6 174.6 180.1 178.1 172.5 166.2 160 156.2 156.4 155 152.5 149.5 141.9 136.9 139.4 140.5 142.4 141.8 138.1 132.8 125 124.1 124.5 123.2 120.2 116.1 111.8 108.7 107.2 105.6 105 104.7 104.4 103.4 102.5 101.7 99.9 99.1 97.6 95.9 94
116.4 120.7 127.3 131.2 137.3 141.6 143.7 140.7 133 132.9 135.9 139.7 144.7 151.2 157.6 164.6 175.6 186 196 204.7 215.2 225.3 235.2 244.8 258 269.8 266.4 261.2 256.1 249.6 242.9 235.4 228.7 221.5 214 203 194.7 197.5 205.5 206 200.8 192.7 179.6 179.7 187.5 186 181.6 176.3 170.9 166.4 163 161 158 155.2 148.5 141.1 142.4 143.3 143.4 144.1 143.5 140.4 134.7 126.1 130.4 129.9 127.7 123.3 118.4 114.2 110.9 109.2 107.6 106.5 106.2 105.7 104.2 103 101.6 98.7 98.1 96.8 95.5 94.3
114.8 125.6 132.9 138.5 145.6 151.6 151.1 147.2 139.1 134.7 136.6 140.9 144.6 150.7 157.1 161.9 170.3 179.9 189.5 198.9 209.4 218.2 227.1 235.8 244.9 257 268.1 266.2 260.7 253.6 245.9 237.9 229.8 220.9 209.7 204.7 208.3 212.6 212.8 207.9 201.3 188.1 186.6 194.1 194.2 189.3 184.4 179.4 175.3 172.1 168 164.3 159.7 151.6 148.1 149.8 149.6 147.3 146.6 147.4 146.2 141.4 134.5 133.7 135.3 135.2 130.3 125.1 120.4 116.1 113.3 111.1 109.6 108.4 107.6 106.5 105.1 103.7 101.7 99.3 97 96 94.7 93.9
121.7 131.4 139 145.5 152.3 157.9 156.8 152.8 146 137.3 139.2 142.5 145.4 150.5 156.4 161.9 166.3 174 183.7 194.5 203.5 211.9 219.9 227.9 236.8 245 256.1 268.3 264.9 257.8 250.3 241.5 231.5 220.4 218.6 219.8 221.1 220.5 216.3 209.5 201 189.8 197.6 201.9 198.2 193.4 188.2 183.5 179.8 175.5 170.6 164.4 154.6 156.1 154.9 156.4 154.5 151.7 149.9 150.3 148.6 143.7 134.6 138.3 139.1 138.9 134.5 128.5 122.5 119.3 116.1 113.2 111.7 110.4 109.6 108.5 107.1 105.5 102.7 99.9 97.8 96.1 95.1 94.3
129.2 137.9 144.9 151.8 160.1 165.6 163.3 159.2 153.4 143.3 141.6 143.1 145.8 148.2 154.2 160.7 165 168.5 176.3 186.6 196.3 204 211.9 220.2 228.6 236.3 243.9 256 266 262.3 254.8 245.5 236.2 233 235.1 233.1 229.5 225.8 217.6 209.2 198.8 199.4 207.2 206.8 202.2 197 191.7 187.3 182.1 177.4 170.7 160.3 163.1 162.9 160.4 161.5 159.2 155.8 153.5 151.9 147.3 139 144.8 144 143.2 140.3 136.7 131.9 126.6 123 118.9 115.2 113.5 112.1 112.4 113 111.1 109 106.4 103.8 101.1 98.5 96.6 94.7
137.2 143.9 150.6 160.1 167.9 170.9 168.1 163.9 160.1 151.5 144.6 143.3 145.4 147.9 152.5 158.2 162.6 165.9 170.4 179.4 188.9 196 204 212.2 219.9 227.8 235.6 244.1 250.4 254.5 254.9 251.6 248.5 247 247.3 242.9 236.6 228.1 219 207.6 205.9 211.6 212.8 210.9 205.7 200.4 194.9 189.8 184.3 179 165.2 170.7 173 168.3 166 166.5 163.3 159.8 156.9 153.1 147.8 149.3 150.6 147.4 145.2 141.4 137.1 132.2 127.6 123.8 120.1 117.4 115.7 113.9 116.1 116.4 115.1 112.4 110.2 108 105.3 101.9 99.2 96.4
144 149.6 157.1 165.3 171.5 174.6 173.2 169.7 165.8 160.6 155.1 150.4 145.6 147.8 151.2 155.3 158.9 162.7 168 175.6 183.7 189.8 197.1 203.3 210.7 218.6 226.8 231.6 234.2 236.8 240.1 245.4 253.4 258.7 256.9 249.7 241.2 230.3 220.7 216.7 218.2 218.5 217.4 214.1 208.6 203.1 197.5 192.3 184.9 171 175.5 181.6 180.7 175.4 173.5 171.5 167.6 163.8 160.5 154.8 149 151.7 154.8 150.1 147 143.2 139.5 134.8 130 125.1 121.5 119.6 118 114.9 117.5 118.9 117.2 115.1 113.3 111.5 108.2 104.1 100.4 97.6
146.6 152.7 158.7 164.4 171.4 176.2 178 175.1 171.8 168.6 166.2 161.1 157.4 153.1 148.4 153.2 156.8 160.8 166.5 171.2 177.6 183.3 188.8 195 201.7 208.7 215.5 220 223.4 226.2 229.4 234.2 242.4 253.9 261.8 255.2 245.2 233.4 231 229.7 226.8 223.7 220.1 215.4 210.2 204.2 198.7 188.6 175.8 181 188.3 189.1 186.7 183.1 179.8 176.9 172.4 167.9 161.1 156.7 158 158.1 158.5 154.2 149.5 146.9 143.7 138.6 133.2 127.5 123.2 121.7 120.8 115.4 121.2 121.5 119.8 117.2 115.7 114.5 110.9 106.9 102.9 99
145.3 153.9 158.7 163.2 170.6 176.3 179.6 179.3 178.3 176.1 173.8 172 168 163.6 159.8 153.1 155.6 160.1 164.9 169.2 172.5 178.5 183.1 189 194.1 199.6 206.2 210.7 213.7 216.9 220.6 225.3 231.8 241.9 253.8 255.1 246.8 242.7 242.5 239 234.5 228.5 222.6 217.3 212.1 205.5 195.7 182.9 187.5 195.8 197.1 195.4 192.5 188.6 185.1 180.6 175.6 169 164.5 165 163.5 162.2 161.2 158.8 154 149.4 145.1 138.7 133.4 128 125.5 124.4 123 119.5 125.6 124.8 123.3 121.6 119.4 116.7 113.5 109.5 105.5 101.2
139.3 148.4 156.3 161.4 167.3 174.1 175.5 178.2 182.6 181.1 179.1 177.5 176.3 171.9 167.9 163.5 156 158.1 161.6 165.1 169.8 174.2 179.1 183.2 188 192.8 198 201.9 204.5 208.3 212.2 216 221.5 229.2 239 247.9 252.4 253.9 250.8 246.1 241.3 234.4 226.6 218.4 212.5 203.1 190.7 192.1 202.1 205 204.1 201.8 198 194.2 189.3 184.5 175.6 169.8 172 170.7 167.8 166.4 164.8 161.3 156.3 151 144.7 137.5 131.7 129.6 128.7 129.3 127.9 123.9 127 127.8 126.5 124.4 121.6 119 116.2 112.1 107.7 104.1
133.3 142.2 149.6 154.3 158.6 162.3 163.5 167.1 179.2 184.3 183.3 183.3 182.4 179 174.7 170.5 165.3 158.5 164.6 163.9 168.5 172.2 176.8 180.3 182.8 187.2 191.9 193.2 196.2 200.1 203.3 206.7 211.5 217.5 224.9 235.1 249 255.3 256.5 252.7 246.4 236.7 229 219.1 210.8 200.1 197.2 205.7 211.1 212.1 210 206.5 202.6 197.3 192.2 185.9 180.2 181.3 178.4 174.5 170.7 168.1 165.3 161.8 156.3 149.8 141.2 137.3 136.1 133.9 133.8 134.2 133 128.9 129.1 130.9 129.7 127.4 125 122 118.7 114.9 111.1 107.3
127.1 136.4 141.3 144.7 147 149.6 150.1 161.6 172.8 179.9 186 188.5 187.3 184.7 182 177.6 172.7 166.1 161.8 164.8 168.1 171.4 175.1 177.3 179.6 182.3 184.6 186 188.2 191.8 194.5 197.7 203 209 216.7 226.9 238.8 248.2 255.7 257 248.4 239.4 230.4 221.3 211.7 205.4 208.7 216.6 218.8 218 214.2 210.3 206.7 201.4 194.3 187.2 187.5 186.7 183.2 177.7 173.2 168.6 162.9 157.2 152.7 144.1 143.3 144.7 142.2 139.3 138.2 138.5 136.4 132.1 132 134 133 130.4 127.8 124.4 121.3 117.8 114.2 111.1
120.9 129.9 131.1 132.3 135 140.7 146.9 156.6 163.6 171.8 178.8 186.3 190.7 190.3 188.4 185 180.3 174.8 168.9 164.1 167.5 170.6 172.6 174.8 177.1 178.6 179.8 181.7 181.7 183.6 185.5 189.7 195.4 201 208.6 219.3 229.3 239.4 247.3 255.6 250.1 241.3 232.5 224.1 218.9 213.7 218.2 224.2 225.3 224.3 221 217.1 213 205.9 199.7 195 193.8 191.2 186.3 181.3 176 170.6 162.4 153.8 149.7 152.4 156.7 151.9 148.1 144.5 143.6 141.9 139.8 137.5 137.8 138 136.1 133.2 130.3 127.2 124.1 120.5 116.7 113.3
117 121.2 121.9 125.2 129.8 135 141.3 146.7 154.8 163.4 170.6 180.5 190.2 194.1 194 190.7 188 184.6 178.3 172.4 168.6 168.5 170.8 172.4 173.9 175.1 175.8 177 177 178.5 179.1 183.2 188.5 193 200.2 210.8 220.8 230.4 238 245.4 250.2 241.5 232.2 226 225.5 221.1 226.4 230.5 231.8 230.6 227.8 223.7 219.5 213.8 208 202.9 200.3 196.3 190.6 185.2 179.2 172.1 161.2 157.7 154 162.7 162.9 158.9 154.8 152.4 150.6 147 144.1 143.1 141.9 141.1 138.7 136.1 133.2 130.2 126.7 122.9 119.1 115.7
116.1 115.2 117.5 121.1 125.3 128.8 134.3 139.4 145.6 153.1 162.4 173 182.5 192.7 197.6 195.6 193.4 192 186.8 181.2 174.9 172.6 173.4 173.9 174 173.6 172.5 171.3 172.6 172.9 174 178.1 180.7 183.9 191.5 202.3 212.3 221.2 228.6 236.8 247.9 247.9 240 231.3 230.5 229.4 233.5 236.8 237.6 235.6 233 229.5 225.7 220.8 215.1 209.8 206 200.5 194.4 188.1 179.7 167.1 164.7 165.7 159.2 169.4 170.4 167.2 163.9 161 157.6 153.1 149.9 147.8 146.2 143.6 141.1 138.2 135.6 132.8 129.1 125.3 121.5 118.5
113 111.7 113.6 116.4 120.2 123.4 127.3 131.9 137.3 144.3 151.9 160.8 170.9 180.1 187.5 193.8 198.2 197.2 194.5 188.8 182.4 178.2 177.8 177.7 177.8 176.2 173.7 170.5 168.3 168.3 169.8 172.7 172.9 178.3 185 195.6 206.1 214.5 222.6 230.4 242.2 253.3 246.8 240.3 239.1 238 239.3 242.4 242.1 240.2 237.8 234.5 230 225.1 220.1 215 208.7 201.6 194.6 183.4 171.9 170.2 175 172.2 168.2 179.3 178.1 174.8 171.3 166.7 162.6 157.6 154.4 152.1 150 147.9 144 140.5 138 134.5 130.9 126.9 124 121.1
107.3 109.2 111.2 113.3 115.4 118 121.4 125.8 130 135.7 142.9 150.1 158.4 167.2 175.4 181.8 190 197.4 201 196.2 192.2 188.2 185.6 183.5 181.1 176.6 171.8 168.8 166.2 164.4 166.1 166.8 169.4 175.9 182.4 191.4 200.1 208.5 216.6 224.7 234.8 246.7 254.8 249.8 249.8 247.9 247.1 246.8 245.9 244.8 242.3 238.8 234.3 229.4 224.2 218 209.3 198.4 185.7 177.9 178.2 181.8 180.7 174.9 177 184.8 182.8 179.4 176 172.1 166.8 162.4 159 156.2 154.2 152.1 148 143.4 140.3 135.4 131.1 125.8 121.2 118.3
104.6 107 109.1 110.7 112.1 114.1 116.9 119.8 124.3 130.3 136.3 142.3 148.1 154.4 162.2 169 176.5 187.2 198.8 202 199.9 197.3 194.6 190.9 186.2 181 174.3 167.8 162.8 159.7 165.6 162.8 167 173.1 179.8 186.9 194.5 202.5 210.6 218.9 227.6 239.3 251.3 258.5 258.4 255.8 252.9 251.8 250.5 248.8 246.1 242.5 237.5 232.1 225 216.1 203.1 192.1 187 186.7 191.6 189 183 178.5 186.2 188.9 185.3 180.1 176.4 173.1 171.1 168.2 164.1 160 157.4 154.5 150.1 145.6 141 136.1 129.8 124 117.1 112.8
103.1 104.8 106.8 107.6 108.9 110.8 113.3 116.2 118.7 123.7 128.5 134 140.2 146.6 149.9 156.1 165.8 176.5 186.3 198.2 207.5 205.2 201.7 198 192.9 187.5 180.2 173 167.2 157.5 157.9 161 164.1 170 176.8 183 188.8 196.5 204.8 213.1 220.9 229.9 243.5 256.2 264.4 262.6 259.3 256.1 253.9 251.9 248.7 244.8 240.2 233.6 225.2 212.9 205.7 203.9 202 202 200.3 195.4 187.2 187 194.1 193 188.3 182.4 177.1 176.1 176.4 173.6 169.2 164 159.1 155.5 151.4 147.2 142.3 135.8 128.5 121.7 114.1 108.8
