data/360000-100000.asc
ncols 200
nrows 200
xllcorner 360000
yllcorner 100000
cellsize 50
[rows 35 to 69 of 200, columns 78 to 155 of 200]
109.3 108.4 108.6 110.1 113.4 114.3 114.3 114.2 113.8 113.4 113 110.7 106.7 103.9 101.1 98.6 97 95.7 95.3 95.5 96.3 96.5 96.8 97.1 95.4 93.6 91 90.1 90.9 90.7 90 90 90.7 90.6 90.5 90.4 91 91.1 91.3 92.9 93.5 92.2 91.2 90.2 89.1 87.6 86.1 85.1 84.8 84.8 85.2 85.6 85.9 86.3 86.6 86.8 86.9 86.7 86.2 85.6 85 84.5 83.9 83.6 84.2 84.7 84.8 85 85.1 85.8 86.9 87.9 89 90.4 90.6 91 91.6 92.7
112.5 111.5 110.7 109.5 112.6 115.6 115.7 115.8 115.6 115.2 113.9 111 107 103.5 101.5 99.3 97.4 97.2 97.8 98.9 99.6 99.3 98.7 98.3 96.4 93.4 91.6 90.8 91.1 91.4 89.3 90.1 90.8 91.3 91.2 91.4 91.9 92.5 92.9 93.8 94.1 93.2 92.6 91.3 90 88.5 87 85.8 85.5 85.3 85.7 86.1 86.4 86.7 87 87.2 87.4 87.3 86.7 86.2 85.7 85.1 84.2 84.1 84.7 85.3 85.5 85.6 85.6 86.6 87.5 88.4 89.6 91.6 92.4 92.6 93.3 94
114.2 113.5 112.4 110.1 112.1 115.9 117.4 117.4 117.1 116.5 115 111.8 108.1 103.5 101.7 99.9 98.6 99 99.9 102.9 104.2 102.5 101.2 99.2 96.4 93.7 92.5 91.9 92 91.7 91.7 91.7 91.8 92.1 92.1 92.8 93.1 93.5 93.8 94.2 94.9 94.4 94 92.7 90.9 89.4 87.9 86.6 86.2 86 86.2 86.6 86.9 87.1 87.3 87.5 87.7 87.7 87.2 86.8 86.3 85.7 84.8 84.6 85.2 85.8 86.1 86 86.1 87.1 88 88.9 90 92.1 93.3 93.8 94.5 95
115.1 114.6 113.5 112.1 111.6 114.9 117.1 118.1 118.2 117.8 116.2 113.2 109.7 104.9 101.7 101 101.5 101.6 102.8 105.8 107.4 105.8 102.7 99.5 96.4 94.3 93.4 92.9 92.4 92 92.1 92.5 93 92.9 93.6 93.5 93.7 94.1 94.6 95.5 95.5 95.8 95.4 93.6 91.8 90.3 89 87.7 87.1 86.6 86.7 87 87.2 87.4 87.6 87.8 87.9 88.1 87.6 87 86.4 85.7 84.8 85.2 85.9 86.6 86.6 86.5 86.4 87.3 88.3 89.4 90.5 92.5 93.4 94.3 95.2 96
115 115.2 114.6 114.1 113.4 113.4 115.8 117.4 119.3 118.8 117 114.3 109.6 103.8 103.7 104.7 105.6 105.9 106.9 109.1 109.3 106.9 102.5 99.2 96.6 94.7 94.1 93.6 92.9 92.1 92.7 93.7 94.1 94.4 94.8 93.8 94 94.8 95.7 96.5 97 97.1 96.8 95.1 92.8 91.3 90.1 88.9 88.2 87.6 87.2 87.3 87.5 87.7 87.9 88.1 88.3 88.3 87.7 87.1 86.5 85.7 85.2 86 86.8 87.2 87.3 87 86.9 87.4 88.5 89.5 90.6 92.8 93.9 94.9 95.8 96.6
114.6 115.2 115.2 115.3 115.2 114.9 115.7 117.4 119.3 119.6 117.7 114.5 109.8 106.7 108.1 109 110 110.3 110.9 110.5 109 106.3 101.9 98 96.4 95.3 94.9 94.6 93 93.1 93.6 94.4 95.3 95.6 95.9 94.8 94.1 95.5 96.6 97.1 97.3 97.8 98.2 96.7 95 93.4 92.2 90.7 88.9 88.4 88.1 87.9 88 88.2 88.4 88.6 88.8 88.3 87.5 87.1 86.5 86.7 85.7 86.9 87.5 87.9 88 87.6 87.3 87.6 88.6 89.2 90.4 92.5 94 95.4 96.3 97.1
113.7 114 114.7 115.3 116 116 117.6 119.5 121.4 120.8 118.9 114.6 111 110.7 112.5 113.3 113.7 113.6 112.6 110.2 107.1 104.4 100.1 98.6 97.3 96.1 95.4 94.9 93.7 93.5 93.8 94.8 95.6 96.9 97.1 95.8 95.2 96.1 97.4 97.3 97.4 97.8 98.1 97.6 97.1 95.6 94 92.5 90.6 89.2 89 88.8 88.6 88.7 88.9 89 89 88.4 87.6 87 87.4 87.7 86.4 87.8 88.2 88.5 88.6 88.3 88 87.7 88.3 88.6 90 92 93.6 95 96.4 97.1
112.2 113 113.7 114.5 115.7 116.7 119.4 121.5 122.9 121.8 120.4 115.1 113.7 114.6 116.2 116.8 116.9 115.4 114 109.7 105.2 103.4 101.9 99.8 98.1 96.9 96.2 95 93.8 93.7 94 94.7 95.7 97.3 98 97.8 96.6 98.2 98.8 98.4 98 98.1 98.1 98.4 98 97.1 95.7 94 92.1 90.7 90.1 89.7 89.5 89.3 89.3 89.5 89 88.4 87.8 88.2 88.4 88.3 86.7 88 88.8 89.2 89.3 89 88.7 88.5 88.6 88.7 89.4 91.3 93 94.5 95.9 97.2
111.6 112.3 113 114 115.2 116.9 119.2 121.8 123.6 123.4 122.2 117.1 116.2 117.8 118.5 119.3 118.9 117.3 114.3 110 107.3 105.5 103.3 101.4 99.5 97.6 96.3 94.8 94.5 94.5 94.5 94.6 96.6 98.2 99.2 99.5 99.2 100.5 100.8 100.4 98.9 98.7 99.9 100.2 99.3 97.9 96.8 95.2 93.6 92.1 91.3 90.3 90.1 90.2 90 89.7 89.1 88.5 89 89.3 89.5 88 87.3 88 88.8 89.6 90 89.8 89.6 89.4 89.1 88.8 89.5 90.7 92.5 93.9 95.5 96.8
110.9 111.6 112.3 113.4 114.6 116.4 118.8 121.7 124.6 124.4 122.9 120.1 118.4 118.3 119.5 119.8 119.3 117.7 114.9 111.2 108.3 106.4 104.3 102.4 99.9 97.5 96 95.5 95.1 95 95 95 96 98.2 99.8 100.9 100.8 101.6 101.7 101.1 99.3 100 100.2 100.3 100.5 99.2 97.9 96.9 95.1 93.5 92.5 91.3 90.5 90.4 90.5 90.5 89.9 89 89.5 89.9 89.7 88.5 87.9 88.4 89.7 90.3 90.8 90.8 90.5 90.3 89.7 89.2 89.8 90.7 92 93.5 95.1 96.2
111.7 112 112.5 113.3 114.2 115.9 118.4 121.7 124.3 124.9 122.6 120.1 117.5 115.5 116.4 116.9 115.9 114.8 112.7 109.7 108.3 106.5 104.7 102 99.2 97.2 96.5 96.6 96.1 95.7 95.5 95.5 95.7 98.4 100.1 101.3 102.4 102.4 101.9 101.4 100.8 100.2 100.3 101.3 101.6 100.2 99.3 98.8 97 95.3 93.8 92.9 92 91.2 91.2 91.2 90.4 89.5 89.8 90.3 90 88.4 87.7 89 90.3 91.4 91.6 91.7 91.9 91.1 90.5 89.9 90.1 90.8 91.7 93.1 94.6 96.3
112.5 112.9 113.3 113.9 114.6 115.4 118.2 121.1 123.9 124.4 121.9 119.4 115.3 112.7 112.4 112.9 112.6 111.5 109.5 107.6 106.2 104.9 103.5 101 98.6 97.5 97.6 97.7 97.1 96.6 96.3 96 96.7 97.9 100.3 102.1 102.8 102.8 102.3 102.2 102.2 100.5 102 103.7 103.6 101.5 100.5 100.1 98.9 97.1 95.7 94.7 93.4 92.3 92.3 91.5 90.6 90.1 90.2 90.7 90.2 88.4 88.2 89.4 91 92 92.4 92.6 92.5 91.9 91.4 90.8 90.7 91.1 91.6 92.6 93.9 95.2
113.4 113.8 114.2 114.7 115.3 116 117.3 119.8 122.9 123.2 121.2 118.6 115.8 112.6 109.9 110.3 109.7 108.5 107 105.6 104.1 102.6 100.9 98.8 98.5 98.6 98.7 98.8 98.2 97.6 97.2 97 97 97.7 99.5 102.1 103 103.6 103.2 102.5 102.7 102.4 104.3 104.3 104.1 103 101.7 100.9 100.5 98.9 97.3 96 94.7 93.4 92.7 91.9 91.1 90.6 91.2 91.1 90.9 89.9 89.2 90.3 91.2 92.1 92.7 92.8 93.2 92.9 92.3 91.8 91.3 91.6 91.8 92.6 93.7 95
114.4 114.8 115.2 115.6 116.3 116.9 118.2 120 123 121.9 120.2 118.1 115.4 112.5 109.5 107.5 106.9 105.5 104.3 103.4 101.8 100.1 99.4 100 100 99.6 99.8 99.5 98.7 98.2 98.2 98.3 98 98.3 98.9 101.2 103.8 104.5 104.8 103.8 103 104.6 104.8 104.8 104.6 104.1 103.5 102.3 101.5 100.2 98.4 97.1 95.6 93.9 93.1 92.4 91.5 91.2 92.1 91.9 91.7 91 89.3 89.9 91.1 92.2 93 93.4 93.9 93.8 93.2 92.7 92.2 92 92.1 92.9 94.6 96.1
115.6 116 116.4 116.7 117.2 118.3 119.3 120.7 122.5 121.5 119.3 117.1 115 111.4 109.3 108.2 107.1 105.1 103.8 102.6 101.4 101.3 101.7 102 101.5 100.8 100.8 100.1 98.8 99.1 98.9 98.6 98.4 98.6 99.4 100.6 102.7 105.5 106.3 105.5 104.8 105.9 106.5 106.3 105.6 104.7 104 103.2 102.4 100.9 99.4 97.6 95.9 94.3 93.5 92.8 92 91.8 92.7 92.5 92.4 92.3 90.5 90.6 91.1 91.9 93.4 93.6 94.4 94.7 94.2 93.8 93.4 93 92.6 93.8 94.6 96.5
116.9 117.1 117.5 118 119.1 120.3 120.7 121.9 122.6 122.3 119.8 117.9 114.8 111.9 111.5 110.1 108.3 106.6 105 103.8 102.5 102.4 102.8 103.3 103 102.3 101.5 100.2 99.6 99.8 99.8 99.1 98.9 99.1 99.7 100.5 102.1 105 107.7 107.4 107.4 108.2 108.1 107.4 106.7 105.5 104.7 103.8 103 101.4 99.9 98.3 96.8 95.2 94.1 93.2 92.4 92.9 93.6 93.3 92.6 92.9 92.2 90.5 91 92.1 93.9 94.1 94.2 95 95.4 95.1 94.7 94.3 93.6 93.3 93.7 96.1
118.3 118.5 119.1 119.7 121.1 122.2 122.4 122.6 123.4 123.4 121.2 118.9 114.7 114.2 113.3 111.3 109.5 107.6 106 104.5 103.4 103.4 103.8 104.4 104.1 103.8 101.2 100.2 100.3 100.4 100.4 100 99.8 100.1 100.6 101.2 102.4 104.4 107.3 109.5 109.7 109.6 108.9 108.2 107.4 106.4 104.8 104 103.5 101.9 100.5 99.4 98.1 95.7 94.4 93.5 93.1 93.6 94.2 93.6 92.7 93.7 93.2 92.3 91.7 92.2 94.1 94.5 94.6 95 95.5 95.9 95.8 95.6 94.9 94.1 93.6 94
119.7 120.2 120.8 121.4 122.6 123.7 123.8 124.2 126.2 126.8 125.2 121.3 117.6 117.7 115.7 112.7 110.7 108.8 106.9 105.1 105.1 105.3 105 105.4 105.2 103.2 102.1 101.2 101 101 101 100.9 101 101.2 101.6 102.2 102.9 104.6 108.7 110.3 110.8 110 109.2 108.4 107.5 106.5 104.7 103.3 103.5 102.2 101.7 100.5 98.3 96 94.4 93.2 94 94.3 94.7 94.5 94.5 94.7 94.2 93.2 92.4 92.1 93.9 94.5 94.9 95.4 95.8 96.2 96.5 96.6 96.1 95.3 94.4 94.1
121.2 121.6 121.7 121.9 123.2 124.3 125.1 126.9 128.8 128.9 127.5 124.3 121.8 120.3 117.9 115.1 112.1 110.1 107.7 106.3 106.6 106.2 105.8 106.3 105.4 104 103.8 103 103.4 103.1 102.8 102.8 102.9 103 103 103 103.8 105 109.8 111.2 111.3 110.2 109.4 108.6 107.5 106.5 104.7 103.3 102.9 101.9 100.4 99.5 97.6 95.6 94 93 95 95.4 95.4 95.3 95.3 95.5 95.1 94.3 93.3 92.7 93.6 94.9 95.3 95.8 96.2 96.6 97.2 97.7 97.5 96.8 95.6 94.3
122.3 122.4 122.5 122.7 123.6 124.7 125.9 127.7 129.9 130.5 129.8 127.1 123.6 120.8 118.1 115.6 113.2 110.5 107 108 108.4 107.3 106.8 106.6 105 103.8 104 104.1 105.8 106.7 106.4 106 105.2 105 104.6 104.2 103.9 106.9 112.3 111.9 111.8 111.3 109.6 108.5 107.5 106.5 105.3 104.1 102.5 101.6 100.1 98.7 96.2 95.4 94.8 94.4 95.5 96.4 96.2 96.1 96.1 96.1 95.7 95.4 94.5 93.6 93.5 95.3 95.7 96.2 96.7 97.2 97.7 98.3 98.9 98.4 97.4 95.9
123.7 123.7 123.6 123.6 124.2 125.2 126.7 128.8 131.5 130.7 127.9 125.8 122.7 120.5 117.7 114.9 112.3 109.1 108.5 110.1 109.8 108.8 107.5 105.5 105.1 107.5 105.3 105.7 107.6 109.5 109.9 109.7 108 107.4 107 105.8 105.7 108.4 113.3 112.7 113.1 111.1 108.4 107.2 106 105 104.1 102.9 102.1 101.3 99.5 97.7 96.9 95.9 95.3 95.8 96.7 97.3 97.1 96.9 96.9 96.7 96.3 96 95.5 94.6 93.6 95.7 96.2 96.8 97.3 97.8 98.3 98.9 99.8 99.6 98.7 97.3
125.3 125.3 125.2 125.3 125.1 125.8 127.6 128.8 129.8 129.1 125.1 123.8 121.8 119.7 117.3 114.3 111.6 109.8 110.7 112 111.2 110 107.4 107 107.6 107.3 107.5 108 110.5 112.1 113.4 113.2 111.1 110.9 110.1 109 108 110.2 114.1 114.2 112 109 106.9 105.7 104.7 103.7 102.7 101.8 100.9 100.1 99.4 98 97.3 96.4 95.8 96.6 97.4 98 98 97.7 97.6 97.3 97 96.8 96 95 94.5 95.8 96.7 97.3 97.8 98.4 98.9 99.8 100.6 100.9 100.3 98.7
126.5 126.9 126.8 127 127 126.6 128 128.7 128.4 127.5 125.2 123.3 121 118.2 116.6 114.3 111.9 112 113.1 113.5 112.5 110.1 108.4 107.8 107.6 107.2 108.4 111.5 113.8 116 116.4 115.9 115 114.2 111.9 111 110.1 111.1 111.7 111.3 109 107.9 105.8 105 104 102.8 101.7 100.6 99.9 100 100.4 99 97.6 96.9 96.5 97.3 98 98.5 98.8 98.7 98.3 98.1 97.8 97.6 96.5 95.7 95.7 95.9 96.8 97.7 98.4 99 99.7 100.5 101.2 101.9 102 100.9
127.6 128.4 128.5 128.8 128.8 128.6 128.5 128.7 126.8 125.1 123.2 121.6 119.9 117.7 116.4 114.2 112.8 114 114.5 114.1 112.7 110.2 107.2 108.5 108.3 108.8 112.5 115.7 117.4 118.8 119 118.6 118.1 114.2 113.5 111.4 111.1 110.7 110.2 109.6 108.4 107.1 105.7 104.8 103.5 102.7 101.6 100.6 100.4 100.2 101 100 98.4 97.3 97 97.8 98.6 99 99.3 99.6 99.1 98.6 98.1 97.6 95.8 95.8 96.2 96.8 97.6 98.4 99.3 99.8 100.5 101.2 102.6 103.5 103.9 103
128.7 129.6 130.3 130.6 130.9 131.1 130.9 130 126.2 124 120.9 119.5 118.8 117.2 116 114 115.2 115.7 114.9 114.5 113.1 110.9 108.8 109.1 109.9 111.7 115.8 119.3 120.7 121.1 121.3 119.9 117.2 114.5 113 111.9 111.4 109.9 109.5 109 108 106.8 105.7 104.3 102.8 102.1 101.4 101.1 100.9 100.7 101 101.2 100.1 98.7 98 97.8 99.1 99.6 100 100.3 100.2 99.2 98.1 97.2 96.4 96.6 97.1 97.6 98.4 99.4 100.3 100.7 101.3 102 104 104.5 104.9 104
129.8 130.8 131.7 132.3 132.7 133.2 133.6 133.2 131.8 128.6 126 124.1 122 120 118.7 117.3 117.5 116.7 115.7 114.8 113.1 111.8 109.6 112.5 113.5 114.4 119.1 122.3 123.1 123.1 120.9 118.3 115.6 114.3 112.6 111.5 111.1 110.5 109.6 108.3 107.6 105.7 104.5 102.8 102.6 102.2 101.9 101.9 101.8 101.6 100.1 101.2 101.3 99.9 99.7 99.5 100.3 100.3 100.7 100.9 100.9 100.5 99.4 97.7 97.1 97.5 97.9 98.5 99.4 100.4 101.3 101.7 102.2 102.8 104.4 105.5 105.7 105
128.3 130.1 133.1 133.8 134.6 135 135.4 136.1 136 133.1 130.4 128.2 126 123.9 121.4 119.3 119 118.2 116.8 114.9 112.6 110.8 112 116.2 119.4 120.3 123.4 124.8 125.4 122.3 119.3 116.5 115 114.3 113.4 112.3 111.5 111.2 109.6 108.7 107 105 104.1 103.6 103.5 103.2 102.8 103.1 102.3 101.7 101 101.8 102.1 101.6 101.5 101.6 101.1 101 101 101.2 101.4 101.3 99.8 97.5 97.9 98.3 99 99.9 100.5 101.4 102.3 102.8 102.5 103.3 104.7 106.3 106.6 105.6
128.2 130.4 133.2 134.7 136.6 137 137.6 139.3 138.9 136.8 134.2 131.2 128.3 126.1 124.2 121.3 119.6 118 117.1 115.1 113 111.9 114.7 120.2 124.6 125.7 126.7 127.5 124.3 120.8 117.8 115 115 114.6 114.2 113.1 112.1 110.3 108.8 108.2 106.6 105.5 104.8 104.3 104.4 104.2 103.7 102.6 100.7 102.2 102 102.6 103.7 103.4 103 102.5 102.1 101.6 101.3 101.3 102 102 100.1 98.4 98.8 99.5 100.8 101.7 102.3 102.9 103.5 103.6 103.6 103.6 104.9 106.3 107.1 105.9
131.1 132.1 133.4 135.5 137.9 139 140.1 140.8 141.2 139.3 136.6 133.2 129.5 125.8 123.1 121.4 119.1 116.4 116.4 113.4 114 112.5 116.3 122.5 128 129.8 129.5 128.1 123.8 119.5 117.8 117.1 117.1 117.1 117.4 116.8 113.6 110.8 108.8 107.4 107 105.8 105.5 105.1 105.2 105.3 105 104.5 103.9 104.5 103 104.1 106.3 104.6 103.9 103.4 103 102.5 103.1 101.6 102.7 102.8 101.2 100 100.1 101.3 102.5 103.4 104.1 104.7 105.2 105.3 105.3 105.2 105.1 106.5 106.7 106
132.5 134 135.4 136.3 138.6 140.6 141.3 142 142.8 140.9 137.7 134.1 129.1 126.4 123.9 121.4 117.3 117.6 118 117.1 115.9 114 118.7 124.7 131 132.9 133.6 129.1 123.4 119.8 117.9 119.7 120.6 120.9 121.8 119.8 115.5 112.2 110.3 108.9 108.1 107 106.7 106.6 107.4 108.4 107.7 106.9 105.9 106.2 106.1 108.2 108.9 106 104.8 104.3 103.8 104.4 105.8 105.2 105.7 104.8 103.4 100.7 99.7 101.1 103.7 105.4 106.1 106.8 107.3 107.1 106.8 106.7 106.1 106.9 106.3 105.6
134 135.4 136.9 138 139.5 141.4 142.5 143.2 141 137.9 134.9 132.2 128.9 126.5 123.9 121.2 120.1 120.8 120.6 119.3 115.2 117.2 122.6 128.3 133.2 135.6 133.2 126.3 122.6 120.8 120.6 122.5 124.4 126.6 128.4 124.3 118.6 114.8 112.5 109.5 108.7 108 107.4 107.3 108.6 109.5 109.4 108.8 108.1 108.6 109.8 111.2 110 107.7 106 105 105 106.5 107.8 108.3 107.9 107 106 102.7 101 102.8 105.5 107 108.3 109 109.2 109.1 108.9 107.7 107 106.6 105.8 105.1
135.9 137.2 138.6 139.9 141.7 143.2 144.7 142.7 139.3 134.4 130.9 129.3 127.8 125.2 122.6 120.3 122.1 123.4 122.7 119.5 118.6 121.6 127 132.7 137.3 136.7 132 125.8 122.1 121.4 123.3 127.3 130.1 132.4 135.6 127.5 122.9 117.7 114.6 110.9 109.5 108.9 108.3 108.4 109.4 110.4 110.6 110.4 110.5 111.1 111.7 112.3 110.2 108.3 106.8 106.1 107.2 108.3 109.6 110.2 109.3 108.1 106.7 101.8 101.9 106.1 108 109.1 109.9 111.1 111.1 111 110.9 109.7 108.5 107.6 106.3 104.8
137.8 139 140.4 141.8 143.2 144.4 145.4 142.4 137.6 132.8 129.5 127.9 125.2 124.6 124 122.9 124.2 125.7 124.1 119.2 122.9 126 132.4 138.1 140 137.9 131.3 125.3 122.1 124.4 127.4 131.8 135 139 141.7 133.1 126.7 121.8 117.3 113.4 111.2 110.7 109.8 109.2 110.2 111.3 111.6 112.5 112.9 112.8 113.1 112.7 110.8 108.8 107 108 108.7 109.5 110.1 110.5 110 108.5 104.1 101.9 104.9 108.6 110.5 111.8 112.7 113.4 113 112.5 112.3 111.2 109.5 108.3 106.8 105
139.4 140.7 142.1 143.5 144.7 145.3 145.9 141.6 135.4 131.4 131.8 132.1 131 129.3 127.6 125.8 127.6 127.9 125.1 121.4 125.9 130.5 138.3 144.1 145 139.6 131.9 125.5 123.8 128.7 132.2 136.5 140 144.9 147.3 137.8 131.4 125.3 120.9 117.3 114.6 112.4 110.6 110 111 112.1 112.9 113.6 113.6 113.3 113.8 112.4 110.4 108.4 108.3 109.2 109.4 110 110.6 111.1 110.1 106.3 103.2 104 106.7 110.4 112.6 114.1 115.2 115.2 114.4 113.9 113.5 112.1 110.6 108.9 107 105.2
140.9 142.8 144.6 146.3 147.7 147.7 147.1 141.8 140.4 135.8 137.1 138.2 136.5 134.9 130.6 130 128.9 127.7 125 124.5 129.7 135.3 141.2 150.5 149.2 140.4 132.6 126.6 128.3 132.3 136.8 143.5 146.1 150.8 152.3 140.4 134.2 130 124.6 120.6 116.8 114 112.2 110.8 111.7 113 113.5 113.5 113.6 113.7 113.4 111.8 109.8 108.9 109.5 110.3 110.3 110.4 110.7 110.6 109.2 105.7 103.6 105.7 109.9 112.9 114.9 116.1 117.4 116.2 115.4 114.9 114.5 113.6 111.7 109.5 107.5 105.4
