data/360000-770000.asc
ncols 200
nrows 200
xllcorner 360000
yllcorner 770000
cellsize 50
[rows 72 to 107 of 200, columns 83 to 165 of 200]
169 165.5 166.8 166.7 165.5 162.5 159.6 159.1 156.8 154 151.3 148.6 146.3 144.8 141.5 138.6 138.7 138.5 137.5 136.5 135.3 133.5 131.9 129.3 126.4 122.1 118.8 132.1 139.5 143.6 146.2 149.1 151.7 153.9 155.4 155.9 158.6 163.2 166.8 169.8 172.6 173.2 168.9 161.8 154.3 146.6 138.9 130.9 122.4 114.6 105.9 99.7 89.5 88.8 96.2 99.9 101.8 104.9 108.2 110.1 111.6 113.6 116 118.2 119.4 120.5 121.7 122.9 123.9 124.8 125.2 126.6 122.4 123.3 127.8 129 127.5 124.5 121.4 120.3 118.9 120.6 119.8
167.9 155.2 161 162.5 162.1 159.2 155.7 153.8 151.4 149 146.5 144.8 143.4 142.1 139.2 136.8 136.6 137.2 136.2 135.1 133.9 132.3 130.6 128.3 125.4 121.8 118 129.4 135.5 139.2 142.2 145.2 148 151.6 153.4 157.8 161.8 166.7 171.7 174.5 177.8 175.4 169.1 161.6 153.6 146.1 138.5 130.1 120.1 110.9 102.3 98.9 90.4 88.5 86.9 93.8 99.6 102.7 106.1 107.9 108.4 110 111.5 113.2 114.8 115.1 115.6 116.7 116.5 117 117.7 118.7 116.7 116.6 117.6 118 117.5 116.4 115 114 113.3 112.7 112.7
165.2 159.8 150.9 158.4 157.5 155.1 152.2 149.9 147.3 144.8 143.3 141.8 140.4 137.6 136.1 134.9 135 135.2 134.9 133.6 132.3 130.7 128.7 126.3 124 120.2 116.1 126.7 131.9 135.3 139 142.1 145.7 149.7 155.3 160.4 166.1 171.4 176.2 179 179.6 174.4 167.3 159.6 152.4 145 137.5 128.6 119 108.2 102.6 99.2 94.5 88.5 87 87.8 95 101.3 104.6 107.2 107.1 107 108.1 108.8 110.1 110.6 110.3 110.6 110.5 109.9 110.1 110.3 110.3 110.6 110.7 110 110.3 110.5 110 109.3 108.7 108.1 108
162.5 158.5 153.2 152.5 151.6 149.9 148 145.9 143.5 142.2 140.5 138.9 136.8 135.4 134.5 133.6 133.5 133.9 133.3 132 130.7 129.1 126.7 124.8 123.3 117.8 115.6 124.3 128.7 132.3 136.6 140.6 145 151.7 158 164.4 170.2 175.7 179.7 181.5 177.8 172.4 164.5 156.7 149.5 143.2 136.3 127.4 117.9 109.6 102.9 99.8 96.9 88.8 87.2 85.4 87 98.4 101.7 103.1 102.7 103.4 104 104.9 105.5 106.2 105.8 105.7 106.1 106.5 106.4 107.2 106.4 105.2 105.2 104.9 105.4 105.7 105.2 104.6 104 103.5 103.5
159.8 155.6 151.2 144 147.1 145.3 143.6 142 141.1 139.7 138.2 136.6 135.1 133.5 132.7 132.4 132.8 132.7 131.5 130.3 129 127.3 126 124.7 122.2 116.8 115.1 125.6 129.6 132.3 136.1 140.6 147.4 154.5 162.2 167.9 174.6 179.7 181.6 178.9 175.3 168.8 161.6 153.7 146.7 140.4 132 124.2 119.2 111.7 102 98 96.5 93.7 87 85.9 85.3 93.1 95.6 96.4 98.5 99.9 101 102.1 102.1 101.8 102.2 102.6 103.1 103.1 103 103.3 104.3 103 101.4 100.1 100.5 100.9 100.3 99.8 99.3 99.3 99.1
157.3 152.8 148.5 144.2 140.9 141.7 140.2 139.3 138.3 137.3 135.9 134.3 132.9 131.5 131.6 131.9 131.9 131.2 130.1 129 127.8 127 125.8 124.1 121.2 116.8 114 125 129.3 133 136.9 144.4 151.1 158.9 166.6 171.7 176.1 180.1 179.5 176.6 171 164.7 158.2 150.4 143.2 136.8 127.2 121.1 117.6 109.9 102.1 97 95.6 94.6 87.3 85.8 85 84 88 92.9 96.2 96.7 98 99.1 100.1 97.9 98.6 99.3 99.6 99.7 99.6 99.6 99.4 98.8 97.8 98.6 96.1 96 95.5 95.8 96.4 96.3 96.2
153.4 150.2 146.8 142.5 139.2 138.3 136.3 136.4 135.4 134.4 133.4 132.1 130.6 129.1 129.7 130 129.6 129.6 129.1 128 127 126.2 125.3 123.7 122.5 117.8 113.3 123.9 128.5 132.8 139.7 147.4 156.6 165.9 171.2 175 178.3 178.2 176.1 172.2 166.3 160 153.4 145.6 137.3 129.1 122.7 118.4 116.2 107.9 100.3 96 95.6 94.3 89.3 85.4 84.7 83.3 82.8 93.3 93.8 93.6 94.1 95 96.6 94.5 94.5 95.1 95.6 94.1 94.1 93.6 93.1 92.6 92.5 92.4 91.6 92 92.5 93.1 93.6 93.5 93.5
149.9 147 144.1 141 138.1 134.2 133.4 133.6 132.6 131.8 130.9 129.6 128.1 126.7 126.2 126.3 126.8 127.2 127.3 127 126.1 125.1 124.1 122.5 121.2 116.7 110.9 122.4 127.4 133.3 141.6 152.6 164.1 169.4 172.9 175 176 174.5 172 167.7 161.2 154.5 146.6 138.3 129.3 121.3 116.7 115.2 110.7 104.6 97.9 95.2 95.7 94.1 90.1 85.4 84.6 83.9 83.2 90.4 90.9 90.6 91.1 91.7 90.4 90.4 90.4 90.8 91.5 90.3 88.7 88.8 89.8 89.2 89.4 89.5 89.4 89.7 90 91.1 91.9 91.2 91.1
146.7 143.8 141 138.2 135.8 133.4 131.2 131.3 130.5 129.7 128.5 127.1 126.3 125 123.8 122.7 122.6 122.4 123 122.9 123.3 123.9 122.8 121.5 120.5 116.6 110.6 121.3 126.5 133.7 144 155.8 162.4 166.9 170.7 172.4 172 170.3 166.2 161 154.9 147.7 140.3 130.5 121.8 112.7 104.4 103.5 101.6 97.7 96.2 94.6 94.2 93.8 88.9 85.7 84.5 84 83.5 81.3 87.7 87.9 88.3 88.3 88.4 88.6 88.6 86.6 85.2 84.9 84.2 85.5 87.1 87.5 87.6 87.6 87.6 88 89.5 90.7 91 90.4 89.4
143.7 140.9 138.1 135.1 132.7 130.3 128.7 127.9 128.4 127.5 126.3 126.1 125.9 124.6 123.2 122 122 119.8 120.9 118.6 117.6 118.6 120.2 120.8 120 117.3 109 119.3 125.6 135.3 146.4 154.6 159.9 164.3 168.3 169.2 167.4 164.7 159.5 154.1 145.5 137.8 128.8 121.8 113.9 105.5 101.4 94.5 92.5 92.1 93.5 92.5 92.1 90.9 88.7 86.4 84.3 83.9 83.4 82.8 82 85.2 85.5 86 86.6 86 85.3 83.6 82.9 82.9 84 85.2 86.1 86.7 86.8 86.9 87.1 87.7 89.4 89.9 90.1 88.6 87.2
140.1 137.9 135.1 132 129.6 127.9 127.3 125.7 125.4 125.8 125.6 125.5 125.3 124.8 123.7 122.6 122.7 122.2 122.1 121.5 119.2 113.9 116.8 118.5 117.2 114.8 107.1 117.4 126.1 137.6 145.6 151.5 156.3 160.8 164.3 164.8 162.7 158 152 145 135.7 126.4 119.4 112.3 106.1 105.5 106.9 92.9 89.5 88.7 88.2 88.7 88.6 88.1 87.3 86.5 84.9 83.6 83.1 82.5 81.2 81.5 82.6 82.9 82.6 83.8 82.7 82.4 82.4 82.9 84.1 86 86.4 86.3 86.3 86.6 87 87.7 88.1 87.9 86.3 85.1 84.7
136.2 134.2 132.2 128.9 127.2 126.2 125.3 123.9 122.8 123 123.5 123.9 124.3 124.1 124.3 123.2 122.9 121.2 120.2 119.8 120.2 116.6 112.1 114.2 112.9 109.5 105.1 117 125.5 135.2 142.4 148.1 153.8 158 160 157.9 154.9 149.8 140.8 131.4 124.6 116.9 111.6 106.4 100.6 100.7 97.3 89.7 89.4 90.1 88.6 87.7 87.6 87.6 85.8 85.2 84.5 83.3 82.8 81.8 80.6 80 81.2 81.4 81.4 81.4 83.6 82.6 81.9 83.4 85.2 87.1 87.4 86.8 86 86.4 86.2 85.6 84.2 83.3 81.8 82.3 82.5
132.8 130.7 128.7 126.7 125.5 124.6 124.1 122.8 121.6 121.4 122.2 123 123.1 123 122.9 123.1 122.9 121.1 119.1 118.3 119.7 119.4 115.9 106.6 105.6 105.1 113.9 120.1 125.6 130.8 137.7 144.8 150.4 153 153 149.9 144.4 136.9 128.3 120.1 112.7 109.2 105.3 101.1 97.2 92.2 90.2 88.4 87.9 88.2 86.3 86.6 86.7 86.9 86 83.8 83.4 83.2 82.6 81.9 81.1 79.2 80.4 80.6 80.5 80.1 82.1 81.4 83.2 84.9 86.3 88.2 87.9 86.6 85.7 83.5 82.3 81.2 79.9 79.6 80.2 81 82
127.5 127.5 126.7 125.2 124 123.4 123.1 121.8 120.5 119.9 120.8 121.8 122.2 121.8 121.7 121.7 121.7 120.6 118.8 117.8 117.9 118.5 116.1 108.6 103.1 110.6 118.5 119.7 122.7 125.8 132.4 139.8 146.8 148 145.7 140 132 122.4 113.8 110.1 106.7 103.6 100.2 96.7 93.5 89.7 87.7 86 85.8 85 85.5 87.6 87.4 87.3 87 83.3 83.6 83.4 82.5 81.2 80.4 79.7 79.6 79.6 79.2 78.9 79.8 80.7 85.1 86.6 86.5 86.7 87.7 84.9 81.6 79.7 79.6 79.3 80.4 80.7 81.2 81.9 82.4
125 124.7 124.5 123.7 122.8 122.5 122.1 120.8 119.4 118.9 119.8 120.6 120.9 120.9 120.3 119.9 119.9 119.9 119.5 118.1 115.2 116.8 115.3 104.8 101.7 111.6 117.9 120.6 119.8 121.4 126.2 136.9 142 141.7 135.4 127.7 119.6 111.2 108.1 105 101.7 98.9 95.8 92.9 89.8 87.2 85.2 84 84.9 85.7 85.9 86.9 85.9 86.1 85.3 82.6 82.4 82.1 80.8 80.2 79.9 79.4 77.3 78.2 78.5 78.7 78.5 79.7 84.1 84.2 82.9 82.6 81.1 79.4 78.5 78.5 78.6 78.7 80.1 81.5 82.1 82.7 83.2
123.9 122.3 122.7 122.6 121.9 121.5 121.1 119.7 118.4 118.5 118.7 119.3 119.7 120.1 119.1 118 117.4 117.5 117.5 116.2 113.3 114.8 113.7 106.6 101.2 109 116 118.4 118 117.5 118.3 125.9 130.2 127.2 119.9 111.4 109.1 107.7 103.7 100.1 96.9 94.2 91.4 89.2 86.6 84.6 82.7 83.5 84.8 84.7 83.6 83.3 83.1 83.5 81.5 81.2 81 80.8 80.5 80.1 79.7 79.2 78 78.2 78.2 78.4 77.6 79.6 84.7 83.3 81.4 79.6 78.5 77.7 77.8 77.8 77.9 79.8 80.6 81.9 82.7 83.4 84.1
122.2 119.9 123.2 123.8 124.1 122.9 121.2 122.3 120 118 117.7 117.6 116.9 116.4 115.2 114.8 115 115.3 114.8 113.6 109.7 111.8 111.6 109.1 99.6 105.3 113.9 116.1 115.4 117.3 121.3 111.1 112.2 111.5 107.3 106.1 105.2 104.6 101.9 97.5 93.4 90.8 89.8 87.9 86 84.6 83.1 84.2 85.4 84.3 83.3 82.6 81.2 81.1 80.8 80.6 80.4 80.5 80.2 79.9 79.5 78.4 77.4 77.9 78.4 78.1 77.8 77.7 79.4 79.5 77.6 76.7 77 77 77 77.1 79.1 80.7 81.5 82.4 83.2 83.9 84.3
118.9 120 126.3 125.1 124.5 123.2 120.9 119.7 119.1 117.1 116.5 115.3 114.8 114.3 113.8 113.3 112.8 112.2 111.7 110.2 106.9 106.5 106.5 106.5 98 105.7 110.5 111.2 115.9 117.5 119 118 108.8 100.1 101.1 103.1 101 101.5 96.7 92.1 90.5 89.7 88.7 87.4 86.5 85.8 84.7 85 85.2 83.9 83.1 81.9 80.4 80.4 80.1 80 79.8 80.1 79.8 79.5 79.1 78.8 78.2 77.4 77.8 77.3 76.8 77 76.7 76.9 77.2 78.4 78 77.8 76.8 78 80.3 81.6 82.2 82.1 81.5 82.1 82.6
115.6 117.1 121.3 122.4 122.2 120.5 119 116.2 117 116.2 115.1 113.7 112.5 111.8 111.1 110.5 108.4 108 107.8 106.4 104.7 103.2 103 103.2 97.3 101.1 100.7 109.4 114.1 116 116 113.6 107.5 98.3 94.9 97.5 95.1 92.6 90.4 89.1 88.5 88 87.6 87.4 87.4 86.8 84.7 83.3 82.8 82.5 80.8 80 79.2 79.3 79.5 79.4 79.2 79.7 79.4 79 78.5 78.3 78 77.4 76.1 76.3 76.4 76.6 76.6 76.1 79.2 79.5 79.3 79.2 78.3 77.8 80.7 81.2 80.6 79.4 78.8 77.9 77.7
114.8 113.4 115.6 116.9 117.4 116.7 114.7 112.7 113.2 113.5 111.6 108.7 108.9 108.7 108.2 107.5 104.2 103.4 104.6 103.8 102.5 101.2 100.8 98.1 96.1 97.1 98.6 101.4 106.7 107.6 106.7 102.5 97.4 93.4 92.6 92.3 90.2 89.2 88.6 87.4 86.5 85.9 85.4 85 85.5 84.4 82.4 80.3 80.3 80.6 79.9 79.1 79.1 79.9 78.4 78.6 78.8 79.4 78.9 78.3 77.9 77.7 76.8 75.8 75.7 75.9 76.2 76.2 76.4 78.9 80.7 80.7 80.6 80.6 80.2 76.6 79.4 78.6 76.1 77.3 78.1 75 75.4
115.2 113.2 111.5 110.8 110.5 110.6 108.3 107.6 108.4 108.7 107 107.1 107.5 106.5 105.6 104.7 105.6 102 101.2 101.3 100.1 99 97.5 95.9 94.4 93.5 95.4 97.6 99 96.4 95.4 92.6 91.9 92.5 91.5 90.6 89.6 88.5 87.5 86.3 85.1 83.9 83 82.6 82.1 81.2 80.9 80.4 81.9 80.5 79.3 79.4 79.7 80.4 81.1 79.8 80.6 79.1 78.3 77.7 77.4 76.5 76.2 75.7 75.6 75.5 75.6 75.8 76.2 79.8 81.4 81.4 81.2 80.9 81.1 79.8 76.6 76.3 78 80.2 80 77.7 74.1
121.4 116.4 114.1 120.6 120.7 114.3 112.4 109.3 103 104.4 102.8 105.7 106.6 106.2 103.9 101.4 101.1 99.9 99.8 99.1 97.7 96.3 95.8 94.9 94 91.5 94.1 95.8 97.3 95.4 91.9 90.5 92.8 93.1 91.9 89.2 88.3 86.9 85.3 84.6 83.9 83.3 83 83.1 83.7 83.1 82.8 84.2 83.9 80.8 80.3 79.7 80 81.4 82.8 84.2 83.3 82.7 80 77.1 77.1 76.7 75.7 75.6 75.4 75.3 75.3 75.4 75.4 76 78.1 80.9 81.2 81 81.6 81.7 79.5 79.7 78.3 79.6 80.4 77.9 73.9
125.8 123.6 124.3 127.3 125 122.7 120.9 118.4 111.6 101.2 100.6 101.2 104.2 103.6 101.7 99.6 98.8 98.3 98.2 97.5 95.9 94.7 93.9 93.2 92.6 91.1 92.3 93.3 94.2 91.4 90.2 90.3 91.5 92.6 90.2 87.5 86.8 84.8 83 82.5 82 81.8 81.2 80.6 82.3 83.3 81.3 81.7 81.7 82.2 81.4 80.5 80.2 81.5 81.3 82.5 83.4 85.1 85.3 82.5 77.3 75.8 75.6 75.5 75.3 75.1 75 75.1 75.7 75.5 74.9 76.8 81.1 81.9 82.1 82.2 81.2 80.2 78.8 79.9 79.9 78.4 74.9
129.8 130.1 130.1 128.1 125.9 124.1 121.8 117.6 111.9 105.5 101.9 98.4 100.1 99.3 98.5 97.6 96.9 96.8 96.7 95.6 94.1 93.7 93.2 92.6 91.9 91 91.1 91.9 91.1 90.3 89.4 88.4 89.5 88 85.7 85.2 83.7 81.7 80.7 80.7 80.5 80.3 79.7 79.4 80.6 80.5 80.3 80.9 81.7 82 81.7 81.3 80.7 80.9 83.6 83.8 84.8 82.8 83.3 84.4 77.2 75.6 75.5 75.3 75.2 75 74.9 74.8 76.7 75.7 74.6 74.4 76.8 80.4 81.5 81 80.3 79.7 79.5 78.4 76.9 76.2 76.6
132.8 131.9 128.4 127.3 126.6 124.9 120 115.7 110.1 105.6 101.4 97.1 98 98.1 97 95.7 95.3 95.3 95.3 93.8 93.5 93 92.5 91.9 91.2 91 86.8 90.1 90 89.5 88.6 87.7 86.7 85.4 84.1 82.8 81.2 79.8 79.3 79.1 79 78.8 78.3 78.4 79.1 79.4 80.5 81.2 81.8 81.9 81.5 81.2 80.9 81.5 83.7 84.2 83.5 82.5 83.8 85 76.6 75.5 75.4 75.2 75 74.8 74.6 75.1 78 79 76.2 74.5 74.5 78.7 79.7 79.2 78.1 76.5 75.2 74.8 73.5 73.2 74
133.9 130.1 126.3 124.6 124.5 118.8 115.7 113 108.6 104.2 99.9 97 96.4 97 96.2 95.2 94.3 94 93.8 93.1 92.9 92.3 91.7 91.1 90.6 89.7 88.2 89.2 89 88.6 87.7 87.1 86.8 85.4 84.1 83.9 82 79.2 78.3 78 77.7 77.5 77.3 77.4 77.8 79.1 80.4 81.8 82 81.8 81.6 81.3 81.1 80.9 82.6 83.6 83.6 82.7 85 84.4 75.5 75.3 75 74.8 74.6 74.4 74.2 74 76.8 78.9 78.7 74.8 74.1 75.2 76.1 74.3 73 72.4 71.7 71.5 70.9 70.5 71.4
132.6 127.8 122.9 120.9 118.1 114.3 111.5 109.1 106.5 102.8 99.4 96.8 95.5 97.3 96.3 95.1 94.2 93.4 93 93.2 92.2 91.3 90.6 89.6 89.3 89.1 88.8 85.2 87.7 87.8 87.3 87 86.7 85.4 85.2 84.5 80.5 79.2 78 77.7 77.4 77.2 76.8 76.7 77.7 79.1 80.4 81.8 81.4 81.1 81.2 81.2 81.3 81 81.3 82.2 81.3 82.3 82.3 81 75.3 75 74.8 74.5 74.2 73.9 73.7 73.5 75.6 77.7 78 77.9 74.3 75.1 73.9 72.8 72.4 72.1 71.6 71.1 70.6 70.4 70.3
127.6 125.1 118.5 117.1 116 111.4 108 105.6 103 100.5 98.3 95.3 94.6 96.8 96.1 95 94.3 94 94 93.3 91.8 90.2 89 88.3 88.1 87.9 87.7 86.2 86.4 87.1 86.9 86.7 86.4 84.8 84.1 81.7 80.5 79.2 77.9 77.4 77.1 76.8 76.4 76.7 77.8 79.2 80.5 81.2 80.8 80.3 80.3 80.4 80.4 80.5 79 78.3 78.9 79.3 77 74.8 75 74.7 74.5 74.2 73.9 73.7 73.4 73.2 75.1 75.7 76.2 77.2 76.1 75.4 73.8 73 72.2 71.8 71.3 71 70.9 70.7 70.5
123 120.3 115.4 112 111.1 108.4 106.5 101.9 99.1 96.8 94.9 94.4 95.2 96.6 95.9 95.5 95.3 95 94.5 92.9 91.4 89.8 87.6 87.3 87.2 86.9 86.5 86.3 85.9 86.3 86.1 86 85.5 83.2 82.3 81.5 80.5 79.2 77.9 77.1 76.8 76.4 76.9 77.3 78 79.2 80.6 80.6 80.2 79.7 79.5 79.6 79.6 78.2 77.4 77.2 76 73.6 73.6 73.7 74.6 74.3 74.1 73.8 73.5 73.3 73.1 73 72.5 73.7 74.7 75.8 76.8 75.1 73.8 73.1 72.3 71.7 71.4 71.2 71 70.8 70.6
116.2 113.6 110.8 107.8 106.9 106.2 104.8 100 95.6 92.4 92.2 93.4 94.8 95.5 94.8 95.1 95.1 94.9 93.9 92.3 91.1 89.7 87.9 86.4 86.2 86 85.8 85.6 85.5 85.6 85.3 84.8 84.3 83.5 81.5 80.6 79.8 78.9 77.9 76.7 76.5 77 77.5 77.9 78.4 79.3 80 80 79.7 79.1 78.7 78.7 77.6 77.5 77.9 77.8 73.7 73.2 73.4 73.7 74.2 74 73.7 73.5 73.3 73.1 72.9 72.7 72.2 72.2 73.2 74.3 75.4 74.7 73.7 72.6 72 72 71.6 71.4 71.1 70.9 70.7
111.1 108.7 106.3 103.6 103.2 102.6 101 96.5 93.9 90.9 90.7 92.1 93.6 93.9 93.2 93.8 94.9 94 93.1 91.8 90.6 89.4 87.8 86.3 85.8 85.3 85 84.9 85 84.6 84.1 83.6 83.1 82.6 81.3 79.9 79 78.2 77.4 76.5 76.7 77.3 77.8 78.3 78.8 79.4 79.4 79.4 79.1 78.5 78 77.6 77.7 77.3 78.1 75.1 73.1 73.3 73.4 73.6 73.8 73.6 73.4 73.2 73.1 72.9 72.7 72.5 72.2 72.1 72.1 72.7 73.7 73.4 72.6 72.3 72.6 72.4 72.2 71.7 71.3 71.1 70.9
106.6 104.4 102.1 100.1 99.6 98.8 96.5 93.2 91.6 89 89 89.6 90.9 91.2 91.9 93.9 93.6 92.8 91.8 91.4 90.2 88.9 87.4 86.3 85.8 85.3 84.8 84.1 84.2 83.8 83.2 82.7 82.1 81.6 81 79.9 78.9 78.1 77.2 76.5 76 76.5 77 77.6 78 78.2 78.5 78.8 78.5 77.7 76.9 76 75.5 75.4 74.1 73.2 73 73.2 73.3 73.5 73.5 73.4 73.2 73 72.9 72.7 72.5 72.3 72.1 72.1 72.1 72 72.3 72.5 72.7 72.9 73 72.8 72.6 72.3 71.7 71.2 71
102.8 101.3 99 97.2 96.4 95.6 92.7 90.7 89.1 87.8 87.6 87.6 88.9 89.4 91.2 92 92.1 91.4 90.6 90.2 89.7 88.5 86.9 86.4 85.9 84.5 83.7 83.3 83.3 83.2 82.6 82.1 81.5 81 80.5 80 78.8 77.9 77.1 76.5 76 75.7 76.3 76.6 76.9 77.1 77.4 77.6 77.1 76.3 75.4 74.5 74.2 73.8 72.9 73.1 72.9 73 73.2 73.4 73.1 73.1 73 72.8 72.6 72.5 72.3 72.1 72.1 71.9 71.7 71.9 72.4 72.9 73.3 73.5 73.4 73.2 73 72.7 72.5 71.8 71.2
99 97.5 95.9 94.2 93.4 92 88.2 87.6 87.6 87.6 87.6 87.6 87.6 88.4 89.3 90 90.4 90 89.5 89.1 88.8 88 86.9 86 84.4 83.5 82.7 82.4 82.5 82.5 82 81.4 80.9 80.4 79.9 79.5 78.7 77.8 77.1 76.5 76 75.4 75.2 75.5 75.8 76 76.3 76.5 75.7 74.8 74 74 73.3 72.7 72.6 72.8 72.9 72.9 73 73 72.7 72.7 72.7 72.6 72.4 72.2 72.1 71.9 71.6 71.5 71.5 72 72.5 73 73.5 73.7 73.7 73.6 73.4 73.1 72.9 72.6 71.9
95.4 93.9 92.3 91 89.5 87.9 87.6 87.6 87.6 87.6 87.6 87.6 87.6 87.6 87.6 88 88.5 88.7 88.3 88 87.6 87.2 85.6 84.3 83.4 82.5 81.7 81.5 81.6 81.6 81.4 80.8 80.3 79.7 79.3 78.9 78.5 77.7 77.1 76.4 75.6 75 74.8 74.6 74.6 74.9 75.2 75.2 74.3 73.4 73.4 73.6 72.9 72.1 72.3 72.5 72.7 72.7 72.9 72.6 72.3 72.3 72.4 72.3 72.1 72 72 71.7 71.2 71.1 71.6 72 72.4 72.7 73 72.9 73.3 73.3 73.2 73 72.9 72.8 73.1
92.1 90.8 90 89.2 88.4 87.6 87.6 87.6 87.6 87.6 87.8 87.6 87.6 87.6 87.6 86.3 86.2 86.9 86.8 86.4 86.1 84.9 84.2 83.3 82.4 81.5 80.7 80.7 80.7 80.8 80.8 80.2 79.7 79.1 78.7 78.3 77.9 77.4 76.6 75.7 74.9 74.7 74.4 74.3 74.1 74 74 73.8 73.3 73 73.5 73.8 72.4 72.1 72.1 72.2 72.4 72.5 72.5 72.2 71.9 71.9 72 72 71.9 71.9 72 71.6 71 70.9 71.2 71.6 71.9 72.3 72.2 72.2 72.6 72.9 72.8 72.7 72.6 73 74.2
