data/360000-800000.asc
ncols 200
nrows 200
xllcorner 360000
yllcorner 800000
cellsize 50
[rows 0 to 34 of 200, columns 0 to 77 of 200]
298.3 308.8 317 323.8 333.2 337.7 345.5 352.8 356 357.9 360.7 363.1 364.6 367.3 370 372.7 373.8 373.3 373.5 377.6 382.7 386.9 395.7 405.3 414.2 425.3 436.7 448.6 459.7 469.9 477 481.2 482.7 483.2 483 481.4 478.8 475.5 471.8 466.8 461.4 456.6 453 450.1 448.6 446.1 443.9 440.7 437.4 433.2 428.2 423.5 418.9 416.8 415.9 418 420.8 424.9 427.7 430.2 433.9 437.8 443.4 452.7 463.3 471 477 483.8 486.7 486.4 484 479.2 473.9 463.8 452.3 438 424.9 405.8
295.1 305.9 313.3 319.7 326.3 335.4 340.1 345.5 352.2 356.8 360.4 364 367.3 370.2 374.3 378.9 379.9 379.6 380 383.8 389 393.7 402 410.9 419.8 431.2 442.3 453.8 464 472.9 478.9 482.6 483.8 483.8 482.7 481.5 478 473.4 469.6 463.4 457.8 452.3 447.9 443.6 441.6 440.1 438.8 437.5 433.8 430.1 426.2 421.6 416.7 414.1 412.8 413.4 415.4 418.2 421.2 424.2 427.7 433.3 440.6 450.2 459.9 468.2 475 482.2 486.5 489.2 489.5 486.8 480 471.8 459.6 443.9 429.8 410.6
295.8 303.7 308.7 314.3 319.9 326.8 332.9 338.5 346.5 353 355.9 359.7 364.5 370 375.5 380.3 383.2 385.5 385.8 389.7 394 398.4 406.3 415.7 425.5 436.7 448 458.8 468.3 476 481.1 483.8 484.4 483.1 481.8 479.8 475.2 470.6 465.9 458.8 453.2 446.3 440.5 436.4 434.5 432.9 433 433.9 430.3 426.9 424.7 419.8 415 410.9 409.6 409.3 410.4 411.9 413.7 417.2 422 428.9 437.6 447.1 457.1 465 472.3 478.2 483.3 487 489 487.9 482.6 473.4 462.8 448.4 433.5 415.3
292 299.6 304.6 308.9 312.2 317.4 322.4 330.8 338.2 345.1 350.4 353 357.8 365.6 371.8 378.2 381.2 384.1 387.8 392.9 398.7 403.1 411.4 419.7 429.4 440.5 452.4 462.8 470.2 476 480.3 482.4 483.4 482.1 480.6 476.4 472.9 467.6 462.3 454.7 447.1 440 433.8 428.7 427.1 425.5 426.4 427 427.3 425.9 422.8 418 413 409 405.5 405.1 404.5 403.9 405.2 410.8 417.1 426 435.9 445.3 452.5 460.5 467.1 471.7 476.9 479.3 481.9 480.1 474.8 471.3 462.8 450.4 435.7 421.5
283.4 294.4 298 302.4 304.4 307.5 314.6 320.9 328 334.1 340 343.5 347.8 355.1 366 376 379.8 383.6 387.4 392.5 400.6 408.1 416.4 424.5 432.8 442.6 454 463.3 469.9 475.2 479.5 481.8 482.5 481.3 479.6 475.9 471.4 465.6 458.9 450.7 441.8 433.9 426.2 421 418.5 418.1 418.4 420.4 422.3 422.8 419.5 415.1 410.8 406.4 402 398 397.2 395.9 396.9 407.1 416.4 425.8 435.6 443 448.3 455.6 461 463.1 466.6 468.8 469.1 467.2 465.7 464.4 459.8 451.9 437.6 422.1
283.9 284.1 290.3 289.7 293.9 299.6 304.2 311.8 318.1 323.5 329.1 333.3 337.8 344 352.8 364.8 374.2 380.3 386.2 392 400.1 408.1 416.8 424.8 433.5 443.8 454.5 462.5 470.4 476 480.4 481.2 481.8 480.8 478 475 469.4 462.2 455 446.6 437.5 428.3 418.1 412.5 410.4 409.8 410.9 415.1 417.8 418.1 416.1 411.8 407.2 402.6 397.3 391.3 389.7 389.1 396.2 405.5 416.4 426.7 433.8 440.4 446.4 451.6 452.8 452.4 455.8 457.1 455 454.8 454.5 455.8 453.8 447.6 436.6 424.2
296.7 298 299.7 301.6 303.2 303.2 304 305.2 309.2 313.4 318.2 321.5 327.8 334.2 344.2 353.9 362.9 370.9 378.6 387.8 396.2 404.5 414.6 424.5 433.9 444.3 455.7 466.4 473.7 479 482.5 482.9 482.1 480.6 477.5 473.2 467.5 459.6 451.5 443 434 424.5 413.1 403.3 401.7 402.3 404.5 409.7 413.2 413.1 412.6 408.2 403.5 398.8 392.6 385.6 383.4 388.3 397.8 406.3 416.5 424.1 430.3 439.3 445.7 448 447.1 442.9 442.9 440.3 438.6 439.2 442.4 444.5 444.6 440.3 432.1 422.9
303.9 305.4 307 308.5 311.5 313.2 316.8 318.7 319.7 320.5 324 328.3 332.8 335.2 337.5 346.4 355.1 366.5 376.9 386.4 395.1 403 414 425.5 434.4 447 460.8 471.5 477.9 482.9 484.8 484.6 482.9 480.2 476.5 471.5 465.4 458.2 450.3 441.8 430.4 417.8 406.4 397.5 392.7 395.5 399.1 402.6 407.3 409.7 407.6 403.8 398.8 393.5 387.2 381.2 381.1 387.8 397.1 405.3 413.9 422.7 432 440.2 444.3 445.1 441.9 433.6 429.5 423.8 423 426.4 430.9 434.5 435.6 432.5 427.3 419.6
309.1 311 314.2 317.2 320.5 322.1 324.4 325.5 327.5 329.3 332.7 335.6 340 344 348 350.5 359.5 368.7 377.9 388.2 396.5 407.2 421.6 429.7 439.1 453 466.4 476.6 482.7 485.6 486.6 485.2 482.4 479.8 475.9 470 464.1 457.4 449.2 440 428.5 417.1 403.5 391.2 384 387.9 392.2 397 402.1 404.6 403 400.4 393.1 386.1 381.2 375.4 381.5 387.7 394.5 403.8 415.2 423.4 432.1 440.2 439.7 440.3 432.4 422.6 415.2 412.4 413.1 418.4 421.3 424.5 427 424.9 419.6 410.3
313.6 316.6 320.1 324.3 328.2 331.1 332.9 333.9 336.3 337.8 341.1 345.7 351.3 355.7 357.6 360.1 360.8 370 380.9 390.7 400.4 413.3 425.9 434.2 445.9 458.8 470.6 479.5 486.2 486.9 487 485.5 481.1 477.2 473.2 468.3 462.1 454.5 446.2 436.8 425.2 413.5 398.3 387.4 379.1 381.7 387.1 392.1 396.8 398.4 396.1 393 388.2 379.7 375.7 369.6 379.4 385.3 393.2 405.1 414.9 424.6 433.1 436.2 432.7 427.9 417.4 409.4 404.9 406.5 406.2 409.3 412.5 416 418.3 416.4 410.8 401.5
319.5 321.9 324.9 329.9 334.8 338.2 340 342.3 344.5 347.1 350.9 357.1 363.1 366.8 370.3 371.7 373.9 377.4 386.5 395.6 408.2 419.8 430.7 439.9 450.5 461.5 472.2 480.1 486.1 486.9 486 481.7 477.1 472.7 469 464.6 458.2 451 442.6 433.1 421.3 408 393.5 383.1 375.9 376.8 382.1 385.4 388.9 388.8 385.8 382.6 379.3 374.7 372.6 370.9 375.7 383.2 393.8 406.7 418 427.7 430.1 428.2 423.6 413.7 403.5 395.4 396.4 396.5 397.5 400.6 404 405.9 408.2 406.6 398.7 389
322.6 325.8 329.5 335.5 340.4 344.7 347.3 350.3 352.6 357.6 361.3 368.2 374.1 378.8 382.6 385.5 387.6 389.8 394.9 406 416.3 424.2 434.4 443.8 452.3 462.4 471.8 478.7 482.8 484.4 482 476.9 471.4 466.1 462.3 458.1 451.7 444.4 436.7 427.5 415.6 402.7 388.5 378.1 371 370.6 376.3 378.7 380.6 379.9 377 374.2 371.5 369.4 368 365.2 372.2 381.8 392.6 404.8 416.5 422.7 423.6 420.2 409.9 399.7 389.8 386.6 386.2 388.1 391.6 393.6 397 397.6 400.2 397.1 389.3 380.2
326 330.4 334.8 340 345.7 350 354.1 356.9 360.7 366.6 372.4 378.3 385.1 388.8 392.7 396.8 400.1 404.2 409.7 415.5 421.7 428.8 437.7 445.3 452.7 461.9 469.2 475 478.4 479.5 475.5 470.9 465.6 460.1 454.9 449.9 443.4 436.2 428 419.4 409 397 385 372.8 367 366.1 369.2 371.9 372.4 372.7 371.8 368.2 364.8 361.6 357.1 358.8 368.2 378.1 390.3 402.8 413.7 418.4 416.6 406.5 394.5 383 380.1 380.2 380.4 382.4 385.4 387.5 390.3 390.2 387.1 388.3 381 371.5
327.5 331.8 337 343.2 348.8 354.4 359.9 365.7 370.6 375.5 383.3 390.9 395.2 399.2 403.2 407.5 411.1 414.8 417.9 421.8 425.8 432.1 439.3 444 450.5 457.8 463.9 470 473.7 473.2 469.3 464.4 458.3 452.1 446 440.8 433.5 425.7 417.5 409.6 400.8 390.8 380.9 369.9 364.1 360.2 362.4 365 365.2 365.6 365.9 363.3 358.9 356 353 357.5 365.1 378.4 390.9 402.5 411.5 414.6 405.4 394.4 382.8 376.8 373.9 372.4 374.3 376.5 379.5 381.8 385.9 389 385.4 370.6 369.3 356.9
326.7 333.5 338.9 345.8 352.1 360 367 373.4 379.2 384.8 392.5 398.4 402.8 407.5 412.9 416.4 421 423.5 425.2 428.3 429.7 435.2 439.3 441.9 446.7 451.7 457.4 462.8 467.2 466.9 463.6 458 450.8 442.6 435.2 424.8 417.4 412.8 407.3 400.1 391.6 382.6 375.4 368.9 363.4 356.7 355.2 358.4 360.9 361.3 360.8 358.2 354.4 351.4 349 354.7 361.8 374.7 387.6 399.5 405.1 402.3 395.4 384.6 376 371.6 368.2 365.8 367 367.9 373.9 377.6 381.5 384.6 384.1 377.4 366 356.7
324.6 331.7 339.8 347.8 354.6 363.6 371.1 377.5 385.4 392.2 399.5 406.8 412.1 416.1 421 425.7 429.5 430.8 431 430.8 432.6 435.5 436.5 438.3 441 445.4 450.2 455.4 460.2 461.4 458.2 451.1 442.2 432.1 422.6 414.3 408.2 404.2 398.7 391.5 383.1 375.8 370.4 365.2 357.7 351.9 347.4 351.5 355.5 356.2 354.5 351.7 348.9 345.4 344.2 350.3 357.7 370 381.6 392.9 395.4 392 385.3 377.3 370.8 366.1 362.4 360.2 362.1 365.9 368.2 374 379.5 382.3 379.6 374.3 367.6 356.5
324 331.4 339.9 347.4 356.5 365.4 374 381.1 389.2 397.2 404.5 412.9 418.4 424 428.4 432.8 435.5 437 435.5 433.6 432.6 433.6 433.2 434.2 436.6 438.8 443.2 447.9 452.2 453.9 450.8 445 435.2 424.8 415.7 409 403.4 395.1 390.3 384.5 376.6 371.5 366.5 360.9 355.1 345.6 340.4 343.4 346.5 347.7 349.7 346.8 343.8 340.5 341.2 346.1 353.6 364.8 373.7 381.7 384.9 381.2 376.6 369.8 364.6 360.9 358.1 354.9 357.2 361.1 367.1 371.7 377 378.3 374.8 370.5 364 354.1
323.2 330.6 339.2 347.2 356.3 365.2 375.7 383.6 392.6 401.2 411.2 419.9 426.8 431 435.2 439.8 442.3 441.3 439.3 436.6 433.7 431.1 429.4 428.9 430.5 432.1 435.9 440.2 444.3 445.7 442.9 436.6 428 417.8 410.4 405.2 400.7 393 385.7 379.4 373.2 367.8 362.1 358.4 353.2 346.1 340.3 335.4 337.9 340.3 344.7 342.2 338.7 335.2 335.8 340.9 347.5 356.3 365.1 369.7 372.3 371.9 368.1 362.7 358.7 355.9 353 350.3 354.2 358.5 365 370.2 375.3 374.4 371.1 366.9 358.3 352.8
323.9 329.8 336.9 346.6 356.6 367.1 378.2 388.3 397.4 408 419.1 428.9 433.8 437.9 441.6 445.8 447.1 445.3 441.6 438.8 432.6 428.5 426.1 424.2 424.3 426 428 432.1 436 437.6 435.1 429.5 421.2 411.8 406 401.9 397.9 392.3 386.6 379.7 370.3 366.5 365.5 365.1 358.4 351.4 343.8 338.8 333.1 333.1 335.8 334.8 331.3 330.9 333 335.6 341.9 347.9 355.1 357.7 360.6 360.2 358.3 356.5 353.4 350.9 348 346.5 351.9 356.9 362.5 367.6 369.9 370.1 367.5 361.3 354 351.6
328.3 334.5 342.8 351.3 360.4 370.3 381.5 392.5 404.7 418.1 428.8 438.3 443 446 449 452.2 450 446 442.4 436.4 430.2 426.4 423 420.1 420 421 421.8 424.1 426.5 427.6 426.1 422.2 414.1 406.5 401.7 398.5 395.2 389.6 384 377.3 371 370.9 371.5 371.2 363.6 356 349.9 344 337.5 329.3 326.9 327.4 326 328 328.8 330.8 337.2 343.5 346.8 348.9 351.9 350.8 350.8 349.5 347.5 344.9 342.8 343.9 349.3 354.6 359.7 363 364.3 365.7 366 358.2 353.4 349
335 342.6 351.1 361.4 368 377.2 388.8 403.2 415.2 427.9 439.1 447 451.6 454.1 456.7 456.4 454.1 448.1 442.3 434.7 428.1 423.1 419.8 415.1 412.9 414.3 415.3 417.4 418.4 419.1 417.9 413.4 406.4 401.6 397.7 394 390.8 386.9 381.4 376.5 374 374.4 375.1 371.8 364.1 357.2 352.6 347.2 337.9 330.3 325.2 320.7 321.5 322.3 325.2 328.9 334 340.3 342.6 343.9 345.2 345.1 344.2 342.6 341.1 339 338.5 343.3 348.2 353.4 357.9 360.1 361.8 363.3 360.5 356.1 352.8 348
343.7 353 366.5 377 383.4 392.4 404.9 417.4 426.7 437.6 448.8 456.1 461.8 463.4 463.7 460.5 456.6 448.6 439.2 432.2 425.5 419.9 415.2 410.7 405.8 406.5 408.4 410 410.5 410.5 408.7 404 401.5 397.4 392.5 388.9 385.5 383.2 378.5 376.5 376.4 376.5 376.1 371.1 364.6 359.6 352.7 344.7 337.4 331 325.1 321 314.8 317.2 322.6 327.4 331 336.7 337.8 339 338.8 338.2 338.7 336.9 335.2 333.7 338.4 343.1 347.9 352.8 355.8 358.7 361 361.7 360.1 354.6 352.3 347.6
354.9 368.3 381.4 390 397.1 405.5 416.8 428.3 437.3 446.4 459 468.5 471.6 472.3 470.3 466.3 460.1 450.2 439 430.1 423.7 418.2 412 406.2 399.9 397 399.6 400.4 401.1 400.7 399.2 398 395.9 391.2 386.9 383.2 379.7 376.4 374.8 374.3 376.1 376.3 373.3 370.9 363.2 356.3 348.6 342.2 334.6 329.7 324.3 317.6 311 312.1 321.1 325.8 328.7 332.3 333.3 333.3 333.2 331.6 332.3 332 328.6 333.8 337.7 342.5 347.2 350.5 353.3 356.5 359.8 358.9 358.5 356.5 353 347.6
368.9 380.7 391 399.8 407.7 415.4 426.4 436.2 445.7 455.4 467.3 475.8 479.6 480.1 477.3 470.8 461.3 448.3 439.8 432.2 423.8 415.2 408.4 402.1 394.2 381.2 387.8 387.9 388.9 390.4 391.1 391.6 389.5 387.7 383.8 379.2 375.5 371.6 370 368.5 369.2 367.9 366.2 360.4 354.9 348.1 340.8 335 329.9 324.5 314.6 309.3 306.6 311.4 317.7 324.3 326.6 326.9 326.6 325.9 326.5 325.8 325.1 326.8 329.2 334 338 341.9 345.6 348.1 350.5 353.2 354.6 356.9 357 355.6 353 345.5
379.2 388.9 398.7 406.7 414.9 422.5 432.8 442.1 450.8 459.6 471.6 481.5 487.9 486.3 482.6 474.7 463.1 450.2 441.5 433.3 424.4 415.4 406.7 398.2 387.7 373.9 373.8 374.9 376.5 380.3 384.6 386.7 386.1 385.4 381.6 377.1 372.7 368.8 364.9 360.2 357.6 359.1 354.7 349.6 344.5 339.7 334.3 327.4 322.5 315 305.5 304.6 316.1 319 321.2 320.9 321.7 321.8 321.6 321.7 322.5 322.4 322.1 322.3 327.5 332.8 337.4 340.7 342.3 343.8 346.3 348.4 351.2 355.1 356 354 349.7 342.7
386.2 395.5 402.9 410.7 417.7 425.6 434.6 442.5 450.5 460.3 472.9 485.4 491.8 490.7 485.5 477.6 465.1 454.4 444.6 434.5 424.7 415.9 405.6 397.1 385.7 371.5 355.6 364 365.7 371.7 379 383.2 384.5 383.6 381.6 377.4 373.6 368.3 362.5 352.5 349 346.8 342 338.6 333.3 326.6 322.7 318.8 312.9 301.5 294.2 312.4 323.6 326.5 324.5 318.5 316.8 317.1 317.4 317.9 318.9 319.8 319.3 321.6 326.7 331.8 336.5 337.7 339.2 340.8 342.3 343.9 346.9 350 352.9 351.1 348.4 344.3
392.1 399.2 406.1 412 417.6 424.3 430.8 437.8 446.1 457.3 473 484.7 491.5 491.8 487.9 480.2 468.1 457.8 445.5 436 424.9 414 401.9 392.8 382.3 369.6 354.5 351.4 357.3 366.1 374.3 379.7 383.5 384 380.3 376.8 373 364.8 356.5 346.7 340.9 337.7 331.6 325.7 318.2 314.3 309.2 304.3 296.8 292 308.4 323.6 331 330.7 325.5 321.1 316 313.1 313.4 314.2 315.1 315.5 315.6 320.7 325.6 330.5 335.6 337.3 338.2 339 339.9 341 344.1 348.2 350.3 349.8 351 348.8
396.3 403.6 407.8 411.4 413.9 419.2 425.4 433 441.5 453.1 466.3 480.3 488.2 488.7 487.5 479.9 468.6 457.8 446.3 435.2 422.3 410.8 398.1 387.2 375.2 361.8 348.1 340 352 362.1 371.2 376.9 382 383.7 379.2 376.8 369.9 360.7 350.9 341.8 334.7 327.3 320.9 315.7 307.9 299.5 293.9 290.6 288.3 303.1 318.7 332.1 336.3 334.7 328.6 321.5 316.4 312.6 309.5 309.9 310.3 310.2 312.7 319.3 324.2 329.1 332.2 333.9 334.8 335.6 336.8 338.5 341.5 345.4 348.8 350.8 351.6 352
400.3 405.8 405.3 406.9 409.4 414.1 418.9 426.1 436.2 447.2 461.3 473.3 478.2 480.3 483.4 477.8 468.1 455.1 444.3 432.5 420.3 407.7 396.2 384.1 368.9 352.9 341.5 330.8 342.8 354.8 363.7 374 380.1 383.1 381.2 373.6 364.2 355.1 345.3 336.9 329.7 320.7 311 304.4 295.9 289.7 285.5 283.7 295 310.9 326.1 335.7 339.1 337.3 330.2 322.3 315.5 312.4 310.2 307.5 306.4 308 313.1 317.7 322.8 326.7 328.3 330.1 331.4 332.5 334.2 335.9 338.8 341.3 343.7 349.5 351.6 352.7
403.2 404.4 403 402.4 403.8 407.7 414.5 419.3 430.3 440.5 453.6 461.9 465.2 468.1 473.4 472.5 463.3 450.1 438.6 427.7 416.5 405.7 394.6 380.7 363.1 345.6 334.8 324.7 335.1 345.9 356.9 368.2 377.7 384.1 373.5 365.5 357.6 348.8 339.6 330.5 323.4 314.3 300.2 294 288.5 284.7 278.8 283.9 299.8 315.5 329.3 337 341 339.8 333.1 324.7 317.2 313.8 311.7 309 306.2 305.4 310.2 315.4 320.1 322.8 324.5 326.2 327.9 329.1 330.5 331.8 332.2 335.8 340.3 346.5 350.4 352
400.3 400.6 397.5 395.4 396.6 401.1 407.9 414.1 423.5 433.5 441.1 445.2 447.8 453.4 458.3 457.3 452.7 442.2 430.2 423 415.4 404.2 392.1 376.5 356.9 341.1 328.6 320.4 328.8 340 353 363.8 372.9 371.2 367.1 358.5 349.8 341.9 333.3 323.9 314.4 303 294 286.4 283.2 279.5 274 287.5 300.2 316 329.5 337.6 342.3 340.7 333.8 324.8 320.3 315.9 313.1 309.8 304.6 304.5 307.2 311.3 315.4 319 322 324.1 324.4 325 325.8 326.8 328 331.2 336.3 341.7 346.3 349.8
394.7 393.3 390.4 387.5 389.3 394.7 401.2 408.5 415.9 422.3 425.8 428.4 433 439 442.5 441.3 437.5 431.2 426.8 421.2 413 403.7 389.3 372.9 352.6 334.1 322.9 315.4 322.8 335.4 347.6 357.9 362.8 362.8 358.5 349.3 341.6 332.9 322.3 314.3 303.9 294.7 289 283.3 276.3 272.6 275.6 286 299.5 314.2 327.4 334.7 338.9 335.8 332.4 327.4 322.8 318.2 313.4 308.1 304.6 304.5 304.1 307.2 311.3 316.8 320 321 321 321.3 322 322.9 324.3 325.8 331.1 337.9 344.2 345.1
387.2 384.4 380 378.8 382.6 386.9 392.7 398.9 404.4 408.4 410 412.1 416.9 421.4 423.2 425.7 426.2 424.8 418.3 412.7 407.6 399.8 385.9 367.8 347.4 328.9 318.4 312.2 318.8 327.3 339.4 346.1 350.5 350.6 345.1 338.1 329.4 321.1 312.4 304.6 296 289.9 284.1 278.2 272.4 269.1 275.7 285.2 297.2 310.3 322.9 331.3 333.6 332 331.2 326.2 321.4 316.5 311.1 306.4 304.6 303.6 302.4 304.8 308.4 314.2 318.2 318 317.5 317.6 318.4 319.3 320.1 321.6 327.4 333 338.3 337.8
377 373.5 369.3 370.3 374.5 379.1 383 384.9 388.4 389.8 391.3 394.4 400.7 405.4 410 414.8 413.2 409.8 405.7 401.6 401.1 394.4 381.1 361.4 342.3 322.5 313.1 307.7 312.7 319 327.4 335.6 339.9 341.4 336.8 327.5 318.1 308.8 301.1 294.3 289 284.2 279 273.5 268.1 269 275.4 284.1 295.8 306.5 318.4 326.4 330.4 329.5 328.6 324.3 320 313.7 308.8 306.1 303.9 302.4 301 302.4 307.1 312.3 316.6 316.3 315.7 313.4 314.4 315.7 316.6 317.9 323.5 329 332.2 327.9
365.9 363.2 361.2 359.8 363.4 364.9 366.7 367.5 368.8 371 376.3 381.7 388.4 395 398.4 397.5 395.9 394.1 392.2 391.7 391.4 385.3 373 358.8 339.9 321.3 307.2 303.3 307 312.2 317.9 324.4 326.5 324.7 321.6 314 306.4 298.1 291 287 283.3 278.5 274.6 269.8 264.9 269.6 275.4 283.5 294 305.4 314.7 322.8 326.5 326.8 324.8 321 316.8 310.9 306.7 304.3 302.3 300.6 299 301.4 305.6 310.4 314.9 314.6 312.1 309.4 308.1 308 311.2 314 319.4 323 322 320.5
