data/360000-560000.asc
ncols 200
nrows 200
xllcorner 360000
yllcorner 560000
cellsize 50
[rows 105 to 139 of 200, columns 0 to 77 of 200]
106.7 110.4 115.8 120.2 123.4 123 123.5 124.4 126 128.3 136.5 141.9 150 153.7 157.5 160 162.6 166.1 169.4 171.2 175.2 176.2 175.8 175.8 177 175.6 174 173.2 174.5 175.5 175.8 173.9 173 172.2 173.9 174.1 173.9 174.2 174.6 175 175.9 177.5 178.6 178.3 171.9 164.2 164.9 176.6 179.5 180.7 183.5 174.5 186.1 186.1 185.9 188.8 191.1 193 195.7 197.4 198 199 199.2 201.5 205.3 207.2 208 209.8 213.7 216.8 219.5 220.7 221.1 222.4 225.2 226.4 224.6 223.6
115.9 119.9 121.8 123.4 124.1 124.2 125.3 127.6 128.9 139.3 147 151.9 156.9 160.6 164.5 168.2 171 175.2 177.9 178.5 181.2 181.5 181.5 181.4 180.6 179.4 177.8 177.1 178.4 179.3 179.1 179.1 178.2 177.4 176.7 176.2 175.6 175.7 175.9 176.4 177.8 179.6 180.9 177.8 165.7 164.3 171.5 179.7 182 183.5 185.5 188.3 186.1 189.1 190.3 191 192.5 194.2 196.6 199.6 201.8 202.3 203.1 205.4 207.8 209 210.8 213.9 217.3 220.9 224.7 226.4 227.5 228.3 229.3 228.2 227.4 227.6
119.8 121.1 122.1 124 125.4 126.2 130.1 132.5 141.1 149.1 154.1 158.3 163.7 167.6 171.6 175.7 179.5 181.5 181.9 181.6 182.4 182.9 182.9 182.8 181.6 180.8 179.7 179.8 180.4 180.8 180.7 180 179.4 178.5 178 178 177.4 177.7 177.4 177.9 179.6 180.7 180.1 173 164.9 164.8 175.7 179.7 183.3 185.5 186.3 189 185.2 188 190.2 192.7 195 197 200.7 204.1 205.4 205.1 206.4 208.2 210.2 212.8 214.8 217.5 219.9 222.7 225.3 227.9 229.6 233.8 231.2 232.7 233.6 233
121 121.4 122.3 124.7 128.6 137.8 137.6 140.9 143 151.9 157.6 163.1 166.8 173.6 178 181.3 182.8 183.3 183 183.1 183.7 184.1 184.3 183.9 182.9 182.1 181.6 181.2 181.1 181.4 180.9 180.3 179.9 177.9 176.8 176.6 175.8 175 174.7 174.4 176.3 176.7 173.9 166.5 164.9 165.7 170.9 179.5 183.6 185.5 186.5 188.6 188.5 187.8 190.3 195.9 197.9 200.6 204.6 207.1 208.6 207.1 209.8 212.2 214.4 217 219.1 220.6 222.6 226.4 227.5 231.6 237.6 235.1 233.8 235.1 237.2 238.9
117.7 118.6 121.6 123.8 135 138.7 138.3 143.9 149.4 153.8 160.2 164.6 169.5 174.9 179.4 184.1 186.1 186.7 185.2 184.9 184.9 185.1 185.2 183.5 181.8 180 179 178 177.1 176.9 175.6 174.6 173.7 171.5 169.9 168.6 167.7 167.3 165.8 165.7 165.9 164.3 164.7 165.3 165.5 170.7 177.3 179.4 182.5 185.6 187.3 189 190.8 192.4 191.6 197.1 200.9 204.1 206.7 208.3 210.2 210.6 212.9 215.6 217.8 220.5 223.6 224.9 226.6 228.2 229.6 236 235.7 234.7 235.1 235.9 237.5 237.8
121.2 121.2 120.4 125.5 139.8 139.7 141.5 149.5 154.8 160.7 165.1 169.9 173.8 177.5 180.2 183.6 184.2 184.9 185 184 183.3 182.6 180.3 178.6 177.5 175.4 173.8 172.7 171.3 170.4 169.8 168.4 168.2 167.9 167.7 166.8 166.4 166.4 167.2 166.4 165.2 166.1 169.3 175.3 177.5 179.7 180.1 183.5 185.7 187.7 189.7 191.6 193.9 196.2 195.3 199.4 203.4 205.4 207.2 209.7 211.2 213.8 215.5 218.3 221.3 225 226.5 227.6 229.1 230.5 231.8 234.2 235.6 236 236.4 236.9 237 236.8
137.3 130.9 135.8 134.4 130 141 142.7 155.8 161 164.7 170.6 174.7 177.3 177.7 176.7 177.9 177.4 178 178 178.3 178.2 175.4 173.9 172.6 171.7 171 170.5 170.7 170.5 170.1 169.7 169 168.7 168.6 168.5 168.7 168.8 169.4 170.2 174 178.1 178.7 178 183 184.3 185.3 185.4 187.4 189.2 192.4 194.4 196.8 199.6 202.3 204.3 201.9 205.6 207.9 209.7 212.4 214.6 218.2 219.3 221 225.5 227.7 228.7 229.8 230.7 231.6 232.6 234.7 236.2 237 237.4 237.6 237 236.1
136.8 141.2 143.7 143.4 143.6 138.8 137.4 156.1 158.3 159.9 164.6 170.2 171.9 171.5 172 171.7 171.3 171.4 172.1 172.4 171.6 170.3 170.8 171.4 170.6 170.9 171.1 171.6 172.1 172.6 172.2 171.1 170.4 171.1 172.1 171 174.8 176.5 178.3 180 182.8 184.7 185.3 187.3 189 189.6 190.5 192.1 194.5 197.1 199.5 202.3 204.9 207.3 209.4 208.8 209.5 212.3 214.4 218 219.9 221.6 223.4 225.2 226.6 227.8 229.4 230.6 231.5 232.4 233.4 235.2 236.5 237.7 238.4 238.2 238.2 237
148.6 151 154 154.9 155.5 156.5 155.4 156.7 156.7 161.1 161.8 159 162.2 163.2 166.9 168.3 168.4 168.9 170.1 170.4 170.7 171.2 171.1 170.7 171.5 171.8 172.2 172.8 173.3 173.6 174 174.4 172.2 175.4 176 177.7 178.2 179.3 180.6 182.7 185 187.5 188.4 190.3 192.2 194.2 196.1 197.8 199.9 201.7 204.2 206.6 209 211.1 211.9 215.7 214.3 218.7 220.3 222.1 223.7 225.1 226.8 227.8 229 229.5 230.6 231.5 232.4 233.3 234.2 235.7 236.7 238 239.2 239.9 240.4 239.6
157.4 159.2 161.8 164.1 165.7 168.5 169.1 168.3 166.7 165.7 165 165.4 165.9 166 166.3 167.2 168.8 169.6 170 171.6 172.9 172.7 172.4 172.3 172.5 172.8 173.3 173.9 174.5 175.1 175.7 177.3 175.5 178.6 178.7 179.8 180.3 181.4 183.5 185.6 187.7 190 191.5 193.2 195.1 197.2 199.5 202 203.7 205.4 207.7 210.7 213 215.4 217.8 219.2 215.3 221.3 222.2 224 224.2 225.6 226.7 227.4 228.8 230.7 232.1 232.3 233.2 234.1 235 236.3 237 238.2 238.9 239.4 239.7 239.7
166.8 168.3 169.6 171.8 175.6 175.6 175.2 173.9 172.7 171.8 170.9 171 171.5 168.8 166.9 168.3 170.2 170.8 173 174.8 174.5 173.7 172.9 172.8 173.4 173.9 174.3 175 175.6 176.2 176.8 177.1 174.1 179.6 179.9 181.9 182.4 184.3 186.4 188.5 190.6 192.7 194.7 196.1 198.6 201.1 202.9 205.6 207.5 209.5 212.5 216.5 217 218.8 220.7 222.3 223.4 217.6 222.6 223.8 223.8 225.3 226.2 227.9 230.7 233.2 235 235.3 235.5 235.5 235.9 236.8 237.2 237.9 238.3 238.8 239.7 240.3
173.9 176.8 178.3 178.6 177.9 177 176.9 176.3 175.6 174.6 173.7 172.3 171.7 169 168.2 169.9 172 175.8 176.5 176.1 175.1 174.4 173.6 173.7 174.3 174.9 175.3 176.1 176.7 177.3 178.1 177.6 176.6 179.2 181 182.9 185 187 189.1 191.1 193.1 195.2 198.6 200.1 202.6 204.7 206.9 209.2 211.7 214.5 216.7 218.3 219.8 221.7 223.5 224.6 224.7 224.1 222.6 224.1 225.6 226.9 228.9 232.6 234.8 236.1 237.7 238.2 238.5 238.8 238.8 239.1 239.2 239.3 240.7 242.7 244.8 247
175.6 177.3 177.6 179.1 178.1 177.2 176.3 174.2 172.7 172.5 171.2 169.8 168.5 168.3 170.1 172.9 177.6 179.6 178.2 177.3 176.6 176.9 176.8 176 175.1 175.7 176.3 177.2 177.8 178.6 178.8 178.8 179 180.1 182.1 185.1 187.5 189.3 191.4 193.4 195.4 198.9 202.3 204.2 206.2 208.6 211.5 213.8 216.4 218.5 221.2 222.5 224.6 226 226.6 227.1 226.8 225.8 225.7 225.6 227.2 228.5 232.4 235.6 237 237.5 238.6 239.2 239.9 240.7 242.4 242.8 243.3 243.5 246.7 248.5 250.1 252.3
173.2 174.8 174.7 176.1 175.2 173.9 172 170.1 170.1 170.6 171 170.8 172.5 172.5 171.9 174.4 176.4 176 179.8 180.5 180.6 181 180.7 180.4 177.5 176.6 177.3 178.3 179.1 179.9 180.1 180.7 181 176.9 184.3 187.4 189.8 191.9 193.7 195.7 198.8 202.8 205.8 208.7 210.1 212.5 214.5 218.3 220.8 223.2 225.4 227.5 228.5 228.9 229.2 229.6 228 226.9 227.7 228.8 230.1 231.3 233.5 235.4 236.7 237.5 238.9 240 241.3 243.4 246 247.4 247.2 248.8 252.7 254.5 256.3 258.6
168.8 169.2 169.1 170.2 171.6 170.8 171 172.4 172.7 174.8 175 175.7 175.7 175.2 173.9 175.5 178.5 181.5 181.8 181.9 182.3 182.9 183.4 183.1 181.1 177.7 178.5 179.6 179.7 181.8 182.8 183.7 184.1 181.1 186.7 189.8 192.1 194.7 196.3 198.6 202.8 205.3 207.9 210.4 212.4 214.9 221.2 222.6 224.8 227.2 229.7 231.2 231.6 231.5 231.9 231.8 230.5 228.5 229.5 232.5 233.9 234.4 234.7 235.8 237.3 239.3 241.6 242.3 244.6 246.8 249.6 251.7 252.3 255.5 258.7 260.4 262.5 264.9
163.7 164.1 166.2 168.4 170.1 171.9 173.2 174 174.8 176.6 176.7 176.2 175.5 175.5 177.1 178.6 180.1 181.6 181.7 182.3 182.9 183.5 184 183.7 181.1 181.4 183.8 183.5 180.6 184.5 186.2 187.4 187.1 184.4 188.5 191.9 194.3 196.8 199.1 200.9 203.2 206.6 209.3 212.2 215.4 222 224.4 226.9 229.4 231.5 233.5 234.8 234.9 234.7 234.5 234 232.9 230.9 233.8 235.3 236.4 236.7 236.9 237.7 238.4 241.4 245.3 244.8 246.5 249.8 253.1 255.6 257.6 260.7 264.9 266.2 268.7 270.9
160.2 162.9 166.2 168.9 170.6 172.3 173.9 175.2 176.3 176.3 176.4 176.4 176.5 176.9 178.6 180.3 181.5 182.1 182.4 183 183.5 184.1 184.1 181.9 182.6 188.4 188.3 188.1 183 188.1 188.9 188.9 189.3 187.7 186.5 193.7 195.6 197.6 200.4 203.3 206.6 209.9 213.3 216.6 222.3 225 227.2 229.7 232.2 234.7 237.1 238.5 240.4 239.9 239 238 236.7 235.4 236.8 239.1 240.1 240 239.7 239.5 240.3 241.3 244.1 245.8 248.5 254.2 257.1 258.4 260.2 263.6 267.5 270.2 272.4 274.3
160 163.2 166.4 169.3 171 172.8 174.5 175.9 176.8 176.8 176.9 176.9 177.2 177.7 179.7 181.6 182.4 182.8 183.2 183.7 184.6 186.2 186.9 183.8 187.7 192.2 191.9 190.3 188.1 190.9 191.3 190.5 192.7 192.5 187.5 193.6 198.4 200.2 204.3 207.7 211.1 214.4 217.8 221.6 225.4 227.7 230 232.4 235 237.5 239.9 242.2 243.7 244.4 243.5 242.3 240.8 239.5 241.6 243.3 244.4 243.5 243.9 244.8 244.6 244.8 245.7 247.1 254 257.4 258.1 259.9 262.1 265.9 269.7 271.9 274.2 276.6
160.3 163.4 166.6 169.7 171.5 173.2 175 176.6 177.4 177.4 177.4 177.5 177.8 178.3 179.8 180.8 181.7 183.6 184.8 186.9 188.8 190.9 190.8 189.9 190.1 193.1 193.9 193.4 188.6 194.9 196 196.5 197.6 196.4 196.9 193.2 201.3 204.7 208.5 211.7 214.8 217.9 221.1 224.4 227.8 230.5 232.8 235.2 237.8 240.3 242.7 245.1 246.2 246.9 247 245.6 244 243.8 246 247.9 248.4 247.6 247.2 248.5 250.1 250.1 249.9 248.8 257.5 257.8 258.4 261.3 264.7 268.4 271.4 273.8 276.2 278.4
160.6 163.6 166.8 170.1 171.9 173.7 175.4 177.1 178 177.9 177.9 178 178.5 179.6 181.2 182.4 184.2 186.8 188.8 191.8 194 196 196.9 196 197.1 197.7 200.4 200.5 195.2 201.8 201.4 201.5 202.4 199.8 199.1 195.8 206.4 209.8 211.6 214 217.2 220.5 223.7 227 229.9 232.8 235.5 237.9 240.6 243.1 245.2 246.6 247.5 248.3 249.3 248.8 247.8 247.7 250 251.6 251.9 251.7 251.5 251.4 252.2 253.7 254 254.2 256.9 257.5 261.2 264.5 267.8 271.1 273.4 275.8 278.3 280.1
159.3 163.4 167.4 171 172.9 174.8 176.7 178.6 179.1 178.9 178.7 179.5 180.9 182.8 184.7 187.1 189.9 193.3 196.3 198.7 202 204.2 205.2 206.4 207.7 206.9 207.7 205.1 198.9 206.8 207.3 207.4 207.5 207.8 208.7 202.4 210.5 213.3 215.5 217.3 219.2 222.5 225.8 228.5 231.6 234.7 237.8 240.7 243.1 244.7 246.5 247.7 248.6 249.7 250.8 251.9 252.3 252 253.2 253.6 253.7 253.8 254 254.2 254.2 255.3 255.8 256 257.7 258.7 264.8 268.7 272 273.5 275 277.7 280.3 281.5
161.5 164.9 168.9 173 175.5 177.1 178.7 180.5 180.6 180.5 181.2 182.7 185.3 188.2 190.9 194.4 198.1 201.4 203.8 207.4 209.2 210.5 213.7 213.4 213.4 212.8 211.2 209.9 204.6 211.2 211.9 212.3 212.4 212.8 212.7 211.3 209.8 215.1 217.8 220.3 222.7 224.7 227.5 229.9 232.8 235.8 238 240.1 242.2 244.2 245.1 246.1 249.4 252.2 254 256.1 257.6 257.4 257.3 257 256.8 257.4 257.1 256.8 256.9 257.6 257.5 257.7 258.6 261.2 268.3 272.8 274.4 275.9 277.4 279 281.6 282.9
164.3 167.3 171.7 175.2 177.6 179.4 181 182.4 182.4 183 185.3 188.7 192.1 195.1 198.9 203.3 206.3 208.3 210.4 213.7 214.5 215 215.7 216.2 216.6 216.2 214.6 213.6 213.2 215.1 215.7 216.3 216.5 216.2 215.1 209.8 213.3 216.3 219.2 221.9 224.5 226.2 227.9 230.2 232.7 235.3 237.1 238.5 239.7 240.5 241.5 244.8 250.1 255.4 258.4 260.6 262.8 262.3 261.7 261.5 261.3 261.3 261 260.6 259.9 259.1 258.8 259.2 259.6 264 270.6 273.1 275.2 277.2 279.2 281.1 282.9 283.1
166.8 170 173.6 177.1 179.3 181.3 183.1 184 185.3 187.4 191.9 195.2 198.6 203.3 207.1 208.5 211.5 213.2 214.6 216.2 216.8 217.5 218.2 219 219.5 218.3 217.6 212.3 216.1 216.9 217.7 218.2 218.6 217.3 215.7 207 213.7 214.8 219.3 222.6 225.1 225.3 225.9 228 229.5 232.1 233.8 235.1 236 236.9 239.7 245 250.2 256 259.8 263 265 266.3 266.2 266 265.8 265.2 264.9 263.4 262 260.6 259.9 260.3 260.4 266.4 271.2 273.6 275.5 277.9 279.9 281.9 282.5 282.9
169.2 171.8 175.1 179 181 183 185.4 188.4 190.3 193.5 197.8 201.3 205.4 209.7 212.1 211.7 212.4 215.2 217.7 218.6 219 219.1 219.3 219.5 219.6 218.9 218.4 218.5 218.5 218.8 219.3 219.3 219.3 218.1 216.9 213.7 210 212.4 219.3 222.4 223.5 224.6 225.1 225.7 227.3 229 231.4 233.1 233.3 234.2 236.2 241.4 246.7 253.4 257.9 261.3 264.5 268 269.8 269.9 269.5 268.4 266.9 265.4 264 262.6 261.8 261.2 261.6 267.5 271.7 274.1 275.7 278.1 280.6 281.7 282.2 282.8
172.9 174.8 178.2 181.1 183.8 186.5 189.8 193.6 195.2 199.5 203.6 207.7 211.7 212.3 211.5 212.1 214.2 218.1 220.3 219.7 219.2 218.8 218.2 218.3 218.5 218 218.8 220.6 220.6 220.7 220.8 221 220.7 219.8 218.9 217.9 217.3 213.6 220.2 222.5 223.8 225.2 226.1 227.1 228.1 229 230.4 232.1 232.3 232.4 234.1 238.2 243.2 248.9 252.3 256.5 259.1 263.6 266.5 269.9 269.9 269.2 267.9 267.2 265.9 265.3 265.4 265.6 267.2 269.9 272.8 274.5 276 277.9 280.1 282 282.6 283.6
180.2 181.5 183.2 185.9 188.3 190.6 193.7 195.8 199.1 205.2 208 210.7 211.7 212.1 211.8 212.1 216.8 221.4 221.3 220.9 220.5 220 219.6 219.1 218 220.4 221.9 222.9 223.1 223 223 223.2 222.6 222.2 221.3 220.9 220.6 218.1 220.1 222.9 224.4 225.7 226.7 227.7 228.7 229.6 230.4 231.1 230.8 230.6 231.2 233.7 238.1 242.5 246.6 250.3 253.4 257.3 259.5 262.5 263.8 264.8 266.1 266.5 265.5 265.3 266.7 267.3 268.4 270.3 272.4 274.5 276.4 278.3 280.3 282.3 283.4 284.4
185 185.8 187.2 189.7 192.3 193.3 196.1 199.2 202.2 204.5 209.3 211.9 213.2 212.6 213.6 215.1 220.9 221.9 222 222.2 221.7 221.3 220.8 221.4 221.9 223.1 224.1 225.2 225.5 225.5 225.3 225.4 224.6 224.2 223.7 223.7 223 220.7 220.3 223.2 225.1 226.3 227.3 228.3 229.3 229.2 229.6 229 228.8 228.6 229.3 230.5 233.6 237.2 241.2 244.5 247.7 251.3 253.7 256.2 258.5 258.8 260.2 259.8 260 259.9 261 264.4 268 269.5 272.2 275.3 277.4 279.4 281.4 283 284.2 285.1
189.6 190.2 191.3 192.9 195.7 197 198 199.1 202.9 207.8 212.8 213.3 214 213.1 216 219.8 223.7 224.1 224.1 223.7 223 223.4 223.7 224 224.3 225.4 226.3 227.4 228 227.9 227.9 227.5 226.6 226.1 226.2 226.2 224.9 223.1 225.2 225.4 226.9 227.8 228 228.7 228.5 227.8 227.5 227 227.6 228.6 230.6 231.2 230.1 231.7 235.7 237.2 239.9 245.6 248.1 250.8 252.8 252.9 252.7 252.9 253.1 255.5 261.1 266.6 268.7 270.8 273.1 276.1 278.5 280.5 282.6 283.8 284.9 285.8
194.6 195.4 195.9 197.8 200.5 202.2 204.5 206.8 212.9 217.3 216.2 216.6 217.5 218.3 222.8 227.2 227.3 226.7 226.9 225.7 224.1 224.6 224.9 225.2 225.9 227.7 228.7 229.6 230.3 230.3 229.6 228.8 228.7 228.4 228.6 228.7 228.2 227.7 227.9 228 229.6 229.6 229.5 229.8 229.9 229.6 228.8 227.6 228.9 229.9 232.2 231.9 231.3 230.4 232.1 231.7 233.6 239.9 242.6 245.6 248.5 248.3 247.3 248.6 252.7 257 260.6 263.5 267.4 270.5 273.8 276.9 279.4 281.7 283.4 284.1 284.8 285.8
198.8 201.5 204.6 206.6 208.5 209.9 218.6 220.3 221.4 222.5 222.7 224 225.2 228.1 231 230.6 229.9 229.2 227.8 226.7 225.3 225.2 226 226.4 227.9 229.9 231.1 231.3 231.1 230.6 230.3 229.9 230 230 229.9 229.9 231.2 230.9 230.6 231.3 231.3 231.2 231.2 231.2 231.4 231.4 231.3 231.1 231.4 231.7 232.6 231.4 230.9 230.8 231.6 232.1 232.7 235.3 239 241.4 244 243.7 246.2 248.4 251.7 255.3 258.7 261.6 264.8 267.9 271.4 275.2 278.1 280.2 283.2 283.9 284.9 286
206.8 211.4 214 215.1 216.8 219.6 223.9 225.9 227.9 229.1 230.8 231.1 234.6 232.9 232.1 230.8 230.2 230.2 229 227.7 226.4 225.9 226.7 227.6 229.4 230.2 230.7 231.2 231.2 231 230.5 230.2 229.9 229.9 230.4 230.5 232.1 233.3 233.1 232.9 232.9 232.9 232.8 232.8 232.9 232.9 233.1 233.5 233.7 233.8 233.6 233.1 232.7 232.7 233.3 233.2 233.2 233.3 236.9 238.1 238.5 241.4 244 246.9 250 253.4 256.8 259.8 262.3 265.3 269 272.6 275.2 278.3 281.5 284 285.1 286.8
214.3 218.1 221.7 224.8 228.5 232.2 230.7 232.7 234.8 233.3 232.4 232.4 233.6 232.5 231.7 231 231 230.9 230.1 228.8 227.7 227.3 228.4 229.4 229.3 229.8 230.3 230.9 230.9 231.2 230.5 229.8 229.9 230.4 230.8 232.5 234.1 235.1 235.1 234.3 234.3 234.3 234.4 234.4 234.4 235 235.6 235.9 235.6 235.5 235.4 234.9 234.5 234.9 235.1 235.3 234.2 234.4 235.3 236.6 238.5 240 242 245.3 248.8 251.6 255 258 260.5 262.7 266.2 269.8 272.8 276.4 279.9 283.1 285.4 287.5
222.7 226.2 229.8 230.9 230.8 231 231.8 233.2 235 234.7 233.8 233.7 233.3 232.4 232.3 232.3 231.8 231.7 231.1 230 229.5 229.7 230.4 229.7 229.2 229.3 230.1 230.8 230.6 231.2 231 230.9 230.8 232.1 233.5 234.9 236.1 237.2 237 236 235.7 235.7 235.8 235.8 235.6 235.5 236.1 236.4 236.7 237.1 237 236.7 236.6 236.8 237 237.2 236.8 235.7 236.9 237.3 238.2 239.7 241.3 243.5 247.4 250.8 253.3 256.2 258.1 260.3 263.2 266.8 270.4 273.1 276.4 279.5 282.4 283.9
223.6 226 226.7 228.9 229.2 230.8 231.6 234.5 235.3 234.5 234.9 234.9 234.7 233.9 234.2 234 233.3 232.8 232.2 231.7 231.3 230.7 230.2 229.9 228.8 229.5 230.4 230.9 230.8 231.3 231.2 231.5 232.1 233.2 234.4 235.7 238.1 239.3 239 237.8 237.1 237.1 237.1 236.8 236.8 236.7 236.6 236.8 237.4 238 238.5 238.5 238.6 238.8 239 239.2 239.4 238.2 239.8 240.5 240.9 241.3 241.5 241.4 244.6 249.2 252 254.2 256 257.8 260.6 263.6 265 267.7 270.9 273 275.8 278
