data/360000-810000.asc
ncols 200
nrows 200
xllcorner 360000
yllcorner 810000
cellsize 50
[rows 105 to 139 of 200, columns 0 to 78 of 200]
132.8 132.4 132 131.7 132.1 132.6 133 133.4 133.8 134.2 134.8 135.1 135.2 135.3 135.4 135.5 135.6 135.6 135.6 135.6 135.6 135.7 135.7 135.7 135.7 135.7 135.7 135.8 135.7 135.6 135.5 135.8 136.1 136.3 136.5 136.7 136.8 137.1 138 139.1 140.2 142.3 145.7 150.6 156.1 159.6 164.6 170.5 176.1 181.4 185.7 189.5 193.3 197.6 202.5 207.4 212.3 218.5 225.5 232.1 237.9 244.1 250.8 257.4 263.7 272.3 281.1 287.6 291.6 294.7 298.6 301.2 304.9 309.9 315 319.3 322.2 323.3 327.2
132.8 132.5 132.1 132.1 132.5 132.8 133.2 133.6 134.1 134.5 135 135.2 135.3 135.3 135.4 135.5 135.6 135.7 135.7 135.8 135.8 135.9 135.9 136 136 136.1 136.1 136.1 136 135.9 135.8 136 136.3 136.5 136.6 136.7 136.8 137.1 137.7 138.2 139.2 141.1 144.3 148 152.3 157.9 163.6 169.2 175.3 180.2 183.7 187 191.4 197.8 202.7 207.6 212.5 217.8 224.8 231.2 237 241.8 248.1 254.3 259.2 267.1 275.8 280.8 284.4 287.5 289.9 292.9 296.7 300.8 306.2 310.7 314.5 318.5 323.7
132.9 132.6 132.3 132.4 132.8 133.2 133.5 133.9 134.3 134.7 135.1 135.2 135.3 135.5 135.5 135.6 135.7 135.8 135.9 136 136 136.1 136.1 136.2 136.3 136.3 136.4 136.4 136.3 136.2 136.1 136.2 136.3 136.4 136.5 136.6 136.8 137.2 137.7 138.3 138.9 141 143.5 148.1 152.7 156.9 162.5 167.8 172.3 176.6 180.8 184.8 188.7 196.2 202.2 207.7 212.6 217.5 224.1 230.3 235.3 239.3 245.1 250.2 255.3 260.8 269.3 273.2 277 280.7 282.7 285.3 289 292.7 296.5 301.5 308.8 314.7 320.2
133.4 132.8 132.5 132.6 133 133.3 133.7 134.1 134.5 134.9 135.2 135.3 135.4 135.5 135.6 135.7 135.8 135.9 136.1 136.1 136.2 136.3 136.3 136.4 136.5 136.7 136.8 136.8 136.7 136.5 136.4 136.2 136.3 136.4 136.5 136.6 136.9 137.3 137.8 138.3 139.6 141.5 143.8 147.9 152.3 156.3 160.9 165.3 168.9 173.2 177.3 181.5 186.2 193.7 200.9 206.7 212.4 217.6 223.5 228.8 232.8 236.7 241.7 246.2 251.4 256.6 261.5 265.7 269.9 274.1 276.7 278.4 281.3 286 291.1 297.5 304.8 312.1 318.9
134 134 133.3 132.9 133.1 133.5 133.9 134.3 134.7 135 135 135.3 135.5 135.6 135.7 135.8 135.9 136.1 136.2 136.3 136.4 136.5 136.6 136.7 136.7 136.8 136.9 137 136.9 136.8 136.7 136.5 136.3 136.3 136.4 136.5 136.9 137.4 137.9 138.8 140.2 141.1 143.6 147.6 151.3 155 159.1 162.6 165.8 169.8 174.4 179.2 184.4 191.1 198.7 205.4 211.1 216.9 222.3 226.2 230.2 234.1 237.8 242.2 246.9 251.7 256.3 260.1 263.9 267.8 271.5 274.2 278.1 282.3 287.1 293.3 300.7 308.1 319.8
135.2 135.9 135 133.9 133.3 133.7 134.1 134.6 135 134.9 134.8 135 135.2 135.5 135.7 135.9 136 136.2 136.4 136.5 136.5 136.6 136.7 136.7 136.8 136.9 137 137.1 137.2 137.1 137 137.3 136.6 136.4 136.4 136.6 137 137.5 138 139.2 139.7 140.5 143.5 147.3 150.5 153.6 157.2 160.6 164.7 168.5 172.3 177 182.4 188.9 196.2 203.7 210.1 215.4 220 223.5 227.5 231.4 235.1 238.3 241.7 246.5 251.2 255.2 259.1 263.2 268.4 272.7 277.2 281.4 285.5 290.4 297.3 305.3 319.5
136.8 135.9 135.4 134.7 134 134 134.5 135 134.9 134.7 134.5 134.7 135 135.2 135.5 135.7 136 136.2 136.4 136.6 136.6 136.7 136.8 136.8 136.9 137 137.1 137.2 137.3 137.3 137.2 138.8 138.1 137.4 136.8 136.7 137.1 137.6 138.2 138.7 139.2 140.2 143.3 147.1 151.2 154.4 157.6 161.9 166 170.5 173.6 176.5 180.1 187 194 199.9 206.2 213.4 217.8 220.8 224.8 228.8 232.4 235.4 238.4 241.9 246 250.4 255.7 261.8 267 271.7 276.4 280.9 285 289.9 295.5 306 319
137.7 136.1 135 135.3 134.9 135.1 135 134.9 134.7 134.6 134.4 134.5 134.7 135 135.3 135.7 136.1 136.3 136.4 136.6 136.7 136.8 136.8 136.9 137 137.1 137.2 137.3 137.5 137.5 137.5 139.5 139.6 139.1 138.7 138.2 138 138.2 138.4 138.6 139.2 140.7 143.3 146.8 149.3 155.2 158.6 163.1 167.3 171.9 176.4 179.5 183.7 186.6 189.3 195.3 201.7 208.7 213.8 218.4 222.1 226.1 229.6 232.6 235.7 238.2 244.1 251.3 257 262.8 266.4 270.7 276 280.4 284.4 289.3 294.6 303.4 315.6
136.9 135.9 135.1 134.7 134.8 134.7 134.9 135.1 134.8 134.6 134.3 134.3 134.7 135.1 135.4 135.8 136.2 136.3 136.5 136.6 136.8 136.9 136.9 137 137.2 137.3 137.4 137.4 137.6 137.7 139.1 141 141 140.6 140.1 139.9 139.2 138.8 139.4 140.1 140.4 142.1 143.8 145.6 148.2 150.4 158.9 163.6 168.2 173.4 178.2 182.6 186.7 189.7 192.9 198.5 203.2 206.8 210.2 217.9 224.3 228.4 231.8 235.1 238.9 243.4 248.4 254.5 260.1 264.1 267.8 272 277.1 280.2 284.1 288.7 294.8 303.4 312.8
137 134.4 134.2 134.3 134.4 134.5 134.9 135.2 135 134.7 134.4 134.4 134.8 135.2 135.6 135.9 136.2 136.4 136.5 136.7 136.8 136.9 137 137.2 137.3 137.4 137.5 137.6 137.7 138.6 141.1 142.1 142.1 141.5 141.3 140.7 140.4 139.4 139.3 140 140.6 141.7 143.5 145.3 147.6 151.7 156.5 161 168 174.4 179.7 184.6 189.2 192 197.5 202.3 206.8 211.2 218.5 226.3 231.6 235.8 239.5 242.3 245.9 250.5 254.9 259.2 262.8 266.1 269.5 274.3 279.4 282 285.7 290.5 299.1 307.5 314.1
137 135 134.2 134.4 134.4 134.4 134.8 135.2 135.1 134.8 134.6 134.5 134.9 135.3 135.7 136.1 136.2 136.4 136.5 136.7 136.9 137 137.1 137.3 137.4 137.5 137.6 137.5 137.6 139 140.6 140.9 141 141.4 140.3 140.3 140.4 140.5 139.6 139.9 140.5 141.7 143.1 144.1 146.8 149.5 153.8 160.5 167.8 174.1 180.3 186.4 191.5 196.1 200.8 205.3 210 218.2 225.4 233.3 239.3 243.2 247.1 250.3 253.8 258.7 262.9 265.3 268.5 271.8 274.4 277.8 281.9 285.5 288.7 294.1 303.4 311.3 316.9
137.4 136 135 135 135 135 134.9 135.2 135.2 135 134.7 134.5 135 135.4 135.8 136 136.4 136.6 136.7 136.9 137 137.2 137.3 137.5 137.6 137.8 137.8 137.1 137.7 137.6 139.1 139.5 140.1 140.2 139.8 139.9 140.1 140.2 140.3 139.8 140.5 141.6 142.2 143.1 145.4 147.6 151.1 159.3 166.2 172.3 179.2 186.1 192.2 197.8 203.2 207.7 213.5 222.1 231.1 239 246.3 250.3 254.2 257.7 261.6 266.7 269 271 274.2 277.1 279.2 282.4 286.4 290.7 295.8 298.2 308.3 315.4 320.5
138 136.6 135.7 135.7 135.7 135.6 135.5 135.4 135.4 135.1 134.9 134.8 134.9 135.3 135.6 136 136.6 136.9 137 137.2 137.3 137.4 137.6 137.8 138.1 138.1 138.2 138.2 138.2 138.1 138.1 138.7 139.6 139.4 139.5 139.6 139.7 139.8 139.9 140.1 140.3 140.9 141.4 141.6 143.5 145.8 148.4 154.6 164.5 171.3 178.4 185.5 191.7 197.8 203.2 209 216.7 225.1 233.4 242.4 251.1 256.4 260.9 264.3 268.7 272.8 275 276.9 279.8 281.9 284 286.9 290.8 295 303.4 309.8 315 320.3 325.8
139.2 139.1 136.5 136.9 137.6 137.1 136.8 136.6 136.5 136.4 136.3 135.9 135.8 136 136.1 136.1 136.7 137.2 137.3 137.4 137.5 137.6 137.8 138.2 138.5 138.6 138.7 138.7 138.7 138.6 138.6 138.6 138.9 139 139.1 139.3 139.5 139.6 139.8 140 140.9 141.6 141.8 142.3 142.9 145 147.6 153.3 162.3 170 177.4 184.6 191.3 196.8 202.3 209.2 217 224.8 234.2 243.7 253 259.2 264.4 267.1 271.4 275.3 277.6 280.3 282.4 284 286.3 289.1 293.6 301.6 311.6 320.9 324.7 326.5 331.1
141.5 140.1 140.4 141.3 140.9 139.7 139.1 138.5 138.3 138 137.5 137 136.7 136.8 136.7 136.6 137 137.4 137.5 137.6 137.7 137.9 138.2 138.6 138.9 139.1 139.2 139.2 139.2 139.1 139.1 139.1 138.7 138.9 139.1 139.2 139.4 139.6 139.7 140.2 141.4 142.1 142.6 142.7 142.7 144.7 148.8 154.3 159.9 167.4 174.5 181.6 189.2 195 200.4 207.8 215.5 224 231.6 241.5 252 259.9 263.8 269 272.1 274.8 276.1 278.4 280.3 283.9 286.4 288.9 295.1 307.6 318.6 330.2 335.5 337.1 340.5
143.4 143.9 144.8 144.8 143.5 142.1 141.6 140.7 140.3 140 139.6 139.2 138.5 138.1 137.7 137.3 137.2 137.4 137.7 137.8 137.9 138.3 138.6 139 139.3 139.6 139.5 139.7 139.6 139.6 139.6 139.7 138.9 138.4 138.8 139.1 139.3 139.5 139.7 140.7 142 142.6 143.3 143.6 142.6 145.2 149.8 154.1 157.8 163.5 170.5 177.7 185.4 192.2 198.3 205.2 213.4 220.8 228.3 238.7 249.5 255.6 260.7 264.3 267.1 269.6 272.8 274.9 276.3 279.1 282.7 285.6 295.6 309.8 324.7 338.5 344.9 349.7 350.9
147.8 148.3 148.5 147.2 145.9 144.6 144 143 142.4 142 141.6 141.3 140.6 140.2 139.9 139 138.1 138 138 138.1 138.3 138.7 139 139.4 139.7 140 139.8 140.1 140.1 140.1 140.2 139.9 139.1 138.2 138.3 138.6 139 139.4 139.8 141.1 142.2 142.6 142.9 143.7 142.5 143.5 147.7 152.1 154.8 160.5 166.8 173.6 180.8 187.7 194.2 200.6 208.1 215.6 223.1 234.4 242.4 249 254.5 258 261.4 264.3 266.8 269.1 271.4 274 276.5 280.8 292.8 309.4 327 343.4 353.7 358.1 356.5
153 152.3 150.9 149.6 148.3 147 146.3 145.3 144.4 144.1 143.7 143.3 142.8 142.3 141.5 140.6 139.7 138.8 138.8 138.9 139 139.3 139.6 139.9 140.2 140.5 140.2 140.6 140.6 140.7 140.8 140.1 139.4 139.1 139.4 139.7 139.9 140.2 139.8 140.8 141.8 142.4 142.7 142.9 142.2 142.3 145.7 150.1 151.9 157.5 162.6 168.1 175.9 183.3 189.4 195.3 202.8 208.3 213.8 225.1 231.1 237.9 244.4 248.4 251.3 255.3 258.5 260.8 262.3 266.4 270.9 274.8 288.4 305.5 322.7 339.5 354.9 358.9 356.3
157.9 156 153.4 152 150.7 149.4 148.6 147.6 146.6 146.1 145.8 145.4 144.8 143.9 143 142.2 141.3 140.4 139.6 139.7 139.7 140 140.3 140.6 140.8 140.7 140.6 141.1 141.2 141.2 141.1 140.6 140.3 140.2 140.6 140.8 141.1 140.9 140.4 140.5 141.4 142 142.6 142.5 142.7 142.3 143.1 146.7 149.2 153.6 155.9 160.8 167.9 175.7 182.7 189 194.1 199.3 204.9 213.4 219.9 226.3 232.5 236.9 240.3 244.7 249 251.6 252.6 258.1 263.6 268.3 283.1 301 316.2 332.7 348.3 355.1 353.4
162.5 159.7 157 155.1 153.1 151.8 150.9 149.9 149.2 149.2 148.8 148.1 146.7 145.5 144.6 143.8 142.9 142 141.2 140.5 140.5 140.7 141 141.1 140.7 140.9 141 141.5 141.8 142 141.8 141.6 141.3 141.3 141.7 142 142 141.5 141 140.5 141 141.6 142.3 143.1 143.9 143 143.8 143.8 145.8 149.2 151.2 153.8 159.9 167.2 173.8 180.3 185.6 190.3 196.1 201.8 207.7 214 220.2 224.3 228.4 233.2 237.5 241.5 244.3 249.8 255.7 262.1 277.3 293.1 307.1 324.5 339.9 348.1 350.1
165.6 163.1 160.3 157.9 156 154.2 154 154.3 154.5 154.6 153.8 152.7 151.2 149.8 148.4 147 145.6 144 142.9 142.1 141.4 141.4 141.3 141 140.7 141.1 141.4 141.7 142.2 142.7 142.8 142.5 142.2 142.5 142.8 143.1 142.6 142.2 141.9 141.5 141.9 142.6 143.5 144.1 144.5 146.3 147.6 146.3 144.9 144.7 146.7 149.8 153.1 158.7 164.1 170.7 176.9 182.3 184.7 190.2 195.9 201.6 207.9 211.6 216.5 221.4 226.1 230 237.6 244.1 250.6 257.7 271.6 285.1 299 313.9 331 341.6 343.3
168.8 166.2 163.6 160.9 160.2 160.8 160.9 160.6 160.1 159.4 158.4 157.3 155.7 154.3 152.9 151.5 149.7 147 146 145 144 142.5 141.3 141 140.9 141.3 141.7 142.2 142.7 143.3 143.5 143.3 143.1 143.3 143.5 143.6 143.3 142.9 142.6 142.2 143.3 144.2 145 145.6 146.3 148.1 150.4 148.6 146 146.3 146.8 147.4 149.9 152 156.5 161.6 165.6 170.5 173.1 178.7 184.3 190 195.7 201.2 206.5 211.3 216 222.3 229.8 237.3 244.8 252.2 263.9 277.3 291.9 306.6 322.3 331.5 333.5
171.9 170 166.7 164.7 164.9 165.8 165.8 165.3 164.6 163.9 163.1 161.8 160.3 158.9 157.5 155.7 153.3 150.1 149.1 148 146.7 145.1 143.4 141.2 141.1 142 142.4 142.8 143.3 143.8 144.3 143.8 143.6 143.2 143.3 143.5 143.3 142.9 142.6 142.4 143.8 145.6 146.4 147 148.1 149.4 151.2 151.3 148.5 147.8 148.4 148.6 148.5 148.7 149.4 153 157.4 160.4 161.5 167.4 173.4 179.1 186.6 192 197.3 202.5 206.7 214.7 222.2 229.7 237.2 244.8 253.2 268 282.8 297.5 312.7 321.1 322.5
173.5 169.4 168.5 169.9 169.9 169.9 170 170.2 169.2 168.5 167.7 166.4 164.8 163.4 161.8 159.5 156.8 153.6 152.1 150.9 149.3 147.7 146.1 142.9 142.7 143 143.5 144 144.4 144.8 145.2 144.5 144.2 143.2 143.3 143.3 143.3 142.9 142.6 142.5 143.7 145.3 146.9 148.9 150.9 151.8 152.6 152.5 151.1 149.4 149.5 150.8 149.5 149.2 149 148.8 149.5 153.7 156 157.5 162.5 169.4 177.5 182.9 188 193.3 197.9 206.4 214.6 222.1 229.6 237.3 246.2 258.9 273.2 287.9 302.1 309.5 312
173.7 171.7 175.4 177.7 179.2 180.6 180 178.4 176.9 174.6 172.4 171 169.4 167.9 165.6 163.4 160.4 157.2 155 153.5 151.8 150 147.6 143.8 144 144 144.6 145.1 145.6 146 146.5 146.7 145.3 143.4 143.2 143.2 143.2 142.9 142.8 142.7 143.5 145.5 147.5 149.5 151.9 153.1 153.9 153.2 151.7 150.3 153.1 151.8 150.5 150 149.9 149.1 148.6 149.7 153.4 152.9 156.6 160.3 168.3 173.8 178.9 184.1 189.2 197.8 206.4 214.5 221.9 230.4 239 249.3 263.1 277.6 290.9 296.6 302.3
174.2 174.9 181.3 188.7 190.7 191.9 191 188.7 184.9 182.5 177.6 174.5 172.8 170.8 168.8 166.9 163.5 159.9 156.5 154.5 152.7 150.9 149.1 144.8 145 145 145.6 146.2 146.8 147.2 147.7 148.8 147.4 145.7 145 144.4 143.7 143.4 143.7 143.9 143.7 145.3 147.3 149.2 151.1 152.8 153.2 153.3 152.2 150.6 153.9 152.8 151.5 151.1 150.2 149.5 148.9 149 150.1 153.3 154.7 157.5 159.2 164.7 170 175.2 180.7 189.1 197.8 206.3 214.5 223.1 231.6 242.2 253.8 267.5 279.4 287.3 291.9
176.8 179.6 188.1 192.6 198.5 199.8 199.1 195.3 191.4 186.6 182.2 179 176 173.2 169.9 166.6 164.6 162.1 158.6 155.4 153.6 152.1 150.7 146.3 146 146.1 146.7 147.3 147.8 148.4 149 150.9 150.4 148 147.3 146.7 145.9 145.1 145.3 145.1 144.5 145.5 147 148.8 150.6 152 152.4 152.7 152.8 153 152.5 152.8 152.3 152.9 152.2 151 151.5 149.4 150.1 154.5 156.2 158 160 161.5 163.6 167.4 173.3 179.9 188.2 197.4 207.1 215.7 224.3 234.1 245.7 257.6 268.8 276.9 282.3
178.9 183.8 189.7 196.5 202 203.4 203 199.3 195.1 190.5 186.3 181.7 177.6 173.5 169.3 166.2 164.3 162.3 160.3 157.5 154.5 153 150.2 148 146.7 147.1 147.7 148.3 148.9 149.4 151.5 153.4 154.8 152.2 149.4 148.8 148.1 147.3 147 146.3 145.6 146 147.2 148 149.7 149.9 150.3 150.7 151.3 152.5 152.4 152.2 153.2 154.8 155.9 158.1 159.1 158.2 159.6 162.8 162.2 163.7 164.6 163.8 166 166.6 168 174.6 180.5 190.3 199.4 208.3 217.1 226.2 236.7 248.7 260.4 266.8 272.8
181.8 186.6 191.2 195.3 198.8 200.2 199.2 194 191.3 186.5 182.4 178.1 175.1 171.7 168.7 165.7 163.7 161.7 159.7 157.2 154.2 150.7 147.7 147.9 149.7 150.2 148.6 149.2 149.7 150.8 153.6 153.8 155.5 154 151 150.4 149.7 149.1 148.2 147.8 147.1 146.9 147.8 148.6 148.4 148.2 148.1 148.4 148.9 149.6 150.4 150.6 152 154.5 158 163.3 164.7 168.5 168.6 169.1 169.7 170.4 170.9 171.4 170.7 167.2 167.4 171.1 178 185.9 194.9 203.7 212 219.4 227.1 239.4 250.4 258.2 263.3
184.4 189.7 193.5 194 194.4 194.5 193.1 190.9 187.3 182.8 179.9 177.2 174.7 172 168.8 165.5 163 160.9 159.1 156.6 153.1 149.2 149.5 151.3 152.8 154 150.9 150.2 151.1 151.6 153.4 153.1 154.5 152.2 151.6 151.4 151 149.6 149.2 149.1 148.6 148 148 148.4 148.6 148.5 148.2 148.3 148.4 148.6 148.7 149 150.4 152.8 157.4 165.4 168.7 173.1 174.2 174.8 175.3 175.9 176.2 175.9 175.6 172.5 170.2 172.3 175.3 183.5 191.9 200.4 209 213.9 220.1 230.1 240.2 247.6 253.6
186.3 192.1 196.4 195.6 194.7 193.6 192.6 190.7 186.8 184.1 181.3 178.3 175.2 172.1 168.9 165.7 162.7 161.9 160.6 158.2 155.5 150.2 154.2 154.9 156.4 156.8 155.5 152.1 151.4 151.3 152.7 152.6 152.8 151.7 151.4 150.7 150.5 149.7 149.1 149.1 148.7 148.2 148.2 148.7 149 149.6 148.7 148.7 148.5 148.7 148.5 148.5 149.2 151.1 155.3 161.1 170.2 175.9 178 178.5 179.5 179 178.4 177.9 177.5 177.3 177.1 176.2 177.9 181.3 189.2 196.9 204.8 208.4 214.6 223 229.6 236.8 243.9
188.1 192.7 195.2 196 195.8 193.5 192.1 190.7 188.1 185.4 182.6 179.8 176.7 173.6 172.7 169.7 167 165.9 164.7 157.9 152.9 159 158.6 158.5 159.6 159.6 158.9 157.3 155.5 155.4 155.2 154.4 153.4 152.4 152.9 152 150 149.2 148.6 148.9 148.7 148.4 148.5 148.8 149.2 149.5 149.3 148.8 148.5 148.4 149 149.7 149.5 150.8 152.8 160.2 168.8 175.7 178.2 178.6 180.2 180.5 179.9 179.5 179.4 179.6 179 179 180.5 182.9 186.8 193.2 198.2 202.9 208.4 216.5 222.8 228.9 235.5
186.5 190.2 190.6 191.4 192.7 192.6 192.2 191.9 189.4 186.7 183.9 181.1 178.2 174.1 173.6 173.6 171.4 169.9 160.4 158.3 163.6 163.9 163.1 162.3 162.4 162.4 162.6 161.9 160.7 158.3 157.7 159.6 156.8 154.2 156.4 155.2 152.9 149.8 148.2 148.5 148.6 149.1 148.6 149.2 149.7 151.4 152.8 151.7 153.1 154.4 155.4 155.1 152.7 153 156.1 160.3 167.5 174.2 178.4 178.2 179.6 181.1 181.6 181.8 182 181.8 180.9 181 182.7 184.4 187.2 190.1 193.2 197.1 202.4 209.9 216 222.5 228.8
189.9 190.7 191.2 190.9 191.8 192.1 192.4 190.5 190.6 188 185.2 182 178.5 175.5 176.5 175.9 173.7 172.2 165.4 169.1 167.9 168 167.7 166.8 166.1 165 164.3 164 164.1 162.2 157.7 161 159.5 158.2 158.4 158.3 155.7 152.9 153.2 152.5 152.7 153.2 150.4 148.9 150.5 153.3 154.4 153.9 157.1 160.6 163.2 161.9 158.2 157.8 160.6 164.1 168.7 172.9 177.1 182.8 185.6 184.2 184.3 184.5 184.5 183.6 182.8 183.2 184.9 186.6 187.6 189 190.4 192.8 196.6 203.1 210.4 218.5 224.1
193.5 193.4 194.2 193.3 192.9 192.7 191.8 189.3 187.9 187.7 184.4 180.7 178.3 179.8 178.6 175.8 171 164.5 172.5 173.6 171.6 172 172.2 171.2 170.2 169.3 167.6 166.4 166.7 165.7 161.3 159.2 160.4 159.7 160.4 161 159 160 163.1 162.6 161.5 158.1 154.8 152.2 153 155.6 156 155.8 162.1 166.1 169.3 167.9 165.9 165.5 168.4 168.9 169.9 174.2 178.7 186.2 191.8 190.7 187.2 187.2 186.4 185.5 184.6 185.4 187.1 188.1 188.7 189.4 189.3 189.1 192 197.3 205.6 214.2 221.8
