data/360000-810000.asc
ncols 200
nrows 200
xllcorner 360000
yllcorner 810000
cellsize 50
[rows 0 to 34 of 200, columns 0 to 78 of 200]
269.6 264.6 264.6 268.2 270.2 268.5 263.6 256.3 248.6 240.4 231.7 221.9 211.2 200.8 186.9 174.7 163.3 157.8 152.8 148.4 144.1 144.5 146.5 147.9 148.6 147.4 145.4 143.9 145.2 149.6 157.3 166.8 169.8 172 170.8 169.7 169.3 168.1 167.8 167.4 167.6 168.7 173.3 176.6 179 181.7 185.3 186 191.2 197.5 205.4 210.3 215.9 218.7 223.6 227.1 230.5 231 232.2 233.1 228.8 223.7 217.1 211.2 210 210 209.4 207.7 202.4 194.8 182.8 162.8 152 148.8 143.4 141.4 138.5 139.4 129.5
261.6 257.1 255.8 261.1 263.2 262.1 259.6 252.8 244.4 235.8 226.6 217.8 208.4 195.9 184.6 175.3 165.1 157.9 152.9 148.3 143.4 143.9 144.1 145.3 146 146 143.4 144.1 146.8 151.6 158.1 168.1 172.7 174.5 174.1 172.6 170.3 168.6 166.8 166.2 166.6 168.4 172.8 175.1 177.4 179.8 182.1 184.6 189.8 195.7 202.1 208.1 210.7 212.8 215.1 219.6 222.4 224.5 225.5 222.8 218.6 213.3 204.7 198.6 197.5 198 196.5 193.3 187.2 180 166.6 149.1 141.8 137.1 133.1 126.9 123.6 121.5 118.3
252.2 247.6 245.7 250.6 254.5 254.4 253.3 247.7 241.1 231.1 223.7 212.2 202.2 189.3 182.3 173.9 165.1 158.7 153.4 148.6 142.6 141.4 141.9 143.5 143.7 142.5 142.7 144.7 147.8 153.5 159.2 168.2 176 176.3 176.6 174.4 171.9 168.6 167.1 165.6 165.7 168.4 171.1 173.4 175.8 178.9 182 185.8 188.3 193.2 199.1 203.5 206.3 205.6 205.6 209.4 213.3 216.4 217.5 214.3 209.4 203.5 194.5 186.9 185.1 184.6 182.8 177.8 172.1 162.9 150.1 140 134.5 129.1 123.1 118.9 115.4 113.9 111
243 238.9 237.4 240.2 243.2 244.4 243.9 242.5 237 227.4 218.5 209.5 199.1 188.8 180.7 172.8 166.1 159.9 154 148.3 143 139.8 140.1 140.7 141.7 141.5 142 145.2 148.6 153.7 160.4 167.7 174.5 177.7 178.4 175.2 172.7 168.5 165.1 163.1 165.4 168 170.1 171.5 174.2 176.8 180.6 184.8 186.6 188.4 192.7 194.9 196.6 198.3 198.2 199.2 203.9 207.6 208.6 208.3 201.3 192.7 184 177.1 171.5 168.9 166.2 161.4 154.2 147.4 139.3 133 129.6 124.2 117.8 111.9 109 106.6 106
232.5 228.6 228.5 228.9 231.1 233.3 234.6 233.1 229.8 222.8 215.4 207.3 199.9 190.2 182.3 174.8 167.9 160.9 155.2 149.7 145 140.7 139.7 140.5 141 141.5 142.1 145.2 148.4 152.2 158.4 165.8 172 175.9 177.8 176.4 171.2 166.7 163.8 160.8 162.7 165.1 167.2 170.2 172.6 175.2 177.9 181.7 184.1 185.6 187 189.3 191.6 192.4 193.1 193.4 195 198.2 197.8 195 190.2 182.5 172.2 164.4 157 154.6 148.6 148.7 140.7 136.3 131.8 127.9 124.4 118.9 112.8 108.7 106.4 106.2 106.5
221.4 218.8 218.5 219.3 221.4 223.2 225.4 223.6 220.9 217.2 211.9 206.3 199.1 191.8 184.7 177.9 170.9 162.5 156.9 151.6 147.5 143.2 140 140.2 140.3 140.5 141.4 143.8 146.6 149.7 155.8 163.3 168.8 174.1 175.1 172.5 169 164.7 161.9 159.3 159.8 162.2 164.3 168.8 171.7 174.2 176.6 179 181.6 183.5 185.8 188.4 188 188.6 188.4 187.9 187.5 186.6 183.3 175.7 170.7 166.1 159.8 153.7 146.6 142 138.5 134.3 133.3 133 126.2 122.7 120.3 118.3 115.3 112.2 109.1 107.1 106.3
213.1 209.8 210.6 211.2 212.4 214.3 215.4 214.8 213.3 211.6 208.7 204.4 200.1 193.5 187.7 180.9 173.9 164.4 158.7 154 149.9 145.6 141.7 139.9 139.9 139.9 140.4 142.6 145.2 147.9 153 159.9 164.6 168.5 170.3 168.1 166.1 162.9 160.3 157.9 156.9 159.2 162.4 167.2 170.4 173.2 175.7 178.5 182.8 184.4 187 190.7 190.9 191.4 188.7 187.5 185.9 182.6 178.9 178.9 175.7 171.1 166.7 160.7 153.5 148.6 144.4 140.8 136.3 133.9 130.8 126.9 123 120.2 118.1 115.8 113.4 110.4 109.2
209.3 206.8 203.7 202.4 203.7 206.5 207.9 208.5 208.2 206.4 203.5 201.3 199.4 196 190.3 183.7 175.6 167 161.9 157.6 153.5 148.9 144.7 140.8 139.6 139.8 139.3 141.4 144 146.7 150.3 156 159.9 162.7 164.4 163.8 162 161.5 159.2 156.4 154.2 156.5 160.4 165.2 169 171.9 176.7 181.6 185.7 186.6 190.9 195.6 198 199.1 200.6 200.1 200.8 199.5 195.9 192 185.7 180.7 174.8 169.2 162.7 158 153.4 148.3 143.3 139.4 134.8 130.9 127 123.1 120 117.4 115.8 113.3 110.9
206.3 203.7 200.4 197 196.6 199.4 200 200.3 200.7 200.6 199.9 198.5 197.1 195.1 192.9 188.1 181.2 173.9 168 163.9 159.8 155.3 149.9 145.2 141.6 139.8 138.9 140.1 142.6 144.6 147.4 151.4 154.2 156.8 158.9 159.9 159.5 159.2 158.4 156.3 154.3 157.2 159.5 163.9 167.5 171.2 178 184.6 188.5 191.3 196.1 200.9 205.9 207.3 208.4 206.6 207.5 208.6 207.2 205.2 197.8 189.4 183.2 177.6 172.2 167.4 160.9 156.7 150.1 142.9 138.7 134.9 131 127.1 122.4 118.8 115.4 111.8 110.1
202.7 199.1 195.7 192.3 191.5 193.2 192.9 192.8 193.1 193.4 194 194.4 193.2 192.1 190.5 188.1 185.7 180.4 174.2 168.8 166.2 161.8 156.6 151.5 146.9 143.1 139.9 137.8 139.4 141 143.1 146.9 149.3 151.7 154.5 157.4 157.6 157.9 157.1 156.2 155.2 157.8 160 163 165.4 172.4 179.3 186.1 192.2 195.9 201.1 206.3 210.3 212 212 210.5 211 210.9 210.8 208.7 208.6 203.3 191.8 185.3 179.3 172.4 166.1 161.1 156 147.1 142.5 138.9 135 130.4 124.7 117.6 113.8 110.5 109.2
198.1 194.5 191.1 188 185.5 187 187.1 186.1 185.6 185.9 186.5 187.9 189 188 187.5 185.9 183 179.7 176.3 172.9 169.4 164.4 163 158.2 153.2 148.2 144.2 140.8 136 137.2 140.3 144.4 147.6 150 152.5 155 156.4 156.4 155.8 154.6 153.4 156.4 159.1 161.4 163.9 173.6 179.9 186.4 192.6 196.2 200.7 205.9 211 214.3 213.5 212.7 210.4 208.8 207.1 209 209.4 209.2 197.7 189.3 182.2 174.7 166.1 161.9 157.9 152.1 147.5 142.9 137.8 132.3 126.4 118.3 112.4 109.6 108.3
193.4 190.1 187 184.2 181.6 180.7 181.2 180.3 179.4 178.4 179 180.4 181.8 182 181.4 181.7 179 175.6 172.2 169.3 167.6 164.8 162.2 161.8 157.9 152.6 148.3 144.2 139.2 133.9 139.1 142.4 145.7 148.3 150.8 153.3 155.7 155.7 155.1 154.1 153.3 155.5 157.9 160.2 162.4 171.9 178.8 185.6 192.2 196.6 200.2 205.4 209.2 212.3 212.3 209.1 206.3 204.4 202.4 203.5 203.7 204.4 199.4 188 181.4 169.6 162 158.2 159.2 156.6 151.8 146.2 140.8 134.9 127.1 120.9 114.1 110.5 108.2
189.5 187.6 183.9 180.3 177.8 175.4 175.4 174.5 173.5 172.4 171.6 172.9 174.3 174.1 174.6 175.2 174.9 171.5 168.6 165.9 164.4 163.4 161.7 159.5 157.2 152.3 148.1 144 139.5 134.2 137 140.4 143.7 146.7 149.1 151.6 154 155.4 154.9 154 153.1 153.4 157.1 159.4 161.7 168.8 176.2 183 189.2 194.8 199.4 202.5 205.7 208.9 209.4 207.4 203.3 199.9 197.6 197 197.5 195.5 192.1 178 169.7 161.2 154.7 152.3 154.3 153.9 151.5 146.2 142.6 133.2 125.6 121.4 117.2 114 111.2
186.3 185.8 182.3 178 173.8 171.5 169.6 168.3 167.1 165.8 165.4 166.2 168.4 169.5 169.6 169.7 169.4 167.9 165.2 162.5 161.1 160 158.6 156.9 154.6 151.3 147.1 143.9 140.4 135.5 135.7 138.8 141.5 144.8 147.3 149.7 152.1 153.8 153.4 151.8 151.8 152 153.9 157.2 160.5 165.4 172.9 180.3 186.3 190.9 195.2 198.6 201.8 205.1 206.6 204.5 197.3 191.4 189.4 189.1 185.7 185.6 176.5 165.9 158.8 152.2 147.7 144.8 144.3 147 145 139.8 135.3 129.6 123.9 118.8 116.3 113 113.8
180.2 179.8 180.6 175.2 169.7 167 164.7 162.8 161 159.2 159.4 159.7 159.9 161.8 162.4 163 163.5 162.8 161 159.1 157.6 156.2 154.8 153.4 152 149 145.7 142.7 139.8 137 131.4 134 137.2 141.8 145.3 147.7 149.8 150.8 149.8 148.7 147.5 150.9 153.8 155.6 159.3 163.4 168.8 175.3 180.6 184.9 189.1 193.9 198.3 201.8 201.8 196.5 190.3 183.5 181.4 180.1 173.5 170.3 161.3 153.9 146.1 139.3 136.4 133.5 132.2 134.3 134.6 129.1 125.4 122.8 119.6 117.8 115.5 110 107.2
176.1 173.8 173.3 169.3 166 163.5 161.1 158.8 156.9 155.1 154.1 153.2 152.9 154.6 156.5 157.1 157.4 157.3 155.5 155 154.3 152.9 151.4 150 148.5 147 144.5 141.4 138.6 135.4 130.4 130.3 134.1 138.8 143.2 145.3 147.4 147.9 146.9 146 145 148.1 151.2 154 157.3 160.9 164.6 169.8 175 180.2 185.3 190.4 195.3 196.3 194 187.4 181.5 176.8 174.6 169.4 162.2 154.4 145.4 137.6 129.7 127.8 126.1 125.1 124.5 122.7 121 120.2 118.4 116.5 115.6 115.1 107.4 106.2 104.5
172.8 169 169 165.1 162.6 160.2 157.8 155.4 153 151.1 150.2 149.3 149 149.9 149.9 151.3 151.4 151.5 150.7 151.1 151.2 149.7 148.3 146.8 145.7 144.3 142 139.7 138.3 135.9 131.7 127.2 130.1 134.7 139.3 142.8 145 145 144.1 144.6 143.6 146 148.9 151.8 155.3 158.8 160.9 164.8 169.3 174.6 179.8 184.9 189.5 190.5 186.6 180.8 174.3 166.1 161.8 156.5 148.7 139.7 129.5 124 122.5 121.6 120.2 119.8 119.4 116.8 114.5 113.9 111.5 108.2 106.7 106.2 105.8 105.1 105.8
170.6 166.8 164.2 161.8 159.4 157 154.6 152.2 149.8 147.3 146.8 146.5 146.2 146.8 148.5 148.4 148.1 147.9 147 147.2 147.6 146.6 145.1 143.9 142.9 141.6 139.3 137.4 135.9 134.6 133.8 131.8 127.9 130.8 135.3 138.9 142.4 143.1 143.4 144.3 142.5 143.8 146.6 149.8 152.5 154.4 156.3 159.8 164.5 168.4 174.3 179.3 184.8 181.8 177.7 173.1 165.9 157.1 149.7 142.7 135.8 128.4 125.3 122.2 119.7 118 116.1 114.7 114.3 111.4 108 107.4 106.9 106.6 106 105.4 105 107 110.9
169.2 165.8 161.9 159.5 157.1 154.8 152.3 149.5 146.7 144 143.7 143.7 143.4 143.5 145.8 146.9 146.8 146.6 145.7 144.6 143.8 143.4 142.2 141.2 140 138.7 136.6 135.1 133.9 132.8 131.8 131.5 130.3 123.8 130.7 134.4 137.3 140.2 141.7 142.3 141 139.6 144.2 146.1 148 149.8 151.7 155.4 159.6 163 168.1 174.5 177.6 174.1 170.6 166.3 157.8 146.4 139.7 134.9 128.9 124.7 121.7 118.7 115.9 114 112.2 110.7 109.2 107.4 106.4 105.8 105.5 105.8 105.4 105.2 108.2 112.1 116
165.3 163 159.7 157.3 154.5 151.7 148.9 146.2 143.4 140.8 140.5 140.4 140.6 140.3 143 145.2 144.9 144.6 143.9 142.7 141.5 140.2 139.5 138.5 137.2 135.9 134.3 133.2 132.2 131.1 130.1 129.5 128.1 126.1 123.9 128.5 132.1 135 138.2 138 137.1 137.4 140.3 141.8 143.4 145.2 147.1 151 154.4 156.3 158.4 164.8 170.4 167.4 162.5 158 151.4 136.7 133 128.2 123.9 120.8 117.6 114.6 111.8 109.3 109.4 108.3 107.6 105.6 106.3 107 107.2 107.7 109.2 112 114.9 118.1 121.6
161.7 158.5 156.4 153.9 151.1 148.3 145.6 142.8 140 137.6 137.3 137.1 137.1 137.4 138.5 139.7 140.8 140.7 140.5 139.4 137.5 136.3 135.7 135.1 133.7 132.8 132.1 131.2 130.3 129.4 128.3 127.3 126.5 125.6 119.4 122.2 126.1 130.3 133 133.7 131.4 134 136.3 137.8 139.3 140.9 142.7 145.6 147.8 149.1 149 155.4 161.2 159.1 152.7 147.8 142.6 133.1 128.1 123.2 119.8 116.7 113.6 110.5 108.3 107.2 107.5 106.3 107.6 108.7 110.2 111.5 112.5 113.8 116.3 119 121.7 126.4 131.7
158.1 154.3 152.1 149.7 147.2 144.8 142.2 139.4 136.7 134.4 134.2 133.9 133.7 133.8 134.1 135.2 136.2 136.6 136.3 135.1 133.1 132.5 131.9 131.3 130.7 130.1 129.4 128.6 127.7 126.8 125.9 125.7 125.3 124.4 121.9 117.2 121.7 126.8 127.6 128.3 121.9 129.9 132.3 133.8 135.3 137.1 138.4 139.4 141.4 142.1 141.3 145.3 148.8 148.1 142.7 137.4 132.1 128 123.1 118.2 115.7 112.6 109.4 106.9 106 105.7 109.2 111.6 112.9 116 116.2 118.6 120.6 123.4 125.5 127.7 132.9 138.3 143.5
154.9 150.3 147.7 145.4 142.9 140.5 138.1 135.6 133.2 131.3 131.2 131.2 131 130.6 130.3 131 131.6 132.1 132.1 130.8 129.3 128.9 128.6 128.6 127.9 127.4 126.7 125.9 125 124.1 123.8 123.8 123.7 123.4 122.3 117.3 118.4 123.6 124 122.3 116.7 121.6 125.6 128.9 131.6 133 133.9 134 135.3 136.9 135.3 133.9 137.6 136.8 131.2 126.2 120.9 116.6 112.8 112.4 109.6 108.8 106 106.8 110.3 112.5 115.3 117.8 121.6 124.2 126.1 127.4 130.3 133.2 135.5 138.9 144.3 149.7 154.7
152 147.9 144.4 141.1 138.8 136.8 134.8 132.8 130.9 129.3 129.1 128.8 128.4 128.1 127.7 127.4 127.1 127.4 127.9 126.7 126 126.2 126 125.8 125 124.7 124 123.3 122.4 121.8 121.8 121.9 121.7 121.6 121.6 120.8 112.9 116.8 113.1 111.8 112.1 112.6 116.7 120.4 125.2 128.2 129.5 129.5 129.6 130.5 128.6 126 126.2 122.5 116.6 111.4 109.3 106.9 106.1 107.1 108.3 109.3 112.9 117 120.3 123 124.1 126.5 129.7 131.4 133.1 135.9 139.8 142.9 145.4 150.4 155.4 159.9 164.9
149.4 145.6 142.1 139.1 137.1 135.1 133.1 131.1 129.1 127.8 126.9 126.5 126.1 125.8 125.5 125.2 125 124.7 124.3 123.2 123.3 123.6 123.4 122.8 122 121.8 121.2 117.1 117.6 119.6 117.7 113.7 112.8 115.8 120.5 119.7 116.2 113.6 111.9 111 110.8 110.9 111 110.3 113.7 119.2 125.2 125.2 125.8 123.2 120.3 117.7 114.1 107.8 107.8 108.6 109.7 111.6 113.7 116.5 119.2 121 126.4 131.3 133 133.3 133.3 134.4 136.6 138.3 140.1 143.9 147.7 151.7 156.1 160.6 165.2 169.8 175.3
146.9 143.3 139.8 137.5 135.5 133.5 131.4 129.4 127.6 126.4 125.6 124.9 124.2 123.6 123.3 122.9 122.7 122.5 118.6 116.5 117.3 117.2 116.3 114.6 112.9 113.9 113.1 113.5 113 112.6 111.8 111.5 111.5 112.3 119.3 117.7 113.2 112.3 111.3 111.2 112.5 112.2 112.8 112.5 111.5 109.6 112.9 121.5 121.6 118.6 115.1 112.3 108.5 110.4 116.2 118.5 119.4 120.8 123.3 126.3 130.1 133.1 138 141.2 141.8 140.2 138.9 140.2 142.5 144.7 147.9 151.9 155.7 159.6 165.4 170.5 175 180.2 185.6
144.3 140.9 137.9 135.8 133.8 131.9 130 128.1 126.7 125.7 124.7 123.9 123.1 122.3 121.5 120.8 120.4 114.9 114.4 113.6 113 113.6 114.2 114.7 114.8 114 112.3 111.8 111.7 112.4 112.6 112.4 111.4 111.3 111.8 111.6 112.5 118.2 118.9 121.8 122.2 122.7 121.5 117.7 115.5 113.4 110 110.9 115.9 113.8 112.2 110.4 108.3 116 123.2 126.4 127.6 129.4 135.1 141.2 146.5 151.6 153.5 151.6 149.2 147.6 145.5 145 146.7 149 152.9 156.9 161.4 167.6 174 180.1 185.1 190.5 196
141.9 138.5 136.4 134.5 132.6 130.7 128.8 126.9 125.9 124.9 123.9 123.1 122.3 121.5 120.7 119.9 117.2 114.3 113.6 112.9 113.7 114.7 115.2 114.9 114.9 114.4 112.6 111.4 111.5 112.7 113 113.3 113.3 113.2 114.2 115.9 118.7 121.4 122.2 122.9 123.6 123.9 123.8 120.4 117.1 114.3 112.4 110.2 109.1 110.3 110.4 109.5 108.5 121 126.8 131 136.3 147.7 155.5 161.2 164.4 166 163.3 160.5 157.2 152.4 149.3 150.4 152 155 159.2 163.7 170.4 176.6 182.8 189.1 195.2 200.6 206.2
139.2 136.4 134.8 133.2 131.3 129.4 127.6 126.1 125.1 124.1 123.1 122.2 121.4 120.6 119.8 118.3 115.1 114.6 113.9 113 114.4 115.4 115.3 115.3 115 114.8 113.1 112.6 113.1 113.2 119.1 117.8 118 119 120.1 121.2 121.9 122 122.8 123.5 124.3 125 125.6 123 119.7 116.3 113.7 113.2 112.3 108.9 108.8 108.9 114.9 128.7 135.6 145.9 158.8 169.5 175.9 178.1 177.7 175.8 172.1 166.8 162.1 157.3 154.3 155.6 157.8 161.1 165.7 172.6 179.5 186 192.2 198.5 205.2 210.9 216.5
137.1 134.5 133 131.4 129.9 128.2 126.3 125.3 124.3 123.3 122.4 121.4 120.5 119.7 118.9 115.9 116.1 115.3 114.4 113.5 115.2 115.4 115.4 115.3 115.3 115.2 114.6 115.3 116 119.2 119.6 120.2 120.7 121.2 121.7 122.1 121.7 122.1 122.9 123.6 124.4 125.2 125.8 125.6 122.3 119 115.7 113.4 112.4 111 110.4 120 134.6 144.8 152.9 162 174.8 183.5 185.6 187 186.9 184.9 178.6 172.6 166.6 161.2 159.3 161.7 164.1 167.8 174.6 181.5 188.3 195.2 201.5 209.3 215.4 220.6 226.4
135.1 132.7 131.2 129.7 128.1 126.5 125.5 124.5 123.5 122.6 121.6 120.6 119.6 118.8 116.8 117 117 115.5 114.8 114 115.5 115.9 115.8 115.8 115.7 115.9 116.7 117.5 118.3 119.2 120 120.5 120.9 121.4 121.9 122 121.6 122.2 123 123.7 124.5 125.2 125.4 125.5 124.9 121.6 118.6 115.4 114.5 116.2 119.9 134.5 151 161.2 169.1 177.3 186.9 190.8 193.4 194.8 195 189.9 183.3 177.8 171.8 166.8 166.7 168.1 172.3 178 184.7 191.4 198.1 204.7 211.1 218.9 225.2 229.7 231.8
133.1 130.8 129 127.7 126.7 125.8 124.8 123.8 122.8 121.8 120.8 119.8 118.9 117.7 117.7 117.7 117.7 117.4 114.1 113.8 114.9 116.2 116.5 116.6 116.5 117.5 118.3 119.1 119.3 119.7 120.3 120.7 121.3 121.7 122.2 121.8 121.6 122.3 123.1 123.8 124.6 124.7 124.9 125.3 125.4 123.6 121.2 117.5 119.2 123.2 127.1 145.1 163.2 173.8 181.5 187.8 192.4 196.7 201.1 203.3 200.2 193.4 187.2 182.4 177.9 175.1 175.2 178.2 183.2 188.9 195.6 202.2 207.6 213.1 218.9 226.7 233.8 237.6 238.8
131.1 129.2 128.3 127.2 126 125 124.1 123.1 122.2 121.4 120.7 119.9 119.1 118.4 118.4 118.5 118.5 118.5 117 114.5 115.5 116.4 116.7 117 117.3 119.1 119.6 119.7 119.9 120.2 120.6 120.9 121.7 121.9 122.2 121.7 121.6 122.4 123.2 123.9 124.1 124.4 124.8 125.1 125.3 124.6 122 121.9 123.7 127.2 135.7 154.6 171.3 185.1 192.8 195.2 197.5 202.3 207.1 209.2 204.1 196.3 191.2 188 183.9 184.9 187.1 189.3 194.3 199.6 205.1 210.6 216 221.5 227 234.5 242 240.5 238.1
130.5 130.2 129.2 127.5 126 124.7 124.6 123.9 123.1 122.3 121.6 120.8 120 119.3 118.8 118.9 119 119.1 119.3 117.2 114.6 115.5 116.2 116.5 116.6 118.9 120.3 120.3 120.5 120.9 120.8 121.2 122.1 122.2 122 121.6 121.7 122.5 123.3 123.5 123.8 124.2 124.6 124.9 125.3 124.8 125 126.9 128.8 130.6 143.9 163.1 180.8 195.7 199.5 199.9 201.6 205.4 210 211.6 205.6 198.1 194.8 192.1 190.8 191.8 194.2 197.7 203.1 208 213.5 218.9 224.4 229.9 235.3 242.3 243 240.1 237.4
129.6 129 128.1 126.6 125.5 125.4 125.5 124.8 124 123.2 122.5 121.7 121 120.3 119.6 119.3 119.5 119.6 119.7 119.8 115 114.6 115.8 115.8 115.5 115.8 115.5 115.7 115.9 116 116.4 116.9 119.4 122.3 121.9 121.5 121.8 122.6 122.9 123.3 123.6 124 124.4 124.8 125.1 124.7 126.3 129.3 131.5 133.5 151.5 171.7 187.9 198.6 202.6 205.8 205.8 209.4 212.3 209.8 207.4 202 198.2 197.1 196.9 197.6 199.6 204.6 210.9 216.3 221.8 227.3 232.7 238.2 243.7 246.1 242.6 239.7 235.7
