data/360000-500000.asc
ncols 200
nrows 200
xllcorner 360000
yllcorner 500000
cellsize 50
[rows 35 to 69 of 200, columns 0 to 77 of 200]
274 272.7 271.6 271.4 271.6 271.9 270.7 268.8 267.2 267.9 269.7 270.9 269.2 266.1 264.5 262.8 260.9 259.2 258.4 253.7 250.5 251.5 252.8 254 252.4 248.5 245.7 245.9 245.3 247.8 250.3 246.9 244.3 245.8 246.9 248.6 244.6 244.8 245.5 246.6 247 244.2 239.4 234.9 231.9 230.8 230.7 230.6 230.9 235.6 238 236.8 233.1 235.9 242.3 246.7 250.5 252.6 254.1 253.4 250.5 248.7 244.9 244.4 244.8 246 248.1 250 248.9 243.9 242.6 243.8 247.5 251.5 255.2 259.1 262 263.7
273.6 272.3 271.1 269.6 269.4 269.3 268.5 266.8 266.2 266.2 268.8 270.8 267.7 263.9 262.8 262.2 261.2 260.3 259.1 254.5 251.4 252.6 254.3 255.1 253.2 248.6 245.2 245.3 245.1 245.1 246.8 245.8 243.7 245.8 247.8 249.5 245.5 242.8 244.5 246.5 247.4 244.7 240.7 236.2 232 230.5 230.4 230.3 231.3 235.2 236.9 235.1 231.9 235.2 241.7 245 248.8 250.6 252.4 252.4 250.3 248.7 246.2 244.6 243.7 244.1 246 247.9 247.7 244.5 241.6 244.5 248.8 252.5 256.2 259.7 261.7 263.3
272.3 271.3 270.7 269.3 267.5 267 266.5 265.6 265.6 265.6 268.2 269.1 265.1 261.1 260.7 261.8 261.6 260.9 259.1 254.5 251.4 253.2 255.3 256 254.8 250.2 245.9 244.9 246.8 246.1 243.9 243.5 243.2 245.8 248.5 250.4 246.1 243.2 243.9 246 247 244.4 240.2 236.3 232.7 230.3 230.1 230.1 230.7 234.2 235.7 234.2 231.5 234.8 240.5 243.6 246.2 247.1 248.3 250.2 249.4 248.5 246.7 244.9 242.9 242.4 243.9 246 247 244.6 241.5 245.3 249.7 253.5 257.2 259.7 261.7 263.4
271 271 270.6 267.3 267 266.2 265.5 265.7 264.8 264.2 266.6 267.7 263.4 260.2 258.9 260.6 261.3 260.2 257.8 252.4 250.8 253.4 255.7 256.4 255.3 252.2 246.9 247 248.9 247.7 244.2 243.3 242.9 244.7 248.8 248.5 246.2 242.9 242.5 243.9 246 242.3 238.4 236.9 235.5 230.7 229.8 229.9 230.1 232.5 233.1 232 230.6 234 239.2 241.1 243.3 244 245.6 247.1 247.2 246.7 246.3 245.7 243.6 240.5 241.7 243.1 244.7 244.4 240.9 246.2 250.3 254.5 257.8 259.7 261.7 263.4
269 269.2 269.4 268.3 266.3 265.8 265.4 265.5 264.9 264.5 263.4 263.6 261.2 259.6 258.1 258.8 260 258.5 256.3 252 250.8 253.3 255.3 256.3 255.9 253.5 249 249.3 250.7 250.2 246.3 243.3 242.8 244.1 248.6 250.7 246.7 243.3 242 242.5 244.5 242 239.5 239.1 238.2 234.5 231.2 229.6 229.9 229.9 229.8 229.4 229.4 232.8 237.6 237.1 239.2 240.4 241.4 243.7 244.9 245.2 244.7 244.7 243.4 240.3 239.4 240.2 242.3 238.3 241.5 246.9 251.3 255.4 258.1 259.9 261.2 262.4
265.9 266.8 267.6 267.4 265.2 262.7 264.9 264.8 263.6 263.2 262.3 260.4 259.1 257.4 256.2 256.4 257.8 256.7 255.3 252 252 253.4 254.6 255.1 255 253.7 250.7 251.1 252.4 252.3 248.6 245.4 243.6 242.3 247.8 250.3 246.5 243.7 242.5 241.9 243 241 239.8 240.6 240.8 239.2 235.2 230.3 229.5 229.8 229.6 229.1 229.1 232 233.4 231.8 233.6 234.6 236.5 238.7 241.1 242.6 242.9 242.4 240.7 240.7 239.9 237.6 237.1 240.6 243.9 247.5 252 256.1 258.5 260.8 263 263.6
262.3 263 264.7 266 263.5 261.5 264.2 263.7 262.3 261.7 262.5 260.1 257.6 254.7 252.4 254.9 256.7 255.1 253.2 252.9 253 252.4 252.7 253.3 253.1 252.8 251.5 251.9 253 253.1 250.7 247.6 244.6 242.2 246.1 248.7 245.5 244.1 243.3 241.7 241.1 240.3 239.2 241.1 243.1 241.8 238 231.3 229.8 229.8 230.1 230.6 231.6 231.7 228.3 227.9 226.9 228.1 230.2 233.4 236 238.3 239.2 239.2 239.3 239.8 239.9 235.3 238.2 240.8 244.1 248.8 253.3 256.6 259.5 261.8 263.4 264.1
261.4 259.7 261.6 263.1 260.7 260 262.1 262.3 261.8 261.4 261.1 259.3 257 253.5 251.5 253.3 256.3 255.2 253.1 254 254.2 252.9 252.2 252.1 251.7 251.2 250.8 251.4 252.1 252.8 251.6 248.6 246.3 242.4 244.3 246.5 244.2 244.4 242.2 239.3 239.2 238.1 238.8 241 243.6 243.4 240 235.2 230.5 229.5 230.8 233.8 235.7 234.7 230.7 226.6 226 226 226.3 228.4 229.3 229.8 232.6 236.1 236.6 237.5 239.4 234.5 240.2 241.2 245.2 250.1 254 257.1 260.2 262.7 263.8 264.6
260.8 256.4 257.7 259.1 257.5 257.6 260 260 259.9 259.5 259.2 257.8 255.8 252.3 250.5 253.8 256.5 255.2 254.4 255.6 255.4 254.1 252.7 251.2 251.2 250.8 250.3 250.4 251 251.7 251.6 249.7 247.4 243.5 241.8 243.6 244.3 244.8 241.9 237.3 236.8 236.8 237 239.8 242.3 242.4 239 234.5 229.5 229.2 230.3 234.7 238.2 237.3 233.2 228.9 226.7 224.9 225.4 227.9 227.3 226.5 227.4 231.3 234.1 235.9 233.7 237.3 241.9 243.4 246.5 251.4 254.6 257.6 260.8 263.4 264.1 265.1
259.5 255.7 254.5 254.7 253.7 254.6 256.3 256.5 256 255.9 255.9 254.2 252.6 251.3 250 253.5 256.3 255.6 254.6 255.6 255.2 253.6 252.1 251 251.2 250.6 250.1 249.8 249.4 251.4 251.8 249.6 247.7 244.5 242.1 243.2 244.8 245.2 242.1 237.6 235 234.9 235.9 238.2 240.5 240.8 238.5 233.9 229.7 228.3 229.9 235.1 238.5 238.6 234.7 230.7 228.5 225.5 224.2 227.7 226.4 226.3 227.2 229.4 232 230.8 231.2 238 243.7 245.6 248 252.6 255.6 258.8 261.9 264.3 265.3 266
256.1 254 252.8 251.4 251 253.2 253 252.9 252.4 252.4 251.6 249.4 247.6 246.5 249.6 252.1 254.8 254 254.7 255.6 254.5 252.5 250.6 249.7 250.9 250.1 249.2 247.3 248.7 250.8 251.6 250.3 248.2 245.1 241.8 243.3 245.6 245.8 242.7 238.2 235.7 234 234.1 238 240.8 240.6 238.7 234.9 230.7 228.8 230.2 233.9 237.7 238.7 235.2 232 228.9 225.9 221.4 227.3 226.3 226.2 227.7 230.3 229.3 229.6 234.7 239.8 245.1 246.9 249.6 253.8 256.7 259.9 262.8 265.3 266.3 265.8
251.8 252.1 251.2 248.6 248.9 250.9 250.8 250.1 249.8 249.3 246.9 244.4 242.7 244.8 249 251.3 253.3 252.9 254 254.4 253.6 251.4 250.2 250 249.6 248.8 247.8 247.2 248.6 250.7 251.2 250.5 247.6 244.8 241.8 243.4 246.1 246.2 243.9 239.1 237.4 235 233 237.7 241.7 241.4 240.5 237.6 233 228.8 228.2 233 236.6 236.4 232.8 229.9 227.8 225 221.6 225.8 224.8 224.7 227.9 229.9 227.2 230.6 236.3 241.7 246.3 248.4 251.1 255 258 260.9 263.4 265.6 265.1 265.6
245.4 246.7 247.3 245.4 246.2 248.1 247.2 246.6 245.4 244.5 242.1 241 241.3 245 248.9 251.6 252.2 251.8 252.5 253.1 252.6 251.5 250.5 249.7 249.3 248.3 247.6 247.6 248.1 249 250.5 250 247.4 243.7 241.1 242.9 245.2 246.3 244.5 240.9 239.4 237.2 233.8 236.6 241.6 242.8 242 239.8 235.1 231 227.5 231.6 233.3 231.4 229 226.8 225.9 224.5 220.3 220.3 221.8 222.5 224.5 226.5 227.9 231.9 237.8 242.9 247.3 249.6 251.8 255.1 258.6 260.8 262.7 264.9 265.8 265.1
242.4 243.1 242.3 242.1 242.6 242.9 242.8 242.2 243 240.5 239.5 239.6 240.9 245.2 248.9 251.2 251.1 250.2 251.1 251 251.1 250.8 250.1 249.4 248.2 247.3 247 246.9 248.1 248.6 248.9 249.3 247.2 243 240.3 241.8 243.2 243.8 243.4 241.7 241.8 239.9 236 235.6 240.2 241.8 242.9 240.6 237.2 232.7 228 231.4 233.8 233.2 230.3 226.2 224.3 222.9 218.4 222 223.4 223.9 227.4 230.2 230.5 233.2 239.2 244 248.1 250.6 253 255.3 258.5 260.9 262.5 264.3 265.4 265.6
232 241.1 239.8 238.2 237.4 236.3 236.4 239 241.2 239.1 238.7 238.8 240.7 245.4 248.4 250.3 250.5 247.3 248 247.6 249.4 250.1 249.6 248.3 247.4 246.8 246.6 246.5 247.7 246.5 246.4 248.4 247.3 243.6 239.5 239.2 241 240.3 241 241.8 243.3 242.8 237.7 233.5 236.1 238.1 240.5 239.7 237.3 234.4 227.8 231.5 235.2 235.1 232.1 227.5 222.8 219.9 217.8 223.4 223.9 225.7 228.2 231.2 232.4 234.7 240.1 244.5 248.4 251 253.4 256.2 258.1 260.4 262.1 263.8 265 265.6
236.5 238.9 239.7 239.3 235.6 234.2 234.7 237.7 239.2 238.6 238.3 239.1 240.6 244.4 247.3 249.1 249.4 245.5 242.5 244.5 247.6 249.1 248.2 246.9 245.6 245.6 245.3 246.5 246.4 243.5 242.7 246.5 246.8 243.1 238.6 239.1 238.2 237.8 238.4 241.3 243.9 244 239.2 233.8 233.1 235.9 239.2 237.8 235.2 232.6 227.7 231 235.7 235.4 234.1 229.9 223.8 218.1 217 223.5 223.9 225.9 229 232.2 234.2 236.9 240.8 245 248.7 251.3 254 257.4 259.3 259.7 261.6 263.2 264.2 264
233.7 236.1 237.5 238.8 235.8 233.7 234.2 236.1 238.2 237.9 238.6 239.4 240.8 244.3 247.1 248 247.9 244.7 241.4 243.7 245.9 247.3 247.1 243.5 242.8 243.4 244.6 244.7 244.4 242.9 241.3 243.9 245.4 242.2 238.1 239.1 238.2 236.8 236.8 240.8 243.8 243.6 239.7 234.9 234.9 236.4 238.2 235.8 232.9 230.1 226.6 228.9 232.5 233.3 233.1 229.2 224.4 216.7 216.2 223.2 224 225.6 229.3 233 236.4 239 241.6 245.6 248.9 251.5 254.4 258.4 260.3 260 261.8 261.7 262.9 262.6
228.6 234.2 235.9 237.9 236.1 233.1 234 235.3 238.1 239.9 238.8 240 240.9 243.7 245 245.5 245.2 243.2 240.2 242.2 244.1 245.9 245.6 241.4 240.6 243.2 243.2 242.7 242.1 240.7 241.3 244.2 243.9 241.2 237.9 237.4 236.8 237 234.8 239.5 242.5 242.4 238.5 235.4 236.8 238.1 236.1 231.9 226.8 224.4 221.6 225.2 229.4 230.7 230.7 228.3 224.3 217.5 214.9 220.3 222.8 225.4 229.8 233.5 238 240.3 242.1 245.3 249 251.3 253.9 258.4 261 258.7 261.1 262 260 256.9
227.1 230.8 233.1 235.4 236.1 232.2 233.2 236.6 238.9 239.9 239.1 240.5 240.4 242 242 242 240.7 239.1 236.2 238.7 241.9 243.4 243.5 240.9 240.5 242.5 241.1 240.2 238.9 237.9 241.1 243.6 243.2 239.1 237.9 238.8 236.5 234.6 234.2 235.3 239.6 239.5 235.6 234.5 236.9 236.6 234.8 229.9 225.5 222.7 219.9 221.7 226.1 227.8 227.9 226.3 223.1 218.1 213.6 217.7 220.7 224.3 228.6 233.6 238 241.7 243.2 245.9 248.6 250.8 253.5 258.1 261.9 261.2 259.2 262.6 256.7 254.1
223.3 226 230.7 233.7 233.4 231.5 230.4 235.6 238.8 240.3 240 240.4 238.9 238.4 238.2 235.3 234.7 229.9 231.2 235.3 238.3 239.5 240.6 239.5 239.8 242.8 242 238.8 235.1 237.1 241.3 243.6 243.3 238.5 240.1 241.3 238.5 236 236.4 231.6 232.3 230.8 231 234.2 235.9 234.4 231.7 227.9 224.2 222.5 218.5 216.6 222 223.5 224.1 222.7 219.9 214.6 215.3 218.8 220.5 224.4 228.2 233 237.3 241.4 243.8 246.3 249 252.2 255.1 256.9 259.3 259.2 255.7 258 255.6 253.1
219.7 225.1 227.7 230.9 230.6 234.2 229.4 233.6 237.1 239.9 239.4 239.3 237.3 236.4 235.7 233.5 231.5 228.1 227.3 228.1 231 233 236.2 236.1 239 241.9 243 239.8 236.4 237.3 241.2 243 242.1 240.5 242.7 243.2 240.2 238.2 235.6 232.4 229.4 228.3 230.4 225.7 233.4 230.7 227 224.3 224.2 223.6 219.4 216.1 214 217 219 217.7 214 213.7 219.1 220.7 222.5 225.5 228.3 231.5 235.6 240 243.4 247.3 250.8 254 256.7 258.1 257.1 255.3 254.4 253.6 254 253.1
216.5 219.6 224.6 227 225.3 231.2 227.9 230.4 235.2 238.2 239.2 235.8 234.6 235 234.5 233 233 229.3 227.1 225.7 226.1 226.4 229.4 234.7 237.5 240.3 242.3 239.9 236.5 237.7 240.9 241.8 238.9 241.1 244.4 244.8 241.6 240.2 237.6 234.8 233.3 233.5 232.4 229 221.9 222.4 221.5 223.3 224.2 224.3 221.8 220.6 219 214 212.1 211.3 210.8 216.4 220.4 222.4 224.7 227.3 229.7 231.1 232.2 238.8 243.5 248.4 251.8 255.9 257.9 258.9 257.9 255.8 253.9 252.6 250.6 250
215 216.8 223.6 222.4 215.5 227.8 229.4 227.5 232.7 236.4 237.6 236.4 232.9 232.4 233 232.8 234.2 230.6 227.8 226.4 225.1 225.1 225.6 230.4 235.5 238.3 240.2 239.4 237.1 238.4 240.6 241.3 237.2 241 245 244.8 242.4 241 238.8 236.9 236.6 236.1 234.4 231.9 229.9 227.3 217.3 221.2 223.3 224.4 223 222.1 220 215.1 210.9 209.5 212.1 217 221.7 224.1 226.4 228.2 230.8 230.3 231.2 237.7 243.6 249.1 252.9 256.5 258.8 259.2 258.4 255.1 254.2 253.6 251.1 245.6
213.5 214.9 217.3 215.5 223.8 226.9 229.5 226.3 230.5 234.2 236.1 237.2 233.3 229 230.3 231.7 232.5 230.3 228.7 227.3 225.4 225.1 225 226.5 231.6 234.6 237.9 238.3 236.8 238.5 239.8 241 236.8 240.6 243.8 242.9 240.6 240.2 239.7 237.7 238.3 237.8 236 233.4 230.5 228 223.4 216.2 220.7 222.7 222.9 222.3 220.6 216.8 209.1 208.9 213.9 218.9 223.1 225.6 228 229.4 231.1 230.8 233.2 238.4 244 249.2 252.7 255.8 258.5 258.9 255.8 253.2 252.2 250.7 249.4 242.9
212.8 212.1 212.7 220.8 223.5 225.1 226.4 227.1 228.7 232 233.7 236.8 234 227.3 227.5 230 230.8 229.1 228.5 228.6 225.7 225.4 225.5 225.6 227.3 229.2 232.8 235.5 236.3 236.8 237.7 238.8 236 238.3 240.9 240.1 239.7 239.3 238.7 237.6 238.1 237.7 235.9 233.3 230.8 228.4 222.6 213.5 216.9 220.3 221.4 221 220.1 215.7 208.1 208.6 216.1 220.4 224.3 227 228.2 229.9 232.2 230.4 235.3 240.1 244.7 247.7 249.7 252.1 255.9 254.8 251.5 249.1 248.7 247.3 244.3 238.7
205.5 213.1 213.7 220.1 222.5 220.8 224.3 227.4 226.2 229 232.4 235 234.3 227.8 225.9 227.8 226.7 226.2 226.8 228.6 226 225.4 226.3 225.4 223.9 223.8 225.3 229.7 232.3 232.7 233.3 235.3 234.1 234.9 237.7 237.6 237 236.4 236.6 236.8 237.1 236.1 233.9 231.5 229.9 227.7 222.5 214.7 210.9 217 219.1 219.1 218.7 214.9 207.8 210.3 216.8 221.3 224.3 227 228.4 229.5 230.8 231.8 236.7 241.1 244.2 245.4 246.7 247.2 250.3 250.4 247.7 245.4 244.5 246.3 238.9 233.9
207.6 211.1 212.4 215.6 219.8 217.6 222.2 224.3 225.3 227.8 231 232.5 232.2 227.2 225.1 226.7 223.2 222.6 224.9 227.3 225.7 224.7 226.1 224.6 223.3 223.3 223.4 226.6 227 226.8 227.1 230.1 231.1 233.1 235.3 236.3 236.1 234.7 234.5 234.2 234.6 233.6 231.5 229.3 227.7 226.2 221.7 216.6 210.3 211.2 214.9 214.4 213.9 211.5 206 211.1 217 221.2 223.9 226.2 226.2 228.2 229.9 233.1 237.5 240.7 242.9 243.5 244.2 245.4 247.2 248.4 246.2 243.4 241.2 242.3 239.9 231.9
206.7 209.7 211.4 213.4 219.1 216.8 219.8 221.5 225 226.5 229.7 231.7 231.2 227.6 224.9 223.2 221.6 220.9 221.8 225.5 224.3 223.1 224.9 223.5 223.3 223.2 223.4 224.8 221.5 220.3 219.4 223.4 226.9 230.8 232.9 234.3 235.1 234 232.9 231.9 231.4 230.9 229.2 227.2 225.8 224.4 221.9 217.6 211.8 206.9 206.6 207.1 206.6 204.4 208.9 212.9 216.8 221.5 223.9 224.4 224.3 227.5 229.2 233.4 237.9 240.2 241.6 242.3 243 244.5 245.7 246.7 245.6 242.6 239.6 238.4 235.9 230
204.8 208 209.8 210 218.5 215.4 218.5 222.1 224 224.8 229 232.1 230.9 225.9 226.2 222.1 220.4 221.3 218 220.6 220.7 221.3 223.1 222.9 224.6 223.9 224.3 223.2 219.9 218.7 218.3 219 222.8 227.7 229.7 231 232.2 231 229.1 228 227.7 228.3 227.4 225.8 224.3 222.8 221.8 218.1 213.2 207.8 205.1 203.5 203.4 205.3 211.2 215.3 218.2 221.5 223.2 223.8 224.1 226.6 229.2 233.8 236.8 238.3 238.9 239.6 240.3 243 243.6 243.9 242.9 240.4 237.7 235.7 231.8 224.5
202.6 205.1 210.4 209.5 214.8 217.9 220.2 221.1 220.5 222.8 227.2 230.6 229.6 225.9 225.5 221.2 218.7 221.2 217.6 215.3 215.3 218.4 221.6 222.1 224.9 224.2 224.4 221.5 219.6 218.1 218.4 219.3 218.9 221.3 223.7 225.6 226.9 226.1 223.9 222.4 222.6 224.4 225.2 224.6 222.9 221.3 221.2 218.8 215 211.2 205.3 201.9 202.7 208.1 212.1 215 217 219.8 222.4 223.6 224.1 226.7 228.4 231.6 234.5 235.1 235.9 236.7 237.5 241.1 241.4 241 240.1 238.3 235.9 233.4 228.2 214.1
200.7 202.3 209.9 209.2 214.6 217.5 218.4 217.3 218.8 222.6 222.6 228.1 226.8 224 224.2 219.6 216.7 220.1 218.3 214.9 213 215.6 218.7 220 223.9 223.1 223.3 221.2 219.6 217.9 218.6 221.1 219.5 218.2 218.5 221.5 222.6 218.4 216.5 214.5 215.5 219.2 222.8 223 221.7 220.3 220.5 219.4 216.1 212 205.1 201.2 206.4 210.5 213.5 217.5 218.5 218.2 221.8 224.1 224.1 226.8 228.2 230.1 231.9 231.9 232.7 233.5 237 238.2 237.9 237.6 237.5 235.6 232.1 229.2 214.7 211.8
198 202 205.5 208.2 213.8 215.6 213.6 215.2 218.6 222 222.9 225.5 224.7 222.5 221.8 217.9 214.5 217.9 217.8 215.7 212.8 211.6 213.9 215.8 219.5 221.5 222.5 221.1 219.5 217.7 218.8 221.7 220.4 218.9 220.5 222 221.2 215.4 213.3 212.4 212.5 216.3 218.5 219.4 219 218.5 218.6 218.7 216 212.2 200.9 201.1 208.7 212.9 215.5 219.3 219 217.7 221.4 224.3 225.9 227.3 228.6 229.7 230.5 230.1 230.1 231.7 234 235 234.2 233.7 233.7 231.9 224.4 214.6 210.5 215.8
194.8 198.1 201.9 202.7 207.5 213.2 216.3 217.5 217.7 223 223.8 218.1 222.5 219.7 220.2 217 212.7 214.8 214.6 213.3 212.8 207.2 211 213.1 216.2 218 219.4 220.4 219.1 216.6 219.3 221.7 220.5 220.5 221.9 223.3 221.3 215.7 213.3 212.4 212 211.2 212.3 212.7 213.9 212.7 216.2 217.2 215.1 211.6 200.1 203.1 210.9 214.8 217 218.9 219.8 220.4 222.2 225.2 226.7 227.7 228.8 229.9 230.7 229.9 229.7 230.6 230.8 231.7 231 231.6 231.3 226.1 215.8 210 214.9 221.4
198 201.7 205.5 209.2 210.9 214.8 215.6 218 220.4 220.8 223.4 224 217.9 219.2 218.2 214.8 212.2 209.4 209.3 209.3 209.6 206.3 208.3 211 213.2 212.8 215.4 217.3 217.3 216 218.5 220 220.4 220.8 221.1 222.1 220.8 217.8 215.8 215.3 213.9 208.7 206.4 205.4 206.9 207.3 211.7 214.1 208.6 201.9 198.8 206.3 213 217 219.6 221.2 222 223.7 224.8 226 227.4 228.3 229.3 230 230.2 229.9 230.8 230 229.4 228.5 229.1 229.8 228.6 220.5 209.5 209.9 217.6 223.6
198.1 201.5 205.8 210.3 211.7 216.2 219.4 215.3 218 220.8 221.6 222.2 218.3 215.8 213.8 212.6 211.5 211 206.4 205.1 206.5 205 205.3 209.2 210.7 211 212.2 214.7 214.4 214.5 216.4 218.1 218.3 218.5 219 219.8 219.4 217.5 217.4 217 215.8 213.5 209.9 206.9 202.8 202.2 205.9 200.3 197.4 197.6 202 209.1 214 218.6 221.9 223.6 224.7 226.7 226.8 227.4 228.1 228.7 229.5 229.6 229.6 229.6 230.9 231.2 227.4 226.4 227.4 228.4 226 220 207.3 213.4 219.4 225.3
