data/360000-560000.asc
ncols 200
nrows 200
xllcorner 360000
yllcorner 560000
cellsize 50
[rows 140 to 174 of 200, columns 0 to 77 of 200]
221.7 224.3 227.9 230.7 235 239.7 236.9 235.9 235 234.6 234.3 234.3 234.8 235.1 234.4 233 232.1 231.4 230.8 230.3 229.8 230.3 230 230.1 229.1 229.9 230.5 231 231 231.4 231.7 232 232.8 234 235.2 236.5 239.2 241.4 241.3 240 238.6 238.4 237.8 238.1 238 237.8 237.5 236.9 237.7 238.3 238.9 240.5 241 241.3 241.4 241.5 241.6 241.9 242.9 243.8 244 244 244 244.1 246.3 248.8 250.4 252.2 254.7 257.3 258.1 259.2 260.1 261.2 263.7 266.4 269.1 271.9
220.1 224.4 232.3 238.1 236.9 236.1 235.4 233.3 233 233 232 232.8 232 231.6 230.5 229.5 229.1 229.1 228.6 228.9 229.5 229.9 229.6 229.7 230 230.3 230.6 231 231.2 231.5 232.2 233.1 233.7 235.4 236.9 238.6 241 244.2 243.9 243.3 242.3 241.3 240.6 240.3 239.5 238.8 237.9 237.5 238.1 238.7 240.8 243 243.8 244 244.3 244.6 245 245.6 245.5 245.5 245.6 245.8 245.9 246 246.7 247.8 249.3 251 252.3 253.9 255.7 255.9 256.3 256.7 259 261.2 263.4 265.6
218.3 224.6 233.4 233.4 233.1 232.5 232 230.8 230.5 229.4 228.4 227.6 227.6 227 226.8 226.4 227.2 227.8 228.5 229.1 230 230.6 231.9 232.2 232.8 233.2 233.6 234.1 235 235.7 236.1 236.2 235.8 239.2 240.9 242.6 244 245.4 246 246.2 247.1 246.6 245.4 244 242 240.2 239.3 239 239.5 239.2 241.9 246.7 246.5 246.6 246.9 246.5 247.1 246.6 246.4 246.5 246.7 246.9 247 247.1 248.2 248.7 248.4 249.8 250.7 251.2 252.3 252.5 252.7 252.8 254.6 257.8 260.1 262.2
214 219.1 225.7 228 229.2 228.7 228.2 227.8 226.4 225.3 224.4 224.4 223.8 223.8 224 226.6 228.2 228.1 228.7 229.4 231 232.1 233.4 234.7 236.2 236.6 236.9 237.6 238.6 239.5 239.6 239.7 238.9 242.8 244.4 246.1 245.6 246.7 246.6 246.7 247.5 247.6 246.4 245.3 244.1 242.5 241 241.3 241.5 240.5 239.4 242.6 243.9 244.3 245.5 246 245.7 246.7 247.3 247.5 247.8 248 248.1 248.6 248.8 248.5 248.2 248.3 248.8 249.5 250.1 250.4 250.8 251.5 253.5 255.3 257.2 258.1
207.4 212.8 217.2 222 224.6 224.3 224 224 222.5 221.5 221.6 222.5 222.7 223.7 226.1 227.9 230.1 231.3 232.1 232.7 233.6 233.4 234.7 237.2 239.5 239.9 240.3 241 242.3 243.3 243.4 243.6 244.4 246.1 248 248 247.3 248 247.4 246.9 247.2 247.5 246.4 245.2 243.9 242.5 241.7 242.8 241.1 239.5 238.9 238.7 240.3 242.5 241.2 240.8 243.6 246.5 248.4 249.1 249.2 249.2 249.3 249.1 249 248.8 248.7 247.5 248.1 248.8 249.2 249.2 249.5 249.9 250.2 251.8 252.6 253.5
208.7 211.3 216.1 212.1 219.6 219.2 220.8 220.8 220.1 220.2 220.8 222.2 223.6 225.8 228 229.9 231.7 233 233.3 233.6 234.8 235.6 236.4 240.1 242.4 243.3 243.6 244.5 245.7 247.1 247.2 248.1 249.1 250 250.5 249.8 249.1 248.9 248 246.6 246.9 246.8 245.4 244 242.7 241.3 241.4 240.9 239.6 238.4 239 240 242 241.7 241.1 245.7 245.9 249.1 250.5 251.6 251.5 251.8 251.5 249.8 249.7 249.6 248.6 246.9 247.4 248 248.1 248 248.3 248.9 248.6 248.3 249 249
213.1 218.6 219.3 218.7 216.7 213.6 218.3 218.7 218.8 219.2 220.5 221.9 223.2 225.2 227.5 229.6 230.6 232.3 234.3 234.7 235.9 236.3 239 243.4 245.1 246.5 247 247.8 249.1 250.8 251.4 252 253.6 254.4 253.1 252.2 251.4 249.5 248.5 246.8 246.7 245.7 244.3 242.8 241.5 240.9 240.2 239 238.6 237.4 239.1 240.8 244.2 241.8 245.2 253.7 259.2 253.3 255.1 255.7 254.6 254.4 253.1 251.5 250.4 250 248.1 246.2 246.7 247.3 247 246.8 246.7 247.9 247.4 247.2 247.8 248
215.3 218.5 219.1 218.8 218.6 217.9 216 216.7 217.7 218.9 220.2 221.6 222.9 224.5 226.4 227.2 228.3 230.6 233.2 235.5 238.4 241.6 244 247.8 249.1 249.9 250.2 251.1 252.4 253.5 254.1 255.1 256.6 257.5 256.2 254.6 252.4 250.3 249 247.3 245.8 244.6 243.5 241.5 240.4 240.4 239.1 238.1 237.3 237.3 238.8 241.4 240.2 239.8 249.9 257.5 260.6 259.8 256.5 256.3 255.7 254.7 253.9 252.7 251.2 249.8 247.6 245.6 246 246.2 246 245.6 245.3 247 246.2 245.9 246.6 247.1
215.6 218.2 220 221.8 219.9 218.4 216.9 217.3 218.1 218.9 219.9 221.2 222.6 223.9 224.8 225.3 226.2 227.7 229.7 232 233.9 238.2 244.1 245.3 246.8 247.6 249.5 251.3 253 253 253.3 253.3 253.7 253.5 252.5 251.5 249.8 247.9 247.8 246.8 245.8 244.5 243 241.6 240.6 238.9 237.8 236.7 236.1 235.9 235.5 237.6 236 238 252.6 257.2 261.6 261.1 256.8 256.1 254.8 253.6 253 252.1 250.7 249 247.5 245.6 245.8 244.9 244.9 244.1 243.1 246.3 247.8 247.1 247.7 249.3
216.3 218.7 221.6 223.2 221 218.9 218 218.1 218.9 219.7 220.4 221.1 222.1 223.4 224.9 224.8 225.5 225.8 226.1 227.1 228.1 232.4 235.9 238.6 240.6 243 246.1 248.1 248.9 249.1 249.3 249.5 249.5 248.7 247.7 246.7 246.8 245.4 246.2 246 245.8 244.3 243.1 241.2 239.2 237.7 236.2 235 235.2 235.2 235.4 234.3 234.2 239.3 248.3 254.7 256.1 257.8 255 254.3 253.6 252.6 252.2 251.5 250 248.5 247.2 246.7 245.8 243.3 243.7 244.3 244.8 248.6 251.1 250.8 253.9 252.9
218.5 219.5 222.9 223.9 220.5 219.6 219.1 218.9 219.6 220.3 221 221.7 222.4 223.1 224.2 225.2 224.7 225.2 225.7 226.2 226.7 227.5 229.9 232.5 235.3 237.6 240.7 241.8 242.7 243.1 243.5 245.2 245.1 244 243.2 242.7 243.2 243 243.8 244.6 244.6 245.1 242.4 239.8 238.1 236.5 235 233.5 233.6 233.8 232.7 231.5 229.2 235.5 243.8 246.8 248.5 246.6 248.6 250.3 250.8 249.5 249.5 250.7 249.5 248 246.9 246.4 244.3 243.5 244.2 244.2 243.7 244.9 246.2 246.7 247.7 247.6
219.6 220.7 221.5 221.7 220.8 219.8 219.3 219.1 219.8 220.5 221.3 222 222.7 223.4 224 224.4 224.6 225.1 225.6 226.1 226.6 227 227.3 228.8 231 233.4 235 235.5 236.4 237.1 237.8 239.5 238.9 239.3 239.1 238.6 239.7 240.6 240.6 240.6 240.8 240.7 239.8 238.4 236.8 235.2 233.7 232.1 231.8 231.9 231.2 224.3 228.7 230.7 239.5 243.7 240.6 237.6 242.3 244.4 245.4 244.9 246.5 248.2 248.2 247.4 246.6 245.9 244.9 245.5 246 245.5 243.6 241.6 240.4 241.2 241.9 242
221 222.3 222.9 222 221 220.1 219.5 219.2 219.9 220.6 221.3 222 222.8 223.4 224 224.6 224.8 225.2 225.7 226.2 226.7 227 227.2 227.3 228.3 229.1 229.9 230.2 230.7 230.8 231.4 232.9 232.1 232.2 233.9 235 237.6 237.3 237.9 237.6 237.9 238 237.5 236.6 235.6 234 232.4 230.9 230.4 230.1 227.5 224.9 229.9 231.4 234.1 236.2 235 233.9 238.2 241.1 242.5 242.5 244.5 246.3 248 249.7 249.5 248.3 247.7 247.6 247.6 247.2 245.6 244.3 242.4 239.9 239.7 239.5
223.8 224.5 224.6 223.1 221.5 220.3 219.6 219.3 220 220.7 221.4 222.1 222.8 223.4 223.9 224.5 225.1 225.3 225.8 226.3 226.8 227 227.2 227.6 228.3 229 229.5 229.8 230.5 230.9 231.5 232 232.4 232.1 232.2 233 234.1 233.9 235.3 235.4 235.8 236.2 235.5 234.6 233.6 232.6 231.4 229.6 229.1 228.5 224.1 228 230.1 230.9 232.1 233 233.2 232.4 235.9 238.4 239.8 241 242.4 244.6 246.6 248.5 248.7 248.9 248.4 248.7 248.5 248.5 248.8 247.3 245.3 243 241.9 242.5
224.4 225 224.3 223.4 222.7 220.5 219.7 219.4 220.1 220.8 221.5 222.2 222.8 223.3 223.9 224.5 225.1 225.5 225.9 226.4 226.9 227 227.4 228 228.7 229.1 229.8 230.5 230.8 231.2 231.4 231.8 232.5 232.8 232.2 231.9 232.2 232.2 232.9 233.6 234.3 234.5 233.7 232.7 231.8 230.8 229.8 228.8 228.2 227.6 223.6 228.9 229.4 230 231 231.9 232.5 233.2 235.3 237.3 238 237.8 239.9 242.2 244.5 245.9 246.6 248.1 248.3 248.6 248.7 248.7 249.7 250.8 249.1 247.4 245.4 244.6
222.2 222 221.8 221.5 221.1 220 219.7 219.5 220.2 220.9 221.6 222.2 222.8 223.3 223.9 224.5 225.1 225.7 226 226.5 226.9 227.1 227.7 228.4 229 229.3 229.9 230.6 230.5 230.9 230.9 230.2 231.2 231.9 232 232.1 232.5 233.3 234.1 233.4 233.9 233.6 233.1 232.1 231.2 230.2 229.3 228.5 228.2 227.9 222.3 229 229.8 229.5 229.6 231.1 232 233.1 234 235 235.7 234.8 237.1 239.3 240.6 240.8 240.1 240.7 243.7 245.3 246 245.3 246.6 249.3 248.5 247.1 245.6 244.5
218.7 218.4 218.9 219.5 219.5 219.4 219.3 219.6 220.3 221 221.6 222.2 222.7 223.3 223.9 224.5 225 225.6 226.2 226.6 226.9 227.5 228.1 228.8 229.2 229.4 230.1 230.5 230.2 230.6 230.4 229.5 229.2 230.5 231.8 232.3 232.8 234.4 235.3 235.8 234.9 233.8 232.5 231.6 230.7 229.8 228.9 228.3 227.9 226.9 226.2 230.7 232.5 232.5 232.8 233.1 232.9 233.8 234.3 232.7 233.6 234.5 234.7 236 236.4 237.7 238.6 238.9 240.4 241.8 241.6 241.4 243.1 243.7 244.3 244.6 244.4 243.6
217.1 217.1 217.5 217.9 217.8 217.8 218.4 219.4 219.7 221 221.6 222.2 222.7 223.3 223.8 224.4 225 225.6 226.2 226.7 227.2 227.8 228.5 229.1 229.4 229.6 230.3 230.4 230 230.3 229.9 229 228.4 228.4 231.3 233.2 234.7 236.3 237 237.7 235.5 233 231.4 230.5 229.9 229.2 228.4 228.3 228.2 222 229.1 232.3 234.2 236.1 236.4 236.7 237.1 238 238 236.9 235.4 235.6 236 236.6 236.8 236.8 238 238 239 240.4 240.9 241.3 242.4 242.9 243.8 244.8 244.7 243.9
215.8 215.8 216.2 216.3 216.4 217.4 218.4 219.3 220.2 221.2 221.6 222.1 222.7 223.2 223.8 224.4 225 225.6 226.2 227.2 227.6 228.2 228.8 229.4 229.6 229.8 230.2 230.2 229.9 230 229.4 228.5 227.6 228.7 233.4 235.8 237.6 238 237.2 237.5 235.3 232.1 230.7 229.4 228.6 227.9 227.1 227.1 225.6 221.7 230 234.2 237 239.3 240 240.5 241.3 242.2 241.7 241 239.6 238.2 237.9 238.5 238.3 237.8 237.5 237.3 238.2 239.6 242.1 243.6 244.6 245.1 246 246.7 246.2 245.6
214.9 214.5 214.7 215.4 216.2 217 217.8 218.6 219.7 220.7 222 222.1 222.6 223.2 223.8 224.3 225 225.9 226.9 228.1 227.8 228.5 229.2 229.6 229.8 229.9 230.2 230.1 229.7 229.5 228.9 228 227.6 232.8 236.7 238.3 240.6 239.5 237.1 235.8 233.1 230.5 229.7 228.5 227.3 226.4 225.6 226.4 225.6 221.7 228.5 233.4 237.7 240.6 242.3 243.8 245.3 246.5 245.9 245.2 243.8 242.2 239.8 240.2 239.8 239.3 238.7 239.8 241 242.7 244.2 245.2 246.3 247.4 248.2 248.1 247.6 248
213.3 213.4 213.9 214.7 215.4 216.2 217 218.1 219.2 220.2 221.4 221.7 222.4 223.1 223.9 224.7 225.6 226.7 227.8 229 227 227.1 229.2 229.5 229.6 229.8 229.9 229.8 229.7 229.3 228.8 228.3 229.1 232 233.3 234.1 237.1 236.3 234.5 231.2 227.2 226.5 226.6 225.1 225 226.1 226.5 225.8 222.2 224.8 228.7 232.5 236.1 238.8 241.4 243.2 245.1 247.1 248.1 248.8 248.4 246.1 242.7 242 241.3 240.8 240 241.4 243.2 244.5 246.2 247.2 248.2 249.3 249.8 250.5 251 252.3
212.1 212.5 213.1 213.9 214.7 215.5 216.4 217.6 218.7 219.6 220.8 221.4 222 222.6 224 225.3 226.4 227.5 228.6 229.1 228.4 226.4 228.7 229.2 229.3 229.4 229.5 229.5 229.3 228.9 228.9 229 229.1 228.8 228.1 227.7 228.3 229.3 229.3 227.6 223.3 223.6 225.1 226.4 226.6 226.7 225.6 225.1 222 226.3 227.6 230.9 233.9 236.7 239.5 242.1 243.5 244.5 245.2 245.5 244.2 243.8 243.1 243.7 243.3 242.3 241.4 241.7 244.9 246 248 249.3 250.1 250.6 252 253.4 254.7 256.6
212.3 212 212.3 213.2 214 214.7 215.9 217.1 218 219.2 220.2 221 221.5 222 223.2 225.6 227 227.5 227.7 228.6 229.1 226.2 228.1 228.8 228.9 229 229.1 229.1 229 228 228.1 227.9 227.7 227.5 226.9 226.2 227.2 225.9 226.7 224.6 224.2 224.6 225.7 227.1 227.5 226.5 225.4 224 219.1 225.2 226.1 228.7 231.3 233.9 236.5 237.6 239 239.8 240 239.8 237.7 238.2 239.8 240.3 240.3 241.1 242.3 242.3 245.5 247.6 250.5 251.1 251.6 252.9 253.9 255 256 257.3
213.3 212.3 211.5 212.4 213.2 214.2 215.4 216.6 217.4 218.7 219.9 220.5 220.8 221.3 221.4 222.7 224.7 225.8 226.3 227.5 227.5 226.5 227.7 228.4 228.6 228.7 228.7 228.8 228.2 227.1 226.3 226.4 226.2 226.1 225.7 225.3 224.6 226.5 224.5 224.4 225.3 225.8 226.8 227.8 227.2 226.3 225 223.1 213.5 217.7 224.2 226.1 228.7 231.3 232.2 233.3 233.8 232.9 232.2 230.5 232.6 234.7 236 236.9 236.8 240.3 242.6 244.3 245.7 248.1 249.9 250.8 251.7 252.7 253.8 254.8 255.9 255.7
213.7 212.3 211.7 211.9 212.8 214.4 215.1 216 216.7 218.3 219.7 220 219.9 220.4 219.8 220.9 222.8 223.9 225.1 226.7 226.9 226 226.6 227.2 228.1 228.3 228.3 228.7 227.5 225.8 225.1 225.1 225.4 225.2 225.2 224.5 223.8 224.8 225.3 225.9 226.5 226.8 227.5 227.6 227.3 226.3 224.2 219.6 222 223.5 222.2 225.1 226.5 228.9 229.9 229.2 229.6 230.1 231.8 232.6 231.8 232 233.6 235.2 237.6 240.2 242.2 244.1 246 247.8 249.4 250.3 251.1 252 253 254.1 255.2 254.7
213.4 212.8 212.2 212.1 212.9 214.8 217.2 219 220.4 220.9 221.7 221.3 220.5 220.8 221.6 221.5 222 222.2 224.3 225.3 225.6 226.1 226.7 227 228 229.3 229.2 228.8 227.5 226.2 225.3 225.2 225.1 224.9 224.9 223.5 223.5 224.9 226 226.7 226.5 226.5 226.8 227.2 227.4 226.5 225.4 223.7 224.5 225.8 226.3 225.3 225.9 228 229 229.8 230 230.2 231.2 232.8 233.2 233.3 233.8 235.7 238 240.4 242.3 243.8 245.3 247.2 248.8 249.8 250.6 251.4 252.3 253.4 253.8 253.7
216.3 216.4 215.8 215.3 215.7 218.3 221.1 222.8 224.1 225 225.1 224.5 224.1 224.1 224 224.4 224.8 225.2 225.5 225.6 226.3 227.2 227.4 227.6 228.4 229.2 229 228.6 227.6 226.4 225.5 225.3 225.2 225.1 224.9 223.6 222.8 224.5 226.2 226.5 226.1 226.5 226.9 227.2 227.5 226.9 225.2 225.7 226.6 226.7 226.8 226 226.2 227.8 228.9 230.3 230.5 230.6 230.8 231.9 232.6 233.3 234 236.2 238.2 239.8 241.3 242.7 244.3 246.2 248.1 249.3 250.1 250.9 251.7 252.7 252.8 252.7
221.3 220.3 219.9 220.1 220.2 222.1 224.9 226.7 227.7 228.5 228.2 227.7 227.6 226.7 225.9 226.1 226.5 226.9 226.9 227.2 227.6 227.8 227.9 228.1 228.9 229.2 228.8 228.5 227.6 226.7 225.7 225.5 225.4 225.2 225.1 224.3 221.5 223.3 225.6 225.9 225.9 226.3 226.9 227.3 226.6 225.5 225.1 225.9 226.7 227 227.1 226.7 226.6 227.5 228.9 230.5 231.1 231.2 231.3 231.4 232.3 233.1 234 235.7 237.7 238.8 240.2 241.6 243.2 245.1 246.6 248.8 249.6 250.4 251.2 251.6 251.3 251
225.8 224.4 224.5 224.9 225.3 226.2 228.7 230.5 231.8 231.1 231.1 230.7 229.7 228.6 227.9 227.9 228.3 228.4 228.3 228.6 228.2 228.4 228.7 228.7 229.3 229.1 228.8 228.3 227.6 226.9 225.9 225.6 225.5 225.4 225.2 225 222.4 222.9 225.2 225.5 225.2 225.4 226.3 226.9 225.9 224.9 224.9 225.8 226.4 227 226.8 227 226.9 227.4 228.8 230.4 231.6 231.6 230.9 231.4 232.1 233.1 234 235.2 236.8 237.9 239.1 240.4 242.1 243.6 245.1 247.1 249.2 249.8 249.8 249.4 249 248.7
229.3 229 229.3 229.7 230.4 231.3 232.5 234.3 234.8 234 234.1 233 231.5 230.5 229.9 229.7 230.1 229.9 229.7 229.6 228.9 228.9 229.2 229.2 229.8 229.1 228.7 228.2 227.5 226.9 226.1 225.8 225.7 225.5 225.4 224.9 221.9 222.1 224.4 224.8 224.7 224.6 225.1 225.6 225.3 224.3 224.8 225.4 225 224.9 224.6 224.5 225.9 227.4 228.5 230.3 232 231.8 231.8 232.4 232.6 233.3 234.2 235.2 236 236.9 238 239.3 240.8 241.8 243.6 245.5 247.6 248.1 247.5 247.1 246.7 247
232.3 232.8 233.4 234.1 234.5 235 234.3 234.9 236.3 236 235.9 235 233.5 232.5 231.9 231.7 231.6 231.3 230.9 230.3 229.5 229.3 229.7 230.1 229.9 229.1 228.6 228 227.5 226.9 226.3 225.9 225.8 225.6 225.2 224.7 223.2 220.8 222.6 223.1 223 223 223.5 224 224.7 223.8 224.4 224 223.7 223.3 223.4 224 224.8 225.5 227 228.7 229.7 230.2 231.2 231.9 232.7 233.5 234 234.4 234.9 236 237.3 238.4 239.2 240.1 241.2 242.5 244.1 245.1 245.9 245.3 245.3 245.5
232.7 233.5 233.9 235.6 235.6 235.5 235.8 235.4 236.8 237 237 236 234.9 233.9 233.2 232.3 232.8 232.6 231.9 231.2 230.5 229.8 230.2 230.3 229.5 228.7 228 227.3 226.7 226.6 226.2 225.8 225.1 224.7 224.3 223.6 223 222.2 221.2 221.3 221.3 221.3 221.9 222.4 223 223.4 222.8 222.2 221.6 221 222.1 222.8 223.6 224.1 225.3 226.9 227.4 228.5 229.5 230.4 231.2 231.9 232.4 232.9 233.6 235 236 236.8 238 239 239.7 240.6 241.8 242.4 243.9 244.8 244.7 244.6
236.3 236.4 236.9 237 237.2 237.8 237.7 236.9 238.4 238.1 238.1 237 235.8 234.8 234 232.8 233.1 233.3 232.9 232.1 231.3 230.5 229.4 228.9 228.3 227.4 226.7 226.1 225.5 225.3 225.2 224.7 224.3 223.7 223.1 222.3 221.8 221.5 220.1 219.4 219.9 219.5 220.6 221.4 222 221.5 220.2 219.7 219.3 220.6 220.9 221.7 222.3 222.8 223.6 224.7 225.7 226.7 227.6 228.9 229.7 230.4 230.9 231.3 232.7 233.7 234.4 235.2 236.3 237.5 238.6 238.9 239.3 240.6 243.5 244.3 244.4 243.9
242.7 242.3 241.3 241.2 241.7 241 240.7 240.7 240 239.4 239.1 237.9 236.8 235.7 234.6 233.4 233.4 233.2 232.5 231.8 231 230.2 228.7 227.6 227.1 226.3 225.4 224.8 224.2 223.9 223.8 223.2 222.3 222.1 221.9 221 220.5 220.1 220.6 220.6 220.5 220.5 221 221.1 220.7 220 218.7 218.4 218.5 219.3 220 220.5 220.9 221.4 221.9 222.9 224 224.8 225.7 227.1 228.1 228.9 229.3 230.4 231.3 232.1 232.8 233.6 234.5 235.8 236.5 236.6 237 240.7 243.1 243.8 244 243.1
247.4 246.7 246 245.2 244.4 243.6 243.6 243.5 241.2 239.6 239 238.1 237.3 236.3 235.3 234 233.4 232.8 232.1 231.4 230.7 229.9 228.2 226.5 225.8 225.1 224.2 223.5 223 222.5 222.5 222.2 220.6 220.9 220.4 220.3 220.8 221.6 221.6 221.5 221.4 221.4 221.6 221.4 221.1 220.6 220 219.7 219.3 218.8 219.7 219.6 220.1 220.6 221 221.2 222.3 222.8 223.8 225.2 226.6 227.3 228.1 229 229.7 230.5 231.2 232 232.8 233.9 234.4 234.9 234.7 240 241.5 241.6 242.4 241.8
