data/360000-790000.asc
ncols 200
nrows 200
xllcorner 360000
yllcorner 790000
cellsize 50
[rows 35 to 69 of 200, columns 79 to 157 of 200]
135.3 134.4 132.2 131.6 129.3 126.7 123.1 120.5 117.6 114.7 113 112 111.1 109.8 107.3 106.8 106.3 105.6 106.7 108.5 106.5 105.2 104.4 103.2 101.4 99.4 97.7 96.6 95.5 94.4 92.8 90.6 90.8 91.2 91.3 90.7 90.2 89.9 90 90.1 90.4 90.1 90.4 90.7 91.1 90.9 91.1 91.8 92.9 93.2 93.2 91.9 91.6 91.8 92.6 92.9 93 94.2 95.8 97 97.9 99.6 100.7 101.3 102.6 102.7 102.2 102.5 102.7 103.5 104.5 107.5 112.5 117.2 118.4 119.9 120.4 118.9 116.8
128.8 128.5 126.8 124.2 121.8 119.7 118.6 116.5 114.8 112.6 110.7 109.6 108.7 107.6 108 108.1 108.2 107.5 105.6 105.5 105.5 104.4 103.6 102.5 101 99 97.4 95.9 94.3 92.5 90.9 89.6 89.8 90.4 90.3 89.7 89.6 89.8 89.9 89.9 89.8 89.7 90.2 90.9 90.7 90.5 90.4 90.8 91 90.6 90.6 90.9 91.3 91.4 91.6 92 92.7 93.8 94.5 96.1 95.9 96.1 96.8 98 99.8 101.1 101.3 101.5 101.8 102.7 102.9 103.8 106.2 110 113.9 116.5 119.1 117.6 115.5
122.3 122.1 121.1 118.4 116 114.6 113.3 112.3 111.3 109.7 109.7 109.8 108.4 108.4 108.3 108.2 108.8 107.6 106.2 105.2 104.5 103.2 102.3 101.9 101.2 99.6 97.5 96 93.9 91.6 90 89.3 89.5 89.7 89.7 89.6 89.6 89.8 89.7 89.7 89.6 89.4 89.9 90.5 90.6 90.7 90.4 90.5 90.8 90.6 90.6 90.8 91.1 91.5 91.9 92.3 92.8 94.1 95.3 96.4 97.4 97.8 97.8 97.9 98 100.3 101.7 102.3 102.8 105.5 110.1 112.5 110.6 108.5 111.2 114.6 117.2 116.2 114.2
119.2 117.1 115.7 115.2 114.5 111.6 110.3 109.5 109.5 109.2 111.7 111.1 110.3 108.9 108.1 108.5 108.4 107.6 106.9 104.8 103.7 102.6 100.6 100.1 96.7 98.5 97.3 96 93.7 91.7 90.1 89.4 89.5 89.5 89.6 89.5 89.6 89.7 89.6 89.5 89.4 89.4 87.6 90.3 91.5 91 90.5 90.5 90.5 90.6 90.6 91.1 91.5 91.9 92.2 92.6 93.3 94.9 96 96.9 97.7 98.3 98.5 98.5 98 100 102 103.3 106.3 110.2 115 119.8 120.2 118.9 118.4 118.1 115.9 115.4 113.4
122.5 119.7 115.8 114.5 113.5 110.9 110 109.9 109.8 110.2 112.6 113 113 111.6 110 109.1 108.7 112.7 109.3 104.7 103.7 99.5 97.1 92.7 89.3 88.5 86.9 91.9 91.8 90.3 89.1 88.6 88.9 89.1 89.2 89.4 89.5 89.7 89.7 89.9 89.5 89.6 90.3 91.5 92.1 91.1 90.7 90.6 90.5 90.6 91.1 91.6 92.1 92.4 92.8 93.2 94.1 95.7 96.6 97.2 97.7 98.3 99.1 100.3 98.2 100.3 103.1 106.6 110.7 113.8 116.9 120.2 123.2 124.4 126.1 125.7 121.1 116.5 113.2
121 119.8 117.5 115.4 115.1 113 110.9 110.4 109.7 109.5 111.3 111.7 111.7 111.1 110.1 109.4 109.9 112.2 107.9 102.8 97.5 89.5 92.8 98.2 99.3 101 100.9 98.8 95.4 95.9 96.5 97 96.4 94.8 93.4 92.5 92.6 92.2 92.6 92 91.5 91.2 91.4 91.7 91.7 91.1 91.1 90.8 90.6 90.7 91.4 92.1 92.6 93 93.4 93.6 94.7 96.4 97 97.6 98.2 98.6 99.9 101.3 101 104.1 107.9 111.1 114.4 117.4 120.4 123.4 125.2 126.1 127.4 127.2 124.3 120.1 115.5
116.8 118.8 116.8 115.1 114.7 113.7 112.8 110.7 109.2 108.8 109.8 109.9 109 109.1 109.7 108.9 108.8 110.7 105.6 98.2 86.6 97.7 110.3 110.6 110.7 109.6 111.6 111.5 110.3 109.2 107.8 106.9 106.2 104.4 103.1 100.9 100.1 99.2 98.3 96.7 95.5 93.5 91.8 91.3 91.4 91.6 91.6 91.4 91.3 91.1 91.5 92.2 92.8 93.9 94.5 95.1 96.2 97.2 97.9 98.3 99.7 102.5 104.1 106.6 109 111.6 114.2 115.9 117.6 120.6 123.6 126.6 127.9 127.6 127.8 127 125.6 122.9 118
112.5 112.9 112.8 111.6 110.7 109.8 109.6 109 107.7 107.6 107.6 107.1 107.2 107.4 108.7 108.5 108.9 108.9 102.4 92.5 83.9 107 114.6 114.8 115.2 114.2 116.1 117.2 118.2 116.3 114 112.5 113.6 112.7 111 109.2 108.2 108.1 106.5 104.8 102.5 100.6 98.1 95.6 94 92.8 92.2 92.3 92.2 91.8 91.7 92.6 94.1 95.4 97 97.2 97.8 98.3 98.8 103.1 107.6 111.8 113 114.4 116.6 118.3 121 121.4 122.6 124.4 126.8 129.6 131 131.7 130.9 129.5 127.5 124.7 119.9
107.1 107.1 107.2 106.3 107.8 107.7 106.9 106.6 105.7 105.3 105.2 105.6 106 105.6 107.2 108 108 108.1 99.3 86.7 86.3 103.3 113.4 114.7 115.5 116.7 118.7 120.1 122 121.3 119.5 118 118.4 118.6 118.3 117.2 117.4 117 115.2 113.9 111.9 109.8 107 104.3 100.9 97.5 95.9 95.1 94.3 94.7 95.3 96.2 97.7 101.6 103.2 103.3 103.2 104.8 106.9 109.8 113 115.6 118.6 121.2 122.4 123.3 124.9 125.4 126.9 129 130.2 131.1 133.3 135.3 136 134.6 131.3 127.1 122.1
106.3 105.2 104.9 103.8 104.1 105.3 105.2 104.9 105.3 105.3 105.3 105.3 105 104.2 106.5 107.1 106.4 104.8 97.5 83.9 86 96.2 107.4 113.6 115.7 117.1 119.3 122.1 125.3 124.3 123.5 122.3 123.5 124.8 125.2 126 126.4 126 125 124.7 122 119.6 116.6 113.3 109.5 106.2 102.7 100.8 100.3 100.1 100.9 101.8 103.2 106.3 108.7 109.6 110.4 112.1 113.2 115.2 116.8 118.3 120.5 122 124.9 124.8 126.2 127.6 129.2 130.6 131.9 132.2 134.2 136.4 137.1 137.3 134.1 129.3 124.2
104.6 102.8 102.6 101.9 100.1 99.8 100.2 100.5 100.6 101.8 102.6 103.4 103 102.8 104.9 105.6 105.2 103.9 95.3 84.6 84.6 89.8 99 107.4 113.2 117.4 120.1 122.8 125.1 126.4 126.2 126 127.3 128.8 130.4 132.2 132.9 134 132.5 131.9 131.4 129.2 126.1 122 118.1 115.2 111.8 109.4 107.2 105.7 106.5 107.4 109.2 109.7 111.4 113.4 114.3 117 118.8 120.1 120.9 121.7 122.6 123.2 124.8 125.6 126.4 127.6 128.8 130.1 131.4 132.6 134.1 135.8 136.4 135.9 133.7 130.7 126.2
99.5 97.4 97.6 96.9 95.2 94.5 94.8 95.2 95.5 96.3 97 97.5 98.2 97.9 99.2 100.6 102.5 99.9 93.3 86.9 83.2 84.8 89.2 99.2 106.2 112.5 117.6 121.8 125.4 126.9 127 127.9 130.6 132.4 134.1 136.4 137 136.5 136.3 136.9 138.4 135.6 133.9 129.9 125.8 122 118.8 116.1 113.8 111.9 112 113.1 113.1 113.3 114.2 115.8 117.5 119.5 121.2 122.1 123 123.9 124.2 123.7 124.9 125.6 126.7 127.8 127.7 128.9 130.1 131.6 133.3 135.2 137.3 137 135.2 133.4 129.1
94 93.1 92.6 91.9 90.6 89.7 89.3 89.4 89.4 90.4 92.4 91.3 91.2 91.4 92.3 93.2 94.1 93.4 92.8 89.8 85.3 82.7 81.8 89.8 97 106.1 111.9 117.2 121.2 123.2 125.6 128.1 131.8 134.8 137.5 139.8 139 136.9 136.7 137.4 136.8 135.8 135 132.5 129.3 127 124.9 122.2 119.8 117.4 116.9 116.4 116.2 116.4 117 118.6 120.3 122.1 123.4 124.3 125.1 126 125.7 125.3 125 126 127.1 127.8 127.2 127.5 129.1 129.4 130.1 132.9 135.8 137.4 138.8 137.8 134.8
90.5 89.4 88.4 87.8 86.8 86 85.5 85.1 84.7 84.8 85.8 85.1 85.3 85.2 84.9 84.7 87 86.7 87.6 87.8 90.5 89.4 83.8 86.3 92.7 99.6 105 109.9 114.3 118 121.6 126.5 130.5 134.6 137.7 138.9 137.4 135.5 134.8 134.5 134.3 133.7 132.2 130.5 128 127.8 127.8 126.3 122.7 121.1 119.9 119.1 118.8 118.6 118.8 119.7 121 123.6 124.8 126.1 127.1 127.5 127.3 126.9 126.4 126.8 127.5 127.4 127.1 126.3 125.9 126 126.7 127.4 129.1 131.9 135.3 137.1 134.4
88.2 86.9 85.9 84.9 84 83.2 82.7 82.2 82.4 82.5 82.7 83.2 83 82.5 82.1 82.4 81.9 81.3 82.4 83.4 89.7 89.8 84.9 78 86.3 91 98.8 105.7 110.5 114.7 119.2 124.2 128.6 132.6 135.8 135.8 134 132.4 132.1 131.8 131.3 130.5 129.3 127.7 126.1 126 125.9 125.8 123.8 122.3 121 119.3 118.8 118.1 117.7 119 121 122.8 124 125.9 127.4 128.9 128.8 128.3 128.6 130 129.6 129.6 128.6 126.9 124.6 123.5 124.1 124.7 125.6 126.8 127.9 130.4 128.9
87.2 86.3 84.1 82.9 82.2 81.4 80.5 80.2 80.4 80.7 80.9 83.2 82.3 81.9 81.4 80.9 79.2 78.9 79.1 79.9 81.8 82.3 79.1 77.9 79 82.9 90.9 101 106.9 112 116.9 121.9 126.9 130.2 132 132.4 130.7 129.8 128.7 128.2 127.6 126.3 125 123.9 123.6 124.2 122.6 122.2 121.5 121 120.1 119.2 117.8 116.7 116 116.3 117.9 119 121.2 122.4 124.4 126.5 128.4 129.6 131 133.4 137.1 134.4 131.1 128.8 125.3 120.8 119.4 120.8 122.9 124 125.2 127.1 125.2
87.3 84.9 83.3 81.5 81.1 80.7 79.5 79.1 79.4 79.2 79.7 80.9 80.9 80.2 79.4 77.9 76.9 77 77 77.5 77.1 77.4 77.4 77 77.2 79 83.2 93 101.9 107.9 113.3 118.8 123.9 125.8 126.8 128.7 128.2 127 125.4 124.5 123.5 122.1 121 120.7 120.5 120.1 118.8 117.9 117 116.4 116.7 116.1 115.8 115 114 114.3 114.6 115 116.8 119 120.5 122.8 126.5 131.8 133.1 132.7 130.6 131.4 131.3 130.4 126.5 122.1 117.6 115.4 117.8 120.7 123.6 125.2 121.4
91.2 88.9 86.6 85.1 83.2 81.8 80.2 78.9 79 79 79.3 78.6 78.9 78.7 78.4 77.7 76.7 76.3 76.3 76.1 76.5 76.7 76.5 76.2 75.6 76.2 79 86.6 96.1 103 108.6 113.2 117 118.2 119 121.2 122.6 122.5 121.2 120.4 120 119 117.1 116.7 116.5 115.3 114.1 113.4 112.7 111.9 112.8 112.7 112.6 112.8 112 112 112 111.9 112.7 113.9 115.5 116.6 123.5 127 123.6 123.9 125.8 128 131.7 131.3 128.2 124 118.9 113.5 112.1 114.6 116.9 116.2 113.9
93.6 91.5 88.5 87.1 86.9 86.5 84.1 81.8 80.6 80.7 79.8 79.4 78.4 78.2 77.7 76.9 76.7 76.2 75.7 75.6 75.9 75.8 76 76 75.7 75.7 76.2 83 91 97.7 103.6 110.1 111.8 112.6 113.2 111.2 110.9 112.8 114.6 114.3 115 115.1 113.3 112.8 111.9 111.4 110.8 109.6 108.9 108.2 109.2 109.6 109.9 110.3 109.6 109.5 109.4 109.4 109.3 109.5 110.1 111.7 111.9 113.3 115.2 117.1 120.1 122.9 123.6 124.1 125.3 122.5 118.5 113.6 109.6 110.1 108.9 107.2 104.5
92.9 91.1 87.7 85.7 84.7 84.3 84.5 84.1 82.4 83.3 82.4 80.9 80.2 79 78.7 78 77.3 77.6 77.9 77.6 76.7 75.7 75.8 75.8 75.9 75.3 74.9 75.6 86.4 93.8 99.7 105.3 107.3 108 108.4 107.2 105.4 105.6 107 108.2 108.7 109.6 109.8 109.4 109 108.6 108 107.7 105.4 105.1 105.5 106.4 107.1 107.7 107.2 106.9 106.9 107 107 106.5 106.5 107.3 108.7 108.9 108.9 110.8 112.9 113.7 114.4 115.1 116 116.6 117.3 112.5 109.1 106 103.6 99.8 96.7
87 84.4 83.8 83.2 83.5 83.8 84 84 83.3 84.1 84.5 82.4 82.1 81.6 80.6 80.4 80.1 81 81.6 80.6 79.2 77.3 76.3 75.6 75.4 74.9 74.5 72.3 78.9 86.9 93.7 97 100.1 102.1 102 101.9 101.5 101.9 104.4 105.6 105.8 105.7 106.1 106.1 105.7 105.4 105 104.2 102.1 101.6 102.1 103 103.5 104 104.5 104.4 104.5 104.8 104.2 104.9 105.4 107.9 108.9 109 108 107.1 107.4 107.6 106.7 108.9 109.9 111.3 113.4 113.8 108.4 105 101.5 97.6 95.8
84.9 86.9 89.1 91.4 92.3 92.2 92.1 92 91.2 90.6 89.3 88.6 87.8 87.3 86.7 85.8 85.3 84.9 84.3 83.3 80.9 79.2 77.6 76 74.9 74.5 74.2 73.9 74 78.8 85 87.9 91 94.6 96 96.7 97.7 99.5 102.7 104 103.5 103.6 103.6 103.4 102.8 102.9 102.7 102.6 100.8 100.9 101.8 100.8 100.8 101.8 102.5 103.2 102.5 103 103.4 104.4 106.5 108.6 109.4 109.2 108.4 107.1 105.8 105.8 104.8 104.8 105.8 108.7 111.2 115.8 109.5 106.5 102.8 98.5 95.8
93.7 95.9 97.4 97.9 97.7 97.8 97.9 97.3 96.7 95.8 95.4 95.2 94.6 94.1 93.1 91.4 89.6 88.6 85.9 83.5 82.2 80.7 78.8 77.6 75.6 74.2 74.2 74.4 72.1 73.5 75.1 79.2 82.4 85.9 88.5 91.6 92.6 95.8 100 100 100 100 99.9 100.2 99.8 100.1 100.5 100.9 100.7 101 100.9 99.9 101.3 102.3 103.1 103.8 104.3 104.2 105 105.8 108 109.5 109.7 110.2 109.1 107.5 105.9 104.6 104.3 104.2 105.7 107.1 107.3 107.8 107.9 106.4 102.3 98.5 95.7
102 103.9 106.2 106.4 105.1 105.3 105.6 104.8 105.2 104.6 104.1 102.7 101.9 100.9 98.8 96.8 94.7 92.9 90.1 87.7 85.4 83.1 80.6 78.4 76.6 75.9 74 73.4 71.4 71.3 71.1 73 76.2 75.6 81.5 86.1 87.6 90.8 94.1 95.2 95.6 95.5 95.4 96.4 97.2 97.1 97.5 97.9 98.1 98.6 98.3 99.4 100.5 101.6 102.6 103.6 105.1 106.3 106.5 107.3 108.4 109 108.2 107.8 107.9 107.4 105.8 104.5 105 105.9 106.9 107.7 108.2 106 105 103.2 99.5 96.5 94.9
110.2 111.1 112.8 111.9 111.7 112.5 113.1 113.2 113.6 113.5 112.5 110.3 109.3 107.4 104.5 102.3 100 97.4 95.2 93 90.7 89.2 87 83.6 82.2 79 75.9 74.4 72.8 71.9 71.1 70.2 71 70.6 71.7 76.3 80 84.3 87.2 90.3 91 91 91.5 92.5 93.6 94 94.4 94.7 94.9 95.5 96.3 97.3 98.4 98.9 100.2 102.9 105 106.4 106.6 107.2 107.4 106.8 106.1 106.1 106.3 106.4 105.7 104.8 105.7 106.5 107.1 107.5 106.4 104.6 102.3 100 97.7 95.4 94.7
115.9 117.4 117.9 116.9 117.7 118.5 119 118.5 118.7 118.7 117.7 116.5 115.2 113.4 111.1 109.2 106.7 103.5 100.9 98.4 96.1 94.8 93 90.9 89.4 84.6 81.7 80.7 76.7 74.4 73 71.6 71.1 71 71.1 68.5 67.9 71.8 77.2 82.2 86.1 85.1 87.2 88.6 89.7 90.6 91 91.4 91.8 93 93.7 94.6 95.1 95.5 97.2 100.4 103.9 104.2 103.1 104.1 104.4 103.6 103.1 104 104.5 104.7 104.9 104.3 104.7 105 105.9 105.2 103.1 101.2 99.3 97.8 95.5 93.2 94.2
119.4 120.9 122.5 121.9 123.8 124.4 124.5 123.7 123.6 123.5 123 121.7 120.4 119.1 117.9 116.4 113.1 110 106.8 103.9 100.9 99.5 100.1 97.9 93.9 89.1 87.1 84.4 81.4 79.5 77 75.2 75.3 74.5 72.7 71 69.7 68.1 67.2 72.3 76.4 77.9 80.1 83.5 85.2 85.6 86.5 87 87.8 88.6 89.8 90.7 90.7 92.6 94.3 96.4 99.4 99.6 99.1 99 99.1 99 98.8 100.6 101.9 103 103.8 102.1 101.6 101.1 100.7 99.8 99.7 97.6 95.8 94.3 92.6 90.5 91.8
123.5 124.4 125.9 128 129.8 130.2 130 129.2 128.6 128.4 128.1 126.4 124.9 123.5 123.1 123 119.3 115.1 110.9 107.6 104.6 102.1 101.3 99.4 96.2 92.9 90.8 88.2 86.4 85.3 81 80.2 80.5 77.5 74.2 71.9 71 70.9 69.2 67.4 68.9 71.5 73.4 76 76.6 78.1 80 80.8 81.7 82.8 84.1 84.8 84.4 85.9 88 90.6 93 93.6 94.2 93.5 91.7 91.9 92.5 94.9 96.6 97.4 97.8 98 97.2 96.9 97.1 96.5 95.3 94.2 91 89.3 87.5 87 87.7
128.2 128.4 130.5 133.1 135.5 136 135.5 134.7 133.9 133.5 133.3 131.1 129.1 127.4 125.6 126.5 124.9 119.1 114.3 110.2 106.7 103.5 101.8 99.6 97 94.5 92.2 90.4 92.7 89.8 82.9 81.6 81.4 78.3 75.1 72.7 72.6 72.7 71.6 69.2 67.3 64.4 69.4 69.3 69.5 70.6 73.9 74.1 75 75.8 77.2 79.3 80.1 80.3 81 82.6 84.2 85.4 86.3 86.1 85.2 84.1 84.6 86.9 89.3 90 90.6 90.8 90.9 91.8 91.5 90.8 89.9 89.4 86.7 84.7 83.7 83.1 84.7
133.8 135 136.8 138.6 140.5 141.5 140.7 139.8 138.8 138.5 137.1 134.2 130.4 126.3 124.5 122.6 121.8 119.3 113.8 109.8 106 102.4 99.8 98 98.4 96.7 94.5 92.9 92.5 89.6 84.7 81.5 81.4 78.9 76 73.9 73.5 73.6 73.4 71 68.2 66.6 66.6 68.1 68.3 68.4 68.7 69.2 69 70.1 71.8 73.6 75.4 74.2 74.4 75.4 75.9 76 77.3 78.1 78.5 79.4 79.3 80.2 81.7 82.8 83.4 83.4 82.9 84.2 85.1 85.6 85.1 84.6 83.1 81.3 79.8 79.5 81.3
140.4 141.8 143.4 144 144.9 145.9 144.9 144 142.8 139.2 135.5 130.6 126.9 123.1 119.8 116.5 111.6 112.1 108.3 105.4 101.4 97.6 96.4 95.1 95.6 95.3 93 92.4 90.6 86 83.8 83.3 81 78.2 75.7 74 74 74.6 73.6 70.6 67.6 67.4 65 66.2 66.3 66.1 66 65.3 66.6 66.3 66.9 68.2 69.4 69 70.5 70.1 71.4 71.8 70.3 71.9 72.2 72.8 73.8 75.1 75.7 76.1 76.1 75.6 75.2 76.7 77.9 79.1 79.2 78.7 77.6 76.6 74.9 75.2 77.9
147.4 148.1 148.9 149.2 148.4 148.8 146.3 143 140.6 136.9 132.8 128 123.4 119.1 114.8 110.2 104.7 99.3 98.3 96.7 93.4 92.9 92 92.3 93.7 92.9 91.5 91.2 89.6 84.5 79.7 78.4 76.8 75.7 74.2 73.4 73.2 73 70.5 69.1 66.7 67.8 65.1 65.1 64.5 63.9 63.3 63.2 64.5 65.4 63.9 62.4 64.8 65.5 67 68.6 69.9 67.4 65.7 66.7 68.9 69.7 70.8 72.2 72.9 72.2 71.4 70.3 69.6 70.2 70.7 71.9 73.1 72.8 72.1 71.3 70.5 71 75
155.4 153.1 154 154.8 153 150.8 145.1 140.6 136 131.1 127 122.8 118 113.8 109 103.7 98.1 92.7 88.5 86.6 87.2 88.3 87.2 89.6 90.3 89.3 89 88.2 85.6 81.5 76.7 74.5 72.9 71.3 69.6 70.9 70.8 69.4 67.9 66.9 65.5 66 66 65.6 66.2 65.8 65.4 62.6 63.4 63.9 62.1 61 63.6 60.1 63.1 64.7 66.2 63.5 64.4 65.8 67.8 69.8 70.1 70.1 70.1 69.7 69.2 68.8 68 67.9 67.6 67.7 68.2 68.4 68.7 68.6 68.3 68.5 72.6
159.9 156 157 158.5 152.5 146.7 140.7 136 131.5 126.5 120.8 115.5 109.5 103.9 100.5 97.1 91.9 87.3 85.4 85 85.6 85.8 86 85.9 86.2 84.1 83.6 82.7 79.3 77.3 74.5 72.1 71.4 69.3 68.6 69.9 69 67.3 67.1 67 66.9 67.8 67.4 66.5 65.8 65.8 65.8 66.6 66.7 61.3 63.9 63.8 63.3 63.8 62.9 61.9 63.3 64 66.2 66.6 67.9 68.8 69.8 69.5 69.5 69 68.5 68.3 68 67.6 67.2 67.3 68.1 67.7 68.2 67.9 67.7 67.7 68.4
155 153.2 152.1 152.5 145.6 138.8 133 129.1 125.7 121 113.2 105.7 99.3 93.9 90.4 88.5 86.9 85.8 85.1 85.9 86.5 87.4 88.4 88.9 89 86.5 84.1 81.3 79.2 75.8 73.3 71.7 70.9 71.2 72.1 73.3 72.1 71 69.1 68.6 68.8 68.1 67.2 66.4 65.8 65.8 65.8 67.5 67.5 67.5 63.8 61.6 61.8 63.8 62.2 62.2 62.9 63.8 67.2 66 66.9 67.5 68.9 68.3 69.1 69.1 69 68.9 68.5 68.3 67.7 67.5 67.9 67.8 67.8 67.9 67.6 67.1 66.8
