data/360000-270000.asc
ncols 200
nrows 200
xllcorner 360000
yllcorner 270000
cellsize 50
[rows 70 to 104 of 200, columns 79 to 157 of 200]
168.3 173.7 175.1 173 173 173.9 177.7 183.6 188.5 187.8 185.8 188.5 190.4 193.9 197.3 199.5 202.1 203.3 204.5 203.6 201.3 203.1 202.6 200.4 196.5 190.7 192.4 194.9 196.8 197.6 196.7 195.5 192.8 189 186.2 183.9 181.4 179.1 177.5 175.6 172.8 170 166.3 163.4 161.2 158.3 154.5 150.4 145.3 144.6 142.1 135.1 127.9 135.5 141.1 141.4 142.1 141.1 139.8 137.6 136.4 135 131.7 128 123.7 120.1 116.3 113.4 110.7 106.9 101.6 113.1 117.6 117.2 115.3 112.8 111.7 114 115.3
164.4 164.6 165.2 173.2 177.5 182.9 186.4 189.8 192.1 193 192.8 191.8 191.5 194.3 196.6 200.2 202.4 205.2 206.1 205.7 206.1 206 206.1 202.8 198.1 195 197.5 199.9 202.5 203.8 201.7 198.2 195.8 192.6 190.4 187.9 184.8 182.4 179.6 175.8 172.1 168 167.6 166.8 163.9 158.2 153.3 151.5 150.6 149.6 146.3 141 132.6 124.4 126.5 128.5 130.4 130.7 130 128 127.6 126.8 122.3 114.9 108.4 109.2 107.5 106.1 106.7 102.2 101.6 112.1 112.6 113.2 110.3 105.7 104.1 106.6 109.5
161.6 166.9 172.7 178.6 183 188.1 190 192.2 194.4 195.7 195.9 195.7 194.2 194 195.4 201.2 203 205.3 206.8 207 208 208.2 208.2 207.2 204.4 202 202.9 204.8 206.6 205.3 202.7 200.6 198.7 196.2 194.6 191.5 188.1 184.9 181 177.2 174.1 171.8 170.5 168.1 164.6 158.5 156.6 156.6 154.6 151.6 148 142.2 136.7 131.1 128.1 125.4 122.8 118.7 118.2 116.9 117.2 115.3 114 114.7 124.9 123.5 118.5 112.3 109.4 100 101.9 109.7 107.6 106.3 101.6 99.5 99.2 100.3 98
168.2 174.4 179 184 188.7 192.2 194.7 196.2 196 197.1 197.6 197.3 197.1 196.2 196.4 199.2 201.6 204.7 207.9 210 211 210.7 210.3 209.9 207.9 205 205.3 207.3 208.3 207.3 204.9 203 201.1 199.4 196.3 192.7 189.5 186.1 182.4 178.7 176.6 175.1 172.9 170.2 163.8 162.6 161.5 159 155.7 153.6 149.7 145.3 140.2 138 137.1 134.4 130.8 128.6 127.5 126.9 126.8 125.4 119.1 121.1 131.8 132.6 128.9 121.9 114.4 104 101.3 101.7 101.3 100.7 99.4 105.1 106.3 106.8 104.9
172.3 178.4 181.6 185.5 190.1 192.1 196 197.3 197.7 198.8 199.7 199.4 199.1 198.1 200 199.5 201.3 204.7 207.9 209.9 211.3 212.2 212.6 211.6 209.9 207.8 207.8 209.1 210 209.2 206.7 204.9 202.9 200.8 198.1 195 191.6 187.9 184.6 181.3 179.5 176.5 173.8 169.3 165.5 165.9 163.2 159.8 156 155.3 149.5 146.7 144.3 144.6 144.3 144 144.1 140.6 136.6 131 123.6 122.1 122.7 127.6 131.9 134.8 133.2 131.8 124.7 119 104.1 100.1 101.9 110.2 111 113.7 113.6 113.2 113.2
174.9 178.5 181.1 182.9 187.4 191.7 195.1 195.4 197.3 200.3 201.5 201.5 200.9 199.9 202.1 203 202.9 205.5 207.8 210 211.5 212.7 213 212.6 211.3 209.9 209.8 210.8 211.5 211 208.7 207.3 204.9 202.1 198.2 195.2 194.2 189.2 186.4 183.8 181.1 176.6 173.7 169.9 166 166.1 163.2 159.6 156.5 154.4 152.8 149.8 148 148.9 148.5 147.5 146.7 141.1 135.2 126.7 123.9 127.5 132.1 136.1 139.1 139.4 138.1 136.9 132 131.9 130.4 128.3 124.7 122.7 121.2 122 119.6 119 116.8
175.2 172.4 174.5 179.9 183.2 187.5 191.2 192 195.6 199.2 202.1 202.2 201.4 200.4 202.7 204.2 204.2 206.5 208.3 210.2 211.9 212.3 213.3 213.3 213.2 212 212.3 213.1 213.2 211.7 210.1 207.7 204.8 201.1 198.9 195.6 195.8 191.4 187.7 185.5 183.1 179.3 175.8 171.4 167.3 164.1 161.1 157.5 154.7 152.5 151.6 151 150.1 150.2 148.8 146.7 144.1 138 129.2 134.6 138 141.1 143.6 145.7 145.4 143.5 141.6 139.6 135.8 133.6 131.6 129.9 127.5 124.8 123.6 122.2 120.8 119.8 117.2
170.3 173.3 181.1 186.8 189 189.3 189.7 190.2 194.1 197.7 201.2 201.2 200.6 199.9 202.8 205.1 205.1 206.9 208.7 210.5 212.4 213.5 214.4 214.4 214.6 214.3 214.5 214.3 214.7 213.3 211.1 207.6 204.4 201.5 198.9 196.4 194 191.1 188.2 185.7 184.1 180.2 176.7 174.4 169 164.1 159.2 154.9 152 150.5 150.2 150.2 149.3 148.3 146.9 145 142.4 134.9 130.5 139.9 143.6 145.3 147.9 148.9 147.7 144.9 144.6 142.1 138.2 135 130.8 128.6 126.2 124.1 122.8 121.2 120.8 118.6 115
168.7 174.9 182 187.7 191.8 192.9 194 193.4 193 195.6 198.9 200.4 199.7 199.8 201.9 204.4 204.8 207.2 209 210.6 212.6 214.4 215.6 215.8 216 216 216 215.7 215.2 213.5 211.3 207.4 204.9 201.9 198.8 196 193 190.1 187.6 184.7 182.7 179.7 176.6 172.3 167.5 162.7 158.6 154.3 150.9 148.8 148.7 148.4 148.1 146.8 145 143.3 140.2 132.7 139.3 144.7 145.2 147.6 149.4 149.3 148.9 146.6 145.7 142.5 139.3 135.7 131.7 128.6 124.9 122.1 120.4 118.9 117.4 115.2 111.1
169 174.1 179.3 185.1 190 192.9 195.6 196.1 196 195 195.3 198.2 199.1 200 201.4 202.9 204.6 207.2 209.3 211 212.9 214.7 216.3 217.1 217.1 216.4 216.3 216 214.1 212.2 209.8 207 205 201.8 198.4 195.5 192.6 189.8 186.9 183.1 179.9 177.3 174.2 170.4 167.2 165 163.6 159.1 154.9 150.8 146.9 146 145.8 145 143.7 140.6 135.3 137.5 143 145.3 145.9 147.4 150 150.1 149.1 147.7 146 143.9 140.7 136.3 132.4 129 125.1 120.2 117.2 115.4 113.6 110.7 100
171.4 177.3 181.7 185.5 189.4 193.2 196.2 197.7 198.1 197.3 197.5 198.9 201 202.4 204.3 205 206.3 207.8 209.4 211.4 213.8 216.2 216.2 216.8 216.6 216 216.5 215.2 213.1 210.4 208 205.9 203.7 200 196.4 194.6 192.1 189.5 187.4 184.1 181.4 178.9 176.4 173.8 171.1 169.3 166.2 162.1 156 149.6 146 143.7 143.1 141.9 141.4 138 136.1 142.6 142.9 146.2 146.7 147.8 149.5 148.8 148.1 147.2 145.2 142.7 139.7 134.9 132.4 127.6 123.2 121 114.2 111.2 110.1 109.3 99.5
174.6 180.2 185.8 190.5 194.4 197 198.2 198.7 199.5 200 199.2 201.7 203.4 204.7 206.9 208.4 209.2 210.5 211.6 213.2 215.5 216.1 216.1 216.4 216.1 215 215.1 213.3 210.6 207.9 205.1 202.6 199.7 197 195 193.3 191.5 188.7 186.4 185.5 181.6 179.3 177.1 175.4 173.2 170.9 166.7 161 155 148.7 146.1 143.3 141.2 140.6 139.1 138.1 139.5 141 143.9 145.9 146.7 146.4 146.7 146.5 146.4 146.1 143.3 139.6 137.2 132.9 128.2 125 121.6 116.7 112.7 114.8 116.3 115.4 107
176 183 189.3 194.9 198.4 201 202 200.8 203.1 202.9 201.2 203.9 205.7 207.5 210 211.5 212.2 213.2 214.6 215.8 215.9 216 216 216 215.1 213 213.3 212.6 210.6 207.8 204.2 200.7 197.3 194.2 191 188.6 188.1 186.2 184.3 182.1 179.7 177.3 175.4 172.9 171.1 169.3 165.7 159.7 153.4 151.8 148.3 144.9 142.3 140.7 140.4 141.1 143.2 144.8 146 146.7 146 145.6 145.7 145.3 144.5 143.7 139.7 136.9 135.1 129.4 124.8 121.3 117.9 117 121.5 122.7 121.8 117.5 109
177.7 185.5 193.2 198.7 203.2 206 206.4 206.8 206.9 206.7 205.7 207 208.8 210.6 212.7 214.8 215.5 215.3 215.1 215.2 215.3 214.5 213.5 213 211.3 211 211.1 211 210.5 207.5 204.3 201.7 198.8 196 193.2 190.7 189 186.6 184.1 181.5 178.3 175.4 173 170.8 166.9 164.1 162.8 161.2 160 159.1 155.2 149 145.4 143.9 144.8 145.6 146.4 146.7 146.9 145.5 144.7 143.5 142.4 141.5 141.9 140.3 137.8 135.3 131.2 125.8 121.8 118.1 119.1 125.8 126.9 125 123.2 116.8 109.9
178.4 187.2 195.2 201.1 205.7 209 210.9 211.3 210.5 210 209.7 210.2 212.4 212.3 214.7 215.9 216.3 215.2 213.1 213.1 212.2 211.5 210.5 209.4 208.8 208.9 208.9 208.9 208.7 206.7 204.5 203.7 200.2 197.9 195.4 193.8 192.1 189.7 186 183.9 181.4 178.1 175.9 174.6 173.6 171.3 169.6 167.7 165.6 163.5 159.9 153.2 149.7 147.1 147.2 148.1 148.7 148 146.5 144.9 140.7 139.5 139.1 138.4 138.9 139.2 136.7 133.2 128.8 125 119.4 122 123.6 129.9 129.6 126.4 122.6 117.7 110.2
178.1 187.4 196.5 202.3 206.7 208.9 210.5 211.4 211.8 211.9 212.5 216.4 212.5 211.9 212.8 214.5 213.1 211.9 210.7 209.7 208.9 208.5 207.2 205.7 205.7 206 206.3 206.5 207.7 206.1 204.7 203 201.2 199.6 197.7 195.6 193.5 190.9 187.8 185.5 183.2 180.5 178.6 176.3 174.2 171.9 171 168.8 166.8 165 162.7 157.6 154.1 150.8 150.3 150.6 148.5 146 144.3 139.6 139.3 137.2 136.5 136.3 137 136.3 134.4 131.5 128.6 123.9 123.6 127.4 130.5 134 132.9 127.3 122.9 118.2 111.4
181.6 189.3 197.3 201.1 204.1 205.5 206.8 208.9 210 211.1 212.3 211.3 211.5 211.5 210.2 209.3 208.4 207.4 206.4 205 203.6 203.6 202.7 201.9 202.4 202.9 203.3 203.8 205.4 204.8 204.3 203.4 201.9 200.5 198.7 196.6 194.4 191.7 188.8 185.6 182.2 179.6 177.3 174.7 172.6 171.2 169.4 168.3 165.7 163.4 161.2 158.5 156 154.2 152.5 149.5 145.2 143.2 140.5 140.4 137.9 136.2 134.7 133.7 132.9 132.8 132.6 127.9 126.8 122.5 123.8 129.5 133.9 135.6 135.1 132 124.2 120.3 114.3
184.5 191.7 196 198.4 199.8 201.2 202.6 205.1 206.9 207.9 208.6 208.7 208.9 207.1 205.7 203.5 203.2 202.9 201.7 200.3 199.5 198.9 198.5 198.2 198.7 199.2 199.7 200.8 201.8 202.1 202.5 203.4 202.2 201 199.1 197.3 194.9 192 187.9 183.6 180.2 177.4 174.5 172.2 170.1 167.9 166.1 165.1 164.1 162.6 161.2 159.9 158.1 154.6 151.6 147.7 143.3 141.1 140.1 138.8 137.2 135.5 132.6 131.4 130.9 128.8 127.8 125.6 123.5 127.1 131.4 135.4 139.1 142.1 137.1 134.1 127 120.9 108.1
185 190.4 193.6 194.9 196.3 197.5 198.7 200.4 202.9 204 204.7 206.1 204.4 202.3 199.9 197.6 197.7 198.9 198.2 195.4 194.5 194.3 194.9 194.5 195 195.6 196.3 197.4 198.2 199.3 199.5 200.2 201.3 200.9 198.6 196.7 194.1 191.2 186.7 181.8 178.1 174.5 171.1 169.5 167.9 165.7 164.4 163.3 162.9 161.9 162.2 162.4 159.3 153.8 150 144.8 142.6 140.1 138.1 138.2 136.4 134.2 130.8 130.3 130.2 130.3 130.9 131.9 135.3 138.8 142.8 145.4 145.2 142 138.3 133.5 127.5 119.9 115.1
184.3 189.5 191.4 192.6 193.1 194.1 195.2 196.3 197.8 198.7 199.9 200.2 199.4 197 194.7 192.6 194 195.4 195.1 191 188.9 188.6 189.8 190.9 191.4 192.1 192.9 194 195 196 197.1 198.4 200.2 198.4 196.7 194.5 191.8 188.9 186.2 181.8 175.5 172.3 169.7 166.5 164.6 162.6 161.8 161.3 160.4 157.7 158.4 159.3 156.6 152.6 147.7 141.9 140.6 137.4 135.6 136.9 134.1 132.6 129.4 129.6 133.6 137.1 138.7 139.8 142.1 144.8 149.1 150.7 148.3 145 140.2 136.4 132.6 129.7 124.3
184.8 186.7 188.6 190 190.7 191.8 193.1 194.6 193 191.7 193.3 193.7 194.1 192.5 190.1 188.8 189.2 190.4 191.6 188.9 186.9 184.5 184.1 185.5 187 189 190.1 189.7 191.6 193.3 195.2 196.7 197.3 196.3 194.4 192.4 189.8 187.2 184.4 179.9 176.8 171.2 168.2 164.7 161.7 159.4 159.3 159.5 155 154.5 150.3 150 148.8 146.2 141.3 138.9 136.7 137.1 137.6 135.5 134 132.3 132.5 135.4 135.3 142.7 143.9 144.9 146.6 149 150.8 152.5 151.4 148.2 145 141.4 136.8 133.3 129.8
182.5 183.7 185.4 188 190.2 191.5 192.6 192.1 190.5 187.5 186.8 187.5 187.9 187.4 186.8 186.3 185 186.2 187.5 186.6 185.1 182.7 180 180 182 184.8 187.3 186.1 187 190.3 192.1 192.9 194.9 194.3 192.6 191.2 189.6 187.9 185.3 182 178 172.1 166.8 163.3 160.1 159.1 160.2 162.5 161.9 160.6 157.1 154.9 151.4 147.6 143.1 140.7 138.5 138.4 137.8 137 137 136.1 138 141.1 141.2 146.2 147.8 149.9 150.2 151.4 151.7 152.7 151.5 149.8 147.3 143.8 140.2 136.5 133.1
181.2 183 185.5 187.7 190.3 192.1 193.2 191.1 188.5 184.3 182.2 178.5 180 180 179.4 180 182.4 183.2 184.3 183.5 183.3 181.8 178.5 174.6 177.1 179.9 182.4 182.6 183.8 186.7 189.4 190.7 192.5 191.8 191 189.8 188.2 186.3 184.4 181.2 177.4 172 166.7 164.1 163.3 163.7 165.6 166.4 165.4 164.7 163.2 161.5 159.4 155.6 151.3 147.7 145.1 143.8 143.3 142.7 141.6 142.3 143.5 146.5 148.4 152 151.8 150.5 151 151.3 152.3 150.5 149.9 149 146.3 144.6 141.4 138.7 136.6
181 183.8 185.2 187.6 190.2 192.3 192.2 191 187.9 184.2 179.8 174 173.1 174.2 173.5 172.1 176.4 178.5 179.9 180.7 181.4 180.3 176.9 172.9 172.5 174.9 177.3 178.3 178.9 182.3 186.5 187.5 188.5 189.7 188.9 188.1 186.6 184.4 182.2 179.6 176.7 172.8 170.5 168.5 167.9 168.7 170 169.7 168.7 168.3 167.2 165.3 162.6 160.1 157.1 153.6 151.2 149.8 148.5 147.2 147.6 148.1 149.3 150.7 150.8 151.3 149.6 147.3 148.6 150.3 149.9 146.8 146 145.2 143.3 139.4 138.5 136.7 135.3
183.4 185.4 185.6 187.6 189.8 190.9 190.9 190.2 188 185 181.6 176 169.8 169.9 167 166.9 170.8 173.1 177.8 178.1 178.5 178.1 176.6 173.4 168.3 170.4 172 173.5 174.6 179.6 183.8 184.3 186.8 187.4 186.7 185.8 184.5 182.4 180.2 178.4 176.5 174.8 173.3 171.6 171 170.9 170.6 170.6 169.5 168.2 167 165.8 163.9 161.7 159.4 156.7 156.1 155.4 153.7 152.5 151.6 151.9 152.9 151.1 151.1 149.5 147.3 145.1 143.9 142.7 142.1 140.2 136.8 134.3 132.6 131.9 130.7 130.4 129.9
182 186.2 186 186.8 187.6 189.4 188.8 187.6 187.1 184.9 182.2 178.3 172.9 166.8 162 161.7 163.2 167.4 172.3 173.3 174.2 174.6 175 173.9 169.4 165.9 167.6 168.4 171.4 176.6 180.7 182.7 184.9 184.9 184.1 182.9 181.7 180.2 179.1 177.7 175.9 174.6 173.5 172.2 171.1 170.8 170.4 169.7 168.5 167.3 166.2 164.8 162.7 160.3 159.1 158.6 158.3 157.8 156.6 155.7 155 154 153.4 151.4 148 145.3 142.5 139.6 136.6 136.3 132.5 128 125.6 123.3 122.5 120.2 117.6 120.4 123.3
179.5 181.8 183 183.2 182.7 184.4 184.8 183.4 182.4 181.2 180.7 177.7 173.1 167.6 162.7 159 157.1 158.4 163.6 165.6 167.3 169.9 172.2 172.6 169.2 164.4 163.3 165.7 168.3 172.8 176.1 178.7 181.1 181.4 181.4 180 178.8 177.3 176.5 176.3 175.4 174.4 173.3 172.3 171.2 170.1 168.9 167.1 165.4 164.5 163.4 162.1 160.3 158.1 156.7 155.8 155.6 154.7 154.5 154.8 153.2 151 149 146.9 142.7 141 137.5 133.7 129.1 127.2 128.2 128.3 127 127.8 127.6 126.5 125.2 120.6 111.6
173.1 176.5 178.5 176.9 175.8 177.4 178.4 180.5 179.3 178.5 178.3 176.8 174.1 169.2 165.8 162.5 157.5 153.5 152.8 155.1 158.5 163.2 167.6 170.3 168.4 162.4 159.1 163.4 169.6 172.4 174.4 174 175.4 175.8 176.4 176.2 175.2 174.5 174.2 174.4 173.8 172.8 171.7 170.7 169.3 168.2 166.6 164.8 162.3 160.6 160.5 159.4 157.4 154.8 153.4 152.2 151.3 150.9 149 148.6 148.7 145.8 143.1 141.3 137.5 134 134.6 134.5 135.9 139.1 141.2 142 141.3 137.7 137.7 136.6 134.4 125 114.9
166.8 170.3 173 171.4 169.9 172 173.4 176.3 177.5 176.7 177 175 172.5 171.3 171.2 168.5 165 159.2 153 147.2 149.3 157.7 161.7 165.1 165.2 161.4 157.2 161.5 167.2 170.3 171.7 171.9 169.7 170.5 172.3 171.9 171.8 172.3 172.1 172.5 171.9 171.1 170.1 169.1 167.7 165.8 163.7 162 160.6 158.5 157.9 156.6 154.8 151.7 150.3 148.4 148.2 144.7 144.3 144.3 144.1 141.5 139.1 143.7 145.5 145.6 146.3 145.8 145.5 147.5 149.5 149 146.4 144.2 142.2 140.4 134.7 124.9 117.7
161.3 163.4 165 165.8 164.6 167.4 169.7 172.4 174.4 176.3 177 176.6 176 175.9 174.1 171.1 168 165.4 161.6 155.1 148 148.4 152.1 156.6 160.5 158.4 155.7 156.3 160.5 162.9 165.5 166.8 166.3 165.5 167.6 168.8 168.8 169.9 170.6 170.7 170.3 169.5 168.5 167.2 165.6 163.5 161 159.9 158.9 157.4 155.9 154.8 152.9 149.4 152.9 154.3 152.2 152.1 149.6 146.4 144.9 145.4 148.9 152.7 155.4 155.7 156.7 156.6 154.9 154 153.1 150.2 146.9 143.2 139.3 135.2 128.3 125.5 129.3
156.8 157 158.2 159.3 164.7 168.7 173.9 175.7 176.9 178.1 178.5 178.6 177.7 175.5 175.8 173.5 170.5 167.3 163.4 158 150.2 143.5 146.8 151.9 155.6 156.5 155.5 152.9 153.6 155.7 158.8 159.4 159.8 160.3 161.9 163.1 165 165.2 167.4 168.9 168.7 168.1 166.8 165.2 163.7 161.6 159.8 158.5 157.4 155.6 155 154.6 153.9 155.6 158 159.8 158.6 156.5 155.1 151.8 152 153.9 155 157.4 158.2 159.2 159.6 158.1 157.2 155.8 152.1 149.3 145.7 142.2 135.2 134.7 134.7 135.7 137.7
151.3 151.5 153.5 160.3 165.4 170.8 176.3 177.5 179 178.9 179.1 178.4 177.3 175.3 174.3 172.1 169.1 165.8 162.7 158 151.1 144.4 143.2 147.1 152.5 155.4 155.4 151.5 148.5 150 152.7 153.4 153.6 154.7 157.1 159.3 160.9 162 163.7 165.8 167.2 167.3 166 166.1 163.6 161.7 160.8 158.7 158.2 157.1 156.2 155.7 157.5 159.7 160.4 160.7 161.3 161.2 159.5 158.3 158.2 159.1 160 160.9 161.1 161.4 161 159.2 156.5 155.3 151.9 148.2 143.8 142.1 144.6 144.1 143.6 142.9 143
148.6 150.8 154.3 160.3 166.6 171.8 176.5 177.9 178.1 177.4 176.6 176.1 175.1 173.5 171.9 169.3 165.3 162.1 159.1 154.6 149 143.7 139.6 143 147.4 151.1 154.1 151.5 147.3 146.9 148.2 148.5 150.1 151.9 153.8 156 158.2 160.1 163.1 165 167.1 168 168.2 167.1 166 164.8 163.9 162.8 161.6 160.4 159.2 159.8 161.3 161.8 162.6 163.3 163.8 164.1 163.7 162.8 160.1 161.1 161.9 163 162.5 161.2 161.4 159.9 158.4 156.2 153.5 149.1 149.7 150.5 149.8 148.9 147.3 145 142.7
144.9 150.9 155.8 161.4 167.8 172.9 176.5 177.1 176.6 175.7 174.6 173.5 172.2 170.5 169 165.8 160.9 158.8 154.3 149.7 144.9 142.1 137.4 138.9 141.7 145.6 151.6 149.9 147 144.4 144.9 146.2 147.9 150.1 152.8 155.4 157.8 159.5 163.3 165.8 168.3 169.2 170.1 169.8 169.1 168.3 167.8 167.9 166.2 164.5 163.6 163.4 164.4 164.5 165.3 165.9 165.9 165.8 166.2 166 163.3 163.1 162.9 163.9 162.6 161.9 161.8 160.6 159.2 157.7 156.4 155.3 154.2 154.4 152.4 149.4 146.8 143.8 141.9
152.6 156.9 158.9 165.3 170.6 174.6 176.9 176.2 175 173.9 172.7 171.4 169.3 167.5 167 165.8 162.1 159.1 155.8 153.1 150.1 144.9 140.1 132.3 139.8 145 147.6 146.2 144.7 143.9 144.1 146.3 148.6 151.6 154.6 157.3 160.2 163 164.5 166.7 169.6 171 171.7 171.1 172.3 171.7 170.9 169.9 168.9 168.7 167.9 167.3 167.5 167.5 167.9 168.2 167.1 166.8 166.2 166.4 165.5 164.6 163.6 163.4 163 162.3 161.6 160.7 160 159.1 158.4 158.3 156.9 155.7 154.2 151.4 148.6 145.7 142
