data/370000-100000.asc
ncols 200
nrows 200
xllcorner 370000
yllcorner 100000
cellsize 50
[rows 70 to 104 of 200, columns 78 to 155 of 200]
94.5 94.1 93.7 93.1 92.1 91.1 90.2 90.2 90.6 90.8 90.5 90.4 90.3 90.5 91.8 93 94.3 95.6 96.7 97.9 99 100.1 101 102.1 103.4 104.5 105.7 107.1 108.8 110.5 111.9 112.7 112.9 113.9 116 118.2 121.6 124.7 128.2 132.9 137.9 143.7 153.7 165.6 175.7 180 178.4 175 156.7 147 140.9 138.8 132.5 129.1 134.8 139.9 142.8 145 147.1 143.9 137.7 136.6 141.8 149.1 152.7 154.5 154.9 156.1 159.8 164.6 169.5 174.4 179 178.6 165.6 150.5 140.1 134.8
95.6 94.9 94.2 93.9 92.9 91.8 91 90.7 90.9 91 91 91 90.3 90.6 91.8 93.1 94.4 95.6 96.8 98 99.2 100.3 101.6 103 104.3 105.4 106.7 107.2 108.8 110.4 111.9 113.4 114.3 116 117.2 119.2 121.2 123.7 128.8 133.5 139.3 144.6 154.5 164.9 176.4 182.2 183.1 179.3 165.8 150.8 144.6 142.1 134.2 130.7 137.1 142.9 145.9 148.7 150.9 147.1 140.8 138.3 143 148.3 153.9 157.7 160.2 162.6 167 170.6 174.7 178 179.6 172.9 154.7 144.6 137.6 135.6
97.7 96.5 95.5 94.3 93.9 92.5 91.8 91.5 91.8 91.8 91.7 91.7 91.3 90.1 91.1 92.6 94.4 95.7 96.9 98.1 99.3 100.5 101.8 103.1 104.4 106 108.1 107.9 109.6 111.2 112.7 114.7 115.9 116.3 117.5 120.9 122.8 123.9 128.4 134.8 139.9 145.4 153.4 162.6 176.1 182.8 185.4 182.2 166.4 155 146.1 142.5 136.1 131.8 137.8 143.9 148.7 152.2 154.2 151.4 144.9 139 144.1 149.4 154.3 159.4 163.8 168.7 171.9 176.7 179.9 183 180.3 164.1 149.6 142.1 137.5 138.8
100 98.6 97.3 95.5 94.9 94 93.9 92.9 92.3 92.6 92.5 92.3 92 91 91.2 92.5 93.7 95.4 96.6 97.8 99 100.3 101.7 103.2 104.3 105.7 107 108 109.2 111.4 113.7 113.9 114.7 116.3 118.9 122.4 124.4 125.6 127.2 133.1 138.2 143.5 149.6 159.3 171.9 183.3 188.4 185.6 166.7 158 150.7 145.2 140 135.4 138.1 143.2 149.4 154.4 158 157.6 152.8 144 144.1 149.1 154 159.1 165.7 172.3 179.6 183.3 186.4 187 175.5 156.4 148.6 141.8 138.3 139.9
101.2 100.3 99 97.2 95.4 95.5 95 94.3 93.6 93.2 93.1 92.8 92.6 92.1 91.5 91.5 92.9 94.4 96 97.2 98.2 99.7 101.6 103.2 104.1 105.1 105.7 107 108.9 111.1 112.6 112.9 110.6 113.7 119.1 123.1 125.9 128.1 129.8 131.8 135.5 141.8 148.4 156.2 166 181.3 190.6 188.7 173 160.9 154.8 145.8 142.6 140 141.5 144.3 147.8 153.7 161 162.9 157.3 148.2 146.5 148.7 153.6 159.6 166.7 177.8 184.6 189.5 193.6 193 170.8 154.5 148 142.6 140.6 144.4
103.1 101.3 100.5 99 97.3 96.3 96.6 95.6 95 94.2 93.8 93.6 93.3 92.6 91.9 92.2 92.5 93.8 94.9 95.8 97 98.8 100.5 102.1 103.1 103.3 104.1 105.3 107.1 111.2 112.6 111.5 109.7 114.8 119.9 123.9 127.4 130.2 133 134.7 137.4 142 149 154.3 163.1 177.4 189.9 192.4 180.9 165.3 158.9 152.9 149.1 144.6 146.2 147.2 147.9 150.6 157.8 162.8 158.7 153.1 152.2 153.8 157.6 162.5 173.5 183.9 190.9 197.7 203.8 194.8 166.6 155.8 150.7 146.9 146.8 149.6
105.1 103.2 101.3 100 99.3 98.4 96.9 96.2 95.8 95.4 95 94.6 94.1 93.7 92.2 92.1 92.1 92.7 93.5 94.3 95.9 97.5 99.2 100.9 101.4 101.4 102.1 103 105.2 109.5 111.7 109.3 108.6 114.4 119.5 124.7 129 133.4 136.2 137.5 139.8 144.1 149.8 155.2 161.8 175.9 188.3 194.8 189.8 176.2 162.6 159.2 155.5 152.5 152.7 152.4 151.7 150.2 154.3 161.3 162.3 160 161 162.5 166.2 173.1 181.4 190.4 199.4 206.7 209.2 192.7 168.2 159.3 156.3 153 153.3 154.6
106.9 105 103.1 101.6 100.7 99.7 98.1 96.9 96.4 95.9 95.5 95.1 94.8 94.5 92.2 92.4 92.8 93.2 93.7 94 95 96.1 97.8 99.2 99.4 99.6 100.2 101.4 102.6 105.6 106 105.6 108 113.4 118.3 124 128.8 133.5 137.5 140.7 142.8 145.5 152 156.3 162.7 178.9 188.7 197 198.7 192.2 179.6 169.2 165.5 163 162 160.7 158.3 156.3 159.9 165.2 168.1 172 175.9 180.1 183.1 188.8 196.4 202.9 211.7 220 216.5 194.6 172.4 163.8 160.9 158.2 157.8 159
108.4 106.6 104.7 103 102.1 100.9 98.9 97.9 97 96.4 95.9 95.5 95.1 94.8 92.6 93 93.4 93.8 94.1 94.1 94.4 95.3 95.8 97.2 97.5 99.4 100.9 101.6 102.3 103.4 105.3 106.5 108 111.7 117 122.2 126.9 131.9 136.1 140.1 143.7 147.9 152.4 156.9 165.1 179.7 190.1 197.9 203.4 204.2 198.3 190.3 184.2 179.9 175.4 171.6 169.6 168.1 171.8 178.2 183.8 189.3 194.8 197.4 200.2 204.6 210.9 218.3 226.4 232.6 220.9 194.7 178.4 170.2 166.2 161.5 160.1 162.8
109.7 108.2 106.2 104.4 103.5 101.8 99.7 98.4 97.6 97 96.5 95.9 95.4 95.1 93.4 93.6 94 94.4 94.5 94.8 95.1 95.6 96 96.5 97.3 99.8 101.4 102.6 103.7 105.9 108 109.3 108.7 111.3 115.8 120.9 125.6 129.9 133.2 137.3 142.5 149 153.8 159 166.5 177.7 190.6 200.1 208.3 212.6 212 209.4 204.8 200.2 196 192.2 188.8 186.3 186.8 191.2 196.1 201.7 205.8 211.1 215.2 221.3 228.9 237.3 243 243.5 225.4 198.8 184.1 177.3 171.5 165.7 165.1 167
110.9 109.4 107.8 105.9 104.9 102.9 100.8 99 98.2 97.6 97.1 96.5 95.9 95.4 94.3 94.1 94.6 94.9 95.1 95.2 95.4 96.2 96.4 96.4 96.1 99.4 101.5 103.3 105.5 107.5 109.4 111.6 112.5 112.9 114.9 119.6 124.4 127.8 130.1 135.1 140.6 146.3 152.6 157.5 164.6 174.1 188.4 201.9 211.1 216.1 219 219.2 218 219.4 216.8 212.4 207.6 204.7 202.8 204.3 209.4 213.6 217.4 223.1 230.4 237.3 243.4 248.2 251.1 250.9 235.8 214.3 194.5 184.7 177.6 173 172.3 171.7
112.2 110.7 109.2 107.5 106.1 104 101.9 99.8 98.7 98.2 97.6 97.1 96.5 95.9 94.8 94.5 95.2 95.3 95.2 95.3 95.8 96.8 97.1 97.4 97.2 98.1 101.2 103.2 105.4 108.2 110.1 111.6 113.1 115.3 116.9 120.1 122.8 125.5 129.2 134.9 139.9 145.8 152 156.1 162.6 172 187.5 201.7 207.5 212.6 216.7 218.7 222.5 225.3 227.2 228.1 224.5 221.9 220.1 221.3 224.3 226.6 231 236.1 242.5 248.3 252.4 255.1 257.6 257.7 246.6 231.3 214.1 201.9 191.7 190.2 189.4 191.8
113.5 112 110.5 109 107.2 105.1 103 100.8 99.3 98.7 98.1 97.5 97 96.3 95.3 95.3 96 96.5 95.3 95.5 96.4 97.6 98 98.4 98.3 97.3 99.9 102.5 105.1 107.6 109.6 111.4 112.9 115.1 117 118.3 120.4 124.4 129.1 134.7 139.5 144.4 149.7 156.3 161.5 170.1 185.9 191 192.3 196.4 204.9 212.7 218.1 225.5 231.4 234.5 237.4 234 233.4 235.2 237.4 239.4 240.8 244.4 247.6 252.6 254.6 255.8 259 260.7 257.6 247.2 236.2 226.4 218.5 212.4 211.3 212.4
114.5 112.8 111.4 110.2 108 105.6 103.5 101.4 99.6 99.1 98.6 98 97.4 96.8 95.9 96.4 96.8 97.3 96.4 95.9 96.9 98 99.3 99.3 99.3 98.7 98.1 100.8 103.2 106 108.2 109.9 111.7 113.5 115.4 117.3 120.2 123.3 128.8 134.1 137.8 142.9 147.6 156.1 160.7 166.2 175.5 178.8 177.8 179 189 200.7 212.1 222.6 227.8 234.7 237.7 240.8 242.8 232.6 224.6 226.9 224 232.5 239.8 244.7 250 254.8 258.3 262.2 262.6 259.9 252.3 246.9 241.2 236.3 236.9 238.8
115.5 113.9 112.8 111.5 109.1 106.6 104.1 102 100.2 100 99.3 98.4 97.6 96.9 97 97.9 98.8 98.3 97.4 96.7 96.8 98.2 99.2 100.4 100.3 100 98.7 99.4 101.6 104.3 107 108.6 110.4 112.3 114.1 116.5 119.7 124.5 131.3 136.9 141.3 144.7 148.7 154.9 159 163.9 168.2 168 167.6 171.8 178.3 187.9 200.4 214 224.7 233.8 236.4 240 231.2 212.3 205.2 205.8 205.1 210.2 218.1 229.8 239.1 243.8 250.5 257.5 262.2 265.2 263.3 259.3 256.7 255 255.9 257.3
116.1 115 113.9 112.3 109.8 107.4 104.5 102.1 102.7 101.8 100.6 98.9 97.6 98.1 98.5 100.7 100.4 99.1 97.6 96.5 97.3 96.9 99.5 101.1 101.3 101 100.6 99.9 101.1 103.4 105.6 107.6 109.5 111.3 113.1 115.3 119 125.1 132.3 139.3 145.8 148.5 151.7 155.4 157.5 159 160.7 159.2 159.9 166.1 173.1 179.5 188.4 207.9 222 232.4 236.7 229.9 215.7 200.6 194.2 193 192.5 193 199.2 209.7 223.4 234.2 241.6 249 258.3 264.1 265.6 266.8 268.1 268.3 267.1 266.7
116.8 115.8 114.6 112.7 110.2 106.9 102.5 104.8 104.3 102.8 101.4 99.4 99.1 100.7 101.9 102.2 101.4 99.9 98.6 97.6 98.1 97.5 99.5 101.6 102.2 102 101.9 101.3 101.5 103.4 105.5 106.8 108.5 110.3 112.2 114.3 118.4 124.2 131.1 137.4 145.4 150.4 153 153 151.4 152.9 151.8 152 158.2 162.4 169 176.6 189.5 210.3 221.3 227.7 227.2 213.4 200.6 192.1 185.7 183.4 184.4 184.6 189.3 195.6 203.1 217 231.4 241.1 249.4 259.9 265.4 267.9 270.1 271.2 271.8 272.1
116.8 116.4 115.2 113.3 110.7 105.5 103.6 106.6 105.5 104.5 102.6 99.8 100.7 102.4 103.8 103.5 102.2 100.9 99.5 98.5 98.6 98.8 99.3 101.4 102.9 103.1 102.8 101.9 102.2 103.5 105.2 106.6 107.8 109.5 111.4 113.6 117.4 122.7 128.9 135.1 140.4 146.6 150.1 149.3 147.4 146.1 146.2 151.2 157.5 165.2 175.3 184.9 199 209.4 217.9 222.2 212 195.8 187.6 184.8 178.7 175.8 176.7 177.3 182.9 188.4 193.8 201.6 216.6 228.1 240.1 251.7 262.5 267.1 269 271.4 273 273.8
115.7 115.5 115.2 113.4 111 107 104 105.8 106.6 105.7 103.4 99.7 102.4 104.6 105.6 104.2 102.8 101.6 100.3 99.3 99.2 100.2 98.3 102.4 103.6 104 103.4 102.8 102.4 103 105 106.4 108 109.6 111.3 113.7 116.5 121.2 126.8 131 135.1 139.1 142.3 142.5 142.7 143.9 149.9 153.7 159 167.5 176.6 185.4 191.8 202.4 208.1 206.1 194.2 182.5 177 173.3 169.7 168 169.7 173.7 179.7 182.6 186.5 195.7 203.1 208.5 227.9 242.2 256.3 264.8 268.4 271 272.9 274.1
113.6 113.8 114.1 113.5 111.1 108 104.9 104.6 105.5 105.7 104.5 102.1 104.6 106.8 106.8 105.4 104.7 103.3 101.9 100.8 100.3 101 98.1 103.3 104.2 104.1 103.6 103.3 103.6 103.6 105 106.4 108 109.6 111.3 113.4 115.7 118.4 122.5 126.5 130.5 134.1 135.1 135.9 139 147.1 151.1 154.6 160.1 170.5 178.2 178.7 183.1 188.1 188.2 184.3 177.7 170.4 166.8 164.9 162 163.4 165.4 170 175.7 176.5 183.1 190.5 191.2 195.8 208 228.4 250.2 260.9 267.5 269.8 271.8 272.9
114.2 113.5 112.9 112.2 111 108.9 104.8 106.2 106.6 105.7 103.8 102.9 106.2 108.4 108.4 107.1 106.1 105.1 103.7 101.7 101.6 101.8 102.1 100.3 104.1 103.7 103.4 104 104.1 103.6 105 106.3 107.9 109.6 111.3 113.4 115.7 117.8 120.6 124.2 127.2 130.3 131.2 133.2 139.3 146.3 151.3 155.5 162.7 172.1 172.9 168.5 172.5 177.9 173.6 169.2 163.6 161.4 159.5 159.2 158.2 159.5 162.3 166.3 167.5 171.3 177.9 181 182 187.2 202.6 227 247.3 257.9 265.5 267.6 269.8 271.6
116.1 114.7 113.9 113.2 112.9 110.3 106.5 110.6 110.1 108.5 105.8 103.1 105.1 108.7 110.1 109.5 108.5 106.7 105 103.1 103.2 103.6 105 101 103.4 104 103.5 104.6 105.5 104.7 105.1 106.1 107.8 109.7 111.2 113.3 115.6 117.5 119.9 122.2 124.8 126.8 130.1 136.8 142.4 148.8 152.4 157.1 163.5 171.7 166.3 161.4 164.3 169.8 164.7 161.3 159.1 156.6 153.9 153 154.2 157.8 159 161.1 162.6 166.7 170.7 172.4 178.7 188.7 205.1 229.6 245.9 257.1 263.4 265.5 267.6 269.4
117.2 116 114.6 113 111.5 108.2 109.8 112.9 112.2 110.5 108.1 105.6 104 108 110.6 110.8 109.7 108.1 106.3 104.8 105.1 106.2 106.6 105.2 99.8 103.6 104.1 104.7 106.4 106.9 106.8 105.7 107.9 109.7 111.1 113.3 115.4 117.2 119.4 121.3 123.4 127.1 132 136.3 142.8 147.8 151.2 154.9 160.5 167.5 164.1 156.9 158.7 162.3 162.4 157.8 154.4 151.4 149.5 152 154.9 156 155.5 156.2 158.5 163 166.9 172.1 181.4 191.2 211.1 235.1 245.8 256.7 261.4 263.2 264.4 266.2
118.5 115.6 112.8 109.3 107 106.8 111.9 114.3 114.1 112.3 110 107.5 104.2 106.4 109.5 111.1 110.7 109 107.3 107.4 108.3 108.7 107.7 106.1 104 100.8 103 105.4 107.1 108.8 108.2 107 107.6 109.2 111 113.2 115 116.8 118.9 121.1 123.7 127 132 135.1 139.2 144 148.3 151.4 155.5 160.8 159.3 153.2 154 157.7 157.4 154.3 151.6 147.3 146.1 148.5 149.8 149.6 150.4 150.4 154 158.8 161.2 169.1 177.5 192 217.6 235.9 246.7 256.4 259.8 260.3 261.1 263.2
117.5 112.7 108.7 109.4 110 108.7 110.2 113.3 114.5 113.7 111.8 109.1 104.6 106.1 108.6 110 111.3 110.3 109.9 110.5 111.4 110 108.5 106.9 105.7 104.7 104.9 101.6 105.9 108 108.4 108.2 108.4 108.4 110.5 112.4 113.9 116.1 118.3 120.5 123.3 126.5 129.2 132.2 135.1 139.2 144.1 148.1 152.1 156.3 154 149.8 148.3 152.3 151.8 150.5 147.8 143.7 142.2 143.3 147.6 151.4 154.5 155.5 156 159.1 164.5 172.4 184.2 203.7 225.5 236.7 247.6 255 258.1 256.8 255.9 259
112.9 109.6 111.6 113.2 114.2 112.9 109.9 112.1 115.3 114.9 113.3 110.2 105.5 106.8 108.5 110.4 112.1 113.5 113.9 113.8 112.9 110.8 109.3 107.6 106.2 107.4 107.2 103 104.2 106.5 107.7 108 108.5 109 109.8 111.1 112.8 115.4 117.7 119.9 122.7 124.5 126.3 128.2 130.9 134.4 139.7 144.8 149.3 153.7 151.6 146.2 143.5 148.1 148.1 145.2 141.5 142.1 144.1 148.2 151.4 155.4 158.5 159.2 157.9 162.9 168.6 178.1 195.3 215.3 228.4 239.1 247.2 252.7 255.3 253.4 248.5 254.6
112.9 114.4 116.4 117 116.7 115.4 112.4 111.8 115.1 116.4 114.6 112 105.9 108.7 109.7 110.8 113.6 115.2 115.7 115.4 114.2 112.2 111 109.7 107.9 107.9 107.6 104.2 106.3 107 108 108.7 109.3 110.4 110.6 110.2 111.7 114.9 116.7 119.8 122 123.2 124 126 128.3 131.6 137.3 143.4 148.3 151 148.3 142.7 138.6 141.4 140.7 138.7 137.7 142.8 145.9 148.9 154.4 157 160.6 162.8 162.7 167 173.8 187.1 207.3 221.1 231.8 240.1 247.4 251.3 252.3 246.8 240.8 251.5
118.4 119 119 118.8 117.7 115.5 112.4 113.1 114.7 116.2 115.6 112.6 106.7 109.6 112 110.9 114.7 115.8 116.5 116.1 115.1 114.3 112.7 111.1 109.5 109.1 108 105.4 107.1 108.2 108.9 109.7 110.6 111.7 111.9 111.8 109.6 110.9 116.2 118.5 120.3 121.2 122.3 124.7 127.3 130 134.8 140.5 144.5 146.6 145.1 141 137 135 134.9 137.5 140.8 141.7 144 146.4 150.7 155 160.8 166.3 169.8 171.7 180.5 196.5 212.4 223.7 232.6 240.2 246.3 248 246.4 237.1 238.8 249.5
121.2 120.7 120.6 120 118 114.9 114.4 115.6 115.9 116.4 116 111.4 107.3 111.1 114 113.3 113 115.9 116.7 117.1 116.5 116.3 114.5 112.6 111.4 110.3 109.2 106.1 108.5 109.4 109.9 111 112.4 113 113.1 113.1 113.4 113.1 113.1 115.9 117.8 119.2 120.9 123.5 126.2 128.8 132.4 136.3 139.5 140.9 141.1 138 133.2 132.2 138.3 142.2 143.9 144.3 147.8 151.5 153.7 153.7 157.1 164.7 171.9 177.6 187.4 201 213.8 224.7 232.6 239.5 243.6 245.1 239.3 227.7 239.1 247.4
123 122.4 121.5 120.7 116.9 115.2 117.1 117.9 117.8 117.9 116 110.8 107.5 111.6 115.6 115.6 114.5 115.5 117.4 118.3 118.3 118.3 116.5 114.6 112.8 111.2 109.1 106 109.9 111.5 112.1 112.6 114.9 115.4 115.2 114.2 115.5 115.2 115.4 114.2 115.4 117.6 119.7 121.7 124 126.4 129.4 133.5 137.6 138.1 136 132 129.6 134.3 137.8 139.6 140.9 144.2 149.2 153.3 157.9 161.1 159.7 164.9 172 180.6 191.4 204.2 215.8 225.8 232.2 237.3 239.9 237.9 230.4 225.3 237.7 245.6
123.8 123.5 122.7 120.4 117.1 118.5 119.6 119.6 119.5 118.9 116.6 109.9 107.6 114.1 116.8 117.3 117.1 115.9 117 118.7 119.9 119.9 118.1 116.2 114.5 111.6 109.2 107.9 110.7 112.4 113.8 116.2 115.2 116.4 117 117.3 117.3 117.4 117.9 117.2 115.9 116.9 118.7 120.5 122.4 125.2 128.6 131 133.7 133.4 130.2 127.9 130.9 134.2 135.2 136.3 138.2 139.5 143.8 150.7 155.1 164.3 166.7 168.4 172.8 182.3 192.5 205.4 216.2 224.2 230.1 234.8 235.2 230.6 218.5 223.7 236.2 243.1
124.8 124.4 122.2 119.1 119.9 120.8 121.6 121.4 121.2 120.2 116.6 109.8 110.2 115.5 118.1 118.5 118.6 117.7 117.5 119.1 120.4 121 119.4 117.7 114.3 110.6 110.1 108.9 110.8 112.4 113.5 115.2 117.1 118.1 119 119.4 119.7 120.3 120.8 120 118 116.8 117.9 118.9 120.8 122.9 126.1 127.9 128 127.9 127.9 131.5 137.9 140.1 141.7 142.3 142.8 143.2 143.9 147 150.4 157.8 164.4 169.9 173 181.6 192.5 204.5 214.9 222.9 227.8 231.7 231.1 222.9 211.1 223.5 233.8 240.7
125.5 123.6 122.9 122.6 123 123.2 123.7 123.3 121.9 119.7 116 109.4 112.3 116.4 118.8 119.4 119.7 119.6 118.5 119.6 120.4 121 121 117.7 114.3 111 110.8 111.5 111 112.8 114.4 116.3 118.2 119.8 121.1 121.7 122.5 123.1 123.6 121.7 119.8 118.5 118.4 119.5 120.5 120.2 122.5 123.5 125.2 127.9 131.7 137.7 143.3 145.7 147.5 148.3 148.5 149 149.8 151.2 148.9 152 156.5 163.8 169.5 177.4 189.7 202.3 212.3 221.1 225.5 229.1 226.9 215.3 209.4 220.4 228.6 234.9
127.2 126.7 126.7 125.9 125.6 125.2 124.7 123.8 121.6 119.3 115.3 109.7 111.8 116.5 119.4 120 120.6 121 119.9 120.3 121.1 121.9 122.5 119.1 115.3 111.5 112.4 112.9 112.7 112.4 113.8 116.2 118 120.2 122.8 125 125.4 126.1 126.6 124.8 122.3 121 119.8 120.3 121.3 123 123 124.9 127 132.6 138.3 143 144.6 147.5 150.3 151.9 152.9 155.2 155.7 155.8 157 157.1 158.1 160.7 167.5 175.7 188.9 200.6 212.8 219.7 224 226.9 224 211.6 204.4 212 219.9 224.9
131.2 130.4 129.1 127.9 127.1 125.5 124.4 122.2 119.6 116.4 111.2 110.4 112.3 116.2 119.2 121.5 122.3 122 121.5 121.9 122.5 123.3 123.6 121.2 116.7 112.9 113.7 113.9 113.7 113.7 114.1 115.6 117.7 120.1 124 127.8 129.8 131.5 131.3 129.5 127.7 123.4 121.6 121.4 122.7 124.2 126.1 127 128.6 132.5 138.5 142.7 143.8 147.3 150.8 152.6 155.8 158.1 159.9 160.8 162.9 163.3 165.2 165.6 168 177.6 190.1 201.3 211.6 217.9 222.6 225.6 223.6 211.7 201.9 200.4 204.8 208.5
