data/370000-670000.asc
ncols 200
nrows 200
xllcorner 370000
yllcorner 670000
cellsize 50
[rows 42 to 83 of 200, columns 0 to 93 of 200]
17.8 19.7 23.6 23.5 22 20.7 18.2 12.5 12.5 13.1 12.4 6.8 7.4 6.9 5.4 1.7 0.7 -0.2 -1.2 -2 -2 -2 -2 -2 -2 -2 -2 -2 -2 -2 -2 -2 -2 -2 -2 -2 -2 -2 -2 -2 -2 -2 -2 -2 -2 -2 -2 -2 -2 -2 -2 -2 -2 -2 -2 -2 -2 -2 -2 -2 -2 -2 -2 -2 -2 -2 -2 -2 -2 -2 -2 -2 -2 -2 -2 -2 -2 -2 -2 -2 -2 -2 -2 -2 -2 -2 -2 -2 -2 -2 -2 -2 -2 -2
19.8 20.3 20.9 21.2 20.8 20.8 20.7 19.1 13.9 11.1 12.6 9.3 7.4 6.7 5.1 1.8 0.8 -0.2 -1.2 -2 -2 -2 -2 -2 -2 -2 -2 -2 -2 -2 -2 -2 -2 -2 -2 -2 -2 -2 -2 -2 -2 -2 -2 -2 -2 -2 -2 -2 -2 -2 -2 -2 -2 -2 -2 -2 -2 -2 -2 -2 -2 -2 -2 -2 -2 -2 -2 -2 -2 -2 -2 -2 -2 -2 -2 -2 -2 -2 -2 -2 -2 -2 -2 -2 -2 -2 -2 -2 -2 -2 -2 -2 -2 -2
20.7 20.4 20.1 20.6 20.5 20.7 21 19.6 15.6 11.2 11.1 8.2 6.9 6.7 6 2.1 1.1 0.1 -0.9 -2 -2 -2 -2 -2 -2 -2 -2 -2 -2 -2 -2 -2 -2 -2 -2 -2 -2 -2 -2 -2 -2 -2 -2 -2 -2 -2 -2 -2 -2 -2 -2 -2 -2 -2 -2 -2 -2 -2 -2 -2 -2 -2 -2 -2 -2 -2 -2 -2 -2 -2 -2 -2 -2 -2 -2 -2 -2 -2 -2 -2 -2 -2 -2 -2 -2 -2 -2 -2 -2 -2 -2 -2 -2 -2
20.6 20.3 20.1 19.8 20.1 20.3 15.2 8.5 6.9 8 7 8.1 6.3 6.1 5.8 3.6 1.5 0.6 -0.3 -1.1 -2 -2 -2 -2 -2 -2 -2 -2 -2 -2 -2 -2 -2 -2 -2 -2 -2 -2 -2 -2 -2 -2 -2 -2 -2 -2 -2 -2 -2 -2 -2 -2 -2 -2 -2 -2 -2 -2 -2 -2 -2 -2 -2 -2 -2 -2 -2 -2 -2 -2 -2 -2 -2 -2 -2 -2 -2 -2 -2 -2 -2 -2 -2 -2 -2 -2 -2 -2 -2 -2 -2 -2 -2 -2
20.5 20.4 20.3 19.5 19 15.2 11.7 9.3 7.8 6.9 6.7 7.8 7 5.7 5.1 5.2 1.9 1 0.2 -0.7 -1.6 -2 -2 -2 -2 -2 -2 -2 -2 -2 -2 -2 -2 -2 -2 -2 -2 -2 -2 -2 -2 -2 -2 -2 -2 -2 -2 -2 -2 -2 -2 -2 -2 -2 -2 -2 -2 -2 -2 -2 -2 -2 -2 -2 -2 -2 -2 -2 -2 -2 -2 -2 -2 -2 -2 -2 -2 -2 -2 -2 -2 -2 -2 -2 -2 -2 -2 -2 -2 -2 -2 -2 -2 -2
20.8 20.7 20.6 19.2 16.4 12.9 7.7 3.8 3.8 3.8 3.8 7 8.3 6 5.1 4.9 2 1.1 0.2 -0.8 -1.7 -2 -2 -2 -2 -2 -2 -2 -2 -2 -2 -2 -2 -2 -2 -2 -2 -2 -2 -2 -1.5 -1.4 -1.4 -2 -2 -2 -2 -2 -2 -2 -2 -2 -2 -2 -2 -2 -2 -2 -2 -2 -2 -2 -2 -2 -2 -2 -2 -2 -2 -2 -2 -2 -2 -2 -2 -2 -2 -2 -2 -2 -2 -2 -2 -2 -2 -2 -2 -2 -2 -2 -2 -2 -2 -2
20.9 20.9 20.2 17.7 13.8 10.3 5.1 3.8 3.8 3.8 3.8 3.8 6.7 6 5.1 4.8 2.2 1.2 0.2 -0.8 -1.7 -2 -2 -2 -2 -2 -2 -2 -2 -2 -2 -2 -2 -2 -2 -2 -2 -2 -2 -2 -1.2 -0.7 -0.8 -0.9 -1.1 -2 -2 -2 -2 -2 -2 -2 -2 -2 -2 -2 -2 -2 -2 -2 -2 -2 -2 -2 -2 -2 -2 -2 -2 -2 -2 -2 -2 -2 -2 -2 -2 -2 -2 -2 -2 -2 -2 -2 -2 -2 -2 -2 -2 -2 -2 -2 -2 -2
21.6 21.6 19.9 16.1 12.6 8.6 3.8 3.8 3.8 3.8 3.8 3.8 6.2 8 5.6 4.7 4.3 1.6 0.6 -0.4 -1.3 -2 -2 -2 -2 -2 -2 -2 -2 -2 -2 -2 -2 -1.4 -1.4 -2 -2 -2 -2 -1.8 -0.9 -0.1 -0.1 -0.2 -0.4 -2 -2 -1.2 -1.7 -2 -2 -2 -2 -2 -2 -2 -2 -2 -2 -2 -2 -2 -2 -2 -2 -2 -2 -2 -2 -2 -2 -2 -2 -2 -2 -2 -2 -2 -2 -2 -2 -2 -2 -2 -2 -2 -2 -2 -2 -2 -2 -2 -2 -2
22.3 21.4 19.1 14.6 10.7 6.9 3.8 3.8 3.8 3.8 3.8 3.8 3.8 7 7.7 5.8 4.3 2.1 1.2 0.2 -0.9 -2 -2 -2 -2 -2 -2 -2 -1.8 -1.6 -1.4 -1.3 -0.9 -0.6 -0.4 -1.7 -2 -2 -2 -1.5 -0.6 0.2 0.6 0.5 0.4 -2 -1.6 -0.5 -1 -2 -2 -2 -2 -2 -2 -2 -2 -2 -2 -2 -2 -2 -2 -2 -2 -2 -2 -2 -2 -2 -2 -2 -2 -2 -2 -2 -2 -2 -2 -2 -2 -2 -2 -2 -2 -2 -2 -2 -2 -2 -2 -2 -2 -2
22.4 21.4 18.3 13.7 9.2 5.4 3.8 3.8 3.8 3.8 3.8 3.8 3.8 5.4 6.9 6.4 6.5 3.2 1.8 0.7 -0.2 -1.1 -1.7 -1.5 -1.4 -2 -1.2 -0.9 -0.7 -0.5 -0.4 -0.3 0 0.2 0.4 -0.1 -2 -2 -2 -1.2 -0.3 0.5 1.3 1.2 0.7 -2 -0.3 0.1 -0.4 -1 -1.7 -2 -2 -2 -2 -2 -2 -2 -2 -2 -2 -2 -2 -2 -2 -2 -2 -2 -2 -2 -2 -2 -2 -2 -2 -2 -2 -2 -2 -2 -2 -2 -2 -2 -2 -2 -2 -2 -2 -2 -2 -2 -2 -2
21.8 21.1 17.4 12.7 8 3.9 3.8 3.8 3.8 3.8 3.8 3.8 3.8 3.8 3.8 8 6.9 6 2.7 1.8 0.9 0.1 -0.5 -0.3 -0.4 -0.6 -0.3 0.2 0.4 0.6 0.7 0.8 1 1.1 1.1 1.2 -0.4 -2 -1.8 -0.9 0 0.8 1.7 1.9 0.5 -2 1.1 0.8 0.2 -0.5 -1.2 -2 -2 -2 -2 -2 -2 -2 -2 -2 -2 -2 -2 -2 -2 -2 -2 -2 -2 -2 -2 -2 -2 -2 -2 -2 -2 -2 -2 -2 -2 -2 -2 -2 -2 -2 -2 -2 -2 -2 -2 -2 -2 -2
22.4 21.2 16.6 12 8 4.2 3.8 3.8 3.8 3.8 3.8 3.8 3.8 3.8 3.8 3.8 7.1 6.4 5.3 5.6 2.1 1.4 0.9 0.9 0.7 0.5 0.7 1.2 1.5 1.7 1.8 1.9 2 2.1 2 2 1.2 -2 -1.6 -0.7 0.2 1.1 2 3.5 2.9 -1.2 2 1.4 0.7 -0.1 -1 -2 -2 -2 -2 -2 -2 -2 -2 -2 -2 -2 -2 -2 -2 -2 -2 -2 -2 -2 -2 -2 -2 -2 -2 -2 -2 -2 -2 -2 -2 -2 -2 -2 -2 -2 -2 -2 -2 -2 -2 -2 -2 -2
23.4 21.3 16.8 12.3 8.2 4.2 3.8 3.8 3.8 3.8 3.8 3.8 3.8 3.8 3.8 3.8 3.8 6.4 7.5 6.3 4.4 3 2.2 2 1.8 1.6 1.7 2.1 5.6 5.4 8.6 9.6 9.4 6.5 2.5 2.5 7.2 -2 -2 0.1 0.9 1.7 2.3 5.4 5.2 4.9 3.6 1.9 1 0.2 -0.7 -2 -2 -2 -2 -2 -2 -2 -2 -2 -2 -2 -2 -2 -2 -2 -2 -2 -2 -2 -2 -2 -2 -2 -2 -2 -2 -2 -2 -2 -2 -2 -2 -2 -2 -2 -2 -2 -2 -2 -2 -2 -2 -2
24.1 22 18.4 12.8 8.9 4.9 3.8 3.8 3.8 3.8 3.8 3.8 3.8 3.8 3.8 3.8 3.8 3.8 9.1 11.4 7.2 5.8 5.3 4.4 4.7 4.9 4.2 11.1 15 12 13.3 13 12 11.1 10.6 9.1 5.4 3 2.3 1.4 1.9 2.3 6.2 6.4 6.4 6.3 6.3 2.2 1.3 0.5 -0.4 -1.1 -2 -2 -2 -2 -2 -2 -2 -2 -2 -2 -2 -2 -2 -2 -2 -2 -2 -2 -2 -2 -2 -2 -2 -2 -2 -2 -2 -2 -2 -2 -2 -2 -2 -2 -2 -2 -2 -2 -2 -2 -2 -2
24.5 22.5 19.2 13.6 9.3 4.2 3.8 3.8 3.8 3.8 3.8 3.8 3.8 3.8 3.8 3.8 3.8 4 5.6 9.5 10.2 9.2 8 7 6.1 5.8 10.6 20.1 17.2 15.7 15.7 19.8 16.8 13.4 12.2 5.8 3.4 5.5 4.6 3.2 4.5 5.1 6.6 5.9 6.2 6 5.8 3.9 1.6 0.8 0.1 -0.8 -1.7 -2 -2 -2 -2 -2 -2 -2 -2 -2 -2 -2 -2 -2 -2 -2 -2 -2 -2 -2 -2 -2 -2 -2 -2 -2 -2 -2 -2 -2 -2 -2 -2 -2 -2 -2 -2 -2 -2 -2 -2 -2
24.6 22.7 18.4 14.1 9.8 5.3 3.8 3.8 3.8 3.8 3.8 3.8 3.8 3.8 3.8 3.8 3.8 5.6 7.4 8.6 11.8 13.4 13.6 13.5 10.7 12.5 19.9 22 21.2 19.3 19.2 19 17.9 12.2 13.6 12.6 6.2 6.8 5.8 4.4 5.8 6.2 6.6 6.2 6 5.6 5.3 3.9 1.9 1 0.2 -0.7 -1.6 -2 -2 -2 -2 -2 -2 -2 -2 -2 -2 -2 -2 -2 -2 -2 -2 -2 -2 -2 -2 -2 -2 -2 -2 -2 -2 -2 -2 -2 -2 -2 -2 -2 -2 -2 -2 -2 -2 -2 -2 -2
24.8 22.9 18.9 14.6 10.3 6.2 3.8 3.8 3.8 3.8 3.8 3.8 3.8 3.8 3.8 3.8 5.4 7.2 8.7 10 10.9 13.2 14 15.4 17.1 20.3 19.3 17.4 23.1 21.2 14.7 4.3 1 -2.2 6.1 11.2 11.4 7.2 7.3 6 5.6 5.5 6.8 6.1 5.9 5.5 5.1 5.1 2.1 1.2 0.3 -0.6 -1.5 -2 -2 -2 -2 -2 -2 -2 -2 -2 -2 -2 -2 -2 -2 -2 -2 -2 -2 -2 -2 -2 -2 -2 -2 -2 -2 -2 -2 -2 -2 -2 -2 -2 -2 -2 -2 -2 -2 -2 -2 -2
25.1 23.2 19.7 15.7 11.4 8.8 4.6 3.8 3.8 3.8 3.8 3.8 3.8 3.8 3.8 6.3 7.8 9.1 10.3 11.5 12.4 14 16.1 18.4 27.4 25.9 25.5 24.4 24.5 16.1 10.3 -4 -3 2.8 2.3 2.3 9.7 11.6 9.8 7.5 7.3 7.8 7.7 6.7 6 5.7 5.3 5 2.3 1.4 0.5 -0.5 -1.4 -2 -2 -2 -2 -2 -2 -2 -2 -2 -2 -2 -2 -2 -2 -2 -2 -2 -2 -2 -2 -2 -2 -2 -2 -2 -2 -2 -2 -2 -2 -2 -2 -2 -2 -2 -2 -2 -2 -2 -2 -2
26.4 23.5 20.3 16.3 12.5 9.7 6 3.8 3.8 3.8 3.8 3.8 3.8 3.8 5.6 8.4 9.7 11.7 13.4 14 15 16.6 18.5 27.8 27.6 27.2 27.4 24.4 15.9 16.2 -5.3 -21.3 -6 -1.7 -1.8 -0.8 6.7 13.5 14.4 11.2 9.8 10.8 9.7 8.1 7.1 5.9 5.5 5.2 3.6 1.7 0.8 -0.1 -0.9 -1.6 -2 -2 -2 -2 -2 -2 -2 -2 -2 -2 -2 -2 -2 -2 -2 -2 -2 -2 -2 -2 -2 -2 -2 -2 -2 -2 -2 -2 -2 -2 -2 -2 -2 -2 -2 -2 -2 -2 -2 -2
27.8 24.4 20.8 16.4 13.6 11.5 6.8 3.8 3.8 3.8 3.8 3.8 3.8 5 8 9.9 11.8 14.4 17 17.9 17.8 18.4 27.4 27.9 28.3 27.9 23 17.7 16.9 0.6 -19.9 -8.1 -3.8 -4.6 5.4 4.2 9.5 14 13 11.8 11.3 11.4 11.3 10.7 7.1 6.2 5.6 5.3 5 2 1.1 0.3 -0.4 -1.1 -1.9 -2 -2 -2 -2 -2 -2 -2 -2 -2 -2 -2 -2 -2 -2 -2 -2 -2 -2 -2 -2 -2 -2 -2 -2 -2 -2 -2 -2 -2 -2 -2 -2 -2 -2 -2 -2 -2 -2 -2
27.9 25.4 20.9 17 14.9 13.3 10.7 7.3 6.5 6.3 7.7 7.3 8.1 8 9.9 11.8 14.8 17.1 21.1 21.7 18.7 28.4 26.9 20.9 20.9 20.4 20.1 18.6 3.5 -17 -8.4 -4.5 -5.1 -5.5 4.6 7.6 14.7 13.5 13.4 13.7 11.5 11 11 10.4 10.4 7.9 5.7 5.2 4.8 3 1.6 0.8 0.1 -0.6 -1.4 -2 -2 -2 -2 -2 -2 -2 -2 -2 -2 -2 -2 -2 -2 -2 -2 -2 -2 -2 -2 -2 -2 -2 -2 -2 -2 -2 -2 -2 -2 -2 -2 -2 -2 -2 -2 -2 -2 -2
27.8 24.2 20.5 17.3 16.5 15.3 14.7 14 13.2 12.4 12.1 12.2 11.8 11.1 12.8 13.6 16.4 20.2 23.1 22.9 22.7 23.3 22.3 14.9 8.1 5.6 1.5 -0.8 -9.2 -21.2 -1.8 -3.6 -4.6 6.1 7.5 16.7 15.4 14.4 16.3 13.7 12.7 11.8 10.9 11.5 12 9.4 6.7 5.3 5 3.4 1.7 0.9 0.2 -0.5 -1.1 -1.9 -2 -2 -2 -2 -2 -2 -2 -2 -2 -2 -2 -2 -2 -2 -2 -2 -2 -2 -2 -2 -2 -2 -2 -2 -2 -2 -2 -2 -2 -2 -2 -2 -2 -2 -2 -2 -2 -2
28.9 25.5 21.9 19.1 18.5 17.9 17.5 17.3 16.6 15.8 15.3 15.3 15.1 14.8 15.4 15.5 20.9 22.6 22.8 20.6 23.1 21 18.4 15.8 14.4 14.2 12.8 -5.3 -6.2 -5.5 -1.6 1.8 2.2 9 14.1 19.2 17.8 14.9 13.9 13.4 12.6 11.9 11 13 11.6 10.8 7.7 5.8 5.4 3.2 1.8 1.1 0.5 -0.2 -0.9 -1.6 -2 -2 -2 -2 -2 -2 -2 -2 -2 -2 -2 -2 -2 -2 -2 -2 -2 -2 -2 -2 -2 -2 -2 -2 -2 -2 -2 -2 -2 -2 -2 -2 -2 -2 -2 -2 -2 -2
29.5 27.1 23.9 21.6 21.1 20.5 20.3 20.5 19.9 19.3 18.7 18.4 18 17.7 18 21.9 23.2 25 23 21.1 16.6 23.4 23.2 17.1 15.1 13.5 -6.2 -6.6 -5.1 -5.7 -1.4 -0.3 12.5 14.1 19.2 19 22 16.4 15.3 14.4 13.4 12.4 11.5 11.3 11.3 11.4 9.1 6.8 6.6 6.7 2.1 1.4 0.7 0 -0.7 -1.4 -2 -2 -2 -2 -2 -2 -2 -2 -2 -2 -2 -2 -2 -2 -2 -2 -2 -2 -2 -2 -2 -2 -2 -2 -2 -2 -2 -2 -2 -2 -2 -2 -2 -2 -2 -2 -2 -2
31.1 31 28.8 26.3 25.1 24.4 23.9 23.6 23.3 23.3 23.4 22.3 21.3 22.3 26.3 26.5 25.7 26.4 25 26.3 20.7 24.3 22.4 12.4 10.9 10 -9.2 -18.1 -2.8 1.3 0.8 13.3 20.2 20.2 20.3 18.9 17.9 17 16.1 15 14.4 13.4 12.5 11.6 11.3 11.3 10.8 8.5 7.3 6 4.2 1.7 1 0.2 -0.6 -1.4 -2 -2 -2 -2 -2 -2 -2 -2 -2 -2 -2 -2 -2 -2 -2 -2 -2 -2 -2 -2 -2 -2 -2 -2 -2 -2 -2 -2 -2 -2 -2 -2 -2 -2 -2 -2 -2 -2
38.7 37.5 34.9 29.5 28.2 27.7 28.1 27.8 28.4 29.6 32 30.6 28 29 29 28.8 27.7 27.2 26.6 25.7 25.3 24.8 16.4 1.7 -3.5 -8 -11.9 -0.5 3.1 2.6 13.5 20.4 19.8 19.2 19.3 19.2 18.2 17.5 16.7 15.7 15.5 14.4 14 13 11.7 11.3 10.9 10.1 7.6 6.2 4.2 2 1.3 0.4 -0.3 -1.1 -2 -2 -2 -2 -2 -2 -2 -2 -2 -2 -2 -2 -2 -2 -2 -2 -2 -2 -2 -2 -2 -2 -2 -2 -2 -2 -2 -2 -2 -2 -2 -2 -2 -2 -2 -2 -2 -2
40 38.8 37.3 34.1 29.5 30.9 32.8 30.2 32.5 32.9 32.6 32.8 31.4 31.3 31.1 31.1 30.3 29.3 28.3 26.2 28.1 25.9 -2.7 -6 -8.4 -8.2 3.5 8.1 12.1 14 20.4 19.8 18.4 18.2 17.8 18.2 18.5 18.7 17.6 16.5 16.8 17.6 16 13.3 12.8 12.1 11.6 11.2 8.4 6.8 5.7 5.1 1.7 0.9 0.2 -0.4 -0.9 -1.4 -2 -2 -2 -2 -2 -2 -2 -2 -2 -2 -2 -2 -2 -2 -2 -2 -2 -2 -2 -2 -2 -2 -2 -2 -2 -2 -2 -2 -2 -2 -2 -2 -2 -2 -2 -2
39.7 39.2 37.5 33.7 30.7 33.2 33.5 33.6 34 34 33.8 30.7 32.1 31.3 32.1 33 32.4 31.4 29.8 28.9 29.7 26.1 3.9 -0.4 -7.9 -3.7 6.4 22 20.9 23 20 18.5 18.7 18.5 17.6 17.8 18 18.2 18.4 18.3 17.6 17.5 15.6 14.3 13.6 12.9 12.4 12 11.1 7.7 6.3 6.4 2.1 1.4 0.8 0.3 -0.3 -0.8 -1.4 -2 -2 -2 -2 -2 -2 -2 -2 -2 -2 -2 -2 -2 -2 -2 -2 -2 -2 -2 -2 -2 -2 -2 -2 -2 -2 -2 -2 -2 -2 -2 -2 -2 -2 -2
35 34.8 34 31.4 32.2 34.9 34.8 34.6 34.8 34.9 34.4 34.2 33.6 33.3 30.8 30.7 30.7 31.1 29.2 30.3 30.2 21.2 3.6 1.7 -0.3 7.7 21.8 23.4 22.2 22.1 22.1 18.7 19.3 19.6 17.8 17.2 17.5 18.3 19.4 20.1 19.7 17.8 15.9 15.9 14.4 13.7 13.2 12.4 11.9 10 7.3 6.2 5.9 2.1 1.5 0.9 0.4 -0.2 -0.8 -1.4 -2 -2 -2 -2 -2 -2 -2 -2 -2 -2 -2 -2 -2 -2 -2 -2 -2 -2 -2 -2 -2 -2 -2 -2 -2 -2 -2 -2 -2 -2 -2 -2 -2 -2
34.4 33.1 32.1 31.4 33.6 36.4 36.3 36.1 35.8 35.9 35.4 34.7 34.8 33.1 32 30.6 30.4 30.1 30.2 30.3 30.4 31.2 19 12.4 11.2 20.1 23.8 27 25.2 22.8 21.8 21 21.1 21.3 19.9 19.3 18.5 18.5 19.6 20.7 21.7 19.7 17.8 16.3 16 14.8 13.9 13.6 13.2 12.6 9.5 7.7 6.5 6.1 2 1.5 1 0.4 -0.1 -1.3 -2 -2 -2 -2 -2 -2 -2 -2 -2 -2 -2 -2 -2 -2 -2 -2 -2 -2 -2 -2 -2 -2 -2 -2 -2 -2 -2 -2 -2 -2 -2 -2 -2 -2
37.7 33.8 33.1 32.1 34.8 37.6 37.2 36.7 36 35.5 35.6 34 32.6 32.8 32.5 31.4 30.8 29.2 31 29.5 30.1 31.4 31.6 27.6 17 25 24.8 29.3 31.9 24.7 23 22.6 23.7 23.4 22.9 22.2 20.8 20.3 19.2 19.3 19.9 21.5 19.7 18.1 17.1 16.9 16.3 16.6 16.7 15.2 14.1 10 8.1 7.5 5.3 2.1 1.6 1.1 0.3 -1.3 -2 -2 -2 -1.8 -2 -2 -2 -2 -2 -2 -2 -2 -2 -2 -2 -2 -2 -2 -2 -2 -2 -2 -2 -2 -2 -2 -2 -2 -2 -2 -2 -2 -2 -2
45.2 39.2 34.1 33.8 35.9 37.8 37.7 37.5 37 36.7 37 33.1 32.3 32.5 33.2 31 21.3 14.8 12.3 31.1 31.4 32.6 30.4 30.5 30.5 26.3 29.3 27.6 25.1 25.2 23.4 24.2 25.1 25.8 25.8 24.7 23.1 22.1 21.5 21.1 21.8 21.8 21.4 20.3 18.8 19.2 20.2 20.8 20.4 17.8 17.6 18.2 12.5 8.3 7 6.3 2.3 1.8 0.3 -0.4 -2 -1.9 -1.2 -0.4 -0.8 -1.4 -2 -2 -2 -2 -2 -2 -2 -2 -2 -2 -2 -2 -2 -2 -2 -2 -2 -2 -2 -2 -2 -2 -2 -2 -2 -2 -2 -2
43.2 46.1 40.8 35.8 38.8 39.5 38.9 38.4 38.1 38 37.8 36.3 36.2 32.9 33 33 21.1 15.6 13.4 16.7 10.9 19.9 31.1 31.1 30.8 30.3 29.4 27.5 26.1 24.6 24.1 24.9 26.3 27 26.6 26.1 25.4 24.1 24.2 24.4 24.2 23.2 22.7 22 21.3 21.7 22.3 22 20.6 20.3 20.2 17.7 14.1 11.6 8.9 6.8 5.4 3.9 3 3.4 1.3 -0.1 0.2 0.6 0 -0.6 -2 -2 -2 -2 -2 -2 -2 -2 -2 -2 -2 -2 -2 -2 -2 -2 -2 -2 -2 -2 -2 -2 -2 -2 -2 -2 -2 -2
45.1 45.8 47 43.7 42.8 41.4 40.1 39.4 38.9 39 39.4 36.4 36.6 36.6 33 34.8 44.8 42.2 36 30.8 15.9 11.2 13.3 9.9 31.2 31 28 25.8 26 24.7 25.4 25.6 26.6 26.8 26 25.6 25.3 25.5 26.1 26.8 25.9 24.4 23.4 23 22.5 21.9 21.8 21.8 20.4 19.8 19.4 16.5 14.3 12.4 11.9 9.6 7.9 6.1 5.1 5.8 5.2 2.8 1.6 1.4 0.8 -0.1 -0.8 -1.4 -2 -2 -2 -2 -2 -2 -2 -2 -2 -2 -2 -2 -2 -2 -2 -2 -2 -2 -2 -2 -2 -2 -2 -2 -2 -2
47.2 48 47.7 47.7 45.5 43.6 42.4 41.2 40 40 41.1 44.9 44.3 40.7 40.7 37.6 41 44.2 48 45.6 43.3 37.8 25.8 9.6 7.9 17.3 27.7 31.1 25.7 25.2 26.7 26.5 26.3 26.8 26.2 26 26.4 26.9 27.6 27.6 27.2 25.7 24.1 23.7 23.1 22.4 21.9 21.9 22 21.7 19.7 19.5 16.2 15.2 14.5 13.5 10.4 8.1 7.1 6.5 6.4 6 3.7 2.2 1.4 0.6 0 -0.8 -2 -2 -2 -2 -2 -2 -2 -2 -2 -2 -2 -2 -2 -2 -2 -2 -2 -2 -2 -2 -2 -2 -2 -2 -2 -2
50.3 49.8 49 48 47.7 48 45.6 43.7 42.9 42.9 43 41.8 41.9 41.4 42 43.3 41.2 47.4 49 51.8 50.7 39.8 24.5 23.6 22.3 17 6.8 19.8 26.7 31 28 27.7 27.3 27.1 27.3 27.5 27.9 28.4 28.7 28.4 28.1 27 25.3 24.3 23.7 23 22.4 22 21.8 21.6 21.5 20.9 18.7 18 17.4 16.5 14.7 12.4 9.2 8.1 7.8 7.5 6.5 4.3 2.1 1.4 0.6 -0.2 -1 -2 -2 -2 -2 -2 -2 -2 -2 -2 -2 -2 -2 -2 -2 -2 -2 -2 -2 -2 -2 -2 -2 -2 -2 -2
54.3 53.4 52.6 52.3 51.8 49.7 50.5 46.8 45.8 45.3 45.7 43.8 45 48.7 44.3 46.7 49.3 50.9 52 51.5 42.5 31.5 25.1 24.4 23.3 21.9 19.6 9.6 6.9 20.7 27.9 31 28.8 29.3 29.3 29.2 29.4 29.8 29.5 29.1 28.6 28.1 27 25.8 25 24.3 23.5 22.9 22.5 21.3 21 20.8 19.6 19.2 19.1 18.9 17.9 16.3 15.1 9.9 9.3 8.5 8 6.9 4.7 2.1 1.3 0.6 -0.8 -2 -2 -2 -2 -2 -1.7 -1.4 -1.1 -1.1 -1.4 -1.9 -2 -2 -2 -2 -2 -2 -2 -2 -2 -2 -2 -2 -2 -2
61.7 60.6 59.3 57.1 58.4 57.1 53.8 51.7 50 49.3 48.4 46.9 46.2 47.9 47.8 50.9 53.6 53.4 53.7 48.5 41.5 26.4 25.7 25.1 23.8 22.9 22.3 21 17.6 8.4 8.7 16.4 30 31 31 30.8 30.8 30.7 30 29.6 29.2 28.8 27.2 26.4 26.2 25.4 24.7 24.1 24 23.5 23.3 22.5 21.9 21.7 21.4 21.2 21 20.3 18.7 17.7 10.7 8.6 8.4 7.4 4.6 4.9 2.1 0.8 -0.3 -1.8 -2 -1.9 -2 -1.3 -1 -0.7 -0.5 -0.5 -0.8 -1.3 -2 -2 -2 -2 -2 -2 -2 -2 -2 -2 -2 -2 -2 -2
68.9 72 67.7 64 67.7 66.9 59 55.1 52.6 51.7 50.8 50.1 47.6 49.3 49.6 51.9 54.9 54.8 54.5 51.3 35.6 27.8 26.6 25.7 25 24.5 23.6 23.2 22.8 22.2 15.8 12.9 14.6 24.6 31.9 32 32 31.4 30.8 30.3 29.8 29.1 27.6 27 27.1 26.6 25.9 25.3 25 24.7 24.7 25 24.5 24.2 23.5 23.4 23 21.9 20.9 19.8 20.2 12.7 8.9 7.5 7.8 7.1 6.1 3.1 1.7 0.4 -0.2 -0.3 -0.3 -0.5 -0.2 0.1 0.2 0.2 -0.3 -0.7 -1.1 -1.5 -2 -2 -2 -2 -2 -2 -2 -2 -2 -2 -2 -2
71.7 77.7 75.5 71.4 73.4 72.9 64 59.7 58.9 54 52.9 51.6 50.3 52.1 52 54.2 57.9 56.1 57.1 46.2 31.2 29.3 28.2 27.2 26.6 26.1 25.5 25 24.2 23.7 22.6 21.1 17.7 15.9 14 26.7 32 32.1 31.6 31.1 30.5 29.3 28.2 27.4 27.1 27.4 26.7 26 25.3 24.8 24.4 24.9 25.6 25.8 25.4 24.9 24.3 23.4 22.6 21.9 21.2 20.9 18.7 10.1 9.6 7.8 6.4 5.9 4.8 -2 1.9 1.2 0.9 0.6 0.5 0.8 0.9 0.7 0.3 0 -0.3 -0.8 -1.8 -2 -2 -2 -2 -2 -2 -2 -2 -2 -2 -2
73.2 80.6 80.9 77.5 75.1 72.8 68.2 65.8 64.3 61.4 55.9 54.7 51.9 54.4 56.2 62.4 61.5 57.5 56.8 40.4 33.5 31.3 29.8 28.9 28.3 27.7 27.2 26.4 25.5 25.2 24.8 23.9 23 20.6 17.5 14.5 11.9 27.6 32.6 32 30.9 29 27.9 27.2 27.7 26.8 27.1 26.5 25.6 25.1 24.5 24.6 25.2 25.8 25.4 24.9 24.8 24.9 24.7 24 22.9 22.1 21.6 21.2 13.5 8.5 7.2 6 -2 3.6 5 2.8 2 1.7 1.5 1.5 1.6 1.3 1 0.9 0.5 -0.5 -1.6 -2 -2 -2 -2 -2 -2 -2 -2 -2 -2 -2
76 80.4 82.8 81.4 78.8 76.6 72.6 70.2 67.6 63.5 60.6 57.4 56 57.2 59.3 66.5 64.9 58.4 50.6 37.8 36 33.8 31.5 30.6 30 29.3 28.6 27.7 26.8 26.6 27.1 26.5 26.1 25.2 24.4 20.3 7.7 7.7 15 27.7 30.1 28.3 28.6 27.6 29.1 28.9 28.1 27.2 26 25.4 24.9 25.4 25.4 25.4 25.3 25.2 25.1 25.2 25.2 25.4 25.4 24.8 24.2 23.1 22.1 18.7 10.1 8.2 -2 5.6 5.6 5.1 4.7 4.4 3.5 2.3 2.2 2 1.9 1.7 0.7 -0.3 -1.3 -2 -2 -2 -2 -2 -2 -2 -2 -2 -2 -2
