data/370000-200000.asc
ncols 200
nrows 200
xllcorner 370000
yllcorner 200000
cellsize 50
[rows 80 to 119 of 200, columns 90 to 179 of 200]
11.4 11.4 11.4 11.4 11.9 12.2 12.5 12.7 13 13.4 14.3 14.8 14.8 14.6 14.4 14 13.2 12.4 12.8 13.9 14.9 15.2 15.7 16.1 16.9 17.8 18.8 20.8 23 25.4 27.1 28.6 30.4 31.7 32.3 33.7 34.1 34.7 35.4 35.6 35.7 35.5 35 34.2 33.1 32 30.4 29 27.8 26.5 25.3 24.7 21.5 16.4 26.6 27 27.2 26.6 25.6 24.1 22.3 17.9 15.8 13.7 13.2 12.9 13 13.4 13.6 13.5 13.4 13.3 13.4 15.7 17.7 19.5 20.2 20.7 21.5 22.5 23.1 23.8 24.5 24.6 24.5 24.1 21.8 20.7 24.3 26
10.4 10.4 10.4 10.5 10.7 11.5 12 12.5 12.9 13.3 14.3 14.6 14.9 14.6 14.3 14 13.3 12.5 11.7 12.9 14.1 14.6 15.3 15.9 16.4 17.7 19.3 21 23.6 25.5 27.1 28.7 29.7 30.8 31.2 32.3 33.5 34.3 35 35.2 35.3 35.2 35 34 32.9 32.2 30.8 29.4 28.2 27 25.8 25.4 17.4 22.3 27.2 28.4 28.2 27.9 26.9 25.8 24.4 20.7 16.8 14.5 12.8 12.9 13.1 13.4 13.6 13.7 13.6 13.3 13.9 15.1 16.4 17.9 19.6 21 21.9 22.8 23.3 23.9 24.3 24.8 24.8 24.9 24.4 21.7 21.1 22.7
9.7 9.8 9.9 10 10.1 10.6 11.2 11.8 12.3 13.3 13.9 14.1 14.7 15.1 14.8 14.5 12.7 11.9 11.4 12.2 13.2 13.7 14.3 14.9 16.6 18.2 19.4 22.1 23.8 25.3 26.9 27.8 28.7 29.8 30.9 31.8 32.5 33.7 34 34.3 34.4 34.3 34.1 33.4 32.3 31.8 30.9 29.7 28.4 27.2 27 19.1 18 26.7 27.7 29.2 29.7 29.1 28.1 27 25.8 23.3 20.6 16.1 14 13.3 13.2 13.4 13.6 13.8 13.7 13.6 13.9 14.4 15.5 16 17.4 19.7 21.4 22.9 23.4 23.9 24.6 25 25.1 25 24.9 24.8 23.2 22
9.1 9.2 9.3 9.4 9.5 9.9 10.6 11.4 11.9 13 13.4 13.8 14.5 15.1 15.3 14.7 12.7 11.3 11.2 11.6 12.3 12.8 13.7 15.4 17.1 18.4 19.7 22.5 24 25.4 26.3 27.1 27.8 29 29.9 30.2 30.9 32.8 33.1 33.3 33.6 33.4 33 32.6 31.6 31.2 30.6 29.3 28 26.9 25.5 17.4 24.9 27.5 28.3 29.5 30.9 30.3 29.3 28.2 27 25 23.1 20.8 16.4 14.7 13.5 13.6 13.6 13.7 13.8 13.5 13.9 14.3 15.1 15.6 16.1 17.1 19.4 21.4 22.8 23.7 24.3 24.9 25.4 25.4 25.3 24.1 25.9 26
8.5 8.6 8.7 8.9 9.1 9.4 10.1 10.9 11.6 12.8 12.9 13.5 14.2 14.9 15.5 15 12.6 11.5 10.9 11.1 12 12.6 14.1 15.2 16.6 17.6 20.1 21.9 23.8 24.6 25.4 26.3 27.1 27.3 28.2 29.1 29.9 30.7 31.5 32.1 32.6 32.4 32 31.6 31 30.2 29.7 29 27.7 27.2 18.1 20.4 27.5 28.1 29 30.3 31.5 31.4 30.5 29.2 28 27 26.1 24 18.9 15.1 14.2 14 14.1 14.1 14 14 14 14.2 15.2 15.8 15.7 16.2 17.6 20 22.6 23.4 24 24.7 25.4 25.4 25.5 25.6 25.8 25.4
8.3 8.4 8.6 8.8 9.1 9.3 9.9 10.5 11.2 12.3 12.7 13.3 14 14.7 15.2 14.2 11.6 11 10.8 10.9 12.2 12.6 13.5 14.4 15.3 16.7 17.9 20.5 23.2 23.8 24.2 25 25.9 26.3 27.2 28 29 29.9 30.5 31 31.4 31.3 31 30.6 29.7 29 28.6 28.2 27.6 23.8 18 27 28.1 28.6 29.8 30.8 31.6 31.6 31.4 29.9 28.8 27.9 27 26 22.3 17.2 14.8 14.5 14.6 14.4 14.1 14.2 14.4 14.3 15 15.2 15 15.8 16.5 18 20.8 23 23.7 24.5 25.4 25.6 25.7 25.7 26 26.3
8.2 8.3 8.6 8.8 9.1 9.3 9.7 10.4 11.2 11.9 12.5 13.1 13.8 14 13.4 12.4 10.7 10.5 10.7 10.5 11.3 12 12.9 13.9 14.9 16 19.1 21.1 22.6 22.8 23.2 23.8 24.5 25.5 26.4 27.4 28.3 29.1 29.5 30.1 30.2 30.1 29.9 29.6 28.8 28.1 27.7 27.6 27.2 18.2 22 27.7 28.4 29.2 30 30.8 31.6 31.5 31.5 30.7 29.7 28.8 27.6 26.7 25.2 21.4 16.4 14.9 14.7 14.4 14 13.8 13.9 14.3 14.3 14.3 14.4 14.8 15.4 16.9 19 22.2 23.5 24.4 25 25.6 25.7 25.7 26.1 26.4
8.1 8.3 8.6 8.8 9.1 9.3 9.5 10.3 11.1 11.7 12.3 12.9 13.4 13.1 12.5 11.5 9.9 10 10.9 10.7 11.4 11.4 12.5 13.4 14.4 16.5 19.5 21.2 21.6 21.7 22 23.6 24 25.1 25.8 26.7 27.7 28.2 28.6 29 28.9 28.8 28.7 27.9 27.7 27.3 27.1 27.2 24.2 18.2 26.5 27.4 28.1 29.3 30 30.8 31.6 31.5 31.5 31.4 30.3 29.2 28.2 27.4 26.6 25.6 20.4 15.9 14.6 14.4 14.2 13.7 14.1 14.4 14.3 14.3 14.5 14.8 15 15 17.5 21 23.2 24.1 24.6 25.4 25.7 25.7 26.1 26.5
8.2 8.2 8.5 8.7 9 9.2 9.5 9.7 10.4 11.3 11.9 12.5 12.9 12.9 12.4 11.9 10.1 10.1 11.3 11.5 11.6 10.9 12.2 13 14.3 16.6 19.1 20.7 21.2 21.2 21.8 23.1 23.7 24.6 25.8 26.2 26.9 27.3 27.7 27.8 27.6 27.6 27.5 27.3 26.4 26.2 25.2 25 18.2 22 26.6 27.3 28.2 29.5 30.2 30.9 31.5 31.6 31.5 31.3 30.8 29.7 28.8 28.1 27.7 26.8 25.5 20.9 16 15.4 15 14.2 14.3 14.4 14.4 14.4 14.6 15 15.2 15.2 15.5 18.3 21.6 23.3 24.1 24.9 25.7 25.7 26.1 26.5
8.4 8.3 8.4 8.6 8.9 9.1 9.1 9.3 9.7 10.7 11.5 12 12.4 12.5 12.4 11.8 9.7 11.1 11.8 12 12.2 11.8 12.6 13.4 14.6 16.2 18.5 20 20.6 20.9 21.6 22.5 23.3 24.1 25 25.4 25.7 25.9 26.4 26.6 26.6 26.5 26.4 26.3 25.8 25.2 24.3 23.7 18.3 24.3 26.3 28 28.5 29.6 30.3 30.7 30.8 30.9 31 30.7 30.3 29.5 28.8 28.9 28.5 27.6 27.8 25.6 20.4 16.5 15.5 14.6 14.6 14.4 14.4 14.5 14.7 14.9 15.4 15.5 15.2 16.6 18 20.4 22.7 24.4 25.2 25.7 26.1 26.5
8.6 8.5 8.4 8.5 8.8 9 8.7 8.9 9.3 9.9 11.1 11.2 11.1 10.7 10 10.1 11.4 12.3 12.4 12.5 12.7 12.9 13.6 14.4 15.3 16.4 18.1 19.3 19.9 20.5 20.6 21.6 22.6 23.5 23.9 24.4 24.4 24.3 24.7 25.5 25.5 25.4 25.3 25.2 25.1 24.3 23.5 18.4 20.8 23.9 25 27.1 28.2 29.3 29.9 30 30.1 30.3 30.4 29.9 29.2 29.2 29.3 29.5 29.3 29.2 29.2 27.1 22.9 19.1 15.9 15 14.5 14.4 14.5 14.7 14.8 14.9 15.4 15.6 15.3 16.1 17.3 17.9 19.1 20.8 23 24.4 26.1 26.5
8.8 8.7 8.6 8.5 8.7 8.7 8.3 8.6 8.8 9 9.8 9.9 9.6 9.5 10.7 12.1 12.8 12.9 13.1 13.2 13.3 14.1 14.7 15.5 16.4 17 17.7 17.6 18.7 19.8 19.8 20.3 21.3 22.4 22.8 23.2 23.2 23.1 23.3 23.9 24.4 24.3 24.2 24.1 24 23.6 22.4 18.3 23 23.7 24.5 25.6 27.1 28.5 29.6 29.6 29.7 29.6 29.3 29 29.4 29.5 29.7 29.8 30 30.6 30 28.7 26 21.9 18 15.7 14.6 14.5 14.6 14.8 14.9 15 15.3 15.6 15.8 16.1 16.5 17.1 17.5 18.7 19.1 20.9 23.2 25.2
8.6 8.7 8.7 8.7 8.6 8.1 8.1 8.3 8.5 8.6 8.8 9 9.4 9.7 11.2 12.4 13.1 13.3 13.5 13.7 13.8 15 15.9 16.7 17.3 17.6 17.1 17.5 18.6 19 19.2 19.4 20 21.1 21.6 21.9 21.9 21.8 22.1 22.5 23.1 23.2 23.1 23 22.9 22.8 20 19.2 22.3 23.2 24 24.8 26 27.7 28.3 29.6 29.4 29.2 28.7 28.2 28.7 29.4 29.8 30 30.3 31.4 31.6 30.2 29.2 27.2 23 17.1 15.5 14.9 15 15.1 15.2 15.2 15.2 15.4 15.7 15.9 16.1 16.5 16.9 17.4 17.9 18.6 19.7 21.8
8.5 8.6 8.7 8.8 6.9 8 8.2 8.3 8.4 8.5 8.6 8.8 9.1 9.5 11.3 12.7 13.4 13.8 13.9 14 14 15.1 15.6 16.5 17.4 17.1 16.6 16.9 18.2 18.3 18.5 18.8 19 19.7 20.5 20.7 20.6 20.9 21.2 21.5 21.8 22.1 22 21.7 21.5 21.4 18.1 21.4 21.7 22.5 23.4 24.2 25 26.2 27.4 28.6 29.2 29.7 29 28.1 28 28.7 29.3 29.9 31.2 32.8 33 31.7 30.7 29.4 27.6 23.9 17.3 15.5 15.4 15.5 15.6 15.3 15.3 15.3 15.5 15.8 16 15.9 16.3 16.5 16.7 17 17.3 18.3
8.3 8.4 8.5 8.6 7.5 8.1 8.1 8.1 8.2 8.3 8.4 8.6 8.9 9.4 11.1 12.6 13.4 14 14.1 14.2 14.3 15.1 15.7 16.2 17 16.6 16.1 16.5 17.3 17.6 17.9 18.1 18.4 18.6 19.3 19.4 19.7 20 20.3 20.1 20.3 21.2 21.1 20.6 20.6 20.7 17.9 20.4 21.1 21.7 22.6 23.4 24 24.9 26.5 28.6 30 29.7 29.2 28.5 27.9 28 28.8 29.7 31.1 33.5 34.5 33.2 32 30.9 29.8 28.3 24.2 18.2 15.5 15.8 15.3 15.4 15.4 15.5 15.5 15.6 15.9 15.8 16.1 16.4 16.7 17 17.3 16.7
8.2 8.3 8.3 8.4 8.3 8.1 8.1 8.1 8.1 8.2 8.2 8.4 8.7 9.2 10.9 12.3 12.9 13.6 14.1 14.5 14.6 15.2 15.7 16.2 16.7 16.3 15.6 16.1 16.8 17 17.2 17.5 17.7 18 18.2 18.3 18.5 18.8 19 18.8 19.3 20.2 20.4 19.7 19 17.8 19.4 19.9 20.3 21 21.8 22.5 23.1 24 25.5 27.8 30 30.8 29.6 28.7 28.1 27.4 28.6 29.6 30.6 33.2 35.6 34.6 33.5 32.3 31.2 30.1 28.1 22.9 18.5 16.5 15.4 15.5 15.5 15.6 15.6 15.6 15.7 16 16.2 16.4 16.7 17 17.2 17
8.1 8.1 8.2 8.2 8.3 8.2 8.2 8.2 8.1 8.1 8.1 8.2 8.5 9 10.7 12.1 12.3 13.1 13.6 14.1 14.6 14.8 14.9 15.2 15.4 15.4 15 15.8 16.1 16.3 16.5 16.8 17 17.1 17.2 17.2 17.4 17.5 17.7 17.4 17.8 18.4 19.1 18.8 18 17.7 19.2 19.8 20.1 20.3 21 21.7 22.4 23.3 24.7 26.9 29.2 31.8 31 28.9 27.8 26.6 27.8 29 30.2 32.3 34.8 35.4 34.5 33.5 32.4 31.3 30 27.8 24 18.8 16.4 15.6 15.6 15.7 15.8 15.9 15.8 15.9 16.1 16.4 16.7 16.9 17.2 17.4
8.2 8.1 8.1 8.2 8.2 8.3 8.3 8.3 8.2 8.2 8.2 8.1 8.3 8.6 10.4 11.5 11.8 12.7 13.2 13.7 14.1 14.5 14.6 14.7 14.9 14.4 14.6 15.5 15.5 15.6 15.9 16.1 16.1 15.9 16.3 16.1 16.2 16.4 16.7 16.9 17.2 17.7 18.1 17.8 17.8 17.7 17.8 18.5 19.1 19.8 20.3 20.8 21.6 22.7 23.8 26 28.5 31 32.3 30.2 27.3 25.8 26.9 28.2 29.2 30.1 32.8 34.3 34.8 33.8 32.8 32 31.6 29.9 28.4 25.6 20.3 17.5 16.2 16.3 16.2 16 15.9 15.9 16.1 16.4 16.7 16.9 17.1 17.3
8.3 8.2 8.1 8.2 8.2 8.3 8.4 8.4 8.3 8.3 8.2 8.2 8.6 9 10.4 11.4 11.5 12.2 12.7 13.2 13.6 14 14.3 14.5 14.6 13.8 14.2 15 14.9 15 15.2 15.2 14.8 14.7 15.3 15.2 15.1 15.2 16 16.6 16.7 17.1 17.5 16.2 17.9 17.5 17.7 18.3 18.9 19.5 20.2 20 20.9 21.9 23.6 25.3 27.1 29.9 31.2 30.4 27.8 25.2 26.1 27.3 28.2 29.1 30.5 31.8 32.3 32.5 32.1 31.9 31.9 32.1 30.9 29.4 26.3 20.5 17.7 17.2 16.2 16.1 16 16 16.2 16.4 16.6 16.9 17.1 17.3
8.5 8.3 8.1 8.2 8.2 8.2 8.4 8.5 8.4 8.2 8.1 8.2 8.8 9.5 10.4 11.9 12.2 12.4 12.4 13.2 13.3 13.5 13.9 14.2 14.1 13.3 13.8 14.5 14.4 14.4 14.2 13.8 13.6 13.8 14.4 14.2 14.1 14.1 15.2 16.1 16.3 16.5 16.1 15.2 17.8 17.2 17.6 18.2 18.8 19.2 19.5 20.1 20.1 21.3 22.6 23.8 25 27.5 29.9 29.7 27 24.8 25.5 26.7 27.9 28.4 28.9 29.5 29.7 30 30 30.8 32.3 34.2 33.6 31.4 29.6 25.4 20.9 19.4 18.6 17.5 16.6 16.3 16.3 16.4 16.6 16.8 17 17.2
8.6 8.5 8.3 8.2 8.2 8.2 8.3 9.2 9.2 8.2 9.1 8.9 9.7 9.4 10.5 11.8 12.4 12.7 12.8 13.1 13.3 13.5 13.7 13.9 13.4 12.9 13.2 13.6 13.5 13.2 12.8 12.4 12.4 12.8 13.6 13.6 13.5 13.4 14.3 14.9 15 15.3 14.6 17.6 16.6 16.9 17.3 17.7 18.1 18.4 18.6 18.9 19.2 20.1 21.3 22.5 23.6 24.5 26.8 26.9 25.6 25.6 25.9 26.5 26.9 27.2 27.1 27.1 27.1 27.4 28.2 29.9 32.4 35.8 35.6 33.8 32.2 29.4 25.5 21.9 19.8 18.9 17.8 17.3 17.1 17.1 17.1 16.9 17.1 17.3
10 9.6 9.5 9.3 8.3 8.3 9.9 9.7 9.5 9.5 9.7 9.9 10.4 9.4 10.5 11.3 11.9 12.3 12.5 12.6 13 13.3 13.6 13.6 12.1 11.6 12 11.5 11.6 11.7 12 11.7 11.9 12.4 13.3 13.3 13.2 13.2 13.5 13.5 13.7 13.9 13.6 17.7 15.1 16 16.5 16.9 17.3 17.5 17.7 17.6 18.2 19 20.1 21.2 22.2 22.7 23.3 24.6 23.6 23.9 24.9 25.8 26.4 26.1 25.9 25.9 26 26.2 26.9 28.8 31 34.8 37 36.3 34.4 32.4 29.4 25.3 21.4 19.8 19 18.5 18.2 18.7 18.8 17.2 17.3 17.3
10.5 10.5 10.5 10.5 10.3 10 9.5 9.4 9.4 9.6 9.8 10 10.3 9.4 10.1 10.9 11.4 11.9 11.5 11.3 11.8 12.1 12.3 12.1 11.1 11.3 11.4 11.7 11.9 11.8 11.6 11.6 11.8 12.3 13 12.9 12.9 12.9 13.6 13.7 14 14.2 17.7 14.6 14.3 15 15.7 16.1 16.4 16.6 16.8 16.7 17.1 17.8 18.7 19.7 20.6 21 21.3 22.1 22 22.9 23.9 24.9 25.6 25.2 25 25.1 25.2 25.4 25.7 27.8 30 33.1 37.1 37.6 36.9 35.1 33.2 29.1 25.2 21.8 20.3 19.8 19.5 20.1 19.7 17.8 17.5 17.1
10.4 10.4 10.4 10.3 10.1 9.7 9.4 9.4 9.4 9.5 9.8 10 10.2 10.3 9.2 10.1 10.1 10.3 9.9 10 10.6 10.8 12.2 11.9 11.4 11.4 11.7 12 12.2 12.1 12 12.1 12.3 12.5 12.7 12.7 12.7 12.9 13.7 14 14.3 14.4 17.8 14.6 15.1 15.1 15.1 15.2 15.4 15.6 15.9 16.6 16.9 17.8 17.3 18.1 18.9 19.2 19.6 20.2 21.1 22.1 23.1 24 24.8 24.6 24.4 24.3 24.7 24.9 24.9 25.9 27.2 29.9 34.2 38.2 38.3 38.1 35.8 32.7 29 25.3 22.9 21 20.9 21.4 20.6 19 18.7 18.3
10.2 10.2 10.2 10.1 9.8 9.5 9.4 9.4 9.3 9.5 9.7 10 10 9.9 9.8 9.8 9.5 9.7 9.7 10.3 9.7 10.5 12.1 11.5 11.2 11.7 12 12.3 12.5 12.4 12.5 12.7 12.8 12.9 13 12.9 12.4 13.1 13.9 14.2 14.5 16.8 15.4 14.6 14.8 14.8 15.1 15.5 15.8 15.9 16.3 16.6 16.6 16.8 17.2 17.3 17.6 18.3 19 19.7 20.7 21.6 22.5 23.2 23.6 24 24 23.5 24.3 24.5 24.3 25.2 26.3 29 32.5 37.1 38.9 39.1 38.2 34.9 31.3 27.1 24.9 23.1 21.9 22 21.4 20.1 20.3 19.5
10.1 10.1 10 9.8 9.5 9.5 9.4 9.4 9.3 9.4 9.7 9.8 9.7 9.5 9.5 9.8 10.6 10 10.4 10.6 10.8 11.3 12.5 11.7 11.6 12.1 12.3 12.5 12.8 12.8 13 13 13.1 13.1 13.4 13.7 13.2 13.4 14.3 14.4 14.6 17.6 15.1 15.4 15.6 15.5 15.2 15.6 16.2 16.5 17 16.7 16.5 16.6 17.4 17.7 17.3 18 18.6 19.2 20.1 20.9 21.6 22 22.4 22.8 23.2 23.5 23.7 23.4 23.9 24.9 26.1 28.6 32.5 36.4 39.4 39.6 38.5 35.5 32.7 28.6 26.3 24.2 22.6 22.8 21.8 21.3 21.5 21.8
9.9 9.9 9.9 9.6 9.5 9.4 9.4 9.4 9.3 9.4 9.6 9.5 9.4 9.5 9.6 9.6 10.4 10.2 10 10.2 11.1 12.4 12.1 12 12 12.5 12.7 13 13.1 13.2 13.2 13.3 13.3 13.4 13.8 14.4 14 13.9 14.6 15.2 15.8 17.5 15.7 16.1 16.3 16.2 15.8 15.6 16.2 16.8 17.2 17.2 17.3 17.4 17.7 18.1 17.2 17.4 17.7 17.9 19.3 20 20.4 20.8 21.3 21.7 22 22.5 22.7 23 23.7 24.7 26.1 28.6 32.5 36.3 39.8 39.7 38.7 36.1 33.2 29.8 27.6 25.5 23.9 24.3 24.6 23.6 22.6 24.8
9.9 9.7 9.6 9.5 9.5 9.4 9.4 9.3 9.3 9.4 9.3 9.4 9.5 9.6 9.6 9.7 10.2 10 10 10.3 11.6 11.7 11.1 11.3 11.7 12.6 13.3 13.4 13.4 13.4 13.5 13.5 13.6 13.7 14.2 14.7 14.7 14.8 14.8 15.5 17.3 15.8 16.8 16.6 16.6 16.8 16.5 16 16.2 17 17.6 18.1 18.2 18.3 18.5 18.4 17.8 17.8 18.1 17.8 18.6 19.2 19.7 20.2 20.8 21.2 21.4 21.8 22.3 23 23.4 24.3 25.8 29.1 33.4 37.5 39.8 40.6 39.9 37.4 34.2 31.9 30 27.2 25.8 25.2 26.2 27.1 25.9 25.6
10.1 9.7 9.6 9.6 9.5 9.5 9.5 9.4 9.4 9.4 9.4 9.5 9.6 9.6 9.7 9.8 10 10 10.1 12.1 11.3 11.1 11.2 11.2 11.3 12.2 12.9 13.7 13.7 13.7 13.8 13.8 13.9 14.1 14.6 15.1 15.4 15 14.8 15.6 17.6 16.7 17 16.8 16.9 17.1 17.1 16.5 16.6 17.3 17.8 18.4 19 19.2 19.2 18.8 18.4 18.5 18.5 18.1 18.6 19.2 19.8 20.3 20.7 20.8 20.9 21.3 21.7 23.3 23.3 24 26.1 29.3 33 37.5 39.3 41.1 40.6 38.5 36 33.2 31.3 29.7 27.7 26.8 28.9 30.4 29.2 28.5
10.3 9.7 9.7 9.8 9.7 9.7 9.7 9.6 9.6 9.6 9.6 9.6 9.6 9.7 9.9 10.1 10.3 10.4 10.9 12.1 11.3 11.1 11.2 11.2 11.4 11.5 11.8 12.8 13.8 14 14.1 14.1 14.1 14.5 15.1 15.5 15.6 15.5 14.9 17.5 16.4 16.5 16.8 17 17.1 17.4 17.6 17 16.9 17.5 18 18.6 19.3 19.9 19.6 19.2 19 19.1 19.2 19 19.4 19.8 20.1 20.2 20.3 20.4 20.5 20.8 21.2 22.2 23.3 23.9 27.5 31.1 34.8 37.6 39.5 41.3 40.6 39.6 37.4 35 32.7 31.1 29.6 29 30.4 32.6 32.3 31.1
9.7 9.8 9.8 9.9 9.9 9.9 9.9 9.9 9.8 9.8 9.8 9.8 10.4 10.6 10.9 11.2 11.2 11 12.2 11.6 11.3 11.4 11.5 11.7 11.8 11.9 11.7 12.6 13.2 13.4 13.6 13.8 14 15.1 15.4 15.6 15.7 15.8 15.5 17.6 16.2 16.8 17.1 17.3 17.6 17.8 18.1 17.5 17.3 17.7 18.2 18.8 19.6 20.2 20.1 19.7 19.6 19.7 19.9 19.6 19.7 19.8 20.1 20.3 20.3 20.3 20.3 20.7 21.3 22 23.2 24.8 28.2 32 36.6 39.4 41.2 41.6 41.6 40.6 39 36.8 34.4 32.5 31 30.3 31.3 33.4 33.4 33.5
10.4 10 10 10 10 10 10.1 10.1 10 10 10 10.7 11.5 11.5 11.7 12.3 12 11.4 11.8 11.8 11.7 11.9 12 12.1 12.3 12.4 12 12.5 12.4 12.7 12.9 13.1 14.5 15.1 15.4 15.5 15.6 15.7 16.9 17.2 16.4 16.5 17.4 17.1 17.9 18.6 18.4 17.9 17.5 17.9 18.4 19.1 19.9 20.4 20.6 20.3 20.2 20.3 20.4 19.8 19.5 19.8 20.3 20.5 20.5 20.5 20.6 20.8 21.4 22.1 23.1 24.9 28.6 33.1 38 40.3 41.7 41.8 41.9 41.5 40.3 38.2 36.1 33.9 32.6 31.6 32.6 33.9 34 34.2
10.6 10.2 10.2 10.2 10.2 10.2 10.2 10.2 10.2 10.2 11 11.9 12.5 12.4 12.5 13.2 12.3 12.3 12 12 12.1 12.3 12.4 12.6 12.7 12.9 12.5 12.5 13 12.7 12.5 12.7 14.2 14.9 15.3 15.5 15.6 16.1 17.4 16.2 16.6 16.7 17 18.4 18.1 17.8 18.6 18.3 17.9 18 18.6 19.5 20.3 20.6 20.9 20.9 20.9 20.8 20 19.8 19.7 20 20.5 20.7 20.7 20.7 20.9 21 21.3 22.2 23.1 24.8 28.4 32.1 37 39.5 41.3 42 42 41.7 40.2 38.2 36.1 34.4 33.6 32.8 34 35 34.9 34.9
9 10.5 10.3 10.3 10.3 10.3 10.3 10.3 10.3 11 12 13 13.5 13.4 13.9 13.3 13.4 13.2 13 12.7 12.6 12.8 12.9 13.2 13.5 14 13.9 12.9 13.6 13.3 13 12.6 13.9 14.8 15.5 16.4 16.3 17.3 17.8 17.1 17.4 17.5 17.6 18.8 18.7 19.1 18.5 18.3 18.2 18.1 18.7 19.6 20.6 20.8 21.1 21.3 21.3 21.1 20.4 20.3 20.2 20.2 20.7 20.8 20.9 21 21.1 21.3 21.4 22 23 24.7 27.1 29.8 34.1 37.4 40.8 42.1 42.1 41.5 40.1 38.1 35.6 34.7 33.6 33.2 33.9 35.6 36.1 36.1
9.4 10.6 10.4 10.3 10.3 10.3 10.3 10.3 10.5 11.6 12.6 14 15.2 15.2 15 14.9 14 14 13.9 13.6 13.2 13.4 13.8 14.2 14.6 14.6 14.4 13.5 14.1 13.8 13.4 13 13.2 14.4 15.8 16.9 17.2 17.5 16.6 17.1 17.7 18.2 18.3 18.8 19 18.4 18.7 18.9 19 18.8 18 19.5 20.5 21 21.5 21.8 21.7 21.1 20.9 20.9 20.8 21 20.8 21 21.1 21.3 21.4 21.5 21.6 22 23.1 24 25.6 28.1 31.2 35.7 40.1 41.9 41.9 40.1 39.1 37.7 35.7 34.5 33.3 33.5 33.8 35.3 36.5 36.8
9.9 9.6 10.7 10.7 10.3 10.3 10.3 10.2 11.1 12.1 13.2 16.1 16.7 16 16.2 15.6 14.4 14.4 14.4 13.9 13.7 14.3 14.8 15.1 15.4 15.1 14.9 14.1 14.5 14.3 14 13.7 13.3 14.8 15.8 16.8 17.6 17.5 17.3 17.1 17.5 18.3 17.8 17.9 18.4 18.5 18.9 19.3 19.7 19.5 18.8 18.2 19.9 21.2 22 22.3 22.1 21.7 21.4 21.4 21.4 21.5 21.7 21.3 21.4 21.5 21.5 21.6 21.7 21.8 23 23.4 24.7 26.4 29.4 33.1 36.7 38.3 39 38.8 37.5 36.2 35.4 34.1 33.6 33.9 34.2 35.5 36.9 37.3
10.5 10.1 10.9 11.2 11 10.3 10.2 10.6 11.7 12.6 14.3 17.3 17.3 18.1 17.4 16.8 15.7 14.8 14.8 14.2 14.4 15.1 15.6 16.1 15.8 15.6 15.4 14.4 15 15.1 14.8 14.5 13.3 14.6 15.8 16.8 17.5 17.5 17.7 17.6 17.4 17.5 17.8 18.6 18.3 18.7 19.1 19.5 19.9 19.9 19.6 18.7 19.2 20.7 22.1 22.8 22.4 22.2 21.9 21.8 21.8 21.9 22.1 21.9 21.8 21.9 22 22 22.1 22.2 22.7 23.4 23.9 25.6 27.4 30.5 32.8 34.2 34.8 35.8 35.4 35 34.3 33.8 34 34.3 34.6 35.5 37 37.7
11 10.4 9.7 10.1 10.6 11.3 10.1 10.8 11.4 12.8 14.7 17.5 20.5 20.2 18.8 18.1 17.4 16.3 15.4 14.6 15.4 15.6 16 16.5 16.4 16.1 15.6 15 15.4 15.7 15.6 15.3 13.9 14.4 15.6 16.8 17.4 17.6 18 17.9 17.8 17.9 18.1 18.6 19.2 18.9 19.3 19.7 19.9 20 20.6 19.9 18.7 20 21.3 22.5 22.5 22.3 22.2 22.2 22.2 22.2 22.4 22.7 22.2 22.3 22.4 22.5 22.5 22.5 22.9 23.7 24.1 24.1 25.5 27.6 29.2 30.4 31.4 32.2 32.8 33.1 33.4 33.3 33.2 33.5 33.9 35.4 37 38.2
11.2 10.5 10.2 10 10 11.2 11.6 10.7 11.3 13.2 15.6 18.9 21 22 20.8 19.3 18.6 17.7 16.7 16.2 16.1 16.1 16.4 16.8 17 16.7 15.8 15.6 15.9 16.2 16.4 16.1 14.6 14.4 16 17.4 17.5 18 18.4 18.3 18.2 18.3 18.4 18.5 19.1 19.5 19.6 20 20.1 20.7 21.3 21.2 20 19.6 20.9 22 22.6 22.5 22.5 22.5 22.5 22.5 22.6 22.9 23 22.8 22.8 22.9 22.9 22.9 23.2 23.9 24.3 24.2 24.3 26.2 27.6 28.5 29.4 30.3 31.3 31.8 32.4 33.1 32.8 32.6 33.7 35.8 37.8 39.8
11.3 10.9 10.6 10.3 10.3 11.4 11 11.3 12.2 13.1 15.4 20.2 21.8 22.9 23.1 21.6 19.8 18.8 17.8 17.3 16.9 16.9 17 17.3 17.2 16.5 15.8 15.9 16.2 16.6 16.9 16.8 15 14.9 16.6 17.4 17.7 18.4 19.1 19 18.8 18.6 18.7 18.8 19 19.5 19.8 20.2 20.8 21.4 21.9 22.3 20.9 20.2 20.5 21.5 22.4 22.7 22.8 22.8 22.9 22.9 22.9 23.2 23.5 23.3 23.3 23.3 23.3 23.3 23.5 24.1 24.5 24.4 25 26.2 27 27.5 28 28.7 30.1 30.6 31.3 32 32.4 32.7 33.7 35.8 39 33.3
