data/370000-190000.asc
ncols 200
nrows 200
xllcorner 370000
yllcorner 190000
cellsize 50
[rows 36 to 71 of 200, columns 81 to 161 of 200]
202.4 186 160.9 139.6 127.6 142.3 166.3 191.8 195 194.8 193 191.3 189.6 187.8 174.5 155.4 147.4 140.9 136.1 127.3 116.9 106.8 96.9 89.3 84.7 78.8 75.2 75.1 75 74.3 73.7 72 70.6 69.6 66.9 63.4 60.9 59.7 59.9 65.7 73.9 84 81.8 85.8 89.9 91.7 93.4 95.6 97.3 97.7 95.7 88.4 73 76.3 85 92.4 96.6 89.3 82.7 91.4 96.4 98 97.5 96.3 95.1 100.7 111.8 121.1 128.4 129 124.6 119.5 114.1 108.7 102.2 101.5 105.6 106.5 107.7 111.1 116.8
176.5 168 150.5 135.1 122.3 135.9 158.3 185.2 193.9 194.3 192.6 191 189.3 187.3 175.4 151.1 131.5 123.8 115.8 106.9 102.4 96.8 91.9 89 86.2 80.9 76.7 76.7 78.8 79.3 74.8 72.5 71.2 70.6 68.1 67.1 64.5 61.6 60.3 59.9 64.8 71.5 73.7 80.9 87.3 90.3 92.9 95.5 96.1 96.7 97.9 94.1 80.6 71.7 80 87.5 91.8 83.6 80.1 89.9 92.5 93.4 93.4 92.2 90.3 97.2 104.1 110.4 114.1 114.3 112.6 110 107 102.4 97 102.4 105.1 104.8 104.7 105.8 109.6
152.5 145.6 131.3 123.2 118.9 133.5 154.6 179.5 192.6 193.8 192.2 190.6 189.1 187.4 180.2 159.4 139.1 122.5 115.5 110.9 108.6 108.1 106.1 94.4 88.7 83.2 79 80.7 83.8 84.1 80.6 73.8 69.4 67.9 69.3 72.3 68 61 60.3 60.4 60.1 61.4 66 72.6 79 85.9 86.2 87.4 88.8 90.6 95.5 93.9 83.9 72 75.2 81.9 84 77 74.7 77.6 78.4 80.2 84.8 85 85.8 91.3 95.7 101.4 104.8 103.5 103.5 103.9 101.7 94.7 98.1 102.4 103.5 102.5 101.8 102.9 105.4
126.3 121.7 116.6 113.4 119.7 137 156.9 178.4 192 193.3 191.9 190.4 188.9 186.9 181.6 168.1 159.5 153.4 146.5 140.9 136.2 128.3 116.9 103.9 91.4 84.4 79.8 86.3 91.6 89.7 84.6 78.4 70.9 70 69.9 74.3 74.7 71.1 63.9 61.3 61 60.9 61.6 64.7 68.9 75.6 74.4 72.7 73.4 79.2 83.9 85.6 82 72.7 68 73.6 70 69.2 68.6 68.8 69.1 69.4 75.2 81 83.2 87.3 90.5 92.4 95.5 97 98.8 99.3 95 92.6 99.4 101.2 101.7 100.7 99.6 99.3 100.5
112.4 108.8 108.8 113.9 125.6 140.9 162.6 182.3 192 192.7 191.6 190.4 188.9 186.9 183.2 179.1 174.7 170 166.9 166.7 166 143.1 123.5 107 93.1 85.1 83.3 92.3 95.3 92.9 86.6 77.5 74.8 73.5 75.7 73.7 75.6 76.6 70.4 65.2 63.4 62.2 62 61.9 63.4 64.5 65.8 64 64.4 66.3 68 68 68 68.1 66.7 66.7 68 68.2 71.1 72.8 74.4 72.7 70.3 74.7 80.4 83.1 86.6 89.3 90.4 92.4 95 94.7 87.9 93.4 97.7 99.1 99.3 99.4 97.9 96.8 97.1
105.3 105.4 111.2 119 131.9 146.3 165.6 185.3 192.2 192 190.9 189.7 188.6 187.3 184.7 180.2 173 168.7 167.1 166.7 162 138.8 120.4 104.3 93.7 87.1 86.5 90.5 96.8 93.8 87.1 81.2 78.1 78.4 79.9 79.8 77.9 80.8 79.9 73.6 69.3 64.2 65.2 64.9 64.2 65 65.6 66.2 67.4 70.4 69.7 65 65.7 65.9 66.8 68.5 71.1 74.2 77.3 79.2 81.2 80.7 76.7 70.1 72.9 77.4 80.4 83.6 85 90.1 92.6 87.9 87 93.8 96.5 97 97.1 97 95.3 94.1 94.3
101.3 104.9 111.2 119 131.3 146.7 165.8 185.4 191 190.9 189.8 189 188.6 187.9 186.3 180.1 171.2 162 154.5 145.8 136.4 125.5 112.6 100.7 91 89.5 95.3 100.4 99.9 95.8 90.6 85.9 82.4 82.3 83.7 81.9 79.3 84.3 86.6 82.2 69.3 67.9 69.3 69.2 68 68.8 69.6 71.3 69.6 73.4 73.8 71.4 69.6 69.3 71.2 76 79.3 81 81.4 82.9 84.7 84.7 84.1 80.9 74.8 70.9 73.3 76.5 78.4 83.1 87.5 82.2 88 93.9 94.9 94.8 94.8 94.3 93.2 92.2 91.4
100.2 104.2 109.6 116.4 127.9 145.9 168.2 184.4 187.9 189.7 189.9 189.5 189 188.3 186.8 177.8 163.4 149.4 132.5 125.3 119.6 112.9 103.5 96 95.5 99.2 109.6 114 109.7 104.5 97 91.8 86.9 87.2 88.5 85.6 81.6 84.4 86.4 81.7 69.2 69.5 74 73.6 72.9 73.6 74.3 75.4 75.6 75.2 75.6 74.9 73 74.2 77.4 82.4 85.3 85.6 85.3 86.5 87.3 87.8 87.8 86.1 83.1 79.4 76.5 75 73.4 75.7 78.1 80.2 88.1 92 92 91.5 90.5 91.7 91.2 87.1 87.3
99.6 103.7 108 113.6 124 142.8 165.3 181.2 186.8 191.8 192.1 191.9 190.2 189.1 186.2 173.6 159.1 143.6 129.3 118.7 110.7 105.5 102.6 102.5 107.9 117.2 126.6 128.6 123 112.9 106.4 101.1 92.6 92.8 93.5 89.6 82.8 82.7 83.8 79.1 69.5 73.5 77.3 78.1 78 77.6 77.5 78.6 77.1 75.5 75.4 75.6 76.2 77.7 82.1 86.7 90.9 90.3 88.6 89.7 90.2 90.7 90.3 89.3 88 86.1 84.8 83.3 79.8 75 75 77.4 80.8 83.1 83.7 82.2 80.8 81.1 82.2 81.1 79.7
98.7 102.3 106.2 112.4 122.7 140.8 161.9 180.4 193.1 198.9 198.4 197.3 194.3 191.4 190.2 183.2 170.4 158.1 148.8 138.5 128.9 120 118.1 122.2 128.7 137.6 146.6 148.3 144 131.4 119.5 110 100.2 98.8 98.1 92.3 84.1 82.7 82 77.2 72.8 76.8 80.2 80.9 80.9 80.7 81 81.1 78.8 76 78.3 82 82.9 84.3 87.3 92.6 95.5 94 92.4 92.6 93.2 93 92.7 92.1 91.3 90.5 90.1 88.2 84.8 78.5 77.8 74.9 75.1 76.6 78 77.3 77 77 76.7 78.9 81.3
96.5 100.9 105.1 111.9 121.9 138.4 159.1 179.8 196.3 198.6 198.5 197.8 195.4 189.6 189.9 188.9 182.7 174.5 171.1 162.6 153.5 146.9 144.2 144.5 151.5 158.3 159.1 157.3 152.6 146.4 132.5 120 108.7 103.6 101.6 92.9 84.6 81.2 80.8 73.9 73.1 78.4 81.1 82.5 82.8 83.1 83.2 83.2 81.9 77.3 80.3 86.1 88 90.2 93.1 95.4 96.2 94.7 96.1 96.2 96.5 96.3 95.6 94.2 92.8 93.7 94.3 92.1 86.3 79.9 82.4 83.5 78 77.2 80.8 79.9 82.4 83.7 83.8 84.4 83.7
95 99.5 104.4 111.6 121.6 138 154.9 175.5 194.5 196.1 196.6 190.2 178 169.5 172.5 177.4 179.7 184.2 181.9 179.7 177.5 172.6 172 172.6 174 174.2 172.2 166.4 160 153.5 143.6 128.3 114.6 105.3 98.2 91 85 81.3 77.2 74.8 77.9 79.5 81 82.3 83.1 83.6 84.3 84.5 82.2 79 80.2 85.8 90 93.7 95 94 92.9 93.7 96.9 100 100.3 98.5 97 95.2 93.8 93.8 94.5 93.5 86.6 84.9 88.2 90.6 92.3 91.9 90.1 89.6 90.3 89.9 90 86.5 87.6
94.5 98.6 104.4 111.1 121.9 137.4 153.5 171.6 188.7 190 182.6 171.3 157.4 149.3 156.3 163.2 168 172.1 177.4 184.2 181.9 180.7 180.6 180.5 179.3 177.1 174.8 172.9 168.3 160.3 151.2 139 123.3 114.6 104.1 93.1 85.9 82.1 77.4 77.6 82.6 81.9 81.9 82.9 83.5 84 84.1 83.5 82 80.6 80 81.6 85.5 88 89.3 88.5 89.7 92.7 99.7 104 103.1 99.6 97.1 95.8 94.5 93.2 94.1 91.8 86.1 89.6 93 93.8 96.2 96.9 97.1 97.2 96.9 96.6 93.8 87.3 92.4
94.4 99 104 112.4 123.8 137.8 153.4 172.4 181.2 177.5 165.2 150.8 137.4 126.6 138.5 148.3 155.1 159.8 165.2 172.1 179 183.7 183.8 184.1 182.2 179.6 177.7 175.8 172.7 164.5 158 152.9 134.7 122.4 109.2 94.3 87.8 82.7 78.3 80.7 84.6 83.8 82.9 83.3 84 84.5 83.9 83.8 83.6 80.8 80 81.5 82.9 84.1 84.9 87.2 89.4 92.7 100 104.7 101.6 99.4 98.4 96.6 95.3 93.7 93.8 89.5 85.2 91.6 94.7 96 96.8 98 98.8 99.2 98.8 97.8 94.6 91.6 96.1
94.4 98.7 103.8 111.3 124.2 138.2 154.5 173 174.3 161.6 146.7 133.1 121.1 116.6 121.9 130.6 136.2 143.5 151.5 158.8 170 180.4 185.7 184.8 183.5 182.1 181.3 178.6 173 166.5 162.2 155.5 137.6 123.8 108.7 94 87.1 82.7 79.6 82.7 85.8 87.4 88 88.1 87.4 85.5 84.2 83.4 82.5 80.7 79 82.6 83.3 83.7 85.8 87.9 90.5 93 96.1 99.2 101.5 102 100.8 98.9 96.6 94.1 92.1 87.8 88 92.7 95.7 98.4 99.8 100.1 100.9 100.6 98.8 96.9 93.9 92.3 95.4
94.2 98.5 103.8 111.7 124.4 138.8 156.3 168.5 159.1 145 129.6 117.6 111.7 107.7 109.2 114.1 117 123.4 133.1 147.4 161.9 174.7 184.7 185.2 184 182.6 182.4 180.7 172.3 166.3 158.2 144.5 131.5 119.1 103.7 92.9 86.6 82.8 81.7 83 86 88.8 89.8 89.7 89.9 89.6 88.3 86.2 83.4 80.9 79.4 82.5 83.3 85.7 87.9 90.8 93.7 96.6 99.5 101.9 104.9 106.2 105 102.9 99 95.8 92.9 90.1 92.4 94.6 97.7 101.2 104.6 105.6 104.5 101.6 99.3 97 94.1 93.4 96
95.6 98.7 103.1 111 123 138.9 158.3 152.3 141.8 129.6 116.5 108.9 102.8 98.8 98.6 100.3 103.2 109 118.1 136 155.8 171.8 185.5 185.4 184.3 183.2 182.5 176.5 164.9 153.3 141.6 130.8 121 108.9 98 90.3 87.2 83.6 81.8 83.9 86.3 89.2 91.3 92 91.9 90.2 90 88.7 87 84.3 82.4 85.5 85.2 88.1 90.2 93.8 98.1 101.8 105.4 109 115.2 114.6 112.5 108 102.9 99.2 95.4 92.4 93.3 96.3 100.7 107.1 110.2 110.8 108.8 103.4 100 97.5 94.9 95.2 99.2
95.9 98 102.2 108.4 120.7 135.9 142.7 136.4 125.4 115 106.7 100.5 95.7 92.5 92.7 96 102.3 111 120.9 138.3 156.8 173.4 185.2 185.1 184.5 182.9 180 169.6 155.4 137.6 125.3 117.2 103.9 97.4 95.3 91.4 88.2 85.6 84.5 85.9 88.9 90.6 93.2 94.9 94.7 91.8 90.3 88.9 87 84.6 83.2 85.6 87.6 90.7 93.6 98.2 102.5 107.2 116.8 124.8 131 129.5 123.8 115 109.9 103.2 97.6 95.3 94.6 97.5 100.6 107.7 111.7 112.3 107.5 104.4 103.5 100.9 99.5 96.5 99.8
96.3 97.6 101.8 105.5 116.3 126.2 127.8 122.5 113 102.4 97.9 92.9 88.8 89 93.5 97.2 105.5 119.3 136.3 153.4 168.5 179.9 184.8 184.9 185 182.3 180.2 171.1 154.3 135.1 116 106 103.8 103.6 100.7 97.7 91 88 86.3 87.8 91.3 94.3 96.9 99.6 98.2 95.7 91.2 89.1 87.5 86.2 86.1 86.3 88.9 92.7 97.6 102.6 107.2 117.5 131.8 143.6 149.6 145.6 136.9 125.8 114.3 106.1 103 99.9 97.3 97.8 100.7 103.6 107.1 108.7 108.9 110 108.6 106.4 104.8 101.1 99.7
95.8 96.5 99.7 102.2 108 112.5 112.8 108.7 101.8 95.2 89.5 86.1 85.3 92.2 97 99.9 111.7 130.6 152.8 167.8 177 184.6 184.9 185.4 185.7 183.9 181.6 177 160.3 144.1 124.5 113.5 113 112.5 107.2 100.5 93.1 89.7 87.8 89.7 92 95.6 99.8 102.8 102.6 98.7 95.1 92.6 91.3 89.6 88 88.9 90.6 94.8 101.2 106.5 115 129 144.8 156.6 160.7 159.6 151 138.8 124.5 114.2 111.1 106.3 102.9 101.6 103.4 106.7 110.3 113.9 118.2 119.2 117 113.7 110 106.2 103.8
95.6 95 95.3 98.5 100.9 101.6 100.4 99 94.3 88.6 82.6 81.6 87.1 97.2 101.8 103.5 113.6 136 159.5 173.2 178.9 184 184.2 185 185.6 184.9 183.5 180.2 167.2 152.1 136.4 125.4 123.2 119.6 112.2 101.4 95.3 91.3 91 98.2 99.7 103.8 108 106.7 106.2 101.7 98.4 96.5 94.7 92.1 91.3 90.1 91.3 96.3 103.5 111.9 124.7 138.4 153.7 166.3 172.6 171.5 163.6 152.8 141.6 129.9 121.2 114.6 109.6 108 109.3 113.3 117.9 125.7 130.8 133.1 130 122.8 116.8 111.4 107.9
93.8 93 93.3 93.3 94.7 95.3 94.2 92.7 88.6 82.5 79.6 85.3 92.6 100.5 105.5 107.5 113.1 125.5 147.3 158.9 173.3 180.3 181.9 182.6 183.8 183.7 182.4 181.7 175 163.3 146.9 135.5 130.6 125.4 113.1 104.1 99.8 94.8 93 98.9 103.7 104.8 109.4 112.4 111.6 108.6 105.9 103.7 98.7 95.9 93.2 91.8 93.1 97.8 105.6 117.6 131.8 146.5 168.2 178.5 184.5 182.1 176.3 166 155.5 144.6 133.7 125.1 119.7 119.2 119.3 121.8 131.5 139.5 145.4 150.2 146.7 137 124.9 118.2 113.5
92.6 92 91.2 90.7 91.2 90.4 89.9 87.3 81.9 79.1 84.8 88.3 92.9 97.2 102.7 109.5 115.8 121.4 133.4 148 163.1 174.3 176.5 178.7 179.9 180.9 180.2 178.9 179.3 169.4 158 146 138.5 126.6 115 108.9 105.8 100.3 96.7 97.3 101.8 108.9 115.7 118.9 120.7 120.4 118.3 114.4 105.6 100.9 97.5 95.3 95.9 100 108.2 121.4 137.2 160.1 182.4 189.1 193.4 194 187.6 178.8 172.9 162 148.6 139.9 135.2 134.2 135.8 141.2 148.2 158.8 168.3 172 165 153.5 140.3 125.3 119.5
91.7 90.3 89.8 88.7 88.4 88 87.2 83.9 76.4 79.8 86.1 88 91.3 95.7 101.2 111.4 124 136.2 146.7 156.3 165.2 171 171.8 172.6 174.4 176.4 177.4 177.4 175.9 172.1 163.2 152.2 141.8 126 117.2 125.2 118.5 106 102 101.4 103.7 113.8 124.9 130.3 135.2 135.9 134.6 129.5 116.9 106.9 103.5 100.6 100 102.4 110.7 124.1 141.3 170.1 188.3 192.8 194 194.2 194 191.2 184.9 180.1 167.9 157.9 152.4 152.2 157.1 165 175.9 187.5 189.7 189.4 185.3 171.5 159.5 142 127.1
89.4 88.7 88.5 87.5 86.6 86.4 84 73.6 74.5 81.7 84.4 88 90.6 94.9 101.1 111.6 129.9 151.9 169.7 171.2 171.4 157.2 148 153.2 164.8 176.7 179 179.6 176.6 171 165.8 159.5 150.2 140.1 136.9 143.2 139.1 120.2 113 110.4 112.6 118 134.1 142.7 147.3 148.8 148.2 144 126.3 114.1 112.5 108.5 105.6 107.3 114.2 125.7 147.6 171.6 183.5 190.4 193.5 193.3 193.6 193.9 193.4 192.4 186.6 178.5 172.3 173.6 179.3 187 190 192.3 192.4 192.3 190.4 187.2 175.4 161.6 145.4
84.1 84.1 85.9 85.8 84.9 85.2 75.9 69.1 78.5 84.3 84.9 87.7 89.9 92.7 99.7 110.1 126.5 150.4 164 163.8 151.6 136.6 124.1 137.3 160.3 182.1 188.3 189.6 184.5 178.4 173.1 169.8 165.5 157.8 151.8 149.5 145.7 135.9 131.6 130.7 131.6 135.8 145.5 153.6 161.1 161.3 157 150 134.1 134.7 127.5 116.6 112.9 115.5 119 133.2 153.8 171.1 182.5 188.8 192.5 192.8 193.1 193.4 194.1 196.5 197.4 192.4 187.9 190.3 192.7 192.8 194.2 195.6 195.7 195.5 194.2 192.3 189.1 177.9 165.2
75.8 76.5 79.8 80.8 79.6 80.1 70 69.7 81.9 84 84.7 85 88.4 92 96.6 105.4 117 133 142.1 140.1 132.4 120.3 112.5 127.9 152.5 180.3 185.3 187.7 185.3 184.7 180.1 176.4 173.2 168.2 163.3 158.8 154 150 147.4 147.2 148.1 150.8 156.6 161.8 167 169.5 166 158.2 153.4 153.9 147.5 137.1 128.5 129 138.2 148.9 164.5 178.3 185.6 190.2 192.1 192.3 192.4 192.9 193.7 194.7 194.9 192.9 190.1 181.6 180.2 181.5 185.2 188.7 194.3 198.8 198.4 197.4 194.6 191.3 181.1
60.6 63.3 71.8 73 73.1 74.2 62.5 73.7 84.2 84.3 83.6 83.3 83.9 88.2 92.2 98.1 106.5 114.2 118.5 118.7 115.2 105.9 104.8 120.6 145.5 168.3 182.6 184.3 184.4 183.1 182.4 181.3 177.8 173.8 169.5 166.7 161.5 158.2 156.9 157.4 158.3 161.3 165.5 169.6 174.1 175.8 175.8 170.3 168.4 168.6 164.7 157 149.2 150 159.7 170.1 181.4 185.8 188.2 189.5 191.3 192.2 192.2 192.2 192.9 193 189.8 180 169.1 160.8 157.3 159.1 162.1 168.7 174.2 179.6 185 190.6 195.5 197.8 195.7
51.5 53.9 58.3 62.6 65.7 63.6 59 66.8 74.8 83.1 82.5 81.5 81.7 84.8 87.6 91.8 95.3 101.7 104 104.8 102.1 95.1 100.1 115.4 142.3 162 176.3 181.1 181.2 179.6 180.9 181.5 180.1 177.8 173.4 170.2 166.5 164.6 164.3 165.5 167 170.3 173.9 177.8 178.4 178.9 177.9 177 179 179.3 176.4 173.4 170.8 173.5 180.8 182.3 185.3 186.9 186.2 187.6 189 190.8 192 192.4 191.3 186.2 176 159.4 146.3 137.5 133.5 135.1 138.5 146.6 152.2 158.2 164.5 169.3 173.8 179.2 183.9
52.4 52.6 54.1 56.4 53.8 53.5 55.5 55.3 61 71 80.7 79.9 79.7 81 83.2 85.7 88 90.6 92.5 94.3 92.4 88.6 97.6 116.4 141.6 160.5 174.7 179.7 179.7 176.1 179.6 181.1 183.5 181.9 176.9 171.8 169.9 170.2 170 171.8 174.2 176.3 178.6 180.5 181.9 183 184.3 185 185.8 186.1 184.9 184.4 182.8 182.5 179.8 177.2 177.8 177.9 179.8 183.3 183.3 184.2 185.2 185.2 180.1 169.9 154 140.2 127.5 122.4 122.7 125.4 128.7 131.1 134 137.1 142.9 147.3 150.8 155.9 161.5
56.4 60.5 61.3 61.8 60.2 62.9 66.9 62.1 56.1 59.2 68.7 75.8 77.4 77.8 78.5 79.6 80.4 83.7 87 90.8 85.2 86.8 97.9 119.8 143.6 160.7 176.7 177.5 179 179.7 180.8 182 183.9 183.2 179.1 173.4 171.7 172.6 172.2 173.2 174.6 177.4 180.3 182.2 183.6 186.1 190.1 192.4 193.3 195.3 194.4 194.5 193.6 187.1 175.9 165.4 160.8 159.9 159.7 160.5 161.7 162.5 162.9 162.7 158.2 146.7 134 124.4 119.4 127.5 136.6 138.4 135.1 133.4 142.1 147.4 148.9 151.7 154.4 156.6 158.2
60.2 66.8 74 75.5 75.8 77.2 73.2 73.2 68.3 59 59.7 65.5 71.6 73.5 75.9 76.3 77.3 79.9 83.4 85.1 82.1 85.6 98 113.6 134.4 151.4 166.7 171.6 174.7 178.5 179.4 183.6 186.2 181.8 179.3 172.5 171.5 171.5 172.2 173.3 175 177.3 180.7 183.6 186.5 191.2 195.5 197.3 198.7 200.3 201.4 201.4 201.6 193.2 169.5 151 137.9 139.1 138.2 137.1 139.6 140.6 140.6 139.3 136.5 127.7 119.4 116.7 124.7 137.6 154.8 163.1 144.7 137.3 155.7 173.8 174.2 174.8 176.3 177.5 178
62.4 70.2 80.1 86.6 87.1 85.1 79 79.6 79.7 72.3 64.3 59.2 61.8 62.9 65.9 71 76.3 77.1 79.7 77.8 77 83.2 91.9 104.3 117.8 131.1 141.6 151.4 160.1 172.2 178.5 179 180.3 179.3 173.7 167 162 159.3 157.9 165 173.5 177.3 180.5 183.9 190.1 195 196.9 198.1 198.9 199.5 200 201.1 195.5 177 156.3 139.9 125.5 121.3 120 117.2 119 119.2 118.2 118 116.5 115.5 115.5 122 131.9 149.8 171.1 175.8 158.8 140.4 154.6 176.1 186.4 193 192.5 194.7 192.9
64.1 75.2 85 90.8 91.8 89.2 85.5 85.2 86.4 81.2 74.6 71.2 66 67.2 62.6 62.4 62.6 66.9 75.1 72.5 73.3 76.6 83.6 91.8 102.8 111.6 120.1 127.4 138.4 151.4 166.9 176.6 175.8 165 154.7 145.1 138.1 134.9 135.2 146.8 161.1 175.3 179.2 184.9 192.1 194.3 195.9 196.7 197.5 198.3 197.8 187.8 175.7 157.6 142.3 127.2 116.8 108.9 105.7 104.7 106 106.9 107.3 109.4 111.1 113.5 120.2 128.5 138.9 159.2 180.2 185.8 174.2 155.7 147.9 161 174 185 192.7 196.3 197.5
71.5 81.4 89.6 93.1 93.4 92.1 88.7 88.8 89.1 86.4 82.1 78.5 73.6 75.9 74.4 70.5 65.8 64 63 64.2 64.6 67.1 74.1 82.1 87.4 96.1 103 105.8 117.2 131.1 146.8 163 159.7 144.5 132.2 124.1 117.6 116.5 118.7 128.3 144.6 162 177.8 184.8 191.2 192.7 193.9 194.7 194.8 195.1 183.8 171.2 157.3 139.8 126.7 117.6 109 101.4 104.4 107.1 109.1 109.8 110.8 113 111.7 116.1 122.2 131.6 144.6 165.2 187 189 188.6 175.2 164.5 164.9 167.4 172.2 184.4 192.7 200.7
77.7 87.1 93.8 95.2 94.8 93.5 91.4 90.2 90.3 88.1 85.7 82 83.4 83 82.1 79.3 77.1 75 71.4 70.6 67.1 66.4 66.6 71.7 77.5 83.4 89.3 95.4 101.9 111.7 127.1 145.2 150.8 133.4 117.4 109.4 104.5 103.6 109.4 116.6 127.4 150 171.7 183.8 189.4 190.9 191.8 192.3 192.6 183.7 169.5 155.6 142 127.4 118.2 110.6 100.9 103.6 107.7 112.3 115.4 115.2 115.9 117.9 114.1 118.8 123.1 132.1 143.5 161.5 181.3 193.1 194.3 193.5 191.1 187.5 185.4 187.3 184.7 193.8 201.6
