data/370000-780000.asc
ncols 200
nrows 200
xllcorner 370000
yllcorner 780000
cellsize 50
[rows 0 to 34 of 200, columns 0 to 77 of 200]
164 171.2 180 188.6 196.2 202.4 208.3 209.3 206.9 204.6 199.1 192.9 187.5 183.2 179.3 176.4 173.5 168.4 164.3 161.2 159.4 158.4 157.3 155.3 155 153 151.8 150.6 150.3 152.1 155 158.4 165.6 163.3 164 165.4 166.4 167.7 172.3 186.8 194.2 197.5 199.5 201.4 204.2 206.2 207.3 208.5 210.9 209.5 205.7 202.1 197.6 193.3 188.7 185.9 184.9 185.4 187.8 191.2 195.3 200.6 204.5 207.9 209.8 211.1 211 210.9 209.9 207.5 203.7 199.8 195.9 191.6 188.1 184 178.6 173
167.9 175.6 184.3 192.5 200.3 206.6 212.6 215.6 211.5 208.3 204.4 198.2 192.2 188 183.9 181 176.5 171.8 167.6 165.3 164.2 164.2 160.3 158.2 158.8 155 154.9 153 152.3 155.5 158.3 161.8 162.4 164.5 165.6 166.9 167.6 175.1 185.8 194.1 201.2 205.2 208.4 209.3 210.4 211.6 212.9 214.1 213 210.4 206.8 201.4 196 191.9 188.3 186.7 186.3 187.6 189.7 193.3 197 202.2 207 210.2 213.4 214.5 214.5 214.2 213.1 210.6 207.1 202.8 197.8 193.5 189.5 185.1 180.6 174.5
171.3 178.9 187.8 195.6 202.6 209.2 214.8 217.9 215.2 212.1 208.9 202.8 197.5 192.9 188.7 184.8 181.1 176.1 171.5 168.8 169.2 168.6 162.6 162.2 161.8 159.9 157.3 155.7 155.1 158.8 160.5 161.9 162.9 164.1 165.6 168.1 175.4 188.9 196.1 202 208.4 213.4 217.1 220 221.8 222.5 223.3 223.2 221.5 216.6 210.8 204.3 197.6 193.5 189.9 187.7 186.9 187.9 190.3 193.5 197.7 202.5 206.9 210.4 213.6 214.8 215 214.4 214.7 213.5 210.5 205.5 199.3 194.9 190.3 185.8 181.8 176.2
175.6 182.3 190.9 197.4 203.9 210.4 215.2 217.8 215.8 212.9 210.6 206.4 203.1 198.5 192.4 188 183.7 179.3 175.9 173 171.9 168.9 165.8 165.5 165.7 163.4 159.8 157.4 158.9 163.1 162.8 164.1 164.5 165 167.6 173.2 186.5 194.8 202 209.5 215.4 220.7 225.1 229.4 232.5 232.3 232.1 231 229.4 226 218.6 209.3 200.5 195.2 191.9 190.2 188.5 188.7 190.7 193.4 196.8 201.5 206 209.6 212.5 214.3 214.8 214.7 215.4 214.4 212.5 207.7 202 196.3 191.8 187.3 182.7 177.2
178.4 185 192 197.4 203.7 209.8 214.7 217.2 216.2 213.6 210.2 208.2 207.6 201.9 195.3 190.6 186.8 183.6 180.3 176.1 174.9 170.9 169.2 168.5 170.9 166.5 163.7 159.2 164.4 170.2 165.5 166.8 167.3 166.9 175.9 184.4 192.5 199.8 207.7 215.2 222.1 227.4 232 236.7 240.2 241.5 240.3 238.3 236 230.8 223.3 214.7 206.9 200.1 197.1 193.8 190.2 189.8 191.1 193.3 196 200.1 204.3 208 211.1 213.1 214 214.6 215.3 214.6 212 207.8 202.6 197.3 193.2 188.5 183.8 176.4
180 186.3 192.2 197.1 202 207.9 212.4 215 214.3 211.5 208.3 208.3 209.4 203.5 197.2 192.8 190.1 187.2 181.8 178.8 176.5 173.1 171.6 170.2 171.3 170.2 163.7 161.2 168.1 170.7 170.3 171.3 170.2 170.2 180.1 189.7 196.4 205.3 213.7 220.8 227.8 234.7 240.2 245.1 248.5 249.8 247.3 245.1 242.7 236.4 228.3 220.8 214.6 208.9 206.1 201.5 196.5 193.4 193.5 194.6 195.8 199.2 202.7 206.4 209.4 211.1 211.6 211.7 212.1 211.7 209.6 206.4 201.8 197.7 193.9 188.1 183.5 177
181.7 186.5 192 196.5 201 206 209 210.5 210.9 209.7 207.6 207.7 208.4 202.3 198.4 195 191.6 188.2 183.1 179.8 177.2 176 173.4 171.4 171.9 167.3 164 165 166.7 173.1 175.5 175.6 174.3 177.3 185.1 193.8 201.6 210.6 219.6 227 234.4 241.6 247.3 253.4 257.3 258 255.4 252 248.1 241.5 234.2 228 223.5 219.1 216.1 212 206.2 201.3 197.7 197.9 197.9 198.8 200.8 203.5 206.2 207.4 208 208.4 208.5 207.1 205.4 203.4 200.2 195.5 191.1 186.1 181.5 175.7
182.1 186.1 190.7 195.4 199.9 203.8 205.2 206.5 206.7 206.9 206.2 206.3 206.3 203.2 200.1 196.6 193.4 188.5 184.2 181.9 180.9 178.2 175 172.8 170.5 167.6 170.6 172 169 171.5 175.8 180.2 178.7 183.5 190.9 198.6 207.3 216.3 224.9 234.1 242.8 249.6 255 261.6 264.4 266.6 264.3 260.2 254.4 246.9 240.4 235.5 231.4 228.5 225.8 221.6 216.9 212.1 207.2 204.6 202 200.4 200.9 201.7 203.3 203.9 204.5 204.6 204.7 202.8 201 199 196.9 192.7 188.5 184.3 174.4 174.2
183.1 185.3 188.8 193.4 197.5 200.5 202.4 202.9 203.2 204.3 204.7 204.9 204.4 203.1 200.2 198.2 194.5 189.6 185.4 182.3 182 179.3 176.6 174.1 173.4 172.1 175 173.3 173.1 174.6 178.6 180.8 183.6 189.1 196.2 204.6 213.2 221.9 231.1 240.8 249.4 256.8 263.8 270.5 273.9 274.4 272.1 267.6 260.5 253.5 247.8 243.1 240.8 238 235.2 231.4 227.6 222.8 218.3 215.7 212.3 208.3 205.2 204.3 201.4 201.2 200.9 200.8 200.5 198.7 196.9 195.7 192.6 188.3 183.9 176.3 174.8 176.9
185.6 186.8 188.3 190.9 194.4 197.5 199.4 200.1 201.4 202.9 203.3 203.4 202.5 201.3 200.3 198.7 195.2 190.3 187.5 181.6 183.2 182.2 179.7 177.8 177.8 177.7 178.4 178.4 178.1 179.4 182.3 184 188.7 194.3 202 210.6 219.2 227.8 238.3 248.1 256.4 264.3 273.5 279.9 282.2 281.1 278.9 273.8 268.4 262.1 256 252 251.4 247.9 245.6 241.4 237.4 233.1 229.2 225.4 221.1 217.5 213.5 210.2 205.8 201.2 200.3 199.6 196.7 194.5 192.3 192 188.1 184.2 178.3 177.2 176.9 181.4
189.1 188.4 189.9 191.1 192.4 194.6 196.6 198.6 200 201.5 201.9 201.9 201 200.1 200.2 198.8 194.9 190.7 182.2 185.1 186.1 186.4 184.9 185.1 183.9 183.3 183.1 183.2 183.3 182.9 185 187.8 193.8 200.2 208.1 216.4 225 234.4 245.3 255.4 263.6 274 283.9 290 292.6 292 287 280.2 275.1 270.8 264.8 261.1 260.3 260.4 256.6 251.4 246.9 242.4 238.8 234.3 228.8 223.9 219.8 215.9 210.2 204.9 201.1 198.1 195.1 190.1 187.6 187.7 184.8 179.6 179.7 181.5 184.6 187.2
191.9 191.5 192.2 193.7 193.8 194.2 194 194.3 197.7 200.1 200.7 201.6 200.6 198.9 198.2 198 189.9 187.4 190.1 190.3 190.4 190.2 189 188.2 187.4 186.7 186.7 187.2 187.3 188.3 189 193.7 200.2 206.8 214.5 222.8 231.4 241.8 253.2 262.6 272 283.2 293.9 299.1 302 301.3 295.5 288.8 282 277.7 273.4 268.9 268.2 270.6 267.2 261.2 256.6 251.7 247.1 242.3 236 229.8 225 220.8 214.7 208.2 202.8 198.9 195.1 190 184 182.6 182.4 184.5 187.7 190.4 192.1 193.5
194.4 194.7 195.2 195.9 195.1 195.2 196 195.2 194.5 196.2 199 196.6 190.7 189.3 187.6 189.2 191.4 196.8 196.8 197.3 196.9 196.7 196.2 195.3 196.8 196 196.3 197.2 195.5 192.4 194.8 199.6 206.4 213.3 221.1 229.8 238.7 249.7 260.5 269.6 279.8 292 302 307.5 310 309.3 304.2 298 290.8 284.2 279.8 276.9 276.2 276.3 275.1 270.9 266.2 261 256.1 250 242.9 234.9 227.7 223.4 216.6 209.2 203.5 198.2 193.5 188.5 185.1 185.4 187.8 192.8 196.9 199.8 200.6 201.2
197.4 196.6 196.8 197.4 196.4 196.2 196.8 196.8 196.2 195.1 194.1 195.1 195.6 197.8 198.3 199.2 201.3 203 203.7 204.4 204.8 205.2 205.7 207 209.4 211.7 210.1 207 202.9 198.5 199.1 205.5 212.3 219.6 227.9 236.3 246.4 257.5 266.8 276.2 289.2 301.4 309.7 315.4 319.3 317.5 313 306 299.7 291.8 287.7 284.2 281.8 281.3 280.8 278.3 273.8 267.9 260.3 253.7 246.3 237.7 229.4 223.3 215.9 206.7 201.3 196.1 192.5 184.8 187.1 191.4 196.7 201.6 204.9 207.4 208.9 208.9
201 201 201.3 201.5 199.9 199.1 198.5 198 197.8 197.5 198.7 199.5 200.7 201.9 203.9 205.6 206.5 208.7 210.5 212.8 214.9 217.9 220.4 223.2 222.9 220.6 216.9 213 208.6 203.1 205.9 211.9 218.5 225.5 233.7 243.1 253.3 263.8 273.6 284.4 298.5 309 317.2 325.2 327 324.6 319.4 313.7 307.6 299.4 292.8 289.8 287.3 286.7 284.1 282.9 277.7 271 262.7 254.1 246.2 236.8 228 222.4 212.3 204.6 199.7 194 190 187.7 192.5 199.8 205.2 209.7 213.2 214.1 214.9 214.7
204.4 205.7 207.1 208.5 208.6 208.5 206.5 204.1 203.4 203.4 203.5 203.8 205.1 206.8 208.9 210.3 213.1 216.7 219.1 224.9 228.6 231 233.1 233.4 229.4 224.5 223 218.2 213.1 205.9 212.5 218.5 225.2 231.6 240.1 249.6 259.5 269.6 279.3 291.2 305.3 316 324.9 332 333.3 331 327.1 321.4 313.4 305.9 298.9 294.7 292.4 289.7 287 284.8 279.1 271.3 262.7 254.1 245 235.2 229.1 219.7 208.9 201.3 199.3 194 189.2 194.7 201 207.6 213.4 218 221.5 222.3 222.1 221.7
208.3 211.2 213.4 214.8 215.1 215.1 214.2 212.2 211.1 210 209.9 208.5 210 212.7 216.6 218.1 222 225.1 228.4 232.9 236.3 237.5 237.5 237.2 234.1 231.1 227 222 216.8 213.8 219.4 225.5 231.5 237.9 246.5 256 265.2 274.9 285.9 298.2 311.5 323.3 331.9 338.5 338.9 336.8 332.8 327.2 318.9 310.6 304.4 299 295.6 292.7 289.9 287.1 279.9 271.1 260.9 252.1 243 233.9 224.7 215.8 206.6 199.9 191.8 191 195.7 201.3 208.4 215.2 221.6 226.1 229.4 230.6 231 228.7
215.2 220.2 224 226.1 224 224.3 225.1 222 219.7 217.4 217.9 215.9 216.2 219.3 224.2 226.7 229.3 232 235.8 239.1 242.5 243.4 243.3 242.4 240.3 236.9 231.8 226.4 220.6 220.5 225.4 231.2 237.1 242.8 251.1 260.1 269.5 279.8 291.8 304.1 318.4 330.1 339.3 344 344.5 342.2 337.8 331.8 323.5 314.1 306.7 301.9 297.5 294.3 291.7 286.8 277.2 267.6 258.4 248.9 240.2 229.3 220 211.6 204 198.2 193.4 197.9 202 207.9 215.2 221.5 227.6 233.1 237.3 239 238.9 236.9
221.5 227.2 233.9 236.2 235.5 235.2 234.7 231.1 228 226.7 226.3 222.9 224.9 227.4 231.8 234.2 237 239.5 242.6 245.8 248.4 249.1 249.1 248.3 245.8 242 236 230.1 225.2 226.6 231.7 236.9 242.6 248.4 256.3 264.9 274.5 285.7 299.1 311.7 325 336.4 345.1 349.6 350.2 347.4 341.6 334.8 325.8 316 308.3 302.1 297.7 294.8 289.7 281.2 273.4 264.4 253.3 243.9 234 223.7 214.8 204.5 199.3 195.4 199.3 203.6 208.3 213.2 221.3 227.4 233.6 240.4 244.6 247.3 248.2 247.1
232.2 236.1 243.2 245 244.7 244.1 242.8 240.7 237.2 234.9 234.4 233.9 233.3 233.7 238.7 241.8 244.6 247.2 249.5 252.1 253.8 254.7 254.6 253.2 250.2 245.9 241.1 235.6 227.8 234.4 238.4 242.5 248 254.6 262.6 271.3 282 293.6 305.5 317.3 330.2 341.9 350.3 354.9 355.5 352.6 348 337.7 327.9 317.8 308.5 301.9 295.7 290.7 283.8 276.2 268.1 259.6 247.3 239.1 229.3 219.6 207.3 201.7 196.9 195.3 205.6 210.1 215.7 221.6 226.7 233.4 241.9 248.3 252.8 254.7 258.4 259.3
240.1 244.3 248.8 253.1 253.1 252.3 250.2 248 245.9 243.2 242.6 241.9 241.7 240.8 245.4 248.8 251.9 254.2 256.5 258.2 259.5 260.1 259.2 257.2 253.9 249.3 244.3 239.6 238.2 242.2 245.1 249 253.6 261.1 268.9 277.4 287.8 299.1 310.4 324.1 336.3 345.8 354.5 359.4 360.1 357.3 351.5 338.9 327.4 317.8 308.9 300.9 292.8 284.6 278.7 270.8 260.9 250.8 242.7 234.5 224.1 213.4 207 201.7 198.5 205.6 210.8 216.8 223.2 230.6 235.7 243 251.2 256.5 262.1 268.4 269.8 270.7
248 251 256.9 259.1 260.6 259.8 257.7 255.4 253.1 250.7 249.6 248.4 247.4 247.2 251.8 255.2 258.6 261.8 263.9 264.4 264.9 265.2 263.7 260.8 257.1 252.3 247.6 242.5 247.4 250.1 252.9 255.6 260.5 268 275.7 283.4 293.8 305.5 317.2 329.3 340.9 349.3 358.4 363.9 364.9 360.9 353.4 340.1 326.7 315.7 306.5 298.3 287.9 278.7 270.5 263.9 254.8 246.3 238.1 230.3 221.9 211.2 206 200.5 206.7 211.7 217 223.8 232.3 240.9 248.8 253.7 261.2 265.4 275.2 280.7 282.5 282.8
257.6 258.9 263.6 265.4 267 267.1 265.5 263.4 259.5 257.6 256.1 254.9 255.4 254.3 258 261.7 265 267.8 269.1 269.8 270.3 269.8 268.2 264.7 260.7 255.8 251 250.2 254.5 258.1 261 265.5 271.3 277.3 283.2 290.3 300.5 311.9 323.5 335.1 344.4 353 361.7 365.8 366.5 362.3 352.1 338.1 324.8 314 303.9 293.5 282.2 272.1 265.9 258 249.3 243.3 235.3 226.5 218.6 210.5 204.4 205.4 212 217.8 223.8 232.1 243 253 261.6 269 276.4 284.2 291.5 295.4 296.6 295.9
267.8 267.4 270.7 272.6 274.6 276.2 273.7 269.6 266.2 264.4 262.9 261.6 261.3 260.7 262.5 267.5 271 273.3 274.3 274.7 275 274.2 271.6 267.6 263.3 258.2 254.2 257.3 261.1 265 268.5 274 279.7 286.3 292.3 298.6 308 319.4 330.2 340.2 349.1 356.5 364 368.1 366.2 360 348.6 334.1 322.3 310.9 299.7 287.3 276.2 269.5 263 253.5 247.6 240.6 231.9 222.3 215 206 207.3 211.5 217.2 223.5 231.3 241.3 252.3 262.9 273.1 282.1 290.5 296.5 306 308.2 308.3 306.6
280 276.9 278.5 280.5 283.3 286 283.3 279.7 274.8 271.8 270.6 269.2 267.8 266.9 268.3 272.8 276.4 278.5 280 279.8 279.2 277.8 274.6 269.8 265.6 261.4 259.6 262.4 266.7 270.6 276.8 282.2 288.2 295.4 302 310.2 319.6 328.1 337.4 346.6 354.2 360.9 365 366.8 363.2 355.8 341.8 329.6 318.3 307.4 294.5 281.8 274.6 267.7 259 252.3 245.2 236.9 227.3 218.1 212.5 205.6 210.6 215.8 221.3 230.4 238.6 248 258.9 271.4 282.8 293.5 305.9 313 317.4 320.8 322 318.4
292.2 287.5 288 290.1 292.7 294.8 291.3 286.2 281.7 279.5 278.3 276.9 274.8 273.8 274 276.3 279.9 282.2 283.2 282.9 282.4 280.9 276 271.1 266.9 264.6 264.6 267.4 271.5 276.6 282.9 289.2 296.3 304 312.9 321.7 329.8 337.7 345.3 353.4 358.9 363.3 365.7 364 358.7 349 336.8 325.6 313.1 300.8 287.5 280.1 272.8 262.8 257.2 250.2 241.8 233.2 223.8 216.7 211.4 207.1 215.6 222.2 229.5 238 246.4 254.4 265.1 276.8 289.1 306.6 318.6 324.8 328.8 330.7 330.8 330
301.4 297.4 297.3 299.9 302.5 303.6 298.9 294.6 289.4 287.2 285.9 284.1 281.7 280.3 280.3 280.4 283.2 284.6 285.8 285.3 284.7 282.4 277 272.1 269.2 268.5 269.5 272.4 276.4 281.5 287.5 294.6 303.7 313.9 323 331.8 340.1 346.5 352.9 359.2 363.4 366.1 365.3 359.4 351.9 341.3 331.3 321.2 306.6 296 285.5 278.1 268.5 260.4 254.5 246 237.3 228.6 221.9 214 209.9 215.6 220.7 226.9 236 243.4 251.8 260.4 270.4 279.6 297.1 312.6 325.8 332.3 336.5 339.4 341.6 341.7
310.9 307.6 306.7 308.5 311.2 310.7 307.8 303.7 298.5 295.7 293.7 291.7 289.9 287.1 285.2 284.9 285.8 287.2 288.4 288.1 286.7 283.4 276.7 272.2 270.8 270.9 273.2 276.3 281.1 286.5 291.5 299.7 310.2 321.6 331.3 341.8 350.7 355.9 360.9 364.9 367.4 367.4 364.5 356 345.9 335.1 324.4 313.8 301.2 291.4 282.2 274.2 265 259.2 250.6 240.9 232 224.9 218.5 212.2 211.1 220.8 225.9 232.9 240.7 247.5 256.6 263.6 275.4 287 301.1 315.8 328.6 338.1 344.4 347.9 350.7 348.7
320.8 317.5 315.9 317.1 319.3 318.5 316.3 313.5 308.1 305.3 302.7 299.6 296.1 292.5 290.3 289.4 290 290 290.9 290.1 288.7 285.2 277.5 273.3 273.3 273.8 276.8 279.8 284.5 289.6 297.2 305 316.5 327.9 339.5 350.4 357 363 366.3 368.3 369.2 367.1 361.9 352.9 341.8 331 319.2 306.8 295.8 287 278.4 269.3 262.9 256.4 247.6 238.1 228.2 221.6 213.7 211.7 219.2 225.7 231.6 238.7 245 251.2 260.2 267.3 278.4 290.8 303.7 317.6 330.8 343.8 352.2 354.6 354.4 351.4
327 325.3 324 324.7 325.9 325.3 324.2 322.4 318.5 315.5 311.3 307.4 303.2 298.4 295 294 293.7 293.2 293.6 292.2 290.3 286.5 279 276 276.3 277.3 280 283.8 288.5 294.3 302.9 311.4 322.6 333.9 346.5 354.2 361.8 366.6 369.4 370.4 368.1 363.5 357.1 347 335.4 323.6 311.7 300.9 291.6 282.2 273.5 265.4 259.6 253.9 244.9 235.9 227.2 216.7 215.9 227.9 228.6 229.2 237 243.4 249.8 256.4 263.1 269.9 278.9 290.4 304 317.7 331.8 345.2 354.5 357 354.3 349.4
334.4 332.6 331.8 331.4 330.5 329.9 330.5 329.7 326.9 322.7 319.7 315.5 309.9 304.5 300.3 298.3 297.1 296.3 295.7 294.9 292 288.3 281.1 279.5 279.5 280.9 283.2 287.9 292.7 298.7 307.3 316.2 327.4 339 349.7 357.4 364.2 367.9 369.6 367.9 364 358 349.6 338.6 327 316 305.1 296.7 287.3 277.6 268.3 263.7 258 250.7 238.9 230.4 219.5 218 229.8 235.7 237 236.5 241.7 247.4 253.8 260.6 267.7 274.4 281.6 290.8 305.2 318.9 332.8 343.5 353.2 354.9 350.6 344.8
343.2 341.5 341.6 341.4 339.6 338.1 337.8 337.1 335.4 331.9 327.5 322.3 316.2 309.2 303.6 301.5 300.7 300.1 299 298.2 294.9 291.2 286.4 284.1 283 284.2 287 291.9 296.8 302.1 310.5 319.3 329.9 341.1 350.1 358.4 363.9 366.1 365 361.2 356.5 349.7 341.2 329.2 319.2 309.5 298.9 292 283 273.2 267 261.7 256.2 246 233.6 222.2 221.5 231 236.2 241.7 245.5 245.2 248.3 253.8 259 266.1 272.4 279.1 286.9 296.2 310.6 322.9 335.9 344.1 349.8 349 343.6 337.9
351.2 349.9 349.7 350.2 349.2 348 347.9 346.6 343.1 338.4 333.9 327.4 320.1 313.4 307.4 304.4 304.4 303.9 303.2 301.4 299.3 296.1 292.5 289.1 287.3 286.7 290.4 295.7 300 304.8 312.7 321.8 331.5 340.9 351.1 358.1 361.4 360.4 358 352.4 345.8 339.6 331.6 320.9 310.7 303.3 293.4 286 277.8 270.9 266 260.5 251.2 239.6 230.1 224 231.4 236.8 242.6 247.3 250.9 256.4 257.8 260.7 265.6 271.2 276.8 284.4 292.2 303.9 317 328 338 344.6 347.6 345.1 336.1 326.3
360.7 358.2 359.4 361.1 361.9 360.8 359.8 356.9 351.8 346 340.4 333.3 325.2 316.9 310.2 307.4 307.2 307.5 307.3 306.6 304.6 302 298.7 294.2 292 291.7 294.9 300.2 301.2 305.6 312.7 323.2 330.9 338.4 349.2 354.3 356.2 352.7 348.2 341 334.3 328.7 320.9 310.9 302.7 294.9 288.9 281.7 274.3 268.9 264 257.3 245.2 235.3 224.9 230.8 236.4 242.9 249.1 254.3 259.1 264.2 266.7 268.9 272.5 277.3 282.5 290 298.1 309.9 320.8 331.9 341 346.4 345.9 338.2 328.3 314.5
371.7 369.4 370.7 373.1 376.2 374.7 372.2 369.9 364.3 357.8 347.9 339.2 331.1 321.3 314.1 311.7 311.8 312.8 313.2 311 310.2 308.1 304.2 299.7 297.3 297.4 297.5 301.4 302 305.4 311.8 319.8 327.5 335.2 345.2 348.1 347.5 343.9 337.5 331.3 324.6 319 310 301.8 295.2 289 283.6 276.8 270.4 265.4 260.1 251.4 240.4 227.5 230.4 236 242 248.9 255.4 260.7 266.1 271.4 273.8 276 279.8 284.5 289.3 295.9 305.4 316.8 325.6 335.2 342.8 346.3 340.9 332.4 321.7 304.2
