data/370000-790000.asc
ncols 200
nrows 200
xllcorner 370000
yllcorner 790000
cellsize 50
[rows 108 to 143 of 200, columns 0 to 80 of 200]
63.5 59.7 60.7 63.9 67.6 70.1 70.4 70.5 69.8 71.8 76.1 82.3 85.1 84.8 83.3 83.7 86.4 89.3 91.6 94.1 100 106.3 111.1 114.1 118.8 123.4 123.5 127.2 130.4 129.3 126.7 124 119.4 111.6 108.6 109.7 109.8 105.6 102.4 100.9 98.6 94.8 90.9 86.8 94 95.2 94 94.2 93.1 92 92.4 95 99.9 103.2 106.4 108.3 109.8 111.8 114 115.1 116 116.8 116.9 117.9 119.9 122.3 124.1 125.9 127.6 129.5 131.5 134.6 137.9 139.9 141.7 142.9 144.5 147.6 151.4 152.7 151.7
65 60.8 60.4 64.1 67.9 70.6 70.6 69.6 71.3 73.8 77.2 82.1 85 85.4 86.6 88.4 90.6 93.9 92.9 97.4 104.2 110.1 114.3 117.7 124.6 128.8 128.4 131.4 131.5 128.2 128 125.5 121.6 118.2 118.9 117.3 115.6 113.2 109.5 107.6 103.9 100.9 98.4 96.7 98.1 96.7 94.6 94.9 94.3 93.7 96.3 98.5 102.8 106.4 109.2 111.2 112.4 114.1 117 118.4 117.8 118.2 118.8 121 123.2 125.7 128.4 131.8 134.4 136.8 139.2 142.8 146.3 148.5 149.6 150.4 150.9 152.8 155.5 154.3 153.2
67 62.4 63.4 65.3 67.8 70.2 72.3 74.1 77.5 79.2 82.3 80.6 82.8 86.2 90.6 93.7 96.2 98.6 96.9 101.1 107.6 112.7 116.6 121.5 130.2 133.3 129.7 134.5 129.4 133.3 133.9 133.3 130.7 129.6 127.5 124.6 121 118.5 117.5 115.2 110.4 108.5 107 105.3 103.8 102.8 101.4 100.6 100.4 100 101.4 102.7 107 109.9 111.6 112.9 114.2 115.9 117 116.9 116.5 117.9 121 124.4 127.3 130 134 137.5 142.7 146.1 149.1 151.4 154.4 156.4 157 157.7 158.1 158.7 158.3 157.1 155.3
65 61.4 66 68.1 68.2 72.6 76.3 81.8 85.5 88.4 90.7 89.8 88 88.8 93.4 96.9 102 103.8 103.7 105.4 109.4 113.3 116.8 122.8 130.8 132.9 133 134.6 137.8 141.7 141 141.2 138.9 138.2 136.3 132.5 128.1 124.9 122.9 121.6 116.6 115.2 112.4 110.5 110.4 109.2 107.9 106.7 105.8 105.6 106.2 106.8 109.4 111.2 112.3 113.4 114.3 115.6 115.2 115.7 116.4 119.7 124.3 128.4 131.6 135.6 139.6 143.3 149.2 154.3 158.1 160.6 162.6 163.9 163.8 163.6 163.4 163.1 163.4 161.1 158.8
63 63.3 67.7 71.6 75.3 80.7 85.5 89.3 93.3 93.9 97.5 96.9 95.3 94.6 95.6 102.4 107.2 110.2 111.1 110 110.3 113.8 118.2 124.1 131.9 133.1 136.6 140.6 146 150.8 149.3 148.7 146.9 145.8 145.1 139.4 135.1 130.9 129.5 126.9 122.6 121.1 117.8 115.4 115.7 113.9 112.6 111.3 109.9 108.8 108.9 109.8 110.9 112.6 113.4 114.2 114.2 114.3 114.6 115.1 117.5 121.3 126.3 130.7 135.3 139.9 144.4 149.5 155.3 160.4 164 166.7 169.2 170 168.9 168 167.2 166.8 165.6 163.5 161.2
66.5 68.2 71.3 76.7 81.8 86.6 91.5 94.6 98.6 101.6 104 104.9 102.9 102.9 105.6 108.2 111.6 113.7 115.1 114.2 113.2 115.5 119.5 125.4 132 135.8 141.4 148.7 154.2 159.7 161.1 159 155.4 153 151.7 142.5 140.8 138.4 135.5 133.3 129.4 126.3 123.2 120.2 119.6 118.1 116.5 115 114.1 112.1 112.2 112.4 113.4 113.4 114.4 114.5 114.6 115.1 115.6 116.3 118.8 122.9 127.7 132.1 136.4 140.9 145.7 151.4 157.8 163.4 168.3 172.2 175.9 176.1 175.3 174.5 172.5 171.2 170.3 166.7 163.4
69.7 71.6 76.8 82.4 86.2 90.6 96.1 99.7 105.4 110.4 113.4 115 113.4 113.3 111.7 112.6 114.9 116.8 118.7 118.3 117.8 118.6 120.9 126.8 132.2 137.8 145.2 152.8 160.3 165.4 169.9 167.2 161.9 158.3 156.2 150.6 148.7 147.1 144.6 140.6 135.7 131.8 127.8 124.7 123.4 122.6 121.4 120.1 117.8 115.6 115.3 114.7 115.5 115 114.5 114.6 115.1 115.6 116.1 118.2 120.4 124.1 128.6 133 137.4 142.4 147.4 153.1 160 165.9 172.1 177.8 181.4 181.6 179.3 179.3 177.6 175.2 171.7 168.5 166.7
71.8 75.5 81.8 87.9 91 96.4 103.7 109.9 114.6 119 121.5 123.5 121.8 120 118.1 116.4 118.4 120 121.8 122.5 123 123.7 124.2 127.2 133.1 139.7 147.3 154.7 161.8 168.8 174.6 170.5 166.2 163.6 160.3 158 156.6 154.5 150.7 146.5 141.5 137.3 133 129.3 126.9 126.3 124.6 123.6 121.2 119 118.3 117.3 117.1 116 114.7 115 115.6 116 118 120.1 122.2 125.8 129.8 134.2 139.2 145.3 150.3 155.4 161.7 168.4 175.1 179.8 184 183.6 182.1 180.6 180 176.8 173.3 172.1 170.5
74.8 80.3 86.3 92.5 98.3 104.6 112.1 118.2 121.8 125.5 128.5 131.2 130.7 129 127.1 123.9 123.4 125 126.1 127.5 128.5 129 128.8 130 134 140 147.3 154.1 161.7 168.2 173.5 172.9 172.4 172.9 167.8 163.1 161.1 160 156.3 151.9 146.9 142 137.2 132.6 130.2 128.4 126.7 125.3 123.4 121.7 120.3 119 118.1 116.5 115.1 115.5 116.1 117.7 119.8 121.7 123.9 127.5 131.5 135.5 140.2 146.2 154.8 159.4 163.4 168.4 173.6 177.6 181.5 180.8 179.6 179 181.6 178.9 177.6 176.7 176.8
79 84.9 90.7 97.5 104.7 112.1 119.3 125.7 129.3 133 135.5 138.7 140.2 138.1 135 132.1 129.2 130.5 131.3 132.6 133.2 133.7 133.4 133.8 136.6 141.5 146.7 153.2 161.6 168.6 172.9 175.2 177.8 179.6 174.4 167.7 163.7 161.3 159.1 154.3 150 145.9 141.2 135.8 132.4 130 128.3 126.6 124.9 123.3 121.6 120.1 119 117.4 115.8 116.1 117.4 119.1 120.8 122.9 125.7 128.9 132.9 137.8 142.2 148.9 157.5 160.4 163.6 166.7 172.7 175.7 177.4 176.8 176.3 179.8 182.3 183.1 182 181.7 182.9
81.6 88.3 96.2 103.3 110.7 118.7 127.4 134 137.7 141.3 144.4 147.3 148.9 145.6 142.1 139.2 136.7 136 136.4 137.3 137.8 138.3 138.2 138.6 141.4 144.6 149.2 155.3 163.3 170.2 173.9 175.2 176.6 179.2 179.9 170.4 166.8 164.2 160.4 158 153.3 148.7 143.5 138.9 135.4 132.8 130.5 129.3 127.3 125.9 124.6 122.2 119.8 118.3 116.5 117.1 118.3 119.9 121.9 124.7 127.5 130.3 134.5 140.1 144.9 149.7 155.1 157.5 160.8 163.8 165.9 166.9 171.2 170.6 173.7 176.9 180.5 183.2 184.4 185.5 186.2
83 91.2 99.4 107.3 116.1 124.4 134.2 139.1 143.8 148.6 152.5 154.8 157.1 154.1 149.8 147.7 145.5 143.8 142.9 142.6 142.4 142.8 142.9 142.9 145.1 148.7 155 160.7 167.4 173.2 176.3 176.4 176.3 176.2 177.3 172.2 170.3 167.8 164.6 162.4 159.4 154.6 149.6 144.7 140.1 137.5 135.4 133.1 130.7 129.1 127 124.6 122.5 121.2 119.3 120 119.7 121.6 123.4 126.3 129.2 132 136.3 141.8 146.3 149.4 150.5 153.8 156.4 157.2 157.3 158.9 162.7 167.5 171.5 174.9 178.6 183.4 185.4 189.1 189.7
85.9 94.1 102.2 110.4 119.2 128.8 137.1 142.8 147.9 152.8 157.3 160.3 163.4 164.9 160.2 156.3 153.4 151 149.6 148.6 147.5 147.1 146.9 147.1 149.4 152.7 158.7 164.4 170.3 175.9 178.6 179.2 180.4 181.1 180.7 177 175.2 174.7 170.9 168.7 165.5 159.7 154.9 150.2 146.6 142.1 139.8 137.2 134.6 132.1 130.1 128.2 126.2 125.2 124.2 123.7 122.8 123.2 124.7 127.4 130.2 131.8 134.7 139.8 144.6 145.6 144.8 147.6 149.3 149.3 151.1 155.2 160.5 164.9 169.2 173.2 178.4 183.4 187.9 192.7 195.8
88.6 96.8 105 113.2 121.2 130.3 139.4 146.1 151 155.4 160.8 167.2 171.2 174.6 172 166.1 160.7 157 154.4 153.8 152.5 152.3 152.1 152.3 154 156.3 160.9 166.6 172.4 178.2 180.8 183 187.7 192.4 189.4 184.2 181.7 181.8 179.7 176.5 171.3 164 158.9 154.4 150.4 147.1 144 141.1 138.2 136.2 134 131.9 130.2 129 126.9 125.3 124.3 123.9 124.6 127.7 129.8 131 133.7 136.6 139.1 139.7 138.9 141.9 146.5 149.3 152 155.9 158.9 163.1 167.5 172.7 178.3 186.1 193 198 201.5
91.2 99.4 107.6 115.7 123.7 131.3 139.8 147.9 153.8 159.9 166.6 173.8 179.4 182.9 182.4 175.8 168.9 165.4 161.8 162 161.6 160.2 158.9 157.6 158.1 160.1 162.7 168.6 173.8 178.8 183 186.6 190.6 193.3 190 186.2 187.4 189.5 186.9 182 175.7 168.3 162.4 158.3 154.2 150.7 147.4 144.6 142 140.3 137.3 134.8 132.1 129.9 127.5 125.8 124.2 124.5 125 126.4 128.4 130.2 131.9 132.2 134.2 136 138.8 142.7 146.7 149.8 152.6 155.6 158.4 162.5 168.1 175 183.2 191.3 196.4 200.8 204.6
93.7 101.4 108.8 117.4 125.9 133.3 142.3 151 159.3 166.7 175.7 182.6 187.8 192.4 192 185.3 179.2 175.3 173.1 171.8 171.9 169.7 165.8 164.6 163.3 163.8 165.4 169.3 173.2 178.1 182.6 185.6 189.2 192.1 191.8 191 192.5 194.7 191.9 185.4 176.6 169.2 164.2 158.1 154.5 151.5 149.1 146.8 144.2 141.9 139.2 136.3 133.1 130.6 128 126.9 125.3 125.1 126.4 128.1 129.8 130 131 132.6 135.6 138.6 141.2 143.3 146.6 149.7 152.5 155.2 158.4 164.1 170.3 177.9 186.3 194.2 199.5 204.8 209.3
97.5 102 108.6 116.3 125.6 137.2 148 157.2 167.2 175.5 184.5 192 198.2 202.6 203.4 198 191.8 189 185.3 184 181.9 178.5 173.5 170.1 168.8 168.6 168.9 169.8 171.6 175 179 183.8 187.7 191.9 196.3 198.2 197.8 194.5 188.4 181 172.5 167.5 164.6 157.4 154.5 152.1 148 145.8 143.7 141.7 138.1 136.5 135.2 134.5 132.7 131.7 129.3 127.4 128.3 129.4 130.6 131.1 132.5 133.8 136.4 139.2 141.6 143.9 146.5 149.5 152.3 155.5 159.8 166.1 172.2 179.6 188.1 195 202.3 209.1 214
101.7 106 110.8 117.5 126.8 140.2 153.2 162.7 173.1 184.1 192.4 200.1 207.2 212.4 212.6 209.2 204.7 200.5 195.2 192.1 190.5 187 181.1 176.7 175.1 174.2 174.5 174.4 174.4 175.1 178.2 182.8 187.7 193.3 198.6 201.5 197.6 192 185.8 177.3 171.5 168.7 165.7 160.4 157.5 155.3 153.2 151.3 149.4 147.8 145.6 142.6 141.2 140.6 138.9 137 134.5 131.2 130.4 131.6 132.4 133.3 134.1 134.8 137.3 139.8 142.2 144.8 147.4 150 153.7 158 162.2 167.4 173.8 180.8 188.7 195.9 204.3 212.7 218.6
105.7 110.6 115.6 120.8 129.3 142 154.9 164.8 176.5 188.7 198.6 207.8 215.6 221.1 221.1 219.4 216.6 210.7 204.9 201.1 198.4 194.3 188.7 183.1 183.7 181.3 182.3 180.8 180.4 179.8 181.4 184.1 189.6 195.8 200.2 201 196.5 191 185.1 178.8 173.7 171.1 169.4 166.9 164.1 162.5 160.4 158.3 156.3 154.3 151.9 148.7 146.6 144.8 143.4 140.5 136.9 133.9 132.4 132.8 134.8 135.6 135.4 135.9 138.2 141.2 143.8 146.4 149 151.5 155.6 159.6 163.8 169.2 175.3 182.1 189 197.3 205.7 214.2 220.4
110.3 115.4 120.4 125.5 132.4 142.5 153.3 165.5 179.1 192.2 204.7 214.4 222.6 227.4 230.4 229.2 226.4 221 214.5 209.8 205.9 200.8 195.8 192.2 191.6 191.6 191.6 189.9 186.2 185.9 186.6 188 193.2 198.3 201.3 199.1 194.7 189.9 187.7 183.9 179.6 177.8 176 175.7 172.1 169.2 166.7 164.5 162.6 160.6 158.1 154.6 150.8 148 145.1 141.6 137.9 135.4 133.3 133.6 136.7 137 136.7 137.3 138.9 141.8 145.4 147.9 150.4 153.2 157.1 161.6 166.8 171.3 177.4 184.8 192.3 199.8 208.2 214.5 218.8
112.9 118.1 123.3 129.2 136 146 156.9 167.4 180.8 193.8 205.9 218.2 226.7 233.6 239.2 236.9 234 230.5 224.1 219.7 213 206.7 202.8 199.9 199.4 200.5 200.1 199 198.2 195.2 192.7 193.6 199.8 202.2 202 202 200.8 198.8 196.5 193.3 189 187.3 186.1 184.2 179.7 175.2 172.1 169.4 167.5 165.3 163.3 159.3 154.9 150.6 146.3 142.3 138.7 136 133.4 133 136.2 137.9 137.9 138.2 139.7 142.5 145.6 148.9 151.6 154.3 159.3 164.4 169.5 173.9 179.6 186.8 194 201.5 205.3 210.4 213.6
115.4 121 127.5 134 140.4 149 159.7 170 182.1 193.8 205.6 217.2 227.5 235.4 239.8 241.2 239.8 238.2 233.2 226 217.4 210.7 207.2 206.2 206.8 208 209.5 209 208.8 209.3 209.3 207.5 207.6 206.8 206.8 207 206.2 205.8 205.3 202.8 197.6 195.6 193.5 190.4 185.1 179.8 176.4 172.4 169.6 166.9 164.8 161.4 156.2 150.6 145.8 142.1 138.7 135.7 133.8 135.1 136.3 138.1 138.8 140.1 140.3 142.8 146.1 149.4 152.6 155.6 160.1 165.2 169.9 175.4 180.7 187.7 195.2 200.9 204.2 207.2 209
118.6 124.8 131 137.1 143.3 150.8 160.7 171.4 181.4 193 205.2 217.2 227.2 234.7 238.5 239.7 238 236.1 232.8 228.1 218.3 214.1 212.1 211.1 211.9 213.9 216.7 219.7 219.4 220.1 220.6 218.9 217.6 216.5 215.2 214.7 214.5 214.2 213.4 212.2 208 203 200.1 195.5 188.9 182.7 178.5 174.4 171.9 169.1 166.3 161.2 155.5 150.8 145.9 142.6 139.5 136.8 135.9 136.6 137.4 138.6 140.1 141.1 141.5 143.4 146.1 149.3 152.8 156.6 160.1 165.2 169.5 174.9 181 187.6 194.4 199.3 202.7 204.2 202.3
120.7 126.7 132.8 138.9 145 152.8 161.3 170.2 178.9 191.3 202.1 213.1 222.5 229.9 236 236.4 234.5 233.1 229.4 224.9 217.9 215 215.4 215.1 215.9 219.7 223.2 227.7 229.3 229.1 230.2 230.7 228.9 228 228.3 227.5 226.2 225.7 222.9 219.6 215.2 209.7 204.2 198.7 191.8 184 179.6 175.4 171.3 168.4 164.4 159.4 154.9 150.2 145.5 142.4 139.7 138.2 138.5 139.3 139.7 140.2 140.8 141.9 142.5 144.3 146.8 149.5 153.1 157 160.8 165 169.8 174.8 180.1 186.3 192.1 195.4 198.3 198.5 195.7
122.7 128.6 134.5 140.5 146 153.6 160.3 168.7 177.5 187.4 197.9 206 215.2 224.4 229.8 230 228.7 223.9 221.5 216.6 213.1 212.9 215 216 220.1 224.1 228.2 233.2 236.3 237 238.2 238.1 238 237.5 238.6 238.4 236.9 233.6 229.7 225.5 219.8 213.5 205.8 200 192.8 184.6 179.9 175.2 170.6 166.5 161.3 156.6 152.4 148.1 144.4 141.2 139.5 138.5 139.7 140.6 140.3 141 141.7 142.6 143.4 145.2 147.4 150.5 153.6 157.4 160.6 164.7 169.5 173.3 178.2 184.4 188.6 191.4 192 192.8 191
123.9 129.8 135.3 140.8 146.5 152.9 159.4 167.1 175.8 185.5 193.4 200.1 206.4 214.5 220.4 222.9 218.8 212.2 209.3 207.4 208.5 209.8 213.2 216.8 221.3 225.6 230.1 234.6 238.6 240.8 243.4 244.1 244.8 245.1 245.6 244.2 242.2 238.6 233.7 229 223.3 215.7 206.7 198.7 191.2 183.2 177.3 172.1 167.6 163.9 158.3 153.7 149.1 145.1 141.3 140.4 140.5 140 140.6 140.4 140.5 141.1 141.8 143 144.2 145.9 146.9 150.3 153.4 156.6 159.6 163.2 167.9 171 175.3 180.8 185.1 188.2 189.1 188.4 186.2
125 130.1 135.5 141.2 146.7 151.4 158.5 165.8 174 182.5 188.9 195 200.4 205.2 209.5 209.5 205.4 199.4 198.3 201.1 203.8 206.6 209.8 213.3 219 224.4 228.3 232.7 237.6 242.2 244.4 246.8 248.8 249.5 249.3 247 244.6 240.8 235.8 229.4 222.1 212.6 203.4 195.4 188.6 180.5 174.9 170.4 165.1 160 155.3 151.2 146.1 142.6 140.6 140.1 141.2 141.8 141.7 140.7 141.1 141.7 142.6 143.7 144.9 146.4 147.3 149.1 152.1 154.7 157.4 160.6 165 168.5 173.2 177.8 181.7 183.9 185.3 184.6 182.6
123.7 129.4 135.9 141.4 143.2 148.5 155.4 163.7 170.6 177.6 183.6 189.7 195.9 198.5 198.4 194.3 191.8 190.4 191.6 194.5 197.9 201.6 204.6 208.4 213.7 220.1 225.4 230.8 235.8 239.2 242.8 245.4 249.6 253.3 252.3 249.2 245.7 240.5 236.7 228.9 219.8 209.7 200.3 191.9 185.6 178.4 172.3 166.8 161.8 157.4 152.8 149.7 145.9 143.6 142.8 142 142.7 143.1 142.5 141.7 141.7 142.6 143.7 144.8 145.6 146.5 147.2 148 150.5 152.6 155.2 158.1 162.3 165.7 170.2 175.4 179.5 181.4 182.3 181.5 180.5
122.9 128.3 134.8 139.7 140.9 146.4 153.1 160.6 167.2 173.3 178.6 184 188.8 189.8 188.8 186.7 186.2 185.3 186.3 188.5 192.1 195.4 197.9 202 207.5 213 219.1 223.5 228.9 233.5 238.2 243 248.2 251.6 250.8 247.8 244 239.4 234.7 227.4 217.4 207.4 198.6 190.9 184.4 177.8 170.8 164.7 161.3 156.8 152.1 149.3 146.7 145.3 144.6 144 143.7 143.8 142.6 142.2 142.7 143.8 144.9 146 146.2 146.5 147.2 148.4 149.6 151.2 153.7 157.3 160.5 163.5 166.6 171.5 176.7 178.9 179.8 179.2 178.7
121.6 127 132.1 137 140.4 145.3 151.7 157.3 163.6 169.7 175.1 178.6 180.6 181.1 180.4 179.6 180.4 180.5 181.3 183.2 186 188.1 190.7 195.7 201 205.4 211.1 215.7 220.2 226.2 232.9 239.2 244.9 247.6 247.6 246 243.1 239 232.6 226.1 216 206.4 198.7 192.1 185.3 178.8 172.8 167.3 163.3 158.9 154.4 151.7 149.6 147.6 145.5 144.1 144.1 143.9 143.1 143.1 143.3 145.2 146.3 146.1 146.5 146.5 147.7 149.1 150.5 152.3 153.9 156.1 158.8 161.5 164.8 169.1 174.2 176.5 177.4 177.4 176.9
120.7 126.1 130.7 134.8 139.4 144.2 149.3 154.9 160.6 166.5 169.9 172.9 175 175.7 175.3 173.9 174 175.7 176.5 178.8 177.9 179.8 184 189.8 195.1 199.1 204.8 209.6 214.3 220 226.6 233.5 239.8 243.5 245.7 246.2 244.8 243 234.8 225.4 217.1 209.1 201.4 194.4 187.8 181.6 175.5 170.1 166.5 162.2 157.9 154.1 151.1 148.3 145.8 145.4 144.9 144 144.1 144.7 144.6 145.5 146.6 147.2 147.4 148.8 150.1 151.1 152 153.8 155.4 157 158.5 160.4 163.6 168.2 172.8 173.4 174 175 173.3
119.9 123.2 126.6 131.8 136.8 142.1 146.6 152.1 157.6 163.2 166.8 171.4 171.8 170.9 170.1 168.7 168.7 171.3 170.4 171.3 169.3 172.9 176.9 182.6 189.2 194.4 198.2 203.1 208.4 213.1 220 227.1 233.7 238.6 243.7 246.6 248.4 246.4 237.9 228.2 221.4 213.1 205.2 197.5 190.7 184.6 178.9 174.2 169.3 164.7 160.3 156.2 153 150.9 148.8 147.5 147 146 145.7 146.8 146.6 146.8 148.5 149.7 150.4 151.2 152.1 153.1 154 155.8 157.3 158.8 160 161.1 163.7 167.5 171.1 171.6 172.2 172.5 170.6
117.6 120.9 124.3 128.9 134.7 140.9 145 148.5 153 158.5 163.6 167.3 166.2 165.1 165 164.4 164 163.6 163.1 163.3 162.8 166.3 170.6 175.7 183.1 188 191.7 197.1 203 206.7 212.4 219.5 226.3 231.7 236.4 243.1 248.1 246.8 238 231.5 224.5 216.8 209.1 201.4 193.6 187.7 182.5 176.9 171.7 166.9 162.5 159 155.4 154.7 152.3 150.8 150 149.1 148.8 149 149.2 149.2 150.1 150.8 151.2 152.2 154.4 155.5 156.9 158.8 160.5 162 162.8 163.1 165.2 167.8 170 170.3 170.5 170 168.4
116.2 119.6 123 126.4 132.5 138.8 143.5 146.2 149.2 152.8 156 158.9 158.4 157.6 157 158.5 157.8 156.6 157 156.5 157.1 161.4 165.4 169.9 176.3 181 186.2 191.6 197.7 201 205.7 211.8 218.3 223.4 228.1 235.4 242.3 244.2 239.7 233.7 227.3 219.5 211.8 204 197.1 192.2 187.6 181.9 176.3 171 167.2 163.7 160.7 158.7 156.3 155.3 154.4 153.2 153.4 153.2 154.3 154.5 153.4 152.5 154.7 156.1 155.9 158 160.6 162.5 164.2 165.7 166.5 166.7 168.1 169.9 169.7 169.7 169.7 167.3 165.9
114.9 118.3 121.8 123.8 127.9 135 140.9 143.9 146.9 150.1 151.8 152.2 151.5 150.5 152.2 152.9 152.7 152.9 152.9 152.3 153.1 157.5 162.1 167.4 172.8 176.7 181.6 186.1 190.7 194.8 200.3 206 211.3 216 221.9 228.6 234.9 238.9 237.7 234.8 229.4 221.5 213.8 207.1 201.7 196.9 194 189 183.4 179 174.1 170.5 166.8 164 161.7 161.8 159.7 158 158 157.8 156.9 155.9 156 157 159.4 160.5 159.6 161.9 164.4 166.5 168.4 169.4 170.4 169.2 169.7 170.7 169.4 168.6 167.7 166.8 164.6
113.7 116.4 118.2 120 122.5 131.5 137.3 140.9 143.6 146.2 146.9 147.4 147.7 147.9 149.7 150.8 150.2 151 151.1 150.3 151.3 155.8 157.9 162.6 169 173 176.2 179 183.9 188.4 194.5 200.8 206 211.3 216.3 222.6 227.9 231.9 233.7 232.9 229.5 222.6 215.7 211.4 206.8 202.5 199.5 196.1 191.4 186 181.1 177.6 174.3 172 169.9 168.3 165.5 163.3 163 162.3 161.7 159.6 160.6 161.7 164.3 165.4 165.2 167.1 168.1 169.5 171.1 171.2 171 170.7 170.5 170.7 169.7 170.3 169.9 169.1 167.2
