data/370000-660000.asc
ncols 200
nrows 200
xllcorner 370000
yllcorner 660000
cellsize 50
[rows 70 to 104 of 200, columns 0 to 77 of 200]
302 310 312.3 316.3 321.5 322 323.9 323.4 320.6 315.5 307.7 296.5 287.3 280.7 270.6 249.6 266.6 292.8 305.6 304.7 302.7 299 294.7 291.5 296.2 312.1 332.1 352.1 367.2 377.9 385.4 388.9 389.8 388.1 383.4 378.3 371.9 364.5 356.5 348.6 341 333.5 326.4 317 320.8 329.2 334.4 337.5 336.5 333.8 330.3 327.6 324.9 322 318.6 315 310.6 306.3 303.5 301.9 300.3 299.3 298.4 297.4 294.6 292.9 290.6 288.1 285.2 281.8 280.4 278.5 276.9 275.5 273.8 271.2 268.6 266.9
288.4 295.4 303.5 308.1 312.4 317.9 318.8 318.9 317.3 313 305.5 296.1 287.1 280.3 271.5 253.3 258.7 281.8 285.9 284.7 282.1 278.3 280.8 296.6 310.6 325.5 342.1 355.7 366.7 376.4 383.4 386.7 387.4 384.8 380.9 375.8 368.8 361.8 354.3 346.1 337.7 330.2 323.4 315.4 312.3 323.4 329.5 333.3 333 330.7 327.3 324.7 322.1 319.9 317.2 314.3 311 307.6 305 303.6 302.4 301.6 301.4 300.5 299.2 297.9 295.5 292.4 289.7 286.7 283.6 281.3 278.8 276.9 275.1 272.6 270.2 268.1
264.9 277.8 286.2 295.7 301.2 307 312.4 312.5 311.3 307.9 302.3 294.7 286.1 279.8 273.8 253.2 252 269.9 267.1 263.9 266 279.6 298.3 313.4 325.2 338.5 349.5 358.9 367 374.3 380.4 383.2 383.2 380.6 377 371.9 365.2 358.2 350.4 342.5 334.1 326 319.5 311.9 306.4 318.1 324.8 328.5 328.4 326 323 320 317.6 315.7 313.8 311.6 309.9 307.6 305 304.3 304.6 304.4 304.1 303.9 302.9 302.3 300.7 298.5 294.9 290.6 286.8 283.9 281.3 279.2 277.5 275 272.7 272.1
251.3 252.9 264.7 279.3 288 294.8 301.3 306.3 303.8 302.1 298.5 292.5 284.7 279.3 275.1 260.7 245.6 253.5 258.4 273.4 284.9 297.7 314.9 329.3 339.6 348.1 355.1 361.3 366.9 372.6 376.6 378.9 378.6 375.9 372 367.2 360.2 353 344.6 336.6 329.5 321.5 315.5 307.9 301.4 312.8 319.2 322.9 323.1 320.7 317.5 314.1 311.2 309.3 307.8 306.1 304.8 304.4 303.9 302.1 303.9 305 305.5 305.8 306.3 306.3 305.5 304.5 301.4 296.6 290.5 286.3 283.9 282.7 281.8 279.5 276.9 274.9
249.7 246.4 247.6 260.3 272.5 280.1 287.6 292.5 296.2 294.4 293 289 283.4 277.7 274.3 265.4 249.7 245.6 268.6 292 306.7 317.4 327.5 336.4 343.7 349.8 356.1 361 364.8 367.7 370.2 371.9 371.8 369.7 365.7 360.5 353.3 345.5 337.7 330.2 323.4 317 311.5 306.1 296.8 308 314 317.2 317.3 314.8 311.5 308.1 305 302.8 301.7 300.9 299.6 299.7 300 299.1 300.9 303.5 306 307.7 308.3 309.3 310.3 308.9 306.9 301.8 295.1 289.8 288.5 287.8 286.6 283.8 280.6 277.7
259 248.7 246.5 246.8 251.5 261.2 267.9 276 282.9 286.5 287.4 284.6 279.7 275 272.4 264.3 249.2 246.8 270.1 298.9 315.5 323.8 330.9 337.5 343.8 349.1 354.1 357.8 360.5 362 362.2 362.3 362.3 360.8 357.2 352.7 345.9 338.4 331.4 324.4 317.9 312 306.7 302.2 295.8 303.6 308.7 311.2 310.9 308.9 305.6 302.2 298.9 296.4 295.9 295.2 294.8 294.6 294.4 294.9 297.7 301 304.6 307.4 310.5 312 313.1 312.5 310.5 305.3 298.8 293.9 294.3 292.6 290 286.8 283 279.3
269.6 262.6 256.6 245.5 242.3 245.7 249.9 254.8 264.4 272.6 279.3 280 275.2 272.6 269.3 262.2 249.6 243.1 271.5 298.9 315 322.6 329.4 335.8 341.4 346.5 350.8 353.2 354.3 354.1 352.8 352.6 352.8 351.5 349.7 345.5 338.6 332.4 325.7 318.8 312.2 306.2 298.8 294.2 290.5 298.2 302.8 304.5 304.5 302.9 299.6 296.4 293.3 289.4 290.1 289.5 289.6 289.3 288.5 290.4 293.6 298.2 303.5 307.2 311.5 314.3 315.5 314.8 312.2 307.7 302.9 300.4 298.8 295.9 292.7 287.9 284.1 281
281.5 275.5 268 260.2 247.7 243.4 241.9 241 246 252.3 263.5 268.2 272.6 268.6 265.9 259.3 247.9 244.1 271.4 298.1 312 319.1 325.7 332 337.7 342.6 345.3 346.3 346.3 344.7 343.2 342.3 344.4 344.6 343.9 340 334.2 328.2 320.5 313.5 310.6 309.2 305.5 299.5 293.4 286.6 294.8 297.2 297.9 296.8 295 291.9 288.5 284.9 284.2 284.6 284.5 284.3 284.1 284 289.2 295.4 301.7 307.6 312.2 315.9 316.7 315.4 312.6 310.5 307 304.9 301.7 298.1 294.5 289 286.3 283.7
297.7 293.1 284.2 275.2 268 261.9 255.1 245.4 239.8 237.7 247 255.7 260.5 265.2 261.6 255.7 244.6 243.4 271.1 297.4 308.1 314.8 321.4 327.8 333.4 337.1 339.1 339 336.9 332.7 327.1 328.6 337.3 341.7 341.2 338.5 332.9 328.1 325 322.9 319.8 314.9 309.3 302 295.5 289.6 283.1 289.3 291.5 290.9 290.2 288.2 284.8 280.1 278.6 279.6 279.4 279 278.7 278.3 286 294 301.2 307.3 313.2 316.9 316.7 315.1 312.3 310.9 308.8 305.9 301.8 298.8 294.7 290.2 287.7 286.3
310.8 306.1 300.9 291.4 283.9 275.8 266.4 263.4 251.3 242.6 239.7 241.6 248.9 254.8 256.1 252.2 243.2 242.1 269.2 291.6 301.1 310.2 317 323.1 327.9 331.1 332.3 330.7 324.3 310.5 308.5 315.1 332.1 339.9 340.8 339.2 337.3 334.7 331.9 328.9 324.8 319.5 312.9 305.1 297.4 290.4 284.8 279.5 282.5 284.9 284.1 283.3 281.1 277.7 273 274.8 274.6 274.4 273.8 276.5 284.7 292.8 300.6 307.3 313.4 316.1 315 312.6 310.2 309.5 307.2 304.6 301.3 297.3 292.8 290.5 288 287.9
319 314.7 309 302.7 296 288.5 279.1 269.6 264.9 258.7 241.2 240.7 236.9 245.4 249.7 247 240.8 239.5 263.4 274.9 292.4 304 311.2 317.3 321.9 324.7 324 320.2 302.9 292.9 310.4 328.5 336.8 341.4 343.6 343.7 342.4 340.4 337.5 333.4 328.7 322.8 316.6 307.5 299.5 295.9 290.2 283.6 277.9 275.8 276.8 277.8 276.7 274.7 270.5 269.7 269.7 268.8 268.7 275.1 283.1 291.7 299.1 305.7 310.8 311.6 309.4 307.5 307 306 304.2 302.5 299.5 295.1 291.4 289.3 288.5 288.7
324.4 320.3 315.6 309.9 303.1 295.6 285.4 279 273 266.1 262 245.9 234.7 234.4 237.5 244.3 241.1 237.9 259.2 273.9 286.5 296.7 303.8 309.3 313.5 315.9 315.7 302.9 286.2 294.7 315.5 331.7 340.1 344.1 346.1 348.1 347.2 345 342 337.5 331.7 325.7 319.3 312.5 308.9 303.4 297 289.9 283.9 278 273.4 270.6 269.4 269.5 267.2 265 264.5 262.9 262.9 271.9 278.9 288.4 296.1 301.9 305.6 305.4 303.3 302.5 302.9 302.6 301.8 300 296.8 292.4 289.6 287.9 287.5 288.3
328.4 324.6 320.5 315.3 309.7 303.7 297.4 289.5 285.5 279.2 272.3 266.6 259.1 248.4 239.9 232.8 238.4 236.3 247.8 261.7 275.5 287.2 295.4 300.7 305.1 307 305.6 286.9 275.2 297.8 319.5 332 340.3 346.1 349.9 351.4 350.5 348.7 344.7 339.7 333.9 328.3 322.6 318.4 313.8 308.5 302.8 297.2 290.8 285.4 282 278.5 274.4 271.9 269.4 266.5 266.1 262.9 258.2 263.1 273.3 283.4 290.8 295.4 297.4 297.1 296.7 297.7 298.4 298.9 298.4 296.3 293 290.2 287.3 285.2 285.5 286.8
329.9 327.7 324.2 320.6 315.4 310.4 305.6 299.6 295.9 292.1 287.1 280.8 273.9 264.5 256 245.3 233.1 231.6 237.7 247.7 259.9 274.8 286.5 293 296.1 298 295.4 274.1 275.8 299.4 317.2 328.9 337.6 344.3 351 354.1 353.3 351 346.5 341.7 336.4 330.8 325.8 321.7 317.3 312.7 307.4 302.7 297.2 292.3 289.1 285.7 282.7 279.6 276.7 274.6 272.3 269.3 265.5 257.8 265.8 276.7 283.3 287.1 288.3 288.8 291.7 291.5 292.6 294.1 293.7 291.4 290.5 287.7 285 282 282.6 284.7
331.3 329.2 326.5 322.8 320.2 314.7 312.6 309.4 305.6 302 297.8 292.5 285.6 278.7 269.3 256.1 244 237.4 233.8 237.4 246.3 259.1 275.4 285.9 289.8 291.3 287.7 267.3 272.8 289.4 299.9 314.1 332.4 342.2 349.3 353.8 354.2 352 347.2 342.3 337.2 332.1 327.7 323.6 320 315.9 312.6 308.2 303.4 300.1 296.8 293.3 289.8 286.3 282.8 280.1 277.6 273.6 268.5 262.4 254.7 266.8 275.5 278.5 277.9 282.7 285.4 283.7 286 288 288.6 288.6 287.9 285.2 282.6 279.1 278.9 280.9
331.1 330.4 328.3 323.4 321 319.3 317.7 315.9 314.4 311.2 307.4 302.9 296.4 286.5 272.9 261.8 252.4 246 237.5 232.8 234.8 246.5 262 276.5 282.8 285.2 282.5 262.1 260.1 272.7 285.2 300.5 320.3 338 346.7 351.1 352.6 351.2 346.9 341.6 336.8 332.1 328.1 324.6 321.3 317.9 315.5 312.6 309.4 306.6 303.1 299.6 295.8 291.5 287.5 283.8 279.7 275 269.3 262.8 256.1 257.3 262.9 264.6 270.1 276.7 278.8 275.5 280.6 283.6 284.6 284.9 285.2 282.6 279.8 275.8 275.2 277.3
325.8 328.1 326.6 324.7 323.3 323.8 322.2 321.1 321.3 318.8 315.2 310.6 301 287.5 276.6 270.3 264.2 254.1 244.1 233.9 229.5 233 248.4 265.3 275.7 277.9 266.9 251 259.5 275.2 284.5 287.4 310.7 334.5 344.1 349 350.1 348.9 345.1 340.6 335.8 331.1 327.3 324.1 320.9 319.1 317.7 316 313.5 311.5 309.1 305.5 301.5 296.2 290.7 286.4 280.9 275.3 269.3 263.6 259.3 252.4 252.8 256.1 263.5 269 270.4 269.6 276 279.9 281.7 282.4 282.3 280 276.9 272.4 271.5 273.3
321.8 324.1 325.2 324.3 324.8 325.6 326.7 327.5 328.1 323.6 319 313.3 302.4 293 291.1 282.5 272.4 262.7 255.3 247.5 237.1 227.8 232.7 248.7 264.1 264.1 249.5 247.7 268.8 286.6 301.5 313.7 322.5 334.7 341.2 345.9 346.9 345.8 342.9 338.5 333.7 328.7 324.7 321.8 319.1 317.6 317.2 316.7 316.3 314 311.9 309.2 304.7 299.2 293.4 287.5 281.8 274.8 268.7 263.4 259.1 256.7 250.5 251.1 254.7 260.2 261.3 268 272.5 276.9 278.7 279.7 279.5 277.9 275 269.6 268 269.3
309.8 313.2 322.1 324.2 326.5 328.8 331.5 331.5 330.3 327.9 322.9 316.7 308.2 302.1 297.5 289.3 279.9 271.3 263.4 255.6 247.5 236.3 228.2 233.3 244 247.1 238.3 258.6 278.4 296.4 314.6 324.4 331 337 341.6 343.4 343.1 341.6 339.2 335.3 330.8 325.8 321.1 317.4 314.5 314.5 315.5 315.6 315.5 314.6 312.3 309.4 305.2 299.7 292.9 286.9 281.5 274.6 268.1 263.2 259.2 256.5 253.2 248.1 247.3 252.7 258.2 264.8 269.7 273.8 275.7 276.6 276.3 275.4 272.2 267.5 265.2 265.9
314.7 310.5 319.2 325.1 327.9 331.8 336.3 336.2 333.4 332.8 331.1 326.5 318.1 310.8 303.1 295.3 287.5 278.9 271.1 264.2 258 249.2 231.8 228.9 229.6 233.9 247.8 268.1 289.3 307.5 320.3 328.3 333.7 338.1 340.1 340.1 339.2 337.5 334.9 331.7 327.5 323 317.4 309.7 309.2 309.8 310.9 312.4 312.3 311.9 310.1 307.3 303.3 297.8 292.4 285.6 280 273.3 267.8 263.7 259.9 256.9 254.1 251 247.4 247.4 254.8 260.1 265.9 269.8 272 272.5 272.6 271.4 268.6 265.2 263 262.4
315.9 302.5 307.4 317.8 327.2 333.2 338.2 338 336.5 336.1 336.3 331.4 322.8 316.4 309 301.2 294 286.4 278.8 272.2 265.9 260.5 246.3 232.7 226.7 223.9 240.8 260.8 281.4 303.1 320.2 328.6 333.5 337.2 337.8 336.4 334.8 332.7 330.5 327.6 324.3 320.5 314.8 307.4 299 302.7 304.8 306.2 307.6 308.1 306.3 303.7 300 294.5 289 283.8 278.3 272.8 268.4 264.2 261 258.3 255.7 252.5 249.9 245.1 245.9 254.3 258.2 264.2 266.9 267.4 267.9 267.2 265.7 263 260.6 260
303.4 303.6 300.3 312.1 321.5 329.7 334.4 335.5 335.6 336.1 334.5 327.8 322.2 318.9 314.5 307.8 300.5 293.2 285.6 279 273.3 267.5 253.8 239.3 228.6 226.1 229.2 243.3 263.2 283.7 303.9 324.1 331.3 333.6 333.6 331.5 329.3 327 325.3 323.7 320.9 317.7 312.9 306.3 298.8 289.3 288.3 293 298.7 301 300.5 298.8 295.1 291.3 286.7 282.2 278.7 273.8 269.1 264.6 261.6 260.3 259.7 258.3 255.7 253.2 245.8 242.8 250.4 255 258.5 262.5 263.4 263.4 262.4 260.7 258.6 259.1
294.7 287.6 291.4 304.8 313.2 321.5 328.4 331.7 332.7 333 331.1 323.5 320.6 317.8 315.9 312.2 305.6 296.7 286.7 279 273.3 267.6 254.5 241.3 227.8 225.8 226.9 228.9 245.3 263.9 285.1 305.6 325.5 328.3 327.4 325.2 322.5 320.7 319.4 319.7 318.7 316.3 313 308.5 303.6 298.9 291.7 281.1 279 287.9 291.8 291.2 289.2 287.2 284.3 281.1 277.9 273.8 269.2 265.8 265.8 265.8 265.6 264.7 262.5 259.1 254.4 247.7 240.3 245.3 251.5 256.6 258.9 259.6 259 257.7 255.6 257.9
301.2 296.4 284 283.7 293.4 307.7 315.4 320.7 322.4 323.5 320.4 318.5 317 314.5 311.4 308.1 302.5 293.1 283.1 276.1 270.4 262.9 250.4 239.4 231.6 227.2 223.3 226 229.1 245.4 266.1 288.3 310.3 322.4 321.2 318.2 314 312.7 313.8 315.6 315.1 315 311.9 308.7 304.8 300.1 295.1 288.9 278.6 268.7 278.4 281.2 282.4 282.7 281.9 279.9 277 274.9 271.7 271.2 271.8 272.4 272.6 271.3 267.6 263 258.1 251.2 242.3 238.6 244.5 251.7 255.1 256.2 255.4 253.6 252.1 256.8
301.4 296.7 290 281 275.7 293.7 301.2 305.1 306.7 307.3 306.1 308 309.4 305.7 300.1 297.3 292 285.9 278.4 270.1 263.5 253.2 244.1 234.3 230.2 228.7 220.3 223.4 224.7 230.3 249 272.6 296.7 315.7 314.3 310.6 304.8 292.2 306.5 310.8 312.3 312.7 311.3 307.8 304.3 300 295.5 289.4 282.5 268.6 257.8 265.2 277.1 278.1 277.7 277 276.6 275.5 276.5 276.9 277.8 278.7 278.6 276.7 272.3 266.8 261.6 257 251.9 244.2 238.1 244.2 251.4 253 252.3 250.5 249.7 254.4
302.5 298.2 292.4 285 275.5 274.3 283.4 290 291.6 291.6 292.5 294.1 296.1 292.1 287.5 286 281.6 276.6 270.7 261.7 253.3 242.9 233.2 236.9 244.3 244 232.4 226 223.4 224.7 232.9 258.5 285 307.3 306.3 302.5 294.3 276.4 295.3 302.4 309.2 310.2 308.9 305.8 302.2 298 293.6 288.3 283.2 274.8 263.6 251.5 267.1 272.1 272 272.5 276.5 277.8 280.6 281.3 282.9 283.9 283.6 281.1 276.8 271.4 266.6 262 256.7 249.8 240.6 236 247.2 249.3 250.9 248.8 249.9 253.5
304.6 300.5 299.7 294 284.2 273.7 268.7 264.1 270.4 274.3 278.7 279.6 279.7 278.3 277.7 275 270 266.8 261.3 253.2 242.8 234.2 248.9 260.2 259.6 251.1 241.8 231.9 224.3 222.6 223.9 245 272.6 295.9 299.3 293.9 278.8 264.5 279.5 300.4 305.7 307.2 306 302.8 299.1 295.5 291.3 286.6 281.6 276.1 270.6 251.8 253.5 266.6 261 269.8 277 280.4 283.3 285.6 287.3 288.4 287.9 286 281.6 276.6 271.1 265.1 259.3 252.5 245.2 234.9 240 246.8 248.5 244.8 250.8 252.8
313.3 303.3 302.9 299 289.8 284.3 279.5 278.2 275.1 271 263.3 257 257.4 261.7 259.5 259.3 255.4 256.5 251.5 238.4 235.7 253.8 268.7 269.6 263.9 255.4 245.1 237.2 228 222.6 222 231 257.9 282.2 291.8 283.7 263.9 260.5 281.3 298.2 303 304.1 302.3 298.4 294.5 291.6 287.8 283.3 278.2 273 268.1 257.7 243.8 258.6 252.3 260.4 274.9 281.8 285.8 288.9 291.1 292.4 292.1 290.6 287.5 281.7 275.2 268.1 260.4 253.8 246.1 239 233.3 243.1 244.2 243.5 251.3 253.3
320.8 316.1 309.5 305.3 300.7 295.4 290.9 290.1 286.4 280.4 276.9 272.4 265.4 257.2 251.7 248.3 244.8 244.5 248.8 257.2 264.2 276.8 279 274.8 267.1 258.7 249.5 239.3 229.8 223.9 220 222.1 244.2 271.1 283.4 268.7 251 263 283.3 296.8 299.8 300.4 298.6 295.3 291.2 286.6 282.8 278.3 273.3 268.7 264.2 258.6 246.1 242.8 248.4 266.8 277.7 283.7 287.9 291.2 294.2 295.7 295.7 294 291.6 287.2 279 270.5 260.8 254.8 246.3 239.6 230.8 236.8 236.4 244.5 250.6 252.5
328.8 324.6 320.6 314.5 309.8 304.5 298.9 295.7 292.7 286.1 280.2 270.5 256.7 261.8 265.9 267.9 268.5 269.9 274.3 281.4 287.5 288.1 284.6 279.7 271.9 263.7 254.1 243.1 232.5 221.8 218.2 220.6 233.9 261.7 272.9 255 245.4 265.3 286.3 294.5 296.5 296.9 295 292 287.7 281.9 277.1 272.4 267.5 263.3 259.3 255 245.9 237.7 248.7 268.9 278.9 285.1 289.6 293.4 296.2 297.9 298.4 297.1 293.7 288.2 283.1 273.5 263.6 256.6 248.2 240.5 232.3 229.4 233.2 241.8 246.6 249.6
334.7 329.9 328.7 323.3 315.8 312.3 306.2 301.4 297.4 289.8 266.9 264.8 273.3 281 284.3 284.7 285.5 289 294 296.3 296.7 294.3 290.1 284.5 276.9 267.4 254.7 246.2 239.7 224.7 220 218 224.7 248.5 259.9 243.2 245.7 267.4 285.8 291 293.6 293.5 291.6 288.6 283.9 278.7 271.4 265.8 261.8 257.7 253.8 248.7 239.1 234.4 256.9 270.8 278.9 284.7 290.6 294.2 296.9 298.8 299.5 298.5 295.7 291.5 286.4 278 267.4 259 250.1 242.1 234.4 228.2 229.7 234.4 240.4 245.7
337.4 333.3 331.8 326.6 318.9 318.1 311.4 305.5 298.6 275.6 272.6 288.8 294.3 295.4 295.8 297.4 299.3 301.8 304 304.4 303.3 300.3 295.2 287.5 279 269.9 262.4 253.4 241.5 232.4 219.9 218.7 217.5 236.7 247.1 233.5 248.2 270.4 282.2 287.1 289.8 290 288.8 285 281.1 276.2 270.1 262 251.5 250.8 246.4 239.2 232.8 246.3 264.8 272.6 278.6 283.6 289 293.5 296.2 298.9 299.5 298.9 297.2 294.7 290.4 282.6 272.3 262.2 252 245 237.1 230.5 226 228.9 232.8 239
339.7 336 332.8 327.4 322 319.5 313.2 305.4 292.1 271.6 289.8 302.7 303.9 304.4 304.8 306.8 308.4 310.6 311.4 310.5 308.4 304.3 298.6 291.4 284.7 276.2 267.4 256 242.5 232.6 224.9 218.1 216.1 225.7 235 231.1 250.9 267.4 277.3 283.2 285.8 286.7 285.1 281.6 277.4 273.1 268.5 262.1 255 245.3 237.4 231.2 228.8 253.5 266.9 272.7 278.1 282.7 286.4 289.9 293.4 296.3 297.5 298.5 298.3 296.2 294.3 288.1 277.7 266.4 256 248.8 241.4 234.2 227.4 224.7 226.7 232.2
342 333.3 323.6 315.5 306.5 301.6 294.2 287.6 279.3 285.8 303.6 308.7 309.8 310.4 311.2 312.3 313.5 315 315.5 313.9 311.3 306.8 301.9 295.3 288.6 280.7 271.2 257.6 247.5 239.2 230.5 217.2 214.4 218.5 223.2 233.3 247 262.2 272.5 278.3 280.9 281.9 280.7 278 273.8 269.5 265.3 259.2 254.3 248.8 237.5 226.1 234.9 255.3 264.9 270.6 275.8 279.9 282.6 285.7 289 291.5 294.4 297.5 298 298.4 296.3 293.4 282.4 270.7 261.8 255.2 248.8 242.1 234.2 227.2 223 222.9
326 315.2 309.4 307.9 306.8 301.7 298.5 291.6 291.4 298.9 309.2 311.4 312.1 311.8 313.2 314.1 315.4 316.8 316.7 315.5 312.6 308.6 303.4 297.9 291.2 283.2 274.6 261.5 251.3 239 229.2 225.1 214.3 216.4 218.9 226.2 238.2 254.1 264.7 271.2 274.5 276.5 276.3 273.8 270.3 266.1 261.9 255.6 250.4 246.5 229.5 223.4 237.6 253.6 261.4 267.1 272.5 275.6 277.9 279.8 283.2 285.9 291 294.6 298 299.1 299.5 297.9 289.5 279.4 269.7 263.8 257.3 250.3 244.2 236.2 228.9 221.2
