data/370000-500000.asc
ncols 200
nrows 200
xllcorner 370000
yllcorner 500000
cellsize 50
[rows 70 to 104 of 200, columns 0 to 77 of 200]
293.3 290.3 292.8 294.9 297 297.8 298.9 302.1 304.6 304.6 302.3 300.8 302 301.7 301.1 301.9 302.3 300.1 301 297.8 292.7 286.9 281 276.9 273.7 275.1 273.3 271.7 277.4 284.6 293 295.3 296.6 307 308.8 304.6 300.9 298.8 297.1 295 293.4 293.3 290 286.3 282.4 273 267.5 248 235.5 218.5 215.6 231.5 263.8 279.3 290 299.9 301.7 305.6 309.6 312.7 317.6 324.4 326.4 324.4 324.7 324.2 323.8 325.2 326.4 325.3 325.1 328.6 330.3 332.8 338.6 346.7 350.4 350.7
290.5 286.9 288.9 291.6 293.5 293.8 296.4 299.4 301.1 299.9 297.2 297.6 299.4 298.5 298.7 299.3 299.2 297.8 300.4 296.5 290.2 284.9 279.4 275.7 269.8 275.4 277.4 271.4 275.8 281.6 289.1 289.2 294.2 303.1 303.9 300.9 298.8 297.5 295.7 291.5 288.6 286.6 283.5 280.2 271.7 263 252.3 244.1 226.9 211 224.8 241.1 271 279.6 289.5 296.9 302.9 307.4 310.5 313.7 317.8 321.6 327.6 328.5 328.3 328.6 326.2 325.8 324.5 325.1 327.3 329 332.6 335.8 342.6 348 351.6 355.2
285.9 283.6 286.1 287.6 289.4 289.5 291.9 293.9 293.1 292.2 290.7 291.1 292.8 293.7 294.3 293.1 292.4 294.9 297.4 293.3 287.8 282 277 272.8 267.1 277 277.9 270.9 270.1 274.6 278.4 280.3 286.8 293.6 297.1 296.1 295.5 294.7 292.2 289.4 285.1 280.3 278 272.8 265.2 254.7 244 239.5 218.5 216.8 233.3 251.6 273.9 283.1 286.6 296.9 301.9 306.3 309.6 313.6 317.6 321.1 324.1 327.5 330 329.9 329.1 329.1 329.6 326.8 325.1 328 333.9 338.7 345.8 349.9 352.3 355
282.2 279.8 282.8 284 284.8 284.8 285.4 286.1 286.8 286.6 285.6 286 287.5 289.9 289.6 288 287.8 290.4 293.2 289.9 287.3 283.9 278.6 271.9 267 274.7 273 267.3 265.8 269.9 273.4 274.7 278.5 284.7 287.8 288.5 288.9 289.8 288.1 285.6 282.2 275.8 269.6 263 253.1 248.7 242.1 229 213.1 225.5 241.3 256.9 275.8 287.8 291.7 294.9 300.3 304.8 307.6 312.8 316 318.8 323.3 327.3 330.1 332.6 330.9 330.9 332.8 331.9 329.2 329.7 333.8 340.1 346.5 351.7 353.6 354.5
278 275.8 278.5 279.4 280 280 281.1 281.3 281.6 281.4 280.5 281 283.4 286.5 285.8 283.6 283.8 286.6 288.1 287.5 285.5 283.3 277.7 270.2 262.8 268.6 266.5 262.7 262.1 266.8 270.5 272 272.5 275.1 277.5 279.9 282 284.1 285.5 284.1 279 272.6 263.5 255.3 252.1 249.1 238.9 223 212.2 231 246.4 261 278.5 287.2 293.8 296.2 298.3 300.9 304 308.6 312.3 317.2 322.5 325.3 330.3 331.1 335.7 336.6 335.4 333.1 332.2 333.1 334.3 339.3 345.4 350.1 354 356.1
273 272.2 273.5 274.1 275.1 275.6 276.5 276.1 276.4 275.9 275 275.9 278.9 281.4 281.3 279.9 280.4 281.6 282.2 283 282.5 279.9 274.2 267.8 260.7 260.3 259.2 257.9 257.5 262.8 263.5 264.8 265.6 264.5 266 269.7 272.4 273.8 276.8 278.6 275 265.7 260.2 254.5 250.6 245.8 233.7 219.5 215.5 230.7 251.5 263.2 280.3 287 292.2 297.7 302.8 305.5 310.4 313.3 314.5 315 318.9 323.5 327.2 334.3 332.6 335.9 337.7 338.5 337.1 335.3 336.9 340.8 345.9 350 353.3 358.4
270.7 269.2 269.3 268.6 269.6 271.1 271.6 270.9 270.8 270 270.1 271.3 273.1 274.8 275 275.3 275.9 276.6 276.4 276.7 277.3 274.6 268.8 261.5 258.8 259.3 260.4 262.6 258.6 255.9 256.2 256.5 256.4 255.1 256.3 259.2 260.7 262.6 262 262.9 261.5 257.1 253.9 247.6 244.1 237.4 228.2 213.4 219 237.6 257.5 267.3 271.3 287 291.3 299.2 303.8 307.6 311.9 316.3 319 317.7 320.3 325.6 329.1 329.7 334.3 335.3 335.2 336.3 336 337.6 337.5 340.5 345.9 350.7 354 357.7
273.7 269.9 267.4 267.2 267.4 268 267.6 266.7 266.2 266.3 266.9 266.4 266.9 267 268.8 270.6 272.9 272.9 271.6 271.7 270.8 268.3 262.7 257 258.5 256.8 267.7 269.1 266.9 258.6 254.8 253.1 246.7 248.9 249.4 248.3 247.5 247.5 248.7 248.4 247.4 247.3 245.9 241.3 238.2 228.1 217.8 215.1 227.4 242.1 260.4 273.9 285.9 288.1 291.5 298 305.8 309.4 313.4 318.3 320.7 321.8 324.7 328.9 334.1 338 339.1 337.3 334.5 333.7 336.3 337.2 338.7 342.3 347 351.6 355.5 357.5
277.5 274.7 268 266.6 266.4 267 268.1 269.5 271.3 269.9 267.5 265.9 262.6 262.2 263.4 267.5 269.4 269.1 267.7 266.9 265.4 263.5 258.5 255.4 261.3 267.8 270.1 271.1 269.1 266.3 267.7 267.1 261.9 251.2 244.9 241.9 240.5 240.7 242.5 243.9 241 238.2 224 219.4 216.6 215.1 215.5 225.3 239.8 250.5 263.1 279.5 289.7 290.8 294.7 297.1 304.6 313.1 316 320.2 323.2 325.9 328.6 332.2 336.8 341.4 342.8 342.6 337.8 334.5 336.1 338.6 340.3 342.7 349.5 353.9 357.9 360.2
279.9 276.9 271.4 267.2 267.6 270.7 275.4 279.1 280.8 280.1 276.9 273 268.2 263.7 262.2 264.5 265.9 265.6 264.2 262.9 261.3 256 255.3 254.7 258.9 265.4 268.2 270.3 269.3 269.1 273.5 275.1 273.1 265.7 256.6 249 242.7 236 233.6 235.4 232.5 219 219.7 222.1 222.6 222.6 229.8 237.7 240.9 255.9 268.8 283.6 293.6 295.3 299.1 301 303.4 309.7 313.2 317.2 323.4 328.2 332.2 334.8 338 342.6 344.9 345.8 343 341.2 341.1 342.5 343.7 345.6 349.5 355.3 360.1 363
279.4 276.2 271.4 267.3 269.1 271.2 276.5 281.4 284 283.2 280.4 276.1 270.9 266.3 265.1 258.7 264 263.4 261.6 259.4 254.4 254.7 252.2 252.1 256.6 259.3 262.5 265.3 265.8 268.6 274.3 277 275.4 269.5 259.6 250.4 242.6 235.7 229 226.8 226.7 218 222.6 227.9 230.1 236.1 246.5 253.6 256.2 259.6 275.1 288.1 298.1 301.8 303.9 305 305.9 309.1 313.7 319.8 323.9 327.4 331.7 333.9 337.7 341.9 344.9 347.1 343.9 341.8 346.4 348.1 347.9 349 350.2 354.6 358.1 361.5
275.7 272.4 267.9 265.6 266.5 268 273.8 279 282.3 281.5 278.7 274.2 269.1 265.2 263.8 258.1 261.8 261.3 258.6 254 252.8 251.6 250.8 250.5 250.4 252.5 255.3 259.1 260.2 265.6 272.4 275.2 275.1 267.2 257.8 248.3 243.5 239.1 234.2 228.9 227.7 218.2 228.5 232.5 232.7 243.3 253.5 260.7 262.7 267.2 281.6 294.5 302.9 308.4 308.3 307.1 308 310.4 315.1 321.9 326.6 329.3 329.8 331.4 335.8 339.6 342.7 345.6 343.7 342.3 342.3 344.6 347.1 349.9 351.8 353.6 357 360.9
267.5 266.4 263.9 263.9 264.1 265.1 268.2 273 275.1 274.4 272.6 268.8 265.2 261.6 261.9 257.2 259.8 258.6 255.7 251.5 250.8 250.3 249.9 250.2 250.6 251.5 255.4 257.8 257.7 263.5 268.4 272.1 271.6 264.2 256.1 251.8 249.9 245.6 238.4 231.6 227.4 219.1 232.5 234.5 237.5 249.5 258.2 265.7 269.3 275.2 287.7 299.5 308 312 313.4 311.4 310.2 312.1 315.1 322.1 328.4 331.8 333.2 334.3 336.1 337.9 340.1 341.1 341.1 342.3 343.1 341.6 341.9 344 349.5 352.9 355.8 358.3
260.6 259.9 260.6 260.3 259.9 260.5 262.2 265.2 265.5 265.7 264.7 261.8 258.7 257.8 257.6 253.2 257.1 255 251.4 249.8 252 251.2 248.9 249.8 250.6 254.7 259.5 259.7 258 261.1 264.2 267.8 266.7 263.4 257.6 255.4 259 248.4 240.8 234 228.7 219.5 229.6 237.5 241.3 252.6 260 271.7 274.9 280.8 293.9 304.5 311.6 317.1 317.5 317 313.7 315.4 319.2 324 330.3 335 337.5 337.9 338.9 340.7 340 338.7 339.9 342.8 345 342.9 341.5 342.5 342.8 344.1 349 354.3
256.4 258 259.9 258.4 253.2 253.6 256.2 258.6 258.9 259.3 258.9 256.9 254.4 253.1 252.4 249.1 251.8 251.4 248 249.7 253.8 252.3 249 249.6 253.5 257.6 260 259.7 258.9 260.2 263.3 266.2 266.9 267.8 259.4 260.1 261 250.1 242.5 240 234.2 220.1 225.9 236.7 244.6 255.1 262.4 270.7 278.9 288.6 295.6 307.6 313.8 321.6 322.6 322.5 320 317.3 320.4 325.7 330.7 336.8 340.7 341.9 343.1 343.7 343 342.7 339.5 339.5 340.9 341.4 342.6 343.5 341.6 341.1 343.7 349.2
256.6 257.9 258.9 256.7 251.5 247.9 248.4 249.7 251.7 255.8 254.1 250.8 251.1 249.9 247.6 245.6 247.8 243.7 243 250.2 255 251.8 247.3 250.4 253.2 256.2 257.4 257.3 260.2 261.4 263.3 265.9 269.5 271.1 264.5 270 262 251.2 244.9 240.9 226.3 220.1 231.2 239.1 249.6 259.5 266.6 271.9 280 292.8 302.5 309.1 315.6 322.4 325.6 326.3 325.2 321.3 323.8 325.4 328.3 335.5 341.1 344.3 345.9 346.8 347.1 346.6 345.3 343.3 341.2 339.7 340.5 341 339.2 337.9 340.2 346.1
256.4 257.4 258.2 256.7 251.1 245.3 245.1 245.4 247.4 250.2 249.4 248.2 249 246.2 243.5 245.8 243.5 242.3 242.6 252.1 254.6 248.9 244 243.9 247.3 253.6 254.5 257 259.8 263.5 264.8 267.4 271.3 272.3 265.8 272.1 262.4 251.6 243.5 232.6 222 222.8 235.9 243.9 254.4 264.5 271.1 276.8 281.2 294.8 305.1 312.3 316.2 321.4 325.8 327 327.8 325.1 325.8 326.5 329.5 331.6 337.3 345.3 348.1 348.6 349.4 349.6 350 346.2 343.9 343.4 343 343.3 341.2 337.3 336.8 343
256 257.2 257.2 257.3 253.6 244.7 243.9 244.4 248.9 250.3 249.6 250.1 252.6 248.8 247.7 243.1 242 241.8 244.9 252.2 252.5 245.8 243.1 245.2 241.6 240.9 246.4 257.2 260.3 264.3 265.6 268.4 271.3 269 268.9 272.4 262.1 253.1 241.2 228 220.9 229.8 239.5 249.9 261.8 268.2 274.1 281.6 284.7 293.7 305.4 315 318 317.7 317.7 320.4 327.6 323.7 325.5 327.2 333 331.8 337.5 341.8 346 348.1 350.4 351.7 353.6 351.8 347.8 346 347.2 348.5 348 341.2 340.9 342.9
255.6 256.9 256.2 257.3 255.6 247.2 243.5 243.1 246.7 249 251.3 252.3 255.2 250.9 248.4 242.2 241.8 241.8 246.8 250.3 248.1 244.7 246.2 254.3 249.2 240.7 244 253.3 260.6 264 266.7 269 270.5 267.3 274.3 271.2 262.1 253.3 239.9 224.2 224.2 237.5 242.3 255.9 268.9 272.9 276.9 284.5 290.4 293 304.5 314.3 319.1 318.8 317.4 314.3 316.4 319.7 324.6 326.8 333 335.2 339 345.8 345.6 346.9 349.5 353.3 355.9 354.6 351.7 351.3 351.7 354.4 354.1 343.7 340.4 341.9
252.7 254.6 254.7 257.4 256.6 250.6 242.6 242.6 244.9 247.5 248.9 248.1 257.6 255.8 250.1 242.6 241.9 242.2 244.9 245.8 243.1 242.9 252.2 258.2 251.5 239.2 247.1 250.9 255.5 262.8 265.7 269.4 267.6 268.2 271.3 269.5 261.1 254.3 239 221.6 233.6 242.8 246.9 261.8 272.1 275.3 278.5 285.1 291.6 293.5 303.3 311.7 317 320.3 323.9 319.5 315.7 320 323.7 327.2 329 334.9 341.7 343.1 348.4 349.6 350 353 355.5 355.1 354.5 354.6 355.6 358.5 357.9 351.5 348.7 348.1
248.1 251.3 252.7 254.7 256.7 252.1 244.8 243.2 244.2 245.4 248.6 252.4 255.3 254.2 248.1 242.3 241.5 241.8 242.7 242 242.6 245.4 255.2 257.2 248 238 244 249.6 252.3 257.9 263.8 265.8 267.2 267.5 267.7 266 260.6 252.5 231.2 228.5 239.4 247.3 251.2 262.7 273 276.6 279.3 283.2 288.9 291.9 298.4 306.7 313.3 320.5 326.1 324.6 320.7 322.5 328.7 331.5 330.9 332.7 338.6 344.3 350.2 352.4 353.4 353.5 354.8 355.3 355.9 357 357.9 361.3 358.4 359.7 357.9 346.9
244.5 248.8 249.1 253.2 252.1 249.7 245.2 243.4 240 243 245.9 248.8 250.7 248.8 243.8 241.9 241.4 241.5 242 242.7 243.5 247.1 254.4 253 245.5 237.6 239.5 246.8 249.9 255.3 259.6 262.7 264 265.1 265.6 263.5 262.8 251.3 223.3 238.7 249.5 252.7 257 263.5 272.6 277.6 280.6 284.1 285.5 288 294.2 300.9 309 316.9 323.1 324.7 323.5 325.6 333.3 335.5 333.2 333.9 336.6 339.9 345.4 352.7 354.6 355 354.7 355.6 357.5 358.9 360.3 361.7 362.4 366.7 366.6 359.1
243.7 242.4 243.9 246.6 250.7 247.5 243.6 241.1 238 238.9 242.5 244.6 244.8 243.2 244.5 242.4 241.4 241.4 243.6 244 245.5 247.9 250.3 249.7 248.1 238.3 237.4 241.9 246.9 253.1 254.3 255.2 259.7 261.5 263.2 261.9 262.8 241.5 226.3 249.2 257.3 258.6 262.1 268.9 273.6 277.5 284.2 290.2 287.9 285.1 288.9 294.5 302.5 310.9 317.7 321 323.1 327.1 335 338.1 334.8 334.1 335.2 338.2 343.7 347.2 353.3 356 355.9 357.1 358.6 359.9 361.7 363.3 366.8 371.3 370.8 365.8
237.5 237.3 238.1 241.1 243.5 241.6 239.9 236.5 236.4 236.7 237.9 240.1 241.5 244.2 244.7 242.1 241.2 243.4 245.3 245 248.5 251.9 253.4 255.9 251.8 242.6 237.4 237.5 242.3 247.3 249.3 249.9 254.5 258.8 262.6 262 259.9 230.7 238.4 253.6 260.7 261.1 266.4 272.2 274.6 276.9 284.7 291.1 288.2 284.3 281.8 285.8 295.3 305.7 313.2 318.4 321.6 326.4 333.6 338 336.5 336.1 334.1 336.9 340.7 345.6 349.4 355.1 357.7 357.5 358.3 360.1 361.6 364.7 370 374.3 372.1 366.5
236.2 233.8 234.1 234.8 236.1 236.7 236.7 237.8 238 237.4 240.1 240.5 241.4 243.9 243 240.9 242.6 244.9 245.6 246.1 251.3 255 257.5 258.7 256 249.9 243.2 237.4 237.4 239.8 241.4 245.2 249.4 255.4 258.7 258.8 257.2 240.3 224.2 245.7 255.1 259.9 264.7 272.2 273.5 275 282 287.5 284.4 286.6 281.3 278.5 286.9 300.5 311.5 316.1 321.7 326.4 330.9 336.4 338.3 338.8 339.9 340 341.5 342.7 346.2 351.1 355.3 359.5 360.1 360.9 361.6 365.3 370 372.3 368.7 364.1
233.8 233.5 234 234.5 236.4 236.4 235.9 236.5 237.1 237.4 239.7 238.6 239.3 240.2 241.5 243.8 243.1 244.5 245.3 247.6 254.7 258 258.9 261.2 259.8 252.3 244.2 238.6 240 236.1 233.7 235.2 243.4 249.6 255.5 258 255.7 250.2 229.7 240.1 251.9 256.2 258.2 262.3 266.6 269.5 275.2 278.6 283 289 282.6 277.9 279.7 293.6 306.3 314.5 319.9 324.9 328.4 336.5 342.6 341.6 344.1 345.3 344.9 344.9 342.9 349 352.3 356.3 361 362.9 362.7 365.3 367 365.8 362.9 361.6
234.4 234.3 234.2 235.7 238.6 236.8 236.5 236 237.9 240.1 240.2 239.8 240.2 241.9 242 244 244.8 245.9 244.8 249.4 257 258.7 260.1 262.6 262.9 255.7 243.1 242.6 250.2 251.3 247.4 237.2 232.6 247.3 255.4 257.1 253 247.4 231.1 237.5 251.2 253.6 255.5 259.6 262.6 264.8 267.3 272.9 284 291.6 286.6 277.7 276.4 287 299.5 311.5 319 321.9 328.4 337.4 344.4 343.4 347.4 349.9 349.5 349.7 349.3 348.6 351 354.3 358.3 365.1 364.3 364.5 363.3 361 356.5 356.8
233.2 234.1 233.9 237.9 240.2 238.6 237.8 237.1 238.1 240.4 242.4 242.5 243 244.1 244.4 246.7 248.3 246.9 245.4 250 256.7 258.7 260.2 264.1 264.6 258.8 245 243.3 251.4 257.6 256.5 250.4 234.2 235.8 250 254.1 249.1 245.3 227.5 234.9 247.1 251.3 253.9 256.1 259 261.4 264.5 270.6 281.8 291.1 292.4 280.9 276.7 280.3 294.2 309.4 318.3 322.8 327.7 336.4 343.7 345.2 349.1 352.1 353.5 354.9 354.4 352.7 351.7 352.9 356.9 360.1 364.6 364.7 363.9 362.7 359.3 358.1
233.3 233.4 234.4 239.8 241.8 240.4 238 237.8 238.1 241.4 243.7 243.8 244.1 245.2 246.1 247.8 249.3 248.4 247.8 250.1 249.9 256.7 259.3 263.2 265.4 262.1 250.9 242.9 248.7 257.8 258.9 254.7 242.6 231.4 237.5 246.9 246.3 237.5 226.4 237.9 246.5 250.3 251.1 251.6 255.2 258.7 262.6 268 276.7 284.2 292.4 286.8 278.2 276.8 287.3 301.8 319.6 326 329.1 335.6 342 345.1 349 349.6 354 358.1 357.2 357.4 355.1 354 355.8 359.7 361.4 362.7 364.2 363.6 361.4 359.6
233.1 233.8 234.9 239.7 241.8 240.9 238.6 238.2 237.2 239.3 242 241.7 243.6 244.6 245.6 248.1 249.7 250.4 251.9 253.1 253.4 251.6 257.5 261.2 264.3 263.3 258.7 247.3 246.3 254.9 256.4 256 253.7 240.4 232.6 230.6 230.3 229.4 227.6 239.1 245.8 248 248.4 249 251.9 257.3 260.5 266.7 271.3 278 287.9 288.3 283.9 278.1 279.7 295.3 312.3 326.9 331.8 335.5 339.2 343.9 346.5 344.8 347.5 354.9 355.7 360.1 360 357.9 357.2 358.8 359.7 361.4 362.6 363 360.7 359.9
233.8 234.5 236 237.6 239.8 239.3 239.3 238.4 237.9 237.8 238.4 242.9 244.6 242.5 245.7 249.2 251.3 253.1 255.3 255.8 255.3 254.2 253.3 257.5 260.3 262.6 260.4 250.1 245.5 249.5 250.2 254.6 257.5 255.2 249.7 242.7 234.5 230.1 228.8 232.4 239.7 246.1 246.5 247.4 249.5 254.2 259.5 263.7 267 274 283.3 287.7 285 279.2 284.2 285.7 303.8 317.6 329.7 333.4 336.5 339.4 341.2 339.2 341.1 347 351.8 358.5 360.5 361.7 359.9 358.8 357.8 358.9 361 360.7 359.1 357.5
234.8 235.1 235.1 235.8 237 238.3 239.1 238.8 238.7 238.7 238.9 245.2 247.8 244.6 246.8 252.1 253.9 254.9 256.6 256.9 256.5 255.4 254.5 254.5 257.1 260.2 259.1 250.5 247 246.1 248.9 257.1 260.6 260.6 257.1 247.6 240 230.5 231.6 233.5 234.9 236.2 242 247.2 249.4 249.7 254.8 260.4 262.7 268.3 278.4 286.7 283 281.5 289.5 287.7 294.5 307.1 316.6 323.9 329.5 332.4 334.7 334.3 335.1 340.7 346 354.1 360.1 362.5 361.3 358.5 357.1 357.6 358.4 358.3 358.8 356
236.2 235.9 234.9 235.9 236.5 238.3 239 239.9 240.7 239.8 244.7 248.4 250.3 246.5 248.9 254.4 255.8 256.3 257.4 257.4 257 255.8 255.2 255.2 256.6 259.4 256.8 251.7 246.7 246.2 250.9 258 262.6 265 263.4 254.6 246.7 229.4 232.8 242.4 241.5 242.3 245.7 253 255.2 253.2 252.5 256 259.5 265.7 275.6 284.2 281.5 281.9 288.5 287.4 289.7 296.7 304.5 313.1 320.5 324.1 324.9 331.5 332.3 328.8 339.4 343.6 353.3 361.1 362.7 359.8 359.1 357.8 357.5 358.2 358 355.9
241.6 240.8 236.4 236.4 236 238.1 238.8 239.4 240.8 241.6 246.4 249.5 249.9 246.4 249.1 252.7 252.8 254 256.6 257.6 257.3 255.9 256 257.7 258.9 258.6 256 254.9 248.5 246.5 250.8 256.9 262.4 267.6 268.6 261.7 248.5 229.8 239 251.4 253.9 253.6 256.7 260 260 258.3 255.4 255.2 257.9 264.4 274.4 282.6 280.5 280.4 284.2 283.4 286.1 286.8 291.1 298.6 306.2 311.4 318 326.6 327.3 324.4 328.3 335.5 342.2 349.6 357.7 361.6 361.4 360.3 358.6 357.4 358.8 357.8
244.4 243 238.9 236.4 237.4 237.7 238.5 239.3 240.1 241.2 244 247.9 246.3 244.8 245.1 246.3 248.3 250.5 253.4 255.7 256.7 256.4 257.5 258.4 258.7 257.3 259.1 257.2 251 247.6 249.3 254.9 260 267.1 271.8 267.2 252.8 236.9 235.3 249 256.4 255.1 257.3 261.1 261.8 262.7 260 256.7 259.5 265.5 273.5 280.4 279.9 279.3 279.5 282.6 289 286.2 286.7 290.6 297.8 303.5 312.2 317.9 319.4 319.5 323.9 328.5 333.3 339.8 346 354.2 358 360.4 359 360.1 360.9 361.3
