data/370000-790000.asc
ncols 200
nrows 200
xllcorner 370000
yllcorner 790000
cellsize 50
[rows 36 to 71 of 200, columns 0 to 80 of 200]
83.3 83.6 83.8 83.7 83.1 81.9 81.9 81.4 80.3 79.2 77.1 75.6 75.4 75.9 76.4 76.8 75.6 76.2 77.1 80.7 82.8 84.3 86.1 89.1 94.2 93.8 92.7 91.9 91.3 91.6 93.2 95.4 95.8 96.5 96.3 96.4 96.7 97.1 98.1 99.9 99.6 98.5 97.7 97.3 96.8 96.9 99 101.6 102.5 102 101.5 101.4 101.4 101.4 101.4 101.4 101.2 101.4 100.8 100.6 100.2 100 99.5 98.4 97.3 96.3 95.8 95.3 94.8 94.3 93.8 93.3 92.8 92.3 91.8 91.2 90.3 89.6 89 88.4 87.8
81.4 81.5 81.6 81.8 81.5 81.1 80.4 79.1 77.9 77.6 76.1 74.7 74.2 74.3 74.9 75.2 74.8 78.1 80.3 83.7 88.8 91.8 93.5 94 94 94.1 96.3 95.9 95.6 95.9 97.7 99.6 99.4 98.3 97.4 97.9 98.8 99.2 99.5 99.5 99.4 99.2 99.1 98.8 98.5 98.8 100.6 101.7 102.5 102.3 102 102.1 102.2 102.2 102.3 102.3 102.3 102.5 101.6 100.8 100.1 99.8 99.7 98.9 98.2 98 97.7 96.9 96.3 95.8 95.3 94.8 94.3 93.8 93.3 92.3 91.3 90.7 90.2 89.7 89.2
80.2 80.2 80.2 80.2 79.1 78.2 77.5 76.4 75.4 75 74.9 74.4 74 73.7 73.5 73.7 74.8 77.6 81.7 85.6 89.1 94.8 98.1 97.9 98.3 98.7 99.6 98.6 98.4 98.8 100.6 99.5 98.1 97.9 98.6 98.5 98.6 98.5 98.6 99.2 99.2 99 99.2 99.3 99.2 99.6 100.7 101.5 102.3 102.7 102.4 102.6 102.6 102.7 102.8 103.2 103.2 103.1 102.3 102.2 101.1 100.7 100.8 100.2 99.8 99.9 99.6 98.8 98 97.4 96.8 96.3 95.9 95.5 95 94 92.7 92 91.7 91.2 90.7
78.9 78.9 78.9 78.6 76.8 75.8 74.9 73.7 72.9 72.8 73.2 73.5 73.9 73.5 73 72.5 73.3 76 79.8 83.7 88.8 97.1 99.4 100.9 101 100.3 98.9 98 99.1 99 98.8 98.1 96.8 96.2 96 97.1 97.5 97 97.5 98.4 98.9 98.8 99.2 99.9 99.9 100.1 100.6 101.4 102.2 103 102.8 103 103.1 103.2 103.4 103.7 104.2 103.8 103.8 103.7 103 102.6 102.2 102 101.9 102.1 102.2 101.6 101.1 100 98.6 98.1 97.7 97.2 96.7 95.4 94.2 93.3 92.8 92.4 91.9
77.7 77.7 77.6 76.2 74.5 73.6 72.7 72.4 72.4 72.3 72.3 72.2 72.5 73.1 74 74.2 72.8 73.6 77.1 81.5 87.3 92.5 95.8 98.9 98.6 97.5 97.4 96.3 96.6 97.4 97 96.3 95 93.9 94.1 94.9 94.8 95.8 96.6 97.4 98.2 98.9 99.6 100.3 100.8 101.2 101.6 102 102.5 102.9 103.2 103.4 103.6 103.7 103.9 104.2 104.5 105.3 105.2 105.1 105.2 105 104.6 105.3 104.7 104.3 105.3 104.6 103.9 102.4 100.5 100 99.5 99.3 98.1 96.8 95.7 94.8 93.9 93.2 92.2
76.3 76.1 75.6 74.3 73.7 73.2 73 72.8 72.3 72.3 72.4 72.2 72.2 73.9 74.1 73.3 73.1 73.1 74.3 78.5 84 89.2 93.4 94.2 93.9 92.5 92.6 92.8 93.6 95.1 95.8 94.5 92.8 91.5 91.9 92.6 93.8 95.1 96.1 96.9 97.7 98.6 99.3 100.2 101.8 102.3 102.8 103.2 103.6 104.1 104.5 104.7 104.8 105.3 105.4 105.4 105.7 106.4 106.6 106.5 106.6 106.9 106.8 107.3 107.3 106.8 106.3 105.7 104.6 103.9 102.4 102 101.8 101.1 99.5 97.6 96.3 94.5 93.6 92.4 90.9
75.2 74.9 74.4 73.5 73 73.3 73.5 73.4 72.3 72.4 72.4 72.7 72.4 72.7 72.6 72.7 72.7 72.3 73 76.5 81 85.6 87.4 90.5 90 88.6 88.1 89.3 90.9 92.4 92.7 91.9 90.5 88.5 89.5 91 93.1 94.4 95.4 96.3 97.1 98.1 99 100.7 102.7 103.3 103.8 104.3 104.9 105.5 106.1 106 106.5 107.1 107.1 107 107.2 107.7 108 107.9 108.1 108.3 107.9 107.2 106.7 106.3 105.8 105 105 104.2 103.6 104.4 104.1 102.6 100.8 98.5 96.9 94.9 92.9 90.9 88.6
74.9 74.6 74.2 73.4 72.9 73.1 73.1 73 72.3 72.4 72.4 72.9 72.7 72.6 73.4 74.6 73.8 73.7 74.4 77.2 80.6 82.3 84 87.5 86.5 85.1 85.5 86.8 88.3 89.1 88.5 87.8 87.1 87.1 88.6 90.1 91.9 93.2 94.4 95.9 96.5 97.6 99.3 101.3 103.3 104.3 104.5 105 105.9 106.7 107.5 107.3 107.9 108.5 108.7 108.7 108.4 108.3 108.2 108.2 107.9 107.3 106.8 106.3 105.8 105.3 104.9 104.4 104.8 104.7 104.1 105.4 105.1 104.2 101.3 98.1 96.1 93.5 91.2 88.8 86
74.5 74.3 74.1 73.4 73 72.6 72.5 72.4 72.3 72.5 72.6 73.2 73.7 74.3 75.8 77.2 76.3 76.7 76.9 78.4 80.1 80.8 81 82.7 82.3 83.1 83.8 83.8 84.6 85.7 85.1 84.4 84.3 85.5 87.6 89.2 92.2 94.5 96.1 96.6 96.8 98.1 100.2 102.1 104 104.7 105 105.7 106.5 107.2 107.9 107.6 108.2 108.6 109.2 109.4 108.8 108.4 108.2 108.1 107.1 106.6 106.1 105 104.6 104.1 103.1 102.6 102.6 102.7 102.2 102.4 102.2 100.5 98.4 95.7 93 90.2 87.6 85.1 82.4
74.1 74.1 74 73.6 73.5 72.8 72.5 72.4 72.5 72.6 74.5 75.4 75.5 75.9 78.1 78.9 78.1 77.4 77.3 77.2 79.4 79.6 79.8 80 80.9 82 82.2 82.1 81.9 81.5 82.2 81.7 82 83.3 85.1 88.3 92.1 95.2 96.8 95.8 95.8 97.9 100.8 102.9 104.1 104.8 104.8 105.4 106.4 107.2 107.9 107.7 108 108.4 109.1 109.6 109.2 108.6 108.3 107.8 106.5 106.2 105.2 103.8 103.3 102.2 101.1 100.5 99.7 99 98.3 97.2 96.1 94.6 92.2 89.5 86.8 84.1 82 79.4 76.8
74.5 74.5 74.4 73.5 73.2 73.4 72.7 72.8 74.5 74.4 76.2 78.2 77.7 77 79.4 79 78.5 78.1 76.6 74.7 78.9 79.1 78.9 79.3 80 80.8 80.6 80.9 80.7 79.7 80.1 80.5 81.5 82.3 83.9 87.4 92.2 94.6 94.8 93.8 92.7 95.5 98.8 101.2 102.5 103.9 104.3 104.4 105.5 106.5 107.7 108.1 108.2 108.5 109.2 109.8 109.4 108.9 108.4 107.5 106.5 105.7 104.4 103 102 100.4 99.1 98 96.5 94.7 93.6 92.2 90.4 88.5 86 83.1 80.4 77.8 75.4 73.7 71.3
75 75 74.8 74.1 74.6 75.1 75.8 78.8 78.4 77.7 77.6 79.1 79.3 78.9 78.8 77.7 77.8 77.3 74.2 76.5 78.8 78.3 78.1 78.7 79.4 79.9 80.3 79.9 79.4 79.6 79.4 79.8 80.8 81.4 83 85.7 90.4 92.9 92.2 91 89.8 92.8 96.2 97.8 99.7 101.4 103.2 103.5 104.5 105.8 107.2 107.6 108 108.1 108.9 109.7 109.3 108.8 108.3 107.9 106.9 105.5 104 102.6 100.4 98.6 96.7 94.2 91.9 90 88.4 86.6 84.6 82.4 79.8 77.6 74.9 72 69.5 67.6 65.7
75.9 76.3 76.6 77.3 77.6 77.6 76.2 78.1 78.5 78.5 79.1 79.5 79.7 80 79.4 78 77.1 76.3 73.2 76 77.5 76.7 76.2 77.1 77.6 78.2 78.4 78.1 77.7 78 78.3 78.9 79.6 80.7 82.4 83.7 87.2 88.6 88.1 87.3 87.9 90.6 93.2 95.2 97.2 99 100.7 102.5 103.8 105.4 106.8 107.2 107.3 106.9 107.9 109.1 108.8 108.4 108.6 108.3 107.1 105.4 104.1 102.6 100 97 94.7 91.6 88.4 85.8 83.5 81.9 78.9 76.2 74 72.7 70.8 67.8 65.3 63.5 61.7
79.4 78.6 78 77.6 77.3 77 75.2 76 77.6 78.3 78.4 78.5 78.5 78.7 78.6 78.2 77.1 76.7 74.2 72.7 75.4 74.5 73.8 74.7 75.6 76.3 76.2 76.2 76.3 76.7 78 78 78.4 79.6 80.9 82.1 83.1 84.1 84.8 85.2 85.9 88.7 91.4 94 94.8 96.2 97.6 99.3 102.3 104.9 106.3 106.7 106.2 105.6 106.6 107.5 107.9 108.4 108.9 108.8 106.9 105.3 104 102.3 99.6 96.8 93.1 89.7 86.1 83.2 80.3 77.9 75.2 72.6 70.5 68.1 66.6 63.7 61.7 60.2 59.4
78.1 77.3 76.9 76.3 75.9 76.1 75.1 73.3 74.8 76.1 76.3 76.5 76.6 76.7 77 76.7 76.1 75.5 75 70.9 73.8 73.5 73.4 73.7 74.4 74.8 74.7 74.8 74.7 75.2 77 77 76.8 77.6 78.3 79 79.7 81.1 82.2 82.7 84.6 86.9 89.5 90.7 92.1 93.4 94.9 96.8 99.6 102.4 103.4 104.1 103.4 102.7 103 105.1 107.6 107.5 108.5 107.6 106.3 105.5 104.2 102.5 99.8 96.6 92.3 88.9 84.8 80.8 77.5 75 72.5 70 68.2 65.8 64.2 62.3 60.3 59 58.3
76.2 76 76.1 76 74.9 75.2 75 73.8 72.4 73.5 73.1 75 75 75.5 75.5 75 74.2 74.3 73.7 71.3 70.8 71.8 72.8 73.1 73.5 73.7 72.9 72.1 72.2 73.1 74.4 73.8 74.1 74.5 75 75.7 76.1 78 79.5 81.2 83.4 85.4 87.5 88.6 89.3 90.9 92.7 94.8 96.5 98.1 99 99.2 99.4 99.6 101.3 104.2 108 108.2 109.7 107 105.9 104.7 104 101.4 98.7 95.7 91.6 87.5 83.4 79.3 75.9 73.1 70.7 68.6 67 65.5 63.9 61.8 59.6 58.3 57.8
77.7 78.2 78.9 77.9 75.6 73.9 75.5 75.1 73.2 73.8 72.6 72.6 74.3 74.9 74.5 73.9 73.4 73.2 72.6 71.7 69.6 69.7 70.7 71.5 72.1 71.9 70.4 69.5 70.2 71.1 71.4 70.7 71.4 72.1 72.3 72.4 73.4 75.4 77.6 79.9 82.1 84.1 85.5 86.7 87.6 88.7 90.2 90.9 91.8 93.4 95.5 96.2 97.1 99.3 102 105 107.8 109.3 107.6 106.7 105.5 104.3 102.5 100.3 97.6 94.7 91.8 86.5 82.2 78.8 76 72.6 70.7 68 66.5 65.3 63.4 61.1 58.9 57.7 57.2
79.1 79 78.8 77.9 76.4 75.1 74.5 73 71.8 72 71.9 70 73.3 73.8 73.5 72.9 71.6 70.6 69.7 69.4 68.7 67.7 68.2 69.7 69 68.6 66.3 67.1 69 67.5 68.3 69 69.3 68.8 68.7 69.9 71.6 73.9 76.3 78.6 80.7 82.7 84.1 84.8 85.7 86.4 87.2 88.1 88.9 90.4 91.9 93.5 95.3 97.3 99.6 102.1 104.5 105.3 105.4 105.9 105 103.9 102 100 97.3 93.9 89.6 85.6 82.5 78.4 74.7 72.3 69.7 67.1 64.5 61.8 61.8 60.4 58.2 57.1 56.5
80.5 78.9 78.6 77.7 76.8 76.4 76.3 75 73.4 71.2 70.3 69.6 71.6 72.9 72.8 72.4 70.1 68.8 68.2 68.3 67.4 66.4 65 65.8 65.3 65.1 64 64 63.8 63.3 64.4 66.1 66.3 65.4 67 67.9 70.2 72.4 74.6 76.5 79.1 81.2 82.3 82.7 83.3 83.8 84.4 85.3 86.2 87.2 88.2 90.2 92.5 94.6 97 99.3 101.7 104.4 105.6 105.4 104.9 103.6 101.8 99.8 97.5 94.2 90.8 85.7 81.3 77.2 73 69.8 67.3 64.6 61.9 60.1 59.2 58.3 57 56.9 56.9
82.5 80.2 78.2 77.1 76.2 76.8 76.6 75.4 74.7 73.2 70.7 69.2 69.8 71.8 71.3 70.7 69.3 67.2 67.2 67 66.6 66.1 64.5 62.7 62.8 62.5 62.1 62.2 61.8 61.8 60.8 61.9 63 63.5 65.5 65.8 68.3 70.7 72.9 74.5 77.4 79.4 80.7 81 81.4 81.8 82.4 83.2 84 84.8 86.2 87.9 89.9 92 94.7 97.8 100.8 103.6 105.3 104.9 104.4 103.4 101 99.1 96.8 93.6 90.1 85.2 80.1 75.8 71.7 68.4 65.9 64.2 62.3 60.5 59.1 57.8 57.4 57.4 57.5
82.3 80 78.4 76.9 76.3 76.7 76.1 76.3 75.4 74.6 72.3 70.1 68.3 68.2 67.8 67.3 66.5 65.9 65.2 64.5 63.8 63.9 63.4 62.1 62.5 61.3 61.4 61.5 61.1 60.6 60.7 60.9 61.9 63.2 63.8 63.8 66 68.4 69.9 71.3 74.7 77.6 78.9 79.4 79.5 80.2 80.2 80.9 81.6 82.9 84.4 86 87.7 90.6 93.7 96.8 99.8 102.3 104 104.3 103.9 102.9 100.8 98.5 96.2 93.4 90 84.8 79.3 74.9 70.4 67.3 64.3 64.1 62.9 61.1 59.9 58.3 57.5 57.7 57.7
82.2 80.1 78.6 77.1 75.9 76.5 76.4 76.4 75.9 74.9 73.8 72.2 69.8 67.9 67.1 66.3 65.5 64.7 63.6 63 62.4 62.6 63.1 61.9 61.9 61.3 61.1 61.5 61.9 61.6 61.4 61 60.8 62.4 64.9 66.9 66.9 67.1 67.9 69.5 71.6 74.8 75.9 77 77.4 78 77.4 78.5 79.9 81.8 83.2 84.3 86.5 89.6 92.6 95.4 98.1 100.7 102.5 103.4 104.1 103 101.4 98.9 96.6 93.3 88.9 83.6 78.4 73.7 69.8 66.7 63.6 63 61.8 60.9 59.8 58.6 57.7 57.5 57.4
82.1 80.3 78.9 77.6 76 75.3 74.9 74.8 74.3 73.8 72.6 71.4 70.1 68.3 67.5 66.4 65.5 64.7 66.5 68.9 68.3 67.7 62.9 66.7 66 62.7 62.5 63.4 64.6 63.6 62.9 62.1 61.1 62.7 66.1 68.8 69.5 69.8 71.2 71.9 70.2 71.4 72.5 72.5 72.1 74 75.2 77.4 79 80.9 82.3 83.8 86 88.3 91 93.6 96.3 98.9 101.2 103.1 104.7 104.4 102.7 100.2 97.2 93.5 89.3 84.1 78.3 73.4 69.9 66.4 64.1 62.8 62.3 61.8 59.7 58.8 58.3 57.9 58
81.9 80.7 79.4 78.1 76.9 76.1 75.3 73.8 72.3 72.1 71.8 70.1 69.5 69.5 68.6 67 66 64.6 65.2 63.9 63.3 63.9 62.6 63.1 63.7 65.4 65 64.2 64 64 63.4 62.3 61 61.1 64.6 67 68.9 67.6 69 68.5 67.6 70.6 70.9 71.9 72.6 73.6 74.1 76.2 78.8 81.4 82.6 83.9 85.3 87.5 89.9 92.5 95.1 97.8 100.5 103 104.3 104.4 103.4 101.4 98.2 94.4 90.2 85.3 78.7 74 70.2 67 65 64.1 63 62.6 60.4 59.3 58.4 58.3 59.7
80.2 80 79 79.2 77.8 77.1 76.6 75.8 74.8 74.1 73.8 73.5 72.8 71.9 71 69.5 69.3 68.8 67.6 66 65.1 64.6 65.1 66.9 66.7 65.9 64.7 64.8 65.1 64.8 64 62.9 62.2 60.9 62.2 63.7 64.9 64 64.6 65 67.3 69.6 69.9 70.8 71.8 72.9 74.2 75.5 77.1 79.1 80.7 81.9 84.1 86.6 89 91.5 94 96.8 99.8 103.2 103.9 103.9 103.7 102.2 98.6 95.3 91.2 87.1 80 75.2 71.7 68.9 67.4 66.2 64.6 63.3 61.2 59.4 58.2 59 60.5
81.7 82.3 82.3 81.5 79 78.5 78.1 77.6 77.3 76.1 74.6 74.2 74 73.2 72.4 71.2 70.9 71.1 70.3 69.6 67.8 67.6 68 67.3 65.9 65 65.2 66 65.6 65.7 65.7 64.5 63.2 60.2 60.2 62.7 63.8 64.1 64.1 64.1 64.8 66.4 67.4 68.2 69 70.7 72.4 73.4 74.4 76.5 78.6 80.6 82.7 85.1 87.9 90.4 93 96.2 99.2 104.9 106.4 104.8 104.3 103.3 98 95.8 93.1 88 84.2 77.5 74.1 71.5 69 67.1 64.6 61.8 59.6 58.1 57.1 56.4 56.7
82 83.4 83.8 82.1 80.9 80.2 79.7 79.3 78.9 78 75.5 74.8 74.4 74.4 73.7 73 71.5 71.7 71.3 70.5 70.4 70.2 69.4 70.1 69.1 68.2 66.7 67.2 67 66.6 65.4 65.1 61.3 59.8 60 63.8 64.7 63.3 63.3 63.3 63.8 64.9 66.6 67.3 66.8 68.5 70.2 71 71.7 73.1 75.1 77.3 80.1 82.8 85.5 89 92.2 95.4 98.8 104.4 109.1 110.6 109.9 107.3 101.8 95.2 91 87.3 82.8 77.5 73.9 70.3 67.5 65.3 62.1 59.6 58.1 56.6 55.2 53.1 52.5
83.5 84.9 85.8 83.7 82.3 81.9 81.4 81 80.2 80.2 78.6 77.1 76.6 76.9 76.1 74.8 73 72.2 72.4 71.6 71.6 73.5 73.8 72.4 70.6 69.9 68.8 66.8 66.7 67.1 66.2 64.5 60.8 59.7 61.8 63.2 62.7 62.6 62.3 62.3 62.1 61.8 65.5 66.8 66.7 66.1 67.7 68.6 69.3 70.5 72.1 74.1 76.8 79.6 82.6 86.3 91.3 93.8 98.6 102.8 105.6 105.1 105.4 101.7 96.9 92.9 88.7 85.5 78.9 75.4 69.5 66.9 64.6 62.4 60.1 58.2 56.7 55.3 53.9 52.9 51.3
86.1 86.4 87.7 85.8 84.2 83.5 83.1 82.5 82.4 82.4 81.4 81.3 80.7 80.5 78.7 77.1 75.9 75.9 76.1 74.4 73.6 73.9 73.2 72.6 71.6 69.9 69.2 66.7 66.4 66.2 65.1 63.9 61 58.3 61.4 61.6 61 60.1 60.1 60.3 61.1 61 62.5 64.5 65.6 65.5 65.4 66 67 68.1 69.7 71.3 73.3 76.2 78.8 82.6 87.2 91.7 95 97.6 100.7 103.4 102.3 93.1 87 85.6 81.3 77.3 74.7 71.4 67 63.9 62 60.1 57.7 56.4 55.4 54.4 53 52.4 52.1
90.4 89.6 89.3 88.1 86.5 85.6 84.7 84.4 83.8 83.5 83.3 83 81.3 80.9 81 79.8 79.5 79.7 77.2 76 74.9 74.3 73.2 71.6 71.3 69.6 68.9 67.6 66.1 65.2 64.3 63.3 61.5 57.4 59.5 60 57.3 57.1 57.7 58.4 60.4 60.2 59.7 62.1 63.4 63.4 62.6 62.9 64.3 65.6 67.3 68.9 70.6 72.6 74.8 78.5 82.9 85.5 87.8 89.1 87.4 85.2 84.9 83.6 82.3 80.2 75.9 73.2 70.7 69.1 64.8 61.7 59.6 57.7 55.3 54.1 53.3 52.7 52.5 52.6 52.3
92.4 91.9 91.3 90.1 88.7 86.7 85.1 84.2 84 84.9 84.9 84.1 82.3 81.3 80.8 79 79 78.2 76.8 75.2 73.9 72.7 71.9 70.1 69.6 68.7 67.2 66.5 65.1 64.1 62.7 61.8 60.6 58.5 57.2 57.1 56.9 56.7 56.8 56.7 57.9 58.3 58.2 58.8 59.8 60.4 59.6 59.6 60.6 62 63.4 65.2 66.9 68.8 70.9 74.3 78.3 80.1 81.6 83.1 83 84.2 84 81 77.6 74.9 72.1 70.3 68.2 65.4 63.1 60.3 57.5 55.4 53.6 52.8 52.3 52 51.6 51.6 49.7
93.8 93.1 92.4 91.5 88.7 87.2 86.3 85.6 85.6 85.1 84.6 83.6 82.9 81.2 79.8 78.6 77.4 76.4 74.9 73.5 72.3 71 69.3 68.3 67.5 66.4 64.9 63.1 62.4 61.6 59.6 59.8 58.9 59 55.6 56.5 56.6 56 55.4 55.3 55.1 55.5 55.5 55.6 56.4 57.3 56.7 56.9 57.7 58.8 60.1 61.3 63.1 65 66.8 68.7 72 75 77.3 78.7 79.9 80.3 79.1 75.8 73.8 71.8 68.1 67.1 64.5 62.1 60.9 58.9 56.1 53.5 53 52.5 52.2 51.9 50.6 49.1 44.8
95 94.3 93.6 92.1 89.4 88.4 86.9 86.2 84.7 83.8 82.5 81.4 80.4 78.8 77.1 76.3 75.3 73.7 71.9 70.5 69.5 67.4 66 65 64.7 64.1 61.5 61.6 58.9 58.1 57.6 57.8 57.6 56.4 53.5 54.7 55.2 54.9 54.3 54 53.9 53.4 52.9 53.1 53.1 53.9 54 54.2 55.1 55.9 56.9 58.1 59.3 60.6 61.9 63.4 66 69 71 72.8 73.6 72.8 71.7 70.4 69.4 68.1 64 61.9 60 58.5 57.1 55.5 54 52.2 52.3 52.5 51.6 50.8 50.4 49.2 47.5
97 95.9 94 92.2 89.8 88.9 86.6 84.5 83.5 82.7 80.8 79.2 78 76.5 73.6 73.6 73.4 69.8 69.1 68.9 66.4 64.6 62.8 62.2 62.5 61.4 60.7 60.4 58.9 58.1 57.7 57.6 56.9 56.6 54.9 54.9 55.2 54.7 54.6 54.7 54.5 54.2 52.5 51.4 51.8 51.1 50.3 50.4 51.6 52.3 53.4 54.9 56.4 57.8 58.8 59 60.8 63.8 65.3 67 67.8 66.4 65.3 65.6 64.4 63.1 59.9 57.7 56.4 55.1 53.7 53.4 53.1 52.9 52.8 52.4 51.5 51 50.7 51 51.1
97.4 95.3 93.2 91.7 90 88 85.9 83.1 82.3 81.1 79.1 77.1 75.1 72.6 72.2 72.1 70.5 66.3 64.4 64.4 64.3 63.1 61.3 61.6 60.1 59 58.5 57.7 57.6 57.5 57.3 57.1 56.3 56.4 55.9 56.1 51 47.8 54.2 50.1 46.8 42 38.8 38.6 41.3 45.8 48 47.9 47.1 46.2 47.8 49.7 52.4 54.5 54.6 54.8 55.6 58.2 60.1 61.9 62.5 63.8 63.6 61.6 60.1 58.8 57.4 54.2 52.9 52.7 53.8 53.5 53.3 53.1 52.8 52.2 51.7 51.1 50.8 51.2 51.8
97 94.6 92.4 90.8 87.7 86.1 84 80.8 79.4 77.9 75.7 72.7 69.8 68.6 68.7 67 66.8 65.6 64.2 63.6 62.2 59.6 59.2 59.3 57.7 57.3 57.8 57.6 57.3 57.1 56.9 56.6 56.4 56.1 55.9 56.7 53.4 45.8 41.9 39.3 38.7 38.5 38.8 38.3 38 38.5 39.5 44.9 44.4 44.9 43.9 44.2 45.2 48.4 49.9 50.5 50.9 52.9 54.8 55.1 55 55.6 55.2 56.4 55.7 55.7 53.7 52.1 52.5 52.1 52.7 53.3 53.1 52.9 52.6 52.3 51.8 51.3 50.8 51.4 52
