data/370000-660000.asc
ncols 200
nrows 200
xllcorner 370000
yllcorner 660000
cellsize 50
[rows 0 to 34 of 200, columns 0 to 77 of 200]
254.5 246 248.7 242.6 243.4 232.2 224.7 222.4 219.7 219.2 224.5 226.5 231.8 230.6 228.3 221.5 217.8 223.6 227.8 227.1 224.9 223.9 223.7 223.4 222.8 220.4 214.8 205.8 197.3 189.4 185.1 184.1 189.6 199.6 203.4 206.4 211.2 211.7 210.7 210.7 213.5 214.2 212.1 205.1 195.2 185.6 177.5 194.6 214.5 223.7 226.1 228.4 231.9 224.3 218.6 230 243.5 251.1 257.9 262.3 263.6 261.3 257.4 252.8 248.9 244.3 238.8 233.3 227.5 221.9 217.4 213.9 210.4 208.3 205.4 201.2 197.2 193.1
246.4 242.8 237.5 239.5 227.2 233.9 240.1 238.5 236.2 234.5 220.7 213.3 211.7 209.8 208.6 206.9 205.8 203.8 212.3 219.4 214.4 213.9 214.1 211.8 209.8 206.2 199 189.9 188.3 187.1 185.3 196.1 203.8 207.5 211 212.4 214.3 216.3 218.8 221.1 221.8 219.3 213.5 205.1 195 184.2 183.7 207.9 226.6 236.1 238.8 243.8 247.5 238.4 230 235.3 247.1 258.8 267.1 269.3 266.9 263.4 258.3 253.4 249 244.4 238.3 232.6 227.4 222.6 218.2 215 211.8 208.5 205.5 202.2 198.6 194.6
261.6 258.2 253.6 238.4 247.5 248.8 246.5 243.2 238.3 228.2 230.9 228.4 225.9 223.7 223 219.3 214.4 207.7 201.5 199.8 198.3 196.7 195.9 194.9 193.2 192 190.7 190.7 188.6 188 200.4 207.5 212.4 215.9 218.3 219.4 221.5 225.5 229.2 228.9 225.9 221 213.8 204 194.3 183.3 194.2 219.3 236.1 245.3 249.7 254.5 258.7 256.9 248.9 246 247 252.4 260 268.6 266.8 263.4 258.4 253.8 249.3 244.5 238.6 231.5 226.7 223.5 220.1 216 212.8 209.4 206 202.9 199.5 196.1
269.8 260.8 241.7 250.2 257.2 255.3 250.9 246.2 241.1 238.3 238.5 235 233.5 231.7 229.8 225.4 219.3 210.8 203.3 205.3 205.6 204.4 198.9 194.7 194 197.5 193 194.4 200.7 206.7 212.3 215.9 220.1 223.4 224.8 228.6 231.1 233.5 234.7 232.4 227.6 221.3 213.4 201.3 192.9 185.3 206.7 224.8 244.2 253.6 258.4 262.8 266.2 267.7 266.9 261.9 259.7 255.8 258.5 264.8 265.8 263.2 258.7 254.2 249.6 244.6 239 231.6 226.8 223.3 220.5 217.4 213.8 210.2 206.5 203.6 201.1 197.8
273.1 252.4 257.7 264.5 262.7 257.6 253.5 250 244.7 244.5 244.5 243.1 240.6 236.2 231.4 225.4 215.4 205.7 213.7 216.4 213.4 212 211.8 211.5 206.5 197.9 194.9 206.2 211.7 216.7 221.9 226.6 229.3 233.6 237.6 240.4 241.5 240.7 239.1 235 229.5 222.1 211.3 199.3 188.9 194.6 201.9 217.4 239.6 252.7 264.7 268.9 272 272.8 272 271.1 269.3 264.6 259.9 262.2 264.8 262.6 259.4 254.9 250.2 244.6 238.8 232.2 226.8 222.8 219.9 217.3 214 209.7 206.5 203.7 201.3 198.8
267.3 249.1 270.8 267.4 262.6 258.8 255.5 251.9 248.6 246.1 246.2 243.4 239.2 235.1 229.1 218.3 209.1 218.4 224.4 224.3 220.7 219 218 213.3 204.9 198.2 203.9 214.6 221.5 227.4 233.9 239.3 243.4 246.2 247.6 248.8 247.7 245.8 242.4 237.7 230.9 222.6 206.4 195.9 193.4 210.2 220.6 223 222.4 242.6 260.1 268.3 273.2 272 271.5 271.7 269.9 267.2 262.7 259 262.8 261.8 259.9 255.3 249.8 244.2 238.5 232.9 227.5 222.8 218.5 215.6 211.8 208.2 204.8 201.8 198.9 197.4
249.7 267.3 271 267.6 264.8 262.3 258.6 254.4 252 249.4 245.6 242.9 239.6 232.8 219.3 213.4 222.1 227.7 230.2 228.8 225.6 222.7 219.7 212.3 204.9 200.1 212.4 223.3 232.6 240.5 247.1 251.7 253.5 255.1 255.7 254.7 252.6 248.7 243.9 238.9 230.9 215.2 201.7 195 208.7 225.6 238.4 244.3 246.1 246 243.7 260.3 267.2 268.6 268.3 267.7 267.4 265.6 262.5 258.1 256.6 256.8 257.3 254.3 248.8 243.3 238.5 233.6 228.3 223.6 218.9 213.5 207.9 205 201.6 198.5 195.9 191.2
269 271.5 271.4 269.3 268.6 266.3 261.6 257.4 254.5 250.7 246.8 244.6 236.3 223.7 220 230.7 235.3 234.6 234.7 233.6 230.8 226.5 220.9 211.2 203.6 203.3 222.9 235.6 245.3 252.9 258.5 261 262 262.3 261.2 259.1 255.1 251.2 246.2 238.3 223 207.1 197 205.4 217.9 239.1 252.7 260.1 262.1 261.2 258.7 255.4 261.9 265.4 265.6 265.7 265.3 264 261.2 257.7 254.6 252 252.2 252.1 248.5 244.1 239.9 235.5 230 224.6 219.8 214.7 208.6 202.1 197.8 195.3 192.5 186.7
274.2 273.7 272.7 273.3 274.3 269.7 263.8 258.1 254.3 251 246 241.4 227 224 237.5 247.4 253.6 251.7 246.5 242.5 237 230.2 218.7 208.5 203.5 221.4 239.6 250.8 257.9 263.8 266.5 267 267.4 267 264.8 261.8 257.9 252.3 244.3 230.1 213.3 200.6 206.1 221.7 234.2 243.7 261.4 269.8 272.9 272.1 270.7 264.7 264.5 265.4 264.6 264.3 263.2 261 257.7 254.7 250.6 247.4 246.8 248 246.2 243.6 241.1 236.6 231.4 226 219.9 213.7 208.1 202.9 198.3 192.2 188.8 185.3
277.5 277 276.8 277.3 279.2 272 264.5 258.5 253 248.7 242.2 230.6 226.1 242.4 254.9 267.5 266.3 261 254.4 246.8 238.6 226.2 210.8 207.8 219.2 235.6 254.8 264.2 270.3 273.3 274.5 274.1 273 271.4 268.4 263.8 257.5 247.4 230.5 217 204.8 209.7 224 236.9 253 263.4 269 275.9 277.1 275.1 271.7 269.2 266.9 266.7 265.3 264.4 262.1 258.9 254.2 250.3 246.4 243.4 242.6 242.9 243.1 241.3 238.8 234.9 230.8 223.4 217.6 212.6 207.3 202.7 198.1 194.3 188 181.3
281.9 281.4 280.7 279.7 281.3 272.2 264.1 256.9 250.3 245 233.9 232.2 244.7 259.4 274.9 274.7 268.1 261.6 253.7 244.8 230.8 214.3 209.5 220.7 234.8 249.3 266.3 276.2 280 281.1 281.5 280.5 278.7 274.7 271.4 264.9 254 237.2 216.7 209 216.3 228.4 242.8 256.2 268.8 276.8 279.2 279.9 278.3 276.1 275.6 273.7 271.5 268.7 266.1 264.2 261.4 257.6 253.1 248.2 244.1 240.5 238.9 237.4 235.3 234.1 230.3 226.7 224.6 219.9 214.6 210.3 205.6 201.5 197.4 193.4 182.4 191.1
287 286 284.1 282 278.4 270.6 262.8 256.2 249.3 235.4 234.1 247.5 257.1 274 278.5 272.9 265.5 258 246.9 232 215 215.4 222.4 235.2 250.5 267.4 280.9 286.7 289.1 290.3 289.5 286.6 284 277.4 272.1 258.2 239.5 218.6 216 220.5 235.6 249.2 263.8 272.1 278.2 282.5 284 283.2 281.8 280.7 279.8 277.7 274.3 270 266.3 264.2 261.2 256.9 252.1 247.4 243.2 239.5 229.7 227.5 228.2 225.8 221.9 218.3 216.8 212.4 210.2 206.1 201.5 193.7 188.8 191.3 193.9 199.6
292.4 289.6 285.9 282.2 276.5 269 261.2 255.2 247.6 237.6 254.1 262.8 276.8 281.7 276 268 259.9 246.9 232.6 219.2 219.6 226.8 239.2 252.8 268.4 286.5 293.9 297.4 299.8 299.6 296.2 291.6 284.6 277.6 264 244.1 224.3 224.1 230.3 227.4 252 266.5 274.5 280.3 284.2 288.1 288.4 287.5 286 283.2 282.2 279.4 276 270.9 266.7 264.4 260.6 256.3 251.1 244 233.4 237.7 235 231.1 228 218.7 220.3 216.3 211.5 213.6 208.9 204.4 202 198.7 197.2 195.3 199.7 203.9
295.5 291.8 288.1 282.8 275.3 266.5 261.4 252.4 235.5 257.4 269.8 283.4 286.3 281.2 272.3 260.5 245.7 233.5 222 222.3 229.6 238.7 255.8 274.3 291.1 300.9 306.2 308.2 308.1 305.3 300.4 293.3 285.2 271.6 251 231.5 224.8 233.4 243.6 231.9 246.8 264.4 278.3 285.9 290 292.5 292.5 291.9 289.5 286.5 284.6 281.2 277.1 272.4 267.9 265.6 260.9 256.2 246.6 247.4 244.3 240.8 238.4 234.6 232.7 229.7 226.8 223.4 220.6 217 212.8 208.8 205 203.5 202 200.6 201.8 204.6
297.7 293 287.8 282.2 274.4 269.2 258 242.6 260.1 272.9 287.4 290.8 287.7 279.9 270.3 254.8 238.6 225.4 228.1 235.4 243.5 255.2 267.9 290 304.2 311.5 315.6 316.8 315 310.5 303.1 293.3 282.2 258.1 236.9 231.2 248 251.9 258.4 252.9 245.7 248.9 267.3 282.9 292.2 294.8 296.4 295.3 292.9 289.9 286.8 283 278.9 274.8 269.2 264.7 261 255.8 253.6 251.5 247.4 243.7 241.2 239.4 237.3 234.2 231.4 228.4 224.3 219.6 215.4 211.3 208.1 205.9 204.3 203.9 204.4 205.1
298.1 292.1 285.7 281 276.4 267.6 246.6 263.6 273.9 288.7 295.6 294.6 288.3 279.4 266.1 247.1 230 231.7 239 246.6 256.6 270 283.6 302.1 314.5 320.5 323.7 323.6 319.7 313.4 303.4 291.5 274.5 251.9 237.4 251 266 265.3 270.7 274.5 267.9 255.8 273 271 285 292.5 297.1 298 295.6 292.3 288.8 284.9 280.6 275 269.4 264.7 262.2 260.7 258.4 254.4 250.4 246.8 244.8 243.4 242.1 238.8 235.5 231.9 226.9 222.3 218.1 214 210.9 208.6 206.8 206.3 206.2 206.9
297.2 290.2 282.9 279.5 268.9 254.5 267.5 278.4 293.5 301 300.7 296.8 288.4 276.4 259.8 241.4 232.2 245.2 255.4 264.7 276.1 291 308.1 317.8 324.5 329.2 330.9 329.5 324.8 315.9 304.3 290.4 268.5 246.9 244.4 262.9 278.3 280 283.1 289.7 289.5 280.8 281.9 285.2 289.2 293.6 296.4 298 297.2 293 289.6 285.8 279.9 274.3 270.8 267.9 266.8 265 260.6 257 253.2 249.9 248.5 247.2 245.7 242.9 237.5 233 229 224.8 220.8 216.9 213.5 211 209.3 208.5 208.1 208.9
294 285.8 279.2 259.3 269.8 274.8 284.1 296.1 304.5 306.7 305.3 298.3 288.7 275.3 255.9 236.3 240.6 260.6 275 285.6 299.2 312.5 323 331.5 336.4 337.9 337.9 334.5 328.3 318.2 306 289.7 265.6 250.8 259.3 262.7 287.8 291.9 294.6 304.1 307 305.7 296.4 306.2 305.6 305.2 302.5 297 292.5 289 286.5 284.5 281.9 276.8 273.1 270.3 268.4 266.8 262.8 259.6 255.8 253 250.4 248.5 247.4 243.9 238.5 233.8 229.7 225.7 222.1 218.8 215.8 212.7 211.5 209.8 209.1 209.6
287.6 266.2 273.7 280.5 284.1 290.9 301.8 308.8 312.9 312.4 307.8 300 288.6 273.1 253.4 238.6 248.5 270.5 289.1 303.9 317.5 329.6 338.8 344.6 347 347.2 344 338.9 330.9 319 302.8 281.8 257.3 272.6 268.8 267.3 296.1 306.4 310.8 317.6 319.9 319.6 318.2 317 316 314.8 310.8 303.2 297 291.8 288.4 286.7 284.5 279.6 274.9 270.5 267.7 265.8 263.4 260.7 256.7 253.7 251.4 249.4 246.5 242.7 238.9 234.4 230.4 226.3 222.8 219.6 216.8 214.2 212.3 210.5 210.2 210.3
287.7 281.4 289.7 294.4 301.6 308.4 314 317.7 318.3 315.6 309.6 299.7 286.8 270.3 253.8 242 255 275.8 298.8 315.2 330.1 342.5 351.2 356.1 356.6 353.8 348.2 340.3 324.6 305.2 286 268.5 275.9 293.5 287.4 266.5 298.4 320.4 324.5 327 328.2 327.3 327.5 327.5 325.9 323.3 318.6 312.6 305.7 301.7 295.5 288.8 285.2 280 274.7 270.6 267.5 264.2 262.5 259.8 256.9 254.3 251.3 248.6 245.2 240.7 237.4 234.1 230.3 226.6 223.5 220.5 217.6 215.4 213.2 211.3 210.8 209.7
280.8 297.7 303.4 310 317.2 321.5 323.5 324.2 322.5 317.5 309.1 296.6 280 266.6 252.3 245.1 260.6 282.9 302.5 325.6 342 354.3 362.1 364.8 364.1 359.8 352.1 332.1 309.8 288.8 287.5 292.8 298.6 314.2 304.7 273.6 297.5 326.4 332.2 334.4 335.8 336.6 336.8 335.8 333.4 329.5 324.4 318.4 311 306.5 300.4 293.2 286.3 280.8 275 270.4 267.2 263.6 261.7 259 254 252.4 248.8 245.8 243.7 239.2 234.6 231.6 228.8 226 222.9 220.3 217.6 215.7 213.7 211.6 209.6 208
300.2 309 314.7 320.5 326.2 330.7 332.6 330.9 325.2 317.9 305.1 291.8 278.1 269.2 252 253.8 262.6 291.1 316 336.1 351.1 362 369 371.5 369 362.6 340.9 320.1 317.7 313.4 310.1 322.8 326.7 331.6 323.3 286.6 300.5 328.3 339.7 341.5 342.6 343.5 342.8 341.5 338.6 334.3 328.5 322.4 314.5 309.7 304.3 296.7 289.6 283.6 277.1 272.9 268.7 265.4 262 260.5 255.8 250.1 246.3 243.8 241.1 238 233 229.6 226.9 224.4 222.4 220.1 217.8 215.6 213.4 211.4 209.4 207.3
313.8 318.7 324.1 328.8 334.6 338.9 340.2 338.4 331.6 319.9 304.1 291 282.3 275.9 259.8 272.4 255.1 280.7 306.4 333.1 353.1 363.5 371.5 374.4 370.9 354.7 354.5 354.1 350.8 347.9 340.4 344.7 344.2 342.2 321 289.6 312.9 340.9 345.4 347 347.9 348.5 347.3 345.5 342.1 338.1 332.1 325.3 317.1 311.2 306.2 300.3 293.4 286.7 281.8 275.1 269.9 265.3 262.9 260.7 256 249.7 242.6 239.8 237.8 234.1 230.1 226.7 224.4 222.8 220.5 219.1 217.5 215.3 213.1 211.2 209.3 207.5
323.8 328.7 333.4 340.1 345.5 347.3 348.5 345.9 339.1 327.2 308.9 296.1 286.9 274.5 276.4 281.8 268.2 273.4 301.1 322.5 333.8 345.2 357.1 370.8 371.7 371.3 368.1 365.3 361.7 359 355.8 353.2 350.3 346.6 319.7 298.7 328.9 345.6 349.8 351 351.8 351.3 350.1 348.2 345 340.5 335.1 328.1 319.9 312.5 307.8 302.5 295.4 288.9 282.4 275.7 269.4 265.9 261.7 259.3 256.1 250.4 244.2 238.6 232.6 228.9 227.7 223.9 221.8 220.3 218.7 217.9 217.4 215 212.9 210.8 209.5 207.7
333.4 340.5 347.4 352.8 356.7 358.9 357.9 353.7 346.2 333.6 316.9 302.9 292.7 278 287.2 288.2 280.6 267 289.2 303.9 319.1 335.6 355.2 373.2 376.3 375.7 373.9 371.4 367.7 364.5 361.3 359 356.1 348.5 319.6 315.1 338.7 352.6 353.1 352.8 352.7 352.7 351.7 349.9 345.9 341.5 336.5 330.5 322.8 315.3 307.2 302.7 296.1 289.7 282.7 276.1 269.3 266.9 262.8 257.6 254.4 249.6 246 240.6 234.6 229.3 222.9 221.3 219.2 217.6 216.8 216.2 215.4 213.6 211.5 210.2 209.6 207.8
347.1 356 362.2 366 368 368.6 366 361.2 352.6 341 325 310.3 291.7 296.8 296.4 294.7 287.2 269.2 293.1 314.5 331.1 349.3 365.5 375 378.8 378.9 377.4 374.6 372.5 369.4 366.1 363 358.3 339.4 316.3 333.7 353.9 353.9 354.3 353.9 353.5 352.7 351.6 349.3 346.6 341.9 337 331.4 324.8 316.3 305.3 298.5 293.7 288 281.9 275.4 270.3 266.1 261.9 254.7 252.2 249.9 247.1 239.6 234.5 230.9 226.2 218.9 213.9 213.3 208.3 207.5 212.8 210.6 208.4 209.4 208.8 207.9
364 371.5 375.7 377.9 378.4 376.8 373 367.5 357.7 343.3 325.9 304.9 308.1 308.2 306.4 303.3 299.1 278.3 294.5 318.8 336.5 351.3 365 374.7 379.5 380.6 379.5 377.7 375.3 372.2 368.9 364.8 357.2 333.1 346.2 354.7 356 355.5 354.5 353.3 352.5 351.5 350.2 348.4 346.1 342.1 337.2 331.8 324.9 317.4 307.8 296.9 290.3 284.1 277.2 272.4 267 262.4 258.6 254.2 251.4 247.9 246.2 238.2 232.2 227.9 225.7 221.6 215.1 210.4 215.2 209.9 202.7 203.5 202.5 204.7 205.6 205.6
378 382.5 385.2 386.4 386.1 384.4 379.9 373.1 354 334 324.4 323.4 322.7 324 320.4 315.9 310.5 298.1 282.6 312.5 333.6 343 356.9 371.6 379 381.8 381.8 380.1 377.8 374.9 370.3 363.3 347.5 356.1 358.9 359.1 357.4 355.8 354.1 352.3 351.1 349.5 348.4 347.2 345.3 341.9 336.9 330.9 323.8 316.2 307.5 298.9 289.1 280.7 274.5 269.9 263.4 257.7 253 251.1 248.3 245.4 242.6 233.9 227.8 224.9 218.3 218.3 219.1 218.5 216.9 214.4 211.3 208.6 206 195.6 199.4 202.5
386.3 389.9 391.2 392.8 392.7 390.4 385.8 375.3 367.6 353.9 349.2 343.9 343.7 341.3 335.8 329.1 323 316.6 289.8 302.5 319.6 339.3 351.7 368.2 378.9 382.8 383.1 381.6 379.3 375 371.3 369.1 366.6 364.2 362.6 360.3 357.9 356 353.7 351.1 349.2 347.5 346.6 345.9 344.5 341.1 336.1 330 322.3 314.6 306.6 298.5 288 276.8 269.7 262.1 256.7 248.9 243.7 240 242.4 233.3 230.8 226.3 226.3 223.7 224.9 224.4 223.6 221.4 219.2 216.6 214 210.7 207.8 205.8 195.7 190.9
393.5 396.5 398.1 398.8 398.6 396.6 392.3 387.7 381.8 374.4 368.8 363.3 359.8 355 349 341.4 332.3 315.4 294.1 305.9 312.8 324.7 338.6 354.7 376 383.4 384.6 383.3 380.8 377.6 374.8 372.4 369.7 366.6 364.3 360.8 357.7 355.1 352 349.8 347.9 345.4 344.5 343.9 343.4 340.2 335.5 329.2 322.1 314.9 307 296.4 286.6 276.5 270.7 261.6 259.1 258.2 253.3 244.3 242.8 239.9 237.7 234.8 232.4 230.9 229.7 227.8 225.6 223.2 220.6 217.9 215.1 212.2 209.1 206.6 203.2 199
398.1 400.7 401.5 401.9 401.8 400.4 397.6 394.1 390.1 385.4 380.9 376.3 371.4 365.2 358.6 347.7 331.4 308.9 316.7 332 330.4 336.6 347.7 361 368.6 384.1 386.7 385.7 383.6 380.7 377.9 374.7 371.3 368.4 364.6 360.8 357.6 353.7 350.4 348.2 345.6 343.1 341.3 342 342.2 339.3 334.9 328.3 321.5 312.9 305.6 292 284.7 279.3 272.8 269.2 263.6 258.7 251.8 249.8 247 244.8 242 239 236.7 234 231.7 229.4 227.1 224.4 221.7 219 216.2 213.5 210.2 206.9 203.4 200.7
400.6 401.6 401.2 399.5 399.9 401.9 401.1 398.2 395.4 393.5 389.4 385.2 379.7 373.5 366.4 355.8 346.3 315.1 338.3 353.2 357.6 364.7 374.3 384 388.1 389.4 390.2 388.4 386.4 383.1 379.8 376.5 373.1 368.7 364.3 360.5 356.5 351.4 347.6 345.1 342.8 340.4 338.2 339.5 340.8 339.4 334.9 328.5 323.6 315.2 306.9 300.3 290.8 282.5 276.9 272.3 265.3 260.4 258.1 255.5 252.3 249.4 246.7 243.8 239.7 236.5 233.7 230.9 228.1 225.4 222.7 220 217.3 214.3 211 207.7 204.2 201
399.9 399.8 398.4 396.7 398.4 401.2 402.8 402.1 400.3 398.6 395.4 391.9 386.1 380.1 374.3 367.5 347 331.4 352.9 364.7 375.2 382 388.2 391.8 393.9 394.6 393.5 391.5 388.7 385.3 381.8 378.4 374.3 369.9 365.5 361.1 356.3 351.5 345.2 340.2 339.1 337.1 335.1 338.6 340.5 341 336.8 333.3 327 317.6 308.3 300.5 292.6 284.4 277.7 267.6 268.3 267.8 265 261.9 258.8 253.6 249.7 246.2 240.9 237.7 234.8 231.9 229.1 226.3 223.6 220.9 218.2 214.6 211.5 208.3 204.9 201.4
397 395.9 394.8 394 396 399.8 402.1 404.8 404.4 403.9 401.8 397.7 393.1 388.1 382.2 373.9 342.9 353.3 364.6 379.9 387.8 393.8 397.6 399.6 399.3 398.5 396.5 394.1 390.9 387.4 383.9 380.3 375.7 371.2 366.8 362.1 356.8 352.4 346.3 341.5 337 333.9 333 337.8 340.9 342.9 341.7 338.1 330.5 321.2 311.7 302.9 294.6 285.8 277.1 281.9 281.6 277.9 273 269.1 265.8 259.6 252.3 247.9 243.3 239.1 236.2 233.2 230.3 227.4 224.5 221.8 219 215.3 211.2 207.8 201.9 198.5
393.2 391.8 389.5 388 392.4 398.8 404.1 407.8 408.6 408.2 406.4 402 398 393.9 389.4 377.2 358.9 373.9 379.7 390.6 396.9 401 403.4 404.7 403.5 401.7 399.4 396.3 392.9 389.3 385.8 382.3 377.6 372.6 368.1 362.9 357.6 352.7 347.5 342.3 338.3 334.4 330.1 337.9 342.3 344.8 344.7 340.5 333.4 325 316.4 307.8 301.3 294.7 292 294.2 295.1 290.5 285.7 280.4 275.1 267.1 257.6 250.8 246.1 241.8 237.6 234.7 231.9 228.8 225.6 222.8 219.8 216.1 212.4 207.4 205.8 200.5
