data/370000-670000.asc
ncols 200
nrows 200
xllcorner 370000
yllcorner 670000
cellsize 50
[rows 126 to 167 of 200, columns 94 to 187 of 200]
49.1 48.2 45.3 43.1 41.8 41.9 42.2 34.4 36.2 36.1 37.3 35.4 32.7 26.5 23.4 20.7 23.7 21.2 3 1.4 0.3 -0.7 -1.4 -2 -2 -2 -2 -2 -2 -2 -2 -2 -2 -2 -2 -2 -2 -2 -2 -2 -2 -2 -2 -2 -2 -2 -2 -2 -2 -2 -2 -2 -2 -2 -2 -2 -2 -2 -2 -2 -2 -2 -2 -2 -2 -2 -2 -2 -2 -2 -2 -2 -2 -2 -2 -2 -2 -2 -2 -2 -2 -2 -2 -2 -2 -2 -2 -2 -2 -2 -2 -2 -2 -2
52.2 52.5 49.7 47.3 45.5 43.6 42.8 41.1 38.1 37.6 36.4 33.9 30.2 26.4 22.3 24.5 25.7 28.1 15.2 2.3 1.2 0.4 -0.5 -2 -2 -2 -2 -2 -2 -2 -2 -2 -2 -2 -2 -2 -2 -2 -2 -2 -2 -2 -2 -2 -2 -2 -2 -2 -2 -2 -2 -2 -2 -2 -2 -2 -2 -2 -2 -2 -2 -2 -2 -2 -2 -2 -2 -2 -2 -2 -2 -2 -2 -2 -2 -2 -2 -2 -2 -2 -2 -2 -2 -2 -2 -2 -2 -2 -2 -2 -2 -2 -2 -2
53.8 55.2 53 49.4 46.2 44.3 43.5 42.6 39.7 38.1 35.6 31.9 27.1 25.1 26.8 28.5 25.4 29 28.5 11.9 2.1 1.2 0.2 -1 -2 -2 -2 -2 -2 -2 -2 -2 -2 -2 -2 -2 -2 -2 -2 -2 -2 -2 -2 -2 -2 -2 -2 -2 -2 -2 -2 -2 -2 -2 -2 -2 -2 -2 -2 -2 -2 -2 -2 -2 -2 -2 -2 -2 -2 -2 -2 -2 -2 -2 -2 -2 -2 -2 -2 -2 -2 -2 -2 -2 -2 -2 -2 -2 -2 -2 -2 -2 -2 -2
52.3 53.9 53.3 50.7 47.4 44.9 43.9 43.4 39.9 38.7 36.4 35.4 31.8 31.3 32.1 34.8 33.1 26.7 29.3 29.3 15.4 2.2 1.2 0.1 -0.9 -2 -2 -2 -2 -2 -2 -2 -2 -2 -2 -2 -2 -2 -2 -2 -2 -2 -2 -2 -2 -2 -2 -2 -2 -2 -2 -2 -2 -2 -2 -2 -2 -2 -2 -2 -2 -2 -2 -2 -2 -2 -2 -2 -2 -2 -2 -2 -2 -2 -2 -2 -2 -2 -2 -2 -2 -2 -2 -2 -2 -2 -2 -2 -2 -2 -2 -2 -2 -2
48.4 50.7 52.9 51.4 48.2 45 44.3 42.8 38.3 34.5 34 35.2 39 37 37.9 37.4 35.2 32.2 30.7 30.1 29.2 25.9 3.9 1.5 0.7 -0.2 -2 -2 -2 -2 -2 -2 -2 -2 -2 -2 -2 -2 -2 -2 -2 -2 -2 -2 -2 -2 -2 -2 -2 -2 -2 -2 -2 -2 -2 -2 -2 -2 -2 -2 -2 -2 -2 -2 -2 -2 -2 -2 -2 -2 -2 -2 -2 -2 -2 -2 -2 -2 -2 -2 -2 -2 -2 -2 -2 -2 -2 -2 -2 -2 -2 -2 -2 -2
46.5 48.5 52.9 53.3 48.1 44.6 42.3 38.7 36.3 37.6 40.3 39.8 40.2 40.4 36.2 39.1 35.6 33.5 32.1 30.8 28.8 23.9 15.7 8.5 1.9 0.5 -0.8 -2 -2 -2 -2 -2 -2 -2 -2 -2 -2 -2 -2 -2 -2 -2 -2 -2 -2 -2 -2 -2 -2 -2 -2 -2 -2 -2 -2 -2 -2 -2 -2 -2 -2 -2 -2 -2 -2 -2 -2 -2 -2 -2 -2 -2 -2 -2 -2 -2 -2 -2 -2 -2 -2 -2 -2 -2 -2 -2 -2 -2 -2 -2 -2 -2 -2 -2
47.3 46.5 53.3 60.6 50.5 42.8 39.3 42.1 41.3 42.1 44.3 44 42.7 42.7 40.9 38.5 36.4 34.6 31.1 29.9 24.3 24.6 23.2 26.3 14.2 1.5 0.2 -2 -2 -2 -2 -2 -2 -2 -2 -2 -2 -2 -2 -2 -2 -2 -2 -2 -2 -2 -2 -2 -2 -2 -2 -2 -2 -2 -2 -2 -2 -2 -2 -2 -2 -2 -2 -2 -2 -2 -2 -2 -2 -2 -2 -2 -2 -2 -2 -2 -2 -2 -2 -2 -2 -2 -2 -2 -2 -2 -2 -2 -2 -2 -2 -2 -2 -2
47.8 47.6 45.1 48 44.1 44.4 49.5 49 47.2 45.7 46.8 44.8 45.3 44.1 41.8 39.1 36.5 34.2 32.2 31.5 30.4 30.1 28.4 27.1 25.8 3.9 0.6 -2 -2 -2 -2 -1.9 -2 -2 -2 -2 -2 -2 -2 -2 -2 -2 -2 -2 -2 -2 -2 -2 -2 -2 -2 -2 -2 -2 -2 -2 -2 -2 -2 -2 -2 -2 -2 -2 -2 -2 -2 -2 -2 -2 -2 -2 -2 -2 -2 -2 -2 -2 -2 -2 -2 -2 -2 -2 -2 -2 -2 -2 -2 -2 -2 -2 -2 -2
48.4 54.6 54 50.2 50.7 57.5 57.4 55.6 52.3 47.9 47.9 48.1 47.3 45.5 42.7 39.2 35.8 35.1 37.5 34.6 34.4 31.4 29.8 28.6 28.9 14.6 0.8 -0.7 -2 -1.2 -0.9 -0.7 -2 -2 -2 -2 -2 -2 -2 -2 -2 -2 -2 -2 -2 -2 -2 -2 -2 -2 -2 -2 -2 -2 -2 -2 -2 -2 -2 -2 -2 -2 -2 -2 -2 -2 -2 -2 -2 -2 -2 -2 -2 -2 -2 -2 -2 -2 -2 -2 -2 -2 -2 -2 -2 -2 -2 -2 -2 -2 -2 -2 -2 -2
55 61 64.1 64.7 65.2 69.2 62.4 61.4 55.7 50.5 49.7 50.2 49.1 46.6 43.4 42.4 40.9 38.9 36.9 36 34 32.9 32.4 30.8 30 19.1 1.6 0.5 -0.1 0.1 0.4 0.5 -0.2 -2 -2 -2 -2 -2 -2 -2 -2 -2 -2 -2 -2 -2 -2 -2 -2 -2 -2 -2 -2 -2 -2 -2 -2 -2 -2 -2 -2 -2 -2 -2 -2 -2 -2 -2 -2 -2 -2 -2 -2 -2 -2 -2 -2 -2 -2 -2 -2 -2 -2 -2 -2 -2 -2 -2 -2 -2 -2 -2 -2 -2
62.7 68.7 68 67 66.7 68 62.8 60.9 57.4 52.8 52.2 52.1 50.2 47 48.5 48.8 46.3 44.1 41.7 39.8 37.2 35.8 34.5 33.2 32.3 32.1 5.3 1.8 1.3 1.5 1.6 1.8 0.7 -0.7 -2 -2 -2 -2 -2 -2 -2 -2 -2 -2 -2 -2 -2 -2 -2 -2 -2 -2 -2 -2 -2 -2 -2 -2 -2 -2 -2 -2 -2 -2 -2 -2 -2 -2 -2 -2 -2 -2 -2 -2 -2 -2 -2 -2 -2 -2 -2 -2 -2 -2 -2 -2 -2 -2 -2 -2 -2 -2 -2 -2
72.3 72 71.6 69.3 67.5 66.2 63.1 60.8 57.7 55.2 54.6 53 50.6 48.3 51.3 56.2 53.2 48.8 46.5 43.3 40.2 37.9 38.5 35.8 35.1 33.4 32.8 32.9 18.6 14.2 11.4 2.3 1.7 -0.2 -2 -2 -2 -2 -2 -2 -2 -2 -2 -2 -2 -2 -2 -2 -2 -2 -2 -2 -2 -2 -2 -2 -2 -2 -2 -2 -2 -2 -2 -2 -2 -2 -2 -2 -2 -2 -2 -2 -2 -2 -2 -2 -2 -2 -2 -2 -2 -2 -2 -2 -2 -2 -2 -2 -2 -2 -2 -2 -2 -2
76 75.5 74.3 71.4 68.4 66.6 63.9 61 59 58.5 57 55.3 52.2 50.4 52.9 54 52.8 50 48.3 46.2 43.1 40.5 37.7 37.8 36.6 36.5 35.7 35.8 36.9 35.1 33.9 23.5 3 1.4 -0.3 -0.8 -2 -2 -2 -2 -2 -2 -2 -2 -2 -2 -2 -2 -2 -2 -2 -2 -2 -2 -2 -2 -2 -2 -2 -2 -2 -2 -2 -2 -2 -2 -2 -2 -2 -2 -2 -2 -2 -2 -2 -2 -2 -2 -2 -2 -2 -2 -2 -2 -2 -2 -2 -2 -2 -2 -2 -2 -2 -2
78.7 77.4 75.5 72.4 69.9 67.3 64.7 63.7 63.7 62.9 61.4 60.5 54.5 51.7 51 50.3 49.6 49.1 47.9 46.2 44.3 41.8 39.1 38.7 38.7 39.5 38.5 38.9 38.3 36.9 35.6 34.2 31.7 15.4 1.4 1.1 -2 -2 -2 -2 -2 -2 -2 -2 -2 -2 -2 -2 -2 -2 -2 -2 -2 -2 -2 -2 -2 -2 -2 -2 -2 -2 -2 -2 -2 -2 -2 -2 -2 -2 -2 -2 -2 -2 -2 -2 -2 -2 -2 -2 -2 -2 -2 -2 -2 -2 -2 -2 -2 -2 -2 -2 -2 -2
78.7 77.9 76.5 72.5 69.9 68.2 66.5 66.4 66.6 66 63.8 61 54.7 54.2 53.3 51.4 49.4 48.8 47.2 45.6 43.7 41.4 41.3 41.3 41.2 41.1 42.3 40.4 40 38.3 37 35.7 34.8 30.8 7.5 2.3 0.2 -2 -2 -2 -2 -2 -2 -2 -2 -2 -2 -2 -2 -2 -2 -2 -2 -2 -2 -2 -2 -2 -2 -2 -2 -2 -2 -2 -2 -2 -2 -2 -2 -2 -2 -2 -2 -2 -2 -2 -2 -2 -2 -2 -2 -2 -2 -2 -2 -2 -2 -2 -2 -2 -2 -2 -2 -2
78.6 76.7 75.9 72.6 69.8 68.4 68.3 67 65.8 64.6 64.7 60.2 57.3 55.8 55.7 53.6 51.2 48.7 47.5 46.2 45 44.2 44 43.8 43.6 43.4 43.3 43.6 40.4 39.5 38.3 37.2 36.1 33.3 32.2 27.1 1.5 0.5 -0.4 -1.3 -2 -2 -2 -2 -2 -2 -2 -2 -2 -2 -2 -2 -2 -2 -2 -2 -2 -2 -2 -2 -2 -2 -2 -2 -2 -2 -2 -2 -2 -2 -2 -2 -2 -2 -2 -2 -2 -2 -2 -2 -2 -2 -2 -2 -2 -2 -2 -2 -2 -2 -2 -2 -2 -2
78.1 75.7 74.5 73.5 71.4 70.3 70.4 69.2 68 65.7 62 60.5 60.1 58 56.3 56.9 52.6 49.9 48.5 47.2 46.8 47 46.8 46.6 46.2 45.6 44.9 44.8 41.6 40.9 39.7 37.8 36.3 34.9 34 32.1 9.3 1.6 -0.6 -2 -1 -1.1 -1.6 -2 -2 -2 -2 -2 -2 -2 -2 -2 -2 -2 -2 -2 -2 -2 -2 -2 -2 -2 -2 -2 -2 -2 -2 -2 -2 -2 -2 -2 -2 -2 -2 -2 -2 -2 -2 -2 -2 -2 -2 -2 -2 -2 -2 -2 -2 -2 -2 -2 -2 -2
77.7 74.9 75.8 80.3 76 74 73.3 73 72.3 67.4 62.1 62.3 61 58.1 55.8 55.8 53.2 50.8 49.5 48.7 48.6 49.8 49.3 48.7 48.2 47.5 46.8 45.5 43.1 40.7 39.9 39.3 37.8 36.6 34.8 33.5 28.9 -2 -2 0.6 0.1 0 -0.7 -2 -2 -2 -2 -2 -2 -2 -2 -2 -2 -2 -2 -2 -2 -2 -2 -2 -2 -2 -2 -2 -2 -2 -2 -2 -2 -2 -2 -2 -2 -2 -2 -2 -2 -2 -2 -2 -2 -2 -2 -2 -2 -2 -2 -2 -2 -2 -2 -2 -2 -2
80.5 76.4 76.9 80.8 79.6 76.9 75.7 74.8 73 68.3 63.7 63.8 63.9 60.7 57.9 55.1 54 52.1 50.8 50.7 51 52.6 51.3 50.8 50.1 49 48 45.7 43.8 42.8 41.4 39.5 39.3 37.5 36.2 34.8 32.7 -2 -2 1.7 1.2 1.1 0.2 -0.9 -2 -2 -2 -2 -2 -2 -2 -2 -2 -2 -2 -2 -2 -2 -2 -2 -2 -2 -2 -2 -2 -2 -2 -2 -2 -2 -2 -2 -2 -2 -2 -2 -2 -2 -2 -2 -2 -2 -2 -2 -2 -2 -2 -2 -2 -2 -2 -2 -2 -2
85.6 81.1 76.1 77.6 79.9 80.5 79.2 77.7 74 68.6 64 66.5 66.2 65 62.6 59.9 56.7 53.7 52.9 55.1 55.8 55.5 53.5 52.6 51.4 50.2 48.4 46.4 44.5 44.1 43.3 41.6 38.7 38.7 37.3 35.7 32.8 15.5 17.1 5.8 2.3 2.1 1.3 0.5 -2 -2 -2 -2 -2 -1.8 -2 -2 -2 -2 -2 -2 -2 -2 -2 -2 -2 -2 -2 -2 -2 -2 -2 -2 -2 -2 -2 -2 -2 -2 -2 -2 -2 -2 -2 -2 -2 -2 -2 -2 -2 -2 -2 -2 -2 -2 -2 -2 -2 -2
92.8 88 81.7 78.1 77.6 78.9 79.5 80.5 76.2 68.7 67.8 71.3 70.3 69.4 67.9 69.5 66.7 61.3 60.6 62.4 60.5 57.9 55.5 53.8 52.6 51.2 49.2 47 45.6 44.9 44.3 42.7 41.8 37.5 38.2 36.1 25.5 15.1 36.5 35.3 26.8 24.7 8.9 3 1.3 -0.3 -2 -2 -0.4 0.5 0 -0.8 -2 -2 -2 -2 -2 -2 -2 -2 -2 -2 -2 -2 -2 -2 -2 -2 -2 -2 -2 -2 -2 -2 -2 -2 -2 -2 -2 -2 -2 -2 -2 -2 -2 -2 -2 -2 -2 -2 -2 -2 -2 -2
99.9 94.5 88.9 83.3 81 77.7 75.9 74.7 72.6 67.9 72.1 75.5 74.3 72 71.8 72.2 71.3 68.9 67.2 67.9 63.1 59.6 57.4 55 53.7 52.1 50.2 48 46.9 45.9 45.1 42.8 38.1 36.8 37 27.9 32.1 30.6 35.3 37.1 36.8 36.9 34.5 23.9 10.9 3.4 1.3 1.1 2.1 2.4 1.5 0.3 -0.4 -1.3 -2 -2 -2 -2 -2 -2 -2 -2 -2 -2 -2 -2 -2 -2 -2 -2 -2 -2 -2 -2 -2 -2 -2 -2 -2 -2 -2 -2 -2 -2 -2 -2 -2 -2 -2 -2 -2 -2 -2 -2
106.3 100.8 95.3 90 86.2 82.8 78.9 75.5 72.5 70.4 71.6 74.4 75.5 73.1 73.6 74.3 72.6 71.2 70.5 71.8 66.4 62.9 60.2 57 54.8 53.1 51.1 49.6 48.7 47.4 45.6 42.8 36.1 31.5 40.1 36.8 36.7 34.5 30.9 34.1 37.2 37.5 37.3 36.2 35.5 33.6 19.3 5.6 7 3.9 2 0.9 -0.3 -1.5 -2 -2 -2 -2 -2 -2 -2 -2 -2 -2 -2 -2 -2 -2 -2 -2 -2 -2 -2 -2 -2 -2 -2 -2 -2 -2 -2 -2 -2 -2 -2 -2 -2 -2 -2 -2 -2 -2 -2 -2
110.3 107.3 103.3 97.5 92.5 89.1 84.8 82 79.3 76.6 74.3 73.6 75.1 76.4 76.5 77.1 75.1 72.1 70.9 70.5 69.2 65.8 62.8 60.2 56.8 54.4 52.4 51.3 50.4 49.2 46.1 41 33.7 35.6 39.7 41.9 36.3 35.8 33.1 31.6 34.6 36.5 36.2 36.5 35.9 35.2 34.8 28.6 25 11.1 2.1 0.8 -0.6 -2 -2 -2 -2 -2 -2 -2 -2 -2 -2 -2 -2 -2 -2 -2 -2 -2 -2 -2 -2 -2 -2 -2 -2 -2 -2 -2 -2 -2 -2 -2 -2 -2 -2 -2 -2 -2 -2 -2 -2 -2
111.7 111.9 108 103.4 100.9 96.3 91.5 88.7 86 82.7 79.4 75.6 74.9 77.4 79.6 79.8 78.7 74.6 71 69.7 68.7 66.4 64.1 62.4 62.9 59.6 55.2 53.8 52.4 50.1 44 39 43.2 43.7 42.8 42.6 44.2 37 36.8 33.5 32.4 35.1 35.5 35.7 35.8 35 34.4 33.6 30.5 15.3 3.4 1.2 0 -2 -2 -2 -2 -2 -2 -2 -2 -2 -2 -2 -2 -2 -2 -2 -2 -2 -2 -2 -2 -2 -2 -2 -2 -2 -2 -2 -2 -2 -2 -2 -2 -2 -2 -2 -2 -2 -2 -2 -2 -2
112.6 109.7 107.1 104.8 102.8 101.2 98.2 95.1 91.8 88.5 85.1 80.9 78.2 77.3 78.9 80.4 77.6 75.7 73.7 72.1 70.5 69 67 65.3 64.8 62.8 57.2 55 53.7 48.9 40.2 46.9 47 46.2 45.6 43.8 41.7 41.5 39.1 34.5 32.6 33.9 34.7 34.9 35.1 34.8 34.1 33.5 31.5 11.9 15.9 21.8 2.2 1.7 0 -2 -2 -2 -2 -2 -2 -2 -2 -2 -2 -2 -2 -2 -2 -2 -2 -2 -2 -2 -2 -2 -2 -2 -2 -2 -2 -2 -2 -2 -2 -2 -2 -2 -2 -2 -2 -2 -2 -2
112.6 109.8 106.9 104.2 102.3 100.2 99 96.7 94.3 92.3 88.8 85.5 81.9 78.3 75.3 76.2 75.8 75.2 73.4 72.9 72.2 71.2 69.8 68.9 66.9 63 58.9 56.1 51.7 42.2 49.8 51.3 49.7 49.2 48.3 46.3 44.3 42.5 39.5 45.6 37.7 33.7 34 34.3 34.7 34.9 34.1 33.5 31.9 22.1 9.1 30.9 30.7 2.3 1.2 0 -0.1 -0.5 -1.2 -2 -2 -2 -2 -2 -2 -2 -2 -2 -2 -2 -2 -2 -2 -2 -2 -2 -2 -2 -2 -2 -2 -2 -2 -2 -2 -2 -2 -2 -2 -2 -2 -2 -2 -2
112.6 110.5 108.3 105.9 103.7 101.5 98.7 97.2 95.4 93.3 90.3 88 84.3 80.9 79.1 76.2 75.4 74.5 71.5 71 70.2 69.1 69.5 70.8 68.4 65.2 61.3 53.6 46.9 50.7 54.8 53.4 52.8 52.4 50.8 49.2 48 45.6 42.7 40 38.9 46.6 38.8 33.9 35.1 35.3 35.2 34.7 33.4 24.3 11.3 30.4 31.6 6.7 2.3 1.3 1 0.5 -0.3 -2 -2 -2 -2 -2 -2 -2 -2 -2 -2 -2 -2 -2 -2 -2 -2 -2 -2 -2 -2 -2 -2 -2 -2 -2 -2 -2 -2 -2 -2 -2 -2 -2 -2 -2
109.7 109 108.3 107.5 106.8 105.2 102.1 98.5 96.4 94.4 91.9 90.2 86.8 84.6 83 79.3 76.8 73.5 73.1 71.6 69.2 66.2 62.7 62.1 63.2 59 55 48.7 55.8 58.9 56.8 55.7 55.3 55.4 54.1 52.9 51.7 48.9 46.5 44.9 44 42.1 40.5 47.8 40.9 35.9 36.4 37.1 34.6 11.6 32.8 32.5 33.1 10 5.4 3 1.9 1.4 0.6 0.3 1.5 1.6 1.5 0.6 -0.7 -1.9 -2 -2 -2 -2 -2 -2 -2 -2 -2 -2 -2 -2 -2 -2 -2 -2 -2 -2 -2 -2 -2 -2 -2 -2 -2 -2 -2 -2
104.8 105.4 106.9 106.1 105.5 105.3 103.9 101.7 98.5 95.4 93.4 91.7 89.5 87.3 85 81.4 78.3 75.4 75 75.6 74.8 72.7 69.7 65.7 63.5 59.1 54.2 50.5 62.8 63 61.3 60.9 60.6 59.4 58.2 56.7 55 53.1 51.3 49.8 48.7 47.1 45.4 44.1 43.1 48.5 38.7 35.2 13 35.3 35.5 35 33.4 26.8 8.5 7.1 15 5.2 2.1 2 6.5 4.4 2.9 2.3 1.7 0.7 1.7 -0.9 -2 -2 -2 -2 -2 -2 -2 -2 -2 -2 -2 -2 -2 -2 -2 -2 -2 -2 -2 -2 -2 -2 -2 -2 -2 -2
99.2 98.7 100 104.6 104.2 104 105 105.1 105 100 95 92.8 90.7 88.4 85.8 81.5 77.2 78 76.6 77.1 77.5 75.3 72.8 71 67.9 64.8 55.3 55.2 65 66.5 66 65.4 65 64.2 61.6 59.3 57.1 56.2 54.3 53.2 52 50.4 49.1 48.2 46.7 42.7 40.9 16.8 34.9 41.3 40 35.7 35.1 34.3 33.3 33.2 32.5 31.9 31.8 30.2 22.1 11.3 6.7 2.3 2.3 3.6 2.8 -2 -2 -2 -2 -2 -2 -2 -2 -2 -2 -2 -2 -2 -2 -2 -2 -2 -2 -2 -2 -2 -2 -2 -2 -2 -2 -2
101.2 99.6 97 97 100.4 103.3 108.4 109.2 108.4 106.9 99.3 93.6 91.4 89.5 85.6 80.6 80.9 80.9 79.4 78.5 78.9 76.3 73.8 71.3 70.7 65.5 54.4 59.8 66.9 68.8 69.3 68.6 67.5 66.2 64.9 63 59 58.4 58 58 55.3 53.5 51.9 50.2 47.4 41.5 18.8 37.3 44.2 41.8 44.9 43.2 38.8 40.6 39.1 37.2 35.7 34.8 33 32.4 31.1 30.6 16.1 10.1 21.2 23.9 1 -2 -2 -2 -2 -2 -2 -2 -2 -2 -2 -2 -2 -2 -2 -2 -2 -2 -2 -2 -2 -2 -2 -2 -2 -2 -2 -2
105 102.2 97.5 95 95.8 99.7 104.9 108.7 104 101.9 99.6 96.5 95 90.8 84 84 87 84.9 82.6 81.1 80 77.5 74.7 72 71.3 63.2 54.6 67.3 69.6 68.9 69 68.7 68.5 67.8 66.5 64.8 62.2 61 60.3 61.5 57.5 54.6 52.5 50.1 43.6 16.5 40.1 40.9 42.4 48.3 44.1 48.3 45.3 46.6 45.4 43.3 41.4 37.8 36.2 35.7 36 35.2 32 32.6 32 20.3 0.5 -2 -2 -2 -2 -2 -2 -2 -2 -2 -2 -2 -2 -2 -2 -2 -2 -2 -2 -2 -2 -2 -2 -2 -2 -2 -2 -2
107.7 104 99.1 94.9 92.7 95.4 99.9 99.6 93.6 91.9 92 96.6 92 86.7 91.1 101.7 98.7 93.4 92.6 91.7 89.3 83.2 77.9 72.8 69.9 58.2 55.4 70.9 70.7 69 68.9 69.7 69.3 67.8 66.5 66 65.2 63.5 62.7 62 59.3 52.8 50.2 39 24.8 40.6 43.5 42.6 42 42.9 43.9 46.1 45.8 45.9 49.2 47 44 40.8 40.3 40.2 39.2 37.4 36.4 35.6 35.6 13.3 0.1 -2 -2 -2 -2 -2 -2 -2 -2 -2 -2 -2 -2 -2 -2 -2 -2 -2 -2 -2 -2 -2 -2 -2 -2 -2 -2 -2
108.4 105 100 95.7 93.7 92.1 96.7 97 99.2 98.1 94.2 89.3 89.4 93.9 101.4 105.3 102.3 99.1 100.9 99.6 96.5 89.7 83.3 76.5 67 57.5 65.2 70.7 70.8 69.1 70 71.9 68.2 67.5 66.9 66.3 65.4 64.9 65.5 64.7 62.7 53.2 42.4 38.8 45.4 50.5 49.6 48.8 48.2 48.8 50 52.4 53.3 49.5 47.2 48.7 46.3 44.5 43.1 43.1 41.8 40.4 39.2 38.6 38.6 27.3 0.7 -2 -2 -2 -2 -2 -2 -2 -2 -2 -2 -2 -2 -2 -2 -2 -2 -2 -2 -2 -2 -2 -2 -2 -2 -2 -2 -2
110.8 107.3 102.5 97.6 97.8 92.7 94.4 103.9 105.9 104.3 102.7 101.9 102.4 102.1 103.6 105 101.6 99.7 99.6 98.5 95.7 89.3 81.9 71.1 60.7 65.5 72.5 71.9 71.4 69.8 69.5 69 67.5 67 65.5 65.5 65.1 66.2 66.7 67 66.3 56.7 21.4 51.1 54.3 55.9 56 55.4 54.6 53.6 53.4 54.5 54.4 52.7 49.1 48.3 48.1 47.3 45.6 45.2 44.6 43.4 42.2 41.3 41 28.4 1.4 -0.1 -2 -2 -2 -2 -2 -2 -2 -2 -2 -2 -2 -2 -2 -2 -2 -2 -2 -2 -2 -2 -2 -2 -2 -2 -2 -2
117.8 114.7 108.4 101.3 103.7 97.8 91 99 106.4 104.4 102.8 102.6 102.9 102.1 103 103.8 102 100 98.3 96.3 92.1 85.5 73 62 67.6 77.9 81.6 87.7 86.8 83.2 80.3 75 72.6 69.5 67.6 65.1 65.5 66 66.5 67.8 67.5 58 25.4 57 59.9 61.5 61.3 60.2 59 57.9 57.5 56.9 57.2 52.8 49.2 48.2 49.9 48.6 47.3 46.7 46.6 45.7 44.5 42.6 41.9 30.3 1.7 0.4 -0.5 -2 -2 -2 -0.7 -0.5 -0.3 -0.4 -0.9 -1.3 -2 -2 -2 -2 -2 -2 -2 -2 -2 -2 -2 -2 -2 -2 -2 -2
122.3 119.3 113.1 109.1 109.5 106.1 93.8 92.3 95.7 96.6 95.3 91.4 90 85.7 90.4 99 100.8 98.5 97 95.4 83.5 70.5 64.9 73 81.1 86.4 91.9 101.5 100.7 99.1 96.2 91.6 85 80.4 75.3 70.8 66.6 65.5 66 65.8 64.4 50.5 25.3 59.7 65.2 66.7 66 64.4 63.4 62.2 61.5 60.6 59.9 54.8 52.6 49.1 49.5 52 50.4 48.7 48.3 48 46.4 44.1 44.5 32.8 2.3 1.5 0.6 0.1 0.1 0.8 1.1 1.3 1.2 1.2 0.8 -1.1 -2 -2 -2 -2 -2 -2 -2 -2 -2 -2 -2 -2 -2 -2 -2 -2
124.4 121.2 119.4 119.1 115.7 115.2 107.2 95 90.9 86 85.3 84.4 82.8 81.4 77.7 81 94.4 97.1 91.6 80.6 72.5 68.9 79.5 84.4 87 91.8 96.5 102.1 103.3 101.9 102.2 101.9 99.1 93.4 86.3 78.7 72.5 67.7 65 65.1 44.5 24.6 49.2 62.1 66.3 68.2 68.7 67.7 67.3 66.4 65.4 64.4 62.6 60 58.3 58.2 54.6 52.7 52.8 51.1 50.3 50 48.1 45.7 45.5 45.6 24.6 2.8 2 1.9 2.1 4.8 7.3 13.9 8 4.2 0.5 -2 -2 -2 -2 -2 -2 -2 -2 -2 -2 -2 -2 -2 -2 -2 -2 -2
124.3 122.8 122 121.4 120.7 118.7 110.2 112.2 108.2 103.5 101 99.4 101 101 92.6 77.4 76 85.1 74.4 68.9 72.8 85.5 90.4 93.6 94.5 95.1 99.1 100.9 101.9 102.4 102.9 103.6 106.6 106.6 99.2 90 78.6 66.2 52.8 33.7 31.2 57.1 60.1 63.6 66.2 67.9 68.2 68.1 67.8 67 66.7 66.3 64.3 61.3 60.6 61.1 59.4 57.4 55.2 55.2 52.7 51.4 49.1 47.1 47.1 46.8 46.5 44.9 27.4 20.7 24.8 26.5 33.8 36.6 2.3 2.3 -0.2 -2 -2 -2 -2 -2 -2 -2 -2 -2 -2 -2 -2 -2 -2 -2 -2 -2
125.5 124.6 123.7 123.1 122.2 121.2 118.6 119.3 117.9 115.8 113.4 111.8 108.7 97.6 100.9 89.2 80.3 72.5 81.2 84.8 90.6 95.3 98.9 100.1 98.1 96.3 100 101.4 101.3 100.7 100.7 100.9 105.2 101.5 94.5 91 71.4 39.1 43.6 64.3 67 63 63.2 68.2 68.8 67.2 67.3 67.4 67.5 67 66.7 65.3 62.6 60.9 61.4 62.5 64.5 57 58.4 58.5 57.7 54.3 49.8 49 49.7 50.3 50.7 50.2 48.7 46.3 44.4 46.4 44.7 41.5 5.5 2.3 1.5 0.3 0.3 0.2 -0.1 -2 -0.4 0.3 0.6 0 -0.8 -2 -2 -2 -2 -2 -2 -2
127.3 126.3 125.4 124.8 123.8 122.6 121.6 120.6 120.4 118.7 115.7 110.8 105.3 108.6 106.5 102.3 98.1 94.4 95.9 98.7 98.9 98.2 99.6 100.9 99.5 97.7 99.9 100.7 100.9 99.9 99.8 100.3 89.2 73.6 61.6 57 43.7 38.4 76.4 76 73 67.7 64.1 65.2 66.5 64.5 64.8 65 65.3 66.7 65.8 63.9 61.9 63.7 65.8 64.5 64.9 63.4 58.5 61.6 59.4 60.6 53.3 52.7 55.2 55 55.3 53.3 49.8 48.9 48.9 48.5 47.8 43.4 29.2 8.1 1.6 5.4 2.3 2.1 1.7 1.3 1.4 7.2 12.2 1.7 0.6 -0.7 -2 -2 -2 -2 -2 -2
