data/370000-500000.asc
ncols 200
nrows 200
xllcorner 370000
yllcorner 500000
cellsize 50
[rows 35 to 69 of 200, columns 78 to 155 of 200]
214.4 215.2 217.6 221.7 221.8 220.4 219.8 222.4 225.4 226.9 225 223 222.6 225.9 237.5 240.1 240.9 239 233.5 227.1 221 217.5 218.4 214.8 209.4 208.1 207.8 204 203 206.7 209.3 211.7 214.3 218.3 225.1 230.7 231.9 230 225.1 220.5 215 220.2 219.6 210.8 199.4 190.6 182.4 175.4 178.8 185.6 191.5 203.8 205.7 201.4 199.9 200.9 197.3 191.3 183.5 184 183.1 180.9 183.8 186 183.6 181.1 178.7 177 177 178.6 179.1 182.4 185.4 182.1 182.8 192.2 193.4 183.8
216.3 215.1 214.4 217 219.1 221.4 222.8 225.5 228 229.5 228.7 227.1 224.6 227.2 236.7 240.7 240.4 237.7 234 228.4 224 224.2 224.5 219.8 211.8 208.3 205.7 203.1 207.3 211.3 214.8 217 219.7 224.8 229 231.8 233.9 230.6 222.9 218.2 219.3 226.1 223.4 215.5 208.6 195.6 187.8 179.9 178 185.1 193.4 203.9 203.4 201.4 206.1 203.3 197.2 190.3 188.7 193.2 191.7 189.9 190.7 187.3 183.3 180.4 179.1 177 179.6 180.4 184.5 190.5 188.3 184.2 186.9 193.5 182.5 167.7
219 216.5 214.7 214.6 218.1 224.1 228 229.1 230.9 232.2 231.7 230.1 227.4 228.8 236 241.1 240.8 238.5 234.8 230.5 228.5 229.6 227.6 221.3 212.1 207.5 204.8 206.3 212.2 218.2 221.6 222.7 224.9 230 234.1 236.6 236.8 229 219.7 216.9 223.3 230.3 226.6 221.9 214.7 200.2 191.6 184.3 180 183.5 194 200.9 200.8 206.3 209.4 204.2 196.1 195.7 198.5 199.5 197.9 197.1 196 190.1 184 181.6 179.6 182.2 185 184.7 190.8 193.8 188.2 184.2 190.3 187.3 171.1 171.5
220.4 218.5 215.2 215.1 218.2 224.7 230 232.9 234.4 235 234.7 232.8 230.5 231 235 240.4 242.2 240.7 237.4 233.3 232.6 232.8 229.7 220.8 211.6 207.4 205.8 209.7 217.4 223.2 225.8 226.6 228.2 232.6 235.4 238.4 236.1 226.3 217.8 217 226 232.2 227.9 226.9 220 209.3 198.2 186 181.9 181.6 186.8 194.1 202.2 211.4 210.8 203.8 199.7 203.2 204 203.4 201.7 201.5 197.1 190.4 184.6 182.9 181.1 184.5 186.5 189.3 195.3 193.3 186.6 182.6 185 178.4 169.5 173.4
223.5 222.8 216.1 215.8 217.8 225.4 234.1 237.2 238.3 237.2 236.7 236.2 233.5 232.3 232.2 235.8 240.8 241.1 239.2 235.7 235.5 234.7 229.1 219.1 211.3 208.3 207 211.6 220.4 225.5 227.6 227.8 228.1 232 235.1 237.4 233.4 222.7 218.7 219.5 226.2 231 231.1 232.6 224 213.5 200.9 190.4 183.5 183.2 184 191.9 207.9 213.7 208.9 203.1 205.2 208.2 207.1 205.2 202.8 201.5 195.4 190 185.1 183.3 180.9 185 188.3 193 196.2 190.3 184.1 181.8 180.1 175.1 171.5 173.6
225.1 225.2 217.5 217.6 224.6 230.5 237.8 240.4 241.6 239.9 238.5 237.3 235.3 233 229.4 230.8 238 241.5 239.7 237.1 237 234.4 225.3 216 212.1 210.2 208.6 213.6 221.4 226.4 226.6 226.8 227.5 230.8 235.4 239 234.5 227.8 225 225.4 228.4 231.8 237.9 236.8 226 215.5 202 195.8 188.3 186.4 185.8 197 210.9 212 205.9 204.5 210.4 210.4 207.3 204.1 200.9 197.6 192 188.8 186.4 184.1 183.5 188 192.3 196.3 194.3 185.3 184.1 182.7 178.8 174.3 174.1 172.3
226.4 226.5 219.4 219.6 226.8 235.5 241.5 243.9 246 245.3 243 239.9 234.7 231.4 230.1 231.4 236.1 240.1 240.5 238.2 237.2 232 222.6 216.9 214.4 212.7 211.7 214 220.3 225.1 226.1 227.6 229.3 237.7 245.6 248.2 244.1 236.5 234.2 234.7 237.1 242 242.8 238.2 227.3 216.7 201.7 197.3 193 188.3 188.5 204.1 211.4 207.6 203.2 207.4 212.9 208.8 203.7 199.2 196.5 194.6 193 189.1 186.2 183.5 186.5 189.5 194 196.2 190.9 186.2 185.8 184.4 181.8 175.8 174.1 169.5
227.7 234.9 235.1 235.6 236.1 236.9 237.7 238.3 238.9 239.4 242.2 246.8 240.8 237.3 236.6 238.8 240.8 241.1 241.6 240.1 238.4 233.8 226.2 219.3 217.4 216 215.6 213.3 219.2 224.4 228.6 231 237.1 248.3 255.3 256.6 252 247.7 246.6 246.7 247.1 248.5 247.5 238.2 227.6 214.2 201.7 196.6 193.6 194.3 190.8 203 204.6 200.8 201.2 209.8 212.3 206.1 199.7 200 202.6 201.6 196.5 189.9 185.7 183.1 186.7 190.1 194.9 193.4 188 190.1 192.5 188.5 186 177.1 173.7 176
229.1 227.3 222.6 225 234.9 245.5 252 255.4 256.3 256.1 256.7 254.3 249.4 245.5 245 242 247.4 246.4 245.9 246.5 244.6 236.8 228.8 224.1 222.3 220.7 219 216.5 220 225.9 230.5 234.6 245.6 256.6 261.9 261.5 257.2 254.6 254 253.1 252.4 251.5 246.5 236.1 224.4 211.3 202.9 198.1 196.6 195.7 192.7 196.2 195.5 194 198.7 209 208.2 202.1 204 210.9 211.2 207.5 197.3 189.8 185 185 186.6 190.9 193.6 190.9 192.6 199.4 201.3 190.7 184.7 176.3 170.8 179.3
232.6 227.2 225.5 228.8 240.3 251.5 259.4 262.6 263.7 263.1 262.5 260.2 255.8 252.6 250.2 251.2 251.7 249.4 243.4 252.8 249.7 240 231.4 226.3 227.7 226.3 225.6 220.5 221.2 228.4 232.5 238.5 252.1 261.1 265.4 263.9 259.6 258.8 257.7 255.6 253 247.9 240 230.1 220.1 209.5 206.2 204.3 201.4 196.6 196.3 192.7 192.2 192.4 195.1 202.2 201.6 203.4 213.8 218.1 215.6 208.2 197 188.1 187 186.8 187.3 191.7 191.4 191.7 200.1 207.4 200.8 189.4 178.3 169.4 178.3 180.7
239 233.8 231.4 233.6 245.5 256.9 266.4 269.6 270.5 269.4 267.8 265.5 262.3 259.9 255.9 253.8 253.3 255.1 258.2 257.6 245.6 240.3 235 231.9 234.3 235 234.8 232 229.4 224 235.4 243.2 255.1 262.7 265.9 263.5 260.3 259.5 255.4 250.6 244.9 238.5 230 222.2 218.2 216.2 213.3 209.8 205.1 199 197.8 195.9 193 192.5 193.9 196.9 200 210.2 220 220.7 216 206 194.8 189.2 189.3 187.3 189.7 189.1 191 195.3 206 209.4 196.8 183.8 171.4 178.3 179.1 183.8
249.6 243.4 241.6 244.4 246.6 262.6 272.8 274 276.8 274.7 272.7 270.9 268.4 265.6 260.7 256.4 255.6 259.1 261.8 259.7 251.6 240.4 238.2 239.4 240.5 244 244.7 242 238 227.7 238.9 245.3 254 258.6 259.5 257.6 256.4 254.7 249 244.5 239.4 229.6 229.4 227.2 221.9 214.8 209.1 205.1 201.7 200.2 197.6 196.5 196.2 193 194.4 195.5 200 214.5 221.9 220.1 211.8 199.1 191.9 192.9 188.7 187.7 191.4 189.9 191.3 198.8 209.6 208 194.4 177.9 177.8 185.5 181.2 183.2
260.2 249.5 254 257.5 254 267.4 277.8 278.8 281.3 279.7 277.6 275.6 273.4 269.5 264.3 259.9 258.6 261.9 264.6 260.3 250.9 242.6 242 243.2 247.5 250.6 250.7 247 242.7 235.9 241.8 246.4 250.4 251.9 252 251.2 251.5 248.8 244.3 240.5 231.6 236.9 236.5 233.2 226.8 218.2 210.1 207.4 207 205.2 203.3 199.1 194.7 195.9 194.3 195.1 201.1 214.3 220.3 214.4 205.4 196 190.4 192.4 188.5 189 191.8 192.1 191.4 199.2 209.2 202 185.7 175.6 186.2 190.1 183.9 181.4
266.6 260.5 266.6 270.5 265.7 275 282.4 282.8 284.2 283.1 282.1 280.2 277.8 272.3 267.3 262.9 261.6 264.1 265.3 257.8 249.7 246.2 242.3 246.9 251.7 248.1 252.8 248 243.3 235.1 243.3 247.1 249.2 250 249.4 249.5 247.8 243.8 237.4 234.5 238.9 243.9 243.6 238.9 231.8 222 215.6 214 212.7 210.6 208.4 204 196.8 194.6 195.2 195.4 198.8 209.2 211.1 204.9 197.6 193.9 194.9 192.2 189.8 190.2 192.5 191.5 188.9 194.3 198.4 194 182.8 174.6 196.5 191.2 190 188.9
270.8 271.1 278.7 281.8 276.7 277.1 283.4 287 288.8 287.6 286.4 284.9 281.3 275.2 270.5 266.1 264.8 265.9 262.9 253.6 249.7 248.4 246.1 248.9 253.6 256.1 252.2 247.3 240.6 241.2 245.1 248 248.7 248.7 249.1 248.9 247.1 241.3 237.1 238.1 244 249.2 249 243.5 235 224.8 218.2 216.6 215.2 214.7 212.6 208.8 203.1 197.9 197 197 197.8 197.1 194.6 196.7 194.1 193.8 198.7 193.9 192.4 193.3 193.3 192.1 184.9 184 188.1 182.8 172.1 183.3 197.2 195.4 199.5 194.7
275 281.5 289.8 292.3 287.1 281.8 282.5 288.9 293.7 293.8 291.6 288.2 283.5 278.5 274.5 269.1 267.2 265.3 258.1 253.5 252.8 249.1 248.9 250.2 254 254.6 250 243.6 244.6 242.9 246.6 248.8 250.4 250.4 250.6 249.4 246.1 242.1 241 241.2 247 253.2 252.4 245.8 235.6 226.8 220.6 217.3 215.7 215.2 216 213.3 207 202 198.8 199.3 199 197.4 197 195.2 194.3 194.3 193.5 193.5 192.8 192.6 192.5 188.3 182 181.8 176.2 172.9 175.5 193.4 197.6 200.3 197.5 197
284.6 291.2 298.9 300.3 297 293.5 292.5 292.4 295.6 296.1 294.9 290.2 287.4 283 277.3 271.8 268.3 262.9 257.4 255.8 255 252.1 250.3 251.6 253.4 251 245.6 241.4 240 250.1 248.1 250.3 252.1 252.6 252.8 250 245.7 243.2 242.6 243.7 249.1 256 254.6 246.7 237.4 229.3 223 219.8 218.1 215.9 213.1 209.8 205.8 201.4 199.8 200 199.5 197.7 196.9 197 200.4 199.6 200.5 200.8 201.2 197.6 191.6 196.6 190.9 189.9 187.9 191.8 192.5 194.7 200.1 205.9 207.1 198.5
294.3 300 306.6 306.6 304.3 301.7 299 296.9 298.1 297.9 295.2 291.6 288.2 284.8 281.4 274.7 268.2 262.9 260.2 259.8 256.3 255.2 252.2 252.2 251.8 248.8 244.9 241.7 240.8 244 250.7 249.3 252.1 253.7 253.6 250.6 247.2 245.6 244 244.7 250 256.8 254.3 246.5 240.9 232.8 226.7 224.1 224.2 222.7 219.7 215.3 208 203.2 201.9 200.8 199.8 198.5 198 206.3 208.3 208 207.5 205.5 203.1 197.5 189.7 201.2 194.8 186.1 183.8 183.4 187.8 194.6 201.4 208.1 206.8 198.7
303.8 308 311.9 311.8 310.1 307.6 303.7 300.2 300.7 301.8 298.9 296.5 293.6 289.8 283.8 275.6 269 265.9 265.7 263 258.8 257.8 254.8 253.2 252.3 249 243.1 242 242.1 244 248.5 252.1 254 255.4 254.9 252.9 251.9 250.2 247.3 244.5 250 256.4 255.2 250.8 245.9 236.4 229.3 227.1 229.7 228.8 225.6 219.7 213.7 209.1 206.8 203.5 200.8 199.3 203.2 210.8 213.5 214.3 212.2 207 199.9 191.7 193.8 205.5 199.6 189.4 184.2 184 189.1 194.3 201.5 208.9 206.3 198.5
312.4 315.5 316.4 316.6 315.2 311.9 307.6 303.7 303.4 303.5 302.7 300.2 297 290.8 283.3 276.6 271.5 268.1 267.9 263.6 262.2 260.3 259.4 257.7 254.5 250 247.7 244.6 243.9 243.9 245.6 251.7 254.1 255.3 253.1 252.5 251.9 251 248.7 245.6 249.2 254.9 256 257.4 253.8 242.4 233.1 227 225.1 227.2 226.2 219.2 216.1 211.7 206.3 202.2 201.2 201 205.7 213.4 216.4 217.2 212.5 199.2 194.4 198.6 210.1 214.8 202.1 192.6 185.8 185 188.4 193.9 201.2 209.6 205.6 197.4
319.7 320.4 320.4 320.4 319.1 315.5 311.5 307.8 306.9 305.6 305.2 302.1 297.2 290 285.1 279.2 273.7 271 269.9 267.2 264.8 262.7 260.5 257.6 255.8 253.4 249.5 246.1 245 244.3 245.2 249.2 250.4 250.9 250.6 251.3 251.8 251.4 249.5 246.5 247.8 253 259.6 264.6 262.2 249.4 240 233 227.6 223.9 219.8 216.5 213.2 209.8 205.1 202.8 201.9 201.8 204 213.6 218.3 217.5 208.7 196 195.8 204.7 217.9 217.6 206.1 195.5 186.6 186.1 188.9 194.7 200.7 208.1 206.3 197
325 325 323.7 323.3 322.2 319.3 315.3 311.2 309.1 307.3 305.4 302.1 298.1 293.2 287.7 280.5 276 274.5 272.6 270.5 265.7 263.9 259.9 259.3 255.3 250.4 248.8 247.4 246.2 245.2 245.4 248.7 249.2 250.6 251.7 254.1 254.1 252.9 251.1 247.4 250.3 256.8 263.4 271.1 269.5 260.6 249.2 242.3 236.3 231.2 226.2 222.3 218.1 214.7 210.5 208.5 204.2 202.5 202.3 212.4 218 214.4 208.1 200.8 196.7 210.2 220.9 218.2 209.7 198.3 188.2 186.5 190.8 196 200.6 208.5 207.3 199.1
331.3 329.8 327 325.3 323.9 322.1 318.5 314 310.4 308.2 307 305 298.8 293.1 286.2 284.1 282.2 279.5 276.8 273.3 267.6 264.7 267.4 267.5 261.2 254 250.7 249 247.6 246.2 248.5 252.8 253.5 252.7 253.4 252.1 254.5 254.2 252.3 248.7 253.7 260.8 267.4 275 275 268.5 263.6 255.9 250 241 233.7 230.3 227.9 224.8 219.2 213.7 207.9 204.7 203.3 211.3 217 215 215 207.3 196.1 206.2 219.6 215.6 211.4 203 189.9 188 191.3 198.3 204.8 211.8 210.5 202.1
334.5 331.8 330 328.7 327.4 325.3 321.4 316.4 312.1 310.2 308.8 303.7 296.9 295.4 293.2 290.4 287.4 283 280.7 276.1 270.6 270.5 274.4 273.5 267.3 259.9 253.1 251.2 250.1 247.5 250.5 255 257.1 258.8 260.4 260.8 259.2 256.9 254.8 251.2 259.9 266.6 274.1 281.3 278.5 275.5 272.5 266.6 259.9 252.7 246.7 242.4 239 231.6 223.9 219.1 212.2 212.1 205.4 208.9 216.7 218 218.9 213.7 197.3 195.8 197.9 212.8 214.5 207.2 191.9 189.7 194.9 201.7 208.6 218 218.2 209.2
337 335 331.2 331.9 330.6 328.5 323.6 317.9 312.6 311.8 308.2 302.8 302.7 300.7 296.6 291.2 287.5 286.6 283.9 278.7 272.7 274.3 278.4 276.5 270.5 265.2 255.4 261.4 259.4 253.3 251.8 256.2 258.4 260 260.9 261 258.5 253.3 250.1 255.7 264 270.3 276.7 283 279.6 279.7 276.8 271 265.3 259.4 256.9 253.9 245.2 235 226.8 217.3 221.6 220.3 211.5 212.5 219.1 220 219.7 211.2 200.8 197.6 194.7 211 216.7 206.4 193.8 192 199 204.3 212.1 222.4 226.7 217
342.2 339.3 335.7 333.9 332.7 329.7 324.4 318.4 313.9 312.6 307.4 308.4 308 304 294.4 291.5 291.5 291.6 287 281.3 277.5 279 281.4 278 272.9 269.2 262.7 273.6 273.6 265 258.4 257.7 254.4 255.5 253.8 252.1 250.8 248.5 249.6 256.5 257.2 271.6 276.2 280 278.2 278.4 276.2 272 266.9 263.3 262.8 258.1 247.4 236.8 229.9 227 230.9 225.5 215.3 214.9 219.9 220.7 217.5 208.3 203.5 199.6 197.5 211.9 215.4 205.2 196 193.8 198.8 205.6 213.7 224.9 231 224
348.2 343.8 339 334.9 334.3 329.8 324.2 318.6 315.2 311.3 310.7 313.8 310.9 302.7 298.1 295.8 296.8 295.1 288.4 282.8 279.7 279.1 280 277 274.1 265.7 270.5 280.6 282.5 276.4 267.3 265.3 257.2 249.8 247.8 247.4 246.6 245.6 249.8 257.5 265 258.1 272 276.1 274 269.6 267.9 266.1 263.5 263.3 263.9 256 246.4 236.5 228.3 236.2 235.5 226.3 215.3 215.7 218 218.9 212.3 206.6 204 196 201.9 214.9 212.7 205.1 199.8 196.5 197.2 204.8 215.7 228.1 230.4 228.7
351.8 348.9 343.6 337.3 333.9 328.8 324.2 319.3 315.6 311.4 313.4 315.2 310.2 304.5 299.4 299.9 301.2 297.7 290 283.1 280.2 278.7 275.7 275 273 264.9 277.6 286.6 287.6 281.1 274.8 272.8 266.6 257 248.5 247.8 247.9 249.2 252.3 256.9 260.9 262.5 258.7 272.8 267.4 261.7 259.1 256.9 255.2 258.6 259.7 251.2 244.6 235.5 234.3 241.3 236.6 224.9 213.4 211.2 212.7 213.9 208.8 206.4 204.8 195.9 209.7 216.1 209.2 206.2 203.2 199.8 198.1 202.4 212 220.1 223.5 228.7
351.3 348.6 346.1 342 335.3 328.9 323.9 320 316 312.6 312.6 309.2 305.3 302.3 302.6 304.1 304 298.5 289.9 284.9 283.3 281.6 277.5 275.3 271.7 269.2 280.9 290.1 289 282.4 280.6 278.5 277.3 268.7 260 253.6 253.4 252.9 252.9 255.8 258 261.4 265.8 259.5 261.2 255.5 252.3 249.6 249.4 252.7 252.7 243.8 240 234.5 238.8 243.1 234.2 220.2 210.3 207.1 207.1 206.7 203.7 204.8 204.5 197.1 213.6 213.1 207.5 208.1 206.3 203.3 200.6 199.6 203.1 209.6 214.6 224.2
356 352 346.4 343.3 339.5 334.1 328.5 322.9 319.1 314.4 308.4 306.4 303 304.6 305.9 306.7 303.9 297.2 293.9 293.7 292.2 284.7 279.7 275.3 274.4 269.6 279.5 288.5 285 279.1 282.2 283.5 286 279.2 270.1 261.9 256.7 254.8 252.5 256 260.7 262.7 263.4 262.3 259 253.6 251.8 249.4 246.9 245.6 242.9 238.3 236.4 235.8 241 241.5 230.1 218.2 208.1 204.4 203.8 203.3 202.3 201.6 198.5 201.3 212.9 208 206.2 210.5 209.1 208.6 205.3 204.1 201.4 202.3 206.5 219.6
358.9 357 351.8 345.8 341.1 337.9 332.7 327.9 320.5 313.3 308.6 303.9 305 306.7 306.8 306.1 302.8 301.3 298.8 300.1 300.1 292.5 284.4 278 275.5 274.7 275.4 281.3 277.6 276.4 281.7 289.2 291.9 285.4 276.6 266.2 256.8 253.9 251.7 257.8 263 261.5 260.2 258.3 256.1 259 254.6 252.9 250.9 246.8 239.8 239.3 238.5 238.4 241.8 240.1 228.3 215.5 208.6 205 203 202.6 201.8 199.8 197.7 199.5 208.7 208.3 208.4 209.8 211.9 211.5 209.6 207.2 206 201.9 206.6 216.2
357.4 356.4 354.3 350.7 345 338.6 334.1 327.6 320.9 313.9 310.3 305.2 306.8 307.3 304.9 302.2 301.7 302.5 303.6 305.8 305.5 299.7 292.3 284.5 276.9 275.7 275 274.3 274.1 275.5 282.3 294.6 295.7 288.6 278.6 267.5 258.2 253.4 252.3 261.9 263 261.6 263.6 265.2 261.2 260.2 261.1 257.1 257.6 256.3 249.1 245.9 242.1 238.4 239.7 237 224.7 214.4 208.4 204.9 203.5 202.9 201.6 200.8 198.5 198.6 207.7 211.4 212.6 211.4 213.7 214.7 215.1 214.6 208.3 202.9 211.9 219.8
360.2 357.2 353.6 351.1 347.8 343 336.2 329 322.2 318 311.1 306.2 307 307.6 303.1 299.2 301.2 303.8 305.8 310.1 309.4 304.1 298.3 289.8 281 277.3 279.5 276.4 275.3 277.3 285.7 296.5 297.5 289.6 277.3 267.6 265.7 259.4 256.7 263.8 264 268.9 273.8 277.1 269.1 261.5 261.7 264.3 266 263.9 255.9 249.4 244.6 238.3 235.3 232.2 222.8 215.1 208.6 205.5 204 203.3 202.8 204.1 197.6 199.5 210.1 214.4 215.4 216.5 216.2 217.6 219.3 219.9 213.8 204.6 213.1 222.7
358.7 359 355.3 351.7 348 344 339.2 331.3 325.5 322 312.1 309.9 308.1 307.8 304.4 298.4 299.6 301.8 307.3 312.4 311.4 306.8 301.3 292.7 283.9 280.4 282.2 277.8 278.6 279.8 289 297.5 297.1 288.9 279.9 279.4 277.4 269.3 264.4 266.3 268.2 274.1 279.8 287.4 282.3 272.9 264.1 262.4 269.8 266.4 257.8 251.8 246.6 239.5 233.9 228.6 222.4 215.7 208.8 206 205.2 204.5 204.7 205.4 200.7 200.8 211.8 215.8 218 219.7 219.3 221 222.1 220.4 213.4 207.6 217.9 226.5
352.7 352.8 352 348.4 345.4 343.3 338.6 334.1 329.3 323.6 315.3 310.2 309.2 309.4 302.4 299.3 299.9 302.1 307.1 311.3 310.8 308 302.9 293.2 284 282.4 281.4 278.1 282.3 282.4 290.4 298.7 295.1 287.4 287.2 288.8 286.2 274.5 269.3 267.6 271.9 278 285.3 291.3 283.2 275.5 267.1 262.8 262.9 266.1 258.8 251.9 243.5 236.4 230.9 223.7 217 210.7 210.9 207.5 207.7 209.1 208.1 206.6 198.4 200 213 217.2 221.3 222.5 222.6 223.4 221.6 218.1 211.3 212.7 221.6 231.8
