data/370000-490000.asc
ncols 200
nrows 200
xllcorner 370000
yllcorner 490000
cellsize 50
[rows 35 to 69 of 200, columns 0 to 77 of 200]
331.7 353.4 372.9 388.7 398.3 398.6 392.6 377.8 360.2 342.4 325.5 308.6 291.4 273.5 251.9 230.9 217.8 231.8 248.8 264.6 271.7 275 275.7 274.4 274.2 278.2 278.6 275.6 273.8 267.4 261.9 248.9 230.2 223.9 230.9 240.9 247.4 252.9 265 280 289.2 293.3 297.1 299.8 304.9 309.5 311.6 311 312.9 318.6 320.3 321.6 323.7 326 328.4 331.2 334.9 339.3 343.2 347.8 353.4 359.9 367.6 376.2 386.7 397.2 407.8 418.4 426.1 433 438.2 443.9 449 453.3 455.8 461.6 466.5 472.7
321.2 343.8 364.2 380.8 391.7 391.7 383.1 367.1 348.6 330.1 313.8 297.4 277 257.8 237 217.7 223.3 239.5 254.7 263.6 268.6 269.4 269.7 269.8 269.7 271.3 270.2 267.6 264.7 258.5 250.5 238.2 224.5 224.9 235.3 245.3 253 262.3 273.9 285.6 289.6 293.7 297.7 301.6 307.3 311.8 313.8 310.5 317.2 318.2 319.4 321.1 322.9 325.6 328 332.7 336.5 339.4 342.9 347.6 353.4 360.7 368.6 378.6 389.4 399.9 410.3 418.7 427.1 433.5 440 445.4 450.7 454.3 457.3 460.5 466.7 473.6
314.3 338.6 358.6 376.6 387.3 385.1 371.9 354 336 319.8 302.2 283.6 263 243.7 219.6 216.6 227.6 242.7 253.5 259.6 262.3 263 262.4 263 263.2 263.2 262 259.4 253.8 242.9 231.3 224.5 225 233.1 242.7 249.1 256.4 267.7 278.9 286.5 291.6 294.9 298.4 303.6 309.3 312.4 314.2 318.8 319.3 319.3 319.9 320.9 322.3 324.2 328.7 333.9 337.4 340.1 342.6 347.3 353.7 360.9 369.6 380.4 391.4 402.1 412.3 421.1 428.4 434.6 440.4 446.1 450.8 454 457.6 461.6 467.4 474.8
307 330.2 352.4 372.4 380.9 375 358.2 340.4 324.6 308.2 290.7 269.6 249.1 230.8 213.3 218 229 240.4 247.9 253.5 256.3 253.4 256 249.4 253.2 252.1 250 245.8 237.6 227.7 218.7 223.9 233.9 240.1 249.8 254.2 263.3 275.6 283 288.5 293.7 296.9 301.2 307.4 311.5 313.9 317.8 320.8 320 320.5 321.1 321.4 322.2 322.9 327.6 332.9 337 339.8 343.1 347.5 353.3 361.2 370 382.6 393.4 403.1 412.7 420.7 427.5 434.8 440.8 445.9 449.3 453.1 455.8 461.8 467.6 473.9
299.5 324.7 350 369.2 373.5 363.8 347.6 330.2 313.3 297.5 277.2 256.1 237.9 224 209.1 217.9 227.1 235.8 241.6 243.2 240.4 237.7 239.3 234.8 233.6 235 233.5 229.3 223.6 215.7 223.3 231.9 243.1 250 256.8 261.7 271.8 281.1 287.6 292.3 295.7 299.4 304.7 309.4 311.8 314.5 319.4 320.5 320.7 321.9 323.3 321.7 321.9 323.4 324.9 328.4 334.5 339.3 344.5 349.9 355.1 363.5 374.9 384.5 393.8 402.6 412.1 419.9 427 434.1 440 443.5 446.2 450.4 455.7 461.2 466.8 472.9
293.2 316.3 341.3 363.4 367 354.8 338.1 320.7 302.4 285 262.8 242.4 229.2 219.9 208.5 214 221.8 226.3 228.6 224.9 222.1 219 217.4 216.6 216.2 220.6 221.3 215.9 214.6 221.2 226.8 237.4 247.7 255.3 262.6 269.7 276.7 283.3 290.3 293 296.3 301.5 308.2 310.2 312 316 318.7 319.6 321.3 324.5 325.1 322.6 321.5 324.7 327.4 327.6 332.5 337.5 344.4 350.6 357.4 366.2 375.6 384.5 392.1 401 412.2 420 427.3 433.9 438.4 440.3 444.3 447.8 455.4 460.8 466.1 471.9
285.8 308.2 332.5 353.9 356.2 342.8 327.6 310.9 289.6 268 248.8 232.1 219.7 214.4 207.1 207.2 213.3 214.7 210 205.9 204.2 202.2 204.6 206.1 205.8 206.1 209.8 214.8 224.6 228.6 234.7 242.3 249.2 257 264.9 272.1 277.8 283.6 287.3 292.6 299 305.4 310.2 311.4 314 316.7 317.5 318.8 320.5 323 321.5 320.1 324 326.9 329.4 331 334.6 339.1 342.5 349.3 355.7 363.4 371.9 380.3 390.1 400.5 411.7 419.8 426.9 432.4 435.5 438.4 444.5 449 453.7 459.3 464.8 471.3
278.2 300.1 324.3 342.5 342.5 333.1 320.2 301 275.4 254.5 235 220.8 209.9 207.6 202.5 204.1 204.9 200.6 206.5 208.6 210.4 215.3 215.2 213.1 213.6 213.7 211.2 219.4 226.2 231.5 237.7 244 250.5 258.3 267.3 274.1 279.8 284.1 289.6 296.3 303.1 309.8 310.6 310.3 313.8 315.6 315.1 315.8 318.2 319 317.9 321.8 327.2 329.1 330.8 333 337 339.8 342.5 346.8 348.7 354.4 368.7 379.6 389.4 400.8 410.8 419 425 430.2 432.8 437.9 442.6 446.6 451.8 457.3 462.9 469.4
270.3 292.4 316.8 331.5 330.4 322.5 310.6 289 261.4 243.1 226.9 210.6 202.9 199.6 199.5 201.2 199.5 201.9 207.9 219 221 227.6 228.2 216.3 215 213.4 213.6 213.2 222.5 230.7 239 245.4 251.6 260.9 269.1 275.1 280.3 285.8 291.9 299.8 307.1 309.7 310.9 312.1 313.4 313.9 310.5 311.7 314.3 315.3 315.5 321.6 326.1 328.2 329.9 334.3 338.5 341.6 345.6 349.4 353.1 361.1 370.3 381 389.7 400.2 409.5 416.9 422.6 427 431.6 436 440.6 445.7 450.6 456.1 461.3 466.5
263.7 285 307.7 321.2 320.2 310.2 299.9 276 249.9 231.3 218.9 206.4 200.2 194.9 196.1 199.5 205.8 206.6 220.1 230.2 229.3 228.1 235 226.8 219.8 216.5 212.7 213 219.7 227.6 237.3 243.5 252.6 261.5 268.9 275.1 280.4 285.1 291.9 299.4 304.5 307.7 309.9 311.4 311.9 311.7 307.8 307.7 310.4 313.5 312 318.3 322.5 325.4 329 333.8 338.8 343.1 348.3 352.5 358.3 363.8 370.2 378.9 388.5 398.8 407.4 413.3 419.4 424 430.1 435.2 439.8 444.2 449.4 453.9 458.8 463.4
256.8 277.3 297.9 313.7 314.1 301.1 283.2 261.5 238.8 221.8 209.5 200.6 192 204.1 208.8 217.4 225.2 228 230.3 235.3 235.4 239.5 239 237.6 233.2 223.4 218 213.4 215.4 225.8 233.2 240.6 250.4 260.6 268.3 275 280.2 284.9 290.2 295.6 300.8 304.6 306.5 309.6 308.9 307.7 306.4 306.4 309.7 315.2 315.1 318.6 322.8 325 327.4 333.5 339.1 344.6 348.9 353.1 357.7 362.5 367.5 377.2 387.9 397.2 404.5 409.9 416.6 423.3 428.7 434.2 438.4 443 447.7 452.5 457.4 459.5
250.1 270.6 289.7 304.4 303.4 289.2 272.4 244.5 225.5 210.8 199.7 193.9 199 205.3 216.9 225.8 234.1 239.3 242.2 248.4 244.3 248.5 247.3 247.2 243.4 234.9 224.4 218.5 213.3 217.9 225.8 236.4 247.6 258 267.1 274.8 280 284.6 287.3 293.1 299.3 303.8 305.1 305.6 305.6 305.3 305 306.5 311.8 317.6 321.4 321.3 323.9 326.1 329.3 332.2 337.2 342.6 347.5 352.1 357 361.8 369.2 378 387.6 395.8 402.6 409.1 414.6 421.1 425.6 432.8 437.6 442.8 446.3 450.5 453.7 455.6
244.4 265.7 278.8 291.5 290.9 280 264.3 237.1 217.3 204.2 194.6 195.7 200.4 209.8 221.4 231 241.2 248.4 250.5 256.4 256.5 257.5 257.2 257.7 254.7 245 235.1 222.7 216.2 212.1 218.7 230 242.2 252.4 262.6 273.6 279.6 283.5 285.2 294.2 298.3 300.7 302.2 301.2 301.6 302 302.6 305.1 314.4 318.2 320.2 321.2 323.5 326.1 328.7 331.3 334.8 339.6 345.9 351.9 357.7 363.4 370.4 378.3 386.2 393.6 402.2 407.8 413.3 420.1 427 431.8 437.3 441 444.1 446.7 446 444.8
235 257.1 269.7 281.5 280.4 274.6 257 232.8 210.4 196.1 193.3 197.3 205.8 213.8 225 234.3 245.4 255.7 257.5 263 265.2 265.3 266.1 262 262.1 252.6 243.1 228.6 226.6 220.4 216.7 213.7 233.7 246.1 258.5 264.7 275.8 279.2 285.1 290.8 294.1 295.8 296.1 296.6 297.4 298.5 300.2 306.7 313.1 315 314.8 318.3 320.4 321.2 327.9 330.8 334.6 339.9 345.6 351.7 357.3 362.4 369.4 377.3 384.7 392.4 400.9 406.5 412.1 419.4 426.1 431.4 435.7 439 441.4 443.8 436.7 427.8
226.5 248.7 260.8 271.1 270.9 266.9 248.9 225.2 204.6 191.2 196.9 202.6 213.7 219.9 228.8 240.2 252.4 260.5 263.9 267.7 270.7 271.7 272.7 268.3 269.4 262.9 249.7 244.4 239.6 233 222.5 222.1 218.1 239.1 248.9 256.3 267.3 272.9 280 282.8 285.1 285.9 289.5 291.4 293.5 295.7 297.5 304.3 308.3 307.7 309.3 311.3 313.5 321.8 327.3 330.9 335.2 339.9 345.5 350.7 355.5 361.7 368.4 376.1 383.5 390.9 398.4 405 412.2 417.8 424.7 430.2 433.9 435.3 437.3 432.3 420.9 414
217.7 240.4 253.9 259.6 258.3 251 234.9 215.8 198.9 193.5 199 204 217.7 227.9 243 251.8 261.8 268 272.3 273.6 276.6 276.6 276.5 274.6 274.5 271.1 260.5 251.4 246.5 243.2 236 224.1 216.6 234.4 240.8 247.7 255.7 265 269.5 270.9 274.7 275.1 279.8 283.5 286.9 291.2 292.2 299 301.6 298.5 300.3 309.1 316.3 323.2 327.3 331.1 334.7 337.5 342.7 348.2 354.2 361 367.8 374.8 381.9 387.6 395.8 403.5 410.1 416.4 423.2 428.3 430 431.4 431.6 417.3 411.8 420
213.1 233.8 245.2 247.1 245.6 237 221.9 205.5 190.9 195 202.9 213.3 223.8 231.8 245.7 249.1 265.9 274.2 276.8 278.2 279.5 280.1 280.4 280.2 279.7 277 269.1 265.2 261.2 249.1 246 233.8 218.5 225.1 229.1 234.7 244.3 249 254.3 258 260.7 265.3 271.9 274.1 282.2 283.3 286.9 293.5 295 293.4 299.2 308.2 318 323.8 326.8 330.4 332.6 335.2 338.4 346 353.2 359.7 366.5 373 378.7 384 392.7 401.7 407.6 415.4 421.5 424.3 424 424.6 420.7 403.5 396.5 417.7
207.7 228.1 238.5 243.4 234.6 221.4 208 196 187.9 196 209.8 219.8 231.3 244.4 256.2 264.4 270.5 275.4 278.4 280.7 282 283 284.6 285 284.6 282 278.8 274.1 269.6 256.1 256.8 246.2 221.9 220.8 221.3 226.4 230 227.2 238.3 244.8 252.3 259.6 258.8 266.2 273.5 278.8 281 287.1 284.6 295.3 301 308.5 316.5 321.5 325.8 328.9 332 335.4 337.7 344.2 351.5 358.3 364.9 371.6 374.2 378.8 389 396.8 405.5 413.6 416.4 417.2 416 413.2 407 391.7 401.8 414.7
203.5 223 230.9 226.4 218.9 210.4 196.9 191.9 186.1 196.5 212.6 223.8 238.2 250.8 261.7 271.2 277.4 279.5 281.2 282.9 284.9 287.7 290.4 292.3 292.9 291.3 286.5 282.5 275.1 269 260.6 254.6 246.8 245.5 240.5 243.3 246.4 244.9 239.7 230.9 237.3 243.5 248.4 253 265.8 271.8 274.8 272.3 287.7 296.3 297.9 305 311.9 317.8 322 327.3 332.1 334.1 336.4 343.1 349.9 356.1 362.2 368.1 370.4 374.4 387.2 395.6 402 407.6 408.9 406.1 405.2 398 392.9 378.1 400.1 410.3
200 215.4 221 213.6 204.4 198.4 189.7 186.9 190.9 207 216 223.7 230.5 257.4 268.2 275 278.1 280.5 282.3 286.7 289.9 292.4 294.1 295.9 296.9 298.2 296.3 287.7 283.1 281.3 275.2 269.8 266.6 260.6 254.2 251.8 255.2 255.6 252.5 245.4 236 236.3 237.7 243 246.8 260.3 260.6 275.8 284.2 291 292.3 298.7 305.7 311.8 316.8 322.9 327.1 330.4 335 341.3 348 353.9 358.9 362.5 367 373.7 385.2 390.8 395 397.4 397.1 389.7 374.9 374.7 364.4 374 379.9 384
193.8 209 208.8 201.8 190.1 184.2 190.8 202.6 211.5 219.8 227.6 242.9 256.6 256.6 271.5 276.1 279.3 282 288.1 290.9 290.8 294.2 297.6 299.1 300.9 302.1 301.2 299.7 294.9 289 282.5 278.3 276.2 266.6 260.3 259.6 261.4 262.4 262.9 258.6 247.2 246 243.6 242.4 243.8 244.5 258.1 266.9 275.7 282.2 289.7 297.6 300.7 305 309.5 315.2 319.9 325.8 332.6 339.4 345.8 350.4 355.2 359.5 362.3 373.2 380.9 383.6 383.6 381.3 379.1 371 358.6 365.9 382.4 393.5 399.4 407.9
191.2 201.9 195.3 185.4 187.4 195 201.7 209.3 220 229.5 240.5 252.8 265.6 270.5 272.2 277.2 279.8 286.4 291.7 292.8 294 293.8 297 301.5 305.6 307.2 307.6 307.2 302.9 296.2 287.1 284.9 282.7 274.3 265.7 262.8 266.9 270 271.7 261.9 258.9 259.8 253.3 248.6 251.5 243.9 249.6 259.1 268 277.8 287.8 294.4 299.8 302.7 303.3 311 314.1 320.7 330 336.7 342 346.2 351.2 356.5 359.2 369.2 373.2 370.9 361.6 362.8 347.8 346.4 358.8 373.9 394.7 400.2 406.1 415.5
186.9 185.6 184.1 191.7 203.4 207.1 212.3 219.3 226.2 240.4 250.3 260.6 268.4 275.6 278.4 281.1 285.9 292.9 295.3 297.1 299.9 299.4 301.8 304.4 309.2 313.5 316.6 315.5 311.4 303.3 293.8 291.3 289 280.5 269 272.9 275.7 277.3 272 264.3 264.8 265.7 261.2 259.1 256.6 255.5 245.9 252.2 261.8 271.5 281.3 291.2 295.3 294.9 302.6 304.7 307.4 314.5 323.8 331.4 336.6 340.9 345.2 349.6 353.1 359.2 359.4 350.4 335.7 337.2 358.9 377.6 387 394.6 400.9 406.6 413.1 419.3
181.1 188.9 197.6 206.9 212.2 217.4 222.3 228 235.4 244.7 258.2 267 273.5 279.3 282.2 287.7 290.9 294.6 297.8 301.6 307.4 311.8 315.2 314.9 317.8 317.7 321.5 323.1 317.2 310.8 300.6 295.5 292.7 284.6 274.1 279 283 280.7 273.6 265.9 274 273.7 268.8 267.7 266.3 265.5 244.8 250.1 255.6 263.4 273 281.7 283.9 289.4 292.8 293.1 300 307.4 316.3 323.5 328.8 333.5 337.8 340.9 345.7 347.9 339.2 326.1 341.9 361.3 375.4 385.2 391.8 397.3 402.9 408.6 415 422.5
195.2 201.3 210.3 216.1 221.1 225.4 230.6 238.8 247.5 256.3 263.3 269.2 275.8 283 288.2 291.9 293.9 297 303.4 310 313 318.1 325.4 326.9 325.3 328.5 328.6 329.8 325.1 315 306.1 300.1 295.6 289.2 282.6 287.8 286.4 282 276.7 276.3 278.3 276.8 275.6 276.3 274.5 272.8 270.4 252.6 247.5 256.7 263.9 266.4 270.5 277.8 284.2 284.9 292.8 300.2 308.8 315.2 320.6 325.5 326.7 330.4 333.5 335.1 322.4 339.3 360.7 370 378 386.8 392.5 397.7 403.7 409.4 415.9 423.8
207.3 212.2 218.8 223.3 229.6 234 238.1 245.3 254.8 262.9 269.1 275.5 278 285.6 291.3 294.4 297.5 302 308.7 313.6 317.5 324.9 331.6 333.4 333.8 336.8 336 334.5 328.4 314.9 307.3 302.2 296.6 286.3 291.3 292.4 288.2 284.2 281.4 281.2 280.8 280 281.5 282.3 280.4 281.6 278.7 269 247.9 254.8 262.1 268.3 279.3 287 281.2 281 283.6 290.4 299.3 306.4 308.8 312.1 313 309 311.8 314.5 335.6 354.8 363.6 371.2 379.6 386.3 392.1 397.5 403.8 411.1 417.7 424.1
215.3 221.3 226 230.3 235.7 241.7 246 251.8 262.2 268.6 274.8 281 282.7 288.5 292.3 296.3 300.7 305.6 310.7 317 321.3 325.9 336.7 342.8 341.7 340.4 337.1 333.8 323.1 311.5 306.8 301.7 295.4 291.3 296.4 294.7 290.5 288 285.5 282 284 287.6 292.5 291.3 288.9 288.5 275.5 274.9 266 251.5 256.8 265.9 272.8 280.1 280 279.5 280.6 281.9 288.6 287.8 292 295.9 308.4 318.9 329.2 338.4 347 354.9 363.4 371 377.7 383.9 389 395.7 404 411.2 417.6 424
222.7 227.7 231.5 235.7 241.5 246.7 251.3 259.5 266.1 272.1 279.6 285.5 287.7 291.5 295.6 300.3 306.1 308.9 314.2 321.7 322.1 328.1 337.3 342.6 339.2 337 333 330.5 321.9 310 305.4 300.3 295.3 298.5 297.3 297.6 294.9 291.9 285.3 284.4 289.9 298.3 302.4 298.7 296.1 290.5 290.6 286.1 284.3 277.8 264.9 258.1 254.2 263.9 277.5 281.5 278 279.1 279.6 287.8 306.2 309.2 313.9 322.3 331.2 338.3 344.2 351.5 360.5 368.6 374.9 379.6 385 393.1 400.6 408.3 416.3 423
226.9 230.8 235 240.5 245 249.8 255.3 263.3 270.3 275.9 283.8 290.2 292.2 295 299.5 305.8 309.8 313.9 318.1 320.8 323.8 330.1 338.4 340 337.8 334 330 326.8 319.1 308.7 303.6 302.6 302.4 300.7 299.5 299.7 298.3 293.7 287.2 288.9 299.2 307.2 305.3 301.1 302.5 303 299.8 296.3 294.4 288.8 280.8 273.8 271.8 262.3 263.5 277.2 274.6 275.9 290.3 298.5 302.8 306.9 313.2 321.5 325.6 331.7 339.3 346.7 354.3 364.1 370.2 375.7 382 387.7 395.9 404.8 413.8 421.9
227.1 232.4 237.6 243.4 249.2 253.3 260 266.2 274.6 281.5 287.9 292.1 295 298.8 304.8 308.3 313.3 319.1 318.6 321.4 325.5 331.7 337.6 337.6 335.3 330.4 326 323 316.4 306 302.6 302.9 302.4 301.3 302 301.3 299.7 294.4 291.7 298.1 308.4 308 305.9 310.5 314.6 313.3 310 307.6 301.7 296.8 290.6 288.7 285.9 279.1 268.1 265.4 271.8 276.6 285.2 293.4 300.6 303.4 307.4 313.9 319.2 325.5 332.7 339 347.5 355.3 364.7 371.6 377.5 384.2 392.3 401 409.9 418.6
229.8 235.3 240.7 247.1 251.7 255.3 262.6 270.1 278.1 284.9 290 294.1 298.2 303 306.4 310.2 316.5 318 318.7 322.6 326.2 331.8 335.3 333.7 332.7 326.6 322.3 320.1 313.2 302.4 301.8 302.3 301.6 302.9 305 304.1 302.4 300.4 298.1 306.9 311.8 310 314.8 319.5 321.7 321.6 320.6 314.1 307.3 298.5 299.6 300.8 299 292.2 285.2 267.9 267.6 282.6 283.5 291.5 295.6 297.3 303.5 310 314.2 318.2 325.3 330.2 338.8 347.5 357.5 364.5 371.2 379.1 389.3 396 404.4 414.1
231 239.1 243.7 249.4 253.2 257.4 265.7 275.1 281.2 286.4 291.1 296.9 300.6 303.9 307.3 312.8 314.8 315.6 320.3 323.5 325.6 330.8 332.8 330.2 326.9 323 318.6 316.1 310.1 301.4 301.2 303 302.2 307.9 308.5 307.9 308.8 310.7 309.3 312.5 313.8 316.9 320.2 323.4 324.9 325.6 320.9 316.9 310.9 312.2 314.6 312.6 306.7 302.3 296.4 285.1 269.9 269.5 290.5 295.3 296.7 296.7 299.4 304.5 311.2 315.8 319.6 325.4 332.6 341 348.6 357.9 364 376.2 385.4 397 403.4 411
233.9 240.5 244.8 249.5 253.3 259.5 268.2 275.7 282.6 287.8 294.5 299 301.9 305.2 310.1 312.8 313.1 316 320.1 322 323.3 327.4 328.6 323.1 320.7 317.4 314.1 312.8 305.9 299.3 300.9 303.4 308.2 312 312.3 313.5 314.5 317.4 314.2 317.2 319.9 318.3 320.5 322.3 324.7 324.3 322.6 322.3 322.3 321.6 322 319.6 316.9 313.4 306 298.5 284.9 271.9 280.3 298.3 301.6 303.1 306.8 310.9 314.1 316.8 318.8 322.3 327 334.2 340.7 350.6 357.9 370.9 381.8 394.3 400.9 406
235 239.2 244.6 249.6 255 263.3 271.4 277.5 283.6 290.4 296.3 300 303.2 305.8 309.4 310.1 312.5 315.5 317.3 319.1 321.4 324.4 322 315.7 314 312.4 310.4 308.4 304.3 301.6 300.4 306.1 313.2 314.9 315.2 316.9 321.1 323 324.4 327.9 327.5 320 320.9 324.8 327.7 328.4 332.9 337 333.3 329.2 330 329.7 327.3 319.8 313.1 304.5 298.8 287.1 268.6 289.5 297.6 298.4 304.5 310.6 313.2 313.9 310.9 314.2 323.2 328.5 333.3 340.7 348.9 360.7 377.2 386.7 397.9 402.3
234.2 241.9 246.2 250.8 256.6 267 272.9 278.8 284.8 291.3 296.5 301.3 303 306.8 307.7 310 313.3 314.6 315.6 316.6 317.3 319.4 312.3 310.4 308.3 305.1 305 304.6 302.5 297.2 305.1 310.5 315.3 318.4 318 322.9 327.5 327 334 335.9 327 327.7 333.4 339.4 342.5 341.1 346.8 347.9 340.8 336.9 341 340.4 333 326.7 321.5 315.1 309.4 298.2 272.7 277.4 277.9 288.9 296 297.1 301.5 310.6 316.8 320.1 318.1 324.5 329.4 338.3 344.3 351.6 374.5 380.9 392.7 399
