data/370000-800000.asc
ncols 200
nrows 200
xllcorner 370000
yllcorner 800000
cellsize 50
[rows 37 to 73 of 200, columns 0 to 82 of 200]
147.5 149.4 151.3 152.8 153 152.4 151.1 149.6 148.7 148.1 148 147.9 147.8 148 148.6 151.3 154 157 160.5 164.1 167.8 170.4 168.8 164.8 162 159 156 153 150.2 148.9 147.3 145.7 144 142.2 140.4 139.3 138.5 137.6 137.2 136.8 136.4 136 136.1 136.4 136.7 136.9 141 147.1 156.8 166.4 174.9 179.6 185.6 187.1 188.1 187.6 186.6 185.7 184.9 184 184 186.1 186.6 185.8 184.5 183.3 182.6 180.9 178.4 175.3 174.6 173.2 170.7 169.8 167.2 163.5 158.6 154.4 151.4 148.6 147.7 145.5 143.6
149.9 151.4 152.3 153.6 153.6 153.2 152.3 152.2 152 151.1 151.3 151.2 151.1 151.1 151.9 153.5 156 158.7 161.6 165.1 168.6 171.6 169.7 166 163.4 160.7 157.7 154.6 151.5 149.5 147.7 145.9 144.3 142.5 140.5 139.1 138.3 137.5 137.2 136.9 136.5 136.1 136.3 136.9 137.3 138.4 143.4 149.6 159.1 167.6 175.5 180 185.6 187.4 188.9 188.7 187.6 186.7 185.8 185 186.8 187.9 186.7 184.5 182.2 180.4 181.4 181.7 183.3 180.7 177.2 173.6 171.9 168.9 165.5 161.9 158.8 154.9 152 149.6 147.3 145.1 142.9
152.3 153.3 153.5 154.5 154.5 154.7 155.2 156 156 155.3 154.5 154.5 154.5 154.4 154.7 155.8 157.6 160.1 162.8 166 168.9 169.2 166.8 163.4 161.8 159.6 158.3 155.6 152.2 150.4 148.5 146.6 144.6 142.7 141 139.1 138.1 137.5 137.2 136.9 136.5 136.1 136.5 137.1 137.7 139.6 144 152 159.5 167.6 174.8 179.9 184.3 186.7 188.3 189.2 188.6 187.6 187.5 188.1 189.1 187.1 185 182.2 179.3 179.6 179.7 180.3 179 175.6 173.9 171.7 169.2 166.3 163.5 159.7 156.7 153.6 150.8 147.8 145.9 143.7 141.9
155.6 155.6 155.7 156.7 157.2 157.7 158.6 159.6 160 158.6 157.5 157 157.1 157.3 157.4 158.2 159.7 162.1 164.2 167.9 168.4 165.4 163.3 161.3 159.2 157.8 156.3 153.6 151.3 149.4 147.7 145.9 143.9 142.1 140.7 139.4 137.9 137.5 137.2 136.9 136.6 136.3 137 138 139.1 140.3 145 152.2 159.7 164.6 171.2 176.8 183 188 189.2 189.9 190.3 190.3 189.5 188.6 186.5 185.4 182.9 179.8 175.5 170.8 169.3 169.3 168.5 167.2 167.9 165.8 164.3 162.2 159.2 156.3 153.4 150.2 148 145.1 143.3 141.1 139.8
158.5 159 158.4 159.1 160.2 161.4 162.7 163.3 163.4 161.5 160.5 159.9 159.5 159.7 159.8 160.7 161.9 163.9 167.2 170.1 168.6 165.7 163.2 159 157.3 155.8 154.2 151.8 149.7 147.8 145.9 144 142.4 141.5 140 138.7 137.9 137.6 137.3 137 136.7 136.8 137.7 138.8 139.9 141.3 144.6 151.9 156.9 160.7 167.4 176.4 184.8 190.5 193.8 195.5 195.6 193 191.3 188.9 186.1 182.6 177.5 171.9 171.4 167.9 163.8 160.7 160.5 161.4 161.2 160 158 156.3 154.4 151.4 149.5 146.5 144.3 142.4 140.3 138 136.1
164.9 164.7 164.3 162.9 164 165.2 165.9 166.2 166.5 164.7 163.5 162.8 162.4 162.8 164.6 163.8 164.4 165.6 167.4 169.6 167.2 164.3 161 159.2 157.7 155.8 153.4 151.2 149.8 147.8 145.8 143.8 141.8 140.1 139.3 138.8 138.1 137.9 137.8 137.8 137.8 138.1 138.6 139.6 141.1 142.6 144.5 148.8 154.5 161.7 170 177.5 184.6 191.9 195.1 198.1 197.2 194.4 191.9 188.5 184.5 179.3 174 172.2 167.9 163.5 161.2 158 152.7 155.4 155.7 153.5 151.6 149.9 148.2 146.5 144.5 142.7 140.5 138.9 138.2 136.3 135.2
171.3 170.8 170.4 169.4 167.5 168.2 168.8 169.3 169 168.4 167.7 167 167.3 167.9 168.9 167.6 167.4 167.6 169.2 168.4 165.7 163 160.7 159.3 157.9 156.4 153.9 151.6 150.7 148.7 146.7 144.7 142.7 140.9 140 139 139.2 140.4 140.5 140.3 140.1 140.6 141.1 141.5 142.4 144 147.2 151 157.2 164.3 171.3 178.1 185.4 193.2 197.6 198.8 198.6 193.9 190.2 185.9 181.4 176.2 173.5 169.1 164.2 159.7 156.5 153.2 145.6 150.1 150 147.2 145.2 143.5 141.1 141.4 140.7 138.9 136.7 135.6 135.2 134.9 135.4
176.9 179.1 178.4 177.1 175.8 173.3 173.2 173.1 173.6 173.2 174.2 174.5 174.1 173.6 173.1 171.7 170.3 169.1 168.9 166.7 164.4 161.9 160.4 159.1 157.8 156.5 154.2 152.4 151.8 149.6 147.6 145.6 143.7 142.4 141.5 141.8 144.4 147 148 148.6 148.6 148.4 148 147.2 147.5 146.9 151.1 156 160.6 164.9 172 178.8 186.2 194 201 204.6 201.4 196.9 191.4 186 180.3 175.7 171.5 167.1 163.5 158.8 153.9 146.8 143.8 146.6 142.7 141.9 138.3 135.8 136.1 136.8 136.2 135.1 133.8 133.9 133.6 133.2 133.3
185.3 187.8 187.5 186.7 184.2 181.7 177.6 177.5 178 180.3 182.1 181.9 181.5 180.9 179 176.1 174 172.2 169.9 167.5 165.1 162.8 160.6 158.6 157.2 155.6 155.2 154.5 153.4 150.8 148.6 146.5 145.4 144.9 144.8 147.3 153.3 156.1 156.3 157.2 157.8 157.6 157.1 156.4 154.9 154 155.3 157.9 161.3 164.5 169.3 178 185.8 194.7 202 204.3 202.2 197.2 191.5 185.2 182.3 177.2 172.1 167.5 163 157.8 157.8 154.1 150.8 146.4 142.2 132.3 130.6 128.6 131.3 132.1 131.8 131.7 132 132 131.8 131.5 131.2
187.7 192.5 194.9 196 194 189.2 185.1 184 184 186.4 187.8 187.7 187.7 186.3 184 179.9 177.7 175.8 173.1 170.7 167.7 164.6 162.4 160.1 158.8 158.1 157.5 156.6 155 153 151.6 151.1 150.4 149.2 150.1 153.7 160.7 164.1 165.7 165.6 166 166.5 166 164.7 163.6 161.7 161 160.6 162.1 164.1 169.3 176.4 184.8 194 199.7 202.3 199.9 196.1 189.8 184 181 177.3 172.5 167.7 165.2 163.1 160.6 156.8 152.3 148 143.7 138.1 135.4 131.5 128 127.9 128.4 129 130.1 130.1 129.9 130 130.1
190.2 196.5 201.9 205.3 202.3 197 193.5 192.1 189.5 190.4 191.7 190.8 189.7 187.8 185.7 183.8 181.7 179.5 177.2 174.7 172.2 169.5 166.7 164.5 163.4 162.7 160.9 159.3 157.8 156.5 158.8 160.8 159.1 155.9 156.8 160.5 164.6 169.2 170.9 172.6 173.3 171.7 170.3 169.1 168 168.1 166.5 164.9 165.1 167.1 170.3 176.8 184.5 193.5 197.4 199.7 199.8 196.8 191.9 186.6 181.9 175.8 171.9 169.4 166.6 164.2 161.6 157.5 153.1 147.7 143.7 138.3 135 132.4 129.8 128.1 126.9 126.2 127.6 128.5 129 129.1 129.4
198.8 205.1 209.1 211.7 209.3 203.5 201.8 199.8 197.3 194.7 193.9 192.7 190.7 189 187.4 185.7 183.8 181.9 179.7 176.9 175.8 173.8 171.3 168.9 167.6 165.7 164.1 162.7 162 162.9 164.3 165.6 165.8 164.1 163.2 166.9 169.6 173.4 176.1 177.7 177.4 175.8 174.8 174 173 172.3 169.1 168.4 168.7 170.3 173.6 178.8 187.1 193.8 197.3 200.6 201.3 198.7 194.1 188.8 182.3 176.7 172.5 169.5 167.4 165.2 161.8 157.4 153 147.6 143.4 138.2 134.2 131.5 129.3 127.7 126.4 125.6 125.1 125.7 126.4 127 127.4
205.8 211.7 214.8 215.4 213.8 210.6 209.1 206.1 203 200.2 198.5 195.7 193.2 190.8 189.1 187.5 185.9 184 181.9 180.6 179.4 177.9 175.3 172.8 171.1 169.8 168.5 167.2 166.3 167.5 168.5 169.5 169.7 169.2 168.9 170.4 172.9 176.5 177.9 178.6 179.3 178.9 177.5 176.9 176.3 174.2 171.7 170.9 171 173.2 177.7 184.2 191 196.6 200.1 202.6 200.7 197.3 193.4 189 180.8 176.1 173.8 171.2 167.4 163.3 158.7 154.7 150.1 145.9 142.1 138.5 135.1 131.8 128.8 126.7 125.8 124.9 123.9 123.8 123.9 124.2 124.8
207.8 211.9 215.8 217.5 215.5 214.2 214.7 212.4 208.9 204.9 201.7 198.6 196.7 193.8 191.1 189.3 187.9 187.7 186.2 185.3 184.4 183.4 181.8 179.6 177.4 175.5 173.2 173 172.2 172.3 172.8 173.4 173.3 172.4 173 173.7 176.2 177.9 178.5 179.2 179.8 179.8 179.3 178.9 178.5 176.4 174.5 173.2 173.5 177.1 183.7 191.1 200.5 206.1 207.4 205.5 201.6 195.9 191.9 188 181.2 175.8 173.2 170.8 166.3 159.8 153.8 150.3 145.8 143.1 140.2 137.1 133.7 131.5 129 126.4 125.2 124.3 123.2 122.7 122.9 123 122.8
209.9 214.7 218.2 219.7 220 220 221.3 219.4 214.6 209.7 205.2 201.6 199.8 197.1 194.3 193.1 191.6 192.4 190.4 191.3 190.7 190.1 188.7 186.1 183.6 181.9 180.1 179.1 178.4 177.2 177.9 177.5 176.1 175.6 175.5 176.4 178.6 179.3 179.9 180.6 181.2 181.3 181.1 180.6 180.9 178.7 176.5 175.1 178.3 185.2 192.9 202.9 213.2 218.7 216.8 212.3 204.2 196.4 190.3 186.3 179.4 175.1 171.5 166.8 162.9 156.8 151 146.3 143.4 141.1 138.2 135.3 132.3 130 126.9 125.8 125.1 123.7 123.3 123.2 122.1 121.8 121.8
214.5 220.8 224.1 226.5 225.8 225.9 225.5 223.4 219.2 214.3 209.8 206 203.4 200.3 197.1 194.4 193.6 194 194.8 195.9 194.7 193.4 192.1 190.1 187.7 186.2 185.1 183.6 182.8 181.5 182 181.1 180.1 178.4 178.1 178.6 180.2 181 181.6 182.3 183.1 183.6 182.4 182.9 183.8 181.6 179.5 182.1 189.2 197.5 206.1 215.8 226.6 230.9 228.8 222 213.2 203.3 194.5 186.8 179.3 171.2 165.9 159.4 154.4 151.7 147.9 144.6 141.6 138.8 135.5 132 130 130.5 129.4 127.7 126.1 125 124.9 124.7 123 120.6 122.6
219.9 225.3 228 230.6 229.9 228.1 227.6 225.6 221.4 217.7 213.7 210.4 206.6 202.8 199.5 197.7 194.7 194.9 196.1 195.9 194.9 194.4 193.6 191.8 191.1 189.8 189 189.3 189 190.1 189.3 187.1 185.1 182.9 182 180.8 181.9 182.6 183.3 184.2 185.1 186.2 186.3 187.1 187.5 187 188.7 197.9 204.4 212.8 221.4 230.9 240.5 242.8 239 231.4 222.5 212.5 201.2 191.5 182.9 173 166 160.8 156.8 152.9 147.1 141 138.8 136.1 133.6 134.6 136.1 137.6 138.2 135.1 133.2 130.1 127.7 125.5 123.4 121.1 123.4
225.4 227.3 230.5 233.5 233.4 231.1 228.4 225.3 222.2 219.1 216.2 212 208.7 205.2 201.7 198.5 195.4 194.5 195.1 194.3 193.3 192.2 191.7 190.5 191.3 190.5 190.7 193 195.5 197 196.1 194.3 192 188.6 185.4 184.2 183.4 184 184.9 186.6 187.9 188.9 190 191.9 192.9 195.1 203.1 213.5 221.3 228.3 236.3 246.3 253.4 253.5 249.1 241.5 233 223.3 211.9 200.2 189.8 182 173.6 164.7 160.2 155.5 151.2 147.3 144.1 141.5 139.5 139.3 140.4 141.4 142.4 140.6 138.1 134.8 131.5 129 125.9 121.3 124.1
224.5 227.4 231.2 233.9 232.2 229.5 226.3 224.4 221.1 218.1 213.9 211 207.5 204.8 201.4 197.8 194.1 192.5 192.3 191.4 190.5 189.8 189.1 189.5 190.5 191.3 192.2 196.6 200.2 203.7 204.4 201.8 198.6 194.1 190.5 187 186.4 186 185.4 186.8 187.7 189.4 190.6 193.3 197.4 203.4 216.2 226.2 235 243.2 250.5 259.5 263.9 262.7 258.6 251.6 243.4 233.5 222.6 210.9 200.9 190.3 180.1 170.1 162.9 158.2 153.5 150.2 147.4 144.4 142.5 141.5 143.3 144.5 144.6 142.3 140 137.5 134.9 131.2 126.5 120.9 122.6
223.6 226.7 230.1 231.2 229.3 227.2 222.9 220.4 216.6 213 211.2 208.5 204.5 201 197.9 195.1 192.5 191.1 189.6 188.5 187.7 186.8 186.7 187.2 188.2 189.4 194.4 199.9 204.4 209.9 211.1 208.4 202.8 198.6 193.8 189.9 187.9 185.7 184.8 184.5 184.9 187.2 190.2 194.5 200.8 211.3 222.5 234.5 243.9 252.6 260.7 268.6 271.8 266.9 262.2 256.1 247.9 239.5 228.9 218.1 207.7 196.2 185.2 174.7 167.6 160.7 155.8 151.9 148.3 144.8 143.5 143.3 145.1 145.8 143.8 141 138.3 136.5 134 130.5 126.7 120.7 121.9
222.7 225.7 228.2 228.5 228 225.2 221.3 216.9 211.8 209.5 204.9 201.2 197.7 194.7 191.7 189.7 188.1 186 184.6 184.3 184.3 184 184.6 185.1 186.2 189.7 193.5 197.5 202.4 206.8 206.8 204.4 202.7 198.4 194.1 190.3 186.9 183.4 181.3 181.4 182 183.9 186.5 192.1 202 213 224.9 237 247 256 264.3 272.6 273.8 268.3 260.7 253.9 245.6 237.4 228.4 218.2 207 199.3 188.1 177.5 169.3 161.9 157.6 152.7 148.6 145.3 143 143.2 144 143 141.3 139.2 136.7 135.1 132.3 129 125.7 121.5 119.2
222.6 225.7 227.8 228.9 228.6 226.2 221.1 214.4 208.8 205.2 201.3 196.8 192.5 189.5 185.9 184.1 182.4 180.6 180.3 180.7 181.2 181.6 182 182 182.6 183.7 187 189.8 193.5 197.8 200.2 199.9 198.2 194.8 191.5 187.3 183.4 178.8 174.9 175.6 176.7 177.5 181.3 190.2 200.2 210.5 223.2 235.9 246.6 256.9 264.8 269.6 271 265.8 256.9 247.8 239.1 230.9 221.6 211.6 201.7 194 186.8 178.6 169.9 162.7 156.1 151.4 147.5 144.7 142.2 141.6 140.5 139 136.5 135.6 134.6 132.4 130.4 127.2 124 120.9 114.8
223.8 226.9 228.5 230.5 229.7 225.6 219 212.3 206.2 201.4 197.4 193.5 190 185.8 180.9 178.7 177.4 176.4 176.7 177.7 177.6 178.3 177.7 176.8 176 176.8 176.3 178.5 182.2 187.5 190.1 190.4 189.3 186.9 184.2 179.9 174.7 170.9 167.6 167.5 168.3 171.5 177.3 185.3 195.6 207.3 220 232.7 244.8 254.3 261.3 263.1 262.1 256.9 249.3 239.6 228.7 220.4 210.5 202.1 193.5 187 181.1 173.6 166.9 160.3 153.9 147.7 143.1 140.1 138.4 137.1 135.4 134.2 132 131.5 131.2 129.5 127.4 125.3 122.2 119.9 114.9
225 227.6 229.3 229.3 225.9 220.3 213.7 207 201.4 195.9 191.9 187.8 182.4 178.7 175.3 173.1 172.8 172.5 172.3 172.8 173.2 173.4 172.1 171.2 170.1 168 166.9 165.5 168.2 172.3 178.3 179.4 177.4 174.8 172.4 167.8 165.2 161.8 159.5 157.9 159.4 163.3 169.4 177.6 188 201.3 215.5 228.5 240.1 250 255 255.9 252.4 245.8 238.6 228.6 218.3 208.5 199.2 191.3 183.9 178 171.9 164.7 158.1 152.6 146.8 141 137.3 135.3 133.8 132.2 130.4 129.4 128.4 127.9 127.4 126.5 124.5 122.5 120.6 118 114.7
222.1 223.1 223.3 222.4 218.8 213.2 206.6 200.3 195.1 190 185.2 180.5 175.7 172.3 169.5 169.3 169.4 169 168.4 167.2 167 166.9 166 164.6 163.1 160.1 159.9 158.4 157 156.2 158.5 160.2 162.3 158.5 157.4 156.4 154.8 154.2 152.5 151.1 152.2 154.5 160.3 170.6 180.7 195.4 209.5 222.6 233.2 241.6 246.4 246.5 243.6 235.7 227.8 218 206.5 196.3 188.3 180.1 172.4 165 159.2 153.4 147.9 143.4 137.4 132.7 130.2 129.3 128.8 127.3 125.8 125.8 125.4 124.7 124 123 121.4 119.3 117.5 115.5 113.3
215.7 216.3 217.2 214.4 210 204.2 198 193.9 189.5 184.9 180.1 175.4 170.3 167.9 165.6 165.6 166.2 165.9 164.6 163.4 161.5 159.7 158.7 157.8 155.7 153.7 152.3 151.8 150.6 150.3 150.4 151.2 151.3 151.1 150.5 150 148.7 147.4 146 144.6 145.6 147.2 151.5 165 175.5 188.8 202.7 215.2 224.8 231.5 235.4 236.7 234.1 228.4 221.9 211.9 200.8 188.9 180.4 170.1 161.2 153 147.3 142.7 138.4 134.2 129.6 126.1 123.6 122.7 122.9 122.7 121 122.5 122.2 121.5 121.2 119.6 117.5 115.7 114.7 113.1 110.9
211.2 211.6 211.6 206.4 201 194.3 189.7 186.5 183.7 179.5 174.8 169.8 165.6 163.4 161.5 161.4 163.1 162.9 162 160.1 158.4 156.6 153.8 151.8 149.6 147.5 147.1 146.9 147.3 146 145.2 145.3 144.9 144.3 144.7 143.1 141.5 140.3 140.5 138.6 139.3 141.6 145.9 156.6 168.4 181.4 195.4 205.8 214.6 220.2 223.4 225.3 224 222.1 216.6 207.3 196.7 184.8 176 165.5 155.6 147.2 140 135 132.3 128.4 126.4 123.4 121.3 119.5 118.6 118.4 117.6 118.3 118.4 118.2 117.9 115.7 113.8 112.8 111.9 110.7 108.5
207.2 205.3 202.8 198.9 193 187.9 183.1 180.8 177.6 172.7 168.3 163.9 161.1 158.8 157.4 158.1 160.7 161.5 159.8 157.7 155.4 152.6 149.8 147 145.7 143.4 142.9 142.2 142.1 142.2 143.4 143.4 143.2 141.7 138.7 136.6 134.7 133.9 134.2 133.6 135.2 137.4 141.3 149.7 162 174.5 185.9 195.6 201.6 205.6 207.5 209.7 212 212.7 207.1 201.7 192.3 181.8 172.9 164.8 155.2 146.5 138.6 133.1 129.2 126.9 125 123 120.5 119.3 118.6 117.6 116.4 115.6 114.7 113.7 112.8 112.1 110.9 109.9 109.1 108.3 106.2
203.9 201.9 200.4 193 188.8 183.3 178.6 176.7 172.2 167.2 163.2 159.7 156.7 154.2 153.7 154.8 156.4 157.2 156.5 154.9 151.7 148.9 145.9 145.9 145 141.1 140.6 139 139.2 140.4 141.5 141.5 141.4 140.2 138.5 136.8 134.8 133.3 132 131.3 131.2 133 137.5 143.3 154 164.8 173.9 182.6 187 190.6 192.2 194.8 197.2 197.6 197.9 194.4 186.6 178.7 171 163 155 147 140.6 134.6 129.9 127.3 125.6 123.9 122.3 120.8 122.3 120.4 117.1 115.6 114.9 112.5 110.9 109.8 108.7 107 106.3 105.6 104.2
202.9 200.4 197.4 192 185.8 180.5 175.5 172.3 167.5 163.1 158.9 155.7 152.5 151.7 151 150.6 151.3 151.8 151.3 149.9 147.9 145.8 143.6 142.5 140.7 139.3 137.9 137.2 137.2 138.5 139.6 139.6 139.6 138.4 137.2 136.3 135.2 133.6 131.8 129.6 128.7 130 132.2 137.2 144.5 152.2 160.6 167.7 173 177.8 178.9 183.1 185.8 187.9 188.4 183.8 179.6 174.7 169 162.1 154.1 147.2 141.6 136.1 132.1 129.7 127.1 124 124.6 125.3 126.6 124 121.1 119.2 117.2 115.2 112.7 111.1 109.3 108.1 106.7 105.6 104.6
201.1 198.5 195 190.5 184.3 179.1 174.4 169.3 164.6 160.3 156.1 152.5 150 149.2 148.2 147.5 148.1 147.3 146.7 145.1 143.7 142.3 140.8 140.3 138.8 137.4 136.2 135.5 135.4 136.1 137.7 137.9 138.5 138.3 138 137.3 136.1 134.4 132.6 130.5 128.4 126.9 129.4 132 135.1 140.3 146.8 153.5 160.7 165.8 169.8 173.5 176.8 178.6 177.2 174.7 171.5 168.8 165 159.7 154.9 147.4 142 138.1 135.3 132.6 130.2 129.8 130.4 130.8 129.2 127.4 125.2 123 120.2 118.3 116.3 114.8 112.9 110.7 109.2 108.1 106.7
199.4 196.4 192.6 188.1 183.9 178.9 173.4 168.4 163.6 159.6 155.5 151.5 148.5 146.5 145.3 144.4 143.9 143.2 142.3 141.3 138.4 137.9 138 137.9 137.1 135.9 134.7 133.7 134 135.9 137.7 138.4 139.6 139.5 139.1 138.4 136.8 135.2 133.5 131.5 129.5 127.7 125.9 125.9 128.4 131.2 134.2 139.3 148.3 153.8 160.6 165 168.6 169.4 169.3 168.7 167.5 165.6 163.8 157.9 154 149.5 144.5 141 138.6 137.2 135.6 133.3 132.7 132.3 130.3 128.4 126.6 124.6 122 120.6 118.6 116.7 115.5 113.8 111.9 110.5 109.1
197.2 193.8 190.1 186.8 182.9 178.8 173.3 167.7 163.5 159.5 155.4 151.3 148.2 145.6 144.2 142.5 140.7 139.5 138.8 137.2 135.8 135.2 136 135.9 135.3 134.3 133.2 132.1 133.8 135.6 137.5 139.5 140.7 141 140.2 139.3 137.6 135.9 134.2 132.4 130.6 128.6 126.6 124.6 122 124.4 127 130 137.8 144.1 150.2 155.5 160.1 163.7 164.8 168.2 168.6 166.3 164.2 160.4 158.1 154.9 151.2 147.1 143.1 141.7 138.9 136.4 134 132.2 130.6 128.8 126.6 124.6 122.5 120.6 119 117.2 115.1 114 112.9 111.6 110.5
193.6 191.1 187.4 184.2 181.1 177.5 173.1 168.8 164.4 159.7 155.5 151.6 148.2 145.7 143.9 141.5 139.2 137.4 136.2 134.9 133.6 133.2 134.1 133.7 133.2 132.7 131.4 131.4 133.1 134.9 136.9 138.8 140.7 141.4 141.3 140.1 138.6 136.9 135.2 133.4 130.7 128.6 126.5 124.7 122 118.2 120.4 123.3 129.4 135.3 141.1 146.7 153.2 157.4 163.7 168.8 170.8 170.2 168 167.3 166.5 162.8 157.4 153.2 147.7 143.4 139.8 136 133.2 131.1 129.8 128.4 125 122.7 120.4 118.3 116.6 115 113.3 112.3 111.2 110 108.8
189 187 184.5 181.6 178.7 175.8 172.1 168.8 164.6 159.8 155.8 151.8 148.3 145.8 143.2 140.8 138.6 136.8 135 133.4 132.7 131.9 132 131.6 131.4 131 130.9 131.3 132.9 134.5 136.1 138 139.9 141.1 141.2 140.4 139 137.6 136.4 134.4 131.8 129 126.4 124 121.8 118.2 115.8 118.7 122.5 128.7 134.4 140.6 148.8 156.1 162.6 168.9 173.3 173.9 172.4 170.3 168 164.1 159.5 154.6 149 143.6 139.9 136.6 133.7 130.6 128.8 126.8 123.4 120.6 118.3 116.2 114.3 112.7 110.7 108.8 107.5 106.6 105.6
183.4 181.7 181.3 179.3 176.8 173.9 170.5 167.3 163.8 160 155.8 151.6 148.3 145.7 143 140.2 138 136.1 134.2 132.6 131.9 131.1 130.5 130.3 130 130.1 131 131.8 133 134.3 135.6 137.2 139.1 140.8 141.1 140.9 139.9 138.8 137.6 135.6 132.6 129.2 126.3 124 121.6 118.5 113.9 115.2 119.3 124.3 130.6 137 145.5 154 161.7 167.6 171.3 172.4 172.4 170 168.6 165.3 161.6 156.3 150.9 145.5 139.7 135.8 132.1 129.6 127.9 124.9 121.5 118.3 116.2 114.1 112 110 107.9 105.8 103.8 103.2 102.4
178.4 178.9 178.6 176.7 174.4 172.3 169.1 165.8 162.4 158.8 155.2 151.3 148.4 145.5 143.3 141.2 138.4 135.4 133.1 131.8 130.8 129.8 129.2 129.3 129 130.2 131.1 132 132.2 133.1 134.7 136.4 137.7 139.2 141 141.1 140.4 139.3 137.4 135.6 132.9 129.4 126.4 123.9 121 118 112.6 113.5 117.3 121.6 128 134.5 142.4 150.9 158.2 164.4 167.5 169.3 170 169.6 168.7 165.8 162.7 157.3 151.3 145.3 139.1 135 131.7 128.9 126.3 122.8 119.4 117 114.5 112.3 110.2 108.1 106 104.1 102.4 100.7 99.7
