data/370000-550000.asc
ncols 200
nrows 200
xllcorner 370000
yllcorner 550000
cellsize 50
[rows 70 to 104 of 200, columns 78 to 155 of 200]
463.6 463 461.2 458.7 454.3 449.8 445.8 441.8 438.4 435.8 431.8 429.3 428.1 425.8 424.2 422.4 421.3 417.9 415.3 414.1 410.1 407.1 404.1 401 397.6 393.3 388.9 384.6 381.3 376.8 372.8 369.3 365.5 362.2 359 355.5 354.3 352 349.4 346.6 343.8 340.5 336.2 333.1 331 328.9 325.3 320.4 315.4 310.4 305.3 299.9 297.5 294.5 287.7 281.6 275.3 268.6 261.4 254.5 247.9 247.4 243.5 238.4 234.6 230 223.7 211.3 202.4 209 218.8 218.8 217 213 212.4 212.9 213.3 213.3
465.8 465.1 461.7 458.2 452.9 448.3 444.2 441.1 438 435.7 432.9 431 428.7 426.8 425.1 423.7 421.9 418.7 417.4 414.7 410.8 406.5 402.8 399.8 396.5 391.5 386.7 382.3 378.3 374.8 371.6 368.4 364.7 361.4 358.5 356.1 353.8 351.3 348.9 346.1 342.4 339.3 334.7 331.4 328.7 325.7 322.1 316.9 311.8 306.8 301.5 295.7 293.2 290.1 282.7 276.3 270.1 264.4 257.9 251.1 244.2 242.3 237.5 232.2 227.3 222.2 208.6 203.1 213.4 219.7 219.7 219.1 215.6 214 213.4 213.6 213.4 212.9
468.2 466.2 462.2 458 453.3 448.6 444.7 442.1 439.3 437.1 434.2 431.4 429.4 427.8 426.5 424.8 422.3 419.9 417 413.9 410.1 406.4 402.7 399 395.3 389.8 384.6 380.4 377 373.7 370.5 367.4 363.8 360.7 358.3 355.2 352.6 350.5 348.5 346.3 342.3 337.4 333.4 328.8 324.3 322.2 318.8 313.7 308.3 303.1 296.7 291.1 287.7 283.3 277.1 270.4 265.3 259.8 254 247.4 237.9 234.7 228.6 219.2 213.2 208.6 213.5 217.5 222.2 222.1 220.1 218.2 216 214.2 213.2 213.6 213.6 213
469.5 467 462.6 458.1 453.4 448.8 445.6 442.7 440.4 437.1 434.7 431.8 430.5 429.2 427.7 425.1 422.2 419.2 416.2 413 409.2 405.5 401.8 398.1 393.3 387.8 383.2 379.9 376.6 373.1 369.6 366.2 362.9 360.1 356.9 353.7 351.2 348.8 346.6 344.5 339.9 335.3 331.8 327.6 319.6 314.8 310 309.7 301.4 296.8 291.1 285.9 281.2 275.9 271.3 265.6 260.4 255.5 249.6 242.3 234.5 229.9 216.6 212 212.1 220.4 222.7 222.2 223.3 222 221.4 219.2 217.1 214.9 213.6 213.6 213.5 212.4
470.1 467.9 462.8 458.2 453.6 449 446.2 443.3 440.7 437.7 433.8 433 431.9 430.6 427.8 424.8 421.7 418.7 415.6 412.2 408.3 404.5 400.8 396.2 391 385.7 382.6 379.5 376.2 372.7 369.2 365.5 361.7 358.5 355.3 352.3 349.9 346.5 343 340.5 337.5 333 329.8 326.3 321.8 314.6 304.4 302.6 293.1 289.8 285.6 279.9 274.5 268.5 261.2 257.3 255.6 250.2 244.7 238.5 229.4 223.6 214.3 221.8 225.1 225 224.5 224.3 223.2 224.4 222.5 220.3 217.8 215.2 213.2 212.1 213 212.4
469.2 466.1 462 457.8 453.2 449.4 446.7 443.9 440.9 437.5 434.3 433.4 431.9 429.9 427.1 423.9 420.8 417.6 414.5 411.1 407.3 403.5 399.2 394.8 389.6 385.6 382.3 379 375.8 371.8 367.8 363.7 360.2 357 353.7 350.9 347.3 343.2 339.2 336.2 333.8 330.6 327.2 323.9 319.2 313.1 305.5 293.5 290.1 282.8 279.9 275.1 264.7 259.6 255.6 252.5 245.9 241.5 238.2 229.6 226.9 217.7 225.8 227.7 228.2 228.9 228.6 228.5 226.4 224.7 222.4 219.7 216.9 214.2 212.7 211.7 211.9 211.2
466.9 463.7 460.1 456.7 452.9 449.2 445.9 443.5 440.2 436.7 434.8 433.5 431.9 429.5 426.2 422.9 419.7 416.6 413.5 409.9 406.2 402.3 398.2 393.7 389.2 385.4 381.9 378.4 374.3 370 365.9 362 358.7 355.5 352.2 348.1 343.9 339.7 334.7 333.2 331.5 328.6 325.7 320.7 314.6 308.6 302.7 296.4 288.8 280.4 275 269.1 261.4 256.8 252.1 247.3 241.9 236.8 231.8 221.8 222.2 236.9 232.3 232.4 232.7 233.9 233 230.2 226.9 225.1 222.3 219.5 216.8 214.4 212.2 210.2 210.3 210.6
465.4 462.6 459.4 456 452.5 449 445.3 442.4 439.5 437.1 435.2 433.7 431.9 428.6 425.2 421.9 418.7 415.6 412.4 408.8 405 401.2 397.3 392.8 388.3 384.6 381.1 377.1 372.8 368.4 364.1 360.5 357.2 353.9 350.5 346.2 341.7 337 333.2 328.9 324.8 323 320.1 316 309.9 304.6 299.2 293.3 286.7 279.6 272.2 259.3 258.7 253.7 248.3 243.7 238.5 229.5 229.3 240 238.4 235.5 234.1 236 237.2 237.9 235 231.1 227.5 225.6 222.3 219.4 216.8 214.6 212.2 208.6 208.6 207.8
464.4 461.6 458.7 455.3 451.8 448.4 444.9 441.3 439.1 437.3 435.6 433.8 431 427.7 424.3 420.9 417.7 414.5 411.4 407.7 403.9 400 396.1 391.9 387.6 383.8 380 375.6 371.3 366.9 362.6 358.9 355.6 352.4 348.6 344.5 339.7 335.4 330.9 323.4 319.7 313.5 312.4 309.5 306 300.5 294.3 289 282.4 275.7 269.3 263.8 248.6 248.9 244.3 238.3 229.6 233.2 244.5 242.4 240.5 238.9 239.1 240 241.3 240.7 236.4 232.2 228.3 225.9 222.4 219.2 217 214.9 212.7 209.2 206.8 206.3
463.3 460.6 457.9 454.6 450.9 447.3 443.6 441.2 439 437.3 435.5 433.3 430.1 426.7 423.4 420 416.7 413.5 410.3 406.5 402.7 398.8 395 390.9 386.9 382.7 378.3 373.9 369.6 365.2 361.7 358.3 354.2 350.8 346.6 342.7 338.8 335.5 331.8 329 324.8 316.2 301.7 299.7 297.3 294.3 289.3 284.2 278.1 271.3 265.2 254.1 247.1 244.5 237.6 234.7 242.6 247 248.2 245.6 243.8 243.5 244.5 244.7 246.3 243.4 238.7 234 229.3 226.3 223 219.5 217.4 215.3 212.7 210.3 207.9 207.4
461.9 459.2 456.5 453.2 449.6 445.9 443.3 441.1 438.8 437 435.1 432.2 429 425.7 422.4 419.1 415.7 412.5 409.2 405.4 401.5 397.6 393.8 389.9 385.4 380.8 376.5 372.2 367.8 364.3 360.9 357.5 354.1 349.9 345.8 340.9 337.4 333.6 330.1 325.2 321.2 315.2 304.2 290.2 281.2 284.2 282.5 277.9 272.2 266 253.9 248.3 238.3 237.5 249.2 254 254.9 255.1 251.9 249.5 249.4 249.2 249.1 248.8 248.3 243.3 238.6 233.9 229.8 227.1 224.3 221 217.9 215.7 212.9 210.1 209.2 208.4
460.5 457.8 455 451.6 448.2 445.4 443 440.7 438.4 436.6 434.2 431.1 427.9 424.6 421.3 418.1 414.8 411.4 408.1 404.2 400.3 396.3 392.4 387.9 383.5 378.9 374.6 370.3 366.6 363.3 359.8 356.4 353 349.8 345.7 341.4 337.3 331.9 327.8 324.8 320.9 314.7 307.5 299.7 292.4 282.8 269.7 266.7 264.4 259.5 246.8 241.9 248.7 255.9 257.8 259.8 260.1 258.7 255.6 253.9 253.7 253.6 253.4 252.1 248.1 243 238.4 234.4 230.3 227.7 224.8 222.1 219.1 216.3 214.2 212.8 211.2 209.5
459.1 456.3 453.4 449.9 447.1 444.9 442.7 440.3 438 436.2 433.1 430 426.8 423.5 420.3 417 413.7 410.4 406.8 402.8 398.8 394.8 391 386 381.6 377.1 372.8 368.8 365.4 362.1 358.7 355.3 351.9 348.1 344 339.8 335.8 332.6 329.4 324.5 319.1 312.7 305.3 298.8 292 287.2 280.5 274.2 265 249.3 248.8 259.4 263.5 263.6 265.2 264 264.3 262.7 259.5 258.5 258.3 258.1 257 255.4 250.8 244.5 239 234.9 231.2 228.2 225.3 222.6 219.9 217.1 215.6 213.9 212.1 210.6
457.9 455.1 451.6 448.8 446.5 444.3 442.1 439.9 437.6 435.1 432 428.9 425.7 422.4 419.2 415.9 412.6 409.1 405.2 401.2 397.3 393.3 389.3 384.1 379.6 375.3 371.1 367.6 364.2 360.9 357.4 353.8 349.7 345.1 341.5 337.9 334.1 330.6 325.8 320.5 314.4 307.4 301 296.7 290.4 285.5 278.9 269.3 256.8 251.8 263.3 267.4 268.7 268.7 268.4 268.5 268.1 266.3 262.9 263.6 263.2 262.8 260.7 257.2 251.6 245.3 239.2 235.3 231.8 228.8 225.8 223 220.4 218.3 216.5 214.7 213.1 211.7
457.1 453.6 450.9 448.3 445.9 443.6 441.5 439.3 437 434 430.9 427.8 424.6 421.3 418.1 414.6 411.5 407.4 403.7 399.5 395.4 392.2 387.3 382.1 377.5 373.3 369.2 365.3 361.7 358.2 354.6 351 346.8 342.3 338.7 334.9 330.9 326.4 319.9 313.4 308.8 302.9 297.7 292.7 286.3 279.8 271.7 259.2 256.7 267.5 270.1 272.9 272.7 272.6 272.3 272.2 271.8 268.8 267.3 267.8 267.1 265.4 261.8 256.7 250.9 244.9 240.5 235.8 232.4 229.4 226.4 223.5 221.1 219.4 217.5 215.7 214.1 212.8
455.9 453.3 450.6 448 445.3 442.9 440.8 438.4 435.8 432.4 429.8 426.7 423.5 420.2 416.6 413.6 409.8 405.6 402.2 398 393.9 389.9 384.8 380 375.4 371.1 367 362.9 358.9 355.3 351.8 348.4 344.2 339.5 335.6 331.7 327.7 322.6 316.4 310.4 305.2 298.8 292.6 283.7 277.3 270.6 258 259.6 274.6 277.2 277.1 276.4 276.2 276.4 276.5 276 273.8 271.7 270.2 269.2 268.2 265.7 261.8 256.1 250.4 245.1 240.5 236.1 233.1 230.1 227.1 224.1 221.1 220.8 219.2 217.5 216.1 215
455.7 453 450.3 447.7 445 442.3 439.8 437.3 434.5 431 427.7 425.6 422.3 418.7 415.6 412.2 408 403.9 400.7 396.5 392.7 387.9 382.6 376.6 373.2 368.9 364.9 360.8 356.6 352.5 349 345.8 341 335.4 331.5 327.6 323.1 318.6 312.3 307 302.1 294.2 285.7 270.7 261.1 257.7 275.3 280.3 282.4 281.5 279.5 278.7 279.6 279.6 279.4 278 275.6 273.1 271.7 270.3 268.5 265.6 260.8 254.9 249 245.3 240.5 236.9 233.9 230.9 227.9 225.6 224 222.2 221 219.3 218 211
455 452.3 449.6 447 444.3 441.3 439.1 436.2 433.3 429.8 426.9 424.2 421 417.7 414.5 410.4 406.3 402.6 399.2 395.2 391 385.9 380.4 375.8 369.5 366.8 362.8 358.6 354.5 350.3 342.7 337.9 334 329.4 326.5 321.9 317.9 313.4 308.8 304.1 299 289 266.2 277.7 281.3 284.8 288.1 287.1 285.8 284.4 282.5 280.5 281.8 282.8 281.4 278.5 276 274.1 272 269.2 266.8 263.3 258 252.1 247.9 244.4 240.6 237.7 234.7 231.7 228.7 227.1 225.7 224 222.6 221.2 214.7 204.3
454.3 451.6 448.9 446.2 443.4 440.4 438.6 435.7 432.5 429 426.1 423.3 420.1 415.5 413 408.7 404.6 401.3 397.8 393.8 389.2 383.7 378.5 373.6 370.3 363.9 360.9 357 353.4 348.4 345.1 340.2 332.9 327.6 322.5 316.3 310 302.6 297 298.3 286.4 272.8 285.3 287.9 290.9 292.9 291.4 289.9 288.5 287.1 285.8 284.1 283.2 282.5 280.3 277.9 275.2 272.8 269.7 266.8 264 259.8 254.5 250 247.4 243.9 240.9 238.2 235.5 232.5 229.9 228.5 226.7 225 223.7 215.6 204.1 204.8
453.7 450.9 448.2 445.4 442.6 439.6 437.7 435.4 432.3 429 425.3 422.4 419.3 414.8 411.9 406.6 401.1 398.3 395 389.5 382.4 376.9 374 370.7 368.4 363 359.1 355.3 351 346.4 341 336.7 331.2 325.6 319.7 313.8 308.1 302.2 284.1 292.8 296.7 296.6 296.3 299.1 297.1 295.2 293.1 291.6 290.4 289.5 287.9 285.3 283.4 281.7 278.4 274.8 272.3 269.8 266.4 263.2 260 256.4 253 250.5 247.5 244.1 241 237.5 235.4 233.4 231.3 229.5 226 222 210.7 206.8 210.8 218.4
452.3 450.2 447.5 444.6 441.4 438.6 436.5 434.2 431.1 428.2 424.2 420.6 417.3 413.9 409.7 406.1 403.3 398.7 393.7 390.6 385.7 381 374.5 367.8 358.1 358.5 353.6 350.7 347.7 340.1 335.4 330.2 324.9 318.7 309.1 292.5 298.8 303.7 306.6 306.5 305.4 305.7 303.8 301.8 299.2 296.8 294.6 293 291.9 290.1 287.5 285 283 280.2 276.5 272.7 269.4 266.5 263.2 260.3 257.5 256 252.2 250.5 247.7 243.9 240.6 236.9 234 234.8 231.8 224.6 218.4 214.5 209.4 216.5 223.1 223.6
451.8 450 447.5 445.2 442.8 439.6 436.5 433.8 431 427.7 423.4 418.3 413.8 411.6 409.7 407.5 404.4 400.1 395.6 390.7 385.3 379.3 373.9 369.6 363.3 353.5 347.3 343.7 336 330 325.4 321.4 311.1 301.5 306.3 314.5 314.1 313.8 314.3 314.3 311.9 308.7 306 303.3 300.3 297.5 295.7 293.9 291.9 289.8 287.2 284.6 281.4 278.1 274.6 270.8 267.1 264.3 262.8 258.7 255.3 249.1 243.9 242 238.9 234.2 231 229.7 224.3 220 221.5 216.4 214.4 212.3 220.1 226.1 225.9 225.7
452 450.1 447.2 444.5 442.3 440.3 437.1 434.3 431.3 427.4 423.7 418.7 416.1 412.8 409.8 406.6 401.4 395.9 392.6 388.3 382.7 376.3 371.6 368.2 361.3 355.4 350.7 344.5 339.4 330.9 315.5 308.2 310.8 317.7 320.6 319.7 319.4 318.6 318.4 317.6 314.9 311.2 307.3 303.8 301 298.2 295.9 293.5 291.5 288.7 285.9 282.1 278.5 275.2 271.7 268.1 264.3 263.1 261 253.9 244.5 235.1 231.4 230.1 228.7 224.9 222.7 222.4 217.3 219.6 216.4 223.7 227.4 229.2 230.5 228.5 227.6 227.6
451 449.2 446.7 443.6 441.4 439.1 436.6 434.3 430.3 426 420.5 414.2 410.7 405.4 403 393.7 393 379.9 377.3 378.4 375.4 370.7 366.9 360.7 353.7 342.3 336.1 329.7 329.3 320.3 318.1 326.4 330.9 329.9 327.3 324.8 324.1 322.8 321.9 320.5 316.8 312.1 308 304.4 301.3 298.3 295.6 292.6 289.8 287 283.5 279.8 276.1 272.3 269.5 266.2 263.7 259.9 251.5 240.3 234 229.9 228.2 227.9 228.5 226.4 225.4 223.8 223.9 233.7 238 238.4 237.5 235 233.4 231.8 229 229.3
449.3 446 443.8 441.1 437.8 434.9 431.9 429.4 422.4 418.3 408.4 397 392.5 388.4 389.4 391.1 385.1 389 384.1 372.2 366.3 356.1 352.8 348.4 345.4 343.6 336.8 334.8 334.1 338 340.8 338.1 335 333.2 331.9 329.8 327.9 326.3 324.7 322.1 317.4 312.5 308.6 304.7 300.6 297.5 294.5 291.3 288.2 285 281.4 278 274.7 271.3 268.8 264.1 255.2 246.9 239 236.3 233.1 232.2 234.3 239.1 236.5 232.7 238.7 239.3 239.1 240.7 241.2 240.7 239.6 238.2 236.1 234 231.9 231
446.7 444.9 442.2 438.4 438.2 436.1 432.8 430.7 427 419.4 418.9 414.1 406.4 409.6 408.5 404.3 399.5 394.4 387.9 383.1 375.9 371.2 367.1 363.5 359.2 355.6 352.7 349.8 347.3 344.9 342.8 341.1 338.6 336 334.2 331.7 329.9 328.4 326.9 322.4 317.6 312.8 308.3 303.9 299.7 296.3 293.2 290.1 287.2 284 280.6 277.2 273.9 270.5 267.1 259.8 245.2 240.3 237.1 239.2 243.7 247.4 246 243.7 245.1 238.8 242.5 241 242.3 243.2 243.3 242 241.3 240.2 238.6 236.6 234.6 232.7
450 447.8 445.9 443.9 442 439.7 437 433.6 428.5 423.6 417.3 412.4 416.1 414 409.8 404.2 399 393.9 387.9 382.3 377.6 373.3 369 365.1 361.2 358.8 354.6 351.8 350.3 348 346.2 344.1 341.5 338.7 336.3 333.5 331.9 330.4 327.5 323 317.8 312.5 307.4 303 298.6 295.1 292.1 289 286.4 283.4 279.9 276.4 273.1 267.7 258.3 245.6 240.4 242.5 244.5 251.5 253.6 252.2 249.9 247.4 245.6 244.9 244.7 243.9 244.6 245.4 245.3 244.1 242.9 241.9 240.5 238.3 236.4 234.5
451.4 449.3 447 443.9 442.2 439.7 436.7 432.6 428.6 423.2 421.8 420.2 417.9 414.4 409.6 403.8 398.4 393.3 387.9 383.5 379.8 375.3 370.3 366.8 362.9 359.8 357.3 355.6 353.7 351.4 349.2 347.2 344.5 340.9 337.9 335.5 332.9 330.3 327.2 322.4 317.2 311.9 306.7 302.2 297.8 294.1 290.9 288.4 285.5 282.7 279.3 275.8 268.9 258.5 246.2 240.3 248.8 251.7 252.9 256.3 258.2 255.1 251.8 249 247.4 247.4 246.8 246.4 246.8 247.5 247.3 246.1 244.9 243.5 241.9 240 238 236
452.8 450.7 448.1 445 442 439.7 436.1 432 427.1 424.8 425.3 422 418.8 414.2 409.1 403.9 399 393.8 389.4 385 381.3 377.5 372.5 369.3 365.5 363 360.9 358.7 357 354.8 352.6 349.7 346 342.2 338.9 335.6 332.6 329.8 326.4 321.5 316.5 311.4 306.1 301.4 297.3 293.5 290.2 287.7 284.8 282 277.3 268.7 258.4 247.6 243.3 253.7 258 258.9 261.3 262.8 260.9 257.5 254.1 251.6 250.5 249.8 249.1 249.3 249.6 249.9 249.3 248 246.6 245.3 243.2 241.1 238.9 236.4
453.2 452 449.1 446 442.9 439.6 434.9 430.4 429.9 428.9 426.8 423.4 419.3 414.5 409.5 404.5 399.7 395.3 391.2 387.2 383.3 379.7 374.8 371.7 368.6 365.7 363.6 361.5 359.9 358.1 354.7 350.5 346 342 338.6 335.5 332.2 327.9 323.7 319.3 314.8 310.3 305.5 300.6 296.5 293.1 289.8 286.8 284.1 278.6 269 257.8 247.5 246.1 255.4 263.7 262.7 264.8 266.9 265.9 263.4 260.5 257 254.6 253.4 252.7 252.1 252.6 253.1 253.4 252.5 250.8 249 246.7 243.9 241.8 239.5 236.5
455 453.3 450.4 447.3 443.6 440.5 437.5 434.1 433.2 430.9 428.3 424.4 419.2 414.8 410.2 405.2 400.5 397.2 393 389.2 385.3 381.4 377 374.1 371.3 368.3 366.3 364.3 362.7 360 354.7 350.4 346.2 342.1 337.8 334 330 325.5 321 316.8 312.2 307.7 303.3 299.6 295.6 292.2 288.5 283.9 279.2 269 252.4 248.9 248.2 255 264 270.1 270.4 270.3 270.5 268.1 265.6 263.1 260 257.7 256.9 256.4 256.1 256.4 256.9 256.5 255.8 254.1 251.1 247.9 244.6 242.5 239.6 236.6
456.2 454.4 451.6 448.9 445.7 442.9 439.3 437.5 435.6 432.7 429.7 424.3 419.2 414.7 410.3 405.9 402 397.9 394.1 390.7 387.3 383.4 379.2 376.5 373.8 371 368.6 366 363.2 360.3 354.8 350.3 346.1 341.2 336 332.1 327.5 323.1 318.6 314.2 309.8 305.9 301.9 298.3 293.9 289.9 285.3 280.2 272.9 258.1 251.6 261.2 261.5 269.7 278 278.7 277.5 275.9 273.3 270.6 267.9 265.3 262.8 261.3 260.4 260.1 260.1 260.5 260.5 260 259.4 256.7 254.2 250.5 245.8 242.6 239.4 236.3
457.6 455.5 452.9 450.2 447.6 444.4 441.1 440.4 437.9 434.5 429.8 424.5 419.2 414.6 410.6 406.6 402.6 398.7 395.2 391.8 388.4 384.9 381.4 378.2 374.9 371.7 368.8 366.1 363.3 359.3 354.9 350 344.7 339.4 334.2 329.7 324.9 320.4 315.9 311.4 307 304.2 300.3 296.5 290.1 285.1 276.5 267.7 257.5 252.3 262.5 266.7 276.6 282 283.3 284.2 282.6 280.7 277.9 275.3 272.6 269.9 267.7 266.4 265.3 265 265.2 265.9 265.6 265 263.4 260.2 257.4 252.9 247.3 242.5 239.1 236.2
459 456.9 454.3 451.7 448.8 445.3 444.4 442 438.8 434.8 429.8 424.5 419.5 415 411.1 406.9 402.9 399.5 396.2 392.5 388.8 385.1 381 377.8 375.4 372.1 369 366.3 362.5 357.9 353.3 347.7 342.4 336.9 331.5 327.4 322.8 317.5 313 308.5 304.1 300.7 297.5 293.1 284.8 276.2 260.2 256.6 253.2 265.5 271.9 277.1 286.3 287.5 288.8 289.3 287.6 285.4 282.6 279.9 277.2 274.9 273.4 272.3 271.7 271.3 271.1 271.3 270.6 268.8 267 264 260.4 256.4 249.7 244.8 239.7 236.3
460.5 458.3 455.9 453.3 450.2 448.4 446.2 442.9 439.3 434.9 429.7 424.5 420.4 415.7 411.2 407.1 403.4 400 396.3 392.6 388.9 385.3 380.7 376.5 374.2 371.9 369.3 365.7 361.1 356.5 351 345.3 339.8 334.3 328.8 324.4 320 315.3 310.4 305.6 301.2 294.8 288.1 283.3 271.8 263.5 257 261.4 271.2 284.5 285.9 290 291.1 292.5 293.8 294.1 292.4 289.3 286.6 284.5 282.2 280.3 279.3 278.7 278 277.6 277.4 277 274.5 272.4 270.6 268 264.3 258.3 252.3 247.2 242.1 237.2
