data/370000-490000.asc
ncols 200
nrows 200
xllcorner 370000
yllcorner 490000
cellsize 50
[rows 105 to 139 of 200, columns 0 to 77 of 200]
258.9 263.2 266.5 269 270.5 271.5 271 265.8 271.8 275.2 272.9 283.9 294 299.9 308 313.4 319.7 324.6 327.1 329.7 333.6 336.8 341 346.2 351.6 357 360.7 363.8 366.4 370.2 373.9 378.4 381.9 387.5 393.1 397.6 404 413.4 420.8 428.6 436.1 444.1 450.7 457.8 463.5 467.2 470.3 473.5 476.5 479.5 482.5 484.8 488.7 493 497.5 502.9 508 512.9 518.4 523.8 528.1 532.7 537.7 541.8 543.9 545.7 544.9 544.4 542 540.2 536.2 530.7 520.8 507.4 495.4 486.5 474.9 463.8
256.6 261.7 265 266.2 268.1 268.3 266 261 270 265.8 279.7 288.4 293.3 304.3 313.2 320.4 325.8 328.2 326.3 331.1 334.4 337.2 342.2 347.3 353.4 358.9 362.8 366.1 369 371.8 374.9 379.6 384.2 389.8 395.3 400.3 410.8 420.7 429.4 437.1 443.7 450.5 457.5 463.5 467.5 470.4 472.7 475.1 477.5 480.1 483.8 488.5 492.4 497.3 502.1 507.3 512.3 518.5 524.1 529.5 533.9 538.5 543.6 547.9 550.6 553.7 552.2 552.7 551.3 548.2 543 537.1 527.6 516.6 505.6 493.4 483.6 473.5
256 260 262.1 262.2 263.4 263.6 261.4 257.2 260.1 270.7 278.7 286.9 297.8 309.1 317.5 325.1 327.3 324.8 327.1 331.9 334.5 338.8 344.1 350.1 357.1 360.6 363.9 367 370.2 372.8 377.8 382.6 387.4 392.5 399.1 409.2 418 427.4 436.2 444 450 457 463.9 467.9 469.2 471.8 474.1 476.5 478.7 482.4 486.8 491.4 496 501.5 506.7 512.9 519.1 524.3 529.7 533.1 541.9 547.1 549.1 554.7 558.2 560.8 560.4 559.5 560.8 555.4 551.9 545.4 534.1 523.3 511.6 500.9 493 486.7
255.6 257.1 256.1 259.2 260.6 256.5 251.9 252.8 259.7 269.3 278.6 289.9 304.1 311.5 318.8 323.7 322.2 322.5 328 331.7 336.7 341.9 346.3 353.6 358.9 361.8 364.9 368 371.1 375.4 380.3 385.4 390.7 396 405 415.1 424.7 434.1 442.1 449.8 456.3 462.3 467.1 468.7 469.8 471.4 474.2 476.9 481 485.5 489.9 494.8 499.6 505.7 512.3 519.1 526.4 532.2 537.7 542.9 548.3 556.5 559.5 558.2 565.3 567.2 567.2 565.6 567.5 566.7 564.5 555.2 542.5 531.5 519.9 510 499.7 491.9
250.9 252.4 251.6 257.6 252.3 246.2 251.3 260.6 272.5 279 288.7 298.7 308 310 317.9 319.7 318.1 324.6 328 332.9 339.2 343.6 348 356 360.1 363.4 365.9 368 372.2 377.2 382.2 387.1 392.2 400.9 410.8 421.1 430.5 439.2 447.2 454.5 461 466 466.4 467.1 468.6 471.6 475.3 479.1 483.6 488.6 493.2 497.9 503.4 510.4 517.3 526.1 533.6 539.7 545.6 552.1 557.7 562.8 568.5 568.9 574.1 575.9 576.1 576.2 577.5 576.6 574.1 566.3 549.6 537.1 526.6 518.1 508.9 498.6
247.3 248.6 250.9 253.7 242 255.3 262.2 264.4 277.3 283.7 291.5 299.1 304.8 307.9 314.7 309.4 319.6 324.5 327.9 335.9 340.8 345.3 349.7 357.5 361.3 363.9 365.8 369.8 374.3 379.1 384 388.9 396.3 406.2 416.8 426.3 435.4 443.6 451.4 459.1 463.9 464.4 464.6 466.9 470.1 473.6 477.4 481.7 486.1 490.9 496.4 501.9 508.3 515.2 524.5 533.5 541.1 547.2 554.4 561.6 566.1 569.8 575.6 578.2 580.7 581.8 584.3 584.9 585.1 583.1 579.1 570.7 561.8 549.1 537.4 525.4 516.5 507.3
243.5 240 245.9 238.7 254.4 263.5 270.8 263.8 278.7 284.4 291.9 294.6 296.6 302.1 307.3 317.2 320.8 324.6 330.6 337.2 341.4 345.7 351.6 357.8 361.7 364.1 366.8 372.2 377 381.4 386 392 401.6 411.1 421.3 431.2 439.4 447.2 455 460.6 461.8 461.4 464.6 468.2 471.7 476.2 481.2 486.6 491.5 496 501.3 507.8 514.7 522.8 531.7 540.9 548.8 556.2 563.1 568.9 573.6 578.5 582.9 586.8 590.2 589.9 590.6 592.6 591.2 589.2 586.5 582.5 575.4 562.1 551.5 536.6 522.9 514.2
236.7 234.6 232.2 250.2 261.4 269.4 276.3 277.4 274.7 276.1 283.1 292 298.4 308 313.8 317.3 320.7 325.4 332.3 336.2 341.8 347.5 353.6 357.9 361.3 365.1 368.5 373.9 379.3 384.1 388.6 395.5 405.2 415.5 425.4 434.4 441.7 449.7 456.2 458.5 458.4 461.1 465.7 470.1 475.3 480.2 485.3 490.9 496.9 501.7 506.8 514.1 522.4 531.1 539.6 548.1 556.6 564 570 575.6 580.7 585.8 589.4 593.3 596.6 596.9 595.5 594.1 594.4 594.6 592.1 589.1 582.1 572 558.2 545.9 530.6 519.6
219.1 232.4 245.9 256.9 266.3 273.8 273.9 278.6 284.6 288 290.6 297.4 305 307.6 312.5 317.1 319.5 323.8 329.1 337.6 341.4 347.5 354.4 357.7 361.2 365.1 370.3 375.7 381.1 386.5 391.4 400.1 409.9 419.4 428.9 436.5 443.7 451.7 455.2 454.8 457.7 462.6 467.7 473.1 479 484.1 489.4 495.8 502 507.9 512.9 520.8 529.1 538.4 546.6 555 563.7 570.9 576.7 583.8 589 593.4 596.1 596.2 598.4 599 597.8 596.3 597.8 598.8 597.2 592.5 585.2 576 562.6 554.1 541.1 527.5
235.4 243.1 251.9 260.8 269.9 271.8 273.2 282.1 289.8 291.7 295.4 303.4 307.8 311.5 314.6 318.5 321.4 322.1 332.8 337 341.1 340.8 352.7 356 361.1 366.1 372.2 377.5 382.8 388.2 395 403.8 413.3 422.7 430.8 437.6 444.8 450.8 451.2 454.1 459.8 465.7 471.2 477 482.3 487.8 495.3 501.9 508.3 513.1 519 526.5 537.2 546.2 555.5 564.6 572.9 581.7 588.3 593.1 596.5 599.6 599.4 598.9 599.8 601 601.1 599.2 600.5 603.5 602.2 596.5 589.2 580.6 571.6 558.8 549.5 536.8
243.3 250 256.1 263.4 268.9 268.6 279.1 288.2 289.7 292.6 300.2 304.4 307.2 311.2 314.6 318 313.4 323 333.9 339.5 346.2 351.1 354.5 356.1 361.1 365.5 372.1 378.6 384.4 390.7 397.7 407 416.3 425 431.9 439.3 444.2 444 450.9 457.9 464.1 469.1 474.7 479.4 485.4 493.3 501.5 507.9 513.3 518.6 526.6 534.8 545.7 555.9 565.5 575.9 583.7 591.3 597.2 599.3 601.8 604.4 604.4 604.1 604.2 603.8 603.7 604.6 605.5 608.3 605.5 599.1 591.2 580.7 571.3 565.1 554.3 543.9
244.3 249.7 255.3 259 264.3 273.1 284.4 287.3 289.5 295.8 300.8 304 308.1 311.4 313.7 310.5 315.9 330.3 335.7 342 346 350.7 355.1 359.3 363.9 368.3 370.2 376.2 381.1 392 400.2 409.3 418.2 426.1 432.9 435.8 437.4 449.5 455.6 461.2 467.2 473.1 478.1 483.9 491.6 499.2 505.3 512.2 517.7 526.1 534 544.7 555.6 565.1 574 583.3 591.3 597 600.8 603.9 606.6 608.6 608.4 609 609 609.5 610.1 612 614 610.9 607.9 602.2 595.6 585.2 576.7 567.9 558.1 548.1
250.3 252.7 255.8 261.8 269.4 276.9 283.8 285.9 291.2 296.9 299.3 304.3 308.6 308.6 306.1 312.5 324.2 331.5 337.7 341.9 347.5 351 355.5 361.8 367.5 372.2 377.2 383.2 389.1 392.8 394.4 408.9 416 417.4 420.7 433.9 446.2 453.7 459.4 465 470.8 475.7 480.7 488.1 495.2 501.9 508.1 516 525.5 533.4 544.8 555 564 574.1 583 591.2 595.7 598.2 601.2 606.1 609 609.9 610.7 611.9 612.8 612.8 614.1 615.9 616.1 611.9 609.4 604.5 598.2 588.9 579.9 571.3 562.2 552.3
257.7 255.1 260.3 265.9 273.4 279.1 282.1 285.8 292.1 294.6 294.5 295.8 299.6 306.3 311.4 322.6 328.4 333.8 338.4 342.1 347.2 352.5 358.6 363.9 369.4 375.7 381.1 386.8 392.9 400 408.2 410.3 420.9 427 435.4 443.8 450.9 456.8 462.5 468.1 473.8 478.5 483.7 490.9 497.5 505.4 513.3 523 532.2 544.3 554.4 564.5 574.6 582 589.8 596.3 597.6 599.3 602.8 608.7 610.4 611.3 613.3 616.4 617.6 616.6 616.3 616.9 616.4 613.2 610 604.9 599.7 590.2 581.5 573.5 564.6 555.2
264.3 259.1 267.2 271.3 275.8 277 277.8 285 281.2 283.3 288.7 299.8 310.3 315.9 318.2 321.6 326.8 333.4 338.2 343.3 348.6 354.9 361.2 366.4 371.8 378.3 384.1 389.7 395.9 403.8 411.4 416.8 422.9 430.8 439.5 448.3 453.3 459.1 464.3 469.2 475.5 481.1 486.6 493.1 500.5 508.8 518.3 529 540 552.5 563.5 574.9 584.2 593.1 600.4 601.5 603.1 604.9 605.8 609 611.2 613.7 617.8 621.9 622.1 619.1 617.4 618.1 616.8 613.4 609.2 604.4 598.6 589.4 582 573.4 564.7 555.7
264.6 270.6 273.4 269.2 272.5 273.1 276.4 272.9 293.4 302.4 306.4 309.8 314.1 318.8 323.8 328.6 333.5 337.3 340.5 345.7 351.5 357.4 363 368.3 373.9 380.4 386.2 392.5 400.2 407.1 412.5 418.8 425.7 435.3 442.1 450.2 455.4 460.2 464.9 470.4 476.3 482.2 489 496.5 504.6 512.8 523.3 535.1 546.8 559.6 574.5 584.6 596.3 603.5 606.8 607.5 608.7 610.1 611.4 615 618.1 620.8 622.1 623.6 622 619.3 619 618.3 615.7 611.9 606.9 602.9 596.5 589 581.3 573 564.5 555.3
271.7 273.9 264.9 261.7 264.8 271.8 282.7 294.7 303.9 307.9 310.4 312.8 315.8 321 326.1 331.2 336.1 339.1 342.3 347.9 353.9 358.8 364 369.3 374.9 381.2 389.4 396.8 404.3 410 415.7 421.4 431.4 440.3 446.1 450.9 455.2 460 465.6 471.5 477 484.2 491.5 499.9 507.6 518.1 528.5 539.3 552.3 566.8 580.4 595 602.6 605.7 608.6 612.5 616.9 619.5 622.5 624.2 624.7 626.6 627.6 625.8 623 620.9 620.3 617 613.6 609.4 604.1 599.2 591.8 586.1 579 570.5 561.9 553.8
271.8 264.8 254.7 271.3 277.3 284.3 292.3 300 307.6 312.2 312.5 314.9 320.2 325.2 329.4 334.2 338.6 339.2 343.5 348.8 354.5 359 363.5 368.5 374.9 383.5 393.2 399.8 405.3 412.1 419.3 426.2 435.3 442.1 444 449.2 454.4 459.6 466.4 472.9 478.7 486.5 493.5 501.5 509.3 521.2 533 543.5 556.6 571.3 585.4 599 605.7 610.4 615.5 621 626.3 628.6 629.8 629.9 629.5 630.1 631.1 627.4 623.7 621.7 617.6 614.3 611.1 605.8 600.4 594.2 586.9 581.7 574.8 567.6 559.1 551.7
266.4 253.5 267.7 275.9 281.2 287.3 294.4 301.9 309.2 312.3 313.6 318.6 323.9 327.8 332.8 337.3 339.2 339.1 344.2 349 354.1 357.8 362.4 367.4 377.1 386.4 394.7 400.4 405.8 412.5 420.6 428.4 436.8 439.1 442.2 447.3 454.1 460.4 466.5 473 480.6 488.9 495.6 504.9 515.1 524.9 537.2 548 561.9 577.1 591 600.9 609.2 616.6 623.9 629.5 631 631.9 632.6 632 630.7 632 629.5 628.2 624.9 620.9 615.9 611.1 606.2 600.4 594.4 587.3 581.5 574.5 568.4 561.4 555.2 546.5
259.7 253.3 271.2 278.8 284.7 290.5 296.9 305.1 312.5 311.7 314.4 320.6 326.6 329.9 336.3 339.4 339.2 338.7 343.3 347.3 351.6 356.5 361.4 367.3 376.9 385.6 393.5 399.4 406.2 414.4 423.6 431.1 433.3 435.9 440.7 446.9 453.2 460 467.6 475.1 483.9 490 498.1 508.1 516.6 527.1 539.7 551 566.3 582.7 595.9 606.2 616 624.1 628.3 630.3 631.9 633.2 632.5 630.5 630.1 630.1 629.8 626.6 622.4 618.2 612.9 605.8 599.1 593.8 587.8 581 575 567.6 560.6 554 546.5 536.2
250 253.8 272.8 283.5 288.6 294.3 301.4 309 312.6 311.4 316 322.7 328.3 332.6 336.7 338.3 337.1 338.5 342.2 345.9 349.5 354 360.4 368.1 375.8 383.8 391.8 399.8 407.3 416.4 425.2 428 427.9 433.3 439.7 446.3 454.3 461.3 468.9 477.7 484.4 490.7 501.2 510.2 518.1 530.2 544.6 558.3 571.2 587.2 601.5 613.8 624.6 627.7 629.1 630.9 634.1 635.4 634.6 630.1 630.1 630.7 628.1 623.9 619.7 615 608.8 600.2 591.5 585.9 580.5 574 567.8 561.1 552.9 544.6 534.9 521.4
242.4 263.2 276.9 283.4 290.1 297.7 305.7 311.8 311 311.6 318.2 323.9 330.5 334.3 336.3 336.1 336.3 338 340.8 344.2 346.4 350.1 359 366.6 373.9 382.8 390.9 399.6 408.5 417 420.9 422.8 424.2 430.7 440 448.7 455.8 461.7 470.3 477.6 484 493.7 505 513.9 524.3 535.1 549.9 561.2 575.8 591.9 606.4 620.4 628.7 630.3 631.4 636.6 636.7 636.8 635.5 631.3 630.7 631.8 626.9 621.6 617.8 614.1 607.4 597.9 588.4 578.9 571.5 564.6 559.2 553 545 534.7 522.7 510.1
250.2 270.7 277.5 284.3 292.4 299.5 304.7 310 309 312.1 317.1 322.5 329.4 333.2 334.9 334.4 336 338.7 340.3 341.8 343.5 348.2 354.5 363.2 373.2 382.8 391.6 401.1 407.9 414.3 413.8 419.1 428.1 436.7 443.1 449.4 457 464.1 471 478.5 486 497.1 508.1 518.9 528.5 540.8 551.1 563.8 576 592.7 609.7 624.6 631.1 632.6 634 636.7 636.4 636.9 635.6 631.8 631.3 631.3 626 619.7 616.6 613.4 606.5 598 587.4 576.7 564.1 551.7 548 542.7 536.1 524.7 510.6 493.4
259 271.3 278.7 285.3 291.8 297.6 303.8 307.6 306.5 310.1 314.4 318.5 326.5 331.2 332.8 333.2 337 339.9 338.1 339.3 342.4 347.7 355.7 364.4 373.6 384.7 393.8 401.4 406.5 408 418.1 424 431.3 438.3 444.2 449.6 457.4 466.5 473.1 479.8 488.4 500.1 511.1 521.2 530.7 541.9 551.9 563.3 578 595.9 613.3 625.5 631.3 632.8 633.9 635.3 636.7 637.6 635.8 632.9 630.7 630.7 625.2 617.9 615.1 611.2 605.4 598.4 587.2 576.1 566.6 553 540.2 525 522.5 511.5 491.9 474.1
258.2 268 273.9 279.9 289.3 297.8 304.5 302.1 303.5 306.8 311.4 316.4 324.3 330.7 333.1 332.4 336.2 336.6 335.9 336.8 342 347.4 353.3 361.9 372 382.8 385.1 394.9 405 414.6 421.3 426.3 432.3 437.7 444 450.9 459.5 468.4 476.9 484.3 492.3 502 512.5 519.8 532.2 541.5 551.3 563.8 582.1 598.1 612.4 622.6 631.1 632.9 634.2 636.4 637.4 637.3 636.6 633.2 631.2 630 624.4 618.6 615.2 609.5 603.5 597.2 587.7 578.1 568.5 557.6 543 524 503 495.9 473.7 480.9
258.2 265 270.5 277 288.2 296.1 299.1 295.2 300.8 303.3 307.5 315.1 323.4 331.6 336.4 332 335.3 334.5 332.2 339 344.3 349.3 354.8 364.7 374.2 384.2 392.7 400.5 408 416.7 421.6 425.8 431.2 437 443.7 450.9 461 469.2 478.8 486.9 494.5 503.6 512.3 520 532.7 544.3 551.6 565.4 584.9 600.3 611.6 620.8 630.7 633 635.6 636.6 637 637.6 635.9 633.3 631.8 629.7 625.2 618.8 614.8 609.6 602.6 595.7 586.9 578.3 568.8 558.6 546.3 530.3 510 484.5 485.3 494.3
253 257.9 264.4 277.7 287.6 293.4 291.2 290.1 293.6 297.9 305.1 315.7 324.4 332.3 335.4 334.8 330.7 331.1 334.3 339.3 344.2 349.4 354.2 364.3 374.1 382.6 392.3 401.3 409.1 415.7 419.7 424.6 430.4 436.9 443.9 452 462.6 469.7 478.6 487.4 495.9 504.8 514.2 522.5 533.4 546.4 553.6 567.5 584.8 601.2 613.3 622.9 630.4 632.4 636.4 636.9 637 637.6 634.1 631.2 629.6 627.6 622.5 618 614.5 608.1 600.7 593.6 586.1 577.6 566.1 554.9 539.2 522.2 501.1 479.3 496 503.2
246.9 254.4 264.8 277.5 287.4 288.5 284.1 283.8 286.3 298.4 306.4 313.1 322.7 330.8 333.5 330.3 320.8 325.7 330 337.5 344.8 350.3 354.5 363.2 373 382.5 392.1 401 408.1 413.3 418.1 423.5 430.5 437.5 444.9 452.9 463.7 471.9 479.2 487.4 496.3 504.8 513.1 525.3 536.9 547.5 557 567.3 585.2 601.9 615.6 624.4 629.5 634.3 636.7 637 637.1 637 634.2 629.5 627 625.4 619.5 616.6 613.8 606.6 599.9 592.7 585.3 573.3 564.4 545.8 528.5 516 493.5 494.9 506.6 513.1
247.4 257.1 267.2 277.5 282.9 283 279.7 276.1 288.6 299.2 305.6 314 321.9 327.6 327.7 316.7 334.1 338.7 335.8 335.3 345.3 350.7 354.6 361.6 369.8 380.9 391.3 399.9 406.4 411.4 415.8 422.4 431.1 438.2 447.5 455.3 464 472.2 478.7 486.9 496.2 504.2 512.5 526.5 538.4 548.5 557.4 569.7 585.6 601.3 615.1 623.6 629.8 633.4 635.3 636.9 637 636.7 633.4 629.2 627.6 625.6 619.7 615.1 612.3 605.7 599 591.8 582.4 569.7 556 536.9 521.7 507 495.4 512.3 519.3 523.8
249.7 259.8 269 275.5 277.4 276.5 274.5 275 288.4 299.2 306.9 313 316.8 320.8 313.5 326.8 341.2 343.3 339.1 339 341.5 345.8 352 358.7 367.8 379.2 389.5 398.1 403.6 409.1 415.7 423.4 432 439.4 449.4 457.3 465 472.4 478.9 488 496.9 504.7 513.7 526.6 539.8 549.7 557.1 568.3 581.9 598 613.1 622 626.9 629.6 634.3 636.1 636.3 634.1 630.9 629.8 628.5 625.1 620.2 615.3 610.3 605 598.5 590 579.5 563.5 543.2 525.3 509.1 498.7 516.5 523.5 529.7 533.9
252.1 260.8 270.4 267.3 268 268.7 267.5 276.9 290.8 296.3 299.3 306 307.8 300.7 321.1 333.2 338.9 339.6 340.1 341.1 347.2 353.3 355.5 358.6 365.3 374.8 385.5 393.6 401.7 408.5 416.4 424.1 433.5 441.4 450.1 458.2 466.1 473.2 480.3 489.4 497.4 504.5 514.3 527 540.1 549.7 557.5 566.7 579.1 595.1 609.1 617.7 624 628.1 632.2 634.8 634.8 632.6 631.2 629.7 626.6 624.1 619.2 613 607.5 603.1 596.9 588.5 577.1 557.2 535.3 521.9 504.4 519.1 526.3 534.1 540.9 544.4
244.8 249.3 248.5 243.7 254 260.5 267.9 280.8 286.4 279.5 291.7 294.1 301.9 311.6 322.9 328.9 335.1 338 342.6 344.5 349 354.3 357.7 361.5 368 378.5 388 394.4 402.2 409.9 418.5 425.9 434.1 442 449.2 457.3 467 473.5 480.3 488.4 496.5 504.6 513.7 526.8 539.9 547.9 556 564.4 576.6 588.7 602.8 613.3 621.1 626.6 630.4 633 633.8 633.6 631.4 628 626 623.2 618.5 612.2 605.5 601.2 595.1 586 572.8 549.6 531.8 517.5 516.8 527 537.1 543.8 550.5 556.1
242 239.5 247 258.6 255.6 256.2 265.3 271.4 270 287.5 300.3 304 309.7 311.6 316.5 324.7 331.7 336.6 344 346.9 350.8 356.7 359 363.1 372.2 380.6 388.6 396.7 404.2 411.7 419.2 426.5 434.4 441.3 449 456.5 465.6 473 480 487.3 495.1 504.3 513.3 525 538.1 546.8 553.9 559.8 571 584 598 610.2 620.1 627.8 631.9 633.8 635 634.3 630.9 626.8 625.9 622.8 618.5 612.3 605.6 597.9 589.8 579.3 564.9 541.6 528.7 513.8 525.9 536.9 546 552.7 558.6 562
256 252.1 259.5 262.9 260.1 266.9 270.3 273.6 278.3 286.5 295.6 301.7 306 310.4 316.5 321.4 324.7 331.8 338.5 344.4 351.6 356.9 360.5 367.4 374.9 381.9 390.5 398.4 405.6 412.8 419.8 426.6 433.2 440.4 451.2 457.5 463.9 471.1 478.3 485.9 493.1 502.7 512.6 523.4 534.8 544.1 549.1 555.3 568.1 582.2 595.7 609.7 620.4 628.9 632.5 633.9 635.1 634.5 631.4 628.4 626.1 621.9 618.3 612.1 602.7 589.9 578.9 570.9 556.3 537 524 526 538.8 546.3 555.2 562.2 566.5 569.6
259.3 262.1 263.6 265.8 261.6 264.1 271.9 280.7 284.8 290.4 297 302.1 308.4 315.2 317.4 318.9 325.6 329 335.9 343.1 350.5 356.4 362.8 369.4 375.3 383.9 393.5 399 404.6 411.5 419.2 425.7 434.4 442.1 449.7 457.6 464.1 470.3 477 483.8 492.1 501 510.2 520.9 530.3 537.3 544.1 555.8 568.7 581.9 595.1 608.3 618.9 625.7 630.1 633.9 636.2 635 631.9 628.7 625.7 622.3 618 610.2 598.7 581.5 569.2 556.6 541.8 529.8 524.9 539.9 548.6 555.8 565.5 570.6 574 577.4
