data/370000-100000.asc
ncols 200
nrows 200
xllcorner 370000
yllcorner 100000
cellsize 50
[rows 35 to 69 of 200, columns 78 to 155 of 200]
86.5 92.1 97.4 103.7 107.4 107.3 106.4 105 102.6 102.1 100 99.7 98 96.8 96.2 95.6 96.2 96.9 97.6 99 101.3 102.8 104.2 104.4 103.1 101.5 99 99.8 99.9 102.1 101.9 100.5 99.1 98 97.6 95.7 93.6 91.3 88.3 86.3 87.2 88.2 89.7 91.7 93.7 95.6 96.4 94.6 91.9 90 88.3 88 88 89.6 91.3 93.6 95.9 100.9 106 108.9 108.8 107.5 105.5 103.5 101.5 99.5 98 97 95.6 94.5 93.4 92.5 92.1 91.8 91 89.8 88.5 86.4
84.4 88.7 93.4 99.7 105.8 107.1 106.4 104.6 102.6 102.8 101.7 99.9 98.3 97.3 96.6 96.5 97.4 98.5 100.5 101.9 103.6 105.5 107 106.7 104.8 102.7 101.4 100.1 100.4 101.7 101.5 100.9 100 97.3 95.9 94.9 92.8 90.6 87.4 88.1 87.6 87.4 89.2 91.2 93.6 96 97.3 96.5 93.5 90.9 89.5 89.3 89.4 89.7 91.4 93.2 96.7 102.6 107.5 109 108.7 106.8 104.6 102.3 100.7 99.2 98.3 97.4 96.3 94.7 94.3 93.6 93.2 92.6 91.5 90.3 89 87.4
83.2 85.9 90.2 95.7 101.5 106.1 106.8 106.4 103.7 102.2 101.9 100 98.1 97.1 96.5 97.2 97.9 100.7 101.8 104.3 106.5 108.1 108.4 107 106.1 104.7 103.9 103.1 102.3 102.6 101.6 100 98.3 96.2 94.3 93.2 91.5 89.7 87.3 88.8 89.1 88.2 88.8 90.4 93.5 96.3 97.6 97.6 94.8 92.3 90.7 91 91.1 91.1 91.3 93.4 97.2 103.4 108.9 109.1 108.7 106.1 103.7 101.8 100.4 98.9 97.7 96.6 95.2 94.5 94.5 94.3 93.9 93 91.9 90.7 89.4 87.6
83.7 85 88 92.3 97.4 103.5 105.8 105.1 102.6 100.8 99.1 98.6 97.7 96.3 96 96 96.7 99.3 101.1 103.3 105.7 108.4 108.7 107.6 107.6 107.2 106.6 106.2 104.7 103.4 102.5 100.3 98.7 95.6 93.1 91.4 90.2 88.7 88.8 89.5 90.3 90.2 88.6 90.3 92.2 95.3 97.6 98.3 96.4 94 92.3 92.6 92.8 92.9 92.9 94.1 98.6 105.6 110 110.3 108.2 105.6 103.2 101.7 100.6 99.7 98.1 96.4 96 96 95.4 94.9 94.4 93.3 92.2 91.2 89.6 88.6
84.8 87.3 89.2 91.3 95.2 101.1 103.7 103.1 102.3 100.8 100 98.9 97.6 96.8 95.1 94.9 94.8 97 98.8 101.1 103.1 105.3 106.6 107.9 109.3 110.3 110 109.3 107.6 106.7 105.2 103.5 100.6 97 93.7 91.8 90.1 89 89.8 90.5 91.6 92.4 89 89.5 91.2 94.2 96.8 97.6 98.3 96.4 95.6 95.7 95.4 94.5 94.3 95.8 100.8 109 111.4 110.2 108.4 105.9 103.5 101.7 100.7 100 98.7 98 97.8 97.3 96.4 95.7 95 94 92.9 91.7 91.1 90.1
85.6 88.8 92.3 94.3 94.8 97.8 100 99.9 98.8 97.5 96.5 95.5 95.8 94.5 94.4 94.3 94.5 93.3 95.2 96.5 97.8 99.3 101.3 104.6 107.2 110.5 111.6 111 109.1 107.7 105.2 104.5 101.3 98 94.5 93.1 90.7 89.7 90.3 91.2 92.4 93.4 92.2 90.3 90.8 92.6 95.1 97 98.8 99.6 100.1 100 99.2 97.9 96.5 97.3 103.2 110.3 111.4 109.8 108 106.1 104 101.9 101.3 100.8 100.2 99.6 98.9 98.3 97.1 96.3 95.6 94.8 93.8 92.4 92 89.9
85.5 87.1 89.7 91.6 93 93.7 94.5 94.5 93.5 92.5 91.2 89.8 91.6 91 90.8 90.5 89.9 90 90.9 91.9 92.4 94.4 96.8 100.1 102.5 106.3 110.4 111.6 110 106.6 103.5 101.8 99.3 96.9 94.8 93.5 91.5 90.1 90.8 92 93.1 94.1 93.2 92.2 91 92.7 94.4 95.7 97.9 98.5 100.2 101.9 103.3 102.7 101.6 100.8 106 110.6 110.5 109.5 108.5 106.5 104.5 102.7 102 101.5 100.9 100.3 99.9 99.3 98.3 97.2 96.4 95.7 94.7 93.1 92.5 90.4
81.7 82.5 85.1 87.1 88.1 89.1 88.9 89 89.5 87.7 87.1 87.4 87.2 87 87.3 87.8 87.6 87.2 88.1 89.7 91.4 92.5 95 96.8 99.2 103.2 108.6 111.8 110.6 107.5 105.4 104 101.5 98.2 95.6 93.8 92.3 90.6 91.4 92.4 93.5 94.4 93.7 92.6 91.5 92 95.7 97 97.6 98.5 100.2 101.9 103.4 103.8 105 106.4 108.5 110.4 109 108.2 107.4 106.6 105.6 103.8 102.7 102.2 101.4 100.7 100.3 100 99.6 98.3 97.6 96.9 95.3 93.7 92.1 92.2
81.5 82.1 82.6 83.6 85 85.4 84.9 85.6 85.7 84.4 84.4 84.4 84.7 85.1 85.7 86 86.8 86.5 87.4 89.1 91.2 94 96.9 98.7 100.6 104.2 108.7 111.1 110.8 110.2 108.6 106.5 102.6 98.8 96.1 94.1 92.1 91.7 92.8 92.9 93.5 94.3 95 93.9 93.1 92.3 95.2 97.3 98.5 99.2 100.4 101.8 103.4 104.9 107.3 107.9 108.6 108.9 108.5 107.9 107.1 106.4 105.5 104.6 103.7 102.9 101.9 101.1 100.7 100.3 99.9 100.1 99.1 97.9 95.8 93.8 93.6 93.4
81.8 82.4 82.5 82.6 82.5 83.1 82.8 83 83.6 84.2 84.8 85.2 85.4 86.2 87 87.5 87.7 87.3 87.6 88.9 91.4 94.1 97.1 100.4 103.8 105.6 108.4 109.4 110.3 110.6 109.7 107.6 103.9 100.5 97.6 95 92.7 92.8 93.9 93.9 94.3 95.1 95.1 95.2 94.7 93.4 92.7 97.4 99.4 99.9 101.1 102.3 103.8 105 106.3 107.4 107.8 108.3 108.4 108 107.2 106.4 105.6 104.7 103.8 102.9 101.4 101.5 101 100.5 100.1 100.6 99.5 97.9 96.2 93.4 95 94
82.2 82.4 82.5 82.5 82.6 82.4 82.9 83.3 84.3 85 85.7 86.6 87.3 88 88.5 89 89.3 88.5 88.3 88.2 91 94 97.1 100.1 102.9 104.4 105.6 106.1 107.2 108.8 110.1 107.8 105.8 102.9 98.6 95.2 93.3 93.9 94.9 94.8 94.8 96 97 97.2 96.3 95.5 93.6 94.7 98.4 100.1 101.6 102.6 103.9 105 106.2 106.8 107.5 108 108.4 108.1 107.2 106.4 105.6 104.7 104.5 102.9 102 101.4 101.3 100.6 99.9 99.3 99.3 97.1 94.9 96.2 96 95
82.9 82.4 82.4 82.5 82.6 82.7 83.1 83.4 85 85.6 86.3 87.1 89.1 89.2 89.2 91 90.5 90.9 88.8 88.4 90.1 93.3 96.2 98.6 100.9 102.1 102.8 103.1 103.9 106.2 108.5 108.6 107.2 104.8 100.8 97.2 95.1 95.7 96.2 95.7 95.1 96.8 97.9 98.3 97.8 96.6 95.8 94.8 95.5 98.7 100.6 101.6 102.3 104.3 105.7 106.4 107.2 108.2 109.1 108.4 107.4 106.5 105.5 105.5 104.7 103.8 102.9 101.9 101.2 100.3 99.3 98 97.1 97.5 97.4 97.5 96.9 96.4
84.2 83.6 83 82.7 82.7 82.7 83 83.2 84.1 86.2 86.9 87.6 88.9 89.6 90.3 91.7 91.5 91.4 89.9 88.9 89.6 92.3 94.8 96.6 98.5 99.4 99.9 99.9 101.8 104.3 106.7 109.1 108.3 106.1 102.3 98.1 96.9 97.1 97.7 96.6 95.5 97.3 98.8 99.5 99 97.8 97.2 96.7 95.4 97 99.1 100.1 101 102.6 104 105.7 107.6 108.8 109.8 109.3 108.4 107.5 107.6 107.9 106.8 105.5 104.2 102.9 100.8 99.9 98.5 97.9 97.7 97.5 98.8 98.7 98.2 97.6
85.6 84.9 84.3 83.7 82.9 83 83 83.1 83.2 85.1 87 87.9 88.8 89.5 90.3 91.3 91.8 92.1 91.2 90.2 89 91 93.4 95.2 95.5 96.2 97.8 99.1 101.3 103.3 105.6 108.2 108.3 107.1 103.1 99.7 99.1 98.5 99.1 98 96.5 97.2 99.3 100.6 100.4 99.2 98.7 98 96.6 96.3 97.4 98.5 100 101.1 102.5 104.1 105.9 107.7 109.3 109.5 109.4 109.1 108.7 108 106.8 105.2 103.6 102.1 101.1 100.4 100.1 99.5 98.3 98.7 99.3 99.7 99.7 98.7
87.6 86.6 85.8 84.8 83.8 83.2 83.3 83.4 83.4 84.4 86 87.9 88.9 89.6 90.5 91.3 92.1 92.6 91.7 91 89.8 89.4 91.6 93.3 93.6 95.3 97.4 98.8 100.9 102.2 104.5 106.9 108.2 108 104.3 102.1 101.4 100.8 100.5 99 97.6 97.2 99.2 101 101.3 100.8 100.1 99.2 98.1 96.4 97.1 98.9 99.8 100.2 101.3 102.8 104.6 106.4 107.9 109.7 109.8 109.5 108.7 107.7 106.6 105.2 103.6 103 102.1 101.4 101.4 100.9 100.5 100.2 100.4 101.3 101.3 100.7
89.5 88.3 87 85.9 84.8 83.8 83.5 83.6 83.6 84.4 85.9 87.8 88.8 89.7 90.5 91.3 92 93 92.7 91.9 90.9 90.6 90.2 91.6 93.1 94.7 96.4 98.4 99.3 101.7 103.9 106.2 108 108.5 106.2 104.6 103.7 103.1 102 100.5 98.6 97.5 100 102.6 102.7 102.2 100.9 99.9 98.8 98.1 97.5 99.2 100.3 101.2 102.9 103.9 104.8 106 107.5 110.1 110.2 109.4 108.7 107.8 106.4 105.1 104.3 103.7 103.1 102.8 102.7 102.2 101.9 101.5 101.5 101.9 101.9 101.3
91.4 90.3 88.4 87.4 86.3 84.7 84 84 83.9 84.4 86 87.5 88.7 89.7 90.5 91.3 91.7 93.1 93.5 92.8 92.1 91.6 91.1 91.7 92.5 94.1 95.6 97.2 99.7 102.3 104.1 105.9 107.5 108.3 106.7 106.2 105.4 104.4 103.1 101.8 99.5 99.6 101.5 103.8 104.1 103.2 102 100.5 99.4 99 98.4 99.9 101.1 102.5 104.1 105.3 106.2 107.3 109 110.7 110.3 109.4 108.6 107.8 106.7 106 105.2 104.6 104 104.3 104.1 103.6 103.3 102.8 102.6 102.6 102.6 102
92.3 92.2 90.7 88.8 87.2 84.4 84.4 84.7 84.1 84.1 85.2 86.7 88.1 88.7 90 90.9 91.1 92.8 93.8 94.5 93.8 92.7 91.5 91.4 92.3 93.7 96 97.9 100.3 102.6 104.9 106.5 107.8 107.6 107.3 107.1 106.4 105.4 104 102.7 100.1 101.6 103.4 105.3 105.2 104.3 103.1 101.6 100.1 99.9 99.7 100.5 102.3 103.5 104.9 106.2 107.5 108.7 109.2 110.4 111.7 111 110.1 108.3 107.3 107.2 106.3 105.7 104.8 105.2 105.4 105 105 105.1 105.3 104.8 103.5 102.7
94.2 94 92.4 89.8 87.8 85.1 84.5 84.4 84.4 84.6 84.8 85.6 86.6 87.7 89 90.3 91.8 93.3 94.4 95.2 95.4 93.7 92.5 92.3 92.8 94.1 97 99.6 102.2 103.8 105.7 107.1 108.1 108 107.9 107.7 107.4 106.4 105 103.2 100.7 103.4 105.2 106.3 106 104.9 104.3 103.4 102.3 101.3 100.8 100.3 102.7 103.5 104.5 105.8 107 107.8 109 110.1 111.3 111.8 110.7 108.9 108.2 108.8 107.3 106.5 106.4 106.8 107.3 107.1 107.4 107.9 107.1 106.3 104.5 102.4
97.4 95.7 93.1 89.8 87.9 86.1 84.6 84.7 84.8 84.9 85.1 85.4 86.2 87 88.2 89.8 91.5 93 94.3 95.7 96.8 96.4 94.4 93.7 93.1 93.6 96.9 99.7 102.2 104.2 105.3 106.6 107.7 108.1 108.5 108.3 108 107.5 106.1 104.1 101.6 103 105.6 105.9 106.3 105.2 104.9 104.5 103.7 102.6 101.7 101.5 102.4 103.3 104.2 105.3 106.6 107.8 108.8 109.8 110.8 111.1 110.2 109.3 108.8 108.8 108.9 107.9 109.2 109.9 110.2 109.9 109.8 109.6 108.7 107.7 105.2 103.2
97.1 95.6 93.1 89.8 87.9 86.1 85.7 85.3 85.2 85.3 85.5 85.9 86.6 86.9 87.8 89.8 91.3 92.6 93.9 95.4 97.1 97.9 97.1 97 95 93.2 94.9 96.8 99.3 100.7 102 102.1 105.3 108.1 109.6 109.9 109.7 108.4 106 103.4 103.6 103.8 103.5 104.7 106.5 105.8 105.4 105.1 104.8 103.9 102.7 102.7 103.3 104.2 105.2 106.3 107.4 108.5 109.6 110.7 111.8 112.2 111.4 110.8 110.2 109.3 109.8 110.2 111.8 113.2 113.8 112.3 112.1 111.8 110 108.9 106.2 105.9
95.1 94.3 92.8 89.7 87.8 87.3 86.9 86.5 86 86.2 86.8 87.3 87.5 87.2 87.7 89.6 90.9 92.1 93.4 95.4 97 98.1 99.3 99.5 98.8 95.8 94.4 94.9 96.6 97.7 98.8 100.1 101.6 104.8 108.6 111 110.7 108.5 106.3 104.1 105.2 105.9 106 105.7 106.3 106.5 106.2 105.8 105.5 105.1 104.2 104.3 104.7 105.3 106.1 107.2 108.2 109.4 110.7 111.8 112.8 113.2 112.6 112 111.4 111 110.4 112.5 114.6 116.5 116.2 114.3 114.2 113.5 110.7 109.9 109.2 109.9
93.4 92.9 92 89.7 88.9 88.3 87.7 87.2 86.6 86.5 87.5 88.7 88.4 88.2 87.9 89.2 90.4 91.6 93.1 95.3 97.1 98.3 99.7 100.9 100.8 99.4 96.4 94.9 95.5 96.9 98.3 99.8 102 105.8 108.8 110.6 111.3 109.8 107.5 105.2 107 107.2 107.1 107 107.2 107.7 107.3 107 106.7 106.1 104 104.9 106 106.7 107.3 108 109 110.3 111.6 112.8 113.9 114.2 113.8 113.1 112.3 111.6 114.1 115.6 117.5 118.2 116.8 117.1 116.9 114.1 111.1 111.1 114.8 113.8
92.3 91.6 91 89.7 88.6 88.3 88 87.7 87.3 87.3 88.8 89.4 89 88.7 88.3 88.7 89.9 91.2 93.1 95.2 97.1 98.7 100.2 101.6 101.3 100.4 97.8 95.6 96.3 98.1 99.7 101.1 104.6 106.2 109.1 111 111.6 111.1 109.1 108 108.9 109 108.9 108.8 108.6 108.8 108.6 108.2 107.8 107.3 105.1 105.7 106.9 108 108.7 109.4 110.4 111.3 112.5 113.8 115 115.2 115.3 114.8 113.7 113.1 116.2 118.1 119.7 120.1 119 119.2 118.9 115.2 113.9 115.7 118.3 116.7
91.2 90.5 89.9 89.3 88.1 87.5 87.2 86.9 86.8 87.1 88.4 89.7 89.4 89 88.7 88.8 89.5 90.8 93.1 95.2 97.1 98.8 100.1 101.5 102.7 102.2 99.2 96.5 97.1 98.7 101.2 102.8 105.2 107.1 109.3 111.4 111.8 111.7 111.4 110.4 110.9 110.9 110.8 110.7 110.5 110.2 109.9 109.7 109.5 109.2 108.9 108.6 108.2 109.3 110.2 111.5 112.2 112.8 113.8 115.1 116.3 117.1 117 116.6 115.8 115.1 116.5 119.2 122.1 124.4 122.6 121.6 121.2 121.2 119.9 121.3 123.4 122.8
90.5 89.8 89 88.4 87.6 86.9 86.4 86.4 86.7 87 87.5 89 89.6 89.3 89 89.9 89.7 91.1 94.2 95.2 96.9 98.7 100 101.4 102.6 103.5 102.4 98.6 97.5 99.7 101.2 104.5 105.3 106.9 109.1 111 111.7 111.4 112 112.7 113 113 112.8 112.5 112.4 112.3 112.5 112.5 112.3 112 111.7 111.3 110.5 110.2 112.2 113.5 114.4 114.2 115 116.6 117.7 118.6 119.1 118.1 116.8 115.8 117.6 120.4 123.8 127.7 128.1 127.7 126.5 125.9 126.9 127.5 134.2 130.5
90.2 89.5 88.8 88.1 87.4 86.9 86.4 86.6 86.9 87.2 87.4 88.2 89.2 89.5 89.9 90.9 90.8 91.4 93.2 94.8 96.2 98.1 99.7 101.7 102.6 103.2 103.8 100.8 98.3 100.5 103.5 104.5 106.4 108.6 109.3 110.5 112.1 112.6 113.6 114.6 115 115.7 115.4 115.1 114.9 115.1 115.2 115.6 114.6 114.4 114.1 113.4 112.6 112 114 115.4 116.2 115.7 115.6 117.8 119.1 120 120.9 120.1 118.5 117.9 120.5 123.7 128 132.6 135 135.8 137.1 134.9 132.2 141.8 149.9 143.9
90.2 89.5 88.8 88.2 87.7 87.2 86.8 87 87.2 87.3 87.4 87.5 88.4 89.5 90.4 91.4 92.1 92.3 93.1 95 97.3 98.6 100.7 102.2 102.8 103.5 104.2 102.7 99.5 101.3 104 106.4 107.9 108 110.8 111.8 112.9 113.8 114.7 115.7 116.7 117.8 118.1 117.8 117.7 117.7 117.7 118.7 117.3 116.5 115.9 115.2 114.6 113.9 115.9 116 117.5 117.7 117.7 118.5 120.5 121.3 121.9 121.4 120.2 120.8 125.8 128.7 134.6 138.9 143.7 150.9 153.4 152.1 150.9 156.5 159.8 155.7
90.7 89.5 88.9 88.5 88 87.5 87.1 87.2 87.2 87.2 87.4 87.8 88.8 90.2 91.5 92.9 93.6 94.1 94.3 95.6 97.7 99.6 101.2 102.4 103.1 103.8 104.5 104.3 100.8 101.9 105.3 107.9 109.2 110.4 110.6 113.1 114.3 115.2 117.5 119.9 123.1 125.2 122 120.4 119.4 120.1 120.7 121.8 120.8 119 118.7 118.5 118.6 117.1 115.9 116.3 118.4 119.7 120.3 121.6 121.7 122.3 122.8 122.7 122.2 122.7 127.4 133.5 141.2 146.9 150.8 159 161.3 163 163.6 166.6 168.8 167.7
91 90.1 89.1 88.4 87.9 87.4 87.8 88 88 88 87.7 88.3 89.7 91 92.2 93.6 94.7 95.1 94.7 96.1 98.1 100.6 101.7 102.7 103.4 104.1 104.9 105.7 103.2 102.4 106.2 108.7 110.3 111.9 112.9 114.2 115.6 118 122.1 126.4 129.3 129.6 126.9 123.9 124.8 124.7 123.7 124.8 124.3 124.5 125 123.4 121.7 119.2 116.4 117.2 119.5 121.8 125.1 125.4 123.7 123.2 123.5 124 124.4 125.8 129.1 133.7 142.3 149.2 154.1 161.4 166.2 169 170.6 173.1 174.3 173.3
91.4 90.3 89.2 88.5 87.9 87.7 88.6 88.7 88.7 88.6 88.1 89 90.3 91.6 92.9 94.2 95.4 95.7 96.3 96.9 98.6 101 102.3 103 103.8 104.6 105.7 106.7 106.1 103.1 105.9 108.6 110.1 112.5 114.5 115.9 117.3 121.1 126.9 130.3 133 135.1 131.4 131.5 131.4 131.6 131.3 128.8 131.2 133.1 132.5 129.9 125 118.9 119.2 119.4 121.7 125.1 129.5 128.1 126.1 125.2 125.3 126.7 127.1 128.9 134 136.6 140.6 149.6 159.3 166.1 170.4 174 175.7 177.7 178.5 174.2
91.3 90.2 89.3 88.6 88.4 88.5 89 89.4 89.5 89.2 88.8 89.2 89.9 91.2 92.5 93.8 94.8 95.1 95.8 96.8 98.3 100.3 101.9 103 104.1 105.1 106.3 107.1 107.4 105.2 104.4 107 109.2 111.4 114.4 116.6 117.8 121.9 127.7 132.4 136.2 139 137.6 137.8 136.3 138.2 137.5 134.4 137 139.7 135.1 130.3 123.7 119.1 123.7 123.6 124.6 128.9 132.7 133.1 128.7 129.2 129.4 130.3 130.1 131.7 137.8 139.3 143.6 151.2 162.1 168.3 173.1 178.6 180.2 180.7 178.6 165.9
90.9 90.3 89.7 89.4 89.1 88.8 88.9 89.4 89.9 89.5 89 89.3 89.7 90.5 91.8 93 94 94.5 95.3 96.4 97.1 98.5 100.3 102.3 103.4 104.1 105.9 106.9 108.1 108 106.9 107.3 110.3 112.8 115 117.4 119.1 122 127.3 132.5 137.2 141.1 144.3 144.2 143.5 143.3 143.3 139.8 143.8 139.6 134.1 128.6 123.1 122.9 126.6 126.6 128.7 131.3 134.9 134.7 129.9 131.2 136 137.4 135.6 134.4 137.7 140.4 145.5 154.5 164.1 170.5 176.5 181.1 182.8 180.7 172.2 151.8
92.2 91.4 90.5 90 89.7 89.3 89.2 89.8 90.2 89.9 89.5 89.4 89.7 89.9 91.5 92.7 94 94.3 95.5 96.8 98 98.2 99.8 102 103 104.1 105.3 107 108.6 109.8 110 108.4 111 113.6 116.2 118.8 120.4 123 127.1 132 136.9 143 146.6 155.1 152.4 153.7 153 148.7 146.8 141.2 134.8 131 129 125.2 129 130.3 132.8 135.8 138.4 138.1 132.9 134.2 141.9 145.5 143.5 142 139.9 142.2 146.9 155.6 164.8 171.1 177.2 182.2 182.5 175.9 157.3 142.3
93.5 93.2 92.8 92 91.1 90.2 89.6 90 90.4 90.4 90 89.9 89.8 90.4 91.7 93 94.2 95.1 96.2 97.3 98.6 99.3 100.3 101.6 103 104.3 105.4 107.1 108.9 110.5 111.7 111.7 111.3 113.7 116.9 119.5 121.4 123.8 127.1 132.1 137.5 141.8 146.2 152.7 171 174.1 172 166.4 153.2 142.5 137.8 137 132.6 128.2 131.5 135.6 137.8 140.6 143.1 141 135.3 135.7 143.2 150.6 149.8 148.1 147.7 148.5 152.7 157.9 165.7 171.9 178 182.2 177.8 162.3 145.9 137.3
