data/370000-560000.asc
ncols 200
nrows 200
xllcorner 370000
yllcorner 560000
cellsize 50
[rows 70 to 104 of 200, columns 0 to 78 of 200]
185 183.3 184.3 185.4 184.6 183.5 183 182.5 183.2 183.3 182.3 181 180.2 179 180.9 180.6 179.5 178.3 177.6 176.7 175.8 174 172.9 175.6 176.1 175.5 176.5 177.6 178.4 179.3 180.7 182.1 183.2 184.2 185.9 187.1 187.9 189.8 191.7 194.5 197.8 201.4 205.1 207.5 210.4 213.3 216.6 219.9 222.7 225.5 227.1 228.7 230.3 230.5 229.4 228.5 228.5 227.2 226.6 227.3 227.3 231.3 227.7 227.8 226.6 225.9 225.7 225.6 225.5 225.4 224.9 224.2 222.3 221.7 220.9 220.5 220.1 219.8 219.9
184.5 182.5 182.8 183 183.1 182.3 181.3 180.7 181.8 183.3 183.2 181.9 180.5 179.4 177.5 177.8 176.8 175.8 175.4 174.8 174.4 173.2 172.3 173.6 173.5 176 177.3 178.5 179.8 180.9 182.8 184.2 185.5 186.7 187.5 188.4 189.6 191.8 194.9 197.3 199.9 204 207.8 211.5 214.8 217.7 220.5 223.1 225.8 227.6 229.3 230.5 231.8 232.8 232.7 231.8 232.2 232.1 231.7 231.3 231.9 232.2 230.8 231.5 230 229.9 229.8 229.2 228.1 227 225.8 224 223.6 223.1 222.4 222.2 222.4 222.5 221.8
180.9 181.1 181.1 180.7 180.5 180.2 180.5 179.9 180.2 182.1 182.9 182.2 180.8 179.1 177.4 175.5 174.7 173.8 173.9 173.5 173 171.6 172.1 175.6 179.1 179.1 179.4 180.4 181.1 183.3 184.9 186.6 186.9 187.9 188.8 190.2 192.6 195.2 199.4 202.9 205.3 207.8 212.4 216.5 219.6 221.9 223.8 225.3 226.6 228.6 230.5 231.9 233.5 234.2 234.7 234.7 235.1 235.7 235.7 233.4 233.2 233.1 233.1 232.4 232.5 231.8 230.9 229.5 228.2 227.1 226.7 226 225.6 225.7 225.2 224.9 224.9 225 224.7
181 181.2 180.8 181.7 181.2 180.8 180.4 180.2 180.5 181.7 182.3 181.8 180.1 178.5 176.9 175.1 174.5 175.3 177.1 177.9 177.4 176.7 171.4 175.1 179.8 181.3 183 183.9 185 186.1 187.6 188 187.5 188.4 189.7 193.5 196 198.8 202.3 207.4 210.9 214.5 218.9 220.5 222.6 223.5 224.5 224.6 226.9 228.8 230.2 230.9 231.9 232.6 232.2 232 233.3 234.2 235.4 234.7 235.3 234.5 233.3 232.1 232.2 231.9 231.1 229.8 229.2 229.3 230.1 229 229.2 229.5 228.9 228.4 227.8 227.9 227.8
181.2 181.1 180.6 180.3 181.7 181.3 180.9 180.4 180.6 181.7 182.7 182 181 179.4 177.6 178.6 178.1 180.1 181.3 180.6 180.1 178.9 174.8 170.9 171.9 180.1 184.6 187.4 188.1 189 189.7 188.8 188 188.8 191.7 195.7 199.4 202.3 205.6 210.1 213.6 215.9 218.3 218.7 218.7 219.4 220.1 220.8 221.5 224.2 225.8 226.3 226.9 226.2 225.8 226.8 229.8 232.5 233.9 233.7 232.5 231.5 232.1 231.5 231.9 231.9 231.3 230.2 229.7 230.7 231.2 231.7 231.9 232.3 232.4 231.8 231.3 231.1 231.3
181.7 181.4 181.2 181.1 181.2 180.9 180.7 180.6 179.8 180.4 180.7 180.7 180.8 181 180.2 180.3 181.5 182.5 183.6 183.4 183.4 183.1 181.4 174.5 169.9 171.3 175.5 185.2 187.6 189.1 189 187.9 187.9 190.6 194.4 198.1 202.1 204.4 205.8 207.5 209.9 212.1 213.2 214.1 214 214.6 214.4 215 216.5 219.7 221.3 221.1 220.6 220.7 220.7 225.9 230.7 232.4 233.4 232.4 229.5 229.3 230.5 231.2 231.6 231.9 231.6 230.5 231 232 232.6 233.6 235.3 236.1 236.3 236.5 236.2 236.1 235
182.4 182.2 181.8 181.3 181.8 181.3 181.1 181.2 181.1 181.4 181.2 180.6 179.9 181.2 181.9 182.8 183.6 184.8 185.6 186.3 186 185.5 184.8 183.1 180.3 169.9 169 176.4 187.4 188.2 187.6 186.7 187.9 191.6 195.7 199 201.1 202.5 203.4 209.3 216.7 218.5 217 218.1 217.7 216.2 215 214 215.1 219.7 220.9 218.4 217.7 217.9 218.6 225 228.6 231.4 233.3 233 232.4 233.1 232.7 233 233.4 234.3 235.8 238.1 239.6 241.5 241.6 241.4 241.6 241.6 241.1 241.2 241.7 242.2 239.5
184.6 184.3 184 183.6 183.5 183.4 183.6 184.6 184.8 184.9 184.7 184.7 184.7 183.6 184.8 185.4 185.9 187 187.7 188 185.7 185.3 185 184.5 182.9 180.7 169.5 172.4 187 187.2 185.4 185.7 188.5 192 194.8 199.3 202 206.9 208.6 209.1 211.7 215.9 219 220.4 221 220.4 219.4 217.9 216.3 218.4 219.2 217.6 217.9 218.4 220.8 226.1 229.8 231.9 233.8 234.3 235.7 237.5 238.7 240.6 242.2 243 245.7 245.5 245.7 246.6 246.6 246.5 246.8 246.4 246 245.9 246.1 246.4 243.5
189.5 189.3 189.6 190.3 189.8 189.9 191 191.9 192 191.4 190 190 189.1 187.3 187.3 188.1 188.3 189 189.3 189.3 188.1 186.7 186.2 186.7 185.8 181.4 175.1 169.5 181.5 183.4 182.1 185.1 190.4 196.3 199.4 199.5 201.2 205 206.5 212 216.6 220.5 223.7 225.4 227 225.5 224.1 222.4 220.9 219 217.9 218.8 216.8 219.6 223.5 227.5 231.5 232.9 237.1 238.8 240.6 243.7 244.9 246.5 247.9 249.8 252 252 252.1 252.2 251.3 251.1 251.8 251.7 251.6 251.5 251.3 252.6 253.2
195.3 194.8 196 195.6 196.1 196.9 198.5 199.3 199.5 198 196.4 195.3 193.4 191.5 191 190.3 190.1 190.7 191 190.6 189.6 187.1 185.4 185.4 183.8 180.7 176.9 169 171.9 176.6 184 188.6 191.7 195.6 199.1 202.2 206.9 212.4 214.7 219.3 223.8 228.5 232.7 233.8 230.5 231.6 230.4 229.2 226 226.7 224.7 221.5 217.1 223.2 227.1 230.7 234.6 238.3 242.1 245.2 247.2 248.7 250.8 252.3 254.3 256.5 258.3 258.6 259.4 259.4 258.6 258.5 258 257.6 258 257.8 257.3 258.2 257.8
204.8 203.9 204 202.7 201.8 201.3 202.9 204.1 204.1 202.8 201.3 199.3 196.9 194.7 192.9 191.9 190.8 189.9 189.2 188.1 186.8 184.6 182.1 180.7 179.3 177.4 176.6 175.8 174.3 183.6 188.5 192.4 196.9 201.5 204.7 208.9 209.6 218.7 223.2 225.8 229.1 228.8 230 229.4 229.5 228.8 227.6 227.1 225.9 225.4 223.3 221.9 220.8 224.5 227.4 230.2 233.1 236.2 239.8 244.3 247.8 250.2 252.9 255.9 258.5 260.6 262.3 262.8 262.6 262 261.8 261.6 261.4 261 260.3 260.2 260.1 260.1 259
207.4 206.5 205.4 204.3 203.4 203.2 203.4 204 204.2 203.2 201.2 199.3 196.9 194.5 192.6 191 189.4 188.1 186.6 184.8 183 180.4 178.9 176 174.7 174.1 173.3 167.1 175.8 186.5 191.8 195.5 203.6 208.5 210.1 214.5 220.1 221.6 223.9 225.2 225.6 227.3 227.4 227.7 228 227.9 228.7 227.2 226.6 225.2 224.2 223.4 222.8 224.6 227.4 230.1 232.8 236.4 240.7 245 249.9 253.8 256.7 259.1 260.6 261.4 262.6 262.5 262.4 262.5 262.7 262.3 262 261.3 260.5 260.4 260.3 260.3 260.2
208.8 207.7 206.4 205.3 204.1 203.5 203.2 203.8 203.4 201.9 199.8 198 195.9 193.9 191.7 190 188.4 186.6 184.5 180.6 176.4 172.7 170.2 165.4 162.7 163 174.2 179.7 185.9 190 198.2 204.3 211.2 215.6 218 220 224.3 225.9 226.6 227.1 228.4 229.2 228.8 229.4 229.9 230.4 227.3 225.8 226 225.1 224.1 223.1 221.8 223.5 225.3 228.4 230.9 235.4 239.6 244.2 250.4 253 257 259 261.1 261.5 262.1 262.3 262.1 262.2 261 260.5 260.6 261.1 260.8 260.6 260.6 260.5 260.5
211.2 209.3 207.6 206.8 205 204 203.2 202.8 201.7 200.6 198.4 195.7 195.4 193.2 190.8 187.9 184.9 184.4 182.2 175.6 167.6 160.3 163.2 170.2 169.6 180.9 187.3 194 197.8 203.6 208.1 213.1 217 220.1 223.4 224.6 226.6 227.8 226.6 227.2 227.8 228.3 228.9 229.5 229.7 228.5 226 224.5 224.5 223.8 222.9 221.9 221 221.4 222.2 224.3 227.1 230.5 234.6 239.8 242.7 245.9 250.7 254.3 256.8 260.9 262.3 262.3 260.8 260 258.4 256.7 258.3 259.1 259.8 259.2 259.1 259 259
214.8 213.4 212.1 210.2 208.7 208.8 209.1 208.3 207 205.7 203.5 201.1 197.6 194.1 190.6 187.9 184.2 181.8 170.6 166.8 161 171.7 179.9 182.6 183.8 191.7 195.3 199.3 204.7 208.7 211.6 215.6 219.6 222.9 224.7 225.1 226.9 227.4 226.7 227 225.7 226.5 225.5 225.9 225.8 225.1 224.5 223.1 221.6 220.5 219 218.3 218.9 218.5 218.3 219.6 222.2 226.3 229.8 234.7 238.8 240.7 244.1 249.6 252.9 255.6 256.2 256.2 256.4 257.2 255.8 253.6 254.6 255.6 255.2 254.6 253.7 253.6 253.5
217.1 216.8 215.3 213.9 212.4 210.6 209.7 208.3 207.9 206.5 204.6 202.5 200 196.4 191.9 187.5 182.7 180 169.2 159.2 173.4 182.5 185.2 186.8 189.6 194.5 197.7 202 207.1 211.7 213.6 216.4 219.6 222.3 224.2 225.9 226.8 226.5 225.9 224.9 223.8 224.2 222.1 221.7 221.9 220.5 220 219.7 219 218.6 218 217.5 217.8 218.3 218 219.3 220.3 225.1 228.1 232.1 234.8 237.5 239.4 242.5 244.1 246.8 248.6 248.4 249.4 250.4 250.8 250.5 250.3 250.3 250.1 250 249.2 248.5 248
219.5 217.5 215.5 213.5 211.1 209.8 207.8 207.5 207.6 206.1 204.6 201.9 198.4 195.2 190.2 186 181.1 173.3 161.3 170.6 182 185.2 188 190.3 193.8 197.3 200.4 203.4 205.7 210 212.9 216.8 221 227.3 232.4 230.8 229 227.8 225.3 224.1 223.3 222.8 222.4 222.1 222.2 223.1 225.2 223 219.7 219.1 218.7 217.7 217.1 214.8 217.8 220.8 222.4 224 226.7 228.8 231.2 233.2 234.3 236.7 237.9 238.9 240.1 243 243.6 244 244.6 244.6 245 245 245.1 245.2 244.5 243.8 243.4
217.5 215.5 213.2 211.2 209 208.1 207.5 207.7 208 206.5 205.1 202.6 199.1 194.9 185.7 183.8 177.5 170.6 161.4 167.6 184.2 187.2 191.2 194 198.2 201.9 204.3 208.4 214.5 220.8 225.4 226.7 228.5 228.8 230.5 229.4 230.1 233.2 230.8 228.7 227.6 227.1 225.4 224.7 224.8 224.6 224.3 222.5 220.9 219.7 219 218.5 217.5 215.6 221.2 225.1 227.6 230.7 233.3 235.4 237 237.2 239.4 240.5 240.6 240.4 239.6 238.8 240 241 241.8 241.7 241.7 242 242.1 242.3 242.3 242.2 242
215 213 210.8 208.8 206.3 205.3 206.6 209 209.5 208.6 206.9 203.8 199.8 195.7 189.3 181.5 173.4 169.4 156 178.9 185.6 189.1 189.7 203.7 207.8 209 215.5 218.8 221.7 223.6 227.8 230.2 232.4 232.1 231.4 229.4 231.4 231.4 230.3 228 228.3 227.9 226.3 226 227 226.1 224 222.1 220.5 220.6 219.8 219.1 222.8 226.7 232.3 236.7 240.2 243.1 244.5 245.8 250.2 250.9 250.2 251.4 250.1 249.9 247.9 246.9 246.3 245.4 246.4 246.7 245.7 246 246.4 246.6 246.5 246.6 246.7
212.8 211.1 208.5 205.9 203.3 200.8 203.6 207.5 209.9 209.5 207.5 204.3 200.5 196.6 191.1 183 175.5 161.5 160.5 183.9 194.6 204 209.5 212.3 215.6 219.3 215.1 218.6 221.7 224.9 226.2 227.1 229.1 228.6 229.2 228.6 228.7 228.7 228.8 227.7 227.7 227.9 225.3 222.5 222.7 222.1 221.9 221.1 222.1 225.6 230.9 237.4 246 250 252.8 254.1 255.4 256.7 257.9 257.6 259 259.9 259.1 258.4 257.1 255.2 253.8 252.8 252 251.8 252 252.2 252 251.5 251.2 250.9 250.6 249.6 248.7
210.6 209.3 206.8 204.1 201.4 198.2 200 202.9 204.6 204.1 202.7 200.8 198.7 196.5 191 183 175.3 155.2 173.6 196.4 207 212.9 210.9 212.6 215.2 215.3 212.4 216 217.6 219.2 221.9 224.2 225.3 228.6 229.4 228.8 230.4 229.3 228.4 227.1 226.6 226.5 225.7 223.2 222.8 221.6 222.8 224.6 229.7 234.5 241.6 247.3 251 253.9 255.8 257 257.7 260.1 261.3 261.4 262.5 262.2 261.2 261.8 261.2 259.4 256.3 255.3 254.6 253.3 253 252.4 252.4 251.2 250 248.8 247.8 247.5 247.2
208.4 207.2 204.9 203.8 200.9 196.7 195.7 197.3 197.8 196.9 196 194.8 192.8 188.6 182.1 169.2 159.8 151.8 192.6 203.5 204.8 205.9 214.2 214.3 214.8 214.4 213.8 207.8 219.3 220 220.8 220.8 220.5 220 219.9 219.6 218.9 218.5 218.2 218.8 219.1 219 219.6 220.7 220.7 225.3 228.2 231.6 235.5 239.5 244.8 248.3 251.5 254.6 255.7 256.6 256.9 258.9 260.5 261.8 263 262.7 262.6 261.4 259.5 258.1 257 255.9 254.4 252.8 250.7 249.9 248.9 247.5 246.5 245.6 244.5 243.9 243.5
205.4 204.6 202.8 201.3 198.6 194.5 188.3 191.1 191 189.9 189.3 187.8 186.4 182.1 172.7 157.1 152.2 188.1 194.5 192.9 204.2 205.4 205.6 205.2 205.2 204.9 205.7 205.5 209.4 211.5 212.9 212.6 212.6 212.8 213.5 212.4 213.2 213.7 215.9 216.6 218.2 217.5 218.7 221.5 225 230.3 234.1 236.2 238.2 242 245.1 248.7 252.1 255.1 256.3 255.8 256.2 257 258.4 259.8 260.5 260.3 259.5 258.6 256.2 254.8 254.1 252.7 251.1 249.2 247.3 246.6 245.4 244 242.9 242 241.1 240.4 239.8
200 199.3 198.7 197.6 195.9 191.7 188.7 178.1 183.5 183.1 182.5 181 184.4 182.1 171.9 152.6 155.7 174.4 189.2 194.5 195.8 198.3 201.4 203.9 204.1 204.5 205 205.4 201.5 209.8 209 209.4 210.1 210.2 211.6 211 211.1 210.9 212 216.1 215 217.8 221.6 226.5 231.2 235.4 237.1 237.5 238.1 239.7 242.9 246.4 250.1 252.7 253.4 253.1 252.7 252.9 253.5 254.9 256 255.5 254.9 254.5 253.2 251.4 250.2 249 247.9 246.8 246 244.8 243.4 242.2 240.7 239.8 239 238.6 237.8
192.6 191.8 191.2 191.5 189.7 185.9 184.2 181.8 171.9 177 175.8 175.5 178.4 181.2 178.9 174.9 159.6 159 189.7 197 195.6 199.6 203.7 205.4 206 207.5 209.3 208.7 204.4 203 209.6 210.9 208.6 209.3 209.8 209.6 209.3 207.8 207.2 208.8 215.3 220.8 225.1 228.3 230.3 232.7 233.8 234.2 235.8 237.5 239.1 240.8 244 246.1 247.6 248 248.7 249.1 249.5 249.9 251 250.9 251.1 251.8 251.7 250.6 249.5 248.3 247.2 246.2 245.8 245.7 244.3 243.2 241.7 240.3 239 237.9 236.7
185.9 185.8 185.5 183.6 182.3 181.2 178.8 176.1 169.5 169.1 169.1 171.5 174.5 176.3 176.6 169.4 159.7 157.6 186.9 190.3 195.8 204.5 210 211.7 212 211.4 210.5 209.4 207.5 199 212.4 212.6 211.5 209.8 207 209.3 209.7 207.6 206.2 211.4 215.9 218.6 222.8 225.6 227.5 229.4 230.3 231.9 233.3 234.4 235.5 236.7 238.5 240.4 242 243.5 244.5 245 245.8 246.4 246.6 247.1 247.9 248.6 250.4 250.1 248.7 247.9 246.7 245.6 244.4 243.2 242.1 240.9 239.3 238 237.1 236.3 235.4
180 180.2 180.9 181.1 179.5 177.1 175.5 172.5 171 159.7 163.4 168.3 170 170 160.3 161.5 147.5 167.7 182.9 185.7 198.8 203.9 206.9 206.2 205.7 205.7 206.2 205.8 205.4 201.7 195.9 205.5 206.8 204.6 204.4 206.7 207 202.5 206.4 211.2 215.5 218.7 220 222.8 224.6 226.2 227.3 228.4 229.5 230.6 231.5 232.8 234.6 236.6 237.9 239.2 240.6 241.5 242.4 243 244.1 244.8 244.9 245.7 245.9 247.1 247.6 246.1 244.6 243.1 240.9 239 237.7 236.5 235 234.2 233.1 232.1 231
164.8 170.4 171.7 171.4 170.4 166.7 158.8 164.4 163.1 160.8 157.4 160.6 156.7 137.5 137.2 140 149.3 169.8 180.2 188.7 195.4 198.4 199.3 199 199 199.3 199.6 200 200.1 198.1 192.3 199.1 201.4 200.3 200.2 201.8 203.1 201.8 206.6 209.7 212.4 217.4 218.3 219.1 220.7 222.1 223.5 224.6 225.6 226.6 227.6 228.9 230.8 233 234.3 235.7 237.4 238.2 239 240.4 242 242.4 242.2 242 241.8 242 241.7 240.5 239.1 237.8 236.7 234.8 232.5 230.4 229.3 229 227.9 226.8 225.7
176.4 166.5 156.3 158.8 158.6 155.7 150.2 153.3 152.7 154.7 149.6 150.9 138.6 152 160.6 166.6 167.4 172 178.6 183.6 188 189.5 190.8 192.4 192.5 192.9 193.3 193.6 192.9 193.2 193.4 187.6 200.1 198.7 194.1 195.5 197.6 197.7 202.4 205.6 208 211.8 213.4 214.9 216.5 218 219.5 220.7 221.7 222.7 223.7 225 227.1 229.4 230.8 232.5 234.1 234.8 235.6 237.4 238.4 238.6 238.8 238.7 238 236.6 235.4 234.1 232.6 231.4 230.4 229.3 226.7 224.5 223.6 223 222.7 221.6 220.4
177 177.6 177.4 173.7 167 157.3 151.5 149.7 144.2 144.5 142.4 136.2 146.9 158.7 167.5 174.4 169.6 175.1 175.9 177.1 180.9 181.6 183.7 185.9 186.2 186.4 186.8 187 186.3 187.2 187.7 184.5 184.7 187.6 187.6 189.1 191.2 197.3 199.6 201.8 204.1 206.4 209 211.3 213.1 214.5 215.5 216.8 217.8 218.7 219.8 221.1 223.4 226 227.6 229.3 230.7 231.4 232.5 234.1 234.1 233.6 233 232.9 231.7 230.4 229 227.6 226.2 224.9 224.8 223.1 221.7 219.7 218 217.1 217.4 216.4 215.5
180 180.2 179.1 176.5 173 170.2 167.5 163.9 156.6 147.7 138.3 137.1 149.6 157.5 164.5 167.4 167.9 172.1 172.2 172.5 174 175.6 177 176.2 181.7 180.9 181.7 184.6 184.5 182.4 181.6 183.4 183.5 185.3 188.1 190.4 193.4 196.1 199.1 201.5 204.2 208.1 210.7 212.4 213.6 214.4 213.8 215.6 217.1 218.7 219.6 220.4 221.3 223.1 224.7 226.3 227.2 227.9 228.2 228.3 227.4 226.3 225.7 225.3 224.1 223 221.8 220.7 219.5 218.7 219.1 217.5 216.4 215.3 213.1 214.5 211.7 211.7 211.2
178.2 176.6 175.2 172.5 169 166.3 164.7 166.7 163.2 153.2 139.9 134.1 145.5 150.3 157.9 160.9 163.7 167.3 168.7 170 170.6 171.9 173.4 177.2 181.1 180.5 181.8 182.4 181.8 181.3 181.2 182.9 184.5 185.5 194.3 195.6 196.8 198.6 200.5 202.8 205.3 207.4 210.3 213.3 215.5 218 216.7 214.8 219 219.9 219.8 219.5 219.4 219.8 221.5 222.6 222.5 223 222.7 222.3 221.3 219.5 218.9 218.3 217.6 216.6 215.7 215 214.3 213.3 212.4 211.6 210.9 210 209.2 208.4 208.3 207.6 206.8
174.6 172.5 169.9 167.4 164.6 161.8 164.2 165.6 157.8 146.7 137.2 131.2 129.8 133.6 137.1 147.9 160.4 164.8 167.2 168.8 169.1 170.4 174.5 175.6 175.4 175.3 177.7 177.8 180.7 181.1 180.9 182.7 183.7 179.6 189.2 191.2 193.9 195.4 197.5 200.3 202.1 204 207.6 211.2 214.1 215.7 217 209.7 217.9 218 217.4 216.8 216.6 216.7 217.6 218.4 218.2 218.1 217.6 216.9 216.3 215.4 215.1 214.5 213.7 212.9 212.5 212.2 211.7 210.5 209.5 208.7 207.9 206.9 206 204.9 204.3 203.8 203.2
171.5 167.8 164.6 161.1 158.5 151.7 153.8 146.3 147 147.3 141.8 132.4 132.7 135.6 131.8 127.2 140.9 164.8 166.1 167.5 167.5 168.2 170.3 170.3 169.1 168.8 173.1 174 175 175.6 175.5 178 182.4 175.6 183.2 185.2 188.8 192.6 193.9 195.4 197.6 200.6 204.3 207.4 209.8 211.6 213.5 215.7 211 214.5 214.6 213.9 213.5 213.2 213.9 214.2 214.5 214.7 214.8 214.5 214.1 213.4 212.8 212.2 211.4 211.2 210.8 210.1 209.2 208 206.9 205.7 204.7 203.7 202.8 201.9 201.4 200.7 200
175 172.8 169.8 167.7 164.8 163.4 161.5 162.1 161.2 159.7 154.9 151.6 152.3 152.7 154.3 133.9 131.4 161.9 162.8 163.4 164.3 166.7 167.4 166.1 165.5 163.8 165.3 167.5 169.1 170.4 169.5 172.7 176.3 173 173.7 177.3 181.8 186.8 189 190.2 191.7 194 196.8 200.3 204 206.5 208.5 210.3 201.1 209.9 210.8 210.3 210 209.5 211 211.5 211.8 212 212.3 212.2 212 211.4 210.8 210.3 209.5 208.7 207.7 206.5 205.6 204.5 203.4 202.2 201.1 200.4 199.5 198.9 198.3 197.6 196.6
