data/370000-550000.asc
ncols 200
nrows 200
xllcorner 370000
yllcorner 550000
cellsize 50
[rows 0 to 34 of 200, columns 78 to 155 of 200]
315.3 316.4 315.9 315.6 314.7 313.8 312.6 314.2 314.5 315.1 316.1 318 319 317.9 317.3 316.3 315.4 314.7 314.2 313.8 313.5 314.1 315.3 315.8 316.3 316.7 316.5 316.7 316.9 317.1 317.4 317.1 316.5 316.5 316.5 316.5 316.1 315.5 314.9 314.2 313.8 314.5 314.9 315.3 315.8 315.8 315.6 314.8 314 312.5 311.1 310.1 309.7 309.3 309.1 308.9 308.9 308.7 308.3 307.1 306.2 305.3 303.9 302.7 301.2 297.6 295.6 296 296.2 295 292.9 290.6 288.3 284.2 281.7 279.2 276.3 273.4
317.1 318.2 319.1 318.7 317.9 316.8 316 318 319 319.5 320.3 321.4 322.4 321.2 320.3 319.3 318.4 317.6 317.4 316.9 316.4 316.8 317.6 318.5 318.4 318.2 318.1 318.1 318.3 318.6 318.9 318.4 318.2 318.2 318.2 318.2 317.8 317.2 316.5 315.9 315.9 316.5 316.8 317.3 317.7 317.4 317.4 316.8 315.9 314.7 313.3 312.4 312.9 313.1 312.9 312.8 312.8 312.9 312.4 310.8 309.7 308.9 307.2 305.9 304.5 302.1 300.3 299.9 297.8 294.7 290.6 287.9 285.6 283 280.3 277.7 275.1 272.4
318 320.2 322.1 321.9 321 319.7 319.5 321.8 323 323.8 324.7 325.4 325.4 323 321.6 320.9 320.1 320.3 320.1 319 318.2 318.3 319.1 319.6 319.7 319.9 319.8 319.7 319.8 320 320.4 319.9 319.9 319.9 319.9 319.9 319.5 318.9 318.2 317.9 318 318.4 318.8 319.2 319.4 319.1 318.9 318.7 317.7 316.6 315.6 315.8 316.1 316.6 316.8 316.6 316.7 316.7 316.2 314.6 313.3 312.4 310.6 309.3 307.4 305 302.5 298.6 295.4 292 288.5 285.5 282.9 280.5 278.2 276 273.8 270.8
318.6 320.8 321.8 321.7 321.8 322.2 322.5 323 323.6 324.1 324.3 324.5 323.5 323.2 322.6 321.8 321.7 321.3 320.7 320.1 319.7 319.5 320.2 320.6 320.7 320.9 321 321.1 321.3 321.5 321.9 321.6 321.6 321.6 321.6 321.7 321.2 320.5 319.9 319.9 320 320.4 320.7 321.1 321.1 320.8 320.5 320.6 319.2 317.5 319 319.2 319.5 319.9 320.3 320.5 320 319.6 319.1 317.6 315.9 314.6 312.9 310.7 307.4 302.9 299.6 296.4 292.9 289.5 286.1 283.2 279.8 278.3 276.2 275.1 274.5 274.1
318.2 317.8 317.4 317.4 318 319 319.9 321.4 322.3 322.9 323 323.1 322.8 322.5 322.6 322.6 322.3 322.2 321.5 320.9 320.7 320.7 321.3 321.6 321.7 321.9 322.3 323.1 323.9 323.9 323.5 323.4 323.4 323.4 323.4 323.4 322.9 322.7 322.5 322.3 322.5 322.8 322.9 323.1 322.7 322.4 322.1 320.9 319.4 320.4 321.6 322.3 322.7 323 323.2 322.9 322.4 321.1 319.5 317.7 315.9 312.8 309.5 306.4 303.5 300.1 296.8 293.5 290.4 288 286.4 284.7 283 281.5 279.9 278.6 277.6 276.9
316.1 315.4 315.1 315.7 316.8 318 318.8 319.7 321 321.6 321.8 322.4 322.9 323 323.1 323 322.8 322.7 322.4 321.8 321.7 322.1 322.3 322.9 323.7 324.5 325.3 326.1 327 326.9 326.8 327 326.9 326.6 326.2 325.6 325.3 325.1 325 324.6 324.8 325.1 324.8 324.1 323.3 322.4 321.7 322 322 322.7 323.7 323.6 323.5 323.4 323 322.1 320.7 319.2 317.2 315 312.8 310 307.2 304.1 301.3 298.4 295.1 292.9 291.6 290.3 289.2 288.1 286.4 284.8 283.6 282.3 281 280.2
314.6 314 313.8 314.7 315.6 316.7 318 319.7 320.5 321.3 322.2 323 323.5 323.8 323.7 323.4 323.3 323.2 323.2 322.8 324 325 325.2 326.3 326.9 327.6 328.4 329.2 330 330.1 330.2 330.3 329.8 329.4 329.1 327.8 327.5 327.4 326.9 326.2 326.3 326.5 325.9 325.2 324.4 324.4 324.3 324.5 324.6 325 325 324.9 324.8 324.6 324.1 321.9 318.8 317.3 314.9 312.7 310.3 307.9 305.1 302.3 300.3 298.3 296.3 295.1 294.2 292.9 292 291.1 289.7 288 286.8 285.7 284.6 283.5
312.6 312.6 312.6 313.6 314.8 316.9 317.9 319.6 320.5 321.6 322.9 323.7 324.2 324.6 324.9 324.4 323.8 323.6 324.5 326.1 327.1 327.7 328.6 329.9 330.6 331.2 331.8 332.5 333.1 333.4 333.5 333.5 332.7 332.3 331.3 330.1 329.8 329.2 328.5 327.8 327.7 327.5 326.9 326.4 326.4 326.3 326.2 326.4 326.8 327 326.4 326.2 326.1 325.8 325.3 322.6 319.1 316.2 313.8 311.4 309.5 307.7 305.8 303.9 302 300.1 298.5 297.6 296.8 295.6 294.8 293.8 292.9 291.3 290.1 288.9 287.7 286.3
308.6 311.1 312.1 313.3 316 318 318.2 319.5 320.6 322 323.6 324.4 324.9 325.2 326.3 326.2 328.7 328.6 329.7 331.4 333.9 334.7 335.5 336.2 337 337 336.9 336.8 336.7 336.8 336.8 336.3 335.5 334.6 333.4 332.1 331.5 330.8 330 329.3 329.2 328.6 327.7 328.2 328.8 328.5 328.3 328.7 329.4 329.6 328.9 328.3 327.7 326.9 326.5 323.3 320.4 317.8 315.4 313 310.6 308.7 306.8 305 303.2 301.5 299.9 300.1 299.3 298.4 297.6 296.6 295.7 294.7 293.3 291.9 290.2 288.9
312.3 314.8 315.6 316.1 317.1 319.1 320.1 321.4 322.3 323.8 325.5 326.5 327.7 331 333.1 333.9 336.6 337.4 338.5 338.4 339.7 340.7 341.2 342.2 342.1 341.5 341 340.5 340.2 339.3 338.3 337.2 335.8 334.9 333.8 332.8 332.2 331.6 331.2 330.8 330.1 329.2 328.9 330.1 331.1 330.8 330.9 331.4 332.1 332.1 331.5 331.1 330.7 329.7 327.7 324.7 321.9 319.4 316.3 313.9 311.5 309.7 308.2 306.4 304.6 302.9 301.3 301.5 301.3 301.2 300.4 299.4 298.5 297.2 296.1 294.4 292.8 291.5
316.1 318.1 320.9 322.8 324 325.1 326.3 327.6 327.8 329 330.3 331.6 333.8 335.6 337.3 339.8 342.7 343.5 344.3 344.1 344.4 345.5 345.8 345.4 344.8 344 343 342.4 341.5 340.3 339.3 338.3 336.8 335.4 334.2 333.5 332.9 332.3 331.6 331.2 330.3 329.7 330.8 332 333.1 333.4 333.7 334.1 334.7 334.6 334.2 333.8 333.6 331.5 328.9 325.2 322 318.7 315.6 313 310.7 309.3 308.5 307.7 306 304.3 302.7 302.7 302.7 302.6 302.3 301.2 299.9 298.6 298.1 297 295.3 294
320.9 323 325.5 328 329.4 330.4 331.4 331.2 331.5 332.6 333 334.3 336.2 337.4 339.4 340.3 341.6 343.3 344.3 345.3 346 346.1 346 345.7 345.5 345 344.4 343.8 342.8 341.4 340.3 339.3 337.9 336.5 334.9 334.1 333.5 332.9 332.3 331.7 331.6 332.4 333.2 334.4 335.3 335.4 336.2 336.8 336.5 336.6 336.7 335.5 333.8 331.1 327.9 324.4 321.2 318 314.9 312.2 310.5 309.1 308.2 307.3 306.5 305.7 304.1 304 303.4 302.8 302.9 302.4 301.2 299.9 299.7 299.1 297.9 296.5
324.2 326.4 328.1 330 331.5 332.6 333.6 334 334.3 335.7 336.5 336.4 337.7 339.2 340.9 341.9 342.6 344.1 345.1 345.8 346.5 346.9 347.3 347.3 347 346.4 345.9 345.3 344.1 342.7 341.4 340.4 338.9 337.4 335.7 334.6 334 333.4 332.8 332.3 332.1 333 333.9 334.6 334.9 334.8 334.8 335.2 335.3 335.4 334.6 332.8 330.7 328.1 325.4 322.2 318.9 315.4 313.2 311.7 310.3 308.9 307.8 307 306.1 305.1 304.5 304.2 303.6 303 303.6 303.4 302.4 301.3 301.2 300 298.1 296.1
326.8 327.8 330.1 331.9 333.5 334.8 335.8 336.8 337.2 338.7 340.4 340.3 340.5 341.9 343.2 343.9 344.6 344.8 345.5 346.3 347 348.1 348.9 348.9 348.3 347.8 347.3 346.7 345.4 344 342.6 341.4 339.9 338.2 336.5 335 334.4 333.9 333.4 332.9 332.4 333.1 333.1 333 332.8 332.2 331.6 331.5 331.6 331.1 330.1 328 326 323.7 321.1 318.3 315.7 312.8 311.5 310.8 310.1 308.4 306.9 306 305.1 304.1 304 304.1 303.8 303.7 304.2 304.2 303.1 301.5 299.8 298.6 296.9 294.8
330.1 331.2 332 333.8 335.5 336.8 338 339.4 339.5 341.8 343 343.9 344.2 344.5 344.7 344.9 345.1 345.5 346.1 346.8 347.6 348.9 350.2 350.2 349.7 349.1 348.7 347.8 346.6 345.4 343.9 342.4 340.8 339 337.3 335.6 334.8 334.2 333.6 333 332.5 331.8 331.4 330.7 329.9 329.1 328.3 328.1 327.1 326.6 324.8 322.3 320.8 318.9 317 315.2 312.9 311.5 310.3 309.4 308.3 306.8 305.4 304.4 303.3 302.2 303.1 303.3 303.6 303.8 303.8 303.8 302.8 300.9 299 296.5 293.7 290.9
333.3 333.8 334.1 334.7 337.6 340.1 340.5 342.4 343.5 343.4 343.9 344.4 344.6 344.9 345.1 345.3 345.5 346.1 346.8 347.4 348.4 350 351.4 351.7 351.1 350.3 347.9 346.4 345.5 345.1 344.5 342.9 341.6 339.9 337.8 335.6 334.4 333.7 333.1 332.5 332.1 330.9 330.5 329.2 327.6 326.6 325.6 324.1 323.1 321.5 319.6 318.5 317.7 315.8 314.7 312.7 310.9 309.8 308.7 307.5 305.6 303.6 302.6 301.6 300.5 299.8 301.1 302.1 302.5 303.2 303.4 301.9 300.3 297.5 294.5 291.5 288.6 286.1
335.6 336.1 336.3 336.4 338.7 340.2 341.5 343.7 343.7 343.9 344.4 344.8 345.1 345.4 345.6 345.8 346.1 346.7 347.4 347.4 347.2 349.9 351.4 350.8 350.6 348.5 346.7 345.2 344.3 344.3 344.3 343.5 342.3 340.1 337.5 335.8 334.5 333.3 332.6 332.1 331.7 330.5 329.6 327.8 325.8 324.5 323.1 321.6 320.7 319.8 318.3 317.7 316.3 314.2 312.1 310.4 309.1 307.4 305.7 304.2 302.3 300.6 299.7 298.8 297.7 297.5 298.7 299.7 299.6 299.5 299.7 297.7 294.7 292.1 289.2 286.3 283.7 281.7
337.9 338.4 338.6 338.6 339.8 341.1 343.1 344.1 344.1 344.5 344.9 345.3 345.6 345.8 346 346.2 346.7 347.4 347.4 347.1 346.7 347.3 348 348 346.5 345.4 344.1 342.5 341.6 341.7 341.7 340.2 338.6 336.5 334.5 333.9 332.8 331.5 331.9 331.7 331.3 330.1 328.6 327.1 325.6 324.5 323.4 322.2 321.2 319.6 318.1 316.8 315 312.6 309.8 307.3 305.4 303.7 302 300.9 299 297.7 296.8 295.9 294.9 295.1 295.6 295 294.4 293.8 292.9 291.1 289.1 286.7 283.8 281.7 279.8 277.9
340.7 341.3 341.1 340.3 340.9 342.2 343.2 344.3 344.7 345 345.4 345.8 346 346.3 346.5 346.7 347.3 347.3 347.3 346.9 346.4 345.2 343.9 343.7 342.8 341.9 340.7 339.2 338.3 338 337.5 335.6 333.4 332 331.1 330.3 329.9 330.1 330.7 331.4 331 330 329.3 327.6 326.5 325 323.7 322.7 322.1 320 317.4 314.6 312 309.3 306.6 304.1 302.1 300.1 298.4 297.4 295.7 294.8 293.9 293 292.1 291.1 290.5 289.9 289.4 289.1 287.3 285 281.6 281.4 279.6 277.8 276 274.6
344.1 344.7 344.7 343.8 343.8 344.4 345.1 346 345.6 345.6 345.9 346.2 346.5 346.7 346.9 347.3 347.2 347.2 347 346.6 346 344.8 343.2 341.5 339.9 338.4 337.4 336 334.9 333 332.8 331.3 329.8 328.9 328.5 328.3 328 328.5 328.7 329.9 330.4 330 329.5 328.2 327.2 325.6 324 322.2 319.3 316.7 314 309.5 307.5 306 303.7 301.5 298.9 296.6 295.2 294 292.8 291.9 291 290.1 289.3 288.3 287.3 285.2 284.5 285.2 282.5 280.2 279.6 277.8 275.8 274 272.6 271.4
349.4 349.3 348.6 348.6 348.2 349.3 350.4 349.6 348.8 348.4 347.9 346.8 346.9 347.3 347.7 347.4 347.1 347.1 346.7 346.2 345.7 344.2 342.6 341.4 339.4 336.9 334.7 331.4 329.6 325.1 323.3 325.6 326.1 327.3 325.8 326.6 326.2 326.1 325.8 326.5 328.3 328.5 328 326.1 324.3 321.6 319.9 316.9 313.6 310.9 308.3 305.4 301.8 301.6 301.2 299 296.5 294.9 293.4 291.8 290.6 289.1 288.2 287.3 286.5 285.5 283.4 281.4 280.6 280.5 279 277.8 276.6 274.3 272.3 270.5 269.3 268.1
355.3 356.2 357 354.7 353.9 354.6 354.4 353.3 352.3 351.4 350.3 349.2 348.5 348.6 348.6 348.3 348.1 348.2 347.7 346.3 345.3 344 343.2 342 340.9 339.1 338 336.6 333.5 333 330.9 322.3 319.2 324.2 321.8 322.8 321.7 321.5 321.2 322 322.3 320.5 320.2 318 316 315.4 313.8 311.3 307.9 305.2 302.7 300 297.8 297.3 297.2 296.6 294.1 293.2 291.8 290.8 289.7 288.3 286.7 285.1 283.6 282.9 282.3 281.5 280.5 278.2 276.4 275.2 273.6 270.9 268.5 266.8 265.9 264.9
356.9 356.4 355.7 356 355.2 355.4 355.3 354.1 352.7 350.7 350.1 349.6 348.9 348.3 349.3 349.3 349.5 349.6 349.6 348.7 347.6 345.9 344.3 342.9 341 339.8 338.1 336.1 333.9 331.3 328.8 325.5 313.8 312.3 314.1 318.3 316.8 316.4 316.7 316.4 316 313.6 312.6 311.1 309.3 307.8 307.4 305.1 302.2 299.7 297.5 296 294.1 293 291.9 294 292.2 292 290.8 289.8 288.7 287.4 286.1 284.4 283.4 282.8 282.5 280.8 280 277.1 274.3 272.3 269.9 267.2 264.9 263.2 262.2 260.7
351.4 352.3 352.9 352.7 352.7 353.1 353.3 352.4 351 349.9 348.7 347.9 347 346.9 347.5 348.7 348.5 348.3 348.4 348.1 346.7 344.6 341.7 339.7 337.6 336 334 332 329.4 326 323.5 320.5 316.9 308.3 310 312.5 312.1 311.2 310.9 309.9 309.1 306.5 304.9 304 303.3 301.2 299.4 297.7 295.5 295 292.1 290.8 289.2 287.6 287.4 288.7 291.4 291.4 290.1 288.8 287.8 286.5 285.1 283.2 283.1 282.3 281.5 280.2 278 275.1 272.4 269.5 266.7 264.3 261.9 259.4 257.8 256.5
350 350.3 350.8 351.2 351.1 351 350.9 349.8 348.3 347.9 347.3 346.3 345.3 343.9 343.6 344 344.9 344.5 343.7 342.9 341.4 339.6 337.8 335.4 333.1 331.1 329.1 327.1 324.4 320.9 318.2 315.5 312.3 310.4 304 303.9 304 303.9 303 302.9 300.3 298.6 297.2 296.6 296 292.3 289.4 287.7 286.1 284.9 283.8 281.3 281.5 280.7 279 279.9 287.3 290.4 289.5 288.1 286.8 285.5 284.5 283.7 282.9 281.9 279.7 277.5 275.4 273 270.1 267.4 264.8 262.9 260.5 257.9 254.3 253.2
350.1 350.4 350.3 350.9 350.8 350.4 350.1 348.8 346.8 345 342.9 341.5 340.7 339.8 339.3 339.3 339.1 338.9 337.7 337.3 336 334.3 332.7 330.6 328.4 326.3 324.2 322.1 319.2 316.5 311.5 307.9 306.5 305.1 305.7 305.1 302.5 301.1 299.5 297.9 300.2 302 300.1 296.4 293.8 293.2 293.7 292.4 291.5 290.4 284.5 287.9 291 286.8 282.8 277.8 284.2 288.8 288.4 287.3 285.9 284.7 283.9 283 281.9 279.8 277.9 275.5 273.2 270.9 268.2 265.5 262.9 260.9 259.1 256.9 254.3 251
350.2 350.5 350.4 350.4 350.4 349.8 349.2 347.9 345.5 344 342.4 341 339.5 338 336.3 334.9 334 332.7 331.3 331 330 328.5 326.4 325 323 321.5 318.3 315.3 315.1 312.8 313 312 310.8 309.4 310.6 309.2 309.4 310.4 309.5 306.2 305.8 305.7 306.5 305.5 301.4 295.3 294.9 292.2 291.3 289.5 291.4 295.6 296.1 291.9 286.5 280 277.9 279.7 282.8 285.6 285 283.7 282.5 281.4 279.7 277.8 276 273.7 271.3 269 266.4 263.6 261 258.9 257.1 255.3 252.4 249.3
350.4 350.5 350.5 350.6 350.6 350 348.3 347 345.9 345.4 344.1 343 341.3 339.6 337.2 334.8 334.1 334.2 334.1 329.8 329.9 329.4 327.3 325.3 323.4 321.7 322.5 321.2 319.5 320.2 318.6 316.8 315.4 315.6 315.9 315.5 314.7 314.4 313.2 313.7 314.3 313.6 313.7 313 311.9 305.7 300.9 300.4 300.1 298.4 299.7 299.1 297.4 294.7 289.4 284.1 277.5 272.1 275.5 282.5 281.6 280 278.8 278.3 277.5 275.9 274.2 271.8 269.6 267.1 264.6 261.8 259.1 256.9 255.1 253 250 246.9
350.8 351.2 351.7 352.2 352.2 351.7 350.6 349.4 348.5 347.2 346 344.9 343.3 342.4 340 339.9 341.9 341.2 340.2 338.3 336.4 334.2 332.9 331.5 329.2 326.5 327.9 327.5 325.1 324.8 323.6 321.2 321.1 321.9 321.2 319.5 318.9 322.8 323.2 322.1 321.3 320.5 320.1 319.6 318.5 316.7 312.3 311 307.9 304.8 302.3 301.1 298.8 295.6 289.7 286.2 282.9 278.7 269.8 278.1 277.1 273.5 273.1 274.7 274.2 273.9 272.3 270.1 267.9 265.2 262.8 260.3 257.2 254.9 252.9 250.5 247.4 245.4
353.2 352.9 353.4 353.7 353.7 353.9 353.1 352.5 352.5 350.8 348.4 346.8 345.4 344.7 341.9 345.6 345.7 344.9 343.9 342.1 340.4 337.9 336.8 335.8 333.5 333.8 333.4 332.8 333.5 332.4 331.8 327.8 329.5 330.3 330.3 328 331 330.7 329.9 328.6 327.3 325.5 324.1 322.8 321.7 319.8 317.1 313.6 310.6 307.6 305 302.6 298.8 295.1 290.1 286.9 284.4 280.7 270.6 268.2 265.7 265.8 263.4 263.2 267.8 269.3 269.7 268.4 266 263.4 260.9 258.4 255.8 252.8 250.4 247.5 245 242.9
355.4 354.9 355.3 355.6 356.4 357 356.1 357.2 357.3 354.4 352.2 349.8 345.2 345.5 344.7 349.4 350 348.3 347.5 346 346.1 344.8 343.6 341.6 342.9 342 341 340 339.2 338.1 336.5 334.2 336.2 336.2 332.3 335.6 336.5 336 333.7 331.6 329.1 326.9 325.3 323.2 321.2 320.1 317.6 314.9 311.8 308.7 305.4 301.6 297.7 293.8 290.3 287.5 282.9 274.6 273.1 274 276 276.6 274.3 268.5 260.4 257.3 261 260.9 261.5 259.3 257.7 256 253 248.5 243.5 240.6 240 240.7
360.4 361.1 360.8 360.7 360.6 360.1 359.2 360.9 359 357 355.1 353.5 352.2 349.2 352 353.9 354.5 353.7 352.7 353.1 353.1 352.9 347.4 349.1 349.7 348.7 346.4 344.8 341.9 339.9 338 338.9 338.3 337.8 337.8 339.6 338 336 333.9 331.3 328.9 326.6 324.9 322.8 320 319.6 317.8 314.8 311.3 307 303.6 300.7 296.9 293 290.2 287.2 277.6 283.3 282.1 281.4 279.8 277.4 274.2 272.4 270.1 267 259.3 256 253.9 252 251 248.1 247.4 250.6 250 249.8 247.4 245.8
365.8 366.1 365.6 365.1 363 363.7 365.2 363.1 361.2 360.1 359.9 359.6 354.5 351.5 358.7 362.6 363.4 362.2 360.6 359.4 359.3 357.5 351.4 356.9 355.2 352.5 349.5 346.7 343.1 341 339.8 340.9 339.5 338.5 338.1 338.4 336.9 335.3 333.4 330.9 328.7 325.9 324.5 322.3 319 318.5 316.3 312.2 307.2 303.8 301 298.8 295.3 292.6 289.7 284.1 287.1 286.4 284.6 282.8 280 276.6 274.2 271.7 270.4 268.5 267.5 265.5 264.3 261.7 259.7 256.3 256.3 255.4 253.3 251 248.5 246.5
369.1 369.6 368.8 368.4 367.2 369.3 368.5 366.5 366.6 366.5 365.7 364.6 361.1 353.9 363 365.1 365.8 364.8 364 361.6 359.3 356.8 355 357.8 355.7 353.3 351.2 348.1 344.4 342.2 341.7 342.9 341.5 339.9 337.6 335.1 335.8 334.1 332.5 330.7 327.9 324.6 321.6 315.1 315.2 311.8 309.8 305.6 308.6 300.6 296.7 294.2 291.7 290.4 287.6 284.5 288 287.2 285.7 283.4 280 276.4 273.6 271.5 270.1 268.8 267.7 266.3 264.2 262.4 261.5 259.6 257 255.1 252.9 249.9 247.2 244.4
372.5 373.2 372.3 371.6 371.3 371.7 370.8 369.4 369.6 368.9 366.9 365.5 363.7 356.8 364.4 365.6 366.5 365.9 365.3 363.6 361.6 359.2 358.9 357.5 355.9 353.5 350.9 349 344.9 344.3 347.4 345.8 344.3 342.3 336.9 335.4 334 332.9 331.4 327.3 323.6 323.7 322.7 321.4 319.8 316.2 314.6 314.4 312.5 310.5 301.6 297.5 295.2 293.7 292.5 290.2 288.7 287.6 286.6 284 280.6 276.4 273.2 271.8 270.9 269.5 268.9 267.2 265.1 262.8 260.5 259.1 256.2 253.3 250.7 247.7 245 242.4
