data/380000-540000.asc
ncols 200
nrows 200
xllcorner 380000
yllcorner 540000
cellsize 50
[rows 35 to 69 of 200, columns 0 to 77 of 200]
364.6 347.4 356.6 371 378.1 382.4 386.6 391 395 398.8 403.1 407 409.7 413.1 407.6 417.6 427.9 438.1 448.8 458.5 467.7 476.7 484 489.9 495.5 501.2 506.8 512.3 518.9 526.6 534.3 541.3 547 557.9 562.4 566.5 569.4 570.3 568.8 564.4 561.5 557.2 552.6 548 544.6 541.3 539.2 537.1 535.1 533.1 526.6 519.6 516.1 511.6 508.4 505.2 500.7 496 490.1 483.8 477.6 471.9 465.9 461.6 457.8 453.6 449.2 443.9 436.7 429.4 419.2 410.3 402.4 396.8 389.9 386.6 381.1 375.6
364.7 352.9 357.4 373.3 379.3 384.3 389.8 393.6 397.9 402.2 406.6 411 414.6 417.9 421.2 419.5 423.1 436.3 447.7 457.1 465.8 475 483.3 488.8 494.2 499.7 505.1 510.6 517.5 525.2 533.3 540.8 546.5 554.1 559.8 565.4 568.2 569.8 569.3 567.8 561.6 557.1 552.5 547.9 543.8 541.5 539.3 537.2 535 532 524.9 519.7 516 511.5 507.1 502.2 497.9 491.6 485.6 479.1 472.7 467.2 463 459.1 455.3 451.3 444.8 438 432.2 425.6 418.8 409.5 401.5 393.8 386 381 376.2 371
365.7 351.8 361.2 376.4 382.3 385.7 389.7 396.3 401.2 405.8 410.5 415.1 419.4 423.3 426.2 429.4 424.7 429.9 445.5 455.4 464 472 481 487.3 492.5 498 503.4 509.2 516 524.5 533.1 540.3 545.8 552.5 558.8 564.3 567.1 568.1 567.4 565.6 561.5 556.1 551.4 547.6 545.3 542.9 540.2 537.7 535.3 530.9 523.9 519.5 515.8 509.5 504.7 499.3 492.7 487.1 481.6 474.8 468.8 464 460.8 457.3 452.7 446.6 438.9 431.6 426.6 420.9 416.1 408.7 401.1 391.9 383.7 376.7 372.3 368.2
363.9 354.5 363.8 376.9 383.2 388.6 392.9 398.8 404.3 409.5 414.5 419.2 423.2 427.9 432.6 436.7 439.8 437.7 436.6 453.2 461.5 469.4 477.6 486.7 491.3 496.3 501.8 508.1 515.7 524.2 532.8 539.7 545.2 551.1 557.6 563.3 565.6 566.6 565.6 563.7 560.8 557.7 553.7 550.7 547.2 544.5 541.8 539.1 536.5 530.3 523.2 519.3 513.2 507.4 503 496.6 490.1 482.9 476.3 470.5 465.5 461 457.7 454.3 447.3 440.3 432.9 425.3 420.4 415.3 411.6 406.5 398.6 389.9 380.8 373.9 369.4 366.4
368.2 353.8 362.5 378 384.2 389.4 395.1 401.2 407.1 412.4 417.5 422.7 426.6 434.5 439.6 444.8 449.9 451.7 439.8 448.7 458.8 466.5 476 485 490.4 495.3 500.9 507.3 515.8 524.2 532.6 539 544.5 550 555.3 562.3 565.3 566.2 565.4 564.3 562.5 559.9 556.3 552.6 547.6 545 542.4 539.7 535.9 528.4 522 518.7 511.7 506.4 500.5 494 487.6 480.6 473.9 468.4 461.9 456.1 452.1 448.2 441.1 434 426.5 420 414.5 407.9 402.6 398.2 392.4 384.7 375.6 369.7 366.1 363.8
370.8 359.1 362.7 379.9 385.8 390.7 396.6 402.9 409.2 415.3 421 426.8 433.2 440.7 448.1 455 459.8 459.7 458 454.6 457.8 460.4 475.1 483.8 490.3 495.5 500.8 507.7 516.2 524.7 532.3 538.1 543.5 548.9 553.6 558.2 563.5 565.9 565.5 564 564 560.8 556.9 552 547.5 544.7 542.7 539.2 533.9 526.3 522 517.1 509.9 505.4 498.4 492.6 485.5 478.7 472.5 466.2 457.3 445.3 441.5 440.5 434.7 427.6 421.3 415.4 408.2 401.2 394 389.1 384.5 378.3 370.7 365.4 362.3 355.7
370.4 360.1 363.9 380.3 386.8 391.4 398.1 404.5 411 417.6 424.4 430.3 439.3 448.8 458.1 463.2 464.8 465.3 465.2 464.7 465.3 471.2 476.2 485.1 491.1 496.2 501.7 509 516.9 525.2 531.4 536.9 542.3 547.7 552.7 555.1 558.1 560.7 562.6 562.8 561.1 558 553.7 550.5 546.5 545.6 543.6 537.9 530.2 525.9 522 515.4 509.5 503.8 496.6 491.4 482.7 477 471.7 465.3 456.5 443.2 432.8 432.8 427.8 421.6 415.5 407.4 400.9 393.5 387.7 383.1 378.5 373.3 366.8 359.8 358.4 360.7
366.7 360.1 367.1 380.3 386.9 393 400 406.5 413 419.8 426.7 434.7 446.8 456.5 464.5 468.1 469.3 471.2 472.3 472 473.5 478.6 484.7 489.3 493.6 498 504.4 510.4 517.9 524.7 530.8 535.9 541.1 546.4 551.7 554 554.4 556.8 556.5 556.5 555 552.2 550.8 548.8 545.9 545.2 540.1 533.9 529.7 525.5 520 514.4 508 501.5 496 489.2 480.5 475.7 471 465 454.4 440 421.6 426 420.8 414 408.1 401 396 390.6 384.8 379 374 369.3 364.2 362.4 365.1 365.5
372.2 361.7 367.5 381.2 388.5 393.7 401.1 408.4 415.4 422.5 429.7 438.5 451.1 462.7 468.9 470.8 475.3 476.8 478 480.2 482.4 486 490.9 493.7 496.6 502.2 507.4 512.6 519.2 525.2 529.7 534.8 540 545.5 550.6 553 552.9 553.1 552.4 551.3 548.9 547.2 546.2 545.2 543 541 535.8 533.4 529.1 523.7 517.7 512.6 506.5 500.2 494.5 486.4 479.1 474.5 469.9 463.3 444.8 432.4 418.3 407.6 412.2 403.4 399.2 395.4 391.4 388.4 382.8 376.9 371.2 365.4 363 368.3 372.4 374.1
376.3 364.6 369.2 382.1 389.9 394.2 401.6 408.5 417.7 425.3 432.5 441.6 453.8 465.2 470.9 475.5 479.9 482.5 484.1 486.1 488.8 492 496.1 498.2 500.6 506.1 510.8 515.2 521 525.8 529.5 533.9 540.5 544.3 549.4 551.7 549.7 547.2 545.7 544.9 544 542.9 541.5 540 537.9 535.8 533.1 530.8 526.6 520.7 515.8 510.6 504 498.8 490.7 483.4 478.2 473.6 466.9 457.6 443.4 437.7 429.6 413.7 400.1 395.4 395.2 386.3 385.9 387.9 379.9 374.6 369.4 365 369.5 374.5 378.6 379.9
379 366.2 370.1 381.9 390.5 395 401.6 408.5 417.1 427.1 434.7 442.4 454 466 474.1 480 486 488.2 490.1 491.9 494.7 497.8 500.1 502.2 504.4 509.6 513.8 518.3 523.6 527.4 531.9 536.3 540.6 543.7 547.7 550.2 547.5 545.1 544.3 543.4 542.6 540.3 538.8 537.7 534 533.7 526.8 527.9 521.4 516.7 511.1 503.5 494.8 489.3 485.7 481.4 476.6 470.6 457.9 448 444.6 434.6 429.7 420.8 410.8 404 397.5 392.8 388.5 384.1 374.4 372.7 365.5 369.9 376.6 381.4 385.1 386.1
380.1 368.6 370.2 381.8 389.9 395.1 401.2 408.6 417 426.7 436.2 445 455.8 466.5 476 483.2 488.9 493.2 496.4 497.7 500.1 501.6 503.5 505.7 508.5 512.8 517.9 522.3 526.6 530.5 534.8 539.2 542.3 543 545.9 546.3 545.6 544.4 543.1 542 541.5 539.2 538.6 538 537.6 535.3 529.8 521.7 515.9 514.9 505.4 502.4 498.5 492.2 486.2 481.2 476.4 471.9 465.3 454.5 445.9 435 428.6 420.5 408 398.9 394.4 389.7 386.7 381.4 374 370.1 373.8 378.2 383.5 387.9 391.9 392.8
375.3 374.9 366.5 381 388.6 395.7 401.4 408 416.8 426.4 435.7 443.6 454.9 466.1 475.9 484.8 491.6 497.5 501 501.9 503.4 504.9 506.7 509.3 512.8 516.4 521.2 526.5 530.1 534.2 538.6 542.8 544 544.8 545.1 546.4 546.2 545 543.7 542.3 540.8 539.4 539.8 538.8 535.7 531.7 527.5 522.7 518.8 511.9 506.9 503 497.6 489.9 485.6 481 476.6 471.4 461.2 448.6 444.5 433.8 426.8 416.7 406.2 396.9 391.4 385.8 379.8 372.7 373.3 378.3 382.4 385.8 390.2 394.7 398.6 399.5
383.2 379.5 371.1 373.8 386.4 395.3 401.6 408.1 415.7 424.6 432.6 443 454.2 464.8 476.3 486 494.7 501.4 504.6 505.2 506.7 508.3 510 513.6 517.1 520.6 525.3 529.5 534.1 538.6 542.9 546.4 547.9 548.5 547.9 546.8 546.8 545.5 544 542.3 541 540.1 539.7 536.9 533.4 529.1 525.1 520.2 514.6 509.7 506 499.3 493.4 488.7 484.6 480.5 476.1 467 457.4 448 438.9 433.2 424.1 412.2 402.4 394.5 388.5 380.4 374.3 374.4 381.4 384.6 388 392 396.3 400.7 404.6 405.3
387.4 381.6 381.3 369 382.4 393.4 400.3 408.1 415.8 423.8 432.4 441.1 453.5 464.5 477 487.3 496.2 504.3 507.4 508.6 510.1 511.5 514.3 517.2 520.8 524.5 528.4 532.6 537.9 542.6 547.2 549.8 551.6 551.9 550.7 549.4 547.2 545.7 544.1 542.1 541.1 540.5 537.7 534.5 531 526.3 522 516.4 512.5 508.2 502.6 496 492.1 487.4 483.1 478.7 472.5 462.2 452.4 443.4 435.8 429.4 418.3 406.3 399 391.5 381.8 377.5 375.9 382.1 387.1 390.1 393.5 398.1 402.6 406.8 410.4 410.9
387.1 387.4 384.6 378 375.5 388.8 399.7 407.2 415.1 422.9 431.5 440.8 450 465.6 477.7 489.5 498.6 506.3 509.6 511.6 513.3 515.6 518.5 521.4 524.3 527.9 532.1 535.8 540.5 547.6 552.5 553.7 554.7 554.9 553.7 552.5 549 545.8 543.9 542 541.2 538.5 535.3 532 528.6 523.5 518.5 514.3 510.8 505.8 500 495.6 491.1 486.3 481.5 477.4 467.1 456.6 447.3 439.2 432.1 422.6 409.2 403.1 396.1 388.2 377.5 380.8 383.2 387.6 391.1 394.5 399.4 404.3 409 412 415 416.9
393.9 391.4 388.8 385.6 373.1 383.4 397.6 406.4 414.2 421.9 431.2 441.8 451.9 465.9 478 490.1 500.7 508.2 511.3 513.8 516.7 519.9 522.8 525.6 528.6 531.5 535.5 539 545.7 552.3 556.3 556.6 557.4 557.5 556.8 554.5 549.9 545.5 543.6 541.3 538.6 535.9 533.2 530.5 526 520.8 517.4 512.5 507.7 502.6 499.3 495.2 490.9 485.8 480.8 472.9 461.8 451.2 443.3 435.9 425.6 416.1 406.4 400.2 393.4 386.1 380.4 386 388.4 391.8 395.2 399.2 406.2 410.7 414.2 417.3 421.1 422.6
397.8 395.1 392.3 387.8 378.5 381.3 393.8 404 412.5 421.1 431.3 441.5 452.3 465.6 478 490.2 500.9 509.1 513.1 516 519.5 523.7 527 529.9 532.8 535.7 539.3 544.9 550.6 556.6 559.9 559.8 560.2 559.6 558.3 553.8 549 544.7 541.9 539.2 536.5 533.8 531.1 528.3 523.6 518.6 515.9 511.3 505.4 501.3 498.1 494.6 490.6 485.6 480.2 469.3 458.2 447.6 440.8 430.5 418.9 409.7 402.7 397 387.6 383.8 384 389.9 392 396.2 400.6 404.8 411.1 415.3 419.1 423.3 427.1 428.2
401.8 399.6 397 392.9 382.1 376.7 391.2 403.2 411.7 420.4 429.7 441 453.2 465.3 477.7 490.1 500.7 510.1 514.5 518.5 522.3 526.4 530.6 534.1 537.1 540.2 544 549.7 555.6 559.9 562.2 562 562 561.3 557.3 552.2 547.2 543.3 539.8 537.1 534.4 531.7 529 525.9 522.1 517.3 514.2 508.3 503 500 497 493.6 490 485.5 476.2 465.6 455 446.2 437.4 425.9 414.4 406.3 399.6 392.2 385.7 383.2 388.1 395.2 399.1 401.9 405.9 410.5 416.1 421.4 425.6 430.4 432.5 432.8
406 403.4 401.2 398.1 390 381.3 388 401.9 410.5 419.7 428.7 439.4 451.8 464.3 476.9 488.2 499.8 509.7 514.6 520.2 525.1 529.2 533.4 538.8 541.1 543.7 548.5 553.9 559.9 563.6 564 563.8 563.6 561 555.8 550.6 546.1 542.2 538.3 535 532.2 529.5 526.8 523.5 519.7 515.3 510.1 505 501.2 498.9 496.2 492.8 489.3 482.6 471.5 462.4 452.7 445.9 434.9 424.8 413.4 404.3 397.4 388.7 388.2 391.5 395.2 400.2 404.2 408.8 413.1 417.5 421.9 426.8 432 437.4 437.3 437.6
411 407.8 404.9 402.1 395.8 383.9 383.9 400.6 409 417.7 428.2 439.3 451.1 462.8 472.8 485.7 497.6 507.7 513.7 519.5 525.7 532.2 536.7 542.8 544.7 547.6 552.9 558.6 563.8 565.3 565.5 565.4 564.4 559.6 554.2 549.2 545.1 541.1 537.2 533.3 530.1 527.4 524.7 521 516.6 511.5 505.9 503 500.2 497.9 495.4 492.1 487 476.3 466.9 458.1 449.4 442.4 431 422.8 412.1 402.9 394.5 388.8 392.3 395.7 401.2 406.1 410.5 415.9 419.9 424.6 429.1 433.4 440 442.1 442 441.9
415 411.9 408.7 404.9 399.4 388.6 387.2 399.3 408.1 417.1 426.9 437.6 449.5 460.6 471.5 482.6 493.9 504.3 512.6 518.5 524.9 532.4 538.1 544.6 546.9 551.3 556.5 563 565.4 566.3 566.7 566.7 563 557.8 552.6 548.3 544.2 540.1 536.1 532.1 528.2 525.3 522.4 518.2 512.8 508.1 504 502 499.2 497.1 494.1 489.4 480.4 470.6 462 453.5 443.8 436.8 426.8 417.8 408.1 398.8 392.6 389.4 395.1 401.7 407 412.8 418.1 422.8 427.2 431.3 436 441.2 446.3 446.5 446.5 446.5
419 415.9 412.7 408.7 402.9 399.7 392.3 398.1 407 416.7 426.4 435.7 446.8 457.9 468.8 479.7 491 501.7 509.4 517.4 524 531.5 538.3 544.8 549.6 553 558.6 564 566.5 567.1 567.4 566.9 561.5 556.2 551.5 547.4 543.2 539.2 535.2 531.2 527.2 523.2 519.9 514.1 510.1 506.2 502.3 499.9 498 494.8 490.1 481.9 474.6 464.6 455.9 447.2 439.2 430.2 420.1 412 402.4 394.3 390.9 391.9 401.7 408 413.5 419 424.9 429.7 434.4 439.7 445.1 448.8 450.8 450.7 450.6 450.4
423 419.8 416.7 412.8 406.9 402.5 386.2 397.9 406.8 416.4 426 434.6 445.2 455.9 466.5 476.7 488.4 498.7 508.2 515.5 521.9 529.2 537.3 544.4 550.6 555.2 559.5 564.2 567.6 567.8 568.1 565.4 560 554.6 550.4 546.4 542.4 538.7 534.6 530.6 526.6 522 515.4 511 507.1 503.3 499.6 496.8 494 490 481.5 473.8 466.6 458.8 449.8 441.5 432.9 423.7 413.9 400.5 394.1 393.7 398.7 404 409.4 414.7 420 425.4 432.1 439.3 444.5 450.2 454 453.9 454.4 454 453.9 453.2
426.8 423.7 420.8 417.1 411 406.2 390.9 398.9 408 416.2 425.1 433.5 444.2 453.9 463.7 474.9 485.4 495.7 505.9 514.3 520.9 527.8 534.9 542.5 549.4 554.7 558.3 563.4 567.8 568.6 567.8 563.6 558 553.4 549.7 545.7 541.8 538.3 533.7 528.8 524.1 519.3 512.4 507.1 504.2 500.1 495.7 493 487 478.7 472.1 465.9 459.1 451.6 443.7 435 426.4 417 405.6 397.6 397.9 402.1 406.3 411.6 416.7 421.8 427.6 434.2 442.6 449 456.4 459 459.1 458.1 458.2 458 457.5 455.3
430.7 427.6 424.9 421.2 414.5 407.4 395.2 398.5 406.5 416 424.9 433.5 442 451.5 461 472.3 483.5 493.7 503.9 513.3 520 526.8 533.9 541 547.4 553.2 558.6 562 567.9 568.2 565.6 560.3 555.5 551.7 548.1 544.5 540.9 536.8 531.6 526.5 522.2 516.8 510.6 505.8 501.1 496.1 489.4 483.5 476.2 469.7 463.6 457.5 452.4 444.3 436.1 428.8 419.8 402.9 400.1 401.4 403.8 408.6 413.8 418.9 423.9 429 434.9 444.7 453.6 460.1 462.4 462.8 462.2 461.4 461.8 462 459.8 457.5
434.6 431.7 429 424.8 416.5 408.9 398.4 398.1 408.5 416.1 424.2 431.4 439.9 449.6 459.8 470.6 482.4 492.6 503.2 513.3 519.3 525.9 532.9 540.4 545.5 551.8 558.5 560.7 562.6 563.4 560.4 557.9 553.6 550 546.4 542.9 538.9 533.5 529.5 525.4 519.8 513.6 508.8 504 499.4 493.1 481.6 471 466.4 461 455.4 449.2 442.7 434.9 427.8 421 413.8 401.2 403.9 406.6 410 415.9 421.6 426.8 431.9 436.9 444.8 455.9 462.8 464.8 464.8 464.7 464.5 464.3 464.9 464.5 462.3 460
438.8 437 433.4 428.8 420.3 411.6 400.6 401.6 410.3 419 423.9 431.9 440.5 448.7 458.7 469.3 481.2 491.8 502.6 513.3 518.9 525.5 532.5 539.7 544.3 550.3 556.2 558.6 559.1 559.3 558.5 556.1 551.2 548.5 545.1 541.4 535.4 530.5 527.2 522.5 516.4 511.7 507 502.3 496.7 488.6 479.7 467.5 455.2 452.5 447 440.6 434.1 427.9 420.5 413.8 405.2 407.2 409.9 413.1 418.6 424.7 429.7 434.5 439.9 446.2 456.5 464.6 467 467.1 466.8 466.6 466.4 466.1 465.6 465.3 463.6 460.6
443.8 440.1 436.6 432.2 423.6 414.7 404.3 404.2 413.4 420.1 425.4 433.2 440.9 450.4 459 469.7 481.1 491.9 502.3 512.8 519.4 524.2 531.2 538.2 544 548.4 553.8 555.8 556.3 556.4 555.4 552.3 550 547.8 543.1 537.7 533 529.5 525.1 519.7 514.2 510.3 505.5 500.6 493.1 484.1 475.1 465.3 455.2 444.2 439.1 434 428 421.3 411.7 414.4 407.3 412.2 414.6 421.4 427.4 433.1 437.8 442.5 448 458 466.5 469.1 469.6 469.4 468.8 467.9 467.1 466.3 465.6 465.2 463.3 460.4
449.5 444.6 440.3 435.5 427 418.1 405.9 403.9 414.3 420.8 427.3 435.4 443.5 451.8 461.6 471.8 482 492.8 502.7 513.3 519.7 524.5 529.3 536.5 542.3 546.5 549.8 553.2 553.4 553.4 552.3 550.5 547.8 544 538.8 534.6 531.2 527.2 522.1 516.9 512.7 508.9 504.5 497.8 488 479.1 470.1 463 454.1 444.3 436.1 428.8 421 415.5 411.4 409.5 416.2 418.3 422.5 428.7 434.5 439.6 444.4 449.2 457.5 469.1 471.9 472.4 472.2 470.4 469.8 468.9 467.6 466.7 465.5 463.5 461 457.4
454.3 447.9 444.9 440.4 430.2 420.9 410.8 403.3 416.1 423.7 430.8 437.8 446.3 455 464.9 474.9 484.8 493.4 503.9 514.2 519.4 524.5 529.4 536.6 542.1 546.2 548.2 551.4 553.1 553.5 551.4 549.5 547.2 541.6 537.1 533.5 528.2 523.1 518.7 515 511.5 507 501 492.1 482.8 474 465.4 458 449.7 441.8 434.7 424.1 418.2 417.3 415.4 417.2 420.5 424.4 429.7 434.5 440.1 445.9 450.6 456.7 467.9 475.3 475 474.7 474 472.1 470.8 469.9 468.4 466.8 464.1 461.1 457.5 454
457.6 450.4 444 438.4 430.9 415.6 409.9 406.8 419.7 427.2 434.4 441.9 448.9 457.1 467.5 477.3 487.1 496.3 505.4 515.4 521.1 525.6 530.1 536.6 542.7 545.7 548 552.1 554.2 553.8 552.2 550.2 546.2 541 536.7 532.4 526.8 521.6 517.9 514 510.4 505.9 496 483.8 477.3 468.9 460.6 452.3 445.1 438.4 428.3 421.7 420.8 420.9 421.5 423.5 427.8 433.6 438.4 443.1 447.7 452.4 458.1 467.8 477.4 479 477.3 477 475.8 473.9 472 470.9 469.3 466.5 463.7 458.7 454.1 449.9
463.8 455.5 447.7 439.1 431.7 425.4 410.4 409 422.9 430.1 437.6 445 452.5 460.1 470 479.7 489.2 498.5 507.5 516.6 522.8 527.3 531.7 537.3 543.1 545.7 548.4 553 555 554.7 552.4 548.2 544.1 540.2 536.5 532.1 526.9 521.9 518.6 514.7 510 503.2 493 482 472.9 459.8 448.6 445.1 440.1 432.3 426.6 424.2 426.5 425.7 428.3 431.7 436.6 441.9 446.6 451.2 455.8 460.3 467.2 479.2 482.2 481.8 480 479.3 477.6 475.7 473.8 471.6 469.5 466.4 463.4 458.5 453.3 449.4
469.3 462 453.6 443.6 434 427.6 418.4 409.1 425.6 432.8 440.2 448.2 456.1 463.6 472.7 482.2 491.4 500.5 509 517.7 523.6 528.1 532.3 536.3 542.4 546.4 549.1 554.2 554.9 551.8 548.6 545.3 543 539.9 536.4 530.8 526.3 521.9 518.1 512.1 503.6 491.1 481.7 470.3 460.4 461.6 452.5 444.1 433.3 429.8 433.9 431 430.9 433.7 437.8 441.3 446.2 449.6 453.1 457.9 462.5 467.4 477.7 484.8 485.5 484.1 482.7 481.3 479.4 477.5 475.6 473.1 469.4 465.7 462.4 458.8 454.1 449.2
476.5 467.2 458.9 448.5 437.8 429.7 420.2 412.6 427.8 435 442.6 450.9 459.1 467.1 475.4 485.3 492.7 501.1 509.3 518.7 524.3 528.5 532.7 535.4 541.1 546.9 548.9 550.3 550.4 549.2 547.5 545.4 543.1 540.2 536.3 530.5 526.6 522.7 517.2 510.1 503.3 496.2 492 482.8 472.4 462.3 452.5 443.6 436.4 435.2 436.2 436.5 438.9 442.9 446.5 450.2 453.7 457.1 460.5 464.2 468.6 475.4 485.1 488.2 487.8 486.4 485 483.2 481.2 479.3 477.4 474.6 470.8 466.9 463.4 459 454.7 448.8
