data/380000-550000.asc
ncols 200
nrows 200
xllcorner 380000
yllcorner 550000
cellsize 50
[rows 140 to 174 of 200, columns 0 to 77 of 200]
404.4 408.4 412.3 416.6 422.5 428.2 433.9 440.5 446.9 451.8 457 461 467.8 474.5 475.2 474.5 473.4 472.1 471.4 471.3 471.2 470.3 469 465.6 462 458.9 455.5 453 451.3 450.4 446.3 440.8 434.5 428.1 422.3 417.6 412.9 408.3 404 399.4 395.4 391.8 386.2 380.6 373.9 368.1 362.9 357.2 352.6 348 341.8 336.2 330.8 323 316.9 310.6 305.4 299.4 293.5 292.1 290.8 287 284.1 281.4 277.7 275.7 271.4 265.8 261.8 258.9 249.3 248.3 249.2 249.2 248.3 251.5 267.3 287.3
405.3 409.3 413.2 416.9 422.6 430.7 436.8 443.5 450.5 454.8 458.6 463.8 470.8 476.2 476.2 475.6 474.9 473.8 473.6 473.5 473.4 473.3 470.9 467.7 464.1 460.5 458.5 456.2 455 452.6 447.5 441.6 435.4 429.3 423.3 418.5 413.8 409.2 404.9 400.4 396.6 392.9 387.5 381.8 375.5 369.4 364.3 358 353.3 348.8 342.3 335 325.2 317.3 314.3 309.3 306.7 303.1 298.7 296.6 291.7 287.4 283.8 281.2 276.7 271.5 267.1 263 257.7 260.5 256.3 249.4 249.6 249.4 250.1 251.8 265.7 285.4
405.5 409.9 414.1 419 426.7 433.7 440.2 445.8 453.4 458.2 461 463.6 470.9 476 477 477.1 476.9 476.2 475.8 475.6 475.4 474.9 472.5 469.5 466.2 462.7 461.1 459.5 457.6 453.9 448.3 442.4 436.2 430.1 424.2 419.3 414.6 410.1 405.8 400.9 396.4 392.5 387.5 383 377.1 369.8 365.3 358.9 353.4 344.5 337.2 336.6 333.7 327.8 321.8 317.8 313.5 308 303.1 297.8 293.2 288.2 284.1 280.9 275.8 270.6 274.6 271.4 269.9 266.5 254.9 248.7 249.9 250.8 251.1 252.9 266.9 282.1
405.2 409.8 414.7 421.9 430.5 436.6 441.2 446.6 453.1 458.4 462.3 465.1 471 476.3 478.9 479.8 480.4 479.2 478.7 478.3 477.7 476.3 474.7 471.3 468.1 465.1 463.4 461.1 458.7 454.9 449 443.2 437 430.9 425.1 420.2 415.4 411 406.3 401.4 396.5 391.4 386.1 381.3 376.6 369.8 365 357.7 348.4 349.4 347.5 342 337.8 330.3 323.7 319.2 314.8 309.6 304.2 298.3 293.8 289.3 284.7 280.2 272 277.3 278.4 275.8 272.7 270.3 261 248.1 249.1 250.5 250.6 251.8 265.1 277.9
402.4 408.2 415.6 422.8 431.7 437.5 442.2 447.2 454.8 461.2 463.9 466.7 471.4 478 481.2 484.1 483.8 482.4 481.6 480.6 479.5 478.2 476.5 473.5 470 466.7 464.2 461.9 459.6 456.1 449.8 443.9 437.8 431.7 426 421.1 416.3 411.6 406.8 401.8 396.8 387.4 384.7 379.8 375 369.3 361.1 357.2 355.4 357 351.6 345.7 339.9 331.8 325.4 320.6 316 310.8 305 299.2 294.4 289.8 286.1 277.7 279.2 281.8 282.8 279.8 276.9 276 271.6 260.1 250.8 250.3 250.6 251.4 258.6 268.6
401.6 407.6 415.2 423.2 431.5 438.1 442.7 448.6 457.7 464.1 466.1 469 474.5 480.6 484.4 487.1 486.9 485.8 483.6 482.4 481.4 480.1 478.3 475 471.5 468.4 465.2 462.5 460.2 456.9 451.3 444.7 438.7 432.5 427 422 417.2 412.4 407.4 402.4 397 391.2 383.7 376.8 372.6 369.1 366.6 364 360.1 359.5 353.5 347.6 342 335.1 327.3 321.8 316.8 311.5 305.9 300 294.9 291.8 286.3 278.5 284.4 286.7 286.5 283.3 282.7 280.1 275 268.1 257.1 252.2 250.9 253 253.5 260.9
402.3 407.9 414.6 423.3 432 437.8 442.2 450.1 460.5 465.8 468.8 471.3 476.2 482 486.8 490.1 490.4 488.9 486 484.5 483.2 482.1 479.8 476.4 473.2 470 466.9 463.7 460.8 458.1 453.8 446.5 439.6 433.5 427.6 422.6 418 413.7 408.9 403.2 397.6 392 385.9 380.3 376.5 372.8 369.8 366.3 362.7 359.6 354.3 348.1 342.5 335.5 327.1 322 317.2 312 306.5 299.9 296.4 293.1 285.4 283.6 287.1 290.9 289.9 287.9 286.8 281.9 276.8 267.8 268.9 263.2 251.6 254 253.7 254.8
404.7 409.1 416.2 424 431.3 437.9 445 451.5 460.8 466.1 469.8 472.9 477.6 483 488 493.1 496.7 491.7 488.8 486.6 485.4 484 481.2 478.1 474.9 471.7 468.6 465.4 462.2 459.1 455.2 448 440.7 434.6 428.2 423.2 418.8 414.8 410.6 405.2 399.7 394.1 388.6 383.5 378.6 373.9 370.5 367.8 364.1 359.4 353.9 348.7 342.9 334.6 326.2 321.7 317.3 312.5 306.3 299.8 296.7 292.7 284.7 286.9 290.8 292.8 292.9 290.2 286.9 282.2 277.3 267.7 274.6 266.8 251.8 254.8 254 255.3
407.5 412.3 417.5 425.6 433.8 441.2 448.4 455.6 462.2 467.8 471.8 474.4 478.2 484 490.4 495.9 498.3 493.8 490.9 488.5 486.9 485.3 482.2 478.7 475.5 472.3 469.2 466 463.4 461.1 456.5 449.3 442.1 435.6 428.9 424 420 416 411.9 407 401.5 396 390.6 386 381 376.1 371.3 368.4 364.4 358.7 352.7 346.7 340.6 333.3 325.9 321.5 317.2 311.8 306.4 302.1 300.8 297.6 288.4 293 295.9 297.5 295.8 293.7 290.7 284.5 276.3 273.9 278.3 272.3 259 252.8 255.4 256.3
410.9 415.6 420.2 428.9 437.5 444.5 451.2 458.3 465.4 470.3 473.7 477 479.5 486.2 492.8 497.1 498.3 495.3 492.4 490.3 488.5 486.7 483 479.3 476 472.8 470 467.8 465.6 463 457.7 450.6 443.5 436.6 429.9 425.2 421.1 417.1 413.1 408.6 403.3 397.8 392.6 388.2 383.4 378 372.6 368.9 364.8 358.7 352.4 346.3 340 333 326.5 322 317.9 313.7 308.6 306.2 303.1 299.8 289.9 297.3 298.3 298.4 297.4 295.8 291.7 284.1 278.1 280.9 284.9 277 267.4 254.4 255.7 256.5
414.2 418.9 424.4 432.8 441.8 447.7 453.8 460.7 466.8 472.1 476.9 479.1 481.6 487.7 494.3 499.2 499.4 496.7 494 492.1 490 487.2 483.6 480 476.7 474.4 472.2 470 467.6 464.4 459 451.9 444.7 437.6 431.7 426.9 422.3 418.3 414.3 409.9 405.1 399.6 394.5 390 384.3 378.6 373.2 369.7 365.5 360.1 353.6 347.8 341.9 335.3 326.9 323 319 314.8 310.6 307 303.8 299.3 292.7 300.5 300.3 298.7 297 296.6 291.8 282.3 285.4 287.9 288.7 280.2 270.8 258.8 253.4 256
417.7 423.1 429.7 437.9 443.9 449.9 456.4 462.4 468.9 475.2 479.4 481.3 484.6 491.4 500.4 502.2 501.5 499.2 496 492.7 490.2 487.5 484 480.6 478.1 476.3 474.1 471.9 469.7 465.8 459.5 452.8 445.7 438.6 433.7 428.9 424.2 419.5 415.5 411.1 406.5 401.5 396.5 391 385.3 379.5 374.2 370.9 366.6 362.4 355.9 349.3 343.3 337.5 330.4 324.1 320 315.8 311.6 308 304.3 299.3 299.7 303 302.2 300 297.3 294.7 290.4 286 288.7 290.9 291.6 282.3 273.5 262.8 257.4 257.5
421.7 427.8 435.1 440.9 446.6 452 458.8 465.2 471.4 478.7 482.8 483.8 488.9 495.7 503.8 505.1 504.7 504.2 500.3 495.2 491.4 488.1 485.2 482.1 479.6 477.8 476 473.7 471.8 466.6 459.9 453.2 446.5 440 435.5 430.9 426.2 421.4 416.7 412.4 407.8 402.5 397 391.5 385.8 380 375.4 372.1 367.8 363.8 358.1 351.6 345 338.5 332 325.2 321 316.7 312.7 309 303.2 302.5 304 304.9 303.5 299.8 295.3 292 288 290 292.5 295 294.9 284 275.8 268.2 258.2 258.6
424.8 431.9 438 444 448.8 454.1 461.1 468.3 476.7 481.8 484.7 485.8 491.4 497.9 505.6 507.1 507.2 507.2 505.5 499.2 495.5 491.8 487.8 484 481.1 479.2 477.4 475.6 472.7 467.1 460.4 453.7 447.3 441.6 437.1 432.7 428.2 423.5 418.8 413.4 408.2 402.8 397.3 391.8 386.2 380.5 376.5 373.2 369.1 365.1 360.4 353.9 347.7 342.5 334.8 326.7 319.4 315.9 309.3 312 309.5 307.4 307.7 305.4 302.6 300.8 299.2 295.5 291 291.3 294.8 297.3 298 288.7 281.6 274.9 269.4 258.9
431.6 433.7 441 446.4 450.8 456.2 463.4 472.3 479.8 484 485.8 486.8 492.8 498.6 504.2 509.1 509.3 509.1 508 502 499.4 495.8 490.9 486.5 482.5 480.6 478.6 476.3 472 467.7 461.2 455.1 449 443 438.5 433.9 429.2 425.2 420.9 414.9 408.1 402.9 397.6 392.1 386.5 380.8 377.4 374.1 370.4 366.4 362 356.8 350.7 341.1 335.5 332.3 323.8 319.5 316 313.3 310.8 309.1 308.7 306.2 304.2 303.4 298.4 296.4 294 294.8 297.3 299.4 297.1 293.9 288.4 282.1 274.2 261
436.6 438.4 442.1 448.2 452.7 458.6 466.6 476 481.7 485.6 486.8 487.4 492.7 499.2 504.6 509.9 511.4 511 510.2 506.8 503.6 497.5 492.2 487.6 483.9 481.5 479.3 476.7 472.7 467.8 461.8 455.9 450 444.2 439.5 434.8 430.1 426.4 421.9 415.9 409.1 402.1 396.6 391.5 385.9 380.8 377.7 374.7 371.5 367.6 360.6 356 352.1 346.6 340.2 334.5 326.3 320.8 317.4 314.6 312.3 310.9 310 307.7 305.9 304.1 301.1 299.4 295.7 298.6 300.3 300.8 297.2 292.6 288.5 282.5 271.3 261.4
440.7 442.4 445.7 451 456.9 462.8 470.3 478.6 483 485.3 486.9 488.3 492.9 499.5 504.1 509.6 512.5 513.4 512.8 510 504.3 497.8 491.8 487.4 484.6 482.2 479.8 477.2 473.4 467.9 461.6 455.7 449.8 444.8 440.2 435.6 431.2 427.4 422.7 416.6 409.9 402.9 396 390.3 385.1 380.8 377.8 374.8 371.8 367.4 367.4 361 354.8 348.1 341.9 336 328.1 322.2 318.8 315.9 314.1 312.7 311.3 309.4 307.6 305.7 303.6 300.4 299.3 301.9 302.4 301.9 297.5 292.4 287.7 280.2 264.3 269.1
443.9 447.5 452.2 456.2 461.1 464.8 471.8 479.4 483.3 485.3 487 488.8 492 498.4 503 509.4 513.4 515.3 514.7 510.3 504.1 497.2 491.2 487.7 485.2 482.7 479.9 477.3 473.7 467.9 461.7 455.6 450.1 445.4 440.8 436.3 432 428.2 423.1 416.8 410.3 404 397.6 391.6 385.7 380.8 378.4 376.3 374.2 372.4 368.8 363 356.4 349.7 342.9 336.8 330 324.2 320.3 317.3 315.9 314.1 312.2 310.3 308.4 306.4 303.8 301.8 302.5 302.8 303.4 302.6 296.5 290.4 284.4 276.5 268.2 280.7
446.9 451.9 456.9 461.1 464.4 466.7 472 477.8 483.1 486.2 487 488.9 492.9 496.5 502.3 509.1 513 514.5 512 507.4 501.7 495.4 491.2 488.2 485.5 482.6 479.8 476.8 471.1 466.6 460.9 455.3 450.7 446 441.4 436.4 432.3 428.6 424.4 419.2 412.7 405.6 399.2 393.1 386.7 381.8 379.6 377.4 375.3 373.1 369.7 364.5 358 351.2 344.2 337.7 331.8 326.2 322.1 318.6 316.7 314.9 313 311.1 309.1 307.2 304.4 302.4 303.2 301.6 300.5 298.1 294.2 287.3 281.2 267.4 279.7 285
452 456.7 461.4 464.7 468.6 472.6 475 479.8 483.9 486.6 487.9 489.8 491.9 496 501.5 507.3 511.4 511.4 507.4 503.3 497.6 493.5 490.8 488 485 481.6 478.1 473 468.3 464 459.7 455.8 451.2 446.6 441.6 436.5 432.7 429.6 426.7 422.6 416.7 407.6 400.9 394.6 388.2 382.7 380.5 378.3 376.1 374 370.3 365.2 359.3 352.8 345.7 339.5 333.8 327.2 323.8 320.3 317.4 315.6 313.7 311.8 309.9 307.9 305 302.7 300.5 299.5 297.7 292.8 285.8 275.4 273.2 275.1 286.1 290.3
457.7 461.9 465.2 467 471.6 476.3 479.6 482.5 486.4 487.5 489.1 491 492.8 495.8 501 504.5 506.5 505.5 502.5 498.9 495.8 492 489.3 486.7 483.2 479 474.1 469.9 466.3 462 458.7 455.2 450.3 445.6 441.6 436.7 433.6 430.9 428.3 424.8 419.2 410.8 402.4 396 389.5 383.6 380.6 378.4 376.4 374.5 371.3 366.1 360.2 353.7 347 340.8 335.5 330.2 325.4 322.1 318.8 315.9 313.7 312.5 310.6 308.5 305.5 299.8 291.9 290.1 287.4 279.3 274.9 271.7 274.5 286.8 291.3 295.4
462.3 466 469.3 471.6 474.5 479.2 482.7 486.1 489.2 490 490.7 492.5 493 494.6 498.8 501.4 501.6 500.1 498.3 496.2 492.9 490.5 487.7 485.4 481.6 476.7 471.4 467.8 464.3 460.1 457.1 453.8 448.9 444.6 440.6 437.5 434.9 432.3 429.6 426.1 419.7 411.1 402.3 396.3 390.5 384.9 380.6 378.8 376.9 375 371.9 367.1 360.9 354.7 348.6 344.1 341 335.4 328 323.6 319.8 316.7 314.2 311.7 309.4 304 303.9 303.2 299.6 291.4 278.3 274.6 276.8 279.9 285.4 292.4 298.1 300.6
462.7 469.9 473.2 475.6 478 482.1 485.6 488.8 491.9 492 492 492.6 493.1 493.5 496.1 497.9 497.6 495.7 494 492.6 489.8 487.9 486.1 483.9 480.3 474.8 469.3 465.7 462.2 458.3 455.4 452.2 447.5 443.5 440.8 438.4 435.6 433 429.8 424.5 419.7 410.7 402.4 396 390.3 385.9 381.4 379.2 377.4 375.6 372.2 368.1 361.9 355.6 349.3 344.7 342 336.6 330.7 326.4 322.1 317.6 313.9 310.6 308.1 309.2 309.1 305.3 300.9 289.6 276.9 281.1 290 290.8 292.5 296.8 302.5 303.9
473.4 470.4 476.9 479.3 481.7 487.1 490.8 492.5 492.9 492.7 492.6 493.1 493.6 493.7 494.3 494.2 493.1 491.4 489.7 488.1 487.1 485.2 484.4 482.7 478.3 473 467.4 463.5 460 456.7 453.9 450.5 446.4 444 441.7 439.4 436.4 433.7 429.1 422.4 417.2 410.1 402.5 395.7 391.2 386.8 382.4 379.4 377.7 375.2 371.8 367.4 362.1 355.8 349.8 345 340.3 335.3 331.8 327.4 322.5 317.9 313 311.6 311.1 310.9 309.8 306.8 296.7 283.3 281.9 292.4 297.7 299.7 301 304.1 305.6 306.2
479.4 476.8 478.3 481.6 484.1 489.1 492.1 492.6 493.3 493.2 493.3 493.6 494 494 492.5 491.5 490.2 487.7 485.8 483.8 483.1 482.7 482 479.5 474.5 469.3 464.2 460.6 457.3 455.1 452.4 448.9 446.5 444.6 442.6 440.3 436.8 432.3 427.2 420.3 413.4 407.1 400.5 395.7 391.4 387.2 383 379.3 376.8 374.2 370.3 365.7 361.1 355.9 350.3 344.3 338.9 334.3 331.3 328.4 324.2 319.2 316.7 316.2 314.1 312.4 311.1 304.1 292.6 278.8 291.3 301 303.4 304.3 307.4 308 308.8 307.1
482 481.8 481.3 482.8 486 488.6 492.1 492.7 493.4 493.7 493.9 494.2 493.7 493.4 491.1 489.1 487.8 484.4 482.5 480.1 479.4 477.6 476.4 473.9 470 464.8 460.8 457.5 455.4 453.3 451 448.3 445.6 443.6 441.8 438.8 434 428.5 423.2 416.8 408.4 404.2 397.6 395 390.7 386.3 382.1 378.8 376.2 372.6 368.1 363 358 353.4 348 343.3 338.1 334.1 330.7 327.9 324.8 321 318.7 317.6 315.8 313.5 308.6 300 284.1 286.5 299.9 306 308 309.7 310.7 311 311.1 309.8
484.6 484.3 484.1 485 487.9 489.7 492 492.9 493.5 494.2 494.2 494.3 493.7 492.5 489.8 487.7 485.3 481.2 479.1 476 474.4 472.8 470.2 467.8 464.4 461.1 457.9 455.5 453.4 451.3 449.7 447.5 444.5 442.1 438.3 434.1 428.8 423.3 418 410.1 403.6 400 396.3 393.9 390 385.7 381.3 378.1 375.4 370.5 364.4 358.6 353.7 349.7 345.1 340.4 337.3 334.4 331.3 328.8 325.5 323.4 321.3 317.9 314.4 308.6 301.7 289.9 286.4 299.6 306.9 310 311.3 312.7 312.6 313.4 313.1 311.7
487.6 487.2 486.8 488 489.9 491.8 492.7 493 494.6 496.1 495.1 494.5 494.1 492.3 491 488.8 484.3 476.8 473.2 470.2 469 467.4 463.9 462 459.9 457.5 455 453.5 451.4 449.8 448.4 446.1 442.4 438.2 433.9 429.7 424.3 418.4 412.6 405.7 400.5 397.2 395 392.8 389.3 384.8 380.3 377.5 373.3 367.5 361.4 355.3 350.2 346 342.5 338.7 336.3 334 331.3 330.2 326.9 325.1 323.2 319.5 309.7 300.6 288.6 284.7 297 306.5 312.2 312.6 313.9 315.3 315.6 315 314 312.3
490.8 490.4 489.9 490.5 491.8 492.7 493.6 494.7 497 497.9 496.9 495.8 494.8 494 491.1 488.7 485.4 480.9 477.9 473.6 469.5 465.8 457.5 455.6 456.1 453.4 450.8 450.8 449.3 447.9 446.5 442.4 438.7 433.8 429.6 425.7 420.5 414.7 409.2 403.6 399.6 396.2 392.7 390.6 387.1 382.6 378.7 373.9 368.9 363.5 357.8 352.2 347.5 343.1 340.1 337.6 335.3 333 331.3 330.8 328.3 326.6 320.8 309.7 301.8 291.9 290.3 304.5 306.9 312.7 315.1 316.1 317.1 317.4 317.5 316.9 315.1 313.6
494 493.6 493 492.7 493.3 493.5 494.4 497 499.4 499.6 498.6 497.7 496.6 494.6 491.5 488.9 485.1 480.7 478 474.4 472.3 469.7 464.7 458.4 446.3 439.8 443.6 446 444.3 441.5 438.7 435 431.7 428.7 424.8 420.8 416.1 410.6 404.9 401.4 398.2 394.2 389.8 386.2 382.9 379.3 375.3 370.3 364.8 359.3 353.8 348.9 344.7 341.1 338.6 336.6 334.6 332.7 331 330.7 329.3 324.7 312.2 303.2 292.4 297 302.5 313.3 315.7 315.9 317.7 319.2 319.6 319.4 319.2 318.3 316.6 314.9
497.2 496.7 496.1 495.3 494.8 495 495.6 499.7 502.9 501.7 500.6 499.5 498.5 495 491.7 488.2 484.5 480.7 476.9 473.4 471.1 467.7 463.4 458.3 454 446.2 435.1 434.9 435.3 432.6 430.2 427.1 424.5 421.9 418.2 413.9 409.3 405.8 401.8 397.3 394.1 389.7 385.9 382.1 378.4 374.9 371.2 365.8 359.8 354.3 349.1 345.7 342.2 339.2 337.6 336.2 334.6 332.5 330 328.4 322.4 315.9 303.9 292.7 301 306 310 321.1 320.3 319.4 320.9 321.9 321.8 321.1 320.9 319.6 318 316.4
500.3 499.6 498.7 497.7 496.8 496.8 497.3 502.6 505 503.8 502.5 501.2 498.6 494.9 491 487.6 484.7 481.4 476.7 472.9 470.2 465.7 461.2 455.3 450.6 445.4 437.7 428.6 423.9 425.3 423 420 418.4 414.8 411 406.9 402.3 398.6 395.2 391.2 387.3 383.9 380 375.8 373.5 370.1 366 360.3 354.3 349 345.4 342.3 339.8 337.9 337.4 336 334.5 332.7 329.5 321.7 312.3 304.1 295.9 305.4 312.6 317 324.1 323.5 323.7 323.4 324.3 323.9 323 322.7 321.6 320.7 319.1 315.5
503.2 502.5 501.2 500.1 499.2 499.1 499.8 504.5 506.1 504.9 503.7 502.2 498.5 496 491.7 490.5 486.8 481.5 477.3 474.5 471.4 466.3 461.1 454.5 439.8 438.5 431.8 426.1 418.6 418.5 417 414.9 412.1 407.4 403.1 398 393.4 389.9 386.4 382.8 379.7 376.7 372.8 368.6 366.1 363.3 358.6 353.8 349.7 345.5 342 339.2 337.7 335.9 336 335.5 334.1 331 325.1 315.4 304.2 308.2 312.8 315.8 319.2 323.9 324.9 326.2 326.4 326.6 326.2 325.9 325.1 324.7 323.3 321.7 319.7 308.5
506 505.3 504.6 503.4 502 502.2 503.4 506.4 507.1 506 504.8 501.7 498.7 497.2 494.7 491.5 486.5 481.8 479 476.2 473 468.3 463.1 455.7 447.7 436.5 424.3 419 411.6 410.4 410.6 407.3 403.6 397.6 390 388.7 385.8 381.6 377.6 373.8 370.2 368.2 364.3 361.7 359 355.9 352.5 349.5 345.6 342.6 340.5 337.5 334.3 334 333.7 332.7 326.5 317.5 317.3 306.9 308.5 316.9 319.3 320.4 323.5 325.5 326.7 328.3 328.9 328.8 328.3 327.4 326.9 325.4 323.8 322.6 318.7 307
508.7 508 507.4 506.7 505.8 505.9 506.6 507.8 508 507.3 506.2 502.9 501.8 498.4 495.4 491 486.1 483.4 480.6 477.8 474.5 470.3 463.4 454.5 445.9 436.8 426.4 421.6 416 411 405.3 397.3 389.5 385.3 384.1 381.8 378 374.3 371.1 367.4 363.3 361.1 359 356.8 354.6 351.4 348.8 346.7 343.8 340.8 338.5 333.3 327.4 323 326.5 321.5 312.3 311.1 322.3 321.9 323.2 324.8 325 325.1 326 328.9 330.1 330.2 330.2 329.1 329.4 328.2 327.4 325.7 323.9 322.6 314.5 305.3
