data/380000-520000.asc
ncols 200
nrows 200
xllcorner 380000
yllcorner 520000
cellsize 50
[rows 35 to 69 of 200, columns 78 to 155 of 200]
527.5 525.3 530.9 535.4 539.8 542.3 543.1 542.8 542.9 542.8 541.3 540.8 539.6 538.2 537.2 530.2 522.9 520.8 519.7 516.1 517.6 507.3 493.7 485.8 484.7 479.1 470.9 457.4 443.7 434.7 429.7 425 419.7 415.7 410.5 405.7 400.3 397.1 395.6 393.9 392.1 390.2 389.3 388 388.2 390.4 390.4 387.8 382.7 376.4 369.8 360.4 351.6 344.1 335 335.5 355.2 368 379.1 391.9 392.4 394.5 392.2 391.5 384.9 340.4 339 338.4 337.8 346.4 359.7 367 358.3 349.3 338.8 322.7 318.9 320.6
531.7 528.2 528.2 532.7 536.9 539.9 540.1 539.7 539.6 539.6 539.3 539.4 540.5 538.3 537.3 535.7 531 521.3 519.5 518.9 520.4 518.3 514.5 497.4 474.3 468.2 461.9 449.7 439.4 430.5 421 416.3 410.8 408.2 406.4 405 403 398.4 397.2 394.7 391.6 389.5 388 385.8 384.4 384.1 382.7 381.1 379.8 378.5 377.5 374.2 367.7 359.4 350.8 334.4 333.6 338.9 339.7 351.6 365 367.3 371.8 370.1 370.1 341.8 338 338.3 344 346.5 353.9 350.9 342 335.4 322.3 320 322.4 331.4
533.7 531.4 527.4 528.6 535.3 539.1 539.6 539.3 539.3 539.8 538.3 534.8 531.9 532.7 532.2 535.4 534 527.6 520 518.2 517.4 516 512.2 504.3 491.3 471.9 452.2 435.6 427.3 419 416.3 409.8 404.9 402 399.1 399.3 400.9 400.4 399.1 395.6 392 390.1 386.9 383.7 381.6 379.8 377.2 374.3 370.2 367.5 365.8 364.4 361.1 353 344 338 335.7 332.4 334.9 335.1 333.5 330.6 329.1 337.2 340.2 341.9 336.4 336.6 336.8 335.9 334.4 335.5 332.8 326.5 320.4 323 331.6 338.7
540.4 533.5 530.5 529.3 530.1 536.8 539.2 539.5 539.4 539.4 537.8 537.2 530.8 527.8 526.4 525 525.4 523.1 521 515.2 510.9 508.8 506.5 502 491.9 471.3 434.5 429.6 427.1 421.3 413.3 409.4 404.3 401.6 398.6 396 394.7 395.9 397 397 394.3 390.8 387.7 384.4 380.6 378.3 374.9 370.4 365 360 355.7 354.1 352.1 348.2 341.9 338.6 337.9 335.8 333.2 332.1 332.9 333.2 332 331.4 331.2 327.3 325.3 329.4 329.9 331.3 331 326.6 325 322 325.8 333.3 342.3 349.4
542.5 541.7 541.5 536.2 529.3 530.8 537.4 539.3 539 537.8 536.4 535.4 533.1 532.9 531.2 526.9 528.7 532.4 527.3 517.4 514.4 510.5 504.9 499.2 488.1 448.1 449.4 452.2 439.5 434 426.4 419.6 408.8 403.2 397.6 394.4 392.3 391.5 390.3 390.3 390.9 390.9 388.5 384.3 380.7 377.7 375.2 371.1 366.6 361.3 356.6 354.4 351.6 348.7 345.1 341.4 339.2 337.5 336.7 335.1 334.3 333.2 332.4 331.4 329.9 329.1 328.5 327.4 327.4 325.9 324 324.4 326.3 329.9 336 341.6 349.6 355.6
545.7 545.1 543.9 542.4 535.1 530.1 532.2 535.7 538.3 538.9 540 538.8 534.9 535.7 533.8 528.7 529.3 528 525.8 520.9 516.6 513 506.9 497.3 484.7 479.1 473.7 464.1 459.8 453.9 446 435.9 427.1 418 406 398.4 396.4 391.6 388.7 386.5 384.9 384.2 385.5 384.8 380.8 377.2 375.8 372.2 371.2 365.9 360.4 357.8 355.7 353.7 351 345.1 344.6 342.1 340.6 337.9 334.9 333.3 332.6 331.4 330 329 328.5 327.9 328.2 327.5 327.9 333.5 338.4 341.1 347.6 351.6 355.9 361.9
546.5 547.8 547.1 547.3 540.6 529.6 531.2 532 535.8 539.7 540.8 540.1 538 536.8 533.5 524.8 524.2 520.7 514.8 518.6 517.5 514.4 506.9 494.6 497.9 497.8 495.2 486.8 483.1 483 474.4 462.6 451.9 438.9 428.1 415.2 408.5 399 395 391.2 387.2 383 380 379.7 378.4 378 374.5 372.1 370 367.9 365.6 362.2 360.2 358.5 356 351.8 350.5 347.3 344.7 341.9 338.8 336.5 334.8 333.4 332.2 330.6 329.3 329.6 329.7 335.8 340.4 344.5 353.4 357.6 359.9 363.3 365.4 368.7
547.1 549.1 548.3 547.5 539.6 532.1 530.5 530.3 530.9 534.9 539.6 540.4 539.3 536.9 528.9 523.1 519.7 513.5 513.2 514.4 516 514.5 501.8 504.8 504.9 505.2 502.9 502.5 500.1 499.2 493.7 485.5 467.3 452.1 440.6 431.3 423.2 413 404.9 396.3 390.2 388.1 384.3 379.8 376.3 374.2 372.4 370.4 367.9 365.9 364.3 362.6 361.3 359.2 356.5 357 352.5 353.4 350.3 347.1 343.9 341.7 340.9 341.4 345.1 344.5 347.1 347.7 350.7 350.7 355.3 354.8 361.3 368 372.7 375.2 375.6 375.3
547.9 548.4 549.2 549.3 542.4 539.4 536.2 529.6 530.6 528.9 530.9 535.5 533.8 530.4 524.6 521.9 518.4 513.7 512.1 512.2 511.6 509 508.5 510.6 510.9 511.5 510.8 509.4 505.9 502.8 497.4 489.6 471.3 460 451 442.1 435.1 424.8 420.9 413.7 406.1 398.6 393.7 386.6 383.9 380.7 373.8 371.9 369.3 366.8 365.3 363.3 361.1 361.1 360.9 360.5 359.2 357.9 358.5 357.7 355.8 353.9 355.5 357.6 362.9 371.4 367.4 367.5 368.9 365.7 364.3 367.7 374 379.1 380.9 385.9 384.4 382.9
548.5 549.2 549.8 549.8 548.1 543 540.7 538.1 529.5 528.7 526 524.8 524.9 522.6 521 517.8 516.5 512.3 511.7 511.7 510.5 510.2 511.1 513.4 515.3 516.8 517.4 515.5 513.3 512.2 508.1 499.1 482.8 466.9 455.7 447.7 440.9 435.5 428.7 423.1 417.9 412 405.8 399.4 394.8 388.8 384.9 381.7 378.7 374.8 371.1 369.4 364.7 364.1 363.4 363.1 364 364 365.4 367.4 369.4 374 378.2 379.7 379.5 379.3 380.5 382.7 381.6 377 377.8 382 382.2 385.6 387.3 389 389.2 388
548 549.6 550.4 550.2 550.3 545.1 542.4 541.3 541.8 535.4 528.3 526.4 524.7 524.5 522.1 519.5 517.6 515.1 514.5 512.6 512.7 514.4 517 518.5 518.7 519.8 520.8 519.6 517.7 513.9 508.9 501.1 486.7 472.2 461.4 453.8 448.2 446 437.6 432.4 427.6 420.1 413.8 408.4 402.5 399.1 395.6 391.2 388.3 384.2 383.1 379.2 377.4 373.6 371 367.1 368.8 370.5 374.3 377.8 386.1 391.6 391.8 391.3 390.2 392.5 395.5 393.5 390.9 388.1 389.3 389.3 385.6 391.8 392.1 391.3 390.9 389.5
548.2 549 549.9 551.1 550.3 546 543.8 543.4 542.3 543 536 530.4 528 526.9 526 524 520.7 518.1 517.3 515.3 515.7 518.5 521.8 523.9 523.6 523.7 524.4 524.6 525.6 519.3 514.3 507.3 492.9 477.7 469.5 464 459.5 455.7 454 447.2 440 433.1 424.1 418.5 413 409.6 404.2 400.4 397 394.3 391.8 387.9 386.4 385.2 382.6 382.7 382.3 378 384.9 389.8 397.6 399.3 398.7 397.5 396.5 396.8 397.4 396.3 395.3 395.3 395.3 394.6 390.3 393.8 394.2 392.9 392 390.6
549.3 552.6 550.3 550.9 550.5 547 545.8 544.9 543.7 542.9 540.1 532.5 528.7 527.8 527.2 525.6 523.5 521.3 518.7 517.6 518.2 522.6 525.6 527.9 528.4 528.1 528 527.2 527.6 525.2 517.7 513.6 505.3 489.6 480.4 473.5 468.9 466.4 460.9 454.9 450.7 443.2 434.3 428.6 422.6 417.5 414.5 410.2 406.3 403.3 400.8 397.8 398.2 395.6 394.3 394.1 392.1 384.1 395.1 402.7 406.9 404.6 402.6 401.4 398.8 398.4 399 403.3 403.6 401.3 399.6 398.3 397.5 394.9 395.4 395.2 394.7 393.2
551.9 554.7 552.8 553 552.2 551.3 547.3 545.8 544.2 542.7 540.8 538.8 531.5 528.6 527.8 527.9 525 524.3 523.7 522.1 517.4 524.4 528.6 530.7 531.3 529.7 529.3 528.9 527.4 525.8 519.6 514.2 508.3 494 486 479.1 475.7 481.5 477.8 474.4 472.9 462.6 448.9 439.6 432.6 428.5 424.9 420.7 416.5 414.9 413.3 410.7 408.2 405.1 404.6 401.2 398.8 395.7 401.2 408.3 409.3 407.9 406.4 405.3 403.4 402.9 408 406.7 405.4 403.6 402 400.2 399.1 398.2 396.7 396.7 396.7 395.6
548 557.1 559.4 558.1 555.4 553.4 549.1 546.8 545.6 544.1 542.3 540.1 535.5 534.6 530.8 530.9 530.6 529 527.4 526.5 524.7 524.6 530.3 532.3 531.7 530.7 529.8 529 527.9 526.7 523.6 515.3 510.6 498.6 491.2 487.1 484.3 491.4 499.9 503.9 498.9 488 471 456.6 445.1 437.6 432 428 424.4 421.6 419.3 416.2 413.9 412 410 407.1 402.6 404.4 405.2 407 408 408.9 409.4 409.4 410.6 408.8 409.3 408.5 407 405.6 404 402.3 400.5 398.4 399.4 399.3 399.3 397.9
543.9 549.3 554.4 557.8 558.7 556.5 554.8 552.5 549.3 546 544.6 543.7 541.2 539 536.8 536.1 533.9 533.3 530.6 530.4 528.7 523.9 531.1 533.1 532.2 531.4 529.1 527.9 526.9 525.7 522.9 516.5 510.6 501.7 495.3 494.4 495 501.4 512.2 525.7 525.2 509.7 489.7 472.9 458.2 447.8 439.6 433.9 428.6 425.1 422.6 420.2 418 416 414.2 411.9 409.7 410 410.1 411 410.2 410.3 412.8 413.5 412 410.8 410.1 409.4 408.5 407.2 404.9 402.5 402.3 402 402.1 402 401.5 400.1
550.8 551.5 552.7 556.2 559.4 559.7 558.8 556.6 554 550.1 546.8 545.1 543.1 540.8 540.1 538.3 536.5 535.3 533.5 532.5 531.2 525.8 531.3 533.1 532.5 530.2 528.5 526.8 525 522.2 519.1 515.6 510.6 505.5 501.7 505.9 513.3 515.6 519.5 526.1 528.1 517 499.9 484 469.9 456.4 447.1 439.5 433.6 428.2 425.6 423.6 421.7 420.4 418.6 416.6 413.4 415.1 416.9 418.2 417.5 416.2 414.7 414.2 413 412 411 410.2 409.3 408 405.1 405.5 405.7 405.4 406.4 405.6 404.8 404
556.7 558.1 557.7 559.5 560.9 560.3 559.4 557.4 554.8 552.3 549.2 547.2 545.9 544.3 542.2 539.5 538.4 537.1 535.5 533.2 531.8 527.7 530.4 533.6 534.5 532.5 530 526.8 523.9 522.6 520.3 519.2 516.8 513.1 512 517.7 521.4 523.1 523.8 524.8 528.9 525 510.8 494.4 479.6 464.6 453.7 443.9 438 433.1 429.7 427.4 426 425.1 423.3 420.9 417.5 421.4 424.2 425.6 425.2 423.4 422.5 420.8 418.2 415.2 412.6 410.9 409.7 406.8 408 409.1 410.5 411.1 413.5 412.3 414.6 414.9
559.1 560.5 562.5 565.1 565.6 564.6 562.9 560.4 558.8 556 551.9 547.4 545.2 544.2 543 541.2 539.7 537.6 535.9 534.4 532.6 530 529.5 532.8 534.4 534.3 532.2 528.6 525.9 525.1 523.7 523.5 519.7 517.3 515.2 522.9 525.8 525.6 525.2 524.7 528 526.4 518.7 506.8 490.5 473.2 459.9 449.8 442.9 438.3 435.6 433.8 432.4 431 428.8 425.5 422.5 425.1 429.2 430.9 431.6 431 429.4 427 423.1 418.5 413.5 411.5 411.4 413 413.9 414.9 416.8 420.2 421.6 420.2 421.9 421.8
561.4 560.5 563.3 566.5 568.6 568.9 566.8 563.9 561.3 558 554.1 548.8 544.4 544 543.1 541.3 538.9 537.3 535.3 533.7 532 529.2 528.6 529.9 533.6 534.3 532.8 532.8 530.8 528.8 525.8 523.5 520.8 517.7 515.3 522 525.1 524 521.6 521.9 522.7 524 519 507.6 493.1 476.9 465.9 455.7 448.5 445 441.3 440.4 439.5 438.2 435.4 431.7 426.8 426.3 428.6 429.1 429.8 429.5 427.2 425 420.8 415.8 416.7 416.1 417.2 417.9 420.3 422 425.5 426.1 426.7 426.9 426.5 426.5
563.7 564.3 563.8 563.1 564.7 567.2 566.9 565.3 562.1 558.4 555.4 552.4 546.8 543.7 541 538.8 538.6 537.9 534.3 534 533.2 532 529.8 530.1 531.7 536.2 535.9 534.6 532.7 529.7 526.3 523.8 520.2 518.6 514.8 519.6 521.3 520 517 516 515.7 517.5 516 506.2 490.2 476.8 466 458 452.3 448.3 444.7 444.4 443.4 442.2 439.4 435.4 429.2 430.2 430.1 429.6 428.1 426.3 423.5 420.6 418.2 420.4 421.7 422.5 424.6 427.8 430.2 431.1 431 430.7 430.7 430.2 430.6 429.8
565.9 566.4 566.2 564.7 562.6 564 563.7 564.6 562.7 560.2 556.9 554.1 549.5 545.3 542 541 539.8 536.7 537.9 537 537.2 536.6 533.5 531.5 529.7 535.5 537.7 535.7 532.8 530.2 526.9 524.1 520.7 517.5 514.1 514.1 514.8 516.3 514.4 511.7 511.4 512.2 511.4 503.5 490.2 477.4 467.2 459.7 454.1 450.3 447.2 446.1 444.2 442.1 439.6 436.5 430.5 435.7 434.6 432.3 429.5 426.4 422.8 422.4 426.6 428.3 430.2 431.9 434.8 436.9 435 433.9 433.4 432.7 432.1 431.6 432.1 433
566.2 566.7 568.2 567.2 564.3 562.3 562.1 562.8 561.7 559.5 555.9 552.1 549.4 546.2 544 542.4 540.9 540.2 540.1 540.5 540.9 540.4 538.6 533.7 532.8 535.4 538.2 535 532.2 532 528.6 525.5 522.1 518.5 515.5 514.5 512.6 508.3 511.8 509.1 507.7 506.1 506.2 499.4 488 478 468.9 462.6 456.9 452.6 449.6 446.8 443.4 440 436.3 438.8 439.9 439.6 438.9 437.4 434.2 425.8 428.7 432.5 433.2 434.8 436.8 438.1 439.1 438.7 437.7 436.8 435.6 434.6 433.6 432.9 433.4 434.3
567.7 567.8 568.1 568.1 566.7 564.3 562.3 560.9 558.9 557.1 554.3 552 549 546.8 544 542.4 542.3 542.5 542 542.1 543.2 543.2 541.3 538.6 535.9 537.3 538.8 536.7 533.6 532.7 530.4 527.9 523.5 518.9 516.4 515.3 513.1 509.8 504.4 504.1 502.3 501.1 499.9 494.6 486.3 477.8 472 465.8 460.9 456.6 452.2 449.3 445.9 445.5 446.1 448.8 450.4 448.5 444.4 440 430.9 427.3 438 439.8 440.5 440.7 441.5 441 440.9 440.5 440.4 439.7 438.5 437.5 436.5 435.6 435.5 436.1
569.8 570.7 570.9 570.9 569.5 567.6 564.5 562.7 559.7 558.4 556.8 554.3 550 546.8 546.3 545.8 545.3 543.7 544.9 545.7 546.2 547.3 546.7 546.1 542.8 542.5 541.9 538.6 535.4 533.8 530.3 526.9 524.1 520.2 516.8 514.5 511.7 509 506.3 500.5 497.4 495.4 493.4 489.2 483 479 474.5 468.9 464.8 460.3 456 451.6 453.8 456 458 459.5 459 453.7 445.6 433.9 431.2 431.5 440.7 442.2 444.2 446.4 446.5 446.3 444.9 443.7 441.8 441.2 441.4 441.2 440.6 439.8 439.2 439.5
571.9 571.5 572.7 573 571.9 571.6 569.4 568.6 566 562.6 560.7 557.8 554.8 550.7 548.4 547.3 547 547.1 548.7 550.8 551.9 551.9 552.4 551.9 550.4 548.2 544.9 542.3 538.8 535.1 531.9 529.9 528.1 523.7 518.3 515.8 514 510.5 507.9 502.1 497.8 492.3 489.9 486.8 482.5 478.4 475.5 471.4 467.5 463.8 456.8 457.9 459.8 462.3 465 465.2 460.3 452.5 441.1 434.7 432.7 437.9 442 443 446.1 450 450.7 450.9 449.5 447.7 445.9 445.3 444.8 445 444.9 443.6 443.1 442.4
575.4 576.1 576 575.7 575 572.8 574.3 573.8 572.2 569.7 566.3 563.1 559.5 554.9 551.6 549.7 548.3 548.8 550.3 554 556.3 557.5 556.1 555.4 552.7 551 547.6 544.1 540.3 536 531 530.5 528.2 523.9 518.4 515.6 512.7 511.8 508.6 504.8 499.8 494 487.6 482.8 480.9 478.1 474.9 472.7 469.3 464 463.8 463.9 463.5 467.1 468.9 466.1 460.1 449 440.4 437 436.5 445.4 446 447.1 449.3 451.2 451.7 451.8 450.9 449.7 449 448.4 448.2 448.4 448.6 447.3 446 445.3
579.9 579.4 578.8 578.3 577 575.1 576.2 576 575.4 573.7 571.7 566.8 563.1 559.5 555.1 551.6 551 551 551.2 558.4 559.9 559.6 558.1 556.5 555.8 552.1 549 545.6 541.7 536.9 532.5 529.1 528.3 523.2 518 515.1 513.1 513.7 510.2 506.2 501.3 495.7 488.1 482.1 478.7 476.7 474.9 472.6 465.8 469.9 469.9 469.3 468.6 471.1 471.7 466.9 460 449 442.2 438.3 441.4 452.3 455.1 455.2 454.2 452.8 452.7 452.9 452 452.1 451.8 451.5 451.6 452 452.1 451.7 450.2 448.4
583.3 582.4 581.7 580.9 579 578.2 578.2 577.9 577.5 576 574.5 571.7 567.7 564.2 559.7 555.8 553.8 552.2 553.6 557.4 559.3 557.9 557.1 556 554.8 553.3 549.5 546.1 542.4 537.3 532.6 528.5 523.8 521 517.8 515 514 512.7 509.4 504.7 500.1 495.4 488.9 482.4 478.6 475.4 473.4 470.7 473.5 473.7 473.2 472.4 471.3 472.9 472.2 468.1 461 452.5 446.3 442.3 440.1 452 456.4 457.5 456.6 455.3 454.9 455.5 454.9 454.7 454.3 454.6 455.3 456.5 457.6 457.3 455.6 452.6
585.4 584.9 584.7 583.5 581.3 580.3 580.2 580 579.4 578 576.4 574 570.1 568.6 563.7 560 557.9 555.3 555.4 556.6 558.6 557.9 557.3 556.5 554.2 552.4 549.5 546.1 543.9 539 532.5 528.8 525.3 521.4 518.7 515 511.3 511.1 507.3 502.9 498.2 492.9 487.2 482.2 478.3 474.5 474.6 475.8 476.2 476.4 476 475 473.9 473.6 472.6 468.7 464.7 458.9 454.6 450 442.3 453 454.9 456.6 457.9 457.9 459.3 460.2 459 458.9 459.5 460.9 461.4 461.8 460.6 459.7 458.3 456.3
588.8 587.9 587.7 586.1 584.3 583.1 582.3 581.8 581.2 580.1 578.4 576.6 574.4 571.8 568.1 564.5 561.7 559.2 556.1 557.4 559.6 559.1 558.1 556.1 554 552.3 548.9 544.2 539.7 535.3 530.7 526.9 524.2 521 516.8 514.4 510.7 508 504.9 501.6 496.5 491.7 486.7 481.8 477.6 476.5 477.5 478.2 478.9 478.7 478.1 476.9 475.8 474.1 471.9 469.3 466.7 464 461.1 457.5 442.2 454.9 460.1 460.8 461.1 462.1 463.4 463.5 463.7 464.1 464.7 463.8 463.2 462.6 461.7 460.2 459.4 458.3
589.6 589.6 589.4 589.3 587.9 586.5 585 584 583.1 582.3 580.2 578.2 575.6 573 568.8 564.9 563.6 561.9 560.7 560.2 560.9 561.1 559.5 556.7 555.1 551.3 546 542.4 538.1 534.4 531.6 528.1 522.7 518.9 515.2 512.5 507.8 505.7 501.9 499.7 495 489.9 485.8 481.3 477.6 479 479.7 480.1 480.6 480.2 479.9 479.3 478.6 476.4 473.1 470.3 468.8 466.8 464.5 461.3 443.8 458.2 463.5 464.5 464.6 466.2 466.7 466.1 466.3 465.6 466.4 467.1 466.6 466.2 465.8 463.5 462.2 461
595.8 595.1 593.6 592.1 591.9 589.9 588.7 587.5 585.8 584.6 582.4 579.2 576.7 574 571.1 567.7 565.1 564.1 564.5 565.3 565.3 564.6 563.8 561.6 557.6 554.1 549.9 545.6 541 536.7 534.1 529.8 525.6 519.8 514.6 510 505.7 501.5 499.5 496.8 492.9 489.2 485.6 483 481.9 481.5 482.1 481.4 481.1 480.6 480.2 479.9 478.3 476.5 473.7 470.5 468.9 467.7 466.1 464.2 453.1 457.9 465.8 467.6 468.1 469.7 470.4 469.2 470.1 468.4 469.4 470.6 470.6 470.8 470 470.4 467.8 464.9
600.8 599.7 598.5 597.6 596.1 593.9 593.2 591 588.9 586.6 584 580.6 577.5 575.3 572.7 569.1 565.4 565.5 567.3 567.1 567.3 566.8 566.1 564 561.2 557.3 553.6 547.7 542.6 539.2 534.8 531.6 526 522.5 518.8 513.4 508.8 504.2 500.3 495.3 491.3 487.6 485.2 484.6 484.6 484.4 483.2 481.9 481.2 480.5 479.7 478.9 477.3 475.4 472.5 471 468 466.5 457.5 450.3 449.2 463 467.6 469.9 471.6 473 473 472 471.1 472.1 473.9 476.6 479.3 477.9 475.4 475.3 473.4 471.4
604.6 601.8 600.5 600.6 599.1 597.8 596.9 594.4 591.8 587.8 585.5 582.3 579.2 576.5 574.3 572.6 571 570.4 569.6 568.8 569.3 568.2 567.5 565.5 562.2 558.4 553.7 549.3 545.2 540.5 536.9 533.6 529.4 525.6 521.4 516.6 511.4 506.4 500.1 494.6 490.8 488.2 486.6 486 485.5 484.6 483.6 482.1 480.7 479.6 477.8 475.7 474.6 472.4 469.7 467.1 464.3 460.7 452.7 460.9 463 467.4 471.4 473.1 474.5 475.1 474.8 474.2 474.3 476 478.7 483.5 484.5 484.9 483.8 479.9 478.9 479.7
