data/380000-520000.asc
ncols 200
nrows 200
xllcorner 380000
yllcorner 520000
cellsize 50
[rows 0 to 34 of 200, columns 78 to 155 of 200]
393.9 391.9 387.4 383.9 383.9 384.4 383.1 384 384.5 383.1 380.4 379.4 377 376.1 375.5 375.1 374.8 374.5 376.9 377.5 377.7 376.4 373.4 370.7 367.3 366.9 367.6 368.4 368.1 367.5 366.2 361.2 359.1 361.8 362.7 367 369.6 372.9 381 377.2 377 376.2 373.7 371.7 371.7 369.1 367.9 366.8 367.2 373.2 377.3 384.4 389.2 389.3 387.4 388.1 387.6 393.4 403 407.6 413 419.3 422.1 423.9 425.5 427.8 430.8 432.3 430.8 429.4 429 429.1 428.6 428.6 429.8 432.2 430.7 428.3
388.7 385 383.6 383.7 384.4 385.3 385.2 385.4 385.1 384.1 383.1 382 381.3 380.2 376.6 375.2 375 375.4 377.3 378.1 379.2 377.6 375.4 372.8 369 366 367 367.8 368.6 369.6 367 361 359.8 359.1 361.2 363.7 365.6 367.8 373.3 375.1 375.2 374.3 375.8 377.4 372.8 368.6 366.3 365.3 364.2 367.5 369.2 374.5 379.8 382.1 381.7 387.5 386.7 388.4 394.6 403.6 407.9 413.6 419.3 421.8 422.4 423.5 425.1 426.3 427.8 429.1 429.8 426.7 425.6 425.6 424.4 427.4 429.5 430.4
384 384.3 383.6 383.8 386.1 385.8 385.6 383.8 376.4 377.7 382.4 383 383.1 383.3 383.4 381.8 378.8 376.8 377 377.7 377.8 377.8 377 374.3 370.8 367.5 365.9 366.6 366.6 366.5 366.1 364.7 364.3 359.3 359.2 360.2 364.3 366.4 367 366.9 369.9 372.8 373.7 374.7 375 372.4 368.1 365 364.4 364.1 365 367.1 370.3 373.4 376 380.3 381.1 382.5 390.3 396.8 404.6 409.7 418 420.8 420.9 420.6 419.8 420.5 421.6 422.9 423.2 422.6 421.2 422.4 422.2 422.8 424.1 424.8
382.1 382.1 380.5 378.7 377.7 376.5 376.1 376.5 376 375.5 373.2 382.9 382.8 381.7 381.9 383.7 383.8 382.1 379.6 377.7 376.9 377.2 378.3 379.4 378.1 373.9 368.3 365.5 365.6 365.8 369.8 369.3 365.5 358.9 356.9 357.7 358.4 363 363.7 364.7 365 367.6 368.4 369.6 370.4 370.6 369.4 366.9 364.5 363.9 363.8 364.7 366.2 368 370.3 374.8 374.6 378.4 386.5 391.7 398 404.6 409.9 416.4 418.7 418.6 417.2 416.3 416.6 415.5 415.2 415.6 417 418.7 419.1 419.9 420.7 419.9
381.5 379.8 377.8 378.6 379.1 378.2 377.3 376.3 374.8 374.2 374 372.3 379.4 380.4 380.5 381 383.3 384.1 382.6 380.5 377.6 375.7 375 376.5 377.1 377.6 375.7 369.6 366 364.7 365.1 369.3 369.8 368.1 357.8 355.9 357.2 356.7 361.7 367.3 369.2 368.6 367.6 367.8 367.4 370.9 372.5 370.6 367.5 364.3 363.8 364 364.9 365.5 365.6 367.1 373.6 377 382.3 387.1 390.5 396.9 403.2 409 412.5 413.5 412.9 412.8 411.8 410.6 409.3 409.6 410.7 411.7 413.2 415.5 415.9 415.3
380.6 380.3 381.2 381.1 379.9 378.6 377.5 376.4 375.4 373.9 373.4 372.1 371.5 372.3 372 371.1 373.9 382.6 382.8 381.3 378.9 376.2 373.5 372.1 371.6 373.2 374.8 373.7 368.3 364.2 365 365.6 367.8 368 358.6 357.2 357.1 354.7 354.9 362.3 376 377.8 377.3 372.6 368 368.6 372.2 373.3 371.6 368 364.6 363.7 364 364.6 364.5 365.5 367.1 371.7 376.2 381.7 386 389.1 396.4 401.3 403.7 405.3 405.1 406.1 406.7 405.7 405.8 404.5 405.8 409.2 410.6 411.8 411.8 410.4
383.8 384.6 383.8 382.5 380.9 379.7 379.2 378.6 377.9 377.4 373.6 372.7 371.6 370.5 369.9 371 369.7 376.9 379.8 379.4 378 375.4 372.7 370.3 368.7 369.1 369.3 369.4 367.5 364 365.3 366.8 367.7 366 365.2 357.5 356.4 356.8 356 355.1 355.3 368.3 379.6 380.5 376.1 369.7 364.7 367.7 370.6 370.5 368.1 364.7 363 363.1 363.4 363.7 365.1 368 370.4 375.3 380 381.7 387.1 390.5 394.6 396.9 397.7 399.2 400.5 401.6 402 401.4 402.6 405.4 408.7 409 408.9 406.3
391.7 391.2 389.2 385.1 383.6 384.2 384.9 385.7 385.2 384 382.2 380.3 375.4 371.4 370.6 370.7 371.2 367.9 366.7 366.8 368.4 367.9 366.8 365.9 366.4 366.5 365.9 366.2 365.5 366.1 365.4 368 370.8 361.5 359.2 357.4 356.2 356.7 356.2 355.2 354.4 352.9 360.2 373.5 373.9 372.2 367.8 362.3 363 367.3 368.9 366.9 363.6 362.7 363.1 363.4 363.7 365.1 366.6 368.8 373.1 374.8 377.7 381.3 386.3 388.7 392.5 394.3 396.3 397.3 398.5 399.2 398.8 400.9 402.9 404.4 405.9 403
401.7 400.1 400.9 399.7 398.4 396.3 394.8 394.4 393.3 390.3 389.8 386.2 384 383.3 383.4 382.6 382.9 379.8 369.9 370.1 371.8 367.2 364.3 363.6 363.4 362 362.7 364.9 364.6 363.7 361.5 360.7 360.2 359 358.8 358.3 356.8 356.6 355.6 354.2 354.5 353.4 352 351.6 364.1 364.2 363.5 363.2 361 360.7 361.7 360.7 362 363.4 363.4 363.4 363.5 364.2 365.2 367.1 368.6 370.9 374 376.1 380.1 383.4 387.4 389.9 391.8 392.7 393.4 394.6 395.7 396.7 397.7 398.9 398.9 397.4
414.8 416.3 419 422.5 416.7 410.1 407.8 405.1 402.8 401.2 400.2 398.9 397.3 394.5 391.3 389.1 387.8 386.1 385.8 384.7 382.3 379.3 376.5 372.5 367.7 365.3 364.4 363.9 360.8 360.9 360.8 361.1 360.5 358.7 358.3 357.2 356.4 355.7 355.7 355.2 354.8 353.2 353.6 352.4 351.1 355.2 358.6 361.6 361.2 359.2 358.8 361.8 367 367.8 364.6 363.9 364.3 364.9 365.3 367.6 368.7 370.3 371.7 374.2 377.2 379.7 386.4 389.2 390.3 392.6 392.2 393 393.5 394.2 395.3 396 395.7 393
438.1 440 447.6 458.7 446.1 435.2 426.1 417.6 412 408.5 406.5 404.8 405.2 404.6 402.7 397.9 393.9 391.5 389.3 388.7 387.6 385.8 384.4 381.7 378.1 374.1 370.6 365.8 364.6 361.8 360.8 359.5 359.2 358.8 357.3 359.1 357 356.1 355.4 355.1 354.4 353.7 353.8 352.4 351.4 352.4 354.8 361.2 361.3 360.2 358.5 360 363.1 366.3 367.3 370.2 367.9 365.8 367.1 371.9 374.8 375.6 373.2 372.5 374.3 377.5 382.9 387.1 391.8 395.5 396.7 396 395.2 395 395.3 395.8 395.1 392.8
462.6 460.6 475.3 493.7 479.7 469.7 462.2 441.1 427.3 415.9 409.7 407.8 407.4 407.4 406.5 403.2 399 394.5 392.7 391.3 389.7 388.3 386.9 385.6 383.7 380.4 377.9 373.6 370.8 367.4 364.3 365.7 361.7 359.5 359.9 359.3 358.7 357.6 355.3 355 353.8 353.7 352.9 352.4 351.9 350.6 351.6 352.4 357 356.3 355.9 358.2 360.1 364.5 366.3 366.9 367.3 366.5 366.6 369 372.1 378.1 377.1 372.6 372.5 372.9 376.3 382.3 388.1 392.2 397.1 399.3 398.3 398.5 398.4 396.8 395.3 394.1
485.7 494.5 500.2 498.6 499.2 497.9 483.8 476.4 448.3 430.3 420.7 413.4 409.2 408 406.4 405.5 399.9 394.8 391.6 389.9 390.6 389.6 388.1 386.2 384.9 383.4 382.2 379.5 377.8 379.5 379.2 376.3 370.2 363.4 361.4 359.3 358.3 357.5 357 356 353.9 353.1 353.1 352.7 351.6 349.7 351.1 350.5 351.4 351.3 355.1 357.5 357.9 362.2 363.7 365.4 365.3 365.5 364.9 364.3 366 371.4 375.4 373 370.8 370.5 371.4 372 374.7 381.8 389.6 392.4 392.9 394.9 400.4 401.7 398.5 397.1
491.8 508.3 505.6 504.8 507.2 506 504.4 500.6 473.7 453.7 434.3 425 415.9 406.3 405.5 403.2 399.8 395 390.6 388.6 387.8 389.1 389.3 387.2 384.9 383.1 382.3 383 382.5 382.2 382.4 381.1 377.1 371.8 368.3 366.6 363.7 359.6 356.8 356.2 355.2 353.8 353.5 352.5 350.6 350.5 349 348.9 350.6 350.6 352 355.7 355.2 359.5 361.3 360.6 361.2 361.7 362.2 363.5 364.8 366.1 367.2 368.8 369.7 368.8 368.4 370.4 371.7 373 377.9 383.4 386.8 390.5 394.5 394 396.6 397.5
507.3 509.8 509.2 509.8 513.7 514 511 507.1 505.5 494.5 460.5 442.5 432 418.7 408.3 403.5 400.6 397.8 394.8 391.8 389.2 388.4 387.5 387.7 385.9 384 383.5 384.9 386.4 385.6 384.1 382 379.1 376.1 372.9 371.3 369.3 365.7 361.6 359.5 358.3 357.7 354.3 352.7 352.3 351.8 349.9 348.2 349.8 349.7 354.5 356.3 357.9 356.4 357.8 359.1 361.2 362.3 361.9 363 365.3 365.8 366.4 367.7 369.6 369.1 368 369.1 370.3 371.6 375 378.3 380.6 383.3 385.2 387.8 389.7 396.2
513.8 512.9 512.2 514.6 517.3 516.4 514.8 512.3 508.6 503.7 494.5 470.5 455.4 438 424 414.6 411.8 408.2 401.5 400.6 396.2 392.7 389.7 387.9 386.9 386.8 386.8 386.4 388 388.2 388 385.8 382.1 377.4 374.3 371.5 368.7 367.6 366.2 362.5 359.4 358.2 357.7 355.5 353.4 350.7 349.3 348.9 348.2 349.5 356.6 360.9 360.9 359.3 359 366.2 372.6 369.4 367.5 366 367.2 366.5 366.4 367.3 369.3 368.7 367.8 367.5 368.5 372.3 372.5 374.2 376 376.8 380.5 382.6 383.3 388.1
514.4 514.6 514 518.3 518.1 518.4 516.3 515.4 511.6 507.7 505 502 487.5 467.2 449 437.3 426.9 415.1 408.3 404 406.8 406.1 401.5 396.9 392.5 390.4 390.3 390 389 390 387.9 387.4 385.7 381 375.9 372.4 370.3 369.8 369.4 367.3 364.9 359.4 358.8 353.8 351.7 350.1 349.2 348.9 348.3 348.4 356.1 361 364.6 369 366.5 370.7 382.4 380.7 378.8 376.4 375.5 380.2 381.9 371.4 371.2 369.2 368.9 368.2 366.5 366.3 366.8 369.8 370.6 371.6 375.6 376.3 375.9 379.4
514.2 518.5 517.3 520.4 519.8 519.3 519.2 517.9 513.5 509.8 508 506 501.3 489.5 481.8 465.1 450.1 432.4 418.6 411.6 407.6 409.4 411.7 408.5 403.4 399.1 397.8 395.7 393.7 391.8 389.6 387.3 386.1 383.7 379.5 375.6 374.1 373.8 373.4 373.1 370.4 367 364 358.9 353.7 350.3 348.8 348.5 348.2 346.5 359.2 360.6 362.7 368.5 373.6 373 375.1 379.7 382.6 382.7 383.3 388.4 390.2 389.6 373.5 380.8 375.6 371.1 370.6 369.2 363.5 360.4 359.5 359.5 364.8 369.4 370.5 368.2
515.5 518.1 519.6 522.6 521.9 522.9 521.9 521.9 519.1 511.6 509.2 507 505 503.6 506.2 500.5 494.7 457.6 432.4 413.1 409.6 410.1 414.4 416.5 412.8 408.8 403.5 402.2 401.6 398.2 396 394.4 392 388.3 385.7 381.7 378.9 378.5 377.7 376.7 374.8 370.9 370.4 366.3 361.5 353.3 349.3 348.3 348 346.2 348.2 355.2 358.6 363.9 372.4 377.1 380 381.7 385.7 387.3 386.7 388.1 391.7 394.6 393.4 389 385.7 379.3 376.3 373.9 368.8 364.6 360.6 351.7 348.7 355.5 361.2 345.7
516.6 518.5 521.5 524.7 525 525.6 526.4 525.2 523.3 514.2 512 512.2 508.5 511 512.1 509.3 512.3 502.8 442.9 420.4 412 411.3 412.7 420.7 419.8 415.6 411 406.2 406.2 404 401.4 399.9 398.4 395.1 391.9 386.6 383.3 382.1 381.1 380 378.6 378.7 377.4 374.3 367.6 361.2 358.1 354 347.3 346.2 347.4 347.2 349 359.3 366.6 380.2 392.4 398.5 396.5 398.7 398 394.7 393.2 392.6 391.6 389.5 388.8 387.8 383.1 377.9 371 365.7 361.4 353.8 348.1 344.6 349 344.5
518.1 521 525.5 526 529.1 527.4 527.8 526.8 525.2 516.9 515.6 514.6 514.8 512.5 515.5 515 514.8 510.2 461.1 436.3 420.9 414 415.1 418.7 418.9 419.5 418.6 414.3 408.4 406.6 405.7 405.2 404.5 400.4 397.6 391.2 388.1 385.7 384.6 383.4 383.1 384.4 381.2 376.6 370.1 365.3 361.5 361.8 356.3 345.9 346.9 346.7 346.4 348.8 362 373.4 390.2 402.4 406.7 406.1 408 412.1 410.2 402.9 392.4 389.7 387 385.1 384.5 379 371.4 366.8 362.8 356.7 350.7 345.2 340.8 341.7
518.7 521.4 527.7 528.6 530.1 528.6 528.7 528.2 526 518 516.5 516.4 516.6 516.4 516.4 516.4 516.1 508.4 476.9 463 445.5 430.4 420.6 415.3 417 419.6 418.6 419.3 420.6 412 405.4 405.4 406.2 406.3 403.9 398.4 394.2 390.9 388.6 387.3 387.6 386.1 382.1 375.2 366.5 364.8 360.3 362.5 359.7 356.8 344.4 345.9 345.6 346 355.8 366.6 378.9 393.8 400.6 405.9 406.8 410.9 410.2 408 404.8 396.8 387.7 385.3 382.1 378.4 371.7 366.2 361.1 354.8 349.8 344.1 339.1 336.6
518.7 520.2 530.8 529.7 531.2 530.8 529.5 523.2 519.4 518.2 517.1 517.4 518.3 518.3 517.7 516.9 516.7 515.4 506.9 502.7 487.6 462 448.3 428.9 418.7 416.9 415.6 416.7 420.3 420.1 409.2 403.8 403.7 404.5 405.8 405.4 402.4 399.5 397.1 392.1 387.7 383.2 378.7 371 365.2 358.7 355.4 353.6 352.5 353.2 352.3 344.3 344.5 345.5 346.6 357.7 370.4 383.5 395.8 403.1 404.6 405.5 405.9 407.9 410.6 404.4 395.4 389 389.1 383.1 374.2 367.8 363.4 356.7 349.4 343.4 338.9 335.7
519.2 520.9 527.5 531.1 532.3 534.2 533.8 531 520.8 519.4 517.9 518.4 519.1 519 518.5 517.7 517.4 517.5 516 519.2 517.9 508.1 491.8 454.3 437.6 423.8 414.5 415.3 418.7 422.2 418.5 407.7 403 402.4 402.1 402.1 400.9 398.3 394.8 389.1 383.9 378.6 373.4 371.5 382.1 384.5 371.6 366.3 358.6 351 348.7 348.8 344.1 345.2 345.1 344.7 357 373.7 391.2 399.5 401.2 401.8 400.9 401.2 404.9 405.4 403.6 398.7 402.2 397.4 388.2 375.3 369.5 364.5 359.6 352.3 346.6 343.2
520.4 521.5 528 534.8 540.8 540.5 542.2 539.5 529.5 519.3 519.2 519.9 520.7 520 518.8 519.2 518.8 518.9 519.2 523.9 527.2 521.9 505.9 492.5 468.9 442.4 424.1 414.7 416.7 419.6 423.2 416.9 404.9 402.7 401.6 400.5 398.3 396.2 392.1 386.7 381.2 376.3 373.1 374.4 379.6 388.1 384.4 379.5 373 363.7 355.5 348.5 344.7 343.3 344.4 344.6 344.8 364 378.5 392.9 394.9 396.4 394.8 395.2 396.8 399.9 397.9 397.2 400.2 401.4 391.3 383.3 375.4 369.1 365.7 361.7 357.6 353.2
521 525.4 532.5 536.6 538.3 540.3 540.4 539.9 529.9 524.2 523.3 522.5 521.4 521 520.6 520.6 520.6 522.5 523 525 529.4 527.7 520 505.9 492.8 468.6 438.7 420.1 416.1 414.7 417.8 424 415.7 403.1 401.4 400.5 400.1 397 394.3 389 383.8 380.6 380.2 380.5 382.4 385 385.3 384.5 387.1 384.2 370.8 359.1 345.7 343.5 344.4 344.5 345.6 361.5 376.1 385.6 388.3 389.5 390.9 391.4 391.7 389.7 389.7 390.7 389.9 389.8 392 386.8 379.3 374.4 371.3 367.6 361.4 357.1
522.9 527 532.3 536.3 538.8 540.3 540.1 530.5 532.3 538.6 533.6 526.1 524.2 526.3 525.1 522.9 522.6 524.3 524.4 526.8 532.3 529.7 525.6 520.4 504.4 490 458.2 430.1 416.1 415.5 415.2 418.7 417.9 408.7 401.3 400.6 400.3 399 398.3 394.1 390.7 388.7 388.2 388.3 389.2 388.5 386.3 383.5 388.8 391.6 378.9 362.9 351.7 343.2 343.3 343.8 349.8 369.6 385 387.6 388.7 389.5 390.7 391.3 390.8 389.1 385.9 384.7 384.2 385.9 387.3 386.9 382.6 376.4 370.3 368.1 366.4 362.1
523.4 526.8 530.7 538.7 540.2 542.4 545.1 531.1 533.2 537 530.6 527.1 527.8 528.9 534.1 527.6 524.4 524.6 524.8 526.4 529.1 528.8 526.5 523.8 516.5 496.5 478.2 446.6 424.5 419.7 416.5 416.6 418.8 416.3 405.6 400.3 399.1 399.3 400.2 399.9 397.7 395.9 394.8 393.8 392.4 392.1 391.1 386 381.3 380.3 370.6 363.2 351.8 343 342.6 345.8 364.5 383.8 393.7 392.8 391.6 391.8 391.8 390.7 389.4 386.2 382.8 381.2 380.7 380.2 380.1 379.6 378.9 375.2 369.8 364.6 361.8 360.1
523.8 526.7 530.6 539.1 540.9 543.1 542.7 540.2 541.7 533.6 533.6 537.8 534.7 527.9 529.1 530.1 525 524.9 524.5 523.5 528.8 528 526.9 524.6 514.6 499.2 481.5 458.9 433 421.8 420.6 416.6 417.9 418.7 415 404.8 398.4 397.2 399.1 399.7 399.3 398.4 398.2 396.6 394.1 390.8 390.1 386.7 381.2 374.6 365.2 355.6 342.4 341.6 346.6 366.3 387.9 399.2 397.7 395 393.9 393.3 390.9 389.5 387.3 383.8 378.5 376.9 376.4 376.1 376.6 375.4 373.4 370.6 366 363.7 361 356
523.2 526.2 530.6 538.9 540.4 544.8 542.9 540 541.2 540.9 534.7 537.5 536.9 533.7 531.8 531.8 526.1 525.2 525.1 525.5 528.3 527.9 525.1 520 512.6 500 483.7 467.2 438.5 424.4 423.8 417.3 416.5 418.4 416.6 410.5 403.2 398 396.2 395.9 396.6 396.8 398.6 397.7 393.6 389.1 385.5 380.9 377 369.8 352.6 340.8 342.7 347.9 372.6 389.8 403.6 409 406.8 403.4 400.2 395.3 390.5 388.3 385.4 379.7 376.9 375.5 375.4 371.2 370.3 369.1 367.5 363.4 360.7 357.6 356.1 351.7
523.5 526.8 530.4 536.9 538.5 542.4 542.3 538.9 542.4 542.2 541.4 534.8 538.5 532.8 531.1 529.9 528.2 527.3 528.7 529.7 533.2 529.4 524.7 520.1 509.9 502.5 486.4 470.3 444.1 431.6 424.4 419.8 416.5 417.4 416.4 412.3 406.4 398.8 396.3 395 393.4 393.6 395 394.4 390.4 385.4 379.7 374.7 371.2 357.9 340.2 341 345.4 374.9 394.1 403.8 408.4 411.9 407.2 400.6 396.2 394.8 394.8 392.3 390.2 374.6 373 357.9 372.4 371.6 365.8 362.1 359.9 356.6 353.8 349.3 348.1 345.5
524 528 531.3 532.7 539.4 542.1 542.7 543.6 543.4 543 542.3 539.6 532.1 530.7 530.8 529.4 529.6 529.6 529.4 531.4 533.2 530 523.4 518.5 509.7 497.7 484.9 473 453.2 435.8 423.9 418.8 412.3 414.1 414.8 410.9 407.4 401.7 396.3 394.8 392.6 391.3 390.4 387.6 384 379.7 374.2 369.7 366.3 349.2 340.6 341.6 344.6 377 398.3 404.7 405.3 401.6 395.7 396.9 399 396.9 396.3 388 379.9 360.6 344.4 345.1 358.4 377.3 369.6 363.7 357.4 354.2 353 345.7 338.6 337.2
524.4 526.4 530.8 532.4 542.1 542.7 543.6 544.8 544.5 544.2 543 541.6 533.2 526.4 526.8 526.6 526.7 529.6 529.7 524.2 526.9 525.9 519.3 510 504.3 495.5 484.6 471.7 453.1 440.9 430.7 419.3 408.6 408.7 410.4 407.2 404.8 401.5 397 394.7 392.2 390.5 389.8 386.5 383.3 377.4 371.3 368.5 364.1 341.9 341.8 341.5 343.1 360.3 383.9 393.7 389.6 391.6 398.8 401.6 401.5 400.2 397.7 366.2 344.2 343.2 338.3 338 358.1 370 373.8 366.5 361.7 355.8 353.3 348.8 343.4 335.8
524.4 524.9 529.2 535.8 542.5 543.3 544.4 545 544.7 544.3 543.3 541.9 541.2 530.8 527.2 524 522.6 525.1 523.4 518.3 517.5 514.9 511.1 504.5 499.9 495.9 483.9 471.2 455.3 446.7 436 423.9 412.8 405.5 409.1 407.3 403.1 399 396.6 394.6 392.8 390.8 390.8 390.3 389 385.4 379.2 372.7 370.3 348.1 337.6 340.4 340.2 341.7 361.6 384.6 397.1 402.9 403.1 401 400.6 405.2 396.5 366.9 345.8 344.4 338.2 337.9 345.4 360.7 380.3 372.9 367.1 360.9 352.4 346.4 339.2 329.8
525.6 526.4 531.6 535.5 540.9 543.2 544.1 544.5 544.7 544.4 543.6 542.9 542.8 539.1 534.3 528.7 522.2 520.4 520.2 518.3 509.6 504.5 501.6 503.1 499.5 491.6 480.5 466 454.6 444.3 436.9 427.9 417.1 409.5 405.6 403.6 402.1 399.1 396.3 394.2 392.5 390.9 390.2 390 393.2 393.5 389.2 380.7 372.8 361.4 347.3 336.9 336.4 335.9 338.7 366.8 392.1 398.8 397.8 399.9 398.4 397.8 395.9 383.9 344.1 343.9 338.9 338.5 339.1 354 358.9 373.3 366.9 360.2 350 340.4 326.4 317.2
