data/380000-530000.asc
ncols 200
nrows 200
xllcorner 380000
yllcorner 530000
cellsize 50
[rows 35 to 69 of 200, columns 78 to 155 of 200]
439 439.6 440.6 440 438.7 436.5 432.9 424.3 423 430.2 435.5 439.2 443.2 444.5 444.6 444.5 443.1 442 441.3 440.9 441.5 439.3 436.8 433.5 430.3 427.3 424.3 420.6 416.4 412.2 406.8 401.9 396.4 390.3 386.7 383.5 380.5 377.2 372.6 355.8 360.3 379.8 383.6 387.1 392.1 396.5 398.9 401 401.3 401.1 399.4 396.2 392.3 387 386.5 388.6 387.9 384.7 377.2 372.2 370.4 364.6 358 354.4 350.8 348 344.8 342.2 341.4 339.9 336.8 333 330.7 327.8 325.4 324.8 320.9 315.1
445.7 445.2 444.4 443.6 440.7 436 425.6 430.9 432.1 435.5 439.3 443.5 446.5 447.1 447.2 447.4 446.4 444.3 444.4 441.8 442 439.1 435.8 432.6 429 425.9 422.8 419.3 415.1 411.3 407.3 402.5 397.9 393.5 388.4 384.7 382.3 380.7 369.8 359.3 371.3 384.5 385.7 392.6 395.5 399.1 402.1 403 402.9 401.7 399.8 398 394.9 389.5 393 391.6 388.9 386.4 382.5 377.9 372.3 366.5 362.3 359.2 354.9 352 349.7 347.8 345.5 343.5 342.8 338.6 341.4 340.3 336.3 335.8 332.2 327.2
450 449.9 448.3 445.5 441.9 432 437.8 436.8 435.5 439.2 443.1 446.6 449 449.2 449.8 450.2 449.4 447.5 446 443.2 440.9 439.2 434.6 431.5 428.6 424.8 421.2 417.3 413.3 408.9 404.8 400.7 397.4 392.9 389.5 385.9 372.7 368.4 360 370.5 386.6 391 394.9 396 399.2 401.6 404.1 404.1 403.6 402.1 400.1 398.1 392.3 395.4 399.6 396.8 393.7 389.3 383.4 379 373.8 367.7 363.2 359.8 356.3 354.4 352.2 350.1 349.4 348.4 346.9 345.4 343.9 346.2 344.4 343.3 340.6 336.5
454.7 453.3 451.1 448.8 441.9 443.7 443.2 440.7 438.7 443.3 447.1 450.4 453 453.3 453.4 452.9 451.8 449.5 450 445.6 442 439.6 434.6 430 424 421.9 417.9 414 409.8 406.5 403.1 399.2 395.2 392 388.1 379.8 361.5 361.8 373.9 388.4 393.7 397.3 400.8 408.6 403.9 405.6 405.3 405.1 404.1 402.6 399.9 399 397.3 401.2 402.5 402.4 398.2 394.8 388.8 383.9 379.3 374 367.5 362.7 358.8 355.5 353.2 351.3 350.3 349.1 347.8 346.9 344.1 345.2 344.5 345 344.1 339.9
459 456.8 454.5 451.6 446.5 449.2 447.7 445.2 445.1 448.1 452.4 454.6 456.1 456.3 456.7 455.8 454.1 450 447.2 444.8 441.9 437.3 432.8 428.1 422.9 416.5 413.2 409.8 406.6 404.2 400.3 396.3 393.1 391.2 381.8 368.5 373.5 386.4 392.3 396.4 400.3 404.5 406.9 409.8 407.5 408 407.7 406.8 405.4 403.7 402.8 402.9 402.1 406.8 407.7 406 402.7 398.8 391.9 388.2 382.9 377.8 373.8 368.4 363.9 356.6 353.6 351.5 350.3 349.6 349.4 348.1 347.7 348.3 345.1 342.9 344.7 341.6
464.1 461.5 457.1 450.4 455.1 454.2 451.6 446.1 450.8 454.2 455.5 457.3 458 458.7 458.7 456.9 453.7 450 445.5 442.6 439.8 434.3 429.7 424.3 419 414.3 410.3 406.5 403.9 401.5 397.9 394.5 383.5 375 366.7 370.6 387.4 393.5 398.8 404.9 408 411 412.4 412.4 410.9 411.8 412.2 412.8 412.9 410.7 408.5 409.2 406.3 412.2 412.8 411.5 408.6 404.5 399.6 395 389.8 384.2 379.2 373.4 368.7 365.5 362.3 358.6 355.6 353.9 352.4 352.8 354 353.4 351.9 346.4 341.2 340.9
469.6 467.3 458.4 461.3 459.8 458 454.2 450.6 454.8 457.4 458.7 459.6 459.5 458.5 458 455.6 452.2 448.3 444.1 440.1 436.4 431.6 425.9 420.7 416.5 412.2 408 404.8 401.8 398.7 395.2 384.6 370.6 370.1 376.5 389.5 395.9 399.3 407.9 413.4 415.9 417.7 418.6 417.8 417.7 418.3 422.4 422.5 422.2 419.1 419.6 419.2 415.2 419.4 418.7 416.8 413.5 409.5 405.3 400.5 395.4 390.9 385.7 378.9 374.9 370 367.5 364.9 362 359.5 356.7 356.8 356.5 356 355.8 354.5 351.3 347.7
474.7 464.8 467.9 466.3 463.9 461.3 458 455.8 458.6 460.4 461.7 461.7 460.7 458.1 456.5 453.2 448.7 444.4 440.8 438.1 432.7 427.1 422.1 417.4 413.8 410.6 406.1 403.2 400.5 397.4 390.5 374.2 371.9 387.1 394 397.6 404.2 410.6 415.8 420.1 423.1 425.1 425.5 426.6 427.3 428.1 429.1 430.7 429.6 425.7 426.6 425.4 422.2 425.4 423.1 421.1 418.2 413.5 408.9 404.4 399.6 394.7 390.1 385.4 380.5 376 371.2 366.1 364 361.3 358.8 359.6 359.2 358.1 356.3 355.8 353.9 351.8
473.1 475.9 474 471.3 468 465 462.3 462.3 463 463.4 464.2 463.1 461.7 459.2 456.4 454 451.1 448.2 442.8 434.9 431.9 427.2 421.3 416.6 412.7 409.2 404.6 400.4 395.1 391.4 381.7 377.2 384.6 397.3 401.3 405.2 412.5 418.3 420.4 426.1 430.5 433.4 433.8 435.4 436.1 436.5 435.5 438.8 435 434.7 436 434.2 428.3 432.2 431.6 429.8 424.6 420.8 414.9 410.1 404.3 395 392 386.7 384.5 380.8 376.6 372.5 369.8 366.2 362.7 357.7 359.2 357 355.8 354.8 354.2 352.1
482.9 481.5 479 476.2 472.9 470.3 468.2 467.4 467.4 467 465.5 464.3 462.8 460.3 457.7 455.9 452.5 448.4 443.6 436.4 428.8 424.4 418.7 414.6 409.4 404.5 403.6 395.1 385.5 378.2 378.6 385.8 399.7 403.1 405.1 414.7 418.8 424.1 425.9 433.8 437.7 442.3 443.2 445.5 445.4 444.2 440.1 447 447.3 446.7 446.5 445.2 440.9 441.6 440.4 438.1 434.1 428.6 422.3 418.3 410.6 401.5 397 390.7 384.3 380.3 378 376.3 372.2 369.8 366.6 363.9 358.4 357.1 354.9 351.9 349.9 352.3
488.7 486.5 484 481 477.7 474.5 472.2 471.3 470.1 468.7 467.1 465.5 463.8 461.7 459.6 457.5 453.5 448.7 442.8 436.4 428.9 424.2 418.8 414.1 409 406 400.6 386 381 387.9 394.2 401.1 399.8 409.7 418.7 417.9 426.2 431.2 435 439.1 443.8 450.6 454.7 453.5 451.4 452.4 451 452.7 454.2 453.8 453.1 452.4 451 449.6 447.5 443.7 438.7 433.5 428.3 424.8 418 411.8 404 398.9 393.2 386.3 381.6 377.5 376.1 372.8 369.1 366 362.4 360 357.2 354.2 348.1 349
493.6 491.6 488 484.2 480.7 478 475.7 474.2 472.1 470.4 468.8 467.8 466.6 465 462.2 458.2 453.4 447.2 441.5 434.9 427.5 421.9 417.1 411.3 407.8 404 398.8 384 392.3 401.3 402.9 405.7 411 418.2 426.5 424.8 430 435.8 439.4 444.1 453.2 457.9 459.9 462.3 463.3 463.1 460.9 461.1 460 459.4 458.8 457.9 455.9 457.2 454 449.3 443.8 437.9 434 429.5 423 416.6 409.7 403.9 398.3 394.4 389.3 380.2 378.6 375.1 370.6 367.4 363.4 358.2 355.3 352.1 348.3 341.6
498.6 495.2 490.8 488.5 485.8 482.2 478.9 476.9 474.6 472.6 472.2 470.9 469.5 466.4 462.8 458.2 452.1 445.6 439.6 432.3 424.7 418.6 413.2 408.8 405.2 401.8 391.1 384.4 400.3 405.9 407 411.3 419.9 424.2 427.3 424.8 424.7 438.7 446.2 449.8 460.2 465 468.9 468.7 469.5 468.2 467.2 466.1 466.8 465.8 463.8 459.9 457.7 459.6 458.9 454.2 448.4 445 441.1 435.1 428.7 421.9 414.4 409.3 404.3 399.1 393.4 387.3 379.9 372.7 369.8 368.3 364.3 359.7 353.7 348.5 342.4 340.8
502.5 498.7 496 494 490.3 486.4 482.9 480 477.4 476.3 474.7 473.3 470.3 466.8 463.1 457.9 451.7 444.3 435.8 428.7 421.8 416.3 411.2 407.2 403.4 395.8 385.5 393.7 402.7 408.9 411 418.7 424.3 424.7 425.5 431.3 429.2 438.8 450.3 456.2 461.2 468 471.5 473.9 474.3 475.1 475.1 475.4 475.6 471.9 468.9 464.4 461.7 461.7 462 457.9 453.3 448.5 442.8 436.9 430.2 422.9 416.7 412 406.3 400.8 395.4 390 383.8 378.6 369.8 364 363 360.4 351.4 353.8 351.2 348.3
506.3 503.2 500.9 497.8 493.3 489.4 486.4 483.9 481.2 479.8 477.1 473.8 470.6 466 461.7 456.2 449.1 441.6 433.2 426.1 419.5 413.9 410 406.3 401.5 390.5 395 397.8 407.4 412.9 420.6 425.3 430.7 437.1 441.9 445.6 450 452.8 457.2 464.5 468.5 473.3 478.6 483.2 482.2 481.4 481.8 482.9 481.4 478.4 473.9 469.2 465.3 464.2 462.4 460.1 454.7 447.8 441.9 435.3 428 420.7 415.1 410.2 405.1 400.4 395.2 390.2 385 379.9 375.6 370.3 363.8 359.3 357.5 357.1 354 352.6
510.5 508.1 505.5 501.2 496.8 492.4 489 486.1 483.3 480.7 477.3 473.9 470 465.4 459.9 453.1 446.1 438.9 431.2 424.5 418.1 412 408 404.7 391.6 389.7 404.1 409.3 411.8 422.5 428.2 433.6 439.6 444.4 448.8 453.7 458.9 461.5 462.4 467.7 471.6 477.6 487.2 489.5 488.8 487.6 487.8 487 485.3 482.2 477.9 472.4 467.5 465.7 463.8 460.1 454.7 448.3 439.1 432.1 425.4 417.2 412.1 407.8 403 398.7 393.2 387.5 382.7 378.3 374.4 370.7 366.4 360.1 361.2 359.5 356.8 350.6
514.6 512.3 508.3 503.8 499.3 494.9 491.2 487.8 484.1 480.3 476.1 471.9 468 462.7 456.4 450.2 443.4 436.4 429.7 423 417.3 410.7 405.7 395.4 393.1 400.6 412.1 419.1 418.7 432.1 437.8 442.1 446.3 451.1 458.6 464.1 466.7 470.3 471.1 472.4 476.8 481.7 489.6 492.6 492.5 492 492.2 490.6 487.8 485 481.3 474 471.2 468.8 466.1 461.8 456.8 449 437.6 427 424.2 415.3 408.6 403.7 400.2 392.9 389.5 384.1 379.4 377.6 374.3 371.3 367.8 365.9 363.6 361.6 358.5 341.3
519.8 516.2 510.9 506.3 501.8 496.5 492 488.3 484.1 479.7 475.1 470.9 466.4 461.2 454.9 448.6 442.1 435.6 428.8 421.8 413.6 405.6 393.9 396.6 407.4 412.6 422.9 428.9 433.6 438.4 444.9 448 453.6 462 467.7 472.5 475.8 476.9 477.3 478.9 483 488.9 492.6 496.1 496.4 498.6 497.3 495.5 492.3 488.6 481.9 481.8 476.3 472.7 468.7 462.7 458 449.5 435.1 426.2 420.7 415 410.9 406.1 401.8 398.4 393.4 389 384.6 381.3 377.7 373.8 370.1 368 365.9 362.9 359.5 345.9
523.8 518.8 513.7 508.3 502.7 497.1 492.5 488 483.5 479.1 474.6 470.1 465.4 460.2 454.1 447.9 440.5 433.4 426.4 419.4 411 399.1 401.2 410.1 413.3 426 431.8 436.5 442.6 445.3 451.2 456.2 464.8 468.7 474.1 478 480.5 483.2 485.4 486.2 489.8 494.3 496.7 500.7 501.4 502 501 498.6 494.6 490.2 488.7 485.7 481.8 476.2 471 464.4 458.3 448 437.5 428.9 423.4 417 411.1 408.5 408.2 403 397.6 394.1 388.8 385 381.1 376.9 374.2 371.3 368.5 366.9 359 352.2
526.8 521.5 515 508.4 502.3 496.5 491.8 487.4 482.9 478.5 474 469.6 464.9 459.4 452.6 446.1 437.8 429.7 422.3 415.4 410.3 399.4 412.2 419.9 429.5 435.9 427.5 444.9 450.2 454.8 460 466.3 470.1 474.7 479.3 482.9 489.3 490.9 492.4 493 496.4 499.7 501.5 504.6 504.3 503.5 502 498.6 497.5 494.3 491.9 489 485.6 481.1 472.2 465.7 461.4 451.5 442.7 436.9 430.6 424 419.9 414.9 410.2 405.1 400.6 396.3 391.9 387.5 383.4 380.3 377.9 374.6 371.3 369.4 350.6 369.7
529.1 522.8 515.6 508.9 502.4 496.6 491.5 486.7 482.3 477.9 473.4 468.6 463.6 456.8 448.4 441.9 433.1 425.3 417.9 412.3 399.3 411.3 424.8 432.7 437.9 441.2 445.8 448.4 457.1 462.4 466.5 472 475.6 480.1 484.4 491.2 494.7 495.3 497.2 500.8 507 507.8 506.4 506.6 505.9 504.4 502.4 501.4 499.7 496.6 493 490.1 486 479.9 475.5 471.3 465 457.6 449 443.2 435.5 429.9 423.9 417.2 410.8 405.1 400 394.7 390.4 386.4 383 375.4 366.4 359.7 357.6 356.4 366.1 376.3
530.5 524 516.4 509.6 502.8 496.9 491.8 487 482.2 477.2 471.3 465.7 460.3 452.2 445.3 435.1 427.4 418.9 411 405.2 410.9 426.2 433.3 439.1 443.2 446.8 452.3 458.6 464.1 469.3 473.3 476.4 481.2 485.6 492.5 495.9 498.7 500.9 503 507 511.8 509.9 508.8 508.3 506.7 505.2 504.3 502.9 500.3 498 494.9 492.2 489.3 484.8 479.5 473.4 467 459.8 452.4 445.3 437.7 431.5 425.1 419 411.9 405.1 401 396.2 390.9 387.4 379.9 370.2 375.2 365.4 373.5 368.9 377.2 378.7
531.6 524.9 517.8 510.6 504 497.5 492 486.9 481.8 476.2 470.7 464.7 457.2 447.4 438.2 429.9 420.8 411.8 407.7 406.1 427.5 436.9 442.1 447.3 449.4 454.2 460.3 465.6 469.3 474.4 478.2 482.2 487.4 493.5 497.3 500.3 503.5 508.3 512 511.8 513.3 512.4 511.2 509.6 508.3 507.1 506.1 504.5 501.9 499.3 496.7 494 491.3 487.4 482.1 475.3 468.4 460.8 453.8 446.6 440 433.2 426.4 420.3 414.2 408.6 403.4 398.3 393.8 382 372.9 386.2 382.5 369.7 382 383.7 382.7 384.4
533.4 526.5 518.8 510.4 503.5 496.7 491.4 486.3 481.1 475.3 469.7 462.9 454.6 443.6 433.3 420.5 410.4 409.8 410.4 429.9 439.5 446 449.8 451.5 456.8 462.9 468.3 471.8 474 478.4 482.6 487.5 493.4 497.6 501.9 506.1 512.4 517.4 517.9 516.7 515.3 515.2 514.2 512.1 510.5 509.3 507 504.7 501.9 498.9 496.7 493.7 490.6 486.5 480.9 475.1 467.7 459.9 452.6 445.6 439 433.5 426.5 420.6 414.4 409.5 405.4 399.8 394.8 376.2 389.7 390.7 381.5 379.8 390 391.2 392.2 391.9
535.4 527.4 518.5 510 502.4 495.9 490.8 485.6 480.2 473.9 467.2 459.2 449.2 438.3 428.7 415.3 413.1 414.3 426.6 441.6 447.6 450.9 456.9 461.3 464 470.2 474 476.8 479.1 483.2 489 495 500.1 501.5 506.1 513.5 519.7 521.3 521.7 521.2 520.5 519.4 518 516.5 513.9 510.6 508.2 504.8 502.7 498.9 495.5 492.6 489.1 484.6 479.2 472.7 464.5 456.6 449.6 443.9 438.1 433.1 426 420.2 414.8 410.3 406.6 402.1 389.6 385 397.2 394.7 383.3 390.5 398.2 399.6 398.9 399.9
535.2 525.9 518.1 509.1 501 494.9 490 483.6 477.3 471 463.7 455.1 443.4 433.2 420.8 414.5 418 427.6 444 448.9 451.2 457.8 463.7 467.8 471.3 475.6 479.4 483 486.5 491.9 497.8 502.1 505 506.6 511.5 518.4 523.5 524.9 525.2 524.6 522.8 521.3 519.7 516.9 514.9 512.9 510.5 507 502.2 498.3 494.3 489.9 485.9 481.4 475.9 468.9 460.9 453.8 448.6 443.6 437.5 432.5 426.5 420.8 415.8 411.4 402.6 392.4 384.2 398.3 401.9 400.4 382.2 397.1 404.7 407 406.7 408.8
535.4 526.5 516.8 508.3 499.3 493.4 487.2 479.8 473.5 467.7 459.3 448.9 437.7 426.5 417.8 418.5 429.8 441.5 447.3 454.5 459.5 464.5 469.1 474.2 478.4 481.8 487 491.2 496.2 501.9 504.9 508.3 510.9 516.5 520.4 524.5 526.4 527 527.8 526.6 524.8 523.2 521.8 520.1 518.1 515.3 511.6 506.6 501.9 497.2 491 485.6 482.2 476.6 470.7 464.9 457.5 451.5 446.1 441.3 435.1 430 424.8 419 410.4 399 391.3 393.9 402.7 404.5 404.8 401.1 386.9 403.9 410.3 413.6 415.1 416.3
535.1 525.1 515.5 509 500.4 493.1 485.7 477.4 465.9 462.7 453.9 441.5 432.8 423.3 418.9 430 441.7 450.4 453.2 460.1 464.4 469.6 475.5 479.6 484.3 489.2 494.3 501.1 505.4 508.5 512.8 516.9 520.8 523.6 525.3 527.8 528.6 529.1 529.1 528.2 526.8 524.8 523.7 522 519.1 515.5 510.6 505.3 499.7 495.2 488.5 484 478.8 470.9 465.1 459.3 453.6 448.6 443.3 438.3 432.9 424 417.7 407 398.7 401.5 406.2 407.6 406.8 405.9 400.3 390.6 394.3 409 415.5 418.9 421.3 421.8
534.4 524.4 515.5 507.2 499.4 490.9 483.1 476.5 468.2 457.7 444.2 435.1 426.2 422.1 426.1 439 448 455.1 460.9 466.4 471 475.1 480.9 486.4 491.9 498.3 504.2 508 511.9 517.2 521 523.6 526 527.5 529.2 529.5 530.2 530.8 530.4 529.5 528.6 526.8 524.6 522.1 518.6 515 508.9 502.9 497.6 491.7 485.9 480.4 472.6 465.8 459.2 453.8 447.9 442.8 437.9 429.2 419.8 412.8 407.3 412.2 417.3 415.2 412.6 410.8 409.4 406.1 395.2 395.9 408.2 415.3 419.9 423 426.5 429.5
532 522 513.9 505.7 497.8 489.6 481.2 473 465.2 455.1 438.7 429.8 427 430.2 437.5 447.2 454.7 460.4 466.4 472.6 477.6 482.3 486 493.8 499.2 506.9 510.3 515.1 522.3 525.3 526.6 529.1 530.8 531.6 532.9 532.8 532.6 532.5 532.1 531.4 530.5 528.3 525.6 522.8 520 516.8 511.6 505.2 498.9 490.9 483.4 474 467.8 461.7 455 447.6 441.5 434.8 425.6 423.8 423.7 424.8 425.6 423.8 420.8 418.2 415.8 413.9 412.8 402.7 397.8 409.6 416.9 419.9 423.2 426.7 429.9 433.1
529.6 520.1 511.5 503.2 494.5 486 477.8 470.1 455.4 442.3 434.6 431 439.3 445 450.1 454.5 463 467.4 472.9 478.1 483.6 489.9 496.2 502.3 508.4 512.9 519.1 523.8 528.1 529.7 532 533.8 534.7 535.8 536.2 536.6 537.1 535.5 534.1 533.6 532 529.8 527.1 524 521 517.3 510.5 504.6 497.8 489.6 480.7 472 465.2 459.4 449.2 438.9 434.6 439 434.9 431.3 429.7 430.6 428.6 426.1 424 421.8 419.4 417.5 404.5 402.3 416.2 421.3 422.1 423.3 427.5 431.1 434.3 437.3
527.4 517.6 508.4 499 490.3 483.3 474.5 461.6 446.7 433.2 431 444.9 451.4 451.1 457.4 464.4 468.6 473.2 478.7 484.7 490.8 497.7 504.7 511.2 515.7 519.8 525.1 530.1 533.1 535.4 536.9 537.9 539 540.6 541.4 541.8 540 538.4 536.7 535.5 533.7 531.4 528.6 525.5 521.8 517.2 510.5 503.2 495.4 486.8 478.3 470.7 465.4 460.3 455.4 439.9 446.4 444.9 440.1 437.1 437.6 434.9 431.7 431 429.9 428.2 424.9 409.7 414 422.1 425.7 427.8 426.7 429.8 433.2 437.5 441.4 445.8
523.3 513 503.2 494.3 488 479.5 467.7 447.6 436 445.5 448.4 451.5 457.2 459.3 464.9 469.6 474.7 480.6 485.7 491.4 499.4 506.3 512.8 517.1 522.3 527.6 532.7 536.1 538.4 540 541.5 543 544 545.5 546.1 544.5 542.9 541.4 539.6 537.4 536 534.2 530.5 526.9 522.4 517.7 511.6 501.8 493.5 485.7 478.9 472.6 466.4 462 447.8 450.9 451 449.2 447.1 444.9 444 442 438.7 436.9 434.7 432.4 422.9 414.7 423.4 427.4 432.4 433 433.6 436.7 440.3 445.6 449.7 453.4
518 508 498.6 492.5 486 475.3 454.9 448.6 448.8 452.1 455 458.7 463.2 464.6 470.2 475.3 480.5 485.6 491.4 502.1 508.5 513.1 519.4 525.6 531.7 536.6 539.9 542.1 543 544.6 547 548.9 549.6 550 550.5 549.9 548.5 547.2 546.3 543.9 540.2 536.5 532.6 527.9 523.1 518.2 512.6 503.7 493.5 485.4 478.9 472.2 465.1 455.4 457.2 458 456.4 453.6 452.1 451.2 449.1 447 444.9 442.2 439.6 434 422.9 425.4 430 433.7 437 437.9 441.3 445.7 450.2 454.1 459.1 461.2
516.7 504.7 498.1 490 478.9 465.6 451.5 459.6 454.8 455.3 461.1 464.7 468.6 470.3 474.8 480.8 486.5 492.9 503.4 510.4 516.4 520.7 526.9 534.2 540 543.8 546.6 547.9 549.4 551 552.8 554.2 555.2 556.1 555.9 555.7 554.7 553.6 551.1 547.9 543.6 537.3 532.6 528.2 524 519.4 513.7 503.9 494.6 485.6 477.7 470.7 458.9 466.2 464.7 463.3 461.7 459.1 457.2 457.2 456.1 452.8 450.3 447.2 444.1 438.5 421.4 432.6 437.7 441.5 444.4 445.6 450.5 455.8 459.9 464.5 467.7 469.5
