data/380000-780000.asc
ncols 200
nrows 200
xllcorner 380000
yllcorner 780000
cellsize 50
[rows 148 to 184 of 200, columns 84 to 167 of 200]
112.9 113.1 113.3 113 113.2 115.9 118.9 122.3 124.9 127.5 130.4 132.6 134.9 137.1 136.8 133.7 129.8 123.5 118.9 116.9 116.8 117 117.1 117.2 117.2 117.3 119.2 121 123.5 127.6 126 121.5 118.9 118.1 117.2 117.6 117 116.7 116.9 117.3 116.3 115.6 116.1 117.1 118.9 120.6 121.6 122.5 121.9 120.6 117.9 114.8 112.5 111.9 111.5 110.2 107.7 105 101.7 95.7 91.5 87.4 84.5 82.2 80.2 81.2 81.3 80.3 78.3 75.2 70.1 49.6 23.7 9.1 2.1 1.4 -1.8 -1.8 -1.8 -1.8 -1.8 -1.8 -1.8 -1.8
113.7 114.1 114.1 112.7 113.5 116.3 119.7 123.3 125.6 127.9 130.7 133.4 135.9 139 139.4 137.5 133.4 126.9 121.2 117.3 117 117.1 117.2 117.2 117.8 118.4 122.3 124.3 126.8 127.3 124.4 121.1 119.4 117.9 117.2 116.9 116.4 116 115.8 115.4 115.3 115.3 116.1 117.9 119.6 121.3 122.3 122.7 121.6 119.5 116.8 113.7 112.6 112 111.8 111.1 108.3 105 100.1 94.8 89.3 85.2 82.3 80.7 80.4 82 81.7 80.2 77.6 74.8 50.3 18.8 3.9 2.1 2.1 -1.8 -1.8 -1.8 -1.8 -1.8 -1.8 -1.8 -1.8 -1.8
115.5 115.2 113.8 112.8 114 117.2 120.7 124.2 126.2 128.2 130.9 133.8 136.9 140 141.9 140.2 136.7 131 124.6 120.3 117.8 117.4 117.3 117.7 118.2 118.6 124 126.2 126.5 125 122.4 120.9 120.2 118 116.6 116.2 115.7 115.5 115.4 115.2 115 115.1 116.3 117.6 119.3 121.4 122.4 121.7 120.1 118.1 115.8 112.8 112.3 112.2 112.1 112 108.1 103.5 98.7 94.2 87.8 82.9 81.7 80.1 80.7 82.2 81.2 79.9 77.1 71.6 39.3 9.9 0.7 -0.3 -1.8 -1.8 -1.8 -1.8 -1.8 -1.8 -1.8 -1.8 -1.8 -1.8
116.8 116.3 115.4 113.3 115.3 118.7 122.1 124.4 126.3 128.6 131 133.3 136.8 141.2 143.4 143.8 140.1 133.9 128.1 124.1 120.5 117.8 117.8 117.7 117.6 118 124.9 126.5 124.4 123.4 122.3 121.7 122.4 119.5 116.3 115.9 115.6 115.5 115.5 115.2 115 115.5 116.2 117.5 118.7 120.3 119.8 118.8 117.8 116.4 114 111.8 111.2 113.4 114.7 112.7 108.3 102.7 96.9 91.8 86.4 82.2 80.8 80.9 81 82.2 81.1 79.6 75.6 70.3 65.1 44.6 18 -1.8 -1.8 -1.8 -1.8 -1.8 -1.8 -1.8 -1.8 -1.8 -1.8 -1.8
118.6 115.9 115.4 113.7 115.9 119.2 121.7 123.3 125.5 127.6 130.8 133.6 136.5 141.4 143.4 143.4 141.3 136.8 131.9 127.4 122.1 118.9 117.7 117.7 117.6 117.7 122.5 122.2 123.1 123 122.5 122.4 123.4 119.6 116.8 116.1 115.5 115.5 115.5 115.2 115.4 115.9 116.5 116.4 116.7 117.6 116.5 115.6 114.6 113.2 111.8 109.4 109.5 113.5 114.4 112.7 108 102.3 96.1 89.7 84.8 81.8 81.3 81.3 81.3 81.3 80.7 78.5 74.3 69.2 63.8 60.1 55.5 46.9 -1.8 -1.8 -1.8 -1.8 -1.8 -1.8 -1.8 -1.8 -1.8 -1.8
117.1 115.5 114.3 113.9 115.1 118 120.2 122 124.1 126.1 129.3 132.6 136 139.7 142.1 142.6 141.5 138.2 134.3 129.5 124.3 119.7 117.4 117.5 117.7 117.8 118.3 120.1 122.4 123.7 123.5 122.8 122.9 119.6 117.7 116.3 115.5 115.5 115.5 115.4 115.8 115.7 115.3 114.4 114.2 114.8 113.4 112.3 111.2 109.7 108.2 106.6 107.2 111 113.2 111.9 107.2 101.7 95.6 89.2 84.7 83.1 82.7 82.6 81.4 81.5 80 77.1 72.5 67.5 62.8 59 54.9 50.8 -1.8 -1.8 -1.8 -1.8 -1.8 -1.8 -1.8 -1.8 -1.8 -1.8
114 113.1 111.2 113.6 113.6 116 118.4 120.2 121.7 124.4 128.1 131.5 134.9 138.3 140.7 142.1 142.3 139.5 136.1 131.5 126.3 120.7 118 117.6 117.7 117.9 118.7 120.2 122 123.6 124.1 122.2 121.8 119.5 118.2 117.5 115.5 115.5 115.7 115.9 115.4 114.9 113.3 112.6 112.1 111.3 110.3 109.1 107.7 106.1 104.6 105.4 106 108.9 111.4 110.6 106.4 100.7 94.6 88.8 85.6 83.7 83.9 83.1 81.4 80.6 78.1 75.5 71 66.6 63.2 58.8 54.1 49.2 45.7 39.9 33 -1.8 -1.8 -1.8 -1.8 -1.8 -1.8 -1.8
113.9 113.5 110.6 111.6 111.6 113.4 115.8 117.8 119.7 122.6 126.6 130.4 133.8 136.7 139 140.2 141 141.7 137.9 133.4 128.3 123.3 120.3 119.3 118.7 119.2 119 119.8 121.6 122.9 123.6 122 119.6 119.9 119.4 117.9 115.3 115.2 116.1 115.9 115.1 112.9 110.3 107.9 106.7 106.9 106.5 105.9 104.3 102.8 103.1 104.2 104.1 106.3 109.9 109.7 105.1 99.8 94.5 89.1 85.5 84.9 84.8 83.8 81.7 79.5 77 74.5 70.5 66.5 63.5 59.2 54.7 49.4 45.8 42.8 33 14.6 -1.8 -1.8 -1.8 -1.8 -1.8 -1.8
112.1 113.6 112.5 108.6 110.2 112 113.8 115.7 118.1 120.9 124.7 129 132.2 135 137.2 138.5 140 142 140.2 134.7 130 126.1 122.8 121.2 120.7 120.7 120.2 120 120.5 121.6 122.7 121.3 117.9 121.3 118.7 116.7 115.2 114.4 115.2 115.5 113.3 111.1 107.8 104.9 104.2 104.9 104.3 103 101.3 100 101.2 102.4 103 104 108.2 108.5 104.3 99.4 94.4 89.4 87.5 87.4 86.5 84.8 81.3 78.6 76.2 73.8 70 66.7 63.8 59.8 54.4 49.5 46 43.6 39.1 -1.8 -1.8 -1.8 -1.8 -1.8 -1.8 -1.8
112.2 112.2 111.6 109.8 108.8 110.3 112 114.2 116.8 120.5 124 127.9 130.9 133.6 136.4 138.1 140.1 141.8 138.8 137.1 132.9 130 126.8 123.2 122.8 122.4 121.4 119 117.2 119.7 121.5 120.2 116.7 119.8 118.2 116.3 115 115 114.9 114.1 111.4 108.3 105.9 104.2 103 103.1 102.4 100.1 97.8 98.5 99.3 100.5 101.3 102.2 106.7 107.1 103.8 99 94.2 90.9 89.7 89 87.5 84.3 80.4 77.9 75.6 73.2 69.3 65.4 62.9 59.8 54 49.4 47 44.4 34.7 -1.8 -1.8 -1.8 -1.8 -1.8 -1.8 -1.8
110.7 111 110.5 109.8 107.8 109.1 110.7 113.2 116.3 119.6 122.9 126.6 129.6 132.4 135.1 137.8 140.3 141.7 140.3 139 136.6 134.7 131.4 127.9 124.2 123.3 122.5 117.5 114.4 116.9 119.1 118.8 115.5 118.2 117.9 115.9 114.6 114 113.6 112.7 109.1 105.6 104.4 103.9 103.3 101.1 99.7 97.3 97.8 98.3 98.1 98.6 99.5 100 104 105.4 102.6 98.5 94.2 93.9 91.6 90.4 86.2 82.8 78.7 76.7 75 72.6 68.7 65.1 62.8 59.3 54.4 50.5 47.3 43 2.1 -1.8 -1.8 -1.8 -1.8 -1.8 -1.8 -1.8
109.6 109.4 108.9 108.1 106.8 107.6 109.8 112.7 115.3 118.5 121.8 125.4 128.4 131.1 134 136.7 140.4 143 141.9 140.9 140.4 138 135.4 131.3 127.7 125.3 120.5 115.9 114.3 114.7 117.5 117.3 113.5 115.9 116.1 115.4 114.3 113.1 111.7 110.5 107 105.8 104.5 104.4 103.9 101.1 97.5 96.6 97.5 97.3 97.3 97.3 97.4 97.8 100.5 102.3 99.9 96.8 96.2 95.8 93.6 89.7 85.3 80.9 76.9 76.4 74.7 71.9 68 65.4 62.7 59.6 54.8 50.4 46 41.4 -1.8 -1.8 -1.8 -1.8 -1.8 -1.8 -1.8 -1.8
107.6 108 107.5 106.3 105.4 106.9 110 112.3 114.8 117.7 120.7 124.2 127.1 130 132.9 135.7 141 143.8 143.4 141.7 143.3 141.7 138.2 134.2 129.9 123.8 118.8 116.4 115.8 114.6 115 114.6 111.5 114.5 115.1 114.5 113 111.3 109.6 108.2 106.7 106.1 105.7 105.4 101.7 97.5 95.9 96.1 95.5 95.3 95.4 95.8 95.1 94.8 97.3 98.5 98.5 98.3 98.5 96 91.9 88.3 83.7 79.2 76.3 75.2 74.3 71 67.8 65 62.2 59.6 55.3 51 46.5 42.2 -1.8 -1.8 -1.8 -1.8 -1.8 -1.8 -1.8 -1.8
105.8 105.8 105.7 104.6 104.5 107 109.6 111.9 114.4 117.2 120 123 126 129.1 132.3 136.3 141.7 144.5 143.4 141.1 143.8 143.3 140 135.3 129 122.8 119.4 117.4 116 114.6 113.1 111.4 111.6 113.4 114.2 113.3 111.4 109.7 109.2 108.5 107.5 107.8 107.4 103.9 98.2 96.1 95.4 95.2 94.2 93.6 94 93.8 92.6 90.3 91.2 94.3 98.6 100.4 99 94.9 90.9 86.8 82.7 78.9 75.8 74.4 72.9 70.2 67.3 64.4 62.1 60.1 56.8 51.8 47.1 44.3 -1.8 -1.8 -1.8 -1.8 -1.8 -1.8 -1.8 -1.8
107 105.5 103.9 103.1 103.9 105.6 108.9 111.7 114.5 117.3 120.1 123 125.6 128.9 132.2 137 141.9 143.2 142.2 140.9 143.1 144.5 141.1 134.4 128.4 123.4 120.1 117.6 115.4 113.5 112 111.6 111.6 113 112.4 110.8 109.6 109.9 110.4 108.9 109 109.8 106.9 101.1 97.1 97.4 95.8 94.5 93.3 92.5 92.3 91.4 89.1 88.1 90.5 94 98.5 100.2 98.5 94.5 90.4 86.6 83.2 79.5 75.9 74.1 71.9 70.3 67.6 64.3 62.2 60.9 57.1 51.6 -1.8 -1.8 -1.8 0.6 -1.8 -1.8 -1.8 -1.8 -1.8 -1.8
108.9 107 105.7 104.2 102.8 105.2 109 112 114.7 116.8 119.6 122.8 125.5 128.4 131.4 137 140 140.5 141.1 141.4 143.4 143.8 139.6 133.7 129.4 125.1 121.2 116.8 115.1 113.8 111.8 110.8 109.9 112 110.5 109.8 110.3 111.1 111.3 109.8 111.1 110.3 103.9 99.1 99 97.9 96 94.3 93 90.7 90.3 87.7 85.9 87.6 90.7 93.8 98.1 99 97.6 94.4 91 87.5 83.9 80.2 76.5 73.6 70.6 69.6 68.4 65.2 61.9 59.1 56.3 50.5 -1.8 -1.8 38.4 31.2 -1.8 -1.8 -1.8 -1.8 -1.8 -1.8
108.8 108.2 107.8 105.2 102.2 103.4 108 112 114.3 116.3 119.4 122.5 125.3 127.7 130.3 134.7 137.7 139.8 141.1 141.8 142.6 140.5 138 134.3 130.2 126.2 121.5 116.6 115.2 114.5 111.8 108.9 108 111.5 110.7 111 111.5 112.1 112 110.8 112.2 108.8 102.8 101.5 99.6 97.9 96.2 94.3 91.7 88.8 87.5 85.2 85.8 87.8 90.3 93.3 97.3 97.3 95.4 94.2 90.8 87.9 85.2 81.5 77.7 73.8 70.4 68.9 70.2 66.5 61.7 58.4 54.8 50.4 46.5 43.3 39.7 -1.8 -1.8 -1.8 -1.8 -1.8 -1.8 -1.8
108.3 108.1 107.8 105.5 101.9 101.8 107 110.4 113.9 116.4 119.3 122.3 124.9 127 129.4 132.7 136.6 139.1 140.8 141.9 141.9 139.9 138.4 135.2 129.4 125.7 121.5 116.5 115.6 114.9 110.3 107.6 107 111 112.3 112.6 112.8 113 112.3 111.4 110 107.3 105.4 103.8 101.3 98.7 95.3 93.6 90.2 87.2 84.8 84.9 85.8 87.7 89.7 92.7 96.1 94.7 93.7 93.7 91 88.7 86.5 82.8 78.9 75 71.2 68.5 69.3 66.7 62.2 59.8 56.6 51.7 47.5 43.6 2.8 -1.8 -1.8 -1.8 -1.8 -1.8 -1.8 -1.8
107.3 106 105.3 103.7 100.9 102.1 108.6 111.9 114.4 116.4 118.7 121.6 124 125.7 127.5 132.3 135.5 137.4 138.7 140.3 140.9 139.8 137.9 134.6 128.9 124.9 121.2 116.5 115.1 113.3 109.5 106.4 107.2 112 113.9 113.9 114.3 113.7 112.8 111.3 109.3 109.2 108.4 105.1 102.1 99 96.1 93.3 89 85.3 84.5 84.3 85.8 87.8 89.7 92.1 93.8 92.4 91.7 91.8 90.4 89.2 86.6 84.3 80.3 76.3 72.4 68.7 67.5 64.7 63.3 61.7 57.4 52.4 49.2 43.7 30 -1.8 -1.8 -1.8 -1.8 -1.8 -1.8 -1.8
107.6 106.7 104.6 102 100.5 104.4 109.9 113.2 115.3 117.3 119.3 121.2 122.6 124.4 127.3 131.3 134.5 135.6 136.3 137.2 138 137.8 134.6 131.6 127.9 124 120 116 113.2 109.3 105.9 106 108.6 112.7 115.6 115.4 115.7 114.7 113.7 112.6 111.4 111.8 108.6 106.2 103.6 99.7 95.3 91.1 86.4 84.5 83.9 84.5 86 87.9 89.5 91.5 91.5 90.2 89.4 89.6 89.6 89.1 86.7 84.4 81.9 78 74 70.6 68.5 66.4 65 63.5 59 54.6 49 43.1 36.1 -1.8 -1.8 -1.8 -1.8 -1.8 -1.8 -1.8
109.8 108.9 106.8 102.3 100 105.5 111.4 114.4 116.3 117.4 118.3 119.1 120.4 121.9 125.9 130.7 133.2 133.6 133.7 134.3 134.6 133.8 130.8 129.7 126.5 122.7 118.5 113.1 108.9 106.3 103.8 110.4 108.6 112.5 115.9 116.8 116.8 115.7 114.6 113.5 112.7 111.1 109.2 108 104.2 99.8 95.2 89.1 84.7 83.7 83.8 84.6 86.2 87.9 88.9 89.7 89.3 87.8 87.4 88.6 89.3 89 86.7 84.5 82.2 79.6 76 72.9 68.8 67 65.1 63.2 60.8 56.9 2.1 17.6 37.3 -1.8 -1.8 -1.8 -1.8 -1.8 -1.8 -1.8
110.7 109 105.1 101.9 99.4 104.6 111.7 114 115 115.1 116.1 117.1 118.5 120.4 124.5 129.1 131.8 132 131.8 131.6 131.5 129.9 128.7 127.5 125 121 115.2 109.5 104.8 103.9 103.8 107.1 107.8 114.3 115.7 116.6 117 116.1 114.8 114.5 113.4 112.2 111.6 109.4 104.9 98.6 92.3 86.8 84.5 83.4 84.3 84.9 86.3 87.7 88.2 88.2 87 85.4 86.4 88.2 89.2 88.7 86.7 84.5 82.5 80.9 78.4 75.2 69.4 66.9 65.1 63.3 61.6 -1.8 -1.8 -1.8 -1.8 -1.8 -1.8 -1.8 -1.8 -1.8 -1.8 -1.8
111.8 110.4 107.6 103 98.9 101 110.3 112.5 112.9 113 113.7 114.7 116.9 118.9 122.9 127.3 130.2 130 129.5 129.5 129.6 127.7 127 125.6 123.5 119 114 107.6 102.4 101.4 102.2 104.8 107.3 111.9 114 115.3 116.4 117.3 116.7 116.7 115.2 114 113.2 109.7 104.2 96.5 89.3 86.1 84.4 83.9 84.8 85.6 86.4 87 87.1 86.4 84.7 83.1 84.9 87.8 89.3 87.8 85.7 83.7 83.3 82.3 80 76 69.9 67.1 65.4 64.3 61.5 -1.8 -1.8 -1.8 -1.8 -1.8 -1.8 -1.8 -1.8 -1.8 -1.8 -1.8
112.8 111.5 109.5 106.3 101.2 97.6 105 110.3 110.7 110.9 111.3 112.9 115.2 117.5 121.5 125.6 128 128.1 128.3 128.3 127.4 125.6 126.1 124.7 121.1 116.7 111.9 106.6 101.3 100.2 100.6 102 105 108.7 111.3 113.3 114.1 115.3 116.9 117.4 116.9 115.8 114 110.2 102.2 94.3 87.8 85.5 83.7 84 84.7 85.5 86.3 86.6 86.1 84.1 82 79.3 82.8 86 87.7 85.5 83.7 83.2 83.7 82.6 80.5 75.7 70.1 66.2 65 63.8 60.9 56.8 -1.8 -1.8 -1.8 -1.8 -1.8 -1.8 -1.8 -1.8 -1.8 -1.8
113.7 112.3 110.4 107.7 104.5 97.3 100.7 108.1 108.4 108.7 109.5 111.6 113.7 116.2 119.8 123.8 126.1 127.2 127.2 126.7 125.4 124.3 124.3 122.1 118.4 114.1 109.5 104.8 100.8 98.8 98.4 98.7 101.9 105.8 108.6 110.9 112.1 113.2 115.8 117.3 117.2 116 113.7 108.1 99.7 92.9 88.5 85 83.1 83.6 84.4 85.4 86 85.7 84.3 81.8 79 76.7 80.3 84 85.3 83.5 82.3 82.3 84 83.6 79.6 74.1 69.3 65.7 64.9 63.5 59.6 55.5 -1.8 -1.8 -1.8 -1.8 -1.8 -1.8 -1.8 -1.8 -1.8 -1.8
114.9 112.3 110.8 108.6 105.6 99 97.9 105.9 106.5 107 108.3 110.2 112.6 115.1 118.1 121.8 124.3 125.7 126.2 125.6 124.5 122.1 121.5 119.9 116.1 111.8 107.3 102.6 101 97.9 97.8 97.7 100.1 103.2 105.5 107.6 109.8 111.4 114.1 116.1 116.7 116.3 112.1 105.6 98.7 92.9 88.8 84.9 82.4 82.9 84.1 85.4 85.5 83.9 81.7 78.7 75.9 77.2 79.4 81.8 81.6 80.8 80.8 81.5 84.2 81.1 76.5 70.5 67 65.5 64.2 61.8 58.3 57.1 -1.8 -1.8 -1.8 -1.8 -1.8 -1.8 -1.8 -1.8 -1.8 -1.8
115.9 113.1 110.8 108.8 105.6 100.2 96.5 104.9 104.8 106.4 107.7 109.8 111.8 114.7 117.7 120.6 123.1 124.3 124.7 124.2 123.5 120.8 119.6 117.7 114.4 110.3 105.9 101.3 99.3 96.9 97 96.6 98.8 101 102.6 104.9 107.4 110 112.9 116 117.1 116.3 111.8 105.8 99.2 93.1 89 84.9 82 82.9 84.1 85.2 84.2 81.9 79.1 76.6 74.4 77.1 79.3 79.9 78.8 77.9 78 79.3 81.3 77.3 73.1 69.3 68 65 62.7 61 58.7 2.1 -1.8 -1.8 -1.8 -1.8 -1.8 -1.8 -1.8 -1.8 -1.8 -1.8
116.8 113.9 111.3 109 105.7 101.4 95.6 100.4 102.2 105.1 107.2 109.5 111.5 114.2 117.1 119.4 121.4 122.1 122.6 122.8 122.1 119.7 118.4 115.7 112.9 108.7 104.4 100.4 97.7 96.2 97.7 95.4 96.8 98.2 100.1 102.5 105.3 108 111 115.1 116.6 116.2 112 105.9 100.2 94.2 88.9 84.2 81.7 82 83.9 83.7 82.4 79.4 76.4 74 73.9 77.5 78.3 78.1 76.3 75.2 75.8 77.1 75.9 73.2 69.7 68.4 66.9 65.2 62.9 61.9 60 24 -1.8 -1.8 -1.8 -1.8 -1.8 -1.8 -1.8 -1.8 -1.8 -1.8
118.3 114.5 111.8 109.3 106.3 102.7 96.6 96.4 103.6 105.7 106.7 109.2 111.1 113.4 115.4 117.3 119.2 120.4 120.5 120.9 120.7 119.1 117.3 115.4 111.9 107.6 103.3 99.6 96.4 95.6 96.4 94.7 95.2 96.2 97.9 100.7 103.5 106.2 109 113.7 116 116.1 112.5 107.4 101.1 95.3 89.5 85.5 82.5 81 82.2 82.6 80.5 77.6 74.6 73.8 75.2 78.4 77.3 76.2 74.1 71.8 72.8 72.5 71.3 69.5 68.7 67.1 65.3 64.8 64.2 62.9 60.3 58.4 -1.8 -1.8 -1.8 -1.8 -1.8 -1.8 -1.8 -1.8 -1.8 -1.8
119.7 114.6 111.8 109.1 106.2 102.7 97.4 94.2 102.8 105 106.6 108.8 109.8 110.9 112.8 114.7 116.8 118.8 119.3 119.4 119.5 118.6 117.2 115.1 110.9 106.8 102.4 98.8 96.5 95.2 94.7 94.6 94.5 95.3 97.3 98.9 101.7 103.3 106.4 111.2 116 116.4 112.7 107.8 101.5 95.5 90.2 86.7 83.3 80.5 80.8 81.2 78.6 75.8 73.9 73.6 76.1 76.4 75.1 74 71.3 68.3 69.5 69.3 68.7 67.3 65.8 65.3 65.7 65.9 65.2 64.1 61.8 59.9 -1.8 -1.8 -1.8 -1.8 -1.8 -1.8 -1.8 -1.8 -1.8 -1.8
121 115.7 111.6 108.4 105.2 101.7 97 93.1 100.4 104.2 106.4 107.1 107.8 108.5 110.3 112.3 114.4 116.5 117.8 117.7 117.9 118.2 117 114.3 110.1 106 101.5 98.6 96.5 95 94.7 94.3 94 94.8 96.2 97.5 99.1 100.5 104.6 110.1 114.2 115.2 112.3 107.8 101.8 95.7 91.3 87.2 83.2 80.8 80 79.2 77.3 74.5 74 73.6 76 76.1 73.5 71.2 69.3 68.3 67.7 68 67.2 65.9 65 66.5 68.7 67 65.2 64.3 63.7 -1.8 -1.8 -1.8 -1.8 -1.8 -1.8 -1.8 -1.8 -1.8 -1.8 -1.8
121.9 115.9 111.9 109 105.8 105.6 100.2 93.8 92.8 98.4 103 104.2 105.2 106.2 108 110.3 112.5 114.5 115.8 115.8 116.4 116.9 116.6 113.9 109.6 105.4 102.1 98.8 96.3 95 94.6 93.9 94.3 95.7 95.4 95 96.8 98.8 103.8 109.1 112.4 113.3 111.2 107.6 102.1 96.5 92.1 86.5 82.7 80.8 79.6 78.2 76.4 75 74.4 76.4 78.1 76.3 73.7 71.1 69 67.9 67.8 66.3 66.2 65 67 70.9 70.5 67.3 65.6 64.8 64.3 -1.8 -1.8 -1.8 -1.8 -1.8 -1.8 -1.8 -1.8 -1.8 -1.8 -1.8
120.6 115.4 112.1 109.6 108 105.9 103.1 98.9 94.6 93 99 100.8 103.5 105.2 106.8 108.9 110.7 112.5 114.2 113.9 113.8 115.9 115.7 113.1 109.3 105.2 102.3 99.6 97.1 94.5 93.7 93 94.9 95 93.5 92.5 94.3 97.9 103.6 106.3 109.4 111.4 109.6 106.6 102.3 97.2 91.2 85.4 81.9 80.5 79.4 78.3 76.9 75.7 77.7 80 78.8 75.6 73.3 71.2 69.4 67.8 66.8 65.3 64.9 64.8 68.6 72.5 72 68.9 67.6 66.1 64.7 62.5 -1.8 -1.8 -1.8 -1.8 -1.8 -1.8 -1.8 -1.8 -1.8 -1.8
119.2 114.8 111.8 109.3 107.2 104.7 102.4 100.1 97.2 91 94.6 101.2 102.8 104 105.4 106.9 108.7 110.5 112.2 111.7 112.7 115.8 114.9 111.7 108.4 105.2 102.2 99.8 96.9 93.9 92.4 93.2 93.7 92.7 91.1 90 92.2 96.6 100.4 103.4 106 107.7 107.2 105.4 102.2 96 89.9 84.2 81.5 80.4 79.3 78.2 77.1 78.8 81.4 82.3 79.6 76.4 73.1 71.3 69.9 68.3 66.3 65.7 63.7 63.4 71.3 73.8 72.4 70 66.9 65.8 65.1 62.9 -1.8 -1.8 -1.8 -1.8 -1.8 -1.8 -1.8 -1.8 -1.8 -1.8
119.1 115.3 112 109.2 106.4 104.3 102.2 99.8 96.2 90.5 93.1 100.7 102.3 102.8 103.3 104.7 106.5 108.3 109.6 108.5 112.6 114.4 112.9 110.2 107.3 104.8 102 99.1 95.9 92.8 91.1 92.3 91.3 89.8 88.8 89.1 90.8 94.3 97.8 100.3 102.3 104.1 104.1 103.5 99.6 93 87.6 83.3 81.6 80.7 79.5 78.3 78.7 80.2 82.8 83 79.6 76.4 74.4 72.4 70.6 69.1 68.9 68.1 64.8 63.6 72.9 71.9 71.8 68.5 66.2 65.6 65.1 61.4 -1.8 -1.8 -1.8 -1.8 -1.8 -1.8 -1.8 -1.8 -1.8 -1.8
118.9 115.5 112.2 108.7 105.7 103.8 101.9 99.8 96.9 90.8 92 98.2 100.6 101.1 101.5 102.1 104 105.7 106.2 106.2 109.9 111.2 110.3 108.4 105.8 103.6 101.1 97.9 94.8 91.7 90.4 90.8 89.2 87.7 87.6 88.6 89.7 92.2 94.6 96.7 98.7 100.8 101.1 100.2 95.3 90.7 86.7 82.4 81.6 80.6 79.2 78.5 79.9 81.3 83.3 82.6 79.6 77.1 76.1 74.1 71.7 70.5 69.8 68.3 65.8 62.4 64 66.1 66.1 64.8 66.1 65.7 63.8 61.7 -1.8 -1.8 -1.8 -1.8 -1.8 -1.8 -1.8 -1.8 -1.8 -1.8
118.5 114.9 111.4 108 105.5 103.5 101.6 98.1 96.9 95 88.4 94 98.9 99.2 99.5 99.1 101 103.2 103 103.7 106.7 108 107.1 106.2 104.3 102 99.8 96.7 93.7 90.6 89.5 88.6 87.1 86.4 87 88 89.1 89.8 91.3 93.2 95 95.9 96.5 95.5 91.9 87.7 83.8 81.3 80.7 79.4 77.8 78.8 80.6 82.1 83.1 81.6 79.9 79 77.9 75 72.8 70.6 69.7 68 66.5 64.8 61.3 61.8 62.9 62.2 62.3 62.7 62.2 61.8 60.3 -1.8 -1.8 -1.8 -1.8 -1.8 -1.8 -1.8 -1.8 -1.8
