data/380000-200000.asc
ncols 200
nrows 200
xllcorner 380000
yllcorner 200000
cellsize 50
[rows 37 to 73 of 200, columns 0 to 82 of 200]
37.3 42.6 48.8 54.1 54.2 50.6 46.4 44.1 42.3 42.9 45.5 42.8 45.6 45.9 46.5 47.4 48.3 48.1 47.9 48.3 48.1 47.8 49.1 50.6 51.2 54.1 57.4 60.8 63.5 68.7 72 75.4 81.3 92.1 102.1 103.5 103.8 90.4 78.7 83.2 90.9 99.3 106.8 114.8 121.5 128.5 139.1 145.4 152.9 161.6 170.1 162.5 158.9 160.5 160.7 160.7 159.2 153.6 148.2 144.8 141.1 138.6 136.2 140.9 152.1 163.3 172.5 179.5 191.2 220.9 235.9 245 244 243.4 242 240.5 239.2 237.6 235.4 229 227.8 223.3 213.4
36 41.2 47.6 54.1 56.3 54.9 50.7 46.9 44.5 43.7 43.4 43.1 45.7 46.6 47.5 48.4 49.3 49.2 49.4 51.1 51.4 51 50.9 51.1 51.1 51.7 53.5 57.1 61 64.6 67.6 73 81.8 91.5 98.5 99.2 97.7 81.3 75.7 81.6 89.8 98.2 105.7 112.6 120.4 129.6 138.8 145.5 151.6 157.5 154.5 153.6 150.9 148.6 149.9 151.3 149.9 145.4 139.3 134.9 133.5 132.4 136 144.7 156.1 166.8 175.5 183.6 206.9 226 238 245.4 242.6 240.3 239.7 238.1 236.9 235.7 231.5 227.3 227.4 222.5 214.6
34.2 38.9 45 50.6 55.8 57.1 55.3 51.7 47.9 45.1 43.2 45.1 45.1 46.5 47.7 48.6 49.5 49.8 51 52.1 53.1 53.5 53.8 53.9 53.9 53.2 52.7 54.9 58.1 59.1 63.2 66.4 72.3 76.9 83.1 86.9 86.2 77 75.4 80.7 88.7 97.2 104.7 112.2 120.4 130.2 139.1 141.9 141.9 143.2 146.8 145.4 141.6 140.9 142.9 147.1 145.2 133.5 128.9 126.4 127 132.6 141.2 149.7 160.3 170.8 180.6 197.3 216.6 230.8 238.9 242.5 240.5 237.9 237 234.8 233.2 233.1 230 226 222.3 220.1 214.4
33.2 36.5 42.1 47.9 53.7 57.1 57.9 56.5 52.2 47.4 42.5 47.2 44.9 46.1 47.5 48.7 49.6 50.8 52 53.1 54.3 55 55.2 55.3 55.9 56.2 56.5 55 55.7 55.9 57.2 60.4 63.3 67.1 69.5 73.6 72.8 72.4 75.1 80.9 89.2 98.6 104.9 111.1 117.7 124.6 129.1 132.8 133.6 135.1 136.9 135.9 133.5 129.1 129.4 132.8 131.9 126.2 124.1 123.5 126.3 136.4 146.6 155.4 165.9 177.3 190.2 208.2 221.3 231.2 237.5 239.1 238 235.7 233.4 230.3 230.9 231.7 229.1 223.3 212 209.2 209.3
32.8 34.2 39 43.5 47.7 51.9 54.4 57.6 54.7 48.1 46.8 45.8 45.9 46.9 47.8 48.7 49.8 51.6 52.8 54.1 55.3 56.5 56.7 56.9 56.9 57.9 58.2 58 59.4 59.9 60.8 60.7 59.7 60.5 62.6 64.4 67.4 70.5 75 83.5 91.8 99 101.8 107.2 112.7 115.2 118.8 120.2 123.7 125.9 128.7 128.2 123.7 119.7 121.3 123 122.2 120.7 119.7 123.2 131.7 142.5 153.1 163.6 174.5 186.1 200.2 214.1 224.1 231 234.9 235.6 235.4 233.9 227.1 227.3 228.9 228.1 225.6 218.8 199.4 188.7 194.3
33.9 34.1 35.2 38.2 41.9 44.9 48.5 50.7 50.5 42.6 47.5 46.7 47 47.9 48.8 49.7 50.4 52.1 53.6 54.8 56.1 57.8 58.6 59.2 59.9 60.3 60.7 61.4 62.3 64.2 64.8 64.3 63.3 63.6 64.6 61.9 62.8 70 76.9 84.7 92.6 93.8 96.9 101.6 105.8 107.4 111.7 112.7 114.8 117.6 119.1 117.7 115.1 113.4 115.2 117.5 116.8 116.2 120.1 129.7 138.7 148.5 160.9 172 183.4 197.7 208.9 220.3 227.1 230.6 232.9 233.2 231.6 228.2 221.8 225.5 226.2 224.4 221.4 213.3 190.1 172.5 172.6
36.3 36 35.7 36.3 37.7 40.2 43.4 45.8 47.4 45.2 47.9 48.4 48.2 48.8 49.6 50.3 51 53.3 54.7 56.6 58.4 59.8 60.4 60.9 63.6 63.3 63.7 64.9 66.2 67.5 68.8 67.6 66.5 66.4 68.1 71.4 64.9 65.6 68.1 73 78.2 79.4 81.7 86.4 91.9 97.8 102.5 105.7 109.9 112.5 112.3 112 107.2 106 107.7 110.9 112.6 116.9 126.2 136.3 144.9 153.5 169.3 181.7 197.2 207 216.4 222.2 226.9 228.7 230.3 229.4 227.2 224.5 217.9 222.3 221.8 220.3 216.8 209.3 193.9 170 161.3
39 39.1 38.5 38.3 38.7 41.2 44.9 45.8 43.2 47.8 48.8 50.1 50.3 51.4 52.1 52.3 52.5 54.7 56.3 57.5 59.6 60.7 61.4 62.9 65.7 66.4 67 68.3 69.5 70.8 70.8 69.2 68.8 68.3 71.6 74.6 76.4 73.3 70.2 71.4 72.4 72.8 74.9 80.1 83.4 87.4 89.5 94.3 98.4 102.6 103.6 102.1 99.1 99.6 103.8 108.9 112.7 122.8 130.9 140.5 151.7 164.6 183.7 197.9 207.2 213 219.1 224.9 225.3 225.6 226.5 225.6 223.7 220.9 213.1 216.4 218.9 217.2 213.1 205.8 197 171.7 155.8
41.8 42.1 41.3 41.1 41 43.1 46.5 46.9 42.6 48.1 49.5 50.9 52.2 53 53.8 53.9 54.7 56.1 58.5 58.8 61 61.6 62.5 64 65.8 66.2 69.5 69.7 69.4 69.4 69 68.4 69.2 70.5 73.3 77.5 80.5 82.9 80.5 79.1 79.4 79.5 76.6 84.1 82.3 79.2 81 87.5 90.6 93 95 93.3 99.6 109 110.3 114 120.7 127.6 137.5 147.6 159.8 177.2 195.6 205.5 210.6 216 222.9 224.5 223.1 222.8 223.4 221.5 220.7 219.3 210 212.1 215.7 215.4 209.8 201.9 193.1 176.4 155.1
44.4 44.6 44.1 43.6 43.1 44.8 46.9 47.2 47.3 48.6 50.2 51.8 53.3 54.3 55 55.6 56.7 57.7 59.2 60.7 61.9 62.5 64.1 66.1 66.9 68.1 68.1 67.7 66.7 66.3 66.2 67.8 70.8 73.3 75.4 79.2 84.8 89.1 90.8 88.4 86.8 86.3 81.4 89 95.3 94.4 96.2 94.6 90.2 88.6 89.5 94.1 101 109.7 116.5 126.1 136.4 143.3 147 153.3 165.2 182.1 200.7 207.4 213.1 218.2 223.4 221.9 221.1 220.3 219.1 217.9 217.2 215.1 208.9 200 210.9 212.5 206.2 198.7 189.7 175.4 154.4
45.6 46 45.7 45.8 46.1 47 47.8 42.4 49.5 50.2 51.1 52.7 54.3 55.5 56.5 57 58 59.1 60.4 61.7 62.7 63.6 65 66.2 67.2 67.9 66.1 65.1 64.3 65.2 66 68.2 71.5 75.4 78.9 82.3 85.8 92.3 93.7 93.4 91.7 89.3 86.8 88.8 99 100.9 102.4 100.3 98.6 91.3 92 95.1 100.6 105.1 112.5 122.6 132.7 143.4 150.9 157.6 169.4 184.6 202.1 208.8 214.8 219.8 220.9 220.1 219.1 217.4 215.2 213.8 211.3 207.3 201 188.1 201.6 210.5 203.5 194.6 186.6 176 157.7
46.4 46.9 47.2 47.3 47.7 48.3 48.9 42.7 51.1 52.1 52.9 53.6 55.2 56.5 57.7 58.4 58.8 60.1 60.9 61.7 62.5 63.5 64.9 66.2 66.3 64.5 63.6 62.7 63.1 64.1 65.7 68.3 71.9 76.4 82 86.8 88.6 92.2 94 94.4 92.9 92.8 93.9 94.5 99.8 105.2 107.9 107.5 104.4 96.3 93 98 101.8 105 113 124 139.1 145.3 152.1 159.5 170.7 183.2 201.5 210.4 216.2 218.7 218.8 217.5 215.5 210.3 206.3 204 200.4 196.1 190.6 176.2 196.5 208 199.9 190.8 182.4 172.2 157.8
46.6 47.2 48 48.8 49.2 49.7 48.8 48.9 52.2 52.7 54 55.2 56.2 57.4 58.3 58.9 59.6 59.9 59.8 61.3 62.7 63.2 65.2 66.3 64.3 62 61.2 61.4 62.2 64.1 66.4 68.5 73.9 79 85.2 91.9 94 93.3 94.7 94.9 95 97.4 100.2 102.1 101.8 110.5 115.3 115.4 108.5 101 98.7 101.6 106 112 116.9 125.3 136.9 146.9 154.1 161.2 172.7 185.4 202.5 213 216.3 215.9 216 211.6 207.2 201.4 192.9 190.7 190.3 186.1 168.8 168.7 194.8 205.8 192.8 186.5 177 168.2 153.3
46.9 47.5 48.3 49.1 49.9 50.8 44.3 52.3 53 53.7 54.3 55.6 56.7 57.4 56.9 56.9 58.6 58.3 58.9 61.3 63.2 63.4 64.7 65.2 62.1 59.9 59.8 60.7 61.9 64.7 67 70 75.4 81.4 88.8 96.1 97.7 96.3 96.3 97.3 98.2 101.6 107 108.9 107.6 112.5 119.2 119.5 110.6 104 106.1 110.3 111.2 117.1 125.7 132.8 141.4 149.1 156.3 164.2 177.2 191.4 205.5 215.3 214.9 213.1 209.8 203.4 197.1 186.9 177.1 177.8 183.1 176.4 157 164.8 192.3 197.9 192.4 182.8 172.8 164.4 146
47.2 47.8 48.6 49.4 50.1 51.2 41.6 52.7 53.2 54 54.9 55.6 56 55.5 54.8 54.8 56.8 59 60.3 61.8 62.5 61.8 62 61.7 59.2 58.2 59.2 60.2 62.1 65 68 72.8 78.8 85.3 92.8 98.4 98.6 98.1 98.3 99.7 101.4 107.2 112.8 117.5 114.8 120.1 127.2 124.5 113.2 110.4 115.1 119.7 120.6 119.7 128.2 140.4 148.4 154.8 161.7 171.8 183.5 197.7 209.7 214.1 213.1 211.2 204.7 198.4 192.8 179.9 163.4 160.4 175.1 166.4 151.3 158.4 176.8 189.9 185.3 179.3 171.7 161.2 142.7
47.4 48.2 48.9 49.6 50.4 51.1 42.8 52.8 53.5 54.1 54.8 54.2 53.9 53.2 52.1 53.3 56.8 59.5 63.3 60.8 60 58.2 58.5 58.5 56.9 57.1 58.6 60 62.4 65.3 69.1 76 82.7 89.4 96.4 98.7 99.4 99.3 99.9 102.6 106.5 112 119.8 130.6 123.5 127 130.5 124.6 116.5 115.4 124.3 130.7 132.9 133.1 137.3 147.7 156 162 168.8 179.5 191.7 203.7 213.1 212.6 211.2 208.1 199.2 194.1 188.8 177.1 155.7 151.1 158.2 152 144.3 150.4 166.1 183.6 182.5 176.6 169.4 159.9 145.4
47.5 48.3 49 49.8 50.5 51.3 44.4 53.5 53.9 54.2 53.2 52.1 50.4 50.3 50.5 52.2 55.2 58.3 59 58.3 56.9 55.4 55.2 55.2 56 57.1 58.4 60.2 62.6 65.7 70.6 77.7 86.4 94.3 98.2 99 99.7 101.1 103.8 108.4 111.7 115.9 123.7 131.5 129.9 133 136.8 132.2 125 121.3 128.7 139.1 141.3 146.4 150.3 158 165.7 171.6 179.4 190 201.2 205.7 211.6 210.6 208.2 202.2 193.1 189.8 181.1 172.2 151.9 141.7 148.2 144 136.8 140.3 152.9 175.8 176.7 171.8 164.6 157.9 150.9
47.4 48.2 49 49.7 50.4 49.3 48.9 52.6 52.3 52.3 51.1 49.9 48.6 48.3 49.1 50.7 53.6 55.5 56.3 56 54.5 53.2 53.4 54.4 55.7 57.3 58.8 60.5 63.8 67.1 72.5 79.6 88.3 96 98.6 99.5 100.3 105.3 110 115.9 120.9 123.7 129.4 139.1 138.5 140.9 146.3 141.9 137.7 135.4 133.4 141.5 148.4 156 163.2 170.1 176.3 180.3 189.6 200.7 205.5 210.9 210.1 205.6 204.2 190 184.5 179.4 172.7 163.5 149.6 135.3 132.9 133.2 127.5 134.7 144.6 160.4 171.7 168.9 163.1 155.9 149.8
47.2 48 48.9 49.7 50.4 43.7 50.8 51.4 51.5 51.1 50.1 49.3 48.3 47.7 48.1 49.5 51.2 52.8 54.2 53.9 52 52 53.3 55.3 56.3 57.6 59.2 61.5 64.4 67.6 73.3 79.9 88.1 93.7 95.9 98.4 103.1 109.5 116.2 124.4 129.7 133.2 138.6 146.2 145.7 147.6 152.9 147.2 147.1 146.5 144.7 149.9 157.8 166.5 172.3 180 186.7 192 202.2 206.5 210.9 210.4 205 200.1 191.6 182.5 177.8 168.6 163.4 152.7 144.6 133.1 125.2 127.5 122.3 130.6 141 152 166.1 166.6 160.7 154.4 148.8
47 47.9 48.7 49.6 50.4 40.7 50.6 51.1 51.8 51.6 51.3 50.2 48.2 47.5 47.2 49.9 52.7 54.9 55.9 52.4 50.7 52.8 54.5 56.5 57.9 58.8 59.8 62.3 64.7 67.8 71.9 77.8 83.7 89.2 92.5 98.1 105.1 113 122.8 130.4 136.3 141.1 146.1 153.3 153.8 157.7 162.4 160.1 159 160 162.5 165.3 171.9 178.6 183.2 192.8 198.8 204.8 209.5 212.1 211.2 205.9 199.4 193.5 187.9 180.8 168.2 159 146.1 138.7 136.8 127.2 118.5 120.8 117.7 126.8 135.5 153.1 159.7 160.3 157.9 152.1 147.6
46.9 47.7 48.2 48.7 49.3 42 50.6 51.2 51.9 52.2 52.1 50.8 47.7 46.8 46.8 50.3 53.8 56.1 55.1 50 52.4 54.2 55.9 57.7 59.5 60.4 61.3 62.4 65 68.4 73.8 79.3 85.8 91.8 96.3 100 107.2 116.7 126.2 133.3 141.1 148 155.7 161.3 163.2 167.2 175.1 178.3 178.8 178.2 178.5 179.9 185.7 194.5 201.5 204.5 207.4 211.6 212.9 212.5 206.4 200.3 194.3 189.6 183.3 174.3 164.8 148.4 137.1 130.6 130.7 122.2 114.3 111.6 113.8 122.2 135.7 146.7 155.2 156 153.1 147.5 144.4
46.8 47.6 48.2 48.9 49.7 43.5 50.7 50.9 51.7 52.2 50.8 48.9 46.4 45.3 45.6 48.6 51.2 51.8 49.8 49.6 53.8 55.6 57.3 59.1 60.9 62.1 63.3 64.5 66 69.1 74.7 82.3 88 95.7 97.8 100.9 107.2 116.2 126.5 134.2 144.3 151.4 162.8 168.2 174.7 181.1 187.9 190.9 192.9 194.8 197.9 201 205.1 209.8 210.7 209.8 210.2 211.4 210.3 205.2 200 195.5 193.7 192.3 187.5 176.8 164.1 141.7 137.5 129.5 121.9 114.9 108.5 106.9 110.9 119.9 131.7 142.2 147.6 150.4 149.3 145 141.5
46.7 47.3 47.9 48.4 48.2 45 48.9 49 49.2 48.7 47.2 45.4 44.4 43.9 44.7 46.1 47.1 45.4 49.3 51.8 54.8 56.6 57.6 59.5 61.4 63.5 65.5 66.7 68.1 69.8 74.3 79.2 84.6 91.5 96.2 100.5 107.9 117 127.4 136.5 145.4 153.5 164.3 171.6 178.9 187.6 192.5 197.5 203.2 207.5 211.4 214.8 215.8 213.6 211.1 210 209.6 208 204.4 199.8 196.1 194.4 195.7 193.8 187.3 176.1 163.2 150.3 134.5 126.8 123 117.7 105.7 103.7 111.1 121 130.7 136 142.1 146.7 145.3 142.2 139
45.8 46.5 47.1 47.5 44.3 45.9 45.4 44.9 44.9 45.3 44.1 43.4 41.8 43.5 44.3 43.6 45.2 48 51.5 54.5 56.4 57.6 58.9 60.2 61.7 63.8 65.9 68 70.1 71.4 73.7 78.1 84.9 90.9 94.1 102.3 110.2 118.5 127.1 137.3 144.2 151.3 161.4 170.9 179.7 188.3 195.4 204.3 211.8 220.2 222.8 221.5 218.4 214.7 210.4 207.6 204.6 201.1 195.7 194.1 191.6 191.9 192.8 188.8 182.9 173.8 160.9 146.8 135.1 122.5 113.6 113.8 105.1 102.2 110.3 120.4 128.5 130.5 134.8 142.2 143.2 139.9 137
44.9 45.7 46.3 44.9 40.2 42.4 42 41.5 41.5 41.9 41.5 40.4 41.2 41.5 43.2 44.3 46.1 47.6 50.6 54.2 57.1 59.1 60.1 61.2 62.6 64.1 66.2 68.5 71.1 72.9 74.4 77.9 85.5 94.2 96.9 103.8 109.8 119.6 125 134.5 140.8 148.7 157.4 168.3 178.3 188.2 198.6 211.7 219.6 225 225.1 221 215.2 208.8 204.1 202.2 197 192.4 187.9 186.1 187.1 188.2 187.6 185.8 179 171.5 163.1 149.8 135.3 126.9 116.9 105.5 101.4 100.8 107.8 115.4 122.5 129.1 129.6 136.2 138.8 138.1 135
44 44.8 44.3 42 39 38.9 38.4 38 39.1 40 39.6 41.4 42.6 43.9 45 45.7 46.6 47.9 50 52.7 55.9 58.4 60.3 61.8 63.5 65.1 66.6 68.9 70.8 73.4 75.1 78.4 87.3 90.5 95.3 100.9 107.1 112 117.6 130.5 139.3 148.5 156.5 165.1 176.1 187.9 202.7 215.3 220.8 224.2 223.6 215 203.3 198.9 196 191.7 188.9 182.5 181.1 178.1 182.3 183.2 183.9 183.2 180.7 172.6 162.9 148.2 133.4 121.9 117 108.1 101.1 99.3 112 118.2 123.3 126.4 127 128.3 137.4 136.7 133.2
43 44.1 42.4 39.8 40 36.2 37.6 38.1 38.9 40.7 41 41.6 43 44.3 45.6 46.6 47.6 48.6 50.4 52.3 55 58 60.5 61.5 63.2 64.7 66.2 68.3 70.6 73.2 77 79.6 84.8 88.1 90.1 96 101 105.8 114.2 124.8 135.9 145.2 153.4 162.1 174.2 188.7 203.8 211.2 216 219.8 213.7 202.7 195.9 190.4 181.3 175.1 174.4 172.3 170.1 171.7 174.2 175.4 176.9 177.5 175.7 170.9 162.6 148.9 134.9 121.5 118.1 109 101 96.1 109.4 117.4 119.8 119.1 119.3 124.1 133 134.6 130.9
42.4 42 39.9 37.2 40.7 37.9 39 39.8 40.9 41.8 42.1 42.4 43.4 44.7 46.1 47.7 48.3 49.3 50.8 53 55.6 58.1 60.1 60.9 62 63.4 65 67.4 70 73.4 77.2 82 89 91.6 93.2 96.4 101.8 105.6 112 123.5 132.3 142.5 152.1 162.5 173.9 186 198 207.1 213.5 210.4 204.6 197.9 187.5 173.1 160.8 158.1 159.9 160.1 161.3 160.5 164.6 167.4 169.5 169.7 168.3 164.8 159.2 151 136.6 124.9 119 108.9 99.5 94.7 104.3 111.1 113.5 111 111.7 120.2 127.9 133.1 129.6
39.5 39 36.9 36.6 41.5 39.4 40 40.6 41.2 42.2 42.9 43.1 44.2 45.4 46.7 48.3 49.1 50 51.4 52.8 54.5 56.4 57.6 59.3 61 62.8 64.8 67.4 71.1 76.2 79.9 83.2 88.8 93.3 94 97.9 104.2 110.4 118.1 127.4 134.2 142.8 156.6 166.6 175.6 185.5 196.2 206.2 207 203.8 197.1 188.2 170.2 156.9 149.2 146.5 141.6 139.1 142.1 141.4 154 162.7 160 159.1 158.3 156.2 152.1 147.3 141.4 129.6 119.1 110.5 100.3 92.7 97.2 102.4 104.1 101.7 106.2 115.8 124.8 132.2 129.7
35.1 34.7 33.9 37.2 42.1 39.6 40.2 40.7 41.4 42.5 43.6 43.9 45 46.2 47.3 48.4 51.9 50.2 51.1 52.3 53.8 55.3 57.1 59.2 61 62.7 64.9 67.4 72.7 78.2 84.6 86.4 86.5 90.8 93.2 95.8 107.3 114.8 123.8 131.7 137.4 149.4 160.6 169.8 178.7 186.7 195.8 203.1 202.7 197.6 191 181.6 160.2 149.5 140.5 136.7 131.1 129.9 129.9 132 146.4 150.7 150.3 150.6 149.2 147.9 144.8 142.1 137.6 132.5 120.3 112.7 102.5 92.9 90.7 93.9 95.4 97.2 102 109.6 120.9 129 129.2
33.3 33.9 35.6 37.5 41.2 39.3 39.9 40.8 41.7 42.8 44 44.7 45.8 46.8 47.8 47.8 49.5 50.8 51.5 53 54.5 55.6 57 58.9 60.5 62.1 64.7 67.7 73.9 80.9 88.3 89.7 89.7 90.7 95.1 97.7 109.8 119.8 128.2 136.2 141.4 155.5 163 171.7 180.8 190.1 196.9 200.8 198.2 192.7 185.3 174.5 154.7 141.6 135 126.1 121 120.1 120.3 127.7 139.2 142.1 142.2 143.6 142.3 141 138.8 136.3 133.1 128.7 124.2 116.1 106.6 95.9 88.9 86.3 89.9 93.3 99.2 108.7 120.4 129.7 128.6
33.7 34.9 36.3 37.8 38.6 39.2 40.4 41.4 42.2 42.9 44.2 45.4 46.4 47.3 48 48.2 48.7 50.9 52 53.6 55.2 56.3 57.4 58.6 60.1 61.2 64.3 68.1 73.2 81.8 89.4 92 91.5 92.7 98.5 106.5 116.1 124.4 132.6 139.5 149.2 157.5 165.1 172.7 182.4 190.4 196.9 198.6 194.4 187.4 180.4 171.2 156.2 141.4 129.1 118.1 110.3 110.2 114 124.6 132.4 134.2 135.7 136.5 135.7 135.3 133.5 130.9 127.7 124.1 120.4 116.1 108.9 96.7 89.7 84.4 86.7 92.3 99.3 108.3 119.1 127.9 128.4
33.6 34.9 36.3 37.6 38 40.2 40.5 41.7 42.5 43.1 43.9 44.8 45.8 46.2 47.2 48.5 49.7 51.1 52.5 54.2 55.9 57 58.1 59.8 61.1 61.6 64 67.2 72.8 82.1 90.3 92.3 91.4 92.7 100.3 108.7 119.1 127.2 137.2 145 152.4 159.8 167 174.6 183.8 191.3 196.2 195.5 190.7 184.9 177.7 167.8 156.4 143.5 128.5 121.1 109.8 105.8 110.4 121.7 127.1 128.6 130.1 131.6 131.1 130.7 128.6 126.3 123.6 120.1 116.3 111.2 103.3 95.1 86.7 83 86.8 92.8 99.8 109.4 120.9 129.8 128.9
33.6 34.3 35.6 37.1 37.6 42.1 39.3 40 41 41.1 41.4 42.6 44.5 44.9 45.6 48 50.2 51.5 53 54.7 56.3 57.2 58.1 59.7 61.4 62.5 63.7 66.4 71.7 79.8 87 88.9 90.5 93.4 100.9 108.7 119 126.9 133.3 145.9 154.7 162.2 169.2 176.4 185 191.5 194 192.2 187.3 181.7 174.5 165.5 154 139.8 126.6 120.4 112.2 104.9 106.6 116 121.5 123.3 125 127 127.6 126.4 124.7 122.4 120.1 116.9 113.5 106 96.1 90.4 81.6 83.1 88.2 93 99.8 110.1 121.1 131.6 129.7
34.5 35.3 36.1 36.1 36.7 44.3 38.3 39 40.1 40.8 41.5 43 43.7 43.8 44.9 47.9 50.5 52 53.3 54.5 55.6 56.6 57.6 58.8 60.4 61.9 63.3 65.7 70.1 75.1 79.9 84.3 88.9 93.7 99.8 107.7 118 126 130.4 144.1 154.6 162.3 170 178.5 186.8 191.1 191.7 189.5 184.2 178.3 171.1 163.1 152.8 136.4 125.3 116 106.7 100.8 103.8 112.1 115.6 118.3 121.1 123 123.4 122.4 120 118.9 117.7 115 106.4 99.9 91.3 84.8 80.2 84.8 91.2 98.3 104.6 113.2 123.7 132.8 128.8
34.9 35.8 36.6 36.7 37.5 45.3 38.5 39.5 40.7 41.3 42.1 43 44.1 44.1 45.5 47.6 49.9 51.4 52.3 53.2 54.7 56 56.9 57.7 59.3 61 63 65.6 68.4 73.8 81.7 88.5 91.1 93.8 96 103.1 112.7 121 128.9 135.4 153.5 160.9 169.7 178.5 186.4 189.6 189 185.7 180.5 174.6 168.2 160.8 151.5 135.9 128.3 119.3 107.1 98.3 101.8 107.9 109.1 112.4 113.6 114.8 119.8 117.3 114.4 111.4 111.3 106.9 102.3 94.5 88.3 79.9 83.4 89.7 95.8 101.7 111 118.5 129.6 132.6 128.8
35 35.6 36.6 37.6 38.3 44.2 39.1 40.2 41.2 42 42.8 43.6 44.6 45.3 46 46.4 47.4 49.8 50 51.7 53.2 54.7 55.6 56.7 59.3 61.7 63.8 66.7 67.9 72.8 79.6 87.2 88.6 88.2 88.5 100.6 108.8 118.3 129 135.9 151 160.9 170.5 179.2 186.6 187.3 185.3 181.2 176.4 171 165.1 158.1 150.1 139.9 128.7 116.4 105.9 96.4 96.6 100.2 101.2 103.8 103.8 105.6 107.5 105.6 104.4 102.7 102.6 100.2 95.1 89.2 82.9 76 84.9 94.6 101.5 106.1 113.5 124.6 132.9 131.2 126.5
