data/380000-540000.asc
ncols 200
nrows 200
xllcorner 380000
yllcorner 540000
cellsize 50
[rows 70 to 104 of 200, columns 0 to 77 of 200]
483.9 471.9 462.2 450.9 440.1 428.3 419 419.6 430.8 436.4 443.8 453 461.2 469.4 477.8 486.8 493 501.1 509.6 519.2 524.8 528.9 533.1 536.2 541.9 547.2 548.9 550 550.4 549 547.6 545.4 543.2 540.4 536.2 530.8 528.4 524.4 519.6 516.3 512.7 505.9 497.4 486.5 474.5 463.6 452.8 442.8 444.7 437.6 443.1 444.9 448.7 452.4 454.7 457 460.4 463.8 466.4 470.5 474.8 482 488.9 489.9 489.8 488.8 487.3 485.3 483.2 481.1 479 476.1 472.5 468.3 463.3 456.9 450.6 445
490.5 476.4 465 454.2 442.6 431.4 415 424.9 432.9 439.7 447 455 463.3 471.7 480.1 488.4 493.5 501 509.3 518 525 528.8 532.5 536.3 543 548.6 550 550.4 550 548.7 548 544.9 542.7 540.5 536.1 530.7 528.5 526.3 522.4 518.8 515.2 510.3 501 490.9 478.2 463.3 451.3 452.9 452.3 444.7 451.4 454.5 457 459.7 462.1 464.5 467 468.6 471.3 476.5 480.7 485.3 491 491.3 491.5 491.1 489.8 487 484 481.8 479.3 477.4 473.7 467.5 458.3 451.1 446.1 440.5
497.5 481.9 468.1 457.6 445.3 433.8 417.5 425.8 434.8 443.1 450.7 458.6 465.3 471.8 480.4 490 494.9 501.2 509.3 517.3 524.2 527.9 531.6 535.7 541.9 547.9 550.5 550.9 549.7 549.3 548.6 546.1 542.5 540.6 536.5 533.3 530.9 527.8 524.2 520.8 517.4 513 504.3 493.8 481.6 461.3 462.1 464.1 457.5 459.2 460.6 464.1 465.7 467.2 469.1 471.5 474.1 476.6 479 482.3 486.2 489.2 492.1 493.3 492.9 492.4 490.5 487.2 483.5 481.4 478.3 474.1 469.5 459.8 451 446 441.6 436
504.1 489 471.3 460.7 449.4 436.6 418.7 428.8 435.2 445.7 452.9 461.1 467.8 472.9 482.2 491.1 496 501.4 509.1 516.5 522.6 526.8 530.9 535.4 540.1 545.7 549.9 550.9 550.5 550.1 549.2 547.4 545.2 541.5 537.2 534.8 532.7 529.9 526.4 522.9 519.6 515.4 507.7 497.7 485.3 465.5 476 474.3 461.7 466.3 469.7 473 474.4 475.8 477.1 479.1 481.4 484.1 486.6 488.9 490.6 493.4 495.5 495.3 494.2 493.5 491.1 487.3 483.5 480.9 477.7 465.8 461.1 452.7 447.3 441.9 437.1 431.6
507.2 494.7 476.4 460.1 454.6 436.6 423.1 432.4 440.4 449.2 452 463.1 469.1 474.8 483.1 491.4 496.4 501.8 508.8 515.2 521.1 526.2 530.3 534.6 538.2 543.2 547.6 550.6 551.1 550.9 549.6 548.6 546.3 543.5 541 538.6 536.3 532.8 529.2 525.7 522.1 518 510.5 497.1 487.1 481.1 483.2 480.7 472.6 478.3 479.4 481 482.4 484.2 485.9 487.7 490.3 492.3 494.2 495.4 495.5 496.2 497.8 497.5 495.8 494.1 491 487.1 483.4 478.7 470 461.2 454.3 449.1 443.5 437.9 432.5 428.2
508.5 497.1 481.6 464.4 454.1 434.2 425.7 435.8 444.3 452.9 459.9 466.4 470.4 475.1 482.3 490.6 497 501.6 507.5 513.8 519.9 525.6 530 533.8 537 542.9 547.9 550.5 551.3 551.8 551.3 550 548.9 546.5 544.6 542.5 539.1 535.5 531.9 528.3 524.7 521.1 515.4 507.6 490.7 490.8 489.8 486 483.5 486.1 486.2 490.1 491.2 493 494.8 496.4 499 500.5 499.4 499.1 498.9 499.5 500.3 498.6 496.2 493.4 490.6 486.5 481.5 473.4 464.6 457.1 450.5 444.8 439.2 433.7 429.4 424.9
508.7 497 483.9 467.1 449.5 435 429.6 439 446.7 454 463 468.8 472.8 474.6 482.5 492.3 497.5 502.2 508.1 513.8 519.5 526.3 530.5 533.8 537.1 541.7 547.6 550.6 551.6 552.4 552.9 551.7 550.7 549.6 547.6 545.5 541.6 538 534.5 530.9 527.3 523.7 519.2 510.2 491.8 501.4 500 495.2 492.4 494.9 494.1 499.6 500.8 502 503.6 504.3 504.3 503.6 502.7 501 501.2 501.5 501.1 499 496.2 493.1 490.1 484.4 476 467.4 460.4 453.2 446.7 440.7 435.8 431.1 426.6 422.1
507.7 495.7 482.5 467.9 450.6 436.4 430.9 439.6 445.5 453 464.7 471 475.1 480.3 486.4 494.5 499.3 504.2 509.2 513.4 521.6 528 531.5 534.8 538.1 542.3 547.8 550.6 552.8 553 553.5 553.7 553.8 553.1 550.8 548.2 545 540.4 536.8 533.3 529.8 526.2 522.1 505.7 507.4 512.9 510.5 502.8 505 505.9 500.9 508.1 509.3 509 508.7 508.5 508 506.7 505.3 503.7 502.5 502.7 501.3 498.9 496.1 492.6 488.3 479.8 470.4 463.8 456.3 449.5 443.8 438 433.5 428.8 423.8 418.5
505.7 493.2 480.9 465.8 449.2 436.5 442.2 435.4 449 457.7 466.9 473 477.4 482.5 490.3 495.6 500.5 505.3 510.7 516.7 523.5 529.2 532.7 536.2 539.7 543.7 548.6 552 553.5 555.1 556.2 558.2 559 557.1 554 550.9 547.8 543.8 539.2 535.6 532.1 528.6 518.9 516.8 521.7 521.4 519.1 512.7 514 514.7 512.2 514.3 514.1 513.4 512.8 512.5 511.2 509.6 507.7 506.3 504.7 503.7 501.3 498 495.4 491.4 484.5 475 467.9 461.1 454.1 447.5 441.2 435.2 430.8 426.3 418 411.5
502.1 491.4 478.4 462.8 447 441.6 448.4 442.7 448.5 458.8 467.6 473.6 478.2 484.9 492 497.3 501.6 506.5 512.8 519.2 525.8 531.1 534.5 537.9 541.4 546 550.3 553.1 555.2 557.4 560.3 561.8 561.8 560.7 556.8 553.7 550.5 547.3 542.3 538 534.4 529.7 527.7 527.7 527.1 525.6 523.6 521.2 521.4 519.5 517.2 518.3 517.8 517.4 517 515.8 514.4 511.8 509.4 508 506.5 503.9 501.4 498.1 494.7 489.6 479.9 472.3 465.3 458.4 451.8 445.2 438.6 432.2 427.3 419.8 414.2 420.2
499.1 489.4 474.7 460.9 443 450.4 454.6 456.3 451.9 445.4 467 473.6 479.6 486.4 493.2 498.5 502.8 508.3 515.4 521.9 528.7 532.6 536 539.6 544.2 548.6 551.7 555.1 557.5 561.3 562.7 563.4 562.3 560.9 559.2 556.4 553.1 550.1 546.5 540.5 537 534.9 533.9 532.2 530.6 529 527.2 525.9 524.6 523.1 522.5 521.9 521.3 520.6 519.9 518.9 517.2 514.1 511 509.6 507.9 504.6 501.5 497.3 492.6 484.5 476.7 469.6 462.6 455.1 449.5 443 436.6 430.2 422 424.1 425.9 425.1
500 489.4 475.5 460.6 443.3 454.9 459.6 462.2 464 462.1 456.4 473.1 479.3 486.4 493.2 499.2 503.8 509.5 516.6 523.7 530.3 533.9 537.4 541.3 545.9 550.6 553.9 557.7 561.3 564.2 564.9 565 564.3 562.9 561.6 559.2 555.9 552 549.7 544.6 540.8 539.2 537.5 536 534 532.6 531.5 530 528.5 526.7 525.6 524.8 524.1 523.4 522.8 521.8 519.2 516.3 513.2 511.3 508.6 505.1 500.5 495.6 489.4 481 473.6 467 459.1 452.3 446.8 440.6 434.3 425.2 429.2 430.7 430.9 429.3
500.1 488.9 475.2 461.6 446.9 461.4 465.4 467.7 469.6 470.6 462.3 468.5 476.6 485.7 492.9 499.5 505 510.6 517.6 524.4 530.8 535.3 539.1 543 547.6 552.4 556.3 560.9 565 566.9 567.3 566.6 565.7 564.5 563.2 561.2 558.5 555.3 552.3 548.7 546.3 543.7 541.4 539.8 537.7 536.3 535.2 534.2 532.5 530.8 529.6 528.7 527.7 526.8 525.9 524.1 521.2 518.3 515.3 512.6 508.9 505 500.3 494 487.3 480.8 473.5 466.1 457.4 449.7 441.6 435.8 430.2 435.4 435.5 437.6 436.9 433.4
500.2 488.3 475.8 461.7 455.7 466.5 469.9 472.7 474.7 477 474.3 464.2 471.6 483.1 491.2 499.6 504.9 512 519.3 526.6 532.3 536.6 540.6 544.7 549.2 554.1 559.5 564 565.3 568.5 568.7 567.9 567.1 566.4 565.2 563.3 561.4 558.4 555.1 553.1 551 548.6 546.3 544 541.7 540.5 539.7 538.3 536 534.4 533.4 532.5 531.5 530.3 528.9 526.3 522 519.2 516.4 513.4 508.9 505 500 492.9 486 478.4 469.8 460.9 454.3 448.7 442.6 434.1 439.1 439.8 442.2 442.9 440.1 436.9
497.7 486.5 475.2 456.8 466.5 471.9 474.8 478.2 480.9 482.8 483.1 479.1 466.5 478.8 487.3 495.7 502.5 511.9 519.9 527.8 533.8 537.8 541.6 545.2 550.8 556.1 561.5 566.3 568 569.8 570.1 569.5 568.7 568.3 567.2 565.4 563.5 561.4 559.2 557.5 555.5 553.2 550.9 548.7 547 544.9 544 542.4 540.2 537.1 537.2 535.8 534.4 533.1 531.4 528.4 524.7 520.2 517.2 514.4 510.5 505.8 499.2 491.8 484.8 475.1 474.2 464.2 455.1 452.1 446.4 443.9 445.9 445.4 449.1 447 443.4 441
495.9 484.4 471.4 461.1 472.1 476.7 480 484 487.9 489.9 489.2 486.2 477.6 469.3 479.7 491.2 499 509.9 519.6 528.3 534.8 539 542.6 546.7 552 557.7 563 566.9 568.7 570.6 571.7 571.1 570.4 570 569.3 567.6 566.1 565 563.5 561.9 560.1 557.9 556.1 554.1 552.2 550.9 549 547 543.1 542 542 539.6 537.2 535.9 533.6 530.5 527.4 522.9 518.4 515.2 511.5 504.6 495.2 491.7 486.9 481.5 476.9 468.3 460.9 456.8 446.6 451.8 450.6 452.4 452.2 451.3 448.3 446.7
493.1 481.8 465 472.9 477.7 482.2 486.1 490.5 494.4 495 493.8 491.7 487.1 475.4 483.6 487 493.2 504.6 515.2 526.3 534 539.4 543.1 546.9 552.5 558.2 564.2 567.7 569.6 571.5 573.5 573.1 572.8 572.6 572.3 571.4 570.2 569 567.6 566.5 564.7 562.7 560.7 558.7 557.2 556.2 554.7 552.4 549.6 547.8 546.8 543.9 541.4 538.9 535.7 532.6 529.6 525.6 521.1 516.6 512.7 507.2 502.1 495.6 490.8 485.6 479.7 471.3 465.6 458.1 456.7 456.5 455.1 456.6 455.7 454.7 453.2 451.2
491.9 479.8 472.1 480.1 484.3 487.9 492.4 497 499.1 498.6 497.5 495.9 492.7 484.9 480.4 495.7 501.6 503 510 522.2 531.7 538.8 543.3 547.3 553 559.3 565.6 569.4 571.8 573.4 574.9 574.9 576.2 575.4 576.3 575.9 574.9 574.7 573.5 572.7 569.4 567.2 565.3 563.6 562.5 561.6 560.6 557.9 554.3 554.1 552.2 548.8 545.9 543.2 538.6 534.7 531.7 528.4 523.8 519.6 515.4 511.4 506.5 499.9 493.8 487.8 481.9 476 469.8 459.5 462.9 461.3 458.4 459.8 458.9 457.9 456.5 454.9
492 481.1 470.1 482.7 487.5 493.5 497.9 501.1 502.1 502.2 501.2 499.7 497.1 494.2 486.6 497.4 504.3 510.2 516.7 518 527.2 536.7 542.9 548.1 554.4 560.7 567.1 570.8 573.5 576 577.1 577.9 580.7 581.2 581.7 582.8 581 581.1 579.7 578.8 574.1 571.8 570.1 568.8 567.9 566.9 565.8 562.7 559.8 559.4 557.5 554.3 550.8 547.4 542.8 538.2 533.8 530.2 526.8 522.6 518.4 514.2 510.2 503.8 497.6 491.3 485.3 479 473.1 470.5 466.8 465 463 463.6 462.9 462.4 462.2 459.6
492.3 482.4 475 486.7 494.3 498.9 501.6 504.3 505.4 505.7 505 503.2 501.9 499.1 490.9 501 507.8 515 522 527.1 528.2 535.6 543.1 549 555.8 562.2 568.5 572.7 575.5 578.1 580.4 582.7 586.4 589.3 591.2 593 593.1 590.4 587.6 582.7 580.8 578.9 575.3 572.8 571.3 571.5 570.4 567.7 565.5 563.3 562.5 559.3 555.6 551.2 546.2 541.8 536.6 534.2 530.1 525.9 521.7 517.5 513.2 507.8 501.7 495.1 488.8 481.8 474.7 475.8 472.5 468.8 468.7 468.2 468.1 469.7 467 464
491.6 483.1 481.1 494 500.1 503.6 505 507.4 508.9 509.2 509 509 505.4 502.8 495.6 505.9 512.2 519.4 526 531 535.3 539.4 540.5 548.1 557.3 563.6 570 574.1 577.2 581.2 585.8 587.5 592.8 597.2 599.1 600.5 598.7 597 594.6 589 587.8 585.9 582.6 577.5 576.4 574 573.7 571.6 570.9 568.9 566.6 563.3 560 555.6 549.8 543.1 541.2 538 533.6 529.7 525.5 521.2 516.7 512 506.6 499 490.5 482.4 482.5 481.3 478 473.5 473.5 474.3 476.4 475.5 471.8 469.4
488.2 481.3 486.6 499.6 504.7 506.4 508.7 510.8 513 513.3 512.2 511.9 509.9 507.3 498.5 510.7 516.6 522.5 528.4 533.2 538.7 544.9 549.3 550.5 559.9 565.8 569.7 572.5 579.2 585.3 591.2 593.1 598.8 602.5 603.2 603.6 602.7 601.5 599.1 596.7 593.2 592.4 589.8 585.1 584.5 578.4 577.5 576 575.3 573.9 570.6 567.2 563.9 559.1 552.3 550.1 544.9 541.8 536.9 533.1 529.2 524.9 520.2 515.5 510.5 498.3 495.2 492.9 489 487.9 483.2 481 480.6 481.5 481.9 479 475.9 475.9
486.2 493.4 490.8 505 508.1 510.5 513 517.3 518.7 517.8 521.3 520.2 517.6 514.1 505.6 514.9 521 526.5 531.1 535.9 543.3 549.7 555.1 558.7 563.5 569.2 573.8 574.7 581 587.7 597.6 600.7 603 605 606.4 607.7 607.7 606 603.7 602.1 600.6 598.3 595.6 593.4 591.8 588.3 583.9 582.1 580.8 577.9 574.4 571 567.7 560.1 558.9 555.7 551 545.8 541.5 536.3 532.5 528.4 523.8 519 508.2 507.8 503.4 499.6 495.9 494.2 485.9 488.2 486 487.5 485.6 482 480.8 481.4
501.4 500.5 490.6 507.4 512.1 516.2 519.2 521.5 525.6 526.7 529 527.9 524.5 519.5 508.8 518.4 525.6 530.5 534.7 540.1 547.8 554.1 560.1 565.3 569.2 571.8 575 579.9 587.3 596.3 601.8 604.4 606.7 608.6 610.8 611.8 612.2 611 609.2 607.7 605.9 603.3 600.5 598.9 596.9 595 592.6 589.6 586.2 582.4 578.7 574.9 568.2 567.6 565.3 560.7 555.8 551.1 546.1 539.8 535.4 531.2 527.3 524.1 519 514.6 510.1 505.1 505.2 497.1 494.5 497.2 492.5 493.4 489.9 486.1 486.8 486.2
508.7 507.9 495.8 507.2 517 521.4 526.2 530.9 533.4 534.5 536.3 534.5 530 524.7 515.4 516.6 529.8 535.2 539.3 545.4 553.1 560.5 566.8 572.6 576.6 572.3 577.7 585.7 592.6 600.2 605.1 607.7 610.3 612.8 615.1 616.6 617.4 616.7 615.5 613.6 611.1 608.4 605.8 604.3 602 599.6 598.1 595.8 591.9 587.8 583.7 579.5 574.6 573 569.5 566.1 562.4 557.2 550.1 545.9 539.3 533.8 531.6 529.4 525.6 521.2 516.7 513.7 510.1 501.3 504 504.1 501.4 498.3 490.2 491.1 493.7 490.9
517.4 515 505.4 514.9 521.3 530.4 536.4 540 541 541.8 541.3 540.4 536.4 530.9 521 532.7 531.7 538.2 544.2 550.9 558.3 566 573.6 580.8 583.4 584.3 582.5 591.6 598.8 605.4 609.7 613.2 615.8 618.1 620.5 622.4 622.9 622.5 621.2 619.4 616.6 614.1 611.5 609.5 607.2 604.8 602.4 599.7 596.8 593.3 589 583.9 578.3 578.3 574.5 570.8 567.1 563.4 557.2 550.7 541.5 539.7 536.6 533.1 530.7 527.6 523.7 520.5 516.1 511.4 513.7 508 505.9 499.6 500.7 502 499.6 496.5
522.7 519.9 515.3 521 532.4 540.4 546.4 548.3 548.5 547.7 548.2 546 540.8 537.4 529.8 537.1 540.9 538 546.7 555.5 563.3 571.9 580.5 584.3 586.5 588.9 593 598 604.9 612 616.8 618.7 621.1 623.5 626.6 628.1 628.3 628.1 626.8 624.9 622.4 620.1 618 615.3 612.9 610.5 607.6 604.7 601.8 598.3 594.7 588 583.6 584.2 580.3 576.5 572.7 569 563.3 554.4 551.8 545.7 540.8 537.7 534.4 530.3 527.6 525.1 521.4 521.3 518 515.6 509.4 507 510.2 508.1 505.5 502.7
534.2 526.3 518.6 527.2 540.5 549 552.7 553 553.1 550.1 548.9 547 545.5 542.4 537.6 543.9 546.3 548.4 548.5 557.4 567.2 577.2 583 586.3 589.1 592.8 598.3 603.9 610.6 617.9 622 624.2 626.1 628.6 632.8 633.4 633 631.7 631.6 630.5 628.2 626.3 624.3 621.4 618.8 616 613 609.9 606.7 603.1 599.6 592 591.6 590.1 586 581.9 577.7 574.3 568.9 563.5 559.2 553.6 548.8 544.3 537.8 533 531.1 528.5 526.3 525.9 524.1 520.8 517.4 518.4 516.1 513.9 511.4 508.7
543.1 537.2 524.6 533.2 547.6 554.7 556.7 557.6 556.8 555.4 554.5 552.1 550.4 549 546.5 549.2 551.5 553.8 554.4 556.9 570 579.8 585.2 588.8 592.8 598.3 604.7 610.7 616.2 622.9 625.7 628.3 630.9 633.6 636.5 636.6 637.9 637.9 638.5 636.9 634.9 632.8 630.6 627.5 624.3 621.3 618.3 615 611.6 607.2 603.6 600.6 599.7 595.4 590.2 585.9 581.7 579.8 573.7 568.8 564.7 560.5 555.4 549.4 541.9 536.8 534.9 531.6 530.1 529.2 527.3 524.2 524.4 523 521.4 519.2 517 514.6
554.5 549.4 537 538.4 552.3 557.6 559.2 561.3 562.4 561.2 560.1 558.8 557.7 556.6 554.8 554.5 557.9 561.6 561.2 567 575.1 581.8 588.5 593 598.4 604.7 611.2 617.4 622.7 625.3 628.4 631.7 634.5 637 639.5 642 644.5 645.8 645.8 644.2 642.3 640.2 637.5 633.6 629.4 626.7 623.4 620 616.6 613.2 608.5 605.9 605.1 600.7 595.8 590.7 586 582.2 578.1 574.1 569.8 565.3 560.7 554.2 545.5 543.4 538.7 537.7 535.5 532.9 531 530 528.6 526.8 525 523.1 521.3 519.4
559.9 557.6 552.4 543.9 556 561.7 564.6 567.1 568.7 568.8 567.6 566.6 565.5 564.8 564.4 562.7 566.3 570.2 570.3 577 581.4 588.4 593.7 598.9 604.9 611.2 617.7 622 626.4 628.8 631.7 634.7 637.6 640.6 644.6 647.2 650.5 653.5 653.6 652.2 649.6 647.5 644.4 640.5 635.9 631.5 627.5 624.2 620.8 617.5 614.9 612.9 609 604.7 599.9 594.5 589.5 586.2 582.1 578.7 574.3 569.9 565 557 554.5 549.3 544.8 545.3 540 536.9 535 533.9 532.4 530.4 528.5 526.8 525.1 523.4
564.2 563.2 560.9 545.4 559 564.9 570.5 572.9 574.6 576 575.5 574.7 574.4 574.5 574.7 568.9 574.6 574.7 578.8 581.2 590.5 595.1 599.8 604.6 611.5 617.5 624.3 627.8 630.4 632.1 635 638 641.4 645.7 649.9 654.7 657.9 661.2 662.6 661.8 659.4 655.8 651.5 647.3 640.7 636 631.4 628.1 624.7 622.1 619.6 616.6 612.9 608.4 604.2 599.5 594.2 589.1 585.6 582.4 578.6 574.3 570.3 566.4 560 550.7 552.5 548.9 545.7 542.4 541.8 540.6 537.1 534.1 532.4 530.7 529 527.3
568.6 567.6 565.5 556.8 562.5 567.9 573.7 578.9 581.9 583 583.5 583.8 583.9 582.1 583 577.3 585.5 588.1 591.8 593.5 597.6 601.1 605.3 610.5 617.9 623.7 628.7 631.2 633.8 635.9 638.4 642.2 646.5 650.5 654.8 660.6 665.1 667.8 670.6 670.4 668.9 664.2 658.5 651.3 645.7 640.5 635.8 631.9 629.2 626.7 624.2 620.4 616.4 611.9 608.2 604.2 599.4 594.8 590.3 585.7 582.2 578.6 576 572.9 563.7 561.6 559.1 556 553.8 547.7 551.3 547.1 543.1 538.9 536.5 534.6 532.9 531.2
573.2 572.5 570.7 566.3 561.6 569.8 577.7 583.8 588.6 590.4 590.3 591.9 593 593 590.1 586.1 593.3 597.2 600.7 600.8 603.6 606.9 611.1 615.6 621.2 627.7 632.3 634.8 637.4 640.3 643.2 647.4 651.3 655.2 659.7 664.1 667.4 669.9 670.8 670.8 671.4 667.4 658.9 652.4 647.2 643.1 638.9 636 633.4 630.9 628.3 624 619.5 615.7 612.3 608.7 604.2 599.9 595.4 590.2 585.9 582.3 580.6 577.2 571.5 571.3 569.2 565.9 558.2 559.7 558.8 554 549.1 544.6 541.3 539 536.8 535.3
578.2 577.7 575.8 573.6 571.3 571.2 581 588.7 593.5 596.4 597.7 599.5 600.6 601.6 600.5 601.1 600.3 605.3 607.5 609.4 610.7 612.9 616.9 621.5 626 631.3 635.8 638.4 641.5 645.3 650.3 653.5 656.6 659.9 663.8 666.6 668.1 668.3 668.2 667.5 666.8 664.5 658.3 653.2 647.8 643.6 640.9 639 637 634.2 631.1 626.3 622.9 620.1 617.1 613.5 609.6 605.3 600 594.7 589.6 586.7 584.3 580.3 579.1 578.7 576.1 571.8 565.6 568.6 564.9 560.7 555.9 550.7 546.9 543.9 541.8 539.3
