data/380000-530000.asc
ncols 200
nrows 200
xllcorner 380000
yllcorner 530000
cellsize 50
[rows 140 to 174 of 200, columns 78 to 155 of 200]
582.6 576.8 568.5 555.8 543.9 539 537.6 536.3 536.5 534.6 529.3 521.9 511.6 501.5 492.6 485.3 479.1 472.2 460.4 447.6 442.3 439.6 437.4 437.3 438.5 441.7 450.3 463.5 476.8 483.4 488.4 493 496 498.9 503.5 504.7 507.6 512 515.8 517.8 520.2 522.7 523.2 525 525.9 526 527.3 528.3 517.3 528.9 540.3 545.4 551.5 560.1 571.8 580.7 587.6 591.2 599.1 608.2 611 613.8 619.9 626.8 634.6 640.5 643.3 647.2 652.1 654.1 655.4 658.8 660.9 657.6 655.4 653.6 651.4 648.8
576.2 572.1 564.8 554.3 544.2 538.1 535.9 534.4 532.8 531.4 527.6 520.9 512.3 506.4 496.6 486.7 478.5 472.7 465.8 455.2 446.5 441.3 437.1 436.4 436.4 438.4 444 454.7 466.8 479.1 483.6 487.9 491.2 494.5 496.8 499.9 503.8 506.9 509.4 511.5 513 516.2 517.5 520.7 520.6 520.7 520.9 516.2 521.4 528.4 539.2 545.7 552.9 561.7 572.7 581.6 587.7 592.1 598.6 608.3 611.9 614.8 617.9 626.5 632.4 640.1 642.5 644.8 647.7 650.4 651.2 654.8 658.2 654.8 650.9 648.7 648.6 643.5
572.4 568.6 562.3 552.8 542 537.6 535.2 531.9 530.6 528.6 525.1 516.6 508.5 501.8 494.6 487.9 483 475.9 470.5 463.7 451.2 444.6 442.1 436.7 434.1 434.4 436.1 446.9 458.7 467.3 478.1 482.5 485.5 488.6 492.4 496.4 499.7 502.3 503.6 505.1 506.6 508.9 512.1 514.6 513.9 510.9 508.8 503.6 519.1 524.7 539.1 545.3 551 557.6 571.1 580.6 587.3 591.1 598 607.5 612.3 613.7 616 622 630.7 638.2 642.1 644.6 645.3 645.5 646.4 649.2 652.2 650.1 642.5 642.1 641.4 639.7
566.6 564.9 559.8 551.1 542.1 537.7 535.7 532.5 529.7 528.2 526.1 522.2 514.4 506.2 497.3 489.9 481.5 476.4 472.2 465.2 457.5 449.3 444.6 444 442.3 433.6 432.6 441.3 448.2 459.1 468.6 476.5 480.8 483.4 486.8 490.8 495 497.6 499.6 501.1 502.3 502.3 505.8 505.9 506.2 498.6 496.3 507.6 517.5 529.8 541.3 546.4 551.9 558.7 571.2 579.1 585.4 591.1 598.6 608.6 612.9 615 616.4 620 628.1 636 642.5 643.4 643.6 644 643.1 642.9 647.1 646.6 641.5 634.5 635.1 634.4
561.1 560 557.7 552.9 546.2 540.8 536 532.4 527.8 526.6 525.7 523.4 516.8 508.8 500.1 491.6 484.7 478.7 473.5 467.9 461.2 453.2 445.4 442.7 440.4 438 433.9 435.7 441.5 450 457.8 467.4 474.2 479.9 482.9 486 490.3 493.2 495.5 497.1 497.7 497.7 497.9 496.1 495.5 486.9 491.5 510.1 520.6 531.7 542.2 547.7 553.1 557.4 566.2 577.2 584.3 592.2 600.7 609.4 612.6 615.6 617 620.7 626.2 633 640 642.9 641.7 642.2 640.7 640.5 639.7 640 637.9 634 630.1 629.5
556.8 556 555.4 552.7 547.8 542.2 537 531.6 526.9 524.4 523.1 521 517.5 512.3 506.3 498.5 490.3 481.7 474.9 469.1 462.3 454.8 447 440.9 439.3 437.2 432 432.4 435.8 441.2 449.1 455.2 463.6 470.8 478.7 482.5 485.9 488.5 490 491.4 491.8 490 485.9 477.8 476.3 490.8 502.5 512.3 522.6 534.9 543.8 548.5 552.6 558.8 568.6 576.5 583.6 591.7 602.1 610.5 613.5 615 617.7 622.1 627 631.9 636.1 640.8 640.9 639.4 638.9 637.8 637.3 636.1 635.6 630.8 625.3 623.2
547.9 549.3 550 549.4 546.4 542.4 536.7 530.3 525.1 521 518.2 517.2 514.9 511.4 508.2 503.2 494.7 486.4 478 470.8 463.4 455.5 447.9 441.2 438.6 435.5 432.4 429.9 432 436.6 442.6 446.7 453.2 460.6 468.3 477.3 481.3 483 484.8 486.7 482.6 469.1 464.8 475.4 487 496.8 505 513.4 524 537.5 544.2 548.3 552.3 557 567 576.9 584.8 592.4 602.3 610.4 614.6 616.9 618.3 622.7 629.7 631.6 633.4 636.4 638.6 637.2 636.8 636.2 635.5 632.5 630 623.7 618 616
539.9 542.6 545.2 545.6 544.5 542 536.2 529.1 523 518 514.5 512.7 511.8 509.1 506.1 501.9 497.9 490.5 481.7 472.8 464.4 456.1 448 442.1 438.1 436.5 434.4 429.6 430.6 432.6 436.5 440.8 446.6 451.8 458 464.2 474.9 477.6 478.4 474.4 457.4 459.7 478.2 487.9 494.9 499.6 506.6 515.7 525.6 539.6 543 546.8 550.8 557.4 566.9 576.7 584 592.5 601.3 610.8 614.9 618.4 619.2 621.6 625.8 630.6 632.3 633.8 634.9 635.4 633.3 631.8 633.4 630.4 623.3 616.8 612.7 610.3
532.4 534.4 540.6 542.3 542.5 541 537.4 531.9 523.9 516.5 510.3 508 508.3 507.1 503.2 498.3 494.5 489.6 481.9 474.3 465.2 455.8 448.5 443.1 438.7 437.3 435.8 433 428.4 429.7 432.3 436 440.3 444.9 449.1 457 464 472.3 465.4 457.3 461.4 475.3 483.4 491 498 501.7 506.9 516.6 527.3 539.6 543 545.5 550.1 556 563.9 575.1 584.5 592.2 602 609 614.1 618.3 619.1 620.6 622.2 629.6 632 633.8 634 634 633.2 630.4 626.8 622.2 618 615.1 610.1 607.5
525.5 526.8 531.5 534.8 536.3 536.6 536 532.7 525.5 518 510.1 503.8 505 505.9 503.1 497.8 492.2 485 477.8 471.2 463.9 457.7 450.2 443.5 439.8 439 438.1 435.4 432 428 430.1 431.4 434.8 438.8 443.4 448.4 454.9 460 450.9 449.4 468 476.3 483.5 490.2 496.1 500.8 508.6 518.6 528.5 539.1 542.4 544.5 548.7 556.6 566 575 585.2 594.3 600.9 607 611.8 616.1 618.5 620 621 625.9 631 632.6 633.2 632.3 630.4 628.4 622.4 616.3 613.9 611.8 608.4 606.5
518 518.6 519.9 525 528.8 530.4 532 531.7 527.8 520.6 512 504.4 499.7 502.8 503.4 500.2 495.1 487.5 477.7 468.4 461.4 455.2 450 444.8 441 440 438.8 436.9 433.4 427.7 427.8 429 430.9 434.5 439.1 443.9 448.3 444 447.6 460.2 468.2 474.8 481.1 486.8 494.9 501.6 510.7 520.4 528.6 538.6 540.9 542.6 547.5 555.4 564.6 574 583.3 592.9 601.2 605 608.3 612.5 616.5 617.7 619.6 621.5 624.7 630.4 630.8 627.8 622.4 621.5 617.9 615 610.6 607 604.1 602.4
512.8 514.2 514.1 514.8 520.9 521.7 522.5 525.3 523.7 519.8 512.4 503.9 496.6 498.1 499.2 499.2 496.2 489.3 480.9 472.1 463.4 455.2 448.2 445.5 442.1 440.9 439.4 437.8 435.7 432.9 428.6 426.6 427.3 430.8 435 438.8 440.5 441.7 452.5 458.5 465.7 470.4 476.8 483.7 492.4 502.5 510.4 519.4 527.3 536.7 538.2 541.1 546 551.9 561.2 572.9 581.8 590.4 598.7 601.2 603.3 606.5 612.5 615.7 616.9 618.3 621 622.2 623.8 625.1 619 613.2 612.1 611.9 608.7 600.9 596.9 596.6
505.1 509.6 510.7 511.1 511.8 513.3 517.6 515.5 513.7 511.7 507.2 501 495.1 490.9 493.7 494.5 493.4 488.9 482.1 474 465.5 457.3 449.9 445.5 443.4 442.1 441.1 440.2 437.7 434.4 431 426.1 425.9 429.3 432.4 434.9 437.6 443.3 450.8 457.1 462.4 468.7 475.7 482.7 490.9 502 509.8 517.7 525.6 530.5 534.8 539.6 545.2 550.3 555.9 563.6 575.6 587 592.5 597.6 600.1 602.6 606.4 610.1 614.1 615 616.9 617.8 618 616.6 612.7 609.7 607.2 605.3 601.4 595.9 592.8 590.2
492.9 497.9 503.3 505.1 505.1 506.4 507.5 509.1 507.2 504.8 500.5 494.4 490.4 487.4 485.7 487.1 488.4 487.4 483.3 476 467.6 459.7 452.4 445.7 444.4 443.4 442.2 442.1 440.7 437.5 433.3 425.7 425.1 428.7 430.3 433.7 436.6 439.4 448.1 453.5 459.7 467.3 476.4 484 491.4 499 508.7 516.5 522.5 523.1 528.9 536.5 542.9 548.9 558.4 571.1 580.1 587.8 595.5 598 600 601.2 603.7 606.8 610.6 611.8 611.8 611.4 610.3 607.5 606.2 605.1 602.4 598.8 595 591.1 587.5 584.4
480.5 484.1 489.1 493.2 497.1 499.2 501 501.6 502 499.9 496.6 490 486.1 484.1 483 482.1 482.6 483.2 482.2 478.7 471.5 461.7 454.1 446 443.4 442.2 441.3 441.1 440.7 439.7 435.4 429.1 424 427.5 429.7 430.9 434.8 437.7 442.3 448.6 455.9 462.8 475.5 483.6 490.1 495.4 506.3 510.4 519.9 526.7 531.7 536.7 542.5 548.2 558.2 570.5 579.4 586.7 592.1 596.1 598.6 600.4 603.1 605.5 607.8 608.7 607.4 605.6 604.3 603 599.9 598.2 597 595 590.4 585.9 581.9 579.5
469.4 473.5 478.7 483 488.1 490.1 492 493.5 493.3 493.7 493 489.9 484 478.8 479.5 479.4 479.4 478.9 477.7 476.2 473.7 468.4 460.4 450.5 444.6 441.7 439.9 439.8 439.9 440 436.8 431.2 422.6 425.4 427.2 428.5 433.5 438.4 443.5 450.2 460.5 468.7 474.6 479.1 485.6 493.8 503.1 512.5 520.4 526.2 534.7 539.5 543.2 547.4 555.9 567.1 576.6 583.8 589 592.9 595.7 598.3 600.6 602.8 603.8 604.3 603.2 601.8 599.7 598.4 595.1 592.9 591.5 589.2 585.4 581.3 576.7 573.4
462.1 462.4 470.4 476.6 479.5 483.1 486.1 488.3 489.3 488.2 486.2 484.4 479.7 475 474.7 475.9 475.9 476.1 475.9 473 470.5 469.4 465.7 459.7 451.8 444.1 440.7 436.4 436.1 436.7 435.6 431.5 420.9 422.5 424.3 426.4 430.7 436.5 443.1 449.3 455.8 462.4 473.1 480.3 487.5 493.6 501.9 510.2 518.9 527 533.9 541.6 544.9 548.6 554 563.5 570.7 576.9 583.2 587.7 590.3 593.6 596.9 598.8 599.9 600.2 599.7 598 595 593.7 590.7 586.4 586.3 584.2 580.5 576.6 572.4 568.5
457.3 457.9 460.2 466.3 470.9 479 480.6 483 485.3 485.8 483.1 477.6 471.4 467.4 468.7 470.9 470.9 473.3 472.4 470.9 468.1 465.4 464.3 465.1 461 454.3 446.5 439.6 434.6 431.2 429.5 427.3 425.1 421.4 421.3 424.6 430.2 437.7 443.8 449.5 456.4 462.1 469.3 475.9 483.6 490.8 500.7 507.9 516.2 524.6 532.3 542.9 545.8 547.9 551.3 556.5 564.7 572.5 577.2 581.6 585.2 588.1 590.8 593.3 595.7 595.8 595.2 593.3 590.9 588.5 584.3 580.6 579.5 576.2 573 570 568 564.7
453.6 455.8 457.7 459.7 463.2 468.6 473.6 476.2 476.5 478.3 479.3 478.1 473 462.8 461.8 463.7 467.7 469.7 468.5 467.6 465.5 462.9 460.2 461.7 461.9 459.6 453.1 447.8 442.1 435.6 427.7 424.9 422.7 421.6 419.7 420.3 428.3 435.4 441.8 447.7 453.9 461.2 465.9 472.9 478.9 485.4 494.3 506.1 515.1 522.3 532.2 542.7 544.8 546.2 549.8 553.4 561.4 567.7 572 576.4 579 581.6 584.3 587 589.7 590.6 589.1 587.9 586.9 584.2 580.1 577.7 575.2 571.2 565.9 563.9 562.5 560.7
449.8 452 453.4 454.2 455.1 459 463.7 466.1 468.5 470.2 472.1 474.2 474.1 467.4 456.8 456.2 461.6 464.3 464.7 463.7 462.3 459.5 456.5 454.7 456.1 456.5 455.4 452.8 449 442.7 434.3 426.8 421.2 419.9 418.7 421.1 427.8 433.3 438.8 445 451 458.4 467.1 474 478.3 480.7 491.7 505.3 513.7 522.1 530.8 541.1 543.1 544.5 547.6 550.8 556.3 562.6 566.7 571.3 574.3 576.7 578.9 580.9 583.2 584.2 584.3 582.9 581.1 579.5 577.1 574.9 571.5 565.7 561 557 556.3 555.5
445.5 447 448.2 449.1 450.5 451.7 453.8 457 459.7 462.9 465.3 468 470.9 470.1 462.2 452.8 451.5 456.3 458.8 457.9 456 454.9 452.4 449.4 449 450.8 454 454 451.2 445.6 438.4 430.4 423.4 419 417.6 417.9 426.1 432.8 437.8 443.1 448.4 455 462.7 471.1 477.5 481 486.2 499.6 510.4 519.5 528.3 539.8 542 543 545.4 548.8 552 556.5 562.7 566.2 569.2 571.7 573.7 575.7 577.8 579 580.3 579.6 578.8 576.6 573.9 569.5 566.3 560.1 553.5 551.1 551.4 552.5
434.2 434.3 437.2 442.3 444.1 445.2 446.9 449.8 453.6 453.6 456.3 459.9 462.5 465.1 464.5 458.6 452.8 445.9 446.9 449.2 448.7 446.2 446 443.4 443.1 446.7 452.6 456.7 454.2 447.5 439.8 431.9 424.1 418.5 417.4 417.3 421.6 427.7 434.4 440.8 447 452.5 460.2 467.8 473.9 479.2 487 495.9 506.9 518.7 525.3 532.4 538.8 540.2 542.8 546.1 548.3 552.8 557.3 560.2 563 564.9 567.7 570.9 573.6 575.3 576.2 575.1 575.1 574.8 572 567.1 561.1 553 547.3 544.8 545.6 548.9
424.8 427.9 429.5 430.9 433.9 437.4 439.7 441.3 446.1 447 447.9 451.1 454.6 456.8 457.6 457.7 454 449.9 445 437.2 441.8 440.5 438.9 437.2 437 438.6 444.2 450 453.3 449.8 441.3 433.1 425.1 417.3 417 415.6 418.2 423 430.5 438.1 445.1 450.4 456.7 463.4 470.7 476.4 484.6 493.1 503.5 515.4 520.3 522.5 527.1 531.6 538.9 541.4 544.3 549.7 554 555.5 558 559.9 562.6 565.3 567.1 568.4 571.5 571 570.3 570 569.8 566.5 559.9 549.4 542.4 539.9 539.3 542.8
420.8 423.5 424.7 425.8 427.4 429.1 431.9 434.3 435.4 438.3 440.1 443.8 447.4 450.3 451.1 450.7 449.5 446.5 444 440.2 434.5 430.3 430.7 428.8 430.8 433.3 436.3 441 446.7 448.5 443.7 434.6 427.2 419.8 415.1 414.5 414.8 417.8 424.6 432.9 441.6 447.5 455.2 460.7 467.5 473.4 479.7 490.3 499 508.5 517 518.9 520.2 522.9 527.3 533.4 540.1 545.5 549.1 554 555.1 556.5 558.6 561.7 562.1 563.2 565.1 564.5 563.8 563.6 562.9 560.9 557.2 551.3 542.8 538 535.6 535.7
415.6 417.9 419.9 421.1 422.8 424 425.3 425.8 427.9 429.8 433.7 437 441.2 445.8 445 444 442 440.9 439.8 436.6 433.6 430.5 428.4 424.2 422.6 425.9 427.9 432.5 439.8 445.6 444.9 439.5 430.6 421.6 414.4 414 414 414.9 418.2 428.9 438.3 445.7 452.7 458.8 464.8 470.2 475.3 485.2 493.6 500.9 509.3 514.9 517.5 519.2 521.9 524.5 529.5 537 545 550.4 552.6 551.9 555.2 556.4 557.4 558.2 558 557.4 557.2 556.9 556.5 557.1 554.2 549.2 544.9 539.1 534.6 532.1
408.2 412 415.7 416.7 418.5 420 420.7 421 422.6 423.6 430 432.4 435.7 438.9 436.3 438 435.7 435.5 435 431.3 428.4 426.4 424.9 422.5 421.2 418.7 420 424.5 431.2 436.3 442.4 444 438.7 430.2 421 412.3 412.9 412.7 415.6 423.2 431.8 442.6 450.1 456.9 462.3 467.6 475.2 482.7 491.7 495.6 501.2 508.9 513.6 517.2 518.1 519.5 522.6 527.4 535 544.6 546.7 549.6 551.7 553.2 553.6 553.5 552.8 550.8 549.8 550.5 550.3 549.4 548.4 547.9 544.4 540.6 535.1 529.4
405.9 408 411.3 412.4 413.4 415.9 415.9 415.7 417.1 420.4 423.9 425.8 429.5 429.9 429.3 430.2 428.3 428.2 430.7 429.5 427.2 424.3 421.5 418.8 418 416.1 411.9 418.6 423.7 428.3 432.6 436.4 439.1 435.7 430.9 421.6 415.4 411.4 408.8 416.6 428.6 433.5 445.4 453.6 459.2 465.4 472.4 480.2 489.8 493.5 496.6 501.4 508.3 512.4 514.8 516.4 518.5 519.2 523.2 529.7 535.9 543.9 549.1 550.1 550.8 550.2 548.4 546.1 544 543.5 542.3 542.3 542.2 542.1 542.6 541.4 537.5 531.6
402.1 403 405.1 408 406.3 409.2 410.2 409.9 412.4 414.4 416.2 419.2 422.6 423.7 423.7 421.7 418.7 420.5 425.1 430.3 431.6 428.3 423.2 418.5 415.7 411.4 409.8 413 417.4 421.6 423.8 426 429 431.8 431.8 427.4 421.3 418.5 414.1 405.6 420.8 428 442.3 453 460.7 467.6 473.6 476.5 484.5 491.8 493.4 496.7 500.2 504.6 509 512.5 514.6 515.4 517.7 521.2 526.9 531 535.4 540.2 541.8 540.2 538.1 536.9 535.1 533.7 532.8 532.7 533.2 534.2 535.5 536.9 535.8 532.6
402.6 400.8 401.3 402 398.5 403 404.4 404.3 404.5 407.1 409.5 413.1 417 417.2 417 413.4 410.4 416.3 421.4 426.5 430.5 431.5 428 422.5 417.2 411.6 408.2 407.1 410.8 414.8 416.8 418.4 420.8 424.2 426.3 425.6 423.6 420.8 417.2 405 420.2 430.1 439.3 449.6 459.2 468 476.2 487 488 489.5 492.2 494.1 496.5 499.5 502.2 507.4 510.3 512.1 513.4 516.6 517.4 519.5 521.9 525.7 528.7 531.3 531.9 530.7 529.3 527.5 526.7 526.3 527 527.6 528.3 528.9 528.9 528.2
403.1 401.1 398.9 395.4 394.9 399.1 402.2 401.4 399.5 401.8 404.3 406.2 408.6 409.9 410.5 407.4 405.9 413.2 418.4 422.9 426.3 427.9 427.7 420.7 414.8 410.5 408.1 402.2 404.7 407.8 410.7 411.8 414 417 419.1 421.8 422.5 420.6 414.7 409 421.3 427.9 435.6 444.2 455.4 464.6 474.6 489.8 490.8 491.6 493.5 494 496.7 497.8 498.7 502.5 506.1 508.7 509.1 511.5 512.9 514.7 515.1 515.7 516.3 517.8 520.8 522.5 523.5 522.4 520.9 521.4 521.8 521.5 521.3 521.8 522.3 522
400.4 399.2 397.7 394.2 392.5 393.9 397.9 398.8 398.5 396.1 399.6 400.3 402.1 404.4 404.3 402.2 409.6 413.2 415.8 419.4 422.8 424.2 421.8 418 412.7 409.3 406.9 404.9 396.8 403.8 405 405.5 407.2 409.5 412.8 416.9 420.7 420.8 409.9 417.1 422.1 428.5 435.5 442.5 450.6 459.7 468.5 480.7 494.1 493.5 494.1 494.6 495.5 496.5 497.4 498.6 501 502.5 504.1 507.5 509.1 509.6 510 511.6 511.2 512.7 513.4 514 515.3 515.4 515.5 516.2 515.8 515.7 514.4 514 513.5 513.5
388.6 390.3 390.4 391.1 390.6 390.8 394.1 399 398.6 395.4 392.7 395.7 398.1 399.6 398 403.9 413 417.2 419.1 419.4 419.5 420.2 417.4 415.3 410.1 408.3 405.2 402.3 399.2 398.1 401.2 401.4 401.7 402.3 406.4 410.8 414.7 417.1 400.7 418.6 422.5 427.4 434.7 442.1 448.1 454.1 461.3 471 482.8 493.9 494.5 495.2 496.2 496.5 497.3 498.1 498.8 499.4 500.1 500.7 503.7 504.5 505.2 506.2 506.8 507.8 508.8 508.8 508.8 508.7 508.5 509.3 509.6 509.9 508.8 506.4 504.1 502.7
398.1 396.5 391.2 387 386.1 387.2 386.9 390.2 396.8 394.8 391 387.7 393.5 396.9 397.4 401 407.5 412 417.1 419.1 417.3 415.6 412.9 410.9 408.7 407 404.7 401.7 398.2 389.8 397.5 395.5 389.7 389.5 394.1 402.9 406.3 407.6 398.6 418.3 421.9 426.2 433.7 442.3 449.3 452.2 456.6 463.1 471.5 480.5 490.8 493.2 495.6 496.2 496.3 496.7 497.9 497.5 497.8 497.4 497.3 498.1 499 502 502.3 503.8 504.1 502.5 501.6 502.6 502.5 502.6 503.3 504.1 503.8 501.3 498.3 495.9
406.5 404.2 400.6 397.2 392.9 391.6 387.8 386.8 384.3 385.5 385.6 384.8 385.5 384.3 385.4 397.5 401.6 405.6 411.1 414.7 414.3 411.3 408.7 407.4 406 404.5 403.2 400.7 395.6 391.5 386 387.3 389.8 400 399.8 395.5 398.4 400 403.6 414.9 418.3 423.1 430.6 439.6 447.3 451.4 453.6 456.5 463.5 471.2 481.1 490.7 494.3 496.4 497.3 497.8 497.6 497.1 496.3 495.9 495.4 495.2 496.1 498 499 500 500.7 499.8 498.8 497.4 496.8 496.2 496.2 497.8 497.9 496.6 493.9 492.4
412 410.5 407.9 404.8 398.6 393.8 392.4 396.3 396.9 396.2 394.8 387.3 384.4 384 381.6 383.8 396.2 401.3 407.7 411.1 410.8 407.6 405.4 403.4 401.6 400.6 400.1 398.5 389.3 383.7 385.6 390.9 402.8 409.3 408.3 396.6 396.4 398.2 412.2 412.1 413.7 419.6 427.1 435.7 442.5 447.1 450.5 453.7 458.1 463.7 473.1 482.8 492.3 496.3 497.1 497.6 496.3 496.2 496.5 496.3 496 493.7 495.2 495.6 496.2 497.3 498.3 497.9 496.8 495.3 494 492 490.3 490 491.6 491.9 491.1 489.5
