data/380000-560000.asc
ncols 200
nrows 200
xllcorner 380000
yllcorner 560000
cellsize 50
[rows 108 to 143 of 200, columns 0 to 80 of 200]
78.2 77.8 76.4 78.5 78.4 78.1 77.5 76.6 75.9 79.7 79.2 79.1 79 78.7 78.4 78.2 77.9 77.6 77.3 76.6 76.4 74.1 73.4 70.7 75.2 77.8 75.4 81.3 89.6 97.7 98.6 95.2 97.6 100.1 103.9 110.8 108.7 104.4 101.1 99.6 103.8 108 109.8 111.4 112 112.9 115.6 114.8 114.4 112.5 114.2 119.9 123.7 123.6 122.9 122.1 121.6 120.8 118.8 116.9 117.3 119.4 119.4 119.2 118.8 118.2 116.1 113.9 112.1 111.2 106.8 102.8 96.6 93.5 91.6 92.1 84.3 79.7 77.3 76.3 74.7
78.4 78.1 76.6 79.2 78.8 78.4 77.5 76.5 79.9 80.2 80.2 80 79.7 79.5 79.2 78.9 78.6 78.2 76.9 76.5 76.3 75.8 74.9 73.5 69.6 75.2 70.4 80.1 81.3 83.3 85.1 89.1 92.1 95 97.5 100.1 100.8 99.1 97.9 98.9 102.2 103.4 104.4 105.5 106.3 107.3 108.8 110.5 109.6 106.5 107.1 111.7 117.8 118.6 117.7 117 115.6 116 113.8 112.1 111.7 113.5 112.9 112.9 112.2 111 108.8 107.3 104.2 101.1 98.4 95.3 91.3 87.6 82.1 79.5 79 77.7 76.7 76.2 72.9
78.7 78.4 77.3 79.8 79 78.2 77.8 80.5 80.8 80.9 80.9 80.7 80.5 80.2 80 79.7 79 77.7 76.4 76.3 76.3 75.8 75.4 75 70 70 75.9 76.7 80 81.2 82.1 84.6 87.6 90.5 93.1 95.2 96.6 96.6 96 97.1 98.5 98.5 98.9 99.1 97.5 99.2 100.6 102.1 104.1 103.2 101.4 103.8 107.7 109.5 111.3 111.9 110 110.7 109.8 108.3 108.3 107.6 106.8 106.1 104.9 103.8 102.9 101.1 97.6 94.8 92.3 89.8 86.2 81.9 82.2 79.2 77.5 77.2 75.3 72.1 63.3
79.3 79 77.6 77 79.6 79.5 81.1 81.5 81.6 81.6 81.5 81.4 81.3 81 80.7 79.8 78.5 77.2 76.2 76.1 76.2 75.8 75.4 75.7 75.6 70 74.2 74.6 75.3 75.9 77.5 79.9 82.9 85.5 88.6 91.2 93.4 93.8 93.6 93.9 94.4 92.2 93.7 92.3 89.2 89.2 90.5 92.5 94.9 97.7 97.5 98.5 100.2 101.7 103.5 106.2 104.9 105 104.1 104 102.3 101.3 100.5 98.9 97.7 97.3 96.9 94.8 91.9 90 87.5 85.3 82.4 80.7 80 78.5 73.4 70.4 70.6 65.5 65.7
79.9 79.5 77.7 78.2 79.7 79.3 82.3 82.3 82.3 82.3 82.1 82 82 81.8 80.6 79.3 78 76.8 76 76 76 75.9 75.8 75.5 75.1 68.9 68.5 74.3 74.1 74.5 74.5 75.1 73.5 79.1 83.2 86.6 89.6 91.3 91.5 91.7 90.8 89.6 89.5 87.9 86.3 85 85.9 85.4 87.8 89.4 95.2 96.3 94.8 94.6 97.3 98.3 99.9 99.9 100 99.6 96.9 94.9 93.8 93.1 93 92.3 92.5 90.7 87.9 85.6 84.5 82.9 81.5 80 78.9 78.9 71.4 68 65.5 65.2 65
80.5 79.8 77.5 80.6 80.7 79.9 83.1 83 83 82.9 82.8 82.7 82.6 82 80.5 78.8 77.5 76.3 75.8 75.8 75.9 75.7 75.5 75.2 74.8 68.6 69 73 73.9 74.1 74.5 74.1 73.7 73.3 72.4 78.8 82.3 84.8 86.8 88.2 87.7 87 86.6 85.8 83.8 82.3 81.9 81.6 81.4 81 83.2 87.5 87 88 89.1 91.3 93.8 95.4 95.5 94.8 93 89.7 88.2 88.3 89.2 88.4 87.8 86.2 83.8 82.6 81.8 80.2 79.1 78.7 78 69.6 66.3 65.9 65.5 65 64.7
81.3 82.5 78.2 80.6 81.3 84.6 83.7 83.7 83.6 83.5 83.4 83.4 83.3 82.6 81.2 80 78 76.1 75.6 75.7 75.7 75.4 75.3 75.1 74.8 71.4 69.3 71.3 72.6 73.9 74 73.8 73.4 73 72.7 73.2 73.3 76.9 80.1 81.1 81.8 81.4 81.1 81.1 79.7 80.2 80.1 79.9 79.9 79.7 79.2 78.9 79 79.7 78.9 79.2 79.2 84 84.7 90.2 87.3 89.5 81.6 82.9 84.7 83.9 82.5 81.1 80.5 79.8 78.6 75.3 74 66.9 65.8 65.6 66 65.8 65.4 65.3 64.5
80.7 77.8 81.3 81.4 82.9 85.5 84 80.8 80.5 84.2 84.2 83.8 83.9 83.3 81.5 81 79.7 76.9 75.7 75.5 75.7 75.4 75 74.8 74.4 73.7 68.8 68.8 72.9 72.8 73.7 73.5 73.3 72.9 73 73.2 73.2 72.8 71.7 73.9 77.6 80 79.9 79.9 80.2 80.2 80.3 80 80.4 80.2 79.7 79.2 79.1 79.1 78.6 79.1 78.5 77.6 77.6 77.2 77.5 77.2 78.1 78.3 76.3 76.4 77.2 75.9 74.6 74.7 71.9 66.8 66.3 65.9 65.6 65.5 65.7 65.4 65.1 65.4 64.5
78.6 81.9 82.1 82.1 83.9 84.7 85.4 85.3 85.3 85.1 85 84.7 84.6 80.4 78.9 79.4 81 77.3 76.1 75.4 75.6 75.4 74.6 74.6 73.9 73 69 68.9 72.7 72.5 72.3 73.4 73.1 72.9 73.1 73.1 73 72.5 72.1 71.2 71.8 70.8 74.2 76.6 80.3 80.4 80.4 80.1 80.8 80.7 80.2 79.6 79.2 78.7 78.3 77.7 77.4 76.9 76.6 76.5 77 78.1 77.3 77 73.2 73.1 71.8 71.9 71 67.3 68.1 67 66.2 65.8 65.4 65.3 65.1 65 64.7 64.2 63.6
82.7 82.5 82.7 82.9 86.4 85.8 85.6 85.5 85.3 85.2 84.9 84.6 84 84.1 83.8 87.9 85.5 86.2 85 80 76.9 77 75.1 74.4 73.9 72.6 69.5 70.2 72.3 72.1 72.1 72.1 72.6 73 73 73 72.7 72.4 72.4 71.6 72.1 71.4 71.1 70.5 69.9 72.9 80.7 80.3 81 81.2 80.2 77.2 76.4 76.2 76.2 75.4 73.9 72.8 74.2 75 75.5 75.2 76.6 77.1 75 73.6 67.8 73.5 73 72.1 70.6 67.9 66.4 65.8 65.3 65.1 64.7 64.7 64.2 63.6 63.6
83.4 82.8 88.1 87.1 86.8 86.5 86.1 85.8 85.5 85.4 85.2 85.3 85.5 90.2 90.1 89.2 89.2 89.7 89.9 89.7 84.4 74.4 74.4 74.7 74.3 73.5 72.5 68.1 74.4 71.9 72.1 71.9 71.6 72.2 72.9 72.8 72.5 72.4 72.7 71.8 72.1 71.5 70.3 70 69.5 69.9 70 72.5 73.4 73.3 73.5 70.6 69.4 63.7 61.9 61.5 64 68.2 67.9 68.5 68.9 69.1 68.6 64.5 60.9 60.5 61.2 61.9 61.5 61.2 60.8 59.9 59.8 60.4 62 63.4 62.8 64.7 64.2 63 63.1
83.9 88.6 88.1 87.7 87.5 87.2 87 86.4 86.1 86.5 86.7 87.5 91.5 92 92.3 91.9 92.4 92.2 92.3 91.8 91.2 90.9 90 87.6 82.1 82.9 72.9 67.7 71.7 72.8 72 71.2 70.3 73.5 74.1 72.2 72.2 72.4 73.2 72.2 72 71.5 69.7 69.4 69.5 69.9 70.6 71.8 68.3 66.3 66.7 65.6 62.1 64.9 65.6 65.8 63.7 62.1 61.8 61.6 61.3 61.2 61.2 64.8 67.3 67.9 67 67 65.6 64.8 64.2 64.3 63 62.1 60.4 60.4 60.4 60.4 60.8 61.2 59.5
89.4 89.1 88.5 88.1 88.5 88.1 87.8 87 86.9 88 94.6 93.7 94.4 94.6 94.8 94.9 94.8 94.6 94.6 94 93.4 92.8 92 91 89.7 88.8 85.7 77.1 67.5 71.5 72.1 71.6 71.3 71.1 71.8 72.1 71.8 71.7 71.4 70.9 69.7 67.3 68.2 68.1 68 68.4 68 67.5 67.4 67.6 64.3 62.2 65.4 66.2 66.3 66.3 66.3 66.5 66.6 65.3 67.4 67.8 67.7 67 67 66.9 68.2 72 71.1 65.2 65.1 65.5 65 63.8 64.3 64.8 64.1 63.5 61.6 62.7 70.3
89.2 89.2 89 88.5 89 89.1 88.6 92.8 93.9 96.9 95.5 97.1 97.7 98.5 99.6 100.1 100 99.7 99.6 99.3 98.7 97 95.4 94.3 94.2 93.4 91.6 95.4 78.7 67 72 71.8 71.5 71.1 70.8 71.3 71.2 70.9 70.9 70.7 69.7 68 67.7 68.2 67.8 68 68 67.2 67.5 64.1 63.7 66.5 66.7 67 66.8 66.8 66.8 66.9 67.2 67.5 67.7 67.8 67.6 67 66.9 66.8 67.1 67.8 69.1 73.8 66 65.4 64.9 65.1 65.5 66.1 66.6 66.8 70.8 73.1 73.1
90.1 89.9 89.8 89.7 89.6 97.7 97.7 97.8 99.6 99 98.8 102.7 104.7 105.4 106.4 106.5 105.6 103.8 105.5 105.9 104.7 102.6 99.6 98.7 98.6 99.1 102.1 114.3 89.8 73 66.9 72 71.6 71.3 71 70.7 70.6 70.6 70.5 70.5 69.6 67.9 67.7 68.4 67.8 67.6 67.8 67 64.2 63.5 67.1 67.3 67.5 67.7 67.4 67.2 67.2 67.4 67.7 67.9 67.7 67.7 67.5 66.9 66.8 66.6 66.6 67 68 68 72.2 66.5 65.2 66 66.9 69 74.5 74.1 74.1 75 74.8
90.6 90.3 90.2 98.2 98.9 99.6 100.3 102.4 105 100.7 107 109.9 111.7 112.5 112.7 112.2 109.8 108.4 109.5 109.1 107.3 104.1 102.8 104.2 104.8 105.1 106.2 107.1 100.7 84.3 67.1 71 71.8 71.2 70.7 70.2 70.2 70.2 70.2 70.3 69.5 67.9 67.7 68.4 68.2 67.4 67.4 65.8 63.9 67 67.7 68.1 68.2 68.2 67.9 67.6 67.6 67.8 68.1 68.6 67.9 67.7 67.4 67 66.8 66.4 66.2 66.3 66.9 66.9 66.9 67.6 68.8 68 74.3 74.3 76.3 76.3 76.4 75.9 76.9
90.7 90.4 101.3 100.2 100.5 101.9 104.2 108.1 103.9 105.8 117.1 118 117.4 117.9 118 117.7 116 111.2 110.4 111.6 109.7 110.6 110.9 110.9 110.8 110.4 109.7 108 105.4 102.2 80.2 67.1 71 70.7 70.7 69.9 69.8 69.8 69.8 70 69.2 67.8 67.7 68.5 68.5 67.8 65.4 64.5 66.9 67.2 67.8 68.8 69 68.7 68.4 68.1 68.1 68.3 68.6 69.2 68.3 67.6 67.3 66.9 66.6 66.2 66.3 68.2 67.2 66.8 66.6 69.4 73.4 76.4 78.3 76.8 77.1 76.2 76.9 80.3 86.8
105.3 106.5 106.8 104.3 103.4 103.4 103.6 104.5 105.2 118 121.1 122.8 122.5 123.1 123.9 124.4 125.4 122.6 119.8 118.9 117.4 118 117.1 117 116.3 115.8 115 113 111.1 107.1 98.3 75.8 66.9 70.7 70.4 69.6 69.3 69.4 69.5 69.6 69 67.7 67.7 68.5 68.2 63.9 63.6 67.1 67.3 67.4 67.7 69.1 69.5 69.2 68.9 68.6 68.5 68.7 69.3 69.6 68.7 67.9 67.5 67.1 67.1 66.9 67.1 67.5 68 68.1 72.8 77.1 77.5 78.2 75.4 80.7 80.1 78.6 83.8 86.6 91.9
112.3 111.9 110.6 108.6 106.2 103.2 103.4 105.3 115.2 125.1 125.9 126.6 128.5 130.1 131.3 131.1 130.9 129.7 128.2 127.2 125.5 125.4 124.8 123.9 122.5 121.7 120.8 119.5 117.3 115.7 113.8 98.7 75.6 66.9 69.4 69.5 68.7 69 69.1 69.2 68.8 67.7 65.8 64.9 64.6 66.1 69.4 69 68.8 69.2 69.5 69.7 69.3 69.7 69.4 69.1 68.9 69.2 70 70 69.2 68.7 68.2 68 69.5 69 69.3 69.6 70.2 76.5 78.1 79.8 79.2 80.4 82.2 84.4 85.7 84.9 89 93.1 95.1
116.1 114.4 112.3 111.5 104.5 108.1 113.9 121 130 131.9 133.3 133.9 135 136.1 138 138.2 137.8 137.8 136.6 135.5 134.6 134.4 133.9 133.8 133.1 131.8 130.9 129.4 127.2 126.9 124.5 119.2 104.9 84.6 66.4 66.4 67.2 68.8 66.9 65.6 65.1 64.4 65.3 68.3 70.1 71.1 71.2 70.9 72.2 71.9 69.9 69.5 69.1 68.8 69.3 69.6 69.4 69.9 70.7 70.5 70 70.5 69.8 74.9 75.2 75.2 75.4 78 77.9 80.3 84.8 85.5 87.6 89.1 92 93 92.9 95.3 97.1 98.7 99.5
117.9 109 107.1 106.6 114.6 121.1 125 132.4 139.7 140.8 140.7 141 143.4 145.7 146.6 146.5 147.8 149.6 148.7 147.6 147.1 146.6 146.1 145 143.7 142.4 140.8 140.1 139.5 137.4 134.4 134 127.4 116.1 101.1 84.9 75.8 70.4 68.9 69.9 74.3 76.5 74 72.2 72.9 73.6 74.2 75.1 80.5 79.1 73.2 68.2 68.9 68.5 68.2 68.7 69.8 70.8 71.9 72.1 72.5 78.1 77.8 78.7 78.9 79.3 79.8 80.7 84 87.3 90 91.8 91.4 93.1 94.7 97.5 99.1 100.2 102.4 106 107.2
113 108.1 113 124 132.6 136.6 134 144.3 151.7 155 156.9 159.2 161.6 163.5 164.4 163.9 163.9 162.2 161.5 160.2 159.9 159.3 158.4 156.3 154.2 152.1 150.3 149 147.9 146.6 145.1 143.3 139.7 135.7 128.4 119.9 108.5 99.4 94.2 93.1 95.7 91.2 86.9 82.7 79.8 78.6 79.3 77.2 84 81.3 80.5 74.5 72 68.2 69.2 70.2 68.1 71.2 73.2 73.4 80 80.5 80.3 81.8 82.4 82.2 84.5 89.8 92.4 93 93.8 95.9 95.7 96.9 99.4 102.8 105.2 108.1 111 112.7 113.8
110 121.1 137.8 143.6 141.7 144.9 154.5 162 166.3 168.9 166.2 169.2 173 174.7 176.6 175.1 174.5 174.5 172.1 169.4 169.4 168.6 167.3 165.6 163.6 161.7 159.9 158.2 156.8 155.5 154.3 152.6 149.8 146.2 142.7 138.9 131.7 121.6 117.4 114.2 108.7 106.2 98.3 93.3 89.5 86.2 84 81.3 82.5 82.9 82 80.9 79.9 81.3 81.1 81.8 83.1 83 80.6 81.6 82.3 83.4 84.1 85.4 84.9 90.2 95.2 97.7 98.6 99.4 100.3 100.5 100.7 101.5 104.3 109.1 112 114.9 117.6 119.5 120.4
122.8 134.6 144.9 143.1 151.8 163.1 175.2 178.4 183 184.7 185.5 185.5 184.3 185.8 186 185.9 184.1 182.9 182 179.2 178.8 177.6 176.2 174.8 173.1 171.3 169.5 167.5 166 164.8 163.3 161.5 159.5 156.2 153.5 149.8 145.4 139 135.4 130.4 124.1 117.5 109.3 102.2 94.8 93.8 93 84.4 86.5 84.5 84.9 82.9 83.4 84.7 85.8 86 86.5 85.6 83.7 92.2 91.6 90.7 90.3 91.3 94.1 96.7 100.8 102.9 104.1 105.9 105.3 105.7 106 106.4 110.7 115.5 118.7 121.7 123.8 125.7 126.3
144.5 151.2 150.3 155.7 166.2 181.9 188.9 190.5 192.6 193.9 194 194 192.5 193.2 193.3 192.7 190.6 189.7 188.4 187.5 186.2 185.5 184.2 182.8 181.5 180.2 178.7 176.9 175.3 173.4 171.1 168.8 166.4 163.5 160.2 158.3 154.4 150 145.5 139.9 133.7 127.8 121.2 114.6 103.7 107.8 102.1 91.6 96.6 95.5 94.2 93 95.1 94.5 92.9 91.4 91.3 92.1 93 99 98.2 97.6 97.8 96.8 99.2 102.3 105.7 108.4 111.1 110.9 110.5 110.8 111.2 111.8 116.5 120.3 124 127.1 129.5 131.4 130.5
166.7 169.1 167 169.9 181.4 192.8 197.8 200 201.4 202 202 202.2 201.7 200.1 199.4 198.1 196.4 194.8 193.2 192.3 191.4 190.3 189.6 188.4 187.1 185.6 184.8 183.9 182.4 180 177.7 175.3 173 170.2 167.8 164.8 161.6 158.2 153.4 148.2 142.4 137.4 132.5 127.3 119.5 116.9 109.7 97.6 104.2 104.6 102.4 102.6 103.5 101.9 98.5 101.3 101.7 96.7 100.3 103.7 104.7 105 104.1 102.6 104.9 109 113 115 116.1 116 115.7 116.1 116.5 117.7 122 124.8 128.5 131.2 133.5 134.4 134.5
166.8 170 175.9 182.6 194.2 199.9 202.7 204.5 205.1 204.9 204.6 204.6 204.2 203 201.8 201.2 200.6 199.9 198.4 196.9 196 195.1 194.3 193.5 192.5 191 190.4 189.7 188.2 186.3 184 181.4 178.7 176 172.9 169.8 166.5 163.2 160.3 156.1 150.2 146.8 142 136.8 130.9 125.6 105.8 110.4 112.9 112.2 109.9 109.9 109.4 106.7 107.1 110.6 106.6 104.4 107.2 111.7 112.1 110.9 109.5 108.1 111 115.6 118.6 119.7 120.3 120.4 120.6 121.1 121.6 123 126.3 129.3 133.3 135.2 136.8 137.3 137.2
172.1 178.3 181.8 188.5 197.6 201.6 203.9 205.8 206.9 206.9 206.4 206.3 205.8 205.3 204.6 204.2 203.7 203 202.3 201.6 200.6 199.2 197.9 196.8 196.3 195.9 194.1 192.6 191.1 190.2 188 185.9 183.2 180.5 177.8 174.8 171.4 167.9 164.9 161.4 157.8 153.4 149.1 144.2 135.2 116.1 116.9 122.5 122.6 120.2 118.1 117.5 116.3 111.8 113.7 113.1 107.6 114.5 116 116.4 117.6 116.2 114.7 114 116.1 119.1 121.5 123 123.6 123.1 123.3 123.7 125.1 127.1 130.2 134.4 137.5 139.5 140.6 141.3 141.3
173.4 182.8 188.4 193.2 200 203.4 205.5 207.6 208.6 208.5 208.2 207.9 207.4 207.6 207.7 207.3 206.8 206.1 205.4 204.3 203.1 201.9 200.5 199.4 199 198.1 196.9 195.5 194.2 193.4 192.1 190.3 187.7 185.1 182.4 179.3 175.9 172.2 169 165 161.2 157.1 152.8 149.1 142.4 130.2 133.1 132.3 131.4 129.9 127.1 125 122.3 120.8 121 119.8 120.6 122.8 121.8 121.4 122 121.1 119.7 119.7 119.5 122.4 124.9 126.7 126.9 127 127.1 128.2 129.7 133.1 137.1 139.2 141.8 143.8 144.7 145 144.7
174.3 183.2 190.1 194.7 201.8 205.5 207.4 209.4 210 209.9 209.8 209.7 209.7 210.1 209.9 209.9 209.9 209.2 208 206.7 205.2 204.4 203.1 202 201 200.1 199.4 198.4 197.1 195.3 193.5 191.6 189 186.3 183.4 180.1 176.5 172.8 169.5 165.6 162.6 159 155.7 151.8 145.7 140.8 141.7 139.7 137.7 135.5 133.4 131.5 130 128 128.5 125.3 129.1 128.6 127.6 126.6 126.1 125.5 126.5 126.3 127.3 128.6 130.9 132.5 133.4 134.1 135.1 135.6 136.7 141 143.8 144.1 144.2 145.1 146 146.3 145.6
174.8 184.8 192.9 197.7 203.4 207.6 209.5 210.9 211.2 211.1 210.9 211.5 211.5 210.9 210.3 209.8 210 209.5 209.3 208.9 207.4 206.5 205.4 203.4 201.9 200.5 199.5 198.3 196.7 195.2 193.7 191.5 188.9 186 183.2 180.5 177 173.3 169.9 166.5 163.9 160.3 156.6 151.9 150.5 148.9 147 144.3 142.1 140.3 138.5 137.5 136.4 135.5 133.8 135.3 134.6 133.1 132.4 131.7 130.7 133 135.4 134 134.1 134.4 135.9 137.9 138.6 139.6 140.3 141 142.4 144.8 146.3 147.1 146.2 146.3 147.1 146.6 146.1
174.4 186.4 192.9 198 202.9 207.7 209.6 210.5 211.8 212.1 212.3 212.1 211.9 211.3 210.7 210.2 209.9 209.6 209 208.5 208.5 207.3 205.1 203.3 201.8 200.4 199 197.4 195.9 194.8 193.5 191.2 189 186.3 183.6 180.9 177.4 173.9 170.4 167.3 164.8 161.8 158.2 156.3 154.1 152.9 151 148.3 146.3 144.3 142.6 141.3 139.9 138.5 135.7 138.3 138.4 137.2 136.6 136.7 137 138.5 138.2 137 137.5 138.1 138.8 140.7 141.5 143.2 144.4 145.4 146.5 147.6 148.3 149 148.9 148.3 147.2 146.5 145.7
167.9 181.3 188.6 192.3 197.7 203.4 207.8 210.3 211.8 212.9 212.6 212.5 212.3 211.7 211.2 210.6 210 209.1 208.3 207.8 206.9 205.9 204.8 203.3 201.8 200.4 198.9 197.6 196.3 195 192.9 191 189.1 186.7 184 181.2 177.8 174.3 170.8 168.2 165.7 163.2 161.9 159 157.1 156.2 154.6 152.5 150.9 149 147.9 145.1 141.2 141.3 142 142.4 141.9 141.3 140.9 140.5 140.1 139.9 139.9 140.5 141.2 141.8 142.5 143.5 144.9 146.7 148.2 149.3 150.3 149.5 150.1 150.9 150 148.9 147.7 146.6 145.7
161.8 174.9 184.9 189.1 195 201.2 207 210.2 212.3 213.3 213.2 212.9 212.7 212.1 211.8 211.4 210.8 209.5 208.2 206.8 205.4 204.5 204.2 202.8 201.4 200 198.6 197.3 196.4 194.6 192.8 191 189 186.8 184.3 181.5 178.1 175.5 173.2 170.1 167.5 165.8 164.7 162 160.3 159.4 157.6 156.1 155.4 153.9 151.1 148.6 143.3 145.3 145.1 145.3 144.3 143.6 143.2 142.9 142.5 142.7 143.4 143.8 144.5 145.2 145.9 146.9 148.8 150.1 151.9 153.1 153.2 152.2 151.9 151.6 150.1 149.2 148.2 147.1 146
163.3 170.8 183.3 189.2 195.7 202.3 207.4 211 212.8 213.8 214.2 213.8 213.6 213.4 212.8 212.1 211.4 210.1 208.8 207.3 205.6 204.2 203.3 202.1 200.7 199.3 198.1 196.5 195.6 194.4 192.7 190.9 189 187 185.4 183.6 181 178.7 176.5 173.8 170.6 168.5 166.8 164.6 163 159 157.4 157.7 155.3 152.6 150.1 145.2 147.7 148.6 147.8 146.9 146.5 146.1 146.1 146.1 146.6 147.1 147.9 147.6 147.5 148.5 149.2 150.8 153 154.9 156 156.2 155.7 154.6 153.2 151.9 150.5 149 148.4 146.5 140.5
161.6 169.7 179.5 187.2 194.6 202.2 208.1 212.4 214.6 216.1 216.4 215.8 214.8 214.1 213.4 212.8 212 210.7 209.3 208 205.8 204.4 202.8 201.4 200.2 198.9 197.6 195.7 194.8 193.5 192.1 190.9 190.7 189.3 188.2 186.8 184.6 182.2 179.8 175.6 171.8 168 164 160.4 159.9 156.8 154.7 152.7 150.8 148 151.6 151.4 152.1 153.4 152.4 151.6 151.3 151.5 150.8 151.1 152.2 151.7 152.2 152.1 151.2 151.1 153.1 154.8 156.6 159.5 159.4 158.3 157.6 155.3 153.3 151.2 150.2 149.1 147.6 146.1 151.8
