data/390000-550000.asc
ncols 200
nrows 200
xllcorner 390000
yllcorner 550000
cellsize 50
[rows 35 to 69 of 200, columns 78 to 155 of 200]
147 147 146.4 146.2 146.9 146.4 144.6 143 140.8 125.4 125.2 133 136 139.9 142.6 147.7 151.4 152.4 152.6 153 152.6 151.7 151.3 152.4 155.4 160.6 164.9 170 175.6 179.7 182 185.9 187.4 188.2 189.2 189 190 189.5 188.1 187.3 187.4 188.1 189.1 192.2 196.7 198.2 198.4 198.3 198.9 198.6 197.7 196.7 194.6 191.9 189.9 190 189.1 188 187.8 188 190.6 193 196.3 199.4 202.2 203.1 203.2 201.4 199.5 197.7 196.3 196.4 196.1 196.6 196.5 194.3 191.8 191.7
148.7 148.2 146.9 145.5 147.1 144.8 142.7 133.4 124.8 124.3 135.2 140.1 141.7 144.5 146.7 149.2 152.9 154.9 154.8 155 155.8 156.3 155.7 150.1 156 161.7 166.9 171.6 176.8 180.3 184.6 188.6 190.4 191.7 192 193.7 194.8 194.4 193.8 191.6 190.4 191 192.5 197.3 198.3 199.3 199.9 199.4 199.1 198.6 198.1 197.6 196 193.1 189.1 189.4 189.1 188.9 189.1 191.9 194.3 197 200 202.7 204.6 205 204.8 203.2 203.1 201.1 199.9 199.5 200.3 200.4 200.2 198.7 197.1 196.7
144.2 143.6 141 138.2 141.3 142 134.5 124.7 125 127.1 137.4 140.6 144.5 148.1 151.5 152.4 155.6 158.1 159.3 160.5 161.5 161.9 161.4 156.5 153.4 160.9 166 170.7 177.2 181.3 186.2 190.5 193.3 195.3 197.9 199.2 200.3 200.3 199 196.7 196.6 197.6 198 198.9 199.9 200.9 201.5 201 200.5 200.2 199.9 199.3 198.1 195.6 193 189.7 189.1 191.2 194.1 196 198 200.7 203.1 205.4 206 207.2 207.1 206.9 206.4 204.8 204 203.7 204.3 204.2 203.4 201.9 200.7 200.3
142 140.8 128.9 126.7 130.4 132.4 126.9 126.5 127.7 133.6 139.3 142.9 147.1 150.4 152.7 155.7 158.5 161.1 161.1 161.9 163.6 165 164.6 161.1 154.6 160.4 164.6 169.9 175.4 180.5 186.9 189.8 193.3 198.2 201.1 204.9 205.6 205.2 204.8 202.6 201.5 202.6 201.6 201.1 201.8 202.5 203.3 202.5 201.8 201.5 201.2 200.9 200.6 199.3 196.9 194.1 194.6 199.5 200.7 200.5 202.8 204.1 205.8 208.1 207.5 208.8 210.6 210.3 209.8 208.5 208.2 208.1 208.8 206.4 205.8 204.2 201.7 200.8
141.8 132 127.9 127.1 126.8 126.8 127.4 128.5 134.7 142.9 146.2 149.4 150.8 152.1 154.8 157.7 159.7 161.3 162.3 163.4 165.6 166.4 165.2 161.8 159.1 156.4 162.3 167.3 172.6 177.8 183.9 190.4 193.2 200.5 203.4 208.4 209.8 209.2 208.7 208.5 207.3 206.3 205.3 204.2 204.1 204.9 204.7 204 203.2 202.9 202.6 202.3 202.3 201.2 199.8 198.4 199.9 203 204.9 206.7 209.3 209.2 208.7 210.1 209.4 213.1 217.4 215.1 211 209.8 208.9 210.2 211.1 207.8 206.3 204.3 202.1 200.4
131.5 128.7 128.5 128.1 128.6 129.1 129.2 136.9 143.9 146.2 150.4 153 154.3 155.2 156.4 158.9 159.9 162 163.3 163.7 165.1 165.6 164.8 162.9 160 156.2 160.6 164.9 169.8 174.1 178.9 187.2 191.1 199.6 204.4 208.2 210.9 210.4 211.1 211.3 210.8 210.2 209 207.9 206.6 206.1 205.8 205.4 204.7 204.3 203.9 203.9 204.2 203.1 202.5 202 203.1 205.9 208.6 210.7 211 211.8 212.3 213 213.3 217.5 220.6 217.6 212.1 210.6 209.3 209.9 210.1 208.8 206.5 205 204.7 203.7
129.1 128.5 128.6 130.5 132.4 135.9 139.9 142.6 147.2 150.1 152.7 154.7 155.7 156.8 158.2 160.3 161.5 163.5 164.5 164.9 164.9 165.1 164.5 163.7 159.5 159 159.1 161.6 166.2 169.9 173.5 178.1 185.8 194.1 200.9 205.6 209.5 211 211.4 211.8 211 210.8 209.4 209.8 208.5 207.8 206.9 206.6 206.2 205.6 205.5 205.8 206 205.6 205.3 205.9 207 207.9 210 210.8 211.4 213.4 214.5 215.4 215.4 215.8 217.4 214.7 213.1 210.9 210.2 209.4 209.5 209.7 208.1 207.4 206.7 206.9
129.2 129.4 136.8 137.4 138 140.8 144.4 146.5 149.5 153 155.1 156.5 157.5 158.7 160.2 162.2 163.6 165 165.7 166.1 165.7 164.5 164.3 163 159.5 159.3 159.4 159.1 162.2 165.2 168.7 172.7 180.5 186 192.1 200.2 205.8 209.4 211.1 211.4 211 211 209.1 209.5 209.9 209.6 208.5 207.2 207.2 207 207.2 207.4 207.5 207 206.7 207.9 208.5 209.5 211.4 211.9 213.2 215.1 215.7 216.2 216.4 216.4 216.4 215.9 214.7 213.3 211.7 211 210.8 210.5 210.2 209.4 208.5 207.8
131.9 138 142.3 142.1 142.9 144.8 149.4 150.4 151.2 153.9 156.6 159.5 160.7 162.3 164.7 165.6 165.7 166.5 166.9 167.3 166.8 165.6 164.4 161.8 159.2 159.6 159.7 159.4 159.1 161.7 165.7 169.1 174.5 179.5 186.3 193.4 198.7 205.5 207.9 209.8 211 211 210.2 209.2 209.2 209.2 210.9 211.3 210 209 208.1 208.2 208.3 207.8 207 209.1 209.4 211.2 212.8 213.5 215.8 217.6 218.1 218.5 218.5 218.4 218 218.1 217.7 215.8 213.5 212.5 212.1 211.6 211.1 210.8 209.9 209.1
141.1 143.8 146.1 148.1 148.6 148.6 150.4 152 153.5 155 157.8 160.6 163.7 167 168.9 169.2 168.6 168.3 168.3 168.5 168.7 167.6 166.8 163.8 161.7 161.7 161.9 160.4 160.2 161.2 164.1 167.7 171.3 175.9 180.1 185.3 189.1 194.5 202.4 204.9 205.1 208.3 208.7 209.4 209.9 209.1 212.5 214.3 212.8 211 210.3 209.1 209 208.8 209.1 210.5 210.8 212.9 214.2 216 218.7 220 220.4 220.8 220.5 220.3 220.9 221.2 219.2 217 214.8 213.8 213.3 212.8 211.5 210.9 209.6 208.5
146.1 146.9 148.9 151 150.4 151 152.6 153.9 155.2 156.5 159.1 162.3 165.4 169.1 171.1 170.9 170.6 170.6 170.6 170.6 170.4 169.6 168.4 166.3 165.1 164.7 165.4 164.6 164.1 163.1 163.3 167 168.8 172.4 176.2 178.3 181.4 186 192.3 196.8 201.1 204.5 205.6 206.4 207.1 208 210.2 210.9 210.5 209.8 209.7 209.1 209.1 209.6 210.4 211.2 212.4 214.5 216.7 218.5 219.8 221.2 222.3 223 222.6 222.1 221.7 221.3 220.5 218.3 216 215 214 212.4 210.8 210.3 208.5 206.8
150.9 150.8 151.3 152 151.7 152.9 155 156.5 157.7 159.2 160.9 164 167.2 170.4 170.7 172 173.3 173.3 173.4 173.2 172.2 171.1 169.9 168.5 167.4 167.8 168.5 168.1 167.3 164.5 164.6 166.7 169.3 170 172.7 175.2 177.6 180.6 183.9 188.2 194.9 200.1 202.6 203.3 204 205.3 206 206.9 208 207.4 207.4 207.9 209.6 210.1 210.8 211.3 213.7 216 218 218.9 220.2 221.6 223 222.8 221.7 221.6 221.7 221.3 220.9 218.9 216.6 214.9 213.3 211.7 210.4 209.2 207.4 205.7
154.2 155.2 154.7 154.2 154 154.8 156.9 158.9 160.2 162.3 163.8 165.7 168.6 169.7 172.4 174 175.3 176.1 176.1 175 174.2 173.4 172.3 170.7 170.5 170.1 170.5 170 168.9 167.5 166.8 167.7 169.9 170.2 172.2 172.4 174.6 176.8 178.7 182.9 187.3 192.7 197.6 200.8 201.7 202.5 202.4 204.1 204.9 204.3 205.1 205.7 207.8 210.1 210.7 210.8 212.5 214.7 217 219.3 220.2 220.9 220.8 220.9 221 220.7 220.9 221.1 219.8 218.1 215.7 214.3 212.6 211 209.8 208.1 206.3 204.6
156.1 157.9 157.4 156 156.1 156.7 158.8 160.8 163.1 165.4 167 168 169.1 172 175.7 176.9 177.9 178.8 178.3 177.5 176.8 176.1 175.3 174.4 173.7 173.3 172.5 171.2 170 168.7 168.2 168.9 169.2 170.2 170.2 170.8 172.3 174.2 176.8 179 183.2 187.5 190.7 196.8 201 201.7 201.2 200.7 201.6 202 202.9 203.6 205.9 209.2 210.7 210.5 211.4 213.4 215.6 217.8 218.8 218.9 218.3 218.6 219.4 219 218.7 217.9 217.3 216.6 214.8 213.9 212.1 210.3 208.8 207 205.3 203.5
157.6 158.1 159.1 158.5 158.4 158.9 159.3 163.3 166.6 168.7 170.9 171.4 174.1 176.8 179.9 180.3 180.6 180.7 180.5 180.4 180 179.6 178.8 177.9 177.3 176.2 174.2 173.1 171.8 170 169.2 169.7 169.3 169.4 170.3 171.4 172.6 174.5 176.4 178.4 181 185 188.9 193.8 199.5 200.4 199.8 199.3 199 199.5 200.4 201.9 205.7 209 210.8 210.7 210.5 212.3 214.3 215.7 215.8 215.9 216.1 215.8 215.5 215.5 215.5 214.7 214.2 213.7 213.6 213.3 211.5 209.6 207.9 206.1 204.4 202.5
156.5 158 159.8 161.3 160.6 160 161.8 167.1 170.2 171.8 173.6 176.5 180.2 180.9 182.5 182.6 182.6 182.6 182.4 182.2 182.1 181.9 181.5 180.5 179.3 178 176.6 174.8 173.1 171.3 170.6 169.8 169.1 170.2 171 172.2 173.4 175 176.5 178.3 180.1 183.1 186.9 191.2 196.5 198.4 198.2 198.3 198.5 198.6 198.8 200.2 204.3 208 210.6 210.9 210.8 210.9 212.2 212.8 213 213.1 212.6 211.8 211.4 211.8 211.9 211.2 210.2 210.5 212 211.2 210.4 208.5 206.1 205.5 203.8 202.2
157.6 160 161.8 163.4 162.8 163.6 165.5 168.6 170.8 173.6 175 178.4 180.9 181.1 183.3 184.6 184.6 184.4 184.3 184.2 184.1 184 183.4 182.1 181 179.6 178.4 176.5 174.7 173.2 171.8 171 171 171.7 172.2 173.1 174.3 175.6 177.4 178.2 178.8 182.2 186.6 190.7 195.8 200.9 200.1 199.2 198.3 198.5 198.7 199 202.2 205 207.4 209 209.5 209.7 209.8 209.8 210.1 209.9 209.4 208.5 207.5 207.5 207.8 206.6 205.8 206.3 208.3 207.2 206.1 206.8 204.3 202.8 202.1 201.1
159 161.1 163.8 165.4 165 167.2 169.5 168.9 169.1 169.9 174.7 177.6 179.9 182.2 184.6 186.3 186.7 187.1 186.8 186.7 186.5 186.4 184.9 183 181.2 180 179.1 178.1 176.6 175.1 173.5 173.2 173.2 173.5 174.6 175.8 176.8 177.9 178.7 179.5 180.4 183.5 185.3 188.6 192.5 198.4 200.8 198.3 198.2 198.3 198.5 198.5 200.6 202.1 204.3 205.1 205.5 205.8 206.6 205.9 205.9 205.6 204.4 203.1 202.5 202.3 202.1 201.7 201.3 202 201.7 201.3 200.9 200.9 199.8 199.6 199.1 198.2
162.4 163.8 165.2 167.4 168.5 170.9 172.8 172.7 173 170.9 173.6 179.2 181.8 183.8 185.9 187.4 188.8 189.2 189.7 189.4 189.1 188.9 187.2 186.4 184.9 183.5 182.1 180.9 178.6 177 174.4 176.7 176.9 176.5 178.1 179 180.4 180.8 183.5 186.1 186.8 186.8 187.9 189.4 190.3 193.2 198.8 198.8 198.1 198.2 198.2 198.5 198.1 199.3 200.5 201.2 201.5 201.9 202.1 202 201 200.8 199.6 197.6 197.3 197 196.9 196.8 196.5 196.1 196 195.8 195.7 195.5 195.5 195.5 195.5 195.2
165.7 167.3 168.6 170 172.1 174.6 176.3 177.4 178.3 178.7 175.8 180.5 183.4 185.4 187 188.5 190.1 191 191.7 192.3 192 191.2 190.4 189.5 188.7 187.4 187.1 185.7 181.7 178 176.5 177.4 180.4 180.3 181.2 183.2 185.8 189 187.6 189.6 195.3 189.9 191.4 191.3 191.7 193.9 198.1 197.9 197.4 197.2 196.8 196.8 197.4 197 196.7 197.5 198.9 198.7 198.2 197.7 196.2 195.8 194.2 194.5 193.5 193.6 193.5 193.6 193.3 192.7 191.9 191.3 190.9 190.6 190.7 191 191.2 191.3
168.4 170.4 172.5 174.3 176.1 177.7 179.9 181.3 182.3 182.8 179.9 182.7 185.1 186.5 188.2 189.7 191.2 192.9 194 194.9 195 194.4 192.3 191.7 191.1 190.8 191 189.3 182.8 181.1 179.2 180.5 184.2 185.1 184.4 187.2 190.7 193.5 193 192.4 197.5 193.5 195 193.9 194.3 197.5 202.8 201.8 198.3 197.5 197.3 197.2 197.2 196.9 196.5 196.2 195.9 195.5 195.2 195 194.9 194.8 194.6 194 193.5 193 192.7 192.5 192.1 191.9 191.4 190.9 190.6 190.3 190 189.7 189.3 189
171.5 173.7 176.4 178.6 180.3 181.9 183.5 185.2 186.2 186.6 186.2 182.8 187 187.5 189.3 191.5 193.7 195.7 197 198 198.2 197.8 195.3 193.3 192.4 191.5 191.1 188.7 185 186.5 185.2 185 187.9 190.1 188.3 194.3 195.7 197.1 197.9 197.3 200.1 198.1 196.6 195.3 197.4 202.7 204.5 201.5 198.7 198.7 198.7 197.8 197.1 196.8 196.4 196 195.9 195.7 195.6 195.5 195.6 195.6 195.6 194.9 194.1 193.7 192.9 191.5 191.2 191.2 190.9 190.6 190.3 190.1 189.9 189.7 189.5 189.2
173.6 177.2 180 182.6 184.2 185.8 187.3 188.6 189.9 189.6 188.8 189.5 188.2 187.2 190.5 194.4 196.8 198.5 199.9 200.1 200 200 198.2 195.9 193.8 191 188.7 188.1 188.3 189.2 189 188.1 191 193.9 193.5 193.3 199.7 200 200.9 200.8 200.1 200.2 199.3 198.2 199.4 201.7 200.5 199.3 198.7 197.9 197.7 197.2 197.1 196.7 196.4 196.1 196.2 196.3 196.4 196.1 196.6 196.7 196.7 196.7 196.6 196.1 196.3 195.5 194 193.5 193.1 192.5 191.8 191.3 190.7 190.4 190.1 189.6
176.6 180.2 184 186.3 187.9 189.3 190.7 191.5 193.1 192.9 192.9 192.8 192 187.3 191.7 196.1 199.4 200.6 200.8 200.4 200.2 200.2 200.4 199 197.1 194.9 192.2 191.5 191.7 191.9 192.8 191.3 193.8 196.4 197.9 193.7 199.5 200.4 201.4 202.9 203.4 203.2 203.4 201.4 202.1 201 200.1 199.7 198.8 199.6 199.7 199.8 200.3 199.9 199.1 199 199.3 199.9 200.1 197.1 198.6 199 200.1 199.5 199.2 199.2 199.7 200.2 198.5 197.8 196.8 195.5 195.1 194.5 192.5 191.3 190.6 190.1
179.7 183.3 187.1 189.8 191.2 192.7 193.7 194.3 196.2 196.4 195.7 194.8 193.9 189.7 193.9 198.5 200.8 201.5 200.9 200.6 200.4 200.4 200.1 199.6 199.2 200.1 197.8 196.1 194.9 196.1 197.2 196.3 196.8 201.3 201.2 198.2 198.5 200.7 202.4 204 206 206.3 206.9 205.6 207.2 208 206.6 202.5 203.4 203.7 203.6 203.5 203.6 202.8 202.1 201.9 202.3 202.6 200.5 198.2 199.7 201.9 203.5 202.8 202.2 202.7 203.2 203.7 202.7 201.8 199 199.3 200.3 200 199.1 196.8 193.5 190.5
182.7 186.2 189.8 192.9 194.6 196 196.6 197.2 199.5 199.8 198.8 197.6 196 192.4 196.1 199.5 200.5 201 200.9 200.7 201.3 201.8 201.7 201.2 200.6 201.3 200.7 199.2 198.2 198.4 199.4 200 200.4 205.3 203.7 201.7 199.8 201.8 205.5 207.5 210.8 211.2 210.8 210.1 210.4 210.8 208.3 207.3 207.8 207.4 207.3 206.9 206.3 205.8 205 204.8 204.8 202.7 200.9 200.2 202 204.4 206.3 206.4 206.1 205.9 206.2 205.7 204.4 201.8 200.7 203.3 203.5 203.1 201.7 199.8 195.3 194.6
184.4 188.8 192.7 196.1 197.9 198.8 199.4 199.7 199.8 200.6 201 199.7 198.1 195.2 198.6 200 200.5 201.9 203.3 203.8 203.8 203.7 203.1 202.5 202 202.4 202.7 201.8 200.9 201 201.7 201.7 203.2 207.1 205.7 204.3 202.6 203.8 207.5 210.6 214.1 215.4 214.5 214.1 213 211.5 210.4 211.1 211 210.1 209.2 208.3 207.4 207.6 207.8 207.1 205.5 203.9 202.3 202.8 203.3 205.6 206.7 206.7 206.8 206.9 206.1 205.2 203.3 202.4 203.3 203.6 203.1 202.2 201.3 198.1 193.4 196.2
186 190.1 194.6 199 201.1 201.8 202.2 201.9 201.9 201.7 201.4 201.3 200.9 197.9 200.5 202.2 203.6 205.2 206.7 207.1 206.2 205.3 204.6 203.9 203.3 203.3 204.1 204.3 203.5 203.6 205.3 207.4 205 207.6 206.6 206.1 205.6 206 208.3 210.6 216 217.1 217.4 216.9 216 215.4 214 213 212.1 210.9 209.7 208.9 207.9 207.3 207.5 207.9 206.9 205.3 204.8 205.3 205.9 206.7 206.7 206.7 206.8 206.7 206 204.8 203.1 201.8 201.4 202 201.2 199.8 197.4 195.1 196.7 197.1
187.7 191.5 196.2 200.2 201 203.1 204.1 204.4 204.6 203.9 203.1 203 200.3 199.6 202.6 205 206.7 208.3 209.7 208.7 207.6 207 206.2 205.6 204.9 205 205.6 205.9 205.9 207.3 209.9 210.1 207.7 208.6 208 208.1 209.4 208.6 211.8 215.7 216.9 217 217.6 216.8 215.7 214.9 214.3 213.6 212.7 211.5 210.4 209.2 207.9 206.5 207.2 207.7 207.4 206.9 207.2 207.5 207.4 206.6 206.6 206.6 206.6 206.4 205.8 204.4 202.2 200.6 200.2 199.8 198.5 196.7 197.2 197.5 199.1 200.9
189.6 193.4 197.7 200.2 202.8 204.7 206.6 207 207 206.1 205.3 204.2 202.9 203.6 205.4 207.2 209.4 210.8 212.1 211 209.1 208.9 209.2 208.3 207.3 206.6 207.2 207.5 208.4 210.5 210.9 210.3 210 210.6 210.5 211.2 211.9 216.5 219.5 221.1 220.1 219.8 219.6 218.3 215.5 214.4 213.8 213.1 211.9 210.6 209.4 208.9 208.3 206.9 207 207.6 207.9 208.3 208.6 208.1 207.6 207.3 206.5 206.5 206.4 206.2 205.7 203.8 201.5 200.1 198.9 198 197.7 198.6 199.9 200.4 203.6 199.5
192.2 197.3 200.4 203.2 206 207 208.4 209.7 209.2 208.7 208.2 207 205.7 207.4 209.3 210.6 212 213.3 215.6 214.9 212.9 212.4 213.1 212.8 210.4 210.6 209.9 209.9 213.9 216.5 214.7 211.3 213.2 213.9 215.1 218.6 221.4 221.1 221.4 221.6 221.6 221.4 221.1 220.2 217.5 214.7 213.2 212.2 211.6 210.9 209.6 209 208.7 208.8 209.6 210.8 211 211.2 211.3 211.1 210.8 210.6 209.8 208.7 207.7 206 205.4 203.3 201.9 199.4 198.8 198.6 198.8 202.3 205.5 204.6 200.7 199
196 200.8 203.6 206.8 209.5 210.5 211.8 212.7 212.2 211.7 210.9 209.6 209.1 209.8 212.6 213.9 214.9 216.7 219.2 218.9 218.4 218.6 219.6 219.8 217.7 214.5 211 213.7 220.3 218.5 216.4 216.6 218.8 219.4 220.5 222.4 222.3 222.1 222.1 222.2 221.9 221.6 221.2 221.1 218.3 215.9 214.1 212.8 212.3 212.4 211.3 210.6 210.9 211.7 212.8 214.1 214.5 214.6 214.5 214.3 214.1 213.4 212.8 211.9 211.8 211.2 208 206 202.6 201.3 202.1 201 200.4 212.8 209.5 203.5 202.6 202.1
200.3 204.6 207.3 210.4 213 214.4 215.5 216.2 215.7 215 214.2 212.6 213 214.5 216.5 219.3 220.3 221.6 224.7 225.2 223.4 223.1 222.5 221.4 220.4 218.8 217.7 218 218.4 218.4 219.2 220.2 220.7 224.7 223.5 223.6 223.5 223.4 223.3 223.5 223 222.2 221.5 219.6 219.1 218.4 216 213.8 213.2 213.4 212.9 213.3 213.4 214.8 216.4 217.3 217.9 217.8 217.7 217.2 216.2 215 214.4 213.8 211.7 210.5 209.1 208 207 206.1 207.3 204.1 207.6 210.9 208.8 206.6 205.6 205.8
207.1 210.5 213.1 215.6 217.3 218.5 218.2 219.7 219.3 218.9 218.8 217.8 219.1 221.1 220.5 223.6 227.5 228.5 231 229.9 228 227.1 226.1 224.9 223.6 223.1 221.7 221.4 221.7 222.4 225.2 226.3 227.7 227.2 225.1 224.7 224.6 224.6 224.5 224.7 224 222.4 220.1 219.1 219.1 218.5 216.9 215.3 215.5 215.7 217.1 217.6 218.2 218.9 220.1 221 219.1 219.4 219.5 219.3 217.7 215.3 214.2 213.7 211 209.4 209.8 210.3 210.2 208.9 210.2 207.7 213.3 211.7 210.9 211 211.8 211
212.3 215.8 218.5 221.2 222.2 222.6 223.4 224.2 224.9 226.1 225.9 226 227.3 228.8 228.4 231.4 231.7 232.3 232.2 231.7 231 230.9 229.5 228.6 227.6 226.3 225 224 224.7 227 228.9 231 231 229.8 227.1 225.4 225.7 225.7 224.1 223.1 222 220.8 219.7 219.1 219.1 219.3 218.8 218.3 218.6 219.7 221.1 222.5 223.9 224.5 225.1 226 225.1 221.9 222.7 221.8 218.9 215.5 214.1 214.8 213.4 213 213.5 214 213.2 211.9 212 210.1 214.6 215.8 214.5 214.6 216 217.2
