data/390000-1130000.asc
ncols 200
nrows 200
xllcorner 390000
yllcorner 1130000
cellsize 50
[rows 0 to 37 of 200, columns 84 to 167 of 200]
285.7 255.6 231.2 207.5 192.8 179.1 172.9 171 168 168.3 168.8 168.5 167.9 167.7 165.8 167.3 167 162.3 151.1 133.4 118 103.7 98.4 97.9 95.4 96.7 95.9 91.9 88.8 84.8 81.4 75.5 68.8 66.5 63.8 63.3 62.4 63.7 63.6 63.3 57.3 48.6 45.4 42.8 39.7 36.1 32.4 30.4 28.9 30.9 34.8 39.3 40.9 41.6 41.9 41.5 41.1 40.4 40.7 40.2 41.2 40.8 41.7 46.9 48.7 43.7 11.4 -0.5 -0.5 -0.5 -0.5 -0.5 -0.5 -0.5 -0.5 -0.5 -0.5 -0.5 -0.5 -0.5 -0.5 -0.5 -0.5 -0.5
297.2 271.3 247 226.9 209.1 194.4 182.9 177.8 176.7 175.1 177.8 178.4 176.2 175.9 178.5 180.9 182.6 174.9 161.9 146.6 131.8 116.1 115.2 115.7 116.9 118.9 117 110.7 104.4 98.8 93.1 84.4 76.3 72.7 69 67.9 68.3 67.4 66.8 67 65.1 55.3 48.4 43.2 39.4 35 32 30 28.9 29.6 33.5 38.7 40.9 40.8 41 41.1 39.2 40.3 38.9 39 39.2 40.4 43.9 47.4 47.2 46.5 22.5 33.3 -0.5 -0.5 -0.5 -0.5 -0.5 -0.5 -0.5 -0.5 -0.5 -0.5 -0.5 -0.5 -0.5 -0.5 -0.5 -0.5
315.4 287 265.6 246 230.7 218.6 208.1 200.9 195.8 194.4 195.5 196.8 197.5 200.6 204.5 205.9 204.6 195.8 182 165.5 150.3 138.8 143.4 146.1 147.3 147.7 140.9 135.1 128.8 121.6 112.7 104.5 95.3 85.9 80.6 78.4 75.3 74.2 70.4 71.2 71 61.5 52.6 43 37.4 33.4 31.3 30.9 28.9 29.2 32.2 37 41.2 40.1 39.3 37.2 38.5 38.3 37.9 37.8 38.6 39.8 41.9 44.8 44.4 43.3 44.6 27.5 -0.5 -0.5 -0.5 -0.5 -0.5 -0.5 -0.5 -0.5 -0.5 -0.5 -0.5 -0.5 -0.5 -0.5 -0.5 -0.5
330.7 312.6 290.8 272.1 256.7 245 234.1 226.3 222.7 220.4 219.6 221.4 223.9 228.2 229.8 234.1 230.9 219.2 202.6 184.6 169.4 161.9 170.1 178 182.1 183 177.5 168.4 159.3 148.3 139.9 131.3 120.8 109.8 102.2 97.2 90 84.9 80.2 76.6 73.9 67.9 55.3 43.7 35.9 32 30.4 29.6 28.9 28.9 31.4 35.5 37.5 36.5 34.1 33.8 35.9 35.8 36 36.8 37.8 39.5 40.4 41.6 41.6 42.3 43.3 44.8 -0.5 -0.5 -0.5 -0.5 -0.5 -0.5 -0.5 -0.5 -0.5 -0.5 -0.5 -0.5 -0.5 -0.5 -0.5 -0.5
331.5 331.5 319.9 303.1 285.6 272.4 263.2 254.8 250.9 247.8 245.8 247 251.8 257 259.9 264.4 260.5 245.1 224.2 202.6 185.9 179.1 182.2 186.5 190.2 192.5 194.3 189.3 183.7 176.1 169.3 158.8 148.3 140.7 133.4 124 113.8 104 92.2 86.1 79.5 73.6 57 43.1 34.6 30.3 29.4 28.5 28.8 28.9 31 31.9 34.1 33.8 33.5 33.6 33.7 34.4 35.3 36.1 37.7 39.5 40.6 40.9 41 42 43.7 43.1 41.3 38 -0.5 -0.5 -0.5 -0.5 -0.5 -0.5 -0.5 -0.5 -0.5 -0.5 -0.5 -0.5 -0.5 -0.5
327.7 327.7 325 320.6 315.3 308 295.9 285.4 281.7 278.3 276.6 276.7 280.7 285.5 289.5 295.6 286.7 266.7 239.9 213.8 194.3 186 187.1 190 194 194.8 194.7 191.9 184.3 177.5 171.4 169.2 163.7 157.1 150.8 147 133.8 123.2 110 99.6 89.3 77.9 57.6 41.4 33.1 28.8 28.2 27.9 28.3 28.8 32.1 34.9 32.4 32.4 32.8 33.2 33.6 34.8 36 36.6 36.7 38.7 41.2 41.2 41.2 41.7 43.3 44.9 42.5 38.9 -0.5 -0.5 -0.5 -0.5 -0.5 -0.5 -0.5 -0.5 -0.5 -0.5 -0.5 -0.5 -0.5 -0.5
317.9 317.3 314.9 313.3 312.5 319 322 317 310.5 307.3 305.8 304.8 310 315.2 320.1 314.4 292.7 269.4 245.3 219.7 197.7 188.8 189.8 193.5 195.5 194.8 193.8 189.2 180.2 172.3 166.1 163 161.2 160.1 155 150.9 145.4 134.7 128.1 112.9 97.1 82.6 58.1 39.2 31 28.3 27.8 27.8 28.4 28.9 32.6 35 33.2 31.8 32 32.9 34.1 37 37 36.9 36.9 37.7 39.7 41.2 41.2 41.2 44.5 44.9 44.8 39 -0.5 -0.5 -0.5 -0.5 -0.5 -0.5 -0.5 -0.5 -0.5 -0.5 -0.5 -0.5 -0.5 -0.5
306.4 306.4 304.6 305.8 308.8 317.9 333.7 349.4 344.8 339.4 336.3 338.3 344.2 352.3 356.4 328.8 297.6 272.3 248.1 223.1 202.6 194.7 194.3 196.9 197.7 195.2 191.3 184.4 175.5 166.4 160.2 157.4 154.4 152.3 150.1 148.4 146.2 141 139.2 126.1 100.6 82.8 58.9 34.9 28.3 27.2 27.2 27.8 28.3 29.2 33.3 34.5 34.5 34.2 31.6 33.4 36.6 37.8 37.8 37.8 37.8 38.2 38.7 40.2 41.3 41.8 44.7 45 43.9 38.6 -0.5 -0.5 -0.5 -0.5 -0.5 -0.5 -0.5 -0.5 -0.5 -0.5 -0.5 -0.5 -0.5 -0.5
295.5 294.8 295.1 299 305.8 320.7 340.1 360.5 371.4 375.4 375.7 377.3 379.2 373.4 357.6 332.5 302.8 274.5 250.9 226.8 208.8 201.1 199.1 200 199.6 194.8 187.2 179 168.9 160 156.2 152.1 150.3 148.5 147.9 145.9 145.9 145.9 140.8 129 98.9 78.5 53.3 31.7 24.3 25.7 25.9 27 28.2 28.8 31.7 37.2 38.5 35 32.8 35.8 38.9 38.8 38.7 38.5 38.9 38.1 37.2 38.9 41.2 41.3 42.8 43.9 43.3 38.4 33.2 -0.5 -0.5 -0.5 -0.5 -0.5 -0.5 -0.5 -0.5 -0.5 -0.5 -0.5 -0.5 -0.5
284.4 285 286.1 294.2 306.5 324.6 344.1 357.6 369.3 384.9 399.3 408.7 399.8 379.7 359.3 337 308.5 279.6 254.8 231 213.7 206.3 202.8 200.9 200.1 191.2 182.2 171.7 162.8 157.2 155 153.8 150.3 148.5 147.5 145.9 145.9 145.9 142.3 122.1 93.3 68.1 47.8 30.4 26.8 23.9 24.7 26.2 27.9 28.7 31.9 38.1 43.2 39.1 37.5 39.7 40.2 39.7 39.2 38.8 37.7 36.6 35.8 36.7 39.9 40.3 40.9 42.2 40.9 37.5 32.3 24.4 -0.5 -0.5 -0.5 -0.5 -0.5 -0.5 -0.5 -0.5 -0.5 -0.5 -0.5 -0.5
272.8 274.3 279.8 291.8 308 327.1 344 358.2 374.7 397.6 409.8 411.9 409.5 388.7 360.3 338.2 312 283.4 257.4 233.8 217 210.8 206.4 201.5 196.4 186.1 176.4 167.4 159.8 157.3 155.5 155.6 155.7 157.5 154.9 153.3 150 145.4 138.9 109.8 81.9 60.9 46.1 32.3 27.1 25.3 24.5 25.4 27.4 28.6 31.6 38.9 43.1 44.2 41.3 39 39.4 40.6 39.5 38 36.5 35.1 34.4 33.7 36.7 39.2 40 40.3 38.4 36.3 30.3 24.2 17.6 -0.5 -0.5 -0.5 -0.5 -0.5 -0.5 -0.5 -0.5 -0.5 -0.5 -0.5
262.4 267.7 276.6 291.6 309.4 327.3 343.7 363.2 382.9 397.3 402.1 401.9 400.2 393.9 365.1 338.5 313.9 287.9 259.3 234.5 219.5 211.1 204.8 199 190.8 182.1 175.1 168.4 164.8 163.1 160.8 165 176.2 180.6 180.6 175.9 167.9 153.1 134.6 106.7 80.4 62.1 47.7 35.2 28.4 26.7 25 24.9 25.6 27.5 30.9 37.3 41.4 45.5 42.3 37.4 39 41.2 39.9 38.5 37 34.7 32.9 32.4 31.5 34.6 37.2 37.3 36.4 34.4 30.1 24 -0.5 -0.5 -0.5 -0.5 -0.5 -0.5 -0.5 -0.5 -0.5 -0.5 -0.5 -0.5
253.8 262.7 275.4 292.6 309.7 326.8 346.7 368.4 385 392.2 392.1 390.3 388.1 387.3 370.1 342.2 315.1 289.1 261.1 235.6 218.3 210 206.8 203.5 199.4 192 184.8 178.8 178.6 179.9 183.5 193.6 203.7 208.5 210 206.5 193.4 172.3 146.4 124.8 95.6 72.9 53.7 39.1 30.6 27.5 24.9 23.6 23.9 24.4 28.6 33.9 38.4 41 42.4 41 40.8 41 39.9 38.4 36.2 33.7 31.3 31.1 28.9 30.5 32.2 33.2 33.1 32 28.2 21.6 -0.5 -0.5 -0.5 -0.5 -0.5 -0.5 -0.5 -0.5 -0.5 -0.5 -0.5 -0.5
248.4 261.3 275.7 291.7 309.3 327.4 350 370.9 378.3 380.6 379.5 376.6 375.7 376.3 373.8 344.4 319.8 292.4 264.4 240 224 221.1 221.6 219.2 215 208.3 199.9 197.8 199 205 211.5 221.6 231.6 240.7 244.7 242.1 221.3 193.7 166.5 140.8 115.2 86.2 64.5 46.6 34.6 29 25.3 23.2 23.4 25.1 26.9 31.3 33.7 37.2 40.1 40.8 39.9 38.6 37.4 37.5 36.7 35.1 32 30.8 29.2 27.6 29 28.7 30.4 28.8 25.8 19.4 -0.5 -0.5 -0.5 -0.5 -0.5 -0.5 -0.5 -0.5 -0.5 -0.5 -0.5 -0.5
245.2 260.3 275.6 291.9 309.7 331.6 355.7 365.4 370 369.1 366.3 362.7 363.1 364.4 365.6 352 323.1 295.6 271.1 249.6 241.8 241.8 244.2 240.6 232.5 226.5 221.1 223.1 226.4 233.2 241.4 250.8 262.9 273.3 280.5 272.2 244.9 216.3 186.8 158.2 132.3 105.2 78.4 57 36.8 31.8 25.8 23.2 24.2 26.4 28 28.6 29.8 32.7 36.2 39.3 37.7 35.4 34.1 35.2 35.1 33.7 32.6 30.9 26.9 23.8 24.1 24.1 25.8 25.8 22.5 15.7 -0.5 -0.5 -0.5 -0.5 -0.5 -0.5 -0.5 -0.5 -0.5 -0.5 -0.5 -0.5
245.1 261.3 277.2 294.5 313.5 340.6 356.3 359.9 358.7 355.9 353.1 350.6 350.3 352.3 354.2 353.1 331.4 304.9 285.2 271.2 268.8 272.8 277.9 271.9 263.6 257 256.2 256.6 262.2 267.1 276 286.6 298.5 309.6 318.3 295.8 265.4 237.4 208.3 178.6 150.7 123 94.6 66.4 42.6 33 28.5 23.7 22.6 25.7 26.2 25.6 26.5 29.4 32.9 36.1 35.4 33.6 31.3 29.2 30.5 30.6 29.6 28.6 25.8 21.1 19 20 21.1 22 20.2 12.7 -0.5 -0.5 -0.5 -0.5 -0.5 -0.5 -0.5 -0.5 -0.5 -0.5 -0.5 -0.5
245.9 263.2 280 299.3 322 338.7 350.1 350.2 347.2 343.9 339.8 337.7 336.5 338.1 343 345.9 344.2 322.2 303.6 295.9 294.4 300.4 305.2 305 301.2 297.4 295 295.8 300 307.9 318.3 325.8 333.7 338.3 341.7 317.2 284.5 256.2 227.7 197.5 167.9 140 110.1 78.2 54 34.8 29.4 24.2 21.2 24.6 24 23.3 22.4 24.7 29.7 32.6 33.4 31.8 30.2 28.8 27.5 27.7 27.2 26.8 26.1 21.8 21 18.3 15.9 17.2 14.5 8.2 -0.5 -0.5 -0.5 -0.5 -0.5 -0.5 -0.5 -0.5 -0.5 -0.5 -0.5 -0.5
247 266.3 283.2 304.8 333.2 339.3 340.6 338.2 335.5 331.6 327.2 324.4 323.3 326 331.1 335 337.9 340.2 329.7 323.4 319.6 323.9 327.4 330.5 328.8 326 323.5 321.1 317.7 316.8 319.6 321.6 324.4 328.4 331.8 329.6 305.3 273.7 245.1 215.3 183.9 155.6 126 93.8 64.5 39.6 26.3 22.2 19.7 21.1 21.6 20.9 19.3 20.4 25.8 29.5 31 29.5 27.9 26.5 25.6 25.2 25 24.9 23.6 21.3 18.8 14.6 9.6 10.8 9.7 3.2 -0.5 -0.5 -0.5 -0.5 -0.5 -0.5 -0.5 -0.5 -0.5 -0.5 -0.5 -0.5
249 267.5 287.1 313.2 328 331.8 329.3 326.4 323.7 319.4 314.5 311.1 309.7 312.2 318.4 324 327.9 329.8 330 329.7 330.5 333.1 336.8 340.3 339.7 338.3 328.4 324.4 314.3 308.1 310.6 313 313.4 317.4 320.2 321.6 322.3 291.2 260.1 229.6 199.2 168.9 137.6 104.4 73.5 47.6 28.3 22.1 19.7 18.6 21.3 18.5 16.9 18.4 20.2 26 30.3 28 25.5 24.6 23.8 22.9 22.8 22.7 21.9 20 16 11.3 6.6 1.2 1.1 -0.5 -0.5 -0.5 -0.5 -0.5 -0.5 -0.5 -0.5 -0.5 -0.5 -0.5 -0.5 -0.5
248.9 268.4 291.9 318.6 321.3 321.6 319.2 316 312.1 306.7 302.1 298.9 296.6 299.2 305.2 309.6 314.6 316.9 318.8 320.8 322.3 327.6 330.8 331.7 329.5 323.7 316.4 312.4 304.5 299.1 298.5 300.1 302 305.1 307.2 308.7 312.1 307.4 275.9 242.3 211.8 178.8 147.7 115.8 84.1 55.1 32.3 21.9 18.5 18.3 17.8 15.8 14.2 15.3 17.6 22.4 27.3 25.9 24 23.2 22.3 20.7 19.9 19.5 19.6 17.2 13.1 5.9 -0.5 -0.5 -0.5 -0.5 -0.5 -0.5 -0.5 -0.5 -0.5 -0.5 -0.5 -0.5 -0.5 -0.5 -0.5 -0.5
247.9 267.7 295.4 309.3 312.6 310.7 308.3 304.7 299.6 293.5 289.3 286.4 284.4 287.4 292.9 299.3 303.7 306.4 308.2 310.6 313.3 316.9 319.5 318.6 314.8 308.3 302.4 298.4 288.8 285.6 287.1 287.7 287.9 289.3 291.4 293.7 299.5 304 289.9 255.4 222 189.5 157.4 125.8 93.4 62.3 38.9 22.1 18.8 15.5 15.8 15.2 11.9 12.4 15.7 19.7 21 21.9 21.4 21.4 20.2 18.3 17.6 16.9 15.8 15 7.7 -0.5 -0.5 -0.5 -0.5 -0.5 -0.5 -0.5 -0.5 -0.5 -0.5 -0.5 -0.5 -0.5 -0.5 -0.5 -0.5 -0.5
242.1 266.4 294.3 300.1 301.1 299.1 296.6 293.1 287.2 281.1 276.3 273.2 272.5 274.5 280 286.7 291.4 294.2 295.6 298.2 301.5 304.2 305.6 303.5 298 292.2 285.9 280.3 275.3 273.4 275.4 275.4 275.3 275.8 277.8 280.8 285.7 292 295.6 263.7 228.5 197.1 166 133.9 99.6 69 44.5 24.8 20.6 15.1 15.1 15.1 12.2 10.3 13.8 13.1 11.7 14 13 13.9 15.1 16.2 15.2 14.4 13.2 11 -0.5 -0.5 -0.5 -0.5 -0.5 -0.5 -0.5 -0.5 -0.5 -0.5 -0.5 -0.5 -0.5 -0.5 -0.5 -0.5 -0.5 -0.5
234.6 261.1 284.2 290.7 289.6 287.4 284.2 279.7 274.5 268.5 262.9 259 258.2 261.4 266.6 273.7 278.7 281.7 282.7 283.4 284.5 286.8 287.2 285.1 279.6 274.1 268.5 264.5 261.8 261.7 263.4 262.7 262.7 263.1 263.9 266.2 273 280.9 283.8 270.1 235.9 203.2 172.9 141.8 106.5 75.7 50.6 28 21.6 17.5 16 15 13.2 9.7 11.6 10.8 9.2 9.7 8.8 10.3 12.3 12.4 12.5 12.1 10.7 -0.5 -0.5 -0.5 -0.5 -0.5 -0.5 -0.5 -0.5 -0.5 -0.5 -0.5 -0.5 -0.5 -0.5 -0.5 -0.5 -0.5 -0.5 -0.5
226.2 252.2 271.4 278.5 277.7 274.6 271 266.7 261.1 254.5 248.9 245.1 244.9 248 252.9 259.3 264.5 266.5 266 265.1 266.1 267 267.3 265.5 260.9 254.8 250.5 249.4 248.6 250 251.1 250 250.1 250.1 251.1 253.8 260.9 267.7 272.4 267.7 242.7 209.8 179 147.8 115.8 83 57.6 33.3 22.1 16.2 15 15.1 15.4 13.8 16 17.6 22 20.9 19.6 15.9 10.3 0.8 -0.5 -0.5 -0.5 -0.5 -0.5 -0.5 -0.5 -0.5 -0.5 -0.5 -0.5 -0.5 -0.5 -0.5 -0.5 -0.5 -0.5 -0.5 -0.5 -0.5 -0.5 -0.5
212 237.9 254.6 265.6 265.6 263.5 261 255.8 249 241 234.7 231.5 231.7 233.4 237.3 241.1 246.6 247.9 247.5 246.7 245.2 245.3 246.4 245.3 243.4 241.1 239.1 237.5 237.1 238.6 237.6 238.7 238.1 236.6 236.4 239.7 246.3 254 260.3 261.4 248.6 216.1 184.6 154.1 123.3 90.9 65 38.3 22.7 17.4 15 15 15.6 17.3 20.1 24.4 28.2 27.6 23.7 18.8 15 13.8 -0.5 -0.5 -0.5 -0.5 -0.5 -0.5 -0.5 -0.5 -0.5 -0.5 -0.5 -0.5 -0.5 -0.5 -0.5 -0.5 -0.5 -0.5 -0.5 -0.5 -0.5 -0.5
196.7 216.6 233.4 247.7 250.7 251.7 250.9 245.2 238 229 221 218.2 219.3 221.1 221.4 222.7 225.5 227.8 228.7 227.8 226.5 226.6 227.4 228.3 229.1 227.3 226.4 225 225.6 225.2 226.3 227.2 226.2 224.5 223.6 226 231.6 240.8 249.2 253.8 249.5 225.3 193.7 162.8 131 101.6 73.6 44.1 24.1 19.1 15 15 17.9 19 22.6 27.3 33.2 31 25.4 19.7 16.5 14.9 14 13.1 -0.5 -0.5 -0.5 -0.5 -0.5 -0.5 -0.5 -0.5 -0.5 -0.5 -0.5 -0.5 -0.5 -0.5 -0.5 -0.5 -0.5 -0.5 -0.5 -0.5
94.5 139.5 197.1 203.2 212 217.3 222.4 228.7 229.7 219.7 212.1 207.8 206.8 208 206.2 204.9 206 209.3 208.1 208.5 208.6 211.4 213.7 214.8 215 213.5 213.1 212.9 212.9 213.4 214.4 214.1 212.6 211 210.2 211.7 217.9 227.3 236.4 249.1 249.3 234.8 203.7 172.2 143.4 114.3 84.4 53.8 28.8 19.1 15 15 17 20.4 25.7 29.7 34.9 33.5 27.3 22.2 19 15.9 15.1 14.3 13.6 12 3.8 -0.5 -0.5 -0.5 -0.5 -0.5 -0.5 -0.5 -0.5 -0.5 -0.5 -0.5 -0.5 -0.5 -0.5 -0.5 -0.5 -0.5
39.7 55 60.6 73.6 158 171.7 173.8 179.9 185.9 197.7 200.4 197 194.2 191.2 192 186.6 187.1 187.3 188.6 192.6 194.4 197.1 200.2 202 201.9 200.1 199.8 199.7 200.7 201.4 201.2 199.6 198.2 197.8 196.9 199 204.7 215 227.2 243.6 249.2 238 217.4 184 154.1 125.5 97.3 65.3 36.1 21.2 15 15 17 20.9 27.7 32.3 37.8 36 30.6 26.1 20.8 17.5 15.7 15.1 13.8 14.4 10.3 -0.5 -0.5 -0.5 -0.5 -0.5 -0.5 -0.5 -0.5 -0.5 -0.5 -0.5 -0.5 -0.5 -0.5 -0.5 -0.5 -0.5
-0.5 1.4 16.1 19.3 39.2 55.8 96.3 142.8 150.9 160.4 163.7 163.8 165.1 166.8 166.3 165.6 166 170.3 174.2 179.1 182.2 184.7 186.6 188.1 188.3 186.4 185.7 186.3 187.8 187.6 187.3 187.3 185.5 184.8 184.8 185.9 192.4 203.3 219 235.3 243.4 235.5 225.7 197.7 169.1 137.4 109.9 75.9 43.6 24.6 16.2 15 15.6 19.1 26.3 32.9 38.1 38.2 35.2 29.7 24 18.8 16.8 15.3 12.5 12.8 9.9 -0.5 -0.5 -0.5 -0.5 -0.5 -0.5 -0.5 -0.5 -0.5 -0.5 -0.5 -0.5 -0.5 -0.5 -0.5 -0.5 -0.5
-0.5 -0.5 -0.5 -0.5 -0.5 13 38.3 57.8 118.9 126 131.6 133.3 136.8 146.7 150.5 148.3 150.3 154 159.2 163.9 166.4 168.9 171.2 173 173.3 172.8 171.3 172 172.5 173.4 173.1 172.6 172.9 172.3 169.9 172.2 178.1 190.9 207.1 221.8 235.7 231.5 224.3 209 181.3 152.7 123.5 89.3 53.1 30.4 19.4 15.3 16.9 18.5 24.3 30.5 38.2 41.2 38.9 32.8 27.2 22 16.8 15.7 -0.5 -0.5 7.6 -0.5 -0.5 -0.5 -0.5 -0.5 -0.5 -0.5 -0.5 -0.5 -0.5 -0.5 -0.5 -0.5 -0.5 -0.5 -0.5 -0.5
-0.5 -0.5 -0.5 -0.5 -0.5 -0.5 -0.5 15.6 24.9 31.6 93.5 100.5 100.6 110.3 120.4 127 132.1 136.5 140.1 144.4 148 150.8 154 156.5 156.2 155.1 153.8 152 154.8 157 157.7 157.5 158.7 156.9 155.4 158.5 165.4 177.9 192.5 206.5 222.2 222.9 217 208.2 193.6 167.2 136.3 102 65.3 39 23.9 17.5 17.7 17.7 20 30.1 38 41.5 39.7 35.3 30.7 25.8 19.5 -0.5 -0.5 -0.5 0.8 -0.5 -0.5 -0.5 -0.5 -0.5 -0.5 -0.5 -0.5 -0.5 -0.5 -0.5 -0.5 -0.5 -0.5 -0.5 -0.5 -0.5
-0.5 -0.5 -0.5 -0.5 -0.5 -0.5 -0.5 -0.5 -0.5 -0.5 -0.5 28.4 74 80.2 85.7 94.6 108.2 116 119.5 122.2 126.2 129.5 132 134 134.8 134.6 134.8 131.4 134.3 136.1 138 139.3 142.5 142.1 140.4 144.4 152.4 164.4 176.6 189.6 206.4 209.1 207.1 202.6 194.9 180 150.7 116.2 78.5 49.8 29.1 20.3 18.2 18.2 18.7 27.2 37.2 41.2 40.8 37.8 33.8 29 24.2 -0.5 -0.5 -0.5 -0.5 -0.5 -0.5 -0.5 -0.5 -0.5 -0.5 -0.5 -0.5 -0.5 -0.5 -0.5 -0.5 -0.5 -0.5 -0.5 -0.5 -0.5
-0.5 -0.5 -0.5 -0.5 -0.5 -0.5 -0.5 -0.5 -0.5 -0.5 -0.5 -0.5 8.6 47.3 68.6 72 82.3 94.5 98.6 99.8 104.1 106.1 107 109.6 111 110.9 109.5 108.5 110 112.2 116.5 118.6 120.5 123.1 124.1 129 136.4 146.8 157.8 170.2 183.3 191.4 191.6 193.5 192 185.5 164.4 130.6 92 59 36.6 24.6 19.8 19 18.8 25 32.9 40.7 41.1 38.4 36.4 32.1 27.6 24 -0.5 -0.5 -0.5 -0.5 -0.5 -0.5 -0.5 -0.5 -0.5 -0.5 -0.5 -0.5 -0.5 -0.5 -0.5 -0.5 -0.5 -0.5 -0.5 -0.5
-0.5 -0.5 -0.5 -0.5 -0.5 -0.5 -0.5 -0.5 -0.5 -0.5 -0.5 -0.5 -0.5 -0.5 10.5 68.3 76.8 80.9 83.8 85.8 88.9 90.3 87.8 91.4 93.5 93.5 91.9 91.2 90.3 91.3 93 96.7 100.9 102.7 104.9 111.2 119.5 128.5 138.9 149.3 159.5 167.2 171.8 178.7 183.7 181.6 169.7 141.4 103.3 70 46.1 31.2 23.6 20.6 20.5 25.5 30.7 39.2 40.8 40 38.4 35.2 31.6 29 -0.5 -0.5 -0.5 -0.5 -0.5 -0.5 -0.5 -0.5 -0.5 -0.5 -0.5 -0.5 -0.5 -0.5 -0.5 -0.5 -0.5 -0.5 -0.5 -0.5
-0.5 -0.5 -0.5 -0.5 -0.5 -0.5 -0.5 -0.5 -0.5 -0.5 -0.5 -0.5 -0.5 -0.5 -0.5 14 72.4 75.2 75.9 76 78.8 81 78 80.4 82.6 81.2 78.5 76.5 76.9 75.7 77.5 80.5 82.4 85 88.3 93.3 99.2 108 118.1 128 136.8 145 151.4 159.9 168.8 171.7 166.7 149.5 116.8 82.3 56.9 40.1 29 23.4 23.2 25.9 28.8 36.2 40.7 41 40.5 39 36.9 35.5 36.4 34.1 33.7 33.1 -0.5 -0.5 -0.5 -0.5 -0.5 -0.5 -0.5 -0.5 -0.5 -0.5 -0.5 -0.5 -0.5 -0.5 -0.5 -0.5
-0.5 -0.5 -0.5 -0.5 -0.5 -0.5 -0.5 -0.5 -0.5 -0.5 -0.5 -0.5 -0.5 -0.5 -0.5 -0.5 31.8 63.9 74.7 72.5 72.6 73.8 73 73 74.8 72.3 69.9 68.6 67.8 65 65.9 67.5 70.1 71.8 74.3 77 79.3 87.6 97.7 108.8 117 126.2 133.6 141.1 149.3 155.8 153.9 147.8 127.9 95.8 66.9 49.2 36 28.5 26 27.7 28.8 34 39.8 40.9 40.8 41.2 40.9 39 37.8 36.6 34.5 -0.5 -0.5 -0.5 -0.5 -0.5 -0.5 -0.5 -0.5 -0.5 -0.5 -0.5 -0.5 -0.5 -0.5 -0.5 -0.5 -0.5
-0.5 -0.5 -0.5 -0.5 -0.5 -0.5 -0.5 -0.5 -0.5 -0.5 -0.5 -0.5 -0.5 -0.5 -0.5 -0.5 -0.5 24.5 71.1 70.6 69.5 68.3 68.3 68.5 68.4 65.8 63.2 62 60.8 59.6 59.7 59.8 62.1 64.5 66.3 66.3 67.1 72.5 80.1 90.3 98.4 106.3 115.1 123.1 131.2 138 141.8 139.6 133 106.8 79.6 58.7 43 34 30 29.8 30.2 32.9 37.7 40.3 41.1 41.2 41.2 40.8 38 35.7 36.7 -0.5 -0.5 -0.5 -0.5 -0.5 -0.5 -0.5 -0.5 -0.5 -0.5 -0.5 -0.5 -0.5 -0.5 -0.5 -0.5 -0.5
-0.5 -0.5 -0.5 -0.5 -0.5 -0.5 -0.5 -0.5 -0.5 -0.5 -0.5 -0.5 -0.5 -0.5 -0.5 -0.5 -0.5 8.2 68.1 68.9 68.6 67.8 67.7 68 64.9 61.8 59.5 58.1 57.6 57.2 57 57.1 58.7 60.1 59.4 57.9 58.5 60.5 66.5 76 83.9 89.1 97.5 107.1 114.3 123 128.7 129.9 126.4 114.2 89.4 68.8 52.6 41 35.9 34.1 32.6 33.3 37.9 39.9 40 39.5 40.8 -0.5 -0.5 37.9 -0.5 -0.5 -0.5 -0.5 -0.5 -0.5 -0.5 -0.5 -0.5 -0.5 -0.5 -0.5 -0.5 -0.5 -0.5 -0.5 -0.5 -0.5
