data/390000-200000.asc
ncols 200
nrows 200
xllcorner 390000
yllcorner 200000
cellsize 50
[rows 140 to 174 of 200, columns 78 to 155 of 200]
178 176 175.5 174.9 174.3 174.6 174 173.4 172.9 174.3 174 174.1 175.2 176 176.3 176.1 176 175.9 176.7 177.7 177.8 177.8 179.3 181.5 183.9 185.8 187.5 189.1 190.8 192.4 193.7 193.2 192.7 193.3 192.7 191.9 191.1 190.1 188.9 187.8 186.7 185.7 184.5 183.4 181.6 178.2 176.8 179.3 178.6 172.8 176.8 181.3 181.9 180.8 179.7 180.4 180.1 178.8 177.5 175.8 175.7 174.7 172.9 171.3 169.5 167.7 166.5 165.2 165.9 165.8 165.1 163.3 161.4 159.6 159.1 159.4 159.5 160
180.5 179.2 178.6 177.7 176.7 175.6 174.7 173.7 173.1 173.3 173.1 173 173.9 174.8 175 174.6 174.4 175 176.2 175.6 175.3 177.4 179.3 181.3 184.2 185.7 187.1 188.7 190.4 191.9 193 193 193 193.1 192.3 191.6 191 190.3 189.2 188.1 187 185.9 184.8 183.7 181.9 179.4 175.4 176.1 176.8 171.8 175.7 180.2 181.8 180.3 179.7 180 179.2 178.3 175.9 175 174.6 174.5 173.4 171.2 169.5 167.7 165.9 164.6 164.8 165.8 165.4 164.4 163.8 162.3 160.6 158 157 157.8
180.1 179.3 178.3 177.1 175.8 174.6 173.6 172.8 172.1 171.8 171.6 171.9 172.7 173.4 173.7 173.1 172.9 174.3 174.9 174 174.5 177.1 179.7 181.8 184.3 186.1 187.2 188.4 190 191.4 192.3 192.1 192.7 192.8 192 191.3 191 190.5 189.5 188.3 187.2 186.1 185 183.9 182.2 180 176.6 173.3 175 171.7 175.2 178 179.6 179.6 179.6 179.7 178.2 177 175.7 173.9 173.5 173.3 172.9 170.5 169.8 167.6 165.5 164.2 163.9 165.2 166.2 165.5 164.9 164.4 162.9 161.5 159.4 156.6
179.5 178.5 177.1 175.8 174.5 173.4 172.4 171.4 170.5 170.2 170.6 171 171.5 171.9 172.3 171.5 171.6 172.4 172.7 173.6 176.2 178.5 180.5 182.6 185 186.3 187.6 188.7 189.8 190.7 191.6 191.3 191.6 192 191.8 191.4 191.1 190.5 189.6 188.5 187.4 186.3 185.2 183.8 182.1 180 177.2 173.7 170.3 171.4 174.5 177.3 178.5 178.9 179.2 179.2 177.4 175.5 173.8 172.7 172.2 172.3 172.1 170.5 169.6 167.7 165.6 164 163.8 164.6 165.6 165.1 164.7 164.3 163.7 163.5 162.5 160
178.1 177 175.8 174.5 173.2 172.1 171.2 170.2 168.9 168.3 168.7 169.3 169.9 170.5 170.6 169.7 170.2 169.2 172.4 175.5 177.8 179.9 181.5 183.7 185.3 186.6 187.4 187.6 188.5 189.5 190.5 190.4 190.4 191 191.4 191.1 190.9 190.3 189.4 188.1 187.3 186.5 185.2 182.8 181.1 179.5 176.8 173.4 169.8 170.3 173.8 176.9 178.6 178.9 178.7 178.7 176.5 173.8 172 171.1 169.9 170.2 170.3 169.3 168 166.7 165.3 163.4 163.4 164.1 164.5 164.4 164.6 164.8 162.6 163.2 163.1 162.5
176.7 175.6 174.4 173.2 171.9 170.9 169.5 168.2 166.8 166.2 166.8 167.5 168.2 169 168.3 166.9 167.8 170.4 174.1 177 179 180.9 182.6 184 185.2 186.5 187.1 187.2 187.3 188.4 189.4 189.3 189.6 190.5 190.8 190.6 190.4 189.9 189.1 188 186.7 185.5 183.8 181.7 180.1 178.1 175.8 172.7 169.3 169.6 173.6 176.6 178.4 179.1 178.9 178.1 175.7 172.9 171.7 170.1 168.2 167.6 167.5 166.8 165.9 164.9 163.4 162.1 162.9 163.8 164.3 164.5 164.7 164.8 163.3 162 163.4 163
174.7 174.2 173 171.8 170.3 168.8 167.5 166.1 164.8 164 164.9 165.7 166.5 167.1 165.9 166 167.9 172.8 175 177.2 178.8 180.6 182.4 183.8 185.2 186.4 186.7 186.8 186.7 187.2 188.2 188.3 188.8 189.3 190.7 190.5 190.2 189.4 188.7 187.9 186.6 184.8 182.7 180.6 178.7 176.5 174.3 170.9 167.7 169.7 174.4 176.9 178.4 178.7 177.5 176.8 175.7 173 171.8 169.7 167.5 165.2 164.9 164.6 163.7 162.9 161.4 161.2 162.9 164.2 164.7 164.9 164.7 164.1 163.5 162.3 162.2 162.1
172.6 172.3 171.6 170.1 168.5 166.9 165.4 164.1 162.8 162.1 162.7 163.6 164 164.4 163.5 165.1 169.8 172.6 174.8 176.5 178.1 179.9 181.6 183.1 184.5 185.4 185.4 185.2 186 186.1 187 187.4 187.9 188.5 189.1 189.5 189.8 189.1 188.3 187.5 186.5 184.3 182.6 180.6 177.9 175.5 172.9 169.3 166.3 170.4 174.3 176.7 178 178.2 177.2 176.1 175 173 171.4 169.3 167.2 165.5 164.1 162.9 161.8 161 159.9 160.6 163.6 164.2 165 164.5 163.8 163.3 162.9 162.2 161.7 161
170.3 170.3 169.7 167.9 166.3 164.7 163.6 162.3 160.9 160.5 160.5 161.1 161.5 161.9 162.2 165.6 168.9 170.6 173.1 175.6 177.4 179 180.7 182.3 183.7 183.7 182.9 182.8 184.9 187 188 188.1 188.5 188.9 188.3 189.1 189.3 188.8 188 187.2 186.3 185 182.9 180.9 178.8 176.2 172.4 168.7 164.8 170.4 174.2 176.5 177.7 177.8 176.8 175.7 174.5 172.8 171 169.1 167.5 165.8 164.3 162.9 161.6 160.2 159.4 162.1 164.4 164.6 164.2 163.8 163.3 162.9 162.5 161.8 161 160.2
167.5 167.1 166.5 165.5 164 162.7 162.1 160.5 159.9 159 159 159 159.7 159.8 161.3 164.5 167.2 168.5 171.2 174.2 176 177.6 179.5 181.2 182.2 181.2 180.3 182.6 185.3 187.4 188.3 188.3 188.3 188.2 187.9 188.2 188.7 188.3 187.7 186.9 186.1 184.7 182.7 180.6 178.7 176.5 172.9 168.7 163 170 173.9 176 177.7 177.3 176.4 175.3 173.9 172.1 170.7 169.1 167.4 165.8 164.1 162.7 161.3 159.6 162.3 166.1 166.5 166.3 165.5 164.5 163.7 163 162.1 161 160.4 159.8
169 166.8 165.2 164 162.9 162.1 161.6 160.8 160 159.1 158.3 159.2 157.9 158.3 159.9 162.7 164.6 166.3 169.5 171.9 173.7 175.4 178.1 179.7 180.7 179.5 178.2 182.4 185 186.7 187.4 187.8 188.4 187.9 187 186.6 187.4 187.3 186.7 185.9 184.9 184.1 182.5 180.6 178.6 176.4 173.7 170.1 163.6 168.4 173.5 175.5 177.1 176.4 175.8 174.1 173.3 171.4 170.2 168.9 167.2 165.5 163.9 162.4 160.9 158.6 162.4 165.7 166.6 166.8 165.3 164.2 163.4 162.7 161.3 160.1 159.5 158.7
172.5 170.9 169 167.7 166.4 165.3 164.1 163.3 162.1 161 160.1 158.5 156.6 156.9 157.6 159.6 160.6 163.2 164.8 167.1 171.1 173.8 176.5 177.8 178 175.5 177.4 182 183.7 184.7 185.6 186.2 186.4 186.8 185.3 184.4 185 185.6 184.9 184.3 183.6 182.5 181.4 179.8 178 176.2 174.2 171.2 164.6 166.2 173.4 175.3 176.3 176.1 175.2 173.3 172.8 170.9 169.7 168.5 166.9 165.3 163.7 161.9 159.5 157.5 162.4 164.3 164.9 165.6 164.2 163.1 161.4 159.7 158.6 157.7 157.2 157.1
178.8 176.7 174.6 173.1 172.2 170.5 168.5 166.8 165.4 163.3 162 160 158.5 156.8 156 155.9 156.1 156.6 157.8 159.9 164.5 170.5 173.6 174.6 174 169.7 175.5 179.8 181.5 182.3 182.9 182.7 183.4 183.8 184 182.2 180.8 183.1 183 182.3 181.5 180.8 179.6 178.7 177.1 175.6 173.3 170.9 165.6 165.7 173.2 175.3 175.5 175.8 174.9 173.8 172 170.7 168.7 167.9 166.7 165.4 164 160.9 157.4 156.3 161.5 162.5 163.2 164 163.1 161.8 160 158.2 156.6 155.6 155.4 155.2
182.9 181.7 179.7 178.4 177.3 176.1 173.1 172.2 171.2 169 167.1 165 163.3 161 159.5 158.7 157.8 155.4 154.7 153.2 155.7 160.5 168.2 170.4 168.1 167.1 172.9 175.7 177 178.4 178.5 178.1 179.5 179.9 180.6 179.5 177.9 178.6 179.8 179.2 178.6 178.7 177.5 176.6 175.2 173.9 171.8 168.7 164.4 166.3 171.9 174.1 174.6 174.3 173.6 172.1 170.3 169.1 167.8 167 166.6 165.9 163.5 160.1 156.4 154.6 158.6 160.2 161 162.4 161.7 160.5 158.7 157.1 155.5 153.9 153.8 153.7
184.5 184.1 182.5 181.2 180.1 178.8 176.6 175.9 175.7 174.3 172.4 170.9 170.3 168.6 165.9 164.4 164.7 163.1 162.2 159.6 155.1 152 156 160.6 160.7 162.3 166.3 169.2 170.8 172.3 173 172.7 173.9 175.4 175.9 176.3 175.2 174.7 175.7 175.2 175.6 175.3 174.4 173.9 173.1 171.8 170 167.8 163.3 166.3 170.7 173.1 173.6 173 172.1 170.4 168.7 167.4 166.6 166.1 165.3 164.5 162.8 159.3 155.4 151.9 156 158.3 160.7 160.6 159.9 159.1 157.5 155.9 154.4 152.6 152.3 152.2
185 184.2 183.4 182.4 181.4 181.1 180.3 178.7 177.7 176.7 175.6 174.2 172.9 171.4 170 169.1 169.7 169.2 168.6 167.1 163.1 158.2 153.1 150.8 152.5 152.4 156.7 160.7 165.6 166.9 167.2 167.4 168.3 170 170.8 171.1 171.3 170.6 171.4 172.2 173 172.4 171.8 171.3 170.7 169.7 168 166.3 162.4 164.4 169.6 171.8 172.2 171.5 170.2 168.5 166.9 166 165.2 164.4 163.5 162.6 161.4 158 154.4 150.7 156.4 158.5 159.1 158.9 158.2 157.6 156.2 154.7 153.1 151.5 151.1 150.9
184.6 183.9 183.1 182.3 181.3 180.6 180.1 182.5 177.8 177.3 176.2 174.9 173.8 172.7 172.1 171 170.1 169.6 168.8 167.7 166.4 163.9 159.9 154.7 152.9 149.8 147.7 153 159.4 161.6 162.2 162 163 164.6 165.7 166.4 167.4 167.9 168.2 168.5 170.1 170 169.5 168.8 168.1 167.3 165.5 163.1 157.2 163 167.5 169.6 169.3 169.1 167.4 165.3 164.2 163.5 162.6 162.3 161.3 160.4 159.1 156.4 152.8 149.7 156.4 157.8 158.1 157.5 156.9 156.2 154.5 152.8 151.2 150.4 149.9 149.7
183.7 183 182.4 181.8 181.1 180.1 179.1 178.4 177.9 176.7 175.8 175 173.1 171.5 170.7 169.9 168.7 168 167.4 166.4 165.3 164.2 163.4 159.6 158.5 156.4 151.3 146.4 153.1 157.4 157.3 156.9 157.9 159.4 161.1 162.7 164.1 165.2 165.9 166.3 167.3 167.8 167.4 166.7 165.8 164.5 163.3 159.7 158.4 161.3 164.3 165.6 165.5 165.6 164.1 162.4 161.5 160.8 160.1 159.9 158.9 157.4 158.7 155.2 151.6 148.8 155.6 158.3 158.2 157 156.3 155.4 153.5 151.6 149.8 149.3 149.2 149.2
182.6 181.5 181 180.7 180.2 179.3 178.7 177.8 176.8 175.6 175.3 175.2 172.1 170.5 169.6 167.1 166.1 163.5 162.3 162.8 163.1 162.8 161.7 160.5 159.4 157.8 155.4 147.1 148.4 155 154.4 153.1 155.3 158.3 159.7 161.3 162.3 163.7 165 165.6 165.1 165.3 165.3 164.3 163.4 162.1 160.6 158.6 157.5 157.9 159.4 160.8 161.9 161.9 160 159.4 158.7 158.1 157.4 156.3 154.8 153.2 154.3 152.8 149.8 149.2 155.6 156.7 157.3 156.5 155.7 154.1 152.3 150.5 148.8 148.2 147.2 148
181.2 179.9 179.6 179.3 179.4 178.4 177.4 176.4 175.4 174.6 176.5 175 172.3 169.5 166.6 162.9 161.1 159.2 157.3 155.6 157.6 158.9 159 158.1 158.1 156.8 154.8 147.8 146.8 149.5 152.4 157.8 158.7 159.9 160.9 162 162.4 162.9 164 164.7 164.1 163.4 162.8 162.2 161.1 159.8 159.3 158.5 157.1 155.1 154.4 155.3 156.6 156.7 155.4 154.6 154 153.2 152.4 151.1 149.3 148.9 148.5 149 146.8 147.9 153.9 153.8 154 152.9 152.8 152.6 150.5 147.5 146.3 145.2 145.7 146.5
179.3 178.4 178.1 178 177.7 176.7 176 175 173.9 173 171.4 170.3 169.5 159.5 156.6 161.1 165 164.8 162.9 158.8 154.3 151.2 151.3 152.1 152.7 153.6 153.2 146.9 145.9 151.2 156.8 159.9 160.3 160.8 161.4 162 162.5 163 163.4 163.2 162.5 161.8 161.1 160.2 159.6 158.9 159.6 159 157.8 156.5 155 153.9 152.1 150.5 150.5 149.5 149.3 148.6 147.2 146.8 147 147.7 147.2 145.9 144.7 143.1 146.2 149.5 149.9 149.5 148.7 148.9 147.1 144.9 143.6 142.1 143.6 146.4
179.5 177.3 175.9 175.9 175.8 174.8 173.9 173.1 172.4 171 169.3 167.3 165.9 163.8 163.9 166.8 167.7 166.6 164.9 162.9 158.9 155.8 152.6 149.8 147.3 145.6 145.4 144.5 148.7 155.9 158.9 160.3 160.8 161 161.5 162 162.5 162.7 163 162.4 161.6 160.9 160.1 159.4 159.2 158.8 158.7 158.6 158.8 158.6 158.1 157 156.8 155.2 154.2 154 153.7 154 153.6 153.8 153.7 153.5 153.3 152 148.9 146.8 144.6 142.5 140.8 140.4 140.8 141.6 141.1 140.8 140.2 139.5 141.7 144.1
178.9 176.7 175 173.7 173.6 172.4 171.7 170.7 169.6 168.3 166.4 165.5 165.2 165.7 166.1 167.1 167.6 168.1 165.9 163.8 161.5 159.9 157.3 154.6 152.1 149.8 145.6 142.3 152 157.6 159 159.6 160.4 160.9 161 160.7 160.7 160.6 161.5 161.3 160.7 159.9 159.2 158.6 159.1 159.2 158.2 158.7 158.8 158.7 158.2 158.2 157.9 157.5 157.5 157.4 157.2 157.1 157.2 156.8 156.4 155.8 155.3 154.6 152.8 151.4 149.9 148.2 146.2 144.8 144 143.3 141.3 140.7 139.3 137 136.2 140.1
178 176.3 174.6 172.7 172.1 171.2 169.8 168.6 167.8 167.6 167.5 168 166.7 166.4 165.8 166.3 166.1 167.4 166.5 164 160.7 159.6 157.7 156 153.6 150.7 146.3 141.5 151.1 156.6 158.2 158.9 159.4 159.7 159.9 159.2 159.1 159.6 160.1 160 159.5 158.9 159.1 159.1 159.3 159.4 158.7 158.8 158.8 158.7 158.5 158.2 158.3 158.1 158 157.6 157.6 157.6 157.3 156.9 156.5 156.1 155.7 155.6 155.4 154.8 154.3 153.4 152 150.2 149.1 147.5 145.6 144.5 142.5 139.4 138.4 137.4
178.4 176.9 175 174.1 173.7 172.4 171.4 169.9 169 169.2 168.7 167.3 166.1 165.5 165.4 165.1 165.1 164.9 163.7 161.2 160 146.9 150.1 155.8 152.5 149.4 145.3 140.8 149.9 154.4 156.2 157.5 158 158.3 158 157 157.4 158.2 159 158.9 158.3 156.7 157.6 158.3 158.3 158.8 158.7 159.1 159 158.4 158.1 158.1 158.4 158 157.5 157 157.2 157.4 157.4 156.9 156.5 156.1 156 156.1 156.4 155.7 154.9 154 153.2 152.4 151.1 149.6 148 145.6 144 141.4 138.1 137.3
178.6 177.2 176.3 175.7 174.9 173.5 172.5 171.3 170.6 169.8 168.1 166.4 165.3 164.5 164 163.5 163.3 162.9 162.1 160.6 159.1 157.2 155 145.5 150.8 148.1 143.9 140.3 149.2 151.8 153.6 154.9 155.9 156.1 155.5 155.3 155.5 156.5 158.4 158.6 156.7 154.5 155.3 157.1 157.5 157.9 158.4 159 158.9 158.2 157.8 158 158 157.5 157 156.6 156.8 156.8 157.1 156.9 156.5 156.3 156.5 156.6 156.4 155.8 155.1 154.5 153.6 152.3 150.5 148.8 147.2 145.2 143 141.1 140 140.6
178.7 177.5 177 177 176 174.6 173.7 172.5 170.9 170.1 168.3 166 163.9 162.3 161.1 160.4 159.4 159.1 158.8 157.8 156.6 155 152.8 150.7 148.3 144.4 141.7 140.1 146.7 147.8 150.3 151.6 152.9 152.6 152.7 153.1 153.4 154.7 156.8 159.3 155.1 151.6 151.7 153.9 156.2 156.6 157.4 157.9 158.1 158.3 157.6 157.8 157.5 157 156.5 156.2 156 156.2 156.6 156.9 156.7 156.8 156.7 156.5 156.2 155.5 154.8 154.1 153.4 151.6 149.9 148.4 147.2 145.1 143.3 142.5 143 143.7
178.9 178.3 177.8 177.6 176.8 175.7 174.7 173.2 171.7 170.2 168.7 166.3 163.9 161.6 160.5 160.1 159.3 158.3 155.5 152.3 151.8 150.5 150.1 148.4 145.5 142.5 139.7 143.2 138.2 142 146.7 147.9 149.1 150.3 150.5 150.4 150.3 151.6 151.8 154 155.2 150.6 146.6 149 151.9 155.1 155.4 155.6 156 156.4 157.8 157.4 156.9 156.4 156 155.6 155.3 155.7 156 155.9 156.4 156.6 156.4 156.1 155.9 155.2 154.5 153.8 153.1 151.9 150.7 149.4 147.6 146.7 145.6 145.2 145.8 146.5
179.7 179.2 178.6 178 177.3 176.5 175.5 174 172.7 171 169.5 167.1 164.1 162.8 162.3 162.8 162 160.9 157.6 153.6 149.7 147 147.5 145.6 143 142.8 146.8 144.7 140.3 142.3 140.6 145.4 147.1 148.8 149.1 148.8 146.1 147.5 149 150.7 152.3 150.5 145.1 143.1 147.9 151.1 153.1 153.1 153.3 153.8 155.4 156.1 155.8 155.3 154.6 153.7 154.4 154.3 154.3 154.5 155.1 155.5 155.9 155.7 155.5 154.9 154.2 153.6 153.6 152.7 151.8 150.3 148.6 148.2 147.8 148.1 148.6 148.9
180 179.5 179 178.3 177.6 177 176.3 175.1 173.7 172.2 170.9 169.5 166.6 165.7 165.4 165.3 163.6 161.9 158.6 154.7 150.9 148.8 147 146.1 145.6 146.6 148.1 147.2 144.4 138.6 138.3 141.8 143.1 144.6 146.7 147.1 144.8 145.2 147.4 148.5 149.3 148.8 146.5 141.5 143 147.5 148.6 150.5 151.2 152.1 153.3 153.2 153.8 152.5 151.2 151.3 151.8 151.8 151.9 152.4 153.8 154.3 154.5 154.9 155.1 154.6 154.2 154.1 154 153.1 151.8 151 149.6 149.2 149 149.4 149.8 150.3
179.8 179.3 178.8 178.2 177.6 177.3 176.7 175.9 174.9 173.5 172.2 170.9 169.3 168.8 168.4 167.7 166.5 164.3 161.4 158.4 155.3 151.8 149.5 149.8 150.1 150.4 149.1 147.4 144 140.9 138.7 135.5 137.2 140.3 141.1 141.7 141.5 142.5 145 146 146.6 146.1 145.6 141.7 138.3 141.5 144 146 148.7 150.5 150.3 149.7 150 148.4 148 148.4 149.4 149.4 149.8 151.3 152.7 153.6 153.8 154 154.3 154.4 154.6 154.5 153.6 152.5 151.3 150.3 150.2 150 149.6 150.1 150.5 150.8
179.5 179.1 178.5 177.4 177.5 176.9 176.5 175.9 175 173.8 172.9 172.3 171.7 171.4 170.9 169.9 168.9 167.4 165.6 163.1 160.3 157.3 155.8 154.9 155.2 155 153.5 152.2 151 148.7 147.5 143.3 137.8 135.6 136.4 137.2 138.4 138.2 139.4 140.5 141 141.3 142.4 140.7 137.1 136.1 137.8 140.6 144.1 147.7 147.5 146.1 146.5 146.9 145.9 145.3 146.1 146.6 148.2 150.1 151.6 152.6 153.1 153.2 153 153.1 153.9 153.7 152.9 151.9 150.7 149.6 149.7 150.3 150.3 150.7 150.9 151.3
178.9 178.8 178 176.8 176.2 176.7 176.1 175.6 175.3 174.5 173.7 172.9 172.5 172.7 172.2 171.6 170.4 169 167.4 165.8 163.6 160.7 161.1 161.2 160.9 159.5 158.7 157.5 154.7 153.7 153.1 150.9 145.1 139.7 138.1 136.9 134.3 133.5 132.8 134.8 136.1 135.9 136.6 137.5 136.9 133.5 131.1 132.1 136.9 141.2 143.4 142.4 143.1 141.9 140.4 142.2 145.1 144.8 146.2 148.3 150.4 151.5 152.5 152.3 152.2 152.4 153.5 152.9 152.1 151.2 150.1 148.9 149.4 150 150.6 151 151.2 151
177.7 177.8 177.5 176.2 175.7 175.5 175.1 174.7 174.4 174.3 173.7 173.2 173.3 173.1 172.7 172 171 170.1 168.7 167.3 166 164.6 164.6 164 163.7 163.3 162.6 159.4 157.4 156.3 155.6 154.9 152.4 147.1 144.6 142.9 141.6 140.3 137.8 135.2 133.2 131.3 134.5 134.1 135.6 135.3 132.6 130.1 127.1 129.4 135.9 135.3 134.8 138.7 143.2 145.8 147.1 147.7 148.7 149.8 150.8 151.3 152.2 152.2 151.9 151.8 152.8 152 151.2 150.4 149.4 148.3 148.5 149.3 150.5 151.1 151 150.8
176.8 177.2 177 176.1 175.4 174.3 174 173.8 173.5 173.4 173.4 173.3 173.1 172.8 172.2 171.5 170.5 169.7 168.8 167.9 167 166.6 166.2 166.4 166.1 165.1 164.3 161.2 159.6 158.1 157.4 156.9 156.4 153.8 150.7 149.8 148.8 148.1 147.1 143 139.8 137.7 137.2 140.3 133.6 139.2 137 133.8 130.9 128 126.4 129.3 139.9 145.8 149.7 149.5 149.2 149.9 150.4 150.9 151.6 152.1 152.5 152.7 152.7 151.9 152.3 151.5 150.6 149.6 148.8 148.4 148.8 148.9 149.6 150.7 150.8 150.6
