data/390000-520000.asc
ncols 200
nrows 200
xllcorner 390000
yllcorner 520000
cellsize 50
[rows 105 to 139 of 200, columns 0 to 77 of 200]
532.1 530.4 525.4 520.9 515.7 496.6 487.8 484.1 479.8 476.1 474.2 473.2 472.7 469.1 463.5 462 458.1 452 444.6 438.5 434.8 431.1 428 425.1 423.1 421.4 419.5 417.2 413.9 411.7 408.4 404.3 402.1 400.1 396.8 394.5 391.4 388.6 386.2 383.3 381.2 377.8 377.1 374.6 370.8 366.4 362.9 359.5 358.6 357.3 355.2 353.3 351.3 348.6 347.3 344.5 342.1 340.3 338.1 334 331.5 328.3 325.9 322.9 324.3 323.1 319.6 314.1 310.5 306.8 303.2 300.3 298.9 295.5 288.7 284.5 277.4 276.7
535.8 534.3 530.5 524.4 514.2 498.6 489.4 488.4 485.4 479.6 474.8 472.9 472.1 469.7 467.4 465.9 464.5 458.8 450.3 444.2 440 435.6 433 430 428.2 426.3 424.9 423.3 421.1 419.3 416.1 411.1 408.1 405.3 402.4 399.4 395.5 392.5 388.3 384.6 382.3 380.7 378.4 376.1 371.1 370.5 368.2 364.5 360.8 359.4 357.4 355.9 353.9 351.8 350.3 347.4 344.5 342.5 340.5 337.8 335.6 332.9 330.1 327 328.3 327.9 328.3 323.6 320 317.3 311.5 305.5 302.1 300.2 297.6 293 286.1 280.6
537.2 537.2 535.5 528.3 518.2 501.8 493.4 493.2 492 484.8 479.9 473.4 472 469.5 466.6 465 463.7 462 458.3 450.7 445.7 442.6 438.3 435.1 433.1 431.2 429.5 428.1 426.8 425.3 425.6 422.7 415.6 410.8 407.8 403.9 401.2 397.2 392.4 388.3 384.9 382.2 379.1 376.7 375.8 373.3 369.3 368.2 366.9 366.2 364.7 365.2 363.4 360.5 358 354.7 351.7 347.2 343.7 341.7 339.6 337.6 333.6 332.7 331.4 331.6 330.4 328.6 327.2 324.5 321.3 317 311 307.4 303 299.4 295.6 291.7
536.6 536.5 535.4 532.5 526.1 513.7 500.8 497.4 495.6 491.4 486.6 480.7 474.8 472.8 470.1 465.4 462.3 460.5 459.4 457.5 454.6 451.5 443.4 440.2 438.1 436 433.8 432.3 431.1 429.8 428.5 427.7 424.2 421 417.7 411.2 406.9 400.8 397.1 392.9 388.5 384.6 382 380.1 379 377.6 376.3 375.8 376.3 375.9 376.2 374.5 371.3 368.1 364.8 363.2 360.5 357.2 351.8 349.8 347.1 343.1 339.5 336.4 335.1 334.3 333.8 331.8 330.1 327.8 324.3 321.5 318.9 316.1 313.8 312.6 306.5 300.7
534.6 533.8 531.7 531.6 528.8 524.1 514.8 503.7 498.5 494.6 491.9 488.3 483.2 478.6 476.5 469.8 464.6 460.5 459.3 457.6 455.6 453 450.5 447 443.4 440.3 437.7 435.7 434.1 432.8 431.4 430.6 429.4 425.8 422.8 420.1 416.3 410.7 405 399.1 394.4 390.8 390.2 388.2 386.6 386.1 384.6 384.3 384.7 384.6 383.3 381.7 378.1 375 371.4 369.5 366.4 364.2 361 357.6 355.4 352.6 349.8 346.9 344 342 340.2 337.3 333.9 330.9 327.2 324.6 322.5 319.8 318.8 317.9 318 313.6
532.2 531.3 531 529.5 529.6 527.6 525.2 518.9 504.2 501.5 494.4 490.8 489.6 484.7 481.2 475 469.4 464 459.3 457.7 456.3 455.3 454.3 452.6 449 445 441.7 440 437.6 435.8 434.1 432.7 432 429.9 428 424.6 421.2 418.6 416.1 408.7 405.1 401.4 399.3 398.2 396.9 395.9 395.2 393.4 393 391.9 390.6 388.7 386.3 384.2 379 375.8 372.5 369.6 366.9 365.1 363.2 360.8 358 354.9 351.4 349.1 346.9 344.4 341.1 337.9 334.4 331.5 329.1 324.3 321.7 320.2 320.1 314.3
532 532.3 532.5 532.7 532.4 530.5 529.9 527.4 520.3 507 502.3 494.7 494 491 485.9 481.2 475.5 470.3 464.2 459.5 458 457 456.1 454.7 452.6 449.7 445.6 444.1 441.8 439.1 436.6 434.7 433.7 432.3 430.2 428.3 425.9 422.9 419.7 417.7 411.8 409.1 406.8 406.4 405.1 403.3 401.4 398.4 396.6 394.4 392.9 390.7 388.8 386.9 385.5 383.2 379.4 377.7 375.6 372.5 369.8 366.7 363.8 361.2 357.8 354.4 352.2 348.6 345.4 343.4 341.2 338.4 335.8 332.7 331 329.5 322.9 320.3
528.7 531.2 533.5 534.7 535.4 533.8 532.6 530 528.2 515.5 508.2 501.2 497.7 495.5 490.9 489.5 484.9 478.4 471.8 464.9 461.1 459.6 458.2 456.6 454.4 452 449.5 448 445.7 442.4 439.3 437 435.6 433.9 432.2 431 429.3 427 425.4 422 418.2 415.4 413.2 412.1 410.1 410.9 408.7 403.4 401.6 399.4 396.6 394.3 392.3 390.1 388.9 386.6 384.6 382.3 380.3 377.2 374.5 372.2 369.8 366.9 363.1 359.5 356.5 353.4 350.7 346.5 344.7 342.8 340.2 337.1 336.9 334.1 327.1 325.9
520.4 523.9 531.9 534.1 535.9 536.3 535.5 531.9 530.1 520.6 510.5 506 500.8 496.8 492.7 493 492.4 487.7 480.3 473.3 467.3 465.5 464 460.8 458.3 456.2 453 451.4 448.7 445 442.6 441.1 438.4 436.9 435.1 433.8 431.8 429.8 427.7 425.5 424 421.6 421.6 420.7 419.5 418.4 415.7 411 409 408.9 407.7 405 402.9 399.5 395.6 392.5 390.6 387.5 384.6 382 379.3 376.6 374.3 372 368.2 364.5 361.7 358.7 356.2 352.9 349.1 345.2 342 341.1 339.3 337.5 329.3 333.7
511.9 514.8 519.1 526.7 530.2 531.9 533.4 531.2 527.5 517 510.1 506.6 503.5 499.6 497.8 494.1 494.3 492.4 488.1 480.8 474.6 470.3 468.8 466.8 463.8 460.5 456.8 455 453.2 449.4 446.6 445.7 443.4 440.7 438.5 436 434.2 432.7 431.7 430.6 429.4 429.5 429.5 428 426.6 425 420.8 418.4 416.4 416.4 416.9 417.1 415.7 412.7 409.9 407.2 403.3 400.1 395.6 391.1 387.3 383.8 380.2 376.3 373 369.3 366.8 363.4 360.1 357.5 354.7 351.1 346 341.5 338.8 333.2 337.3 335.4
506.2 507 509.2 512 516.3 520.3 522.3 523.7 519.6 514.4 507.4 506.1 505.8 504.1 500.4 496.5 495.2 493.8 491.2 487.4 482 476.5 472.8 471.2 469.1 466.4 463.6 460.8 459.4 457.1 453.8 450.7 448.8 446.9 446.1 443.5 441 439.8 438.7 438.9 437.3 436.4 434.1 432.1 431.8 431 429.2 427.2 426.1 426.6 427.2 427.7 428.7 427.5 424.2 419.9 414.3 410.6 407.5 402.6 398.8 394.6 388.7 383.1 378.6 374.7 370.8 367.2 365.8 362.5 359.4 355.7 351.6 347.4 342.1 340.9 339.8 338.4
502.4 503.8 504.6 504.6 506.6 508.8 511.2 512.8 511.6 511 507.3 505.3 506.2 505.2 501.7 499.2 495.7 494.2 492.5 490.1 485.6 480.9 477.8 475.6 473.9 471.4 468.8 467.1 465 462.7 460 457.8 454.2 454 454.8 452.6 451.1 449.7 447.4 445.4 443.7 442.3 441.1 439.9 440.2 441.2 442.9 442.1 441.9 444.9 447.3 448.8 448.2 448.8 447.1 440.4 431.5 424.3 417.6 413.7 408.6 404 398.4 392.2 386 379.3 375.6 372 371.6 368.5 364.5 360.4 355.7 353 344 346 344.4 341.7
500.1 503 503.6 504 503.5 503 503.4 504 504.8 505.5 504.9 503.7 504.4 503.3 503.6 502.5 499.5 494.3 491.7 490.3 488.4 485.1 483.6 480.7 478.8 476.8 474 471.6 471 470.2 469 466.1 462.2 460.9 461.2 460.6 459.3 457.2 456 454.4 452.4 450.9 450.4 450 453.5 456 456.7 454.6 455.5 455.7 457.2 457.1 456.5 454.7 452.2 448.7 445.7 438.2 430.5 423.4 418.4 413.7 407.4 402 395.2 388.5 383 378.7 377 373.4 367.7 365.2 361.4 355.7 350.3 345.6 344.8 340.7
497.8 501.3 503.3 503.2 503.1 502.4 501.6 501.5 502 500.3 500.2 500.2 501.6 502.8 504.2 504.5 501 497 493.4 491.2 489.7 487.7 486.5 485.7 483.6 481.4 479.1 476 475 475.2 473.7 472.6 471.9 466.8 466.3 468.1 467.6 466.4 465.3 463.5 460.4 459.1 458.1 457.4 461.4 464.3 462.6 461.5 460.6 459.7 461.7 462 460.8 460.5 456.2 454.3 451.8 448.1 444.1 438.3 429.1 422.3 416.4 410.4 405.3 399 392.8 386.4 383.3 379.5 375.8 371.2 367.3 357.5 361 357 352.3 347.3
494.9 497.2 499.7 501.9 502.4 502 501.3 500.5 500.1 499.7 498.9 498.1 499.3 501.1 503 504.4 502.7 499.9 496 495 493 490 488 487.4 487 485.3 484 480.3 478.1 477.5 476.9 476 473.7 471.5 469.8 470.9 471.6 470.8 470.5 469.1 466.1 464.6 462.3 462 462.6 465 466.6 469 467.7 468.2 470.3 470.5 469 465.9 463.6 460.2 459 454.8 450.1 447.3 442.3 431.4 423.5 416.4 412.7 406.9 400 394.4 390.9 387.7 381.7 377.7 372.6 366.7 367 363.2 359.2 347.3
494.1 495.5 496.3 497.9 499.3 500.6 499.9 499.7 500.4 499.7 498.9 498 496.9 498.3 500 501.5 501.7 500.5 498.5 498.3 496.7 492.4 489.5 488.9 488.6 487.8 485.8 483.7 481 478.6 478.2 477.2 475.3 473.5 472.2 472.2 473.4 473.8 472.3 471.2 469.2 466.9 464.9 463.7 463.3 464.2 468.6 475.3 474.6 474.3 474.8 474.9 472.9 470.1 468.4 467.4 465.9 463.6 459.8 453.8 448.4 442.3 428.8 422.2 417.1 411.2 404 399.9 395.1 391.3 388.5 383.7 370.4 375.2 370.5 367 362.7 349.6
494.2 495.3 495.7 496.7 497.5 498.1 498.8 500 500.7 501.4 501.5 501.2 498.2 496 493.7 492.4 497.5 500.6 500 501.3 500.3 495.7 492.3 490.1 489 487.9 486.6 485.3 482.8 479.7 479.3 478.2 476.9 475.8 474.7 474.2 473.7 473.5 472.5 471.5 469.4 468.4 467.3 464.8 463.5 463.7 466 473.3 477.9 477.1 477.5 477.8 476.6 474.9 473.6 472.4 469.9 467.5 464.7 460.8 455.5 448.8 438.7 426.6 419.6 413.5 408.5 404.2 401 398.4 393.7 388.1 377.8 380.8 376.4 372.7 364.1 363.1
493.6 494.8 495.3 496.6 497.4 498 498.9 500.2 501.4 502.6 503.6 503.4 503 502 500.1 496.4 489.1 494.7 497.7 500.7 501.7 496.8 493.2 490.8 488.7 487 485.9 484.4 484.4 481.1 478.9 476.4 476.8 476.5 476.5 475.6 474.6 474.2 474.4 474.4 472.6 470 467.1 466.3 463.8 463.7 465.6 465.7 470.8 475.9 478.8 478.2 478.4 478.3 477.7 476.6 474.3 472 469.3 465.9 460.7 455.2 445.1 431.8 422.8 419.3 411 408.3 407.1 404.1 398.4 388.4 387.5 388.3 378.1 370.8 375.9 378.6
494.6 495 495.7 496.6 497.4 498.3 499.4 500.7 501.9 503.1 504.8 505.6 505.4 504.8 503.8 501.7 497.8 488.4 490.2 495.4 496.8 495.2 493.2 489.2 487.2 485.9 485.1 481.9 480.3 480.7 477.5 474.5 474.6 475.9 476.5 476.4 475.6 476 476.3 475.7 473.7 469.9 466.4 465.1 462.2 463.9 463.8 462.3 462.3 467.4 470.5 472.8 475.6 479 479.6 479.4 477.4 474.7 470.1 466.1 461.7 456.3 448.2 433.4 425.3 421.3 415 409.7 405.9 402.2 396.1 397.6 392.4 381.9 384.1 381.2 384.1 386.3
495 496.5 497.3 498.5 499.7 500.6 501.3 502.6 503.1 504 505.6 506.2 506.4 507.2 507.1 506 502.5 498.4 495 489.8 481.1 484.4 488.5 481.3 483.1 482.2 482.3 481 476.7 477 476 472.5 472.9 474 474.7 474.7 476.3 476 476.7 476.4 474 469.2 464.1 461.9 462.1 462 462 461 458.9 458.6 460.1 461.1 463.4 469.5 477 479.7 478 474.8 466.9 458.6 451.4 445.5 440.5 433.6 429.1 425.4 418.3 411.1 400.9 398.9 396.1 399.5 392.1 386.2 388.9 381.8 383.1 384.6
491.1 494.8 497.8 500.8 503.1 504.9 506 506.2 506.8 507.3 506.9 507.4 507.5 508 509.5 509.1 507.2 502.7 497.2 494 490.9 483.4 478.8 479.4 476.6 474.4 475.5 472.8 470.8 470.6 469.5 467.8 468.5 467.4 467.3 471.9 474.3 476.1 476 473.7 471 467.1 462.2 461 460.5 460.3 460.3 459.6 457.5 456.7 455.9 455.9 456.2 457.9 462.1 468.5 470.1 465.2 457 447.4 441 436.5 433.4 431.5 429.6 425.2 419.8 409.8 413.6 407.2 395.9 392.6 388.4 385.1 384.6 377 372.2 368.1
485.9 490 493.5 498 502.4 505.5 507.5 508.9 510.5 511.6 512.5 512.3 512 512 511.8 511.4 511.1 506.8 499.5 496.9 493.3 489.8 487.2 483.2 481.7 478.3 475.1 470.8 470.4 469.7 469.9 469.8 466.5 465.6 465.8 462.4 463.9 469.6 470.5 467.6 465.6 464.3 456.3 458.8 457.8 457.5 458.5 457.3 456.7 455.6 454.7 455.4 453.5 455.5 456.5 457.1 455.4 450.7 445.3 441.4 437.1 431.9 428.3 426.7 427.9 424.4 419.9 419.4 418.2 406.2 401.3 395.9 394.7 387.9 384.1 372.3 360.3 356.7
480.8 485 489.2 493.2 497.9 502.6 506.7 509.5 512.5 514.5 515.7 516.9 517.1 516.9 516.5 512.9 508.3 504.9 499.2 498 495.2 491.7 487.8 486.1 483.6 480.5 475.3 471.6 471.6 471.4 472.1 472 468.2 467.7 468.7 467.8 462.3 457.7 463 462.8 460 458.1 451.6 449.9 448.6 449.4 450.6 451.7 451.5 450.4 452.2 452.3 452.2 454.5 454.2 452.9 450.1 445.6 440.7 438.5 434.8 430.4 429 427.8 425.7 423.2 424.2 422.8 417.3 409.8 400.1 390.8 384.4 376.3 368.3 362 354.1 350.8
475.4 482 486.8 490.3 494.8 498.4 502.6 508.1 513.1 515.8 518.4 519.7 519.8 516.6 515.3 513.6 509.2 502.7 495.7 493.5 492.5 490.1 487.2 484.9 482.6 481.2 478.4 474.7 472 471.2 470 469.3 466.9 467 466.1 464.4 461.3 453.2 450.2 454.5 451.1 451.1 448.1 443 441.2 443.5 443.5 443.7 444.3 445.5 445.6 447.8 447.9 452.4 454.7 455 452.4 447.2 442.4 437.7 433.8 431.4 429.8 427.7 425.3 420.3 422.5 412.3 380.9 399.2 389.3 381 375 370.3 363.4 357.2 350.5 344.8
471.1 478.9 485.3 489.2 492.7 496.2 500 504.6 509.2 513.6 516.6 517.8 514.7 512.1 510.4 508 501.7 496.2 491.2 488.7 488.8 487.1 485.3 482.8 481.3 480.2 477.1 475.3 474.7 470.2 468.1 465.5 464.2 462.8 462.1 459.5 456.8 452.9 443 447.6 445.9 444.1 442.8 441.7 438.1 438.4 438.9 439.5 440 440.6 440.7 439.4 443.4 448.2 451 452.7 451.8 448.3 440.8 434.5 431.7 428.3 425.6 425 422.3 395.1 396.5 404.6 391.8 385.3 376.6 371.4 366.6 363.2 359.1 351.7 346.4 340.5
467.7 476.2 481.9 486.9 491.8 496.4 499.7 503.2 505.9 509 511.5 511.4 508.6 506.1 501.7 499.4 496 489.4 485.6 484.4 484.8 483.8 482 480.4 479.6 476.8 475.2 474.1 471.2 466.8 463.5 461 460.1 458.9 457.6 454.5 451.7 448.5 443.5 437.9 441.5 439.6 438.6 438.2 436.7 433.9 434.7 435.7 436 436.2 436.2 435.7 433.9 439.5 447.1 447.7 444.9 440.6 438.6 433.5 429 423.6 414.4 411.2 386.5 400.7 385.9 382 372.8 368.4 366.8 364.3 361.4 357.6 352.7 347.2 351.1 345.9
464.2 471 477.3 482.6 489.3 494.5 499 502.1 504 505.2 506.1 505.6 504.6 502.5 500 497.1 492.5 486.7 483.1 481.1 479.9 479 477.8 477.2 475 471.9 470.7 470 466.6 461.2 456.8 454.8 453.2 452.3 452.2 450.9 449.2 448.2 445.1 440.4 431.6 435.2 431.6 432.2 432.8 426.1 430.6 431.4 431.4 431.3 430.9 430.3 429.6 433.4 438.6 440.3 438.9 433.8 431.6 428.2 420.2 414.1 409.5 398.8 400.9 383.6 378.9 364.9 361.1 359.3 355.6 353.6 351.6 352.7 352.5 349.2 343.4 338.7
461.5 467.2 471.9 477.7 485.8 492.1 496.4 501 502.7 504.6 504.1 503.9 502.7 498.5 496.5 495.1 493.3 489.4 483.7 480.5 478.4 477.7 479.6 474.8 471.9 468.8 466.1 463.8 460.2 456.4 452.2 449.2 446.2 446.5 446.5 446.2 444.7 444.7 442 438.9 435.3 425.6 427.2 421.5 425.2 422.3 423.4 425.5 425.9 425.8 425.7 425.9 425 426.2 429.4 431 430.3 427.3 424.5 420.1 411.7 406.7 399.5 387.6 383.3 374.6 367.9 361.6 354.9 351.9 347.7 341.9 343.3 343.4 334.9 331.3 325.7 321.6
458.7 465.2 469.7 475 482.5 488.2 493.4 499.4 502.7 504.4 504.6 504.1 504.2 503.7 500.6 494.6 489.4 486.8 483.7 480.1 476 475.2 473.8 471 467.3 464.3 460.9 458.4 455.6 451 448.7 446.7 442.7 440.7 439.1 438.2 436.9 437 434.4 432.2 429.7 424.4 422.1 419.7 419.6 419.7 416.6 419.7 419.4 419.7 420.3 421.2 420.5 422.1 422 420 415.3 411 410.4 407.5 403.6 396.9 388.4 383.7 370.9 363.9 354.9 350.5 350.6 345.6 343.7 337.1 334.8 332.5 337.3 333.9 327.1 327.4
457.1 463.3 469.1 474.1 479.7 483.1 487.7 496.3 503.8 505.3 505.8 505.1 503.5 501 497.3 493.6 490.6 486.7 483.6 478.6 473.3 469.7 467.6 466.7 463.3 458.7 455.9 453.4 450.7 445.5 442.9 441.2 440.3 437.8 434.8 432.8 430.5 428.2 425.1 423.8 421.8 418.2 416.4 416.8 409.9 414.7 412.5 413.9 414.6 413.9 413.4 414.6 416 415.5 418.4 414.7 417.2 413.5 405 398.3 389 379.5 373.9 371.8 364.6 358.8 354.9 348.8 347.3 347.7 344.7 340.3 341.4 337 330.4 322.8 325.3 332
453.8 461.7 468 473.2 477.9 481.4 483.6 483.4 496.2 503.7 504.6 504.1 502.7 496.1 489.7 486.2 484.2 483.1 483 474.7 472.4 468.6 461.8 458.7 456 453.8 451.9 449 443.8 439.4 436.8 435.3 434.2 432.3 426.6 426.4 424.5 421.7 418.8 416.7 413.9 409.5 409.9 407.7 405.5 406.9 406 407.1 408.6 410.6 411.5 409.7 409.5 407.8 409.4 415.5 412.4 412.7 410.7 394.4 381.2 389.2 375 360.4 357.1 354.4 349.3 347.2 348.1 348.1 351.3 349.2 345.5 343 338.4 332.7 319.8 320.6
452.4 460.6 467.5 473.1 479 484.5 489.7 495.5 486.6 487.2 489.5 492.1 492.3 491.4 484 481.2 478.5 476.1 474.2 471.8 466.7 466.7 458.9 453.2 445.7 446.5 445.5 442.1 438.1 435.6 432.8 430.5 428.3 426.2 422.5 419.1 418.3 417.5 415.7 414 410.6 406.9 404.5 400.7 396.8 403.8 403.8 399.3 402.6 406.4 408.7 408.2 411.5 411.8 406.8 403.7 403.5 392.9 388 387.5 390.2 367.1 361 354.5 353.3 351.1 348.9 354.2 358.6 359.2 352.7 347.1 343.1 339.5 334.2 328.1 320.7 315.7
449.1 458.6 465.1 470.4 477.8 488.1 497.3 504.9 507.4 499.7 494.8 487.7 480 475.8 474.5 475.7 471.2 469.1 466.4 462.4 457.7 449.6 444.6 441.8 440.2 436.8 435.1 432.6 434.3 431.8 428.5 426.2 424.4 421.8 417 416.8 415.5 413.4 412.5 411.2 408.7 406.9 403.2 398.8 392.4 397.5 397.1 397.4 397.9 403.4 402.3 408.2 409.9 409.4 408.5 412.4 407.8 401 397.2 398.2 379.8 358.8 354.6 352.2 352.3 353.2 354.1 349.7 350.9 349.8 346.2 341.5 338 331.8 328 327.8 325.6 321.2
446.2 455.7 464.2 471.9 485.2 496.3 504.6 508.7 510.7 504.2 503.8 500.4 493.8 483.7 482.3 481.3 481.7 474.4 468.8 461 454 448 442.7 438.8 435.2 431.7 429.2 428.4 430.5 428 424.7 422.4 420.6 417.7 415.4 414.9 413.2 411.5 407.8 406.3 403.3 400 394.9 391.3 385.6 388.8 387 387.6 388.7 391.8 392.3 396.6 398.8 395.2 407.3 404 404.1 402.2 392.5 371.3 360.1 356.5 356.1 352.7 354.6 353.1 350.3 345.1 342.1 342 337.7 333.3 332 329 320.4 316.2 307.8 306
446.9 454.9 468.9 483.4 492.5 497.8 501.6 506 508.1 508.1 505.1 503.1 500.2 497.4 493 489.9 485.7 481.6 476.3 469.2 463.6 458.3 454.1 447.5 438.6 437.1 432.3 426 423.5 423.3 421.1 419.1 417.2 416.5 412.7 409 406.2 406 403.1 399.2 394.1 390.6 391.4 389.1 383.7 380.5 383.7 383.1 380.5 380.6 384.6 386.7 388.6 383.7 389.8 394.7 391.5 390.2 375.9 362.6 364 359.6 354.4 351 346.9 343.1 339.8 335.7 335.9 331.2 325.5 322.8 320.4 316.1 306.1 306.6 309.1 307.4
