data/390000-240000.asc
ncols 200
nrows 200
xllcorner 390000
yllcorner 240000
cellsize 50
[rows 38 to 75 of 200, columns 0 to 85 of 200]
42.9 42.9 42.8 42.8 42.5 41.6 40.6 40.6 40.8 41.1 41.3 41.5 41.7 42 42 41.7 40.4 39.6 37.9 34.5 31.7 29.8 29.4 27.5 25.4 23.5 21.8 22.7 26.2 29.9 33.1 37 40.8 42 42 39.4 36.9 35.1 34.7 34.5 34 33.6 34.1 34.6 35.2 36.7 37 36.7 38.7 39.2 39.5 38.9 36.1 35 38.3 40.7 41.5 40.3 38.8 36.1 34.5 33.3 32.2 31.1 30.2 29.3 28.8 29 29.2 29.6 30.2 30.5 31.2 30.9 31.3 30.9 30.3 29.7 28.3 26.1 23.7 22.2 21.5 22.9 24.1 23.7
42.6 42.5 42.5 42.4 42.1 41.2 41 41.2 41.4 41.7 41.9 42.1 42.3 42.6 42.3 42 40.3 37.3 34.3 32.4 30.5 29.9 29 26.7 24.2 22.6 21.8 24.2 27.1 29.7 33.2 38 40.2 40.8 39.2 37.4 35.7 34.6 34.1 33.6 33 32.9 33.5 34 34.6 35.3 35.5 35.5 37.5 39 39.5 37.7 35.2 35 35.9 38.7 41.5 40.2 38.3 36 34.2 33.1 32 30.9 30.2 29.3 28.4 27.2 27.5 28.5 29.5 30.3 31.1 30.9 30.2 30.1 30.4 30.5 28.7 23.5 20 19.8 19.4 19 20.3 21.4
42.9 42.4 42.1 42.1 41.8 41.5 41.6 41.8 42 42.3 42.5 42.7 43 42.8 41.9 41.1 38.9 35.8 34.1 33 31.9 30.8 28.7 26 24.9 22.9 22.6 24 26.1 28.5 33.1 37.7 40.5 40.3 38.1 36 34.5 33.7 33.2 32.6 31.9 32.3 32.8 33.3 33.9 34.5 34.6 34.7 35.4 36.8 36.1 35.4 34.7 34.3 35.3 39.6 40.4 39.6 38.1 35.9 34.2 32.9 31.8 30.9 30.2 29.2 28.2 27.1 26.2 27.5 28.6 29.4 30.2 30.4 29.8 30 30.2 30.4 27.1 19.9 19.5 19.4 19.1 19.1 19.5 19.9
43.4 43 42.6 42.2 42 42.1 42.2 42.3 42.6 42.8 43.1 43.3 43.6 43.3 41.6 40.6 39.7 38.9 36.9 35.4 33.4 32 30.4 29.5 28.1 25.1 22 23.3 24 26.4 31.1 36.5 40.3 40.2 38.7 35.9 33.7 32.8 32.2 31.5 31 31.6 32.2 32.7 33.3 33.6 33.7 33.8 34.5 34.8 34.4 33.9 33.1 32.9 34.6 36.6 38.3 38.3 37.1 35.8 34.1 32.9 31.7 30.8 30.1 29.2 28.1 26.5 26.4 26.1 27.7 28.5 29.2 29.8 29.7 29.9 29.9 28.3 24.7 18.5 19 19.7 21.3 21 19.6 20.4
43.9 43.6 43.2 42.8 42.6 42.7 42.8 42.9 43.1 43.4 43.7 43.9 44 43.5 42.6 41.4 40.8 40.3 39.7 38.2 35.4 34.7 34.2 33 29.9 26.9 24.1 21.9 21.9 23.7 27.7 33.9 40 40.1 38.6 35.1 33.2 31.8 31.1 30.3 30.3 30.9 31.5 32 32.6 32.7 32.8 32.9 33.5 33.4 33 32.4 31.6 30.5 32.6 34.9 36.3 37 35.7 34.8 34.1 32.9 31.6 30.6 30 28.8 27.1 25.5 26 25.3 27 28 28.5 29.2 29.4 28.8 27 24.8 22.6 18.3 18.9 21.8 23.2 23.7 22.8 21.7
43.1 43.4 43.7 43.4 43.1 43.2 43.4 43.5 43.7 44 44.2 44.5 44.3 44 43.8 42.6 43.1 42.5 41.9 40.5 39.7 38.6 37.9 34.8 31.7 28.7 25.9 24.1 21.6 22.2 26.9 34.8 40.4 40.1 37.2 34.6 32.6 30.9 30 29.2 29.6 30.2 30.8 31.4 31.7 31.8 31.9 32 32.6 32.1 31.6 31 29.9 29.9 30.8 32.8 34.7 35.6 34.6 34.4 34.2 32.9 31.5 30.3 29.6 28.5 27.4 26.3 25.3 25.3 26.4 27.5 28.5 29 27.4 25.3 23.2 21.1 19.1 18.3 19.1 23 24.8 24.5 24.2 23.4
42.2 42.5 42.9 43.5 43.8 43.8 44 44.1 44.2 44.4 44.5 44.6 44.7 44.5 44.3 43.8 44.2 44.7 43.8 42.3 40.7 40.8 38.7 36.5 33.5 30.5 28.1 25.7 23.3 21 25 33.1 38.1 37.1 35.7 33.5 32 30.2 29 28.4 29 29.5 30.1 30.7 30.8 30.9 31 31.1 31.2 30.7 30.2 29.9 29.9 29.9 30.9 32 33.1 34.7 34.3 33.9 33.4 32.3 31.1 29.9 29.1 28 27 26 24.9 25.4 26.3 27.3 28.2 28.7 27.5 25.5 23.5 21.5 19.4 18.4 19.5 23.3 25.1 25 24.9 24.7
42.7 43.2 43.8 43.9 44 44.4 44.6 44.6 44.5 44.5 44.6 44.7 44.8 44.8 44.8 44.9 45 44.6 44.2 43.5 41.6 41.4 39.4 35.3 31.8 30.9 29.4 27.5 25.5 20.1 22 30.7 34.8 34.1 33.1 32.3 30.9 29.6 28.4 27.8 28.4 28.9 29.5 30.2 30.1 30.1 30.1 30.2 29.9 29.4 28.9 29.4 28.4 28.8 30.7 31.7 32.3 33.3 33 32.2 31.3 30.2 29 29.3 28.8 27.8 26.9 25.8 25 25 25.8 26.8 27.8 28.1 27.7 26 24 21.6 19 18.2 20.1 22.5 25.1 25 24.9 24.8
43.6 44 44.1 44.1 44.2 44.6 44.9 44.8 44.7 44.7 44.8 44.9 45 45 45.1 44.8 44.5 43.9 43.5 43.1 42.8 41.5 39.2 35.3 31.5 29 27.7 26.4 24.8 20.1 22.7 27.3 30.2 30.7 31 30.5 29.8 28.9 27.8 27.2 27.8 28.2 29.2 30.2 30.1 30 29.9 28.9 28.6 28.1 28.3 28.8 27.1 27.7 30.4 30.7 31.1 31.9 30 30.1 29.3 28.1 28.4 28.7 28.6 27.6 26.6 25.6 24.4 23.9 25.4 26.4 27.3 27.4 27.2 26.3 23.5 20.6 18.3 18.9 20.8 22.2 24.4 25 25 25.3
44.2 44.2 44.3 44.3 44.5 44.8 45 45 44.9 44.9 44.8 44.5 44.4 44.7 44.4 44.3 44 43.3 42.8 42.4 41.6 40 38.2 34.5 30.6 27.8 26.2 24.9 22.2 20.2 21.8 25.6 26.2 27.7 29.8 30.3 30.1 28.6 27.3 26.8 26.9 27.6 29.4 30.1 29.2 28.4 28 27.1 27 27 27.6 28.2 26.1 26.4 28.4 28.8 30.2 30.9 30.2 28.1 27.2 27.1 27.2 27.3 28.4 27.2 26.1 24.9 22.8 22.2 25.4 25.5 27 27.4 27.8 27.9 24.9 20.8 17.9 19.4 21.9 23.2 24.5 25.2 25.5 25.7
43.6 44.2 44.5 44.6 44.7 44.9 44.7 44.3 44.9 44.7 44.6 44.4 43.8 43.8 43.5 43.5 43.4 42.9 42.1 41.3 39.2 37.3 34.7 32.6 29.3 26.5 24.7 23 22 20.3 21.1 23.1 24.2 27.5 30.1 30.9 30.7 29.2 27.8 27.1 26.3 26.2 27 27.1 26.4 25.9 25.5 25.4 25.7 26 26.7 27.5 25.1 24.3 25.9 26.3 28 28.1 27.9 24.8 24.9 24.6 24 25.7 27.4 27.5 25.6 23.9 21.7 21 24.2 25.7 26.7 26.7 26.8 26.4 23.2 18.5 18.4 20.1 22.8 24.5 25 25.4 25.9 26.2
41.6 43.1 43.7 44.3 44.5 44 43.4 43.9 44.6 44.2 44.3 44.2 43.8 43.1 42.6 42.6 42 41.7 40.7 39.1 35.2 32.7 30.2 28.5 26.7 26.4 26.4 25.1 22.7 20.4 20.3 22 26.1 30.1 32.8 32.7 31.2 29.8 28.3 27.5 26.7 26 25.4 25.5 25.1 24.8 24.3 24.8 25.3 25.3 25.4 26.1 24.5 21.6 22.5 22 21 20.2 19.8 21.3 22.6 22.6 24.1 25.5 25.5 26.1 25.2 25.3 21.2 22.6 24.5 25.4 25.9 25.9 25.5 25.2 19.9 18.2 19.6 21.4 23.6 24.8 25.1 25.6 26 26.5
40.1 41.8 42.6 43.2 43.7 43.1 42.4 43.3 44 43.9 44 44.1 43.7 43.5 42.2 40.1 38.8 38.6 37.2 33.4 31.3 30.4 29.7 27.7 28.1 27.6 28 27.3 24.9 22.1 20.3 22.2 27.3 33 36.1 35.4 33.1 30.7 28.9 28 27.5 26.6 25.7 25.2 24.9 24.6 23.7 24.3 25 25.2 25.2 25 23.8 19.3 17.1 17.1 17.1 17.2 17.4 19.1 17.8 18.5 18.5 18.3 19 20.5 21.7 21.1 19.7 23.3 24.3 25.1 25.2 25.1 24.7 22.1 17.9 18.5 20.4 22.3 24.4 25 25.2 25.7 26.2 26.7
38.4 40.1 41.5 42.3 42.8 42.1 41.4 42.4 42.9 43.3 43.7 43.8 43.7 43.7 42.2 39.8 37.8 35.9 34.9 33.9 33 31.7 30.6 30.1 27.9 28.8 29.4 29.4 26.9 23.1 20.4 22 29.5 36.5 39.6 37.7 34.9 32.2 30.1 29 28.1 27.2 26.3 25.3 24.7 24.4 23.1 23.7 24.5 25 25 25.1 23.4 18.3 16.5 17 17 17.2 17.4 17.7 17.8 17.4 17.3 17.4 17.2 17.1 17.4 17.7 18.3 21.5 24.4 25 25 24.3 23.3 18.6 18.1 19.5 21.1 23 25 25 25.4 25.8 26.3 26.8
36.7 38.4 40.2 41.2 42 41.1 40.8 41.3 41.9 42.3 42.8 43.5 43.8 43.8 42.7 41.3 40.1 38.7 37.3 36.6 34.3 33.1 31.9 30.3 28.2 29.2 29.6 29.1 26.7 22.6 20.7 21.9 32.1 39 41.8 39.8 36.6 33.7 31.6 29.9 28.7 27.8 26.9 25.8 24.9 23.9 22.6 23.2 23.9 24.6 24.9 24.6 23.6 17.1 17.2 17.5 18.4 18.5 18.3 18.7 19.6 19.1 19.1 18.9 19.3 19 18.2 17.8 17.7 18 20.3 21.8 22.8 23.3 20 17.5 18.7 21.2 22.6 24.1 24.9 25.1 25.5 26 26.5 27.1
35.5 37.4 39.2 40 40.7 40.6 40 40.3 40.9 41.6 42.5 43.5 44.2 44.2 43.6 42.5 41.3 40.1 39.6 39.8 36.6 34.1 32.9 31.2 29.3 29.1 29.3 28.3 25.9 22.9 20.5 22.9 32.1 36.7 40.3 39.5 37.2 35.2 33.1 31 29.3 28.5 27.3 26.2 25.2 23.5 22 22.7 23.4 24 24 22.1 21.2 16.6 17.2 18.6 19.8 20.8 21.8 21.7 21.1 20.8 20.8 21.1 21.5 21.7 20.7 18.6 18 17.5 17.4 18.2 18.5 17.6 17.6 19 20.6 22.9 24.3 24.8 25 25.3 25.8 26.4 27 27.6
35.1 36.3 38.2 39 39.6 40.1 39.9 40.4 41.3 42.2 42.9 43.5 44.4 44.5 44.7 43.7 42.6 41.8 41.2 41 39.5 36.5 33.7 31.5 29 27.7 27.6 26.1 24.3 21.7 19.5 20.3 28.6 33.4 34.9 37 36.7 36 34 30.9 30.1 29 27.8 26.7 24.9 23.6 23.1 21.7 22.3 23.2 23.6 19.8 17.3 16.6 17.7 19.4 21.1 22.3 23.2 23.3 22.5 22.6 23 23.4 23.7 24.1 22.9 20.6 21.7 20.9 19.1 17.5 17.8 19.1 19 21.2 22.7 24.6 25 25.2 25.4 26.3 27 27.4 27.8 28.2
34.4 35.8 37.2 37.9 38.5 39.2 40.6 41.4 42.3 43.1 43.8 44.1 44.3 44.6 44.8 44.9 44.1 43.5 42.9 41.9 40.7 39.4 34.5 31.2 28.8 27.4 25.9 23.3 21.9 20.2 19.2 20.6 25.7 30.7 32.5 33.5 34.3 34.5 32.5 30.5 28.8 28 26.7 25.4 24.9 24.8 24.4 22.9 21.3 22.3 22.2 18 16.8 16.6 18.6 20.2 21.8 23.1 24.2 24.5 23.9 24.3 24.6 24.9 25.2 25.5 24.6 22.6 24.1 24.9 23.9 21.4 24.2 23.5 20.5 22.4 24.6 25.3 25.5 25.7 26.1 27.3 28.3 28.7 29.1 29.5
33.7 35.3 36 36.6 37.4 38.6 40.5 41.8 43.2 43.5 43.8 43.9 44.2 44.5 44.5 44.4 44.4 44 42.8 42 41 39.8 35.7 32 29 27.3 25.9 23.6 23 19.7 19.1 21.3 26.1 29.1 29.7 30.4 31.2 31.5 29.7 27.7 26.4 26.3 24.7 25.1 25.4 25.3 25.3 23.9 20.9 20.9 21 16.5 16.5 17.1 19 20.8 22.5 23.7 24 24.1 24.4 24.9 25.4 25.9 26.3 26.1 25 24.4 25.6 26.7 26.3 24.4 26.2 25.3 22.8 23.1 24.3 25.7 25.9 26.1 27.1 28.3 29.5 30 30.4 30.8
33.8 33.9 34.1 34.4 35.5 38.3 40.5 41.9 43.3 43.6 43.6 43.5 43.4 43.4 43.4 43.4 43.4 43.4 42.5 41.7 40.9 40.1 37.5 34 29.7 27.4 26.4 25.7 25.3 20.9 19 22.6 26.2 27.4 27.6 27.6 27.7 27.7 27.4 26 24.2 24.8 25.2 25.7 25.9 25.7 24.9 24.3 21 20.4 19.5 16.2 16.4 17.1 19.3 21.1 23 23.8 24.1 24.5 24.7 25.2 25.7 26.2 26.8 27.4 26.9 25.9 26.7 28.2 28.2 27.6 27.4 26.3 24.1 22.7 24.3 26.2 26.3 26.9 28.1 29.3 30.4 31.3 31.7 32.1
32.4 32.4 32.6 32.8 35.1 38.2 40.1 41.1 41.5 41.8 42 42.2 42.3 42.3 42.3 42.3 42.3 42.4 42.2 41.4 40.9 40.2 37.6 34.9 31.1 28.8 27.4 25.5 23.6 21.5 18.7 19.2 23.1 25.6 25.9 26.3 26.5 26.6 25.9 25.4 23.5 24.7 25.7 26.3 26.1 25.5 25 23.8 21.1 18.5 18.3 16 16.5 17.2 19.4 21.4 23.5 24.4 24.6 25 25 25.4 26.1 26.6 27.2 27.8 28.3 27.4 28 29.7 29.7 29.5 28.4 27.4 26 24.5 24.3 26.6 26.8 27.9 29.1 30.3 31.4 32.6 33 33.5
31.5 31.1 31.1 31.4 34.2 36.4 38.2 39.1 39.5 39.9 40.4 40.9 41.2 41.1 41.2 41.2 41.4 41.7 41.5 41.5 41.3 40 37.5 34.9 32.3 29.4 27.4 25.3 24.6 24.1 22.4 19.4 18.5 21 24.3 24.7 25.2 25.1 24.3 23.3 21.4 24.7 23.7 25.6 26 25.7 25.2 23.4 21.6 18.9 16.8 16.2 16.6 17.2 19.2 21.5 23.9 25.2 25.4 25.5 25.7 25.9 26.4 27 27.6 28.2 28.8 28.6 28.7 30.7 31.1 30.8 30 29.1 27.8 27.1 26.9 26.8 27.7 28.9 30.1 31.2 32.4 33.6 34.3 34.9
31 30 29.9 30.3 32.5 34.1 35.4 37 37.5 38.1 39 39.6 39.9 40.2 40.5 40.8 41.1 41.4 41.4 41.9 41.5 40.3 38 35.5 32.8 30.2 28.1 25.9 25.5 25.1 24.6 22.5 19 18 21.2 23.3 23.4 22.7 21 19.3 18.2 19.2 22.7 25.2 25.5 25.4 25.3 24.1 23 21 17.9 16.7 16.5 17.1 18.6 21.2 24 25.6 26.2 26.3 26.5 26.5 26.8 27.4 28.1 28.7 29 29.3 29.4 31.3 32.5 32 31.3 30.5 29.9 29.2 28.6 28.4 28.6 29.9 31.1 32.2 33.4 34.6 35.7 36.3
29.2 29.4 29.6 30.3 32.2 34.4 36.2 38.1 38.6 39 39.8 40.2 40.6 40.1 40.2 40.5 40.8 40.8 41.3 41.7 41.7 40.6 38.3 36 33.3 31.3 29.3 26.9 26.5 25.8 25.5 23.8 21.3 17.7 18.9 20.4 20.2 19.5 18.2 17.7 17.3 17.2 17.6 22.5 25 25 25.1 24.2 23.5 21.7 19.8 18 16.5 16.5 18.9 21.5 24.2 25.5 26.7 27.1 27.2 27.4 27.5 27.9 28.5 29 29.2 29.4 30.1 32 33.8 33.3 32.6 32.2 30.5 30.5 30.1 30 29.9 31.7 32.2 33.3 34.5 36.2 37.6 37.9
29.4 29.6 29.9 31 32.6 34.8 37.1 39.5 39.9 39.9 40.4 40.9 41 40.6 40.2 40.2 40.5 40.8 41.1 41.4 41.4 41.5 39.2 36.7 34.7 33 31.2 28.4 26.5 26.1 25.5 23.4 20.6 18.4 18.3 17.7 17.7 18.6 19.8 20.5 19.8 20 17.4 17.6 21.4 22.6 24.3 24.5 24.1 23.4 22 21 17.5 16.8 19.9 21.7 24.1 25.6 27.2 28.1 28.4 28.6 28.5 28.4 28.9 29.4 30.2 31.1 31.4 32.3 33.8 34.6 34.4 33.3 30.9 33.1 34 33.9 32.5 33.3 35.1 35.7 35.9 37.9 40.3 40.9
29.6 29.8 30.7 31.8 33.3 35.4 37.7 40.1 40.4 40.8 41.1 41.6 41.5 41.1 40.6 40.2 40.2 40.5 40.9 41.2 41.3 41.6 40.7 38 36.2 34.5 32.9 30 26.9 25.3 24.1 22.1 20.2 20.9 20.6 19.7 20.4 21.9 22.7 23.1 22.9 22.1 19.2 17.2 17.8 20.9 23.7 24 23.9 23.5 22.5 22.3 17.9 16.3 19.5 22.6 25 26.7 28.1 28.7 29.3 29.8 29.6 29.4 29.6 30.9 32 32.7 33.1 33.4 34.7 35.7 36 34.4 35.1 38.5 40.6 39.9 36.5 37.7 40.3 40.7 39.1 40.3 43.8 45.6
29.9 30.4 31.4 32.6 34.2 36.2 38.3 40.1 41.2 41.8 42.2 42.3 41.7 41.2 40.7 40 39.2 40.1 40.5 40.5 41.7 41.3 40.4 38.8 38.1 35.6 32.1 29.2 27 24.8 22.9 21.7 23.2 24.6 24.2 23.8 24.2 25.8 26.3 25.8 25 23.9 21.3 18 16.9 17.8 22.5 23.8 23.4 22.6 22 21.8 17.9 16.6 18.1 23.3 26.1 27.8 28.7 29.3 30.1 30.9 30.5 30.1 30.1 30.9 32.3 34.1 34.9 35.2 35.5 36.5 37 36.1 39 44.5 47.6 47.2 43.4 43 45.6 45.8 43.5 44 47.3 49.4
30.4 31 32.2 33.6 35.1 37.1 39.2 40.3 41.2 42.5 43 42.8 42.1 41.2 40.5 39.4 38.2 38.7 38.9 38.9 39.9 40.2 40 37.6 34.9 33.2 30.9 28.6 27.7 25.5 22.8 24.7 26.8 28.2 28.9 26.8 28.8 28.5 28.3 27.8 26.8 25 23.2 20.2 18.6 17 16.6 18.2 19.3 20.1 19.7 18.3 15.9 16.1 17.1 21.5 25.8 28.8 29.6 30.4 31.2 32 32.1 31.5 31.2 31.6 32.5 34.5 36.1 37 37.8 39.6 41.5 41.1 44.5 48.4 49.8 49 46.3 47.4 50.1 49.3 47.2 47.6 50 50.3
31.1 31.8 33.2 34.5 36 38 40 41.8 42.3 42.7 43.1 43.1 42.2 41.3 40.1 38.7 37.4 36.6 36.4 36.2 36.7 37.8 36.9 34.8 32.4 30.5 29.4 29.2 28.2 24.6 26 26.7 29 30.9 32.9 31.5 33.1 31 30.4 29.7 28.1 26.3 24.4 22.8 22.4 20.7 18.3 17.8 16.8 16.4 15.9 15.4 16.3 15.9 16.6 20.9 25 28.6 30.6 31.4 32.2 33 33.2 33.1 32.9 33.1 33.8 35.3 36.6 39 41 42.8 45 46.2 46.5 49 51.7 52.2 50.3 51.6 52.8 52 49.5 50.1 50.6 50.9
31.4 32.2 33.7 35.3 36.9 38.9 41 42.6 43.6 43.5 43.5 42.9 42 41.1 39.9 38.9 37.6 36.1 33.8 33.1 33.4 33.2 32.4 31.1 29.4 28.2 27.4 27.5 24.7 25.9 27.3 28.7 30.6 32.7 35 35.4 36.8 34.4 32.5 31.2 29.5 27.9 26.4 25.6 25.8 23.6 21.4 20.8 20.1 19.1 18.4 18.7 17.5 15.9 16.3 21.3 25.3 28.5 30.5 32.5 33.6 34.1 34.3 34.5 34.7 35.4 36.1 36.4 37.2 39.7 42.2 45.6 47.7 48.8 49.6 51.2 53 54.8 54.5 54.3 54.8 52.9 51 52.4 52.6 52.3
31.6 32.6 34.1 36.1 38.1 40 42 43.5 44.1 44.1 43.4 43 42.2 41.3 40.4 39.7 38.7 36.5 33.4 31.6 30.1 29.7 28.9 27.8 28.5 28.4 27.7 27.9 27 26.4 27.8 29 31.1 33.1 35.9 39.2 40.1 38 35.2 33.4 32.1 30.6 28.5 27.3 26.7 26.2 24.4 23.6 22.7 22.1 21.4 20.4 18.5 17.5 16.9 20.9 25.3 27.6 29.6 31.8 34.2 35 35.1 35.3 35.7 36.4 37.3 37.4 38.5 40.1 43.8 46.9 49.2 51.7 53.3 55 54.8 54.6 55 55.4 55.1 53.1 53.7 54.6 54.2 52.5
31.5 33.1 35.2 37.3 39.3 41.2 43 44.5 44.5 43 43.3 42.8 42.2 41.4 40.4 39.2 37.9 35.8 33.1 32 31.7 31.2 30.2 29.7 29.9 29.5 29.2 29 28.8 28.6 28.2 29.3 30.6 32.4 34.5 38.1 41.4 40.5 38.2 35.4 34.1 32.5 30.1 28.6 27.8 27.7 27.1 26.3 25.4 24.6 23 21 18.8 17.8 16.7 19.2 24.2 26.4 28.6 30.8 32.9 34.5 35.6 36 36.2 36.9 38 38.5 39.6 40.7 43.2 45.3 48.8 52.5 54.2 54.6 54.3 54.3 54.8 55.1 54.9 54.7 55 55.2 53.7 52.9
31.6 33.8 35.9 38.1 40.2 42 43.7 44.6 44.4 42.6 42.6 42.2 41.8 41.3 40.1 39.1 37.7 37.1 35.9 34.2 33.6 32.8 32.3 31.7 30.9 30.2 29.7 29.8 29.6 29.5 29 29.3 30.2 31 33.3 36.5 39.7 40.9 40.1 37.3 35.1 33.5 31.9 30.4 29.5 28.8 27.9 27 26.1 24.9 22.9 20.8 19.2 18.1 17.1 18.9 23.1 25.4 27.5 29.7 31.7 33.4 34.2 35.1 35.9 37.1 38.8 39.6 40.1 41.8 45.1 49.1 48.8 50.2 52.7 54.1 53.7 54.1 54.4 54.6 55.1 55.2 54.7 53.9 52.7 50.9
32.2 34.3 36.4 38.6 40.5 42.4 42.8 42.6 42.5 42.2 42.3 41.7 41.1 41.2 40.9 40.5 40.3 39.9 38.4 37 36.3 36.6 35.1 33.2 32 31.1 30.3 30.7 30 29.2 28.5 29 29.6 30.8 32.1 34.5 37 39.9 40.7 38.8 36.4 33.7 31.5 30.4 29.3 28.6 27.7 26.8 25.9 24.5 22.8 20.2 19.1 18.1 17.1 21.2 24.1 26 27.6 28.9 30.6 32 32.8 33.6 34.4 35.3 36.9 38.2 39.6 41.7 46.9 49.4 51.6 52 52.6 53.3 53.4 53.8 53.9 54.1 54.3 54.3 53.6 50 45.6 42.5
32.7 34.9 36.9 38.9 40.7 42.1 42.2 42.3 42.4 42.4 42.2 41.8 41.6 41.6 41.7 41.6 41.4 40.8 40.4 39.6 39.4 39.6 37.6 35.4 33.7 32.1 31 30.3 29.5 28.7 28.1 28.6 28.9 29.8 31.1 33.3 34.7 37.4 38.9 37.4 35.4 33.1 31 30.2 29.4 28.4 27.6 26.7 25.6 24 22.7 20 18.9 18 16.6 19.4 25.1 25.5 26.5 27.9 29.9 31 31.3 32 32.8 33.7 35.1 36.6 39.2 41.2 43.2 47.7 51.7 53.4 54.6 54.9 54 53.2 53.2 53.2 52.8 51.1 47.7 44 41.6 40
32.5 34.8 37.2 39.2 40.6 41.6 41.9 42 42.1 42.3 42.3 42.1 41.9 41.8 41.9 42.3 42.1 42 42.2 41.7 41.3 41.2 39.6 38.1 35.5 33.4 31.9 30.5 29 28.2 27.7 28.1 28.2 29.1 30 31.6 32.6 34.7 36 35.8 34.1 32.3 30.1 29.3 28.6 28 27.4 26.5 25.5 24.7 22.4 19.3 18.3 17.6 16 17.5 21.4 25.1 25.3 27.3 29.3 30.2 30.1 30.1 30.9 33.2 34.8 37.2 41.9 46.2 48.3 51 53.1 54.2 54.7 55.2 54.6 54.4 55.3 51.2 51.6 49.3 45.7 41.5 38.6 36.8
32 34.6 37.2 39.6 40.4 41.3 42.1 42.2 42.3 42.5 42.5 42.3 42.1 42 42.1 42.5 43 43.6 44.1 43.9 43.6 43.2 43 41.2 37.6 35.3 32.9 30.7 29 27.8 27.3 27.1 27.5 28.4 29.2 29.8 30.3 32 33.1 32.2 30.9 30.2 29.4 28.7 28 27.3 27.5 26.6 25.6 23.7 21.3 17.9 17.4 17.2 15.9 17.2 18.7 20.5 22.7 24.5 26.4 28.1 28.9 28.9 31.5 34.2 36.7 38.8 43.8 48.6 51.4 53 53.7 54.5 54.9 55.1 55.1 54.8 54 52.4 49.6 46.1 42.7 39.7 36.5 35.2
31.7 34.2 36.5 38.4 39.7 40.9 41.8 42.4 42.6 42.6 42.8 42.5 42.4 42.2 42.2 42.4 42.5 43 44.1 44.7 44.2 43.7 43.4 42.2 39.6 36.5 32.8 30.1 28.5 27.6 26.9 26.4 26.7 27.6 28.5 29 29.4 30.4 30.3 29.9 29.7 29.6 28.9 28.1 27.3 27.2 27.5 26.7 25.7 24.5 21.2 18.1 16.8 16.6 16.4 20 23 22.5 23.9 24.9 26 27.3 29 30.6 32.3 35.5 41.1 42.5 44.2 50.6 52.2 53.8 54.2 54.8 55.1 55.1 55.2 54.3 55 52.6 50.3 46.5 41.6 38.7 36.6 34.5
