data/390000-500000.asc
ncols 200
nrows 200
xllcorner 390000
yllcorner 500000
cellsize 50
[rows 105 to 139 of 200, columns 78 to 155 of 200]
614.7 612.4 610.4 608.2 605.4 605.7 606 603.8 596.7 594.9 592.5 589.5 587 583.8 579.7 573.8 568.6 565.4 560.6 555.9 552.8 549.5 546.4 543.8 540.1 535.8 534 531 527.9 526.9 525 523.7 520.2 512.4 507.4 504.1 502 498.1 491.3 482.9 475.2 471 465.7 458.9 454.6 451.3 447.1 444 435.4 427.7 419.9 413.2 406.9 399.2 391.8 382.9 376.5 371 364.6 359.7 356.3 352.4 347.1 338.7 339.9 345 347.5 350.5 351 352.8 353.5 352.5 351.1 347.4 336.5 334.5 333.3 331.9
611.5 608.7 606.6 603.3 601 602.5 603.3 600.9 598.5 593.2 590.9 590.4 588.3 585.3 583.4 577.3 573.3 570 565.5 561.6 556.8 552.3 549.4 544.7 540.1 536 529.5 528.5 526.3 523.1 522.1 520.1 515.5 507 502.3 499.5 497.2 490.3 482.5 474.5 468.7 465.1 459.1 453.8 450.1 445.8 441 436 427.6 419.6 412.2 408.4 399.8 393 385.9 377.5 372.5 364.2 356.3 352.8 350.6 344.4 342.4 351.8 352.3 354.1 355.5 358.3 357.9 358.3 359.3 358.8 355.8 352.9 340.7 334.6 332.9 331.9
608.8 606.4 604.5 600.4 600 599.5 600.4 600.1 598.3 594.5 590.7 591 587.8 585 583.5 579.6 576.5 574.1 571.3 566.2 560.7 555.6 551 545.7 539.7 533.4 527.8 525.2 523.4 519.3 518.1 514.4 508.6 500.5 497.8 494.7 488.3 479 472.1 466.1 462.5 457.7 452.1 448.2 444 439.1 432.9 427 417.4 411.3 407 401.4 394.6 388.3 381 373 362.7 354.2 351.6 349 349.7 354.7 357.4 358.8 359.8 362 363.6 364.1 364.4 364.4 365.4 365.2 362.8 357 348.2 339.5 334.4 335.2
606.6 604.2 603 600.8 597 595.8 597.2 597.7 596.3 595.6 591.4 587.7 585.8 583.8 581.4 579.1 575.9 573.5 572.7 568.6 562.2 557 551.9 545.7 539 532.4 525.4 521.3 519.3 514 510.3 507.3 500 494 490.1 483.3 476.2 467.5 462.8 458.9 455.4 448.6 445.7 441.8 437.5 432.5 424.6 416 411.1 406.5 401.3 395.9 389.7 379.9 373.3 365.7 363.9 366.6 356.1 359.2 360.2 362.3 364.8 365.8 366.7 367.3 368.3 370.1 371.4 372.1 371.9 371.3 367.5 361.3 353.7 345.9 339.2 337.3
604.5 602.1 599.8 598 596.2 594.7 595 594.6 593.5 591.9 589.5 585.6 584.1 581 577.6 576.7 575.3 572.7 570.9 566.5 562 555.6 548.4 543.1 536.5 528.8 523.3 518.4 513.9 508.1 504.2 498 492.1 487 478.4 470.2 463.1 458.6 455 450.2 445.6 441.7 438.5 433.9 428.5 422.7 411.8 407.7 403.1 398.3 387.4 377.5 371.7 378.2 377.8 375 370.4 360.9 366.3 367.9 368.3 370.9 371 371.2 371.7 372.2 373.4 375.1 376.8 377.6 377.3 376 371.3 365.6 358.6 350.5 344.5 339.7
600.3 598.1 597.9 595.9 594.6 593.1 592 591.1 590.4 588.6 586.6 583.5 581.4 578 574.6 574.3 573.1 568.7 567.7 561.8 558.2 549.9 543.1 536.7 529.9 524.9 519 513.9 508.9 504 497.7 490.5 484 473.4 464.7 459.4 453 449.5 446 440.4 436 434.1 430 422.6 416.1 404.3 402.7 392.2 383.7 387.2 389.3 391.5 389.1 383.7 378.7 375.7 367.1 374.4 376.8 377 377.9 378.4 377.9 377.1 377.2 377.7 379.1 380.4 380.8 380.9 380.4 377.9 373.4 367.8 361.6 356.3 349.9 342.7
601.3 596.6 595 594 592.6 590 588.9 587.8 586.3 585.4 582.8 580 577.9 574.7 571.8 571.2 570 565.7 562.8 556.8 549.8 542.2 536.8 530 525.3 519.7 515.3 510.5 503.5 497.2 490.3 483.4 472.3 463.2 456.8 451.2 446.9 442.7 437.7 432.2 427.4 422.5 417.1 407.9 403.9 393 392.1 401.1 403.1 403.7 400.8 394.6 390.4 384.6 379.5 376 380.7 385.9 387.2 386.5 385.6 384.5 383.7 382.9 383.5 383.6 383.3 383.3 383.3 382.9 381.3 378 373.7 368.8 363.7 358.6 352.9 344.6
600.3 595 590.8 591 590.2 589.5 587.4 584.9 582.3 580.4 576.4 575.6 573.8 571.7 569.5 568.7 565.1 561.2 556.8 548.8 542.2 536.9 531.1 526.4 521.2 515.6 511.9 504.6 496.2 489.5 484 471.8 462.7 456.1 450 446 441.7 437 432.3 426 420.1 411.9 401.8 398.7 399.1 406.4 410.7 415.5 415 411 403.1 395.4 391.7 384.1 379.8 386.8 391 392.5 393 392.7 391.8 390.1 389.4 388.7 388.7 387.6 386.2 385.4 384.2 382.7 381.5 377.6 373.4 368.9 363.8 358.6 352.6 345.7
598.6 592.1 585.6 588.8 588.6 587.4 583.8 580.6 576.2 572.1 570 568.4 567.4 565 563.7 562.8 558.9 557.3 549.5 542.4 536.2 531.3 528.1 524 516.8 511.1 504.8 496.1 486.1 481.5 472.4 461.2 455 449.4 444.8 440.2 436.4 431.5 426.3 414 413.7 416.7 419 419.9 421.6 424.2 425.6 424.4 419.4 412 401.2 396 386.6 385.9 391.1 393.6 395.9 397.5 398 397.3 396 394.8 393.7 392.9 391.9 389.7 387.7 386.3 384.1 381.8 380 376.7 372.5 368.4 362.9 356.4 350.5 346.5
594.2 587 583.7 584.6 585.3 584.4 580.8 576 569.3 564.1 562.1 558.4 555.8 550.2 544.4 551.3 543.6 542.1 535.5 534.1 529.2 526.1 522 516.6 509 497.5 489.2 482.1 476 467.8 460.3 452.4 447.6 443.9 439.8 434.8 423.1 422.8 424.3 426.3 430.2 429.9 429.1 428.7 429.7 431 430.9 426.9 420 407.8 400.3 388.8 392.7 395.7 397.7 398.6 401 401.7 402.5 401.4 399.7 398.6 397.4 396.1 393.9 391.4 388.9 386.6 384.3 381.9 378.8 375.8 371.5 367.3 361.6 355.2 348.9 346.4
591.3 586.5 582.9 579.9 580.6 578.9 574.3 568.8 562.1 562.4 562.3 561.6 558.7 559.5 553.8 534.1 525.6 527.5 525.6 519.5 516.2 511.7 501.1 493.1 484.9 477.3 461.5 462.1 457.2 451.4 444.3 435.6 434.8 429.3 427 425.8 433.8 439.1 438.7 438.9 439.3 437.4 436.5 435.9 434.9 434.6 433.6 427.1 416.2 406.3 393.7 398.9 404.3 407.3 407.4 404.9 405.9 406.9 407.7 406 403.5 401.6 400.6 398 394.8 392.1 389.4 386.8 384.2 381.6 378.8 375.2 370.8 365.5 358.3 350.7 347.3 344.6
587 584 582.5 581.8 576.6 570.3 568.3 569.1 572.4 572.4 571.7 570.3 568.6 566.2 561 542.7 527 517.5 511.6 510.8 503.3 487 486.3 482.9 475.2 468.7 464.8 454.5 454.1 450.8 447.5 448.6 447.5 445.4 445.5 445.6 446.7 447.8 448.3 449.9 448.3 446.7 445.1 443.2 441 439.7 435.5 426.2 410.2 399.7 407.7 417 420.5 422.3 417.4 411.4 411.5 412.2 412.8 412.3 409.2 406.1 403.1 399.6 396.2 393.3 390.4 387.5 384.7 381.8 378.6 374.4 369.4 363.6 355.7 350.5 344.4 345.9
592.1 588.6 588.2 586.5 584.4 583.2 580 582.2 581.6 580.2 578.1 575.7 575.3 572.4 563.5 556.8 547.9 526.1 512.5 495.3 491.8 498.7 497.3 492.8 490 478.2 472.2 466.9 464.9 462.1 459.3 457.6 457.2 454.7 455.3 456.3 456.8 457.6 457.8 459.4 458.2 455 452.5 450.7 447.9 443 436.2 418.9 403.6 412.8 425 429.1 430.7 431.3 426.5 419.3 417.1 417 417.6 417 414.9 410.4 405.4 401.8 398.1 394.5 391.4 388.6 385.7 382.6 378.3 373.2 368.3 361.8 355.1 352.4 350.6 349.8
595.9 593 591.3 590.4 588.7 589.2 589.1 588.4 588.9 587.3 583.4 580.8 580.8 576.8 570.8 554.8 542.1 528.8 524.9 516.9 509 507.6 508.4 509 500.3 492.1 483.1 478 476.5 472.3 469 467 462.9 463.1 463.6 464.4 466.3 465.6 465 466 464.9 462.2 459.9 457.3 453.1 444.3 430.9 415.2 416.5 432.4 435.7 437.7 439.8 439.8 438 429.6 423.4 422.3 422.2 421.5 417.9 412.9 408.4 403.9 399.7 396.2 393 389.8 386.6 382.2 377.8 373.1 367.3 359.3 358.9 355.8 354.7 355.1
599.6 596.4 595.2 592.1 591.8 592.9 593.4 593.2 593.3 592.4 588.4 585.6 584.2 579.3 574.9 554.5 546.2 535.6 530.2 531.9 525.9 514.2 514.7 518.3 512.8 509.8 500.6 494.6 493.4 487 483.8 478.1 473.2 472.4 471.8 473 474.6 473.3 473.7 472.9 471 469.8 467.6 464.3 456.9 444 424.6 417.1 434.2 440.5 442.9 444.4 446.6 448 447.3 441 430.8 428.4 426.9 425.4 419.8 415.4 411 406 401.3 397.9 394.7 391.2 387.3 382.6 376.1 370.7 369.8 368.7 366.5 361.5 360.5 360.7
602.8 599.7 598 596.8 594.9 594.1 595.2 597.2 597.2 595.9 593.3 589.9 586.9 582.1 577.7 567.1 555.7 548.9 542 537.9 538.2 534.2 523.2 523.3 520.3 515.7 514.9 512.3 504.8 500.6 497.3 491 487 483.9 481.2 483.4 483.8 481.7 481.5 480.6 478.2 477 474 470.3 456.3 431.8 425.5 435.7 447.3 450.6 450.8 450.7 452.4 454.2 452.4 450.3 438.7 434.4 433.4 431.5 423.8 418.3 413 408.1 403.4 398.8 395.6 391.7 387.9 380.7 378.7 377.2 375.2 373 370.1 367.5 366.4 366.5
605.6 602.1 600.6 598.4 598.2 597.1 598.6 600.3 599.7 598.8 597 593.3 589.3 584.2 580.8 573.3 565.1 555.2 556.9 552.4 548.3 544.9 540.5 538.5 535.1 534.9 533.3 526.1 518.9 515.9 511.1 504.5 502 496 492.6 492.5 490.7 490.7 489.7 487.9 485.3 481.8 477.7 470.5 448.2 432.9 436.4 451.4 467.7 468.1 464.7 460.2 459.2 459.1 456.7 453.5 446.7 440.4 438.4 434.5 427.7 420.8 415.1 410.4 405.9 400.9 396 392.1 386.3 386.3 384.5 380.8 378.2 376 373.8 373 372.1 371.6
607.9 604.5 602.8 601.1 599.4 600.3 600.2 602.1 601.8 599.8 598 594.5 590.3 585.7 582.6 579.2 570.3 566.2 563.6 559.2 557.4 553.2 550.7 548.8 543.8 542.7 540.3 534 528.9 525.3 520.4 516.5 514.1 505.1 503.1 502.7 501.1 497.8 497.1 494.2 490.3 487.1 478.1 466.6 443.3 439.5 454.8 472 477.1 477.6 476.7 474.4 470.5 466.4 463.4 459.3 453.9 446.6 440.2 436.5 432.9 425.5 417.9 412.7 408.3 403.2 397.2 393 392.4 391.2 388.9 384.6 381.1 378.9 377.4 376.4 375.7 374.6
609.6 606.7 604.5 603.8 602.3 602.6 603.4 603.9 602.6 600.5 597.3 593.7 589.8 587.5 585.3 582.3 576.5 572.8 568.9 565.1 562.1 560.3 556.3 554.1 549.6 549.3 545.7 539.5 535.3 531.2 527.3 526.1 522.8 520.8 518.3 512.6 512 507.8 504.1 499.5 492.9 488 476.7 452.7 443.8 457.9 475 480.4 482.7 483.1 483.5 482 480.1 477.5 474.5 466.9 461.9 452 445 440.2 435.8 430.9 423.6 415.2 410 404.7 400.2 398.9 397.1 395.3 392.6 388.4 384.2 381.5 380.7 379.7 378.7 378.2
609 606.2 606.6 605.6 605.4 604.5 603.3 604.8 602.5 599.1 595.7 591.9 590.9 587.7 585.5 582.5 580.9 577 572 566.5 564.3 564.2 560.2 555.4 556 554.9 550.8 544.1 539.7 535.8 531.8 531.2 529 529.1 528.1 527 524.2 518.5 513.1 504.5 493.5 483.6 469.8 443.6 461.8 475.4 482.4 485.4 486.2 486 488 487.9 486.7 485.8 484.5 480.4 470.5 458.7 451.9 444.8 438.9 434.8 426.5 419.5 414.2 407.9 406.1 405.5 405.3 400.9 397 390.3 386.5 384.9 384.1 383.2 382.5 382.1
610.2 608.5 608.1 607.7 605.9 604.9 605.6 604.8 602 599.6 596.3 592.8 591.6 589.2 587.6 584.3 583.7 580.5 575 569.1 566.7 565.8 562.3 559.6 559.3 558.6 555.1 549.2 543.9 539.8 536.8 535.6 533.7 534.2 532.7 532.4 529.9 526.6 519.3 504.6 491.9 478.8 450.6 462.8 479.7 484.4 487.7 490.8 492 492.8 492.8 492.5 492.2 491.3 490.3 488.8 482.8 471 460.6 454 442.9 439.7 434 427.3 419.5 415.7 414.1 412.8 414.9 410.3 405 396.2 392.3 389.9 387.9 386.9 386.4 386
610.2 609.6 609.1 608.1 606.4 605.4 606.6 604.8 601.8 599.1 596 594.3 592.1 589.2 587.3 586.2 585.6 582.7 579 572.9 569.2 566.8 563.8 560.3 561.9 561.1 558.2 554.5 547.8 543.9 540.8 538.6 536.7 536.8 536.2 535.7 533.3 528.9 520.9 502.3 487 467.2 459.9 482.3 491.3 496.1 499.2 503.1 504.1 503.1 502.2 499.7 496.2 495.8 494.7 493.9 491.3 483.7 473.5 461.6 452.8 447.7 442.5 435.8 429.4 425.3 423.6 421.3 423.1 422.5 417.9 409.9 403.8 400.4 395.6 393 390.7 390.2
609 608.5 607.5 606.8 606 607.6 606.6 603.2 601.1 598.2 595.1 594.8 593.4 590.4 588.7 587.7 585.2 584.1 581.8 576 570.5 566.5 565.3 563.5 563.1 562.6 560 555.2 549.3 546.5 543.4 541.1 539.5 538.3 538 537.5 534.4 529.3 517.4 497 479.4 462.6 485.6 495.5 504 508.9 515.7 521.6 521.6 517.6 511.1 508.4 504.5 501.6 498.7 498 496.5 491.6 481.9 469.6 464.4 458.6 450.8 446.2 440 437.4 435.5 433.2 431.7 431.2 428.2 420.4 419.6 418.2 409.1 403.3 399.2 397.7
606.2 606.2 606.7 605.5 606 606.6 605.1 602.2 599.3 596.8 595.4 594.3 593.9 591.7 590.2 588.3 586.7 585.1 581.6 575.5 571.5 567.4 565 564 564.3 562.6 559.5 554.2 551.4 547.9 544.1 541.6 541.2 540.4 539.7 537.9 534.2 528.1 509.1 491.3 466.4 485.2 501.3 509 518.6 524 531.9 534.5 533.9 531 525.3 520 513.3 509.7 506.8 504.3 499.9 496.9 487.1 481.3 478.3 471.2 464.6 457 452.7 449.5 447.3 447.3 445.1 444.8 443 443.2 434.6 430.1 424.1 420.3 415.3 411.4
602.7 604.4 606 606.5 605.1 605.2 602.4 599.7 597.3 596.5 594.3 594.3 594.1 591.8 590 588.2 587.5 585.9 581.8 576.8 574 568.4 565 563.6 563.7 561.2 558.3 553.6 551.9 548.3 544 542.7 541.6 540.3 539.7 537.4 532.5 524.2 503.9 487.5 482 503.1 510.3 523.7 533.6 537.5 540.7 542.5 542.2 539.8 537 531 524.3 517.7 514.7 510.2 504.2 497.9 495.9 493.5 487.9 483.3 478.7 471.6 468.8 465.7 462.5 458.6 458 460 459.6 455.1 451.3 447.5 437.8 435.5 432.3 426
599.6 603.1 604 603.5 602.3 601.2 599.8 597.8 596.8 595.2 594.3 594.3 592.9 590.8 589.8 588.4 586.3 584.4 582.9 579.4 575.6 569.9 565.6 564 561.9 559 556.6 554.6 551.1 547.1 543.9 542.2 540.6 538.9 538.3 535.9 530.3 517.1 499.3 482.9 498.8 512.1 524.2 535.2 540.3 543.1 545.1 547.1 547.6 546.2 543.2 539.8 534.1 529.8 523 514.7 509.9 505.9 503.5 502.8 500.4 494.2 492 486.7 483.9 479.5 474.9 473.7 469.2 472.2 473.6 469.3 466.9 463 459.8 453.6 448.9 444.4
599.6 600.2 599.5 598.8 598.6 596.5 596.5 597.4 595.8 593.3 593 593.4 591.5 590.1 589 588.3 587.6 585.3 584 581.6 575.6 570 566.2 564.1 559.8 557.3 555.7 552.9 549.8 546.2 543.8 541.7 540.1 538.4 534.9 534.1 528.4 514.6 496.8 486 507.3 523.9 534.4 539.6 543.6 546.7 548.1 549.5 550.3 549.6 547.3 544.8 542.2 536.8 529.2 522.8 517.7 515.6 513.3 511.2 509 505.6 502 499 496.7 493.8 491.1 486.8 484.9 486.3 486.2 481.6 479.8 476.3 473.7 471.2 467.3 464
596.6 595.4 594.9 594.4 596 595.8 595.8 595.1 593.6 591.1 592.4 592.1 591.3 589.4 587.8 588.2 587.4 586 583.9 580.7 574.9 571.5 567.5 563.3 561.8 559.3 555.6 552.4 548.3 546.7 542.8 539.9 538.4 536.7 534.8 530.9 525.4 512.1 494 497 517.9 533 538.7 541.7 545.6 547.6 549.2 550.6 552 551.2 549.9 548.8 545.6 541.6 537.2 532.6 527.9 524.2 522.7 520.3 517.6 514.7 511.3 509.4 507.3 504.2 502.9 501.1 497 497.3 499.1 496.1 494.6 492.7 487.5 483.1 479.5 476.8
592.1 591 592.3 593.1 593.6 592.4 591.8 592 590.9 591.2 591.7 592.4 590.7 588.2 587.4 587.2 586.7 585.3 583.4 578.6 574.2 570.9 568.1 565.2 562.9 560 555.9 551.7 548.4 546.8 542.4 539.4 535.9 533.8 530.8 526.1 520.1 503.3 494.1 508.1 528.3 536.8 540.2 542.4 546.4 548.2 549.8 550.7 550.1 551.7 552 550.8 548.6 545.1 543.2 539.9 535.9 531.9 529.2 527.5 526 524.1 520.7 519.3 516.7 515.7 511.8 509.7 509 508.1 505.9 505.5 506 504.8 502.2 497.7 494.2 488.7
589.1 588.8 590.2 590.5 590.1 588.4 588.9 588.6 590.1 589.4 591.4 591.7 590.4 588.9 586.6 587 585.8 585.1 581.4 576 572.2 570.5 568.9 565 562.9 560.3 556 550.3 547.8 544.1 540.5 536.4 533.4 528.5 517.5 514.8 507.4 504.4 504.4 520.8 532.8 539.1 541.7 543.2 546.2 548.4 549.9 551.2 551.7 550.9 552.4 551.5 551.2 548.8 546.6 544.4 542.4 539.7 536.8 534.7 533 530.4 528.4 525.9 525.1 522.1 520.8 519 517.1 515.3 513 511.1 511 510.6 509.1 507.1 502.9 501
585.9 585.1 585.9 586.4 584.8 586.7 587 586.8 587.8 588.7 591.6 590.9 589.7 588.4 586.9 585.5 584.9 583.8 580.3 575.6 573.3 571.7 568.6 564.6 562.1 559.7 553.9 547.9 544.5 541.1 535.9 531.5 525.7 526.1 530.3 528.4 522.7 512.6 514.7 530 536.3 539.3 542.1 542.8 546 548.7 551.4 551.1 552.3 552.6 552.7 551.9 553.1 551.2 550.4 548 547.3 545.2 543.4 541.2 538.4 536.2 534 532.1 531.5 529.2 528.1 525.5 524.1 521.9 519.2 518 517.3 516.2 513.7 512.9 511.8 510.4
580.9 580 580.2 581.8 582.9 583.6 586.4 587.3 587.1 588.8 590.1 589.8 588.6 586.6 584.6 584.9 583.5 583.5 580.1 575.8 573.2 570.9 567 563.2 560.9 557.5 550.3 546.3 541.6 541.3 539.3 538 536.5 534.3 532.9 529.6 526.8 517 524.5 532.8 537.2 539.2 541.8 543.4 546.5 550.2 553.2 552.6 553.6 554.7 554.6 554.5 554.2 554.3 553.3 552 551.2 549.4 548.1 547.3 544.7 543.7 541.9 540.4 539.6 536.9 535.3 532.6 530.3 528.6 526.1 524.6 524 521.1 519.6 517.7 516.2 515.2
574.6 575.6 576.8 578.2 580.4 583.4 585.4 586.3 586.4 586.7 588.3 588.1 586.9 585.9 584.2 583.7 584.1 582.7 579.1 575.2 573.2 569.7 566.2 561.7 559.2 553.3 547 547.7 545.7 543.3 541.7 541 538.9 536.4 534.2 532.1 527.6 521.5 528.9 534.6 538.4 540.7 542.4 543.5 546.5 550.9 554.4 555.5 556.7 558.1 558.7 558 556.8 555.6 555.3 554.3 553.8 552.6 552.1 550.7 549.8 549.5 549.2 548.4 547.5 544.9 542.8 541.5 540 537.8 536.6 535.2 533.2 528.7 526.3 524.1 521.9 520
568.1 571.2 572.5 574.7 577.8 582.4 585.1 586.3 587.2 587.4 587.1 586.1 585.2 584 583.4 580.7 581.3 579.3 577 572.8 571 568 563.5 559.4 554.6 557.4 556.1 553.2 549.7 546 545.4 544 541.7 538.5 536.3 534.1 530.8 525.5 531 535.3 538.2 540.6 542.6 544 546.3 550.8 555.1 557.2 558.2 559.3 560.2 560.7 559.5 558.3 557.2 556.6 555.7 555.8 555.6 555.3 554.3 554.1 554.4 553.6 553.2 551.9 550.8 549.9 548.4 547.9 547.2 545.8 543.7 539.5 533.9 530.5 527 525.3
565.3 566.5 569.5 573.6 577 582 584.1 584.6 586 587 588.1 587.7 585.7 583.7 579.9 576.6 577.6 570.5 570.1 568.5 566.6 562.5 560.4 561 563 562.2 560 556.2 550.3 549.6 548.1 546.3 544.1 541.1 538.4 536.2 533.2 528.8 532.6 535 538 540.4 542.6 544.2 547.1 550.1 554.3 557.1 558 559.4 560.8 562 562.3 561 559.8 558.6 558.1 558.5 559.4 558.7 558.3 558.4 558 558.7 556.9 556 555.5 555.9 554.5 553.4 552.6 551.4 549.9 546.6 542.9 539.4 534.4 532.1
