data/390000-70000.asc
ncols 200
nrows 200
xllcorner 390000
yllcorner 70000
cellsize 50
[rows 38 to 75 of 200, columns 84 to 167 of 200]
59 60.2 54.6 50.9 51.3 47.7 47.8 57.7 66.7 72.3 77.7 86.7 98.2 117.1 132.2 150.6 152.5 150.9 148.7 146.4 143.2 139.1 128 105 91.1 89.4 106.7 124.6 137 138.3 137.5 135.4 133.3 131.2 129.1 126.1 109.4 118.3 124.5 123.7 122.5 121.6 120.3 118.8 113.4 99.5 86.1 74.8 80.2 86.5 98.3 111.8 111.6 108.9 100.9 90.2 95.2 105.4 124.1 127.4 129.3 130.5 131.8 133.5 137 142.6 146.6 147.1 147.5 147.9 147.9 147.4 147.8 147.1 146.1 145.5 144.9 143.9 143.2 142.3 141.5 140.6 140.4 140.1
61.5 55.1 51 48.3 45.7 44.2 49.9 60.4 67.1 72.8 78.5 87.6 97.9 115.1 129.4 149.4 152.2 150.6 148.3 146 142.1 135.6 112.3 98.1 85.3 87.4 103.4 122.6 137 138.1 136.8 134.7 132.6 130.5 128.5 125.8 105.9 105.4 119.9 122.4 121.5 119.7 118.2 110.9 94.2 77.2 73.4 87.6 100.2 108.8 97.2 102.9 111.9 109.1 103.4 92.4 97.5 111.4 122.3 125.8 125.7 126.7 127.7 130.7 135.8 143.1 145.1 146.2 147 147.1 146.3 145.5 145.7 145.1 143.9 143.1 142.6 141.7 141.1 140.4 139.5 138.7 138.6 138.3
62.5 53.5 48.9 47.1 44.2 44.6 52.9 60.8 67.4 73.1 79.7 89.1 100.4 113.1 126.9 148.3 151.6 150.2 147.9 145.4 141.3 123.1 104.9 91.1 80.3 85.4 102.1 120.4 136.3 137.3 136.1 134 131.9 129.9 127.8 125.2 110.5 95.8 100.1 116.5 120 118.4 111 92.3 73.9 74.3 92.2 106.7 114.6 115.7 115.2 109.3 101 107.8 103.3 97.3 104.5 116.4 120.7 121.3 121.8 123.3 124.9 129.9 135.7 142.7 143.2 145 145.8 145.1 144.5 143.8 143.2 142.9 141.3 140.7 140.2 139.5 138.9 138.2 137.6 136.7 136.8 136.7
65.8 55.1 49 46.4 40 45.2 54.6 61.7 67.7 73.2 81 90.1 100.7 113.2 126.6 148.1 151.3 149.8 147.3 144.6 139.5 115.5 98 84.3 75.3 83 100.9 119.3 135 136.8 135.4 133.2 131.2 129.1 126.7 124.8 118.5 99.2 83.8 95.4 115.8 114 97 74 69.7 88.7 110 116.3 116.6 116.4 116.2 114.8 112.5 108.2 104.8 104.7 109.4 115 118.8 117.1 119 121.2 124.8 130.4 136.6 142 143.2 143.9 143.9 143.2 142.6 142 141.4 140.2 138.4 137.6 135.9 135.4 135.6 135.6 135.9 134.8 134.7 134.7
67.9 60.2 51.9 46.2 38.3 45.8 55 60.7 65.8 72.3 81.1 90.8 101.2 114.5 127.4 147.3 151.2 149.1 146.4 142.9 127.9 106.3 92.2 78.8 72.4 80.5 100.4 116.6 134.3 136.6 135.1 132.6 129.1 126.3 122.1 118.8 117.1 107.4 81.9 84.1 105 100.8 81.2 65.9 78.4 100.5 115.9 116.1 115.9 115.6 116.1 114.8 113 110 107.8 108.6 111 113.9 115.6 116.5 118.5 122.2 126.7 132.4 139.3 141 142 142.3 142 141.4 140.8 140.1 139.3 137.2 135.1 133.4 131.5 131.1 131.2 133 134.1 132.8 132.9 132.9
68 62.7 56 47.5 38.6 45.5 54.1 60.5 65.4 73 81.7 89.8 104.6 116.2 130 149.9 151.2 149 145.8 137.6 114.7 100.2 86.1 75.6 69.9 80.3 98.9 116.4 133.4 136.2 134.7 131.1 125.6 113.7 102.8 97.4 93.9 86.3 74.9 70.9 85.8 80.4 66.6 65.2 76.1 89.2 105.5 115.1 115.1 115 115.8 114.6 113.5 112.5 109.8 110 111.6 112.7 115.9 117.8 121 125.1 129.5 134.8 140 139.8 140.3 140.2 140 139.6 138.9 138.3 136.2 134.1 132 126.5 122.4 124.9 126 129.7 131.7 131 131.4 132
67.2 64 56.6 47.9 36.3 44.4 53.7 59.7 65.8 72.7 81.6 91 105.5 118.4 134.8 151.1 151.4 148.9 145.1 123.1 106.5 93.2 79.1 70.6 68.3 80 100.3 115.4 133 135.6 133.1 124 108.2 93.7 79.4 74.1 69.3 65.9 62.6 62.5 67 64.1 62.3 76.8 87 84.5 91.1 107 113.8 114.7 115.5 115.3 114.4 113.5 112.1 111.9 113.5 115.2 117.5 120.9 124.7 128.6 133 136.5 138.7 137.6 137.6 137.7 137.7 137.6 137.1 135.8 133.5 130.9 126.7 115.5 108.9 110.3 117 126.9 130 130.4 130.7 131.6
62.7 59.3 56.3 48.8 35.1 39.4 51.3 58.6 65.2 73.1 83.2 92.6 106.9 118 135.9 151.1 151.2 148.5 138.5 112.4 99.9 86.6 73.8 66.3 68.5 81.1 99.3 115.9 133.5 134.5 126.9 108.3 91.4 72 54.9 50.3 50.4 51.3 55.5 56.8 59 65.7 76.2 95.9 107.9 107.3 95.5 114 114.4 114.8 115.7 115.5 114.6 114.6 114.1 114.4 116 119.2 121.7 124.7 127.9 131.7 134.7 136.6 136.6 135.8 133.6 134.3 134.6 135.2 135.1 133.3 131.2 127.8 116.7 106 97.4 100.7 114.1 125.1 128.7 129.9 126 124.8
58.9 55 51.4 47.7 35.6 35.4 48.2 58.5 64.5 74.8 84 93.8 107.2 119 135.2 150.9 150.9 147.5 130.8 108.1 94.1 79.3 70.3 64.2 68.7 80.9 99.5 115 131.7 131.7 110.8 88.5 68.1 60 46.2 48.8 55.5 59.5 61.4 67.2 78 87.5 98.2 111.7 114.6 112.1 103.5 115.3 115.3 115.5 116.2 116.7 116.7 116.8 116.4 117.8 120.2 124 126 128.9 131.1 132.7 134.5 135.1 135.3 133.4 130.9 129.9 131.5 132.6 133.3 131.9 129.5 120.1 106.9 97.1 91.6 98.1 112.7 123.2 128.1 128.1 117.4 107.7
56.1 51.7 48.4 43.4 34.2 34.8 48.8 59.5 65.2 74.5 84.8 94.5 107.2 118.8 135.2 151.2 151 146.8 124.9 103.3 88.5 75.5 68.3 63 68.8 81.3 97.8 114.1 130.1 113.5 93.2 72.4 57.3 48.2 46.8 63.6 75 74 73.3 88.8 102.1 111.1 114.9 115.1 115.8 109 113.9 116.1 116.5 116.5 117 118 119 119 119.2 121.9 124.6 127.8 129.3 130.7 131.1 130.9 131.1 132 131.8 130.9 127.8 124.1 127.4 129.7 131.1 130.8 128 113.1 101 92.8 84.3 94.1 110.4 121.7 126.5 126.3 119.8 102.5
55.1 51.6 47.5 41.5 30.2 38.3 49.6 60.1 66.1 73.9 83.8 94.3 106.7 120.2 137.1 152.4 151.3 147.6 123 99.9 84.4 73.3 66.2 62.1 67 79.4 95.9 108 112.5 96.4 75.8 61.4 48.8 38 60 77.3 91.4 95.5 87.4 104.7 117.2 116.4 115.7 115.2 115.1 112 115.3 116 116.7 117.4 117.9 118.5 120.1 121.2 123.4 125.9 127.9 130.2 130.7 130.3 128.6 127 126.3 127.2 128.5 127.3 122.8 115.9 121.6 126.9 129.1 129.3 125.3 108.8 98.5 89.5 81.9 90.7 106.5 118.8 124.8 122.3 110.3 98.3
52 49.1 46.3 37.8 29.3 38.9 51.7 60.1 66.2 73.5 83.7 92.9 106.1 120.7 138.8 153.1 152.1 148.4 125.1 102.7 82.2 72.4 65.3 60.7 64.7 74.1 82.1 85.7 88.8 80.5 63.2 55.7 42.2 45.8 68.2 87.7 108.5 109.8 96.9 111.8 117.7 117.2 116.4 115.7 114.9 115.1 115.6 116.3 117.1 117.9 118.7 119.2 120.7 123.2 126.2 127.8 128.4 129.2 129.1 127.6 125.2 123.3 121.8 122.2 123.6 121.6 117.3 107.7 115 122.6 126.4 126.8 123.9 107.2 96.6 86.6 77.6 86.7 99.7 114 122.2 112.8 96.8 90.3
50.3 44.8 41.3 32.3 29.2 42.5 52.8 59 65.3 74 82.9 91.6 105 122.2 139.1 153.9 152.7 148 125.9 103 84.7 71.7 64.1 58.4 60.7 67.2 70 71 68.5 61.7 58 46 34.4 57 75.3 96.9 117 113.1 104.7 116.6 117.8 117.4 116.9 116.4 115.7 115.9 116.2 116.8 117.5 118.4 119.1 119.5 120.9 124 126.5 126.8 126.1 125.8 125.1 124.2 122.9 119.3 115 115.7 115.6 117.1 111.9 102.2 110.5 118.4 123.5 125 121.9 105.8 93.2 82.6 75.1 83.9 93.4 104.6 111.5 102.3 89.4 85.9
47.6 44.1 38.7 26.5 29.7 44.4 52.3 57.5 64.8 67.6 80.1 89.7 104.4 121.5 138.1 154 153.1 149.3 133.5 108.2 84.3 72.6 64.7 58.6 57.2 61.7 62.7 60.7 58.3 53.3 49.7 30.2 42.3 62.5 83.1 104.3 119.6 115.6 111.1 117.1 117.9 117.5 117 116.7 116.7 116.7 116.8 117.3 118.1 118.8 118.9 118.6 119.8 121.9 123.9 124.3 123.1 122 120.2 120.4 119.9 116.7 110.9 108.9 111.4 111.3 107.8 97.5 103.9 114.3 120.8 122.7 117.9 103.2 89.7 79.8 71.4 79.3 88.7 98.6 103.1 97.2 84.3 78.9
41.7 39.8 36.8 19.4 32.6 44.7 48.8 47.5 52.2 53.6 59.1 78.1 98.1 117.5 134.9 153.1 153.1 149 141.1 112.5 88.1 75.3 67.7 59.3 53.1 56.5 57.1 53.6 52.2 49.4 36.6 29.5 50.7 68.8 89.5 112.2 120 119 114.6 115.8 117.4 117.7 117.4 117.1 117.2 117.5 117.6 117.7 118.3 117.3 116.6 116.2 117.1 118.9 120.2 119.9 118.3 116.2 116 116.3 115.5 114.7 110.4 104.2 103.3 104.1 101.6 92.5 96.5 109.1 118.2 118.5 113.2 103.3 89.3 75.4 67 74 82.5 91.1 94.8 88.4 77.4 73.2
37.9 35.9 33.9 19.2 34.8 29.4 6.4 -0.5 -0.5 6.7 28.7 58 61.3 69 99.1 148.2 152.7 149.7 144.4 119.2 91.5 77 71 61.5 54 47.3 53.6 51.2 47.5 40 23.6 45.6 55.6 76.2 97 117.8 121.3 119.8 117.4 116.8 116.8 117.8 117.8 117.5 117.6 118.1 118.3 118.5 117.8 115.8 113.8 112.7 112.5 114.1 114.5 114 113.8 112.1 110.6 109.7 110.5 111.1 108.8 102.8 94.2 94.5 90.3 85.5 93.9 108.1 116.9 116.5 109.3 98.7 88.3 75.8 65.9 66.2 74.1 80.6 84.5 79.8 69.9 63.5
24.6 20.8 26.9 14.5 -0.5 -0.5 -0.5 -0.5 -0.5 -0.5 -0.5 17 45.9 59.9 71.5 115.8 151.4 149.8 144.1 133 97.9 82.9 74.3 63.7 57.1 50.7 40.4 47.9 44.9 31.7 23.2 48.5 64.1 83.3 104.4 121.9 122.2 120.7 119 117.2 117.4 117.4 117.7 117.9 118 118.5 118.5 117.6 117 114.4 111.5 110.6 110.2 110.1 112.1 110.5 108.2 106.9 105.5 104.2 106.5 107.8 106.9 102.9 93.7 84.1 80.9 83.4 96 109.6 117 116 107.5 95 83.7 75.2 66.3 59.6 62 69.2 75.4 74 64.7 54.6
-0.5 -0.5 -0.5 -0.5 -0.5 -0.5 -0.5 -0.5 -0.5 -0.5 -0.5 8.7 27.8 38.9 62.3 85.6 115.8 142 143.8 130.3 100.5 83.6 74.7 65.6 59.5 53 41.9 40.3 35.1 21.8 24.4 48.9 67.5 89.2 110.3 124.3 122.5 121 119.5 118 117.8 117.9 118 118.1 118.3 118.8 119.2 117.8 116.1 113.6 110.9 107 105.2 104.9 105.1 104.1 102.5 102.8 101.4 99.2 101.7 103.8 103.8 100 92 81.7 78 84.3 97 111.7 117.8 116.5 111.5 100.8 88.9 79.8 72.2 63.8 55 56.5 65.2 66.7 60.5 50.9
-0.5 -0.5 -0.5 -0.5 -0.5 -0.5 -0.5 -0.5 -0.5 -0.5 -0.5 12.6 15.7 37.8 61.8 74 80.9 104.8 89.7 77 71.1 55.5 53.5 55.8 37.6 33.5 48.3 34.8 27 15.1 28.3 50 72.5 94.5 116.6 124.7 122.9 121.3 119.8 118.7 118.3 118.3 118.4 118.8 119.1 119.2 119.5 118.9 117.6 113.9 110.5 105.3 101.7 101.1 100 98.3 97.5 97.8 97.5 95 95.9 99.4 99.9 96 87.6 76.6 76.3 84 96.1 113 118.2 118.4 116.2 110.2 99.4 87.5 77.8 69.1 61.2 49.1 50.4 57.6 46.9 51.1
-0.5 -0.5 -0.5 -0.5 -0.5 -0.5 -0.5 -0.5 -0.5 -0.5 -0.5 4.7 13.9 31.3 50.2 63.1 71.3 73.7 70.2 66.1 57.4 48.4 34.7 22.6 -0.5 -0.5 -0.5 7.8 30.2 14.9 28.7 50.5 76.8 98.4 120.8 124.8 123.3 121.6 120.1 119.5 118.9 118.9 119.2 119.6 119.8 120 120.5 120.5 118.9 114.5 109.9 104.8 100.8 97.3 94.5 92.7 92.4 92.5 92.2 89.7 90.5 94.3 94.7 89.3 79.4 71.3 76.1 84.3 97.2 113.5 118.2 118.6 117.8 115.2 108.9 96.6 84.7 73.9 65.7 59.3 45.8 41.6 50.1 59.2
-0.5 -0.5 -0.5 -0.5 -0.5 -0.5 -0.5 -0.5 -0.5 -0.5 -0.5 -0.5 11.5 17.5 38.5 50.7 50.4 41.4 37.9 46.7 39.7 35.5 24.9 10.5 -0.5 -0.5 -0.5 -0.5 6.4 15.6 28 46 82.1 103 122.7 123.9 123 121.6 120.9 120.2 119.6 119.7 120 120.3 120.6 120.9 121.2 121.3 119.5 115.5 111.5 106.6 102.6 97.8 91 87.7 87.3 87.3 86.6 85.2 85.7 89.5 89.7 82.6 72.4 69.1 75.8 85.3 98.9 115.1 117.7 118 117.6 116.9 114.5 107.1 93.7 79.6 70 61.8 49.5 38.2 52.9 60.3
-0.5 -0.5 -0.5 -0.5 -0.5 -0.5 -0.5 -0.5 -0.5 -0.5 -0.5 -0.5 0.3 12.1 25.4 33.5 23.3 -0.5 0.8 1.1 12.6 11.2 6.2 -0.5 -0.5 -0.5 -0.5 -0.5 -0.5 16.7 28.3 43.4 72.3 109 125.3 124.7 123.2 121.6 121.2 120.7 120.1 120.1 120.3 120.5 120.7 120.7 121.2 121.3 119.8 116.9 113.1 109.2 105 99.9 93.2 87 83.2 82.9 82.1 80.5 81.2 83.7 83.7 76.6 67.4 68.3 76 85.9 100 113.4 116.1 116.3 116.2 116 115.3 112.4 101.4 84.9 71.6 61.5 49.1 36.3 49.1 55.1
-0.5 -0.5 -0.5 -0.5 -0.5 -0.5 -0.5 -0.5 -0.5 -0.5 -0.5 -0.5 -0.5 -0.5 5.9 -0.5 -0.5 -0.5 -0.5 -0.5 -0.5 -0.5 -0.5 -0.5 -0.5 -0.5 -0.5 -0.5 -0.5 15.1 27.7 44.9 77.7 112.9 125.9 125.2 123.7 122 121.4 121 120.5 120.6 120.8 120.7 120.6 120.2 120.6 120.6 119.3 116.9 113.9 111.2 107.8 104.3 98.6 92.1 85.1 80.6 78.1 75.9 76.6 78.3 79.2 73.2 64.7 68.5 75.9 88.3 101.5 112 113.4 114.2 114.8 115.2 115.2 112.6 106.7 89.2 74.2 64.2 53.3 35.2 37.7 47.2
-0.5 -0.5 -0.5 -0.5 -0.5 -0.5 -0.5 -0.5 -0.5 -0.5 -0.5 -0.5 -0.5 -0.5 -0.3 -0.5 -0.5 -0.5 -0.5 -0.5 -0.5 -0.5 -0.5 -0.5 -0.5 -0.5 -0.5 -0.5 -0.5 13 29.3 49.2 80.8 117.9 126.7 125.6 124 122.4 121.6 121.2 120.8 120.7 120.6 120.6 120.1 119.3 118.9 118.4 117.4 116.2 113.6 110.9 110.1 108.6 106.2 101.3 94.4 87.2 80.6 74.8 71.9 72.4 73.7 69.7 61.3 68.3 76.5 89.7 101.6 108.9 111 112 112.9 113.7 114.1 112.8 108.9 95.9 79.1 66.8 55.8 43.5 30.6 31.1
-0.5 -0.5 -0.5 -0.5 -0.5 -0.5 -0.5 -0.5 -0.5 -0.5 -0.5 -0.5 -0.5 -0.5 -0.5 -0.5 -0.5 -0.5 -0.5 -0.5 -0.5 -0.5 -0.5 -0.5 -0.5 -0.5 -0.5 -0.5 -0.5 15.2 35.3 53.4 82.9 119.9 127.1 125.4 123.8 122.1 121.3 121 120.7 120.6 120.2 119.9 119.3 118.7 117.7 116.5 115.2 113.7 111.6 109.6 110.3 111.3 111.6 108.8 103.9 97.5 89.8 82.7 76.6 70.2 65.6 66.8 58.9 65.2 74.4 88.1 96.9 102.8 105.2 108.3 110.9 112.4 112.5 111.2 107.4 98.8 85.7 72.5 61 50.3 41 27.2
-0.5 -0.5 -0.5 -0.5 -0.5 -0.5 -0.5 -0.5 -0.5 -0.5 -0.5 -0.5 -0.5 -0.5 -0.5 -0.5 -0.5 -0.5 -0.5 -0.5 -0.5 -0.5 -0.5 -0.5 -0.5 -0.5 -0.5 -0.5 12.8 26.6 42.7 53.4 80.1 123.4 126.7 125.3 123.5 121.7 121 120.7 120 119.6 119.3 118.8 117.8 116.6 115.6 114.4 112.9 111.2 109.2 107.2 108.4 111.1 113.2 111.6 107.7 103 98.2 90.8 83.7 76.4 69.8 61.3 56.3 61.2 71.3 82 89.3 93 95.5 102.8 109.2 110.9 110.6 108.1 102 94.6 86.7 78.4 69.2 60.9 50.2 36.3
-0.5 -0.5 -0.5 -0.5 -0.5 -0.5 -0.5 -0.5 -0.5 -0.5 -0.5 -0.5 -0.5 -0.5 -0.5 -0.5 -0.5 -0.5 -0.5 -0.5 -0.5 -0.5 -0.5 -0.5 -0.5 -0.5 -0.5 6 15.5 25.2 41.3 54.6 82.6 124.6 126 124.3 122.7 121.1 120.2 119.3 118.9 118.6 118.1 117.2 116.2 115 113.7 112.5 110.7 107.7 106.1 104.8 106.1 109.4 111.6 110.9 108.3 105.1 101.3 94.7 88.5 81.8 75.1 65.2 53.7 57.7 65.3 73 76.1 79.1 86.2 99 107.6 109.3 108.3 102.6 94.3 86.5 78.4 73.8 68.1 61.8 51.7 42.6
-0.5 -0.5 -0.5 -0.5 -0.5 -0.5 -0.5 -0.5 -0.5 -0.5 -0.5 -0.5 -0.5 -0.5 -0.5 -0.5 -0.5 -0.5 -0.5 -0.5 -0.5 -0.5 -0.5 -0.5 -0.5 -0.5 -0.5 8.3 20.3 25.2 36.6 53.5 82.6 125.1 125 123 121.2 120 118.8 118 117.9 117.4 116.5 115.7 114.6 113.4 112.2 110.9 109.5 106.6 104.5 102.1 102.6 105.5 107.7 108.5 106.8 104.2 100.9 94.8 89 83 76.4 67.1 54.4 53.8 59.5 62 67.3 75.2 88.6 102 108.3 108.7 104.4 96.6 84.7 73.8 67.3 63.3 58.2 52.6 47.8 40.3
-0.5 -0.5 -0.5 -0.5 -0.5 -0.5 -0.5 -0.5 -0.5 -0.5 -0.5 -0.5 -0.5 -0.5 -0.5 -0.5 -0.5 -0.5 -0.5 -0.5 -0.5 -0.5 -0.5 -0.5 -0.5 -0.5 -0.5 8.5 23.3 29.4 40.2 55.9 85.9 125.6 124 121.6 120 118.8 117.7 116.1 116.4 115.8 115 114.1 113.1 111.8 110.5 109.3 108 105.6 103.1 99.8 98.9 100.7 103 104.7 104.2 101.7 98.7 93.2 87.1 80.2 74.4 68.2 57.9 47.6 52.7 57.6 67.3 80 94.5 106.4 107.4 106.2 99.8 88.5 74.2 63.2 57 52.3 47.6 43.8 40.7 37.1
-0.5 -0.5 -0.5 -0.5 -0.5 -0.5 -0.5 -0.5 -0.5 -0.5 -0.5 -0.5 -0.5 -0.5 -0.5 -0.5 -0.5 -0.5 -0.5 -0.5 -0.5 -0.5 -0.5 -0.5 -0.5 -0.5 -0.5 10.7 24 32.4 41.1 58.7 88.9 125.2 123.3 120.7 118.7 117.5 116.3 115.4 114.8 114.2 113.4 112.5 111.5 110.3 109 107.7 106.4 104.6 101.4 97.6 94.8 95.4 97.2 98.8 99.5 97.5 95 90.6 84.3 77.5 70.1 64.9 60.6 54 46.6 58 68.7 83.8 99.5 106.9 105.9 101.6 90.4 77.9 65.3 55.1 48.7 44.8 38.5 35.4 32.6 17.7
-0.5 -0.5 -0.5 -0.5 -0.5 -0.5 -0.5 -0.5 -0.5 -0.5 -0.5 -0.5 -0.5 -0.5 -0.5 -0.5 -0.5 -0.5 -0.5 -0.5 -0.5 -0.5 -0.5 -0.5 -0.5 -0.5 -0.5 10.7 23.3 31.5 48.5 60 98.4 124.6 122.4 119.8 117.5 116 115 114.2 113.3 112.6 112 111.2 110 108.9 107.6 106.3 105 104 101.5 97.9 92 88 88.1 90.9 92.3 91.7 90.6 87.4 81.8 75.4 68.4 60.9 56.3 49 44.5 59.4 72.1 87.6 102.1 106.2 101.8 90.5 77.2 67.6 57 49.1 42 -0.5 -0.5 -0.5 -0.5 -0.5
-0.5 -0.5 -0.5 -0.5 -0.5 -0.5 -0.5 -0.5 -0.5 -0.5 -0.5 -0.5 -0.5 -0.5 -0.5 -0.5 -0.5 -0.5 -0.5 -0.5 -0.5 -0.5 -0.5 -0.5 -0.5 -0.5 -0.5 12.4 25.5 29.6 49.7 65.2 125.4 124.3 121.9 119.1 116.6 114.5 113.7 112.8 111.9 111.4 110.7 109.6 108.5 107.5 106.2 105 103.8 102.7 101.2 97.7 92.7 85.4 81.1 83 83.9 83.5 82.4 81.4 79.1 74.9 67.7 59.2 48 37.7 51.6 61.9 75.7 90.3 103 102.5 93.3 83.6 70.3 61.4 50 42.3 -0.5 -0.5 -0.5 -0.5 -0.5 -0.5
-0.5 -0.5 -0.5 -0.5 -0.5 -0.5 -0.5 -0.5 -0.5 -0.5 -0.5 -0.5 -0.5 -0.5 -0.5 -0.5 -0.5 -0.5 -0.5 -0.5 -0.5 -0.5 -0.5 -0.5 -0.5 -0.5 -0.5 11 28.1 32.6 49.1 75.2 126 123.7 121.4 118.7 116.1 113.8 112.4 111.1 110.4 110 109.2 108 106.9 105.9 104.9 103.6 102.5 101.5 100.4 97.3 92.4 84.5 77.7 76.1 76 75.3 74.6 75.2 74.6 72.3 67.2 58 41.9 40.2 52.6 62.9 75.8 90.6 102.4 95.8 84.8 71.1 59.9 52.4 44.8 -0.5 -0.5 -0.5 -0.5 -0.5 -0.5 -0.5
-0.5 -0.5 -0.5 -0.5 -0.5 -0.5 -0.5 -0.5 -0.5 -0.5 -0.5 -0.5 -0.5 -0.5 -0.5 -0.5 -0.5 -0.5 -0.5 -0.5 -0.5 -0.5 -0.5 -0.5 -0.5 -0.5 -0.5 -0.5 27.3 40.2 52.6 86.6 125.2 122.8 120.4 118.1 115.8 113.2 111.7 110.2 109.3 108.7 107.6 106.5 105.3 104.3 103.4 102.3 101.2 100.1 99.9 98.1 93.4 87.8 81.1 73.8 70.3 69.7 68.6 69.2 70 68.6 64 55.7 37.3 38.5 52 60.2 70 84.8 93.1 85.7 73.3 62.6 52.4 45.1 37.8 -0.5 -0.5 -0.5 -0.5 -0.5 -0.5 -0.5
-0.5 -0.5 -0.5 -0.5 -0.5 -0.5 -0.5 -0.5 -0.5 -0.5 -0.5 -0.5 -0.5 -0.5 -0.5 -0.5 -0.5 -0.5 -0.5 -0.5 -0.5 -0.5 -0.5 -0.5 -0.5 -0.5 -0.5 -0.5 20.9 44.8 60.5 92 123.9 121.5 119 116.7 114.4 112.3 110.8 109.7 108.8 106.9 105.7 104.6 103.5 102.6 101.7 100.8 99.8 99.9 100.3 98.7 97.2 94.8 89.6 81.7 74.9 70.6 67.3 62.4 65.1 64.9 60.3 53.6 36.7 35 49.3 53.6 60.7 73.9 77.7 73.3 64.3 53.8 45.7 38 -0.5 -0.5 -0.5 -0.5 -0.5 -0.5 -0.5 -0.5
-0.5 -0.5 -0.5 -0.5 -0.5 -0.5 -0.5 -0.5 -0.5 -0.5 -0.5 -0.5 -0.5 -0.5 -0.5 -0.5 -0.5 -0.5 -0.5 -0.5 -0.5 -0.5 -0.5 -0.5 -0.5 -0.5 -0.5 -0.5 14.6 32.8 56.5 77.4 123.1 120.3 117.7 115.5 113.4 111.4 109.9 108.8 108.1 106.5 104.3 102.3 100 101 100.1 99.5 99.4 100 100.4 99.7 99.5 99 95.8 89.5 82.4 75.7 69.2 63 57.8 60.1 55.6 49.4 37.7 31.8 45.1 47.7 52.5 60.2 62.8 60.3 54.3 46.6 39.2 -0.5 -0.5 -0.5 -0.5 -0.5 -0.5 -0.5 -0.5 -0.5
-0.5 -0.5 -0.5 -0.5 -0.5 -0.5 -0.5 -0.5 -0.5 -0.5 -0.5 -0.5 -0.5 -0.5 -0.5 -0.5 -0.5 -0.5 -0.5 -0.5 -0.5 -0.5 -0.5 -0.5 -0.5 -0.5 -0.5 -0.5 9.7 20.1 44.3 65.1 106.7 119.4 116.8 114.4 112.3 110.6 109.2 108 107.1 105.8 104.3 100.7 94 96.5 97.2 98.8 99.2 100.1 100.3 100.8 101.9 101.3 97.4 90.4 82 74.6 69.5 62.5 51.1 46.4 41.5 35.7 29.6 23.9 31.2 38.3 43.9 48.2 51.2 50.8 46 40.7 -0.5 -0.5 -0.5 -0.5 -0.5 -0.5 -0.5 -0.5 -0.5 -0.5
-0.5 -0.5 -0.5 -0.5 -0.5 -0.5 -0.5 -0.5 -0.5 -0.5 -0.5 -0.5 -0.5 -0.5 -0.5 -0.5 -0.5 -0.5 -0.5 -0.5 -0.5 -0.5 -0.5 -0.5 -0.5 -0.5 -0.5 -0.5 3.5 18.6 26.7 50.5 79.8 118.3 115.9 113.4 111.4 109.8 108.4 107.3 105.7 103.1 102.9 98.3 87.5 90.7 97.4 99.8 99.6 100.4 100.9 101.9 103 102.2 98.3 92.9 83.6 73.5 67.4 61.5 57.4 52.6 47.4 44.5 40.1 28.1 23.1 22.5 30.8 40.8 44.4 44.4 40.4 35.4 -0.5 -0.5 -0.5 -0.5 -0.5 -0.5 -0.5 -0.5 -0.5 -0.5
