data/390000-220000.asc
ncols 200
nrows 200
xllcorner 390000
yllcorner 220000
cellsize 50
[rows 0 to 36 of 200, columns 0 to 83 of 200]
14.9 15.1 14.7 14.9 14.7 15.2 15.9 16.5 15.9 16 16.1 16 15.6 15.4 15.4 15.4 15.7 14.3 14 14 14.7 15.2 16 16.7 19.4 17.3 19.4 19.7 20.3 20.6 20.6 20.5 20.2 19.7 19.4 19.3 19.6 19.5 19.4 19.1 18.6 18.2 17.8 17.9 18.1 18.7 19.6 20.3 21.7 22.5 22.7 22.7 24.1 21.9 21.8 21.5 21.3 21.2 21.3 21.4 21.5 21.7 21.7 21.5 21.4 21.8 22.5 23.2 23.8 24.5 24.9 24.8 24.7 24.7 24.6 24.9 25.4 26.2 26.8 27.5 28.5 29.6 30.4 30.9
14.9 15.1 14.4 14.9 16.6 17.3 17.7 17.6 16.5 16.1 16 15.8 15.7 16.7 16.3 17 17 15.8 14.6 14.1 14.5 15.2 15.9 16.7 21.2 17.5 19.4 20.5 20.2 20.7 20.8 20.5 20.2 19.9 19.7 20.1 20 19.9 19.8 19.6 19.2 18.8 18.4 18.6 18.8 18.7 19.5 20.3 21.6 22.3 22.6 21.9 22.7 21.1 20.8 20.9 21.1 21.4 21.7 21.4 21.5 21 21.1 21.1 21.3 21.7 22.3 22.8 23.3 23.6 23.9 24 23.8 23.9 24.4 25 25.7 26.4 27.2 28.2 29.6 30.9 31.7 32.1
14.7 15.1 14 16 17.3 17.6 17.9 17.6 16.8 16.4 16.2 15.9 16.4 17.5 18.1 18.7 18.2 17.3 16.2 15.5 15.2 15.1 15.5 16.5 20.5 17.8 19.2 19.6 20.1 20.7 20.8 21 21 21 19.3 20.3 20.5 20.2 20.1 20 19.9 19.3 19 19.2 18.8 18.5 19.3 20.2 21.2 21.9 22.1 21.2 21.4 20.5 20.4 20.6 21 21.6 21.7 19.9 20.8 19.9 20.4 20.8 21.2 21.7 22.3 22.6 22.6 22.7 22.9 23.5 23.8 23.9 24.8 25.5 26.2 26.9 27.6 28.8 30.5 32.1 33.1 33.6
14.6 14.7 14.8 16.5 17.5 17.8 18 17.7 17.1 16.8 16.5 16.3 17.2 18.5 20.1 21 20.3 18.8 18.4 16.9 16.4 15.8 15.2 16.8 20.8 17.8 18.6 19.1 20 20.7 20.9 20.9 21 21 19.8 20.9 20.5 20.5 20.4 20.7 20.8 19.9 19.5 18.9 18.2 18.3 19.2 20 20.8 21.3 21.6 21.1 20.3 20.6 20.1 20.1 20.3 20.8 20.7 19.3 19.2 19.1 19.7 20.4 21 21.7 21.9 22.1 22.2 22.4 22.8 23.5 23.9 24.1 25.3 26.3 27.2 28 28.8 29.8 31.3 32.8 34.3 35.3
14.8 15.1 15.7 16.8 17.6 17.9 18.2 17.9 17.6 17.3 16.9 17.2 18 19.1 20.9 21.2 20.9 20.3 19.3 18.3 17.3 16.8 16 16.6 17.2 18 18.2 18.6 19.1 20.4 20.8 21.1 21 20.8 20.1 21 20.4 20.4 20.5 20.8 20.7 20.1 19.7 18.8 17.9 18 18.7 19.4 20.4 21 21.2 20.2 19.6 19.7 19.7 19.6 19.7 20 19.9 19.6 19.6 19.8 20.2 20.6 21.1 21.8 22.1 22.2 22.3 22.8 23.2 23.8 24.2 24.8 25.8 26.8 27.8 28.7 29.6 31.6 33.2 34.3 35.4 37.1
14.9 15 16.2 17 17.7 17.9 18.4 18.3 18 17.7 17.4 18.1 19 19.8 21 21.5 22.5 21.6 20.6 18.8 18.8 17.8 16.7 16.9 16.7 18.2 17.8 18.6 19.5 20.5 21.3 21.1 20.8 20.6 20.6 20.9 20.4 20.3 20.6 20.7 20.6 20 20.1 19.3 18.4 17.7 18.3 19.1 19.5 19.6 19.6 18.9 19.2 19.4 19.8 19.3 19.4 19.8 19.9 20 20.2 20.4 20.9 21.1 21.3 21.9 22.4 22.5 22.6 23.1 23.6 24.1 24.4 25.1 26.2 27.3 28.3 29.3 31.2 33.5 35.1 35.9 36.7 38.1
15.6 15.4 17.1 17.5 17.9 18 18.7 18.5 18.4 18.1 18.1 19 19.4 19.8 20.4 22.1 23.4 23.3 22 20.9 20.4 18.9 18.1 17.5 16.6 18.4 18.4 19.2 19.7 20.3 20.9 20.7 20.6 20.4 20.3 20.9 20.3 20 20.3 20.7 20.4 20.5 20.3 19.7 18.8 18.1 18.2 18.6 18.9 18.6 18 19 19.7 19.9 20 19.9 20.2 20.3 20.5 20.7 20.8 21 21.5 21.7 21.8 22.1 22.7 22.8 22.9 23.4 23.8 24 24.3 25.4 26.7 27.8 28.8 31 33.3 35 36.1 37 37.8 39.1
15.2 15.9 16.9 17.7 18.5 18.9 18.9 18.7 18.6 18.4 18.7 19.1 19.5 19.9 20.3 21.9 23.8 25 23.9 22.4 21.5 20.7 19.9 18.6 17 18.6 18.7 19.2 19.5 20 20.5 20.4 20.2 20.1 20 20.8 20.4 20.1 20 20.4 20 20.1 20.1 20 19.4 18.7 18.2 18.3 18.4 18.5 19.2 20.5 20.3 20.4 20.5 20.5 20.6 20.9 21.1 21.3 21.4 21.7 22 22.2 22.3 22.4 23 23.1 23.2 23.6 23.6 23.9 24.2 25.6 27.1 28.4 30.5 32.4 34.4 36.2 37.1 38 38.9 40.2
15.4 16.1 17 18 18.7 19.2 19.1 18.9 18.7 18.6 18.9 19.6 20 19.7 19.4 21.6 23.5 25.3 25.4 24.3 23.7 22.8 21.7 19.7 17.5 18.7 17.6 18.6 19.2 19.6 20.3 20 19.8 19.7 19.7 20.5 20.4 20.2 20 20 19.6 19.8 20 20 19.5 18.9 18.9 18.9 19 18.8 19.7 20.2 20.8 20.9 21.1 21.2 21.2 21.4 21.7 21.9 22 22.3 22.5 22.7 22.8 22.9 23.1 23.4 23.6 23.7 23.7 23.9 25.2 26.4 27.8 29.6 31.6 33.5 35.5 37.2 38.1 39 39.9 40.6
15.6 16.2 17.1 18 19 19.1 19 19 18.7 18.9 19.1 19.7 19.5 19.5 19.1 21.2 22.9 24.1 25.3 26 25.8 24.7 22.9 20.7 17.9 19 17.6 18.3 19 19.7 20 19.8 19.5 19.3 19 20.1 20 19.9 19.7 19.6 19.5 19.7 19.8 19.9 19.5 19 19.2 19.9 19.9 19.7 20.5 21.1 21.6 21.7 21.9 22 21.9 22.1 22.2 22.5 22.7 22.9 23 23.2 23.3 23.4 23.6 23.7 23.9 24.1 24.2 24.7 26.6 27.4 29 30.9 32.6 34.4 36.1 37.6 38.6 39.6 40.4 41.3
16 16.3 17.1 18 18.8 19.1 19.3 19.3 19.1 19.2 19.4 19.9 20.1 19.8 20.4 21 21.9 23 24.2 25.9 26 25.8 23.5 20.1 18.3 19.2 17.5 18.4 19 19.7 19.8 19.5 19.3 19 19 19.9 19.9 19.9 19.8 19.7 19.6 19.5 19.7 19.8 19.6 19.2 19.5 20.8 20.7 20.7 21.2 21.9 22.4 22.6 22.7 22.8 22.6 22.7 22.9 23.1 23.3 23.4 23.4 23.5 23.6 23.7 23.8 24.1 24.4 24.7 24.7 26.2 28 28.7 29.9 31.6 33.3 35 36.7 37.8 38.7 39.6 40.5 41.3
16.3 16.5 16.9 17.7 18.6 18.9 19.1 19.4 19.9 19.9 19.6 20.5 19.9 20.1 20.6 21.2 21.8 22.4 23.1 24.8 26 26 24.2 20.8 19.1 19.3 17.7 18.4 19 19.6 19.6 19.3 19 19 19 19.5 19.7 19.8 19.8 19.8 19.6 19.6 19.6 19.8 19.6 19.3 20.5 21.6 21.6 21.7 22 22.6 23.2 23.4 23.5 23.5 23.3 23.3 23.5 23.7 23.7 23.6 23.5 23.6 23.7 23.9 24 24.5 24.9 25.3 25.3 26.4 29 29.6 30.8 32.6 34.3 35.8 37.1 38 38.9 39.8 40.5 41.3
16.6 16.9 17.4 17.8 18.4 18.7 19.1 20.1 20.6 20.8 20.7 20.1 20.1 20.4 20.7 21.4 22.1 22.7 23.3 23.9 25.9 26 24.8 21.7 19.6 19.4 17.7 18.3 19 19.6 19.3 19.1 19 19 19 19.1 19.5 19.6 19.6 19.6 19.7 19.8 19.9 20.2 20.8 20.7 21.6 22.4 22.5 22.6 22.9 23.3 23.9 24.2 24.4 24.3 24.1 24 24.1 24.2 24.1 23.9 23.8 23.8 23.8 23.9 24.8 25.5 25.6 26 26.5 28.7 30.2 31.3 32.4 33.9 35.3 36.6 37.4 38.2 39.1 39.9 40.2 41.2
17 17.4 17.8 18.3 18.9 18.9 19.6 20.6 20.8 20.5 20.2 20.1 20.2 20.5 21 21.6 22.3 22.9 23.3 23.4 25.3 26 25 22.8 20.7 19.6 18.2 18.3 19 19.3 19.1 19 19 19 19 19 19.3 19.3 19.4 19.5 19.8 20 20.2 20.7 20.6 21.7 22.7 22.9 23.4 23.6 23.8 24.1 24.7 24.8 25.3 25.3 25.2 25 25 25 24.9 24.8 24.7 24.5 24.4 24.8 26.2 26.5 26.7 26.7 28.3 30 31.3 32.5 33.8 35.2 36.1 36.9 37.7 38.5 39.3 40.1 40.5 40.9
17.4 17.9 18.4 18.9 19.5 19.3 19.2 19.9 20.5 20.2 20.2 20.3 20.5 20.6 21.2 21.9 22.5 23.2 23.4 24 25.1 25.9 25.9 24 21.9 19.9 19.2 18.5 19 19.1 19 19 19 19 19 18.9 19.1 19.2 19.4 19.6 19.8 20.2 20.5 21.2 21.9 22.6 23.7 23.7 23.6 24.9 25.2 25.4 25.8 26.3 26.7 26.7 26.5 26.3 26.4 26.4 26.4 26.5 26.6 25.9 26 26.5 27.2 27.9 28.5 28 29.6 31.3 32.5 33.6 35.1 35.6 36.5 37.2 38 38.4 39 39.6 40.1 40.6
17.4 18.4 19 19.5 19.6 19.2 19.6 20 20.4 20.4 20.5 20.5 20.7 20.9 21.3 22 22.7 23.3 23.8 24.3 26 26 25.7 25.3 23.3 20 20.5 19.8 18.9 19 19 19 19 19 18.9 18.9 19.1 19.4 19.7 20 20.3 20.9 21.6 22.3 23.3 24.1 24.8 25 25.3 26.4 26.8 27.2 27.6 27.9 28 28.1 28.2 27.7 28.4 28.4 28.6 28.6 28.9 28.4 27.6 28.1 28.2 28.8 29.5 29.3 30.3 32.1 33.2 34.3 35.2 35.8 36.3 36.7 37.3 37.9 38.5 39.1 39.7 40.2
17 18.4 19.1 19.2 19.3 19.6 20 20.4 20.6 20.7 20.8 20.8 20.9 21.2 21.5 21.8 22.5 23.2 23.6 24 26 25.7 25.4 25.1 24.6 20.1 21.7 20.8 19.9 19 19 19 19 19 19 19.1 19 19.4 19.8 20.7 21.4 22.2 22.9 23.5 24.4 25.5 26.2 26.7 27.3 28 28.6 29 29.1 29 29.1 29.6 30.2 27.7 29 30.4 30.7 30.8 31 30.5 29.5 29.8 30 30.2 30.8 31.5 31.4 31.8 32.6 33.4 34.5 35.1 35.6 36.2 36.8 37.5 38.1 38.7 39.3 39.9
16.6 17.5 18.6 19.2 19.4 20 20.4 20.7 20.9 21 21.1 21.2 21.2 21.3 21.6 21.7 22.4 23.1 23.5 25.4 26 26 25.8 25.6 25.4 20.2 23 22 20.9 19.5 19 19 19 19 19.2 19.4 19.7 20.6 21.1 21.4 22.3 23 23.8 24.6 25.6 26.9 27.7 28.4 29.1 29 29.6 29.5 29.5 29.7 29.8 30.1 31 30.3 29.1 31 31 31 31.4 31.2 30.9 31.2 31.6 31.9 32.6 33.3 33.4 33.4 33.9 34.3 34.5 34.6 35.1 35.7 36.3 36.9 37.5 38.1 38.7 39.6
16.3 17.2 18.1 19 19.6 20.1 20.7 21 20.9 21 21.1 21.5 21.4 21.4 21.6 21.7 22.1 23.1 24 25 25.8 26 26.3 26.5 26.4 20.4 24.1 23.1 22 20.6 19.4 19.1 19 19.1 19.2 19.1 19.8 20.7 21.4 21.7 22.9 23.8 24.6 25.7 27 28.4 29.4 29.9 30.3 30.4 30.2 30 30.2 30.2 30.4 30.6 31 31.2 31.6 31 30.9 31 31.2 31.7 32.3 32.5 32.4 32.4 33.2 34.1 34.5 34.6 35.1 35.4 35.2 34.7 34.9 35.2 35.8 36.4 37 37.6 37.8 38.8
16.1 17 17.7 18.6 19.3 20.5 21 21 20.5 20.4 20.9 21.6 21.7 21.7 21.8 22 22.1 22.6 23.6 24.7 25.5 25.8 26 26.4 27.1 20.5 24.9 24.5 23.2 21.7 20.4 20 19.7 19.4 19.9 20.2 20.9 21.7 22.7 23.6 24.6 24.2 25.7 27 28.3 29.6 31 31.1 31 30.6 30.3 30 30.3 30.6 30.8 30.5 30.7 30.9 31.1 31.1 30.1 31 31.1 31.5 32.8 32.8 32.7 32.8 33.5 34.3 34.7 35.2 35.5 35.9 35.6 34.9 35 35.2 35.4 35.8 36.4 36.8 37 37.9
16.2 16.4 17.2 18.1 18.7 19.1 20.4 20.6 20.7 20.3 20.9 21.5 22 22.1 22.2 22.2 22.3 22.4 23.3 24.4 25.3 25.8 26.3 26.8 27.3 20.6 25.7 25.7 24.3 22.9 21.5 21 20.7 20.6 21.3 21.9 22.6 23.3 24 24.5 25.3 25.9 26.7 27.9 29.3 30.8 31.8 31.5 30.9 30.5 30.3 30.1 30.1 29.9 29.9 29.8 29.8 29.8 30.1 29.9 29.3 30.9 31 31.7 32.6 32.9 33.1 33.3 33.8 34.3 34.5 34.3 34.9 35.6 35.9 35.3 35.1 35.3 35.5 35.7 35.9 36 36.1 36.9
16.7 16.2 16.9 17.6 18 18.8 19.6 19.6 19.2 19.7 20.7 21.3 21.8 22 22.1 22.2 22.3 22.5 22.8 23.7 25.1 26.1 26.6 27 27.3 20.9 25.3 26.4 25.7 24.2 22.7 22 21.7 22 22.6 23.6 24.3 24.8 25.3 25.9 26.6 27.4 28 29.1 30.3 31.1 31.5 31.5 30.8 30.4 30.2 29.9 29.6 29 28.6 28.6 28.6 28.5 28.5 28.8 29.5 30.2 29 29.8 30.8 31.4 32.4 33.2 33.9 34.1 33.8 33.3 34 34.3 34.4 34.8 35.5 35.5 35.7 36 36.2 36.3 35.1 35.5
17.2 16.7 16.4 17 17.6 18.2 18.7 19.2 18.8 19.2 20.2 21 21.5 21.9 22.1 22.1 22.2 22.5 23 23.2 24.8 25.8 26.2 26.6 27.2 21.4 24.4 26.9 26.4 25.7 23.9 22.9 22.8 23.2 24 25.1 25.6 26.1 26.6 27.3 28.1 28.8 29.5 30.2 31.1 31.1 31.2 30.9 30.2 29.7 29.6 29.2 28.9 28 27.5 27.4 27.4 27.5 27.4 28.1 28.7 29 28.4 29 29.8 30.1 31 31.8 32.5 32.7 32.7 32.4 32.8 32.8 32.9 33.6 34.1 35 35.1 35.5 35.9 35.5 34 34.3
17.6 17.1 16.9 16.7 16.9 17.4 17.9 18.4 18.5 18.7 19.7 20.1 20.8 21.6 22 22.1 22.2 22.6 23.1 23.5 24 24.8 25.5 26.3 26.9 22.8 23 27.2 26.7 26.2 24.6 24.2 24.1 24.5 25.4 26.5 26.8 27.1 28.1 29.3 29.7 30.3 30.6 30.6 30.6 30.8 31 30.3 29.5 29 28.8 28.5 27.8 27 26.3 26.2 26.6 26.8 26.8 27.1 27.7 27.8 27.9 28.5 28.9 29.2 29.6 30.3 31 31.4 31.5 31.5 31.5 31.6 32 32.8 33.2 33.6 33.3 34.2 34.7 35 34 34.3
18 18 17.7 17.5 17.3 17.1 17 17.6 18.1 18.2 18.9 19.3 19.9 20.7 21.5 22 22.3 22.8 23.2 23.2 23.2 23.8 24.5 25.5 26.3 24.3 21.4 27.3 26.8 26.2 25.2 25.2 25.4 26 26.5 26.3 26.2 27 28.1 29.2 30.3 30.2 29.7 29.7 29.8 29.6 29.5 29.2 29 28.7 28.1 27.3 26.5 25.8 25.2 25.5 26 26 26.5 26.9 26.9 27.4 27.5 27.9 28.3 28.8 28.9 29.2 29.6 30.1 30.3 30.5 30.7 31.1 31.6 32 32.3 32.7 33 33.1 33.6 33.8 33.9 34.4
18.8 18.7 18.6 18.2 18 17.8 17.6 17.4 17.2 17.7 18.1 18.5 19.1 20.1 21 21.9 22.4 22.9 22.9 23 23.2 23.3 23.9 24.8 26 25.8 21.1 27.3 26.9 26.1 25.7 25.9 26.2 26.9 27.6 27 26.1 26.3 27.4 28.3 28.7 28.5 28.5 28.3 28.1 28 27.9 27.8 27.9 27.6 27 26.2 25.5 25.7 25.4 25.4 26.1 26.3 26.4 26.6 26.6 27.3 27.7 28 28.4 28.4 28.5 28.7 29.2 29.6 30.1 30.5 31 31.4 31.8 32.3 32.4 32.7 33.1 33.2 33.3 33.6 34 34.4
19.5 19.6 19.5 19 18.8 18.6 18.4 18.2 18 17.4 17.8 18.2 19.4 20.5 21.4 21.8 22.2 22.6 23.1 23.6 23.8 24.1 23.9 23.8 24.4 25.5 21.2 26.8 26.9 26.6 26.4 26.7 27 27.5 28 27.2 26.3 26.3 26.5 26.6 26.7 26.7 26.7 26.7 26.6 26.4 26.5 26.7 26.9 26.6 26 25.2 25.4 25.9 26.1 26.2 26.4 26.6 26.8 27.1 27.3 27.1 28.1 28.3 28.5 28.8 28.8 28.8 29.1 29.5 30 30.6 31.3 32 32.4 32.6 32.8 33 33.2 33.5 33.8 34.1 34.4 34.7
19.8 19.9 19.6 19.4 19.4 19.4 19.2 19 18.4 17.5 17.3 18 18.7 19.7 20.5 21.1 21.7 21.8 22.3 22.8 23.3 23.8 24.3 24.3 23.8 24 21.3 26.3 27 26.9 26.7 27.1 27.5 27.8 27.7 27.3 26.4 25.6 25.3 24.8 24.8 24.9 25 25.1 25.2 25.7 26 26 25.9 25.6 24.9 25.1 25.7 26.1 26.3 26.5 26.9 27.1 27.3 27.5 27.8 27.4 28.4 28.7 28.8 29.2 29.2 29.1 29.1 29.6 30 30.5 31.4 33 32.8 32.9 33.1 33.3 33.5 33.7 34.1 34.6 34.9 35.3
20.1 20.1 20 19.9 19.9 19.9 19.9 19.5 18.7 18 17.6 17.6 17.9 18.9 19.2 19.8 20.6 21 21.4 21.9 22.4 22.9 23.4 24 24.6 24.5 21.4 25.5 26.7 26.4 25.9 25.9 25.9 27 27.3 27 26.2 24.9 24 23.6 23.2 23.3 23.8 24.3 24.9 25.5 25.9 25.5 25.2 24.9 24.9 25.4 25.9 26.3 26.5 26.9 27.3 27.5 27.7 27.9 28.3 29.6 28.6 29.1 29.3 29.7 29.6 29.4 29.3 29.7 30.1 30.5 31.6 32.4 33 33.1 33.4 34.3 33.8 34.2 34.6 35.1 35.5 35.6
20.5 20.4 20.3 20.3 20.3 20.3 20.3 20.1 19.5 18.9 18.3 17.9 17.8 17.9 18.5 19.1 19.7 19.9 20.5 21.1 21.7 21.7 22.5 23.1 23.6 23.8 21.6 24.9 25.7 25.6 25.2 25.1 26.4 26.9 26.8 26.3 23.9 23.4 23 23 22.9 23.1 23.5 23.9 24 25.6 25.6 25.2 25.1 24.9 25.4 25.7 26.1 26.5 27 27.4 27.8 28 28.2 28.3 28.9 29.7 29.1 29.5 29.8 30.1 29.9 29.8 29.7 30 30.3 30.4 31 31.7 32.5 33.1 33.6 34.3 34.2 34.6 35.1 35.6 35.9 36
20.3 20.3 20.4 20.5 20.6 20.7 20.7 20.5 20.1 19.9 19.4 19 18.8 18.4 18.1 18.6 18.8 19.1 19.8 20.3 20.8 20.7 21.5 22.1 22.3 22.5 21.7 23.5 24.1 24.5 24 24.2 25.7 26 25.5 23.8 22.4 21.9 22.6 23.1 22.8 22.8 23.1 23.3 23.6 24.3 24.4 25.1 25 25.4 25.9 26.3 26.6 26.9 27.3 27.7 28.1 28.3 28.4 28.6 28.9 29.6 30 29.9 30 30.4 30.2 30.1 30.3 30.5 30.8 30.8 30.8 31.3 32 32.7 33.2 33.9 34.4 34.7 35.2 35.5 35.8 36.2
20.5 20.5 20.6 20.8 20.9 21 21 20.8 20.6 20.4 20.2 20 19.7 18.9 18.7 18.5 18.5 18.9 19.2 19.7 19.6 19.7 20.6 21 21 21.7 22.2 21.9 20.7 21 21.7 20.7 22.3 22.3 21.4 21.8 23 23.1 23.2 23.3 23 23.1 23.2 23.3 23.7 24.7 25.2 25 25.7 26.2 26.5 26.9 27.1 27.3 27.6 28 28.3 28.5 28.7 28.9 29.2 29.5 30 30.3 30.4 30.4 30.6 30.6 30.8 31 31.2 31.3 31.3 31.3 31.5 31.9 32.6 33.3 34.1 34.7 35.2 35.1 35.6 36.3
20.7 20.8 20.9 21 21.1 21.2 21.3 21.2 21 20.8 20.7 20.5 20.4 19.9 19.5 19.1 19 18.6 18.5 18.7 18.9 19.1 19.9 20.7 20.5 21.6 21 21.7 21.2 21.8 21.9 21.8 21.9 22 22.3 23.1 23.3 23.2 23.3 23.6 23.3 23.4 23.5 23.5 23.8 24.5 25.8 25.2 26.5 26.8 26.9 27.1 27.5 27.8 28.1 28.3 28.6 28.8 29.1 29.3 29.6 29.9 30.2 30.3 30.5 30.7 30.9 31.2 31.4 31.6 31.7 31.7 31.7 31.7 31.7 31.9 32.1 32.7 33.6 34.6 35.1 35.5 35.6 36.1
20.9 21 21.1 21.2 21.3 21.5 21.5 21.5 21.4 21.2 21 20.8 21.1 20.7 20.4 20 19.7 19.3 19.1 18.9 19 19.2 19.5 20.3 20 20.9 21.1 21.8 21.3 21.6 22.3 22.6 22.7 22.9 23.3 23.2 23.6 23.8 23.4 23.8 23.6 23.7 23.8 23.6 24.5 25.4 25.8 25.2 26.4 27.1 27 27 27.8 28.1 28.4 28.7 29 29.3 29.5 29.6 30 30.3 30.5 30.5 30.7 31 31.3 31.5 31.8 32 32.1 32.1 32.1 32.1 32.1 32 31.8 32.1 33.2 34.2 34.1 34.9 35.3 36
20.9 21.1 21.3 21.4 21.3 21.6 21.8 21.7 21.8 21.6 21.4 21.4 21.8 21.6 21.2 20.8 20.4 20.1 19.9 19.9 19.8 19.6 19.4 19.8 19.7 19.3 21.1 22 21.9 22.3 23 23.3 23.4 24.4 23.9 23.6 23.8 24.3 24.2 24.2 24.1 23.7 23.2 24.4 25.3 25.8 25.9 25.5 26.5 27.2 27.2 27.1 27.6 28.2 28.7 29.1 29.4 29.5 29.7 29.8 30.1 30.8 30.4 30.5 30.8 31.1 31.6 31.9 32.2 32.4 32.4 32.4 32.3 32.4 32.7 32.6 32.5 32.4 33.2 33.6 33.7 34.4 35.1 35.9
20.9 21 21.3 21.2 21.5 21.8 22 22 22 22 21.8 22 22.3 22.3 21.9 21.4 21.1 20.9 20.8 20.7 20.5 20.2 20 19.7 19.5 19.2 19.6 22.1 22.4 23 23.6 24 24 24.3 23.8 24.7 24.5 24.6 24.6 24.9 25.1 25.1 24 23.8 25.3 26 26.2 26.1 27 27.5 27.3 27.1 27.6 28.2 28.6 29 29.4 29.6 29.8 30.1 30.4 30.8 30.7 30.7 31.1 31.5 31.9 32.3 32.6 32.7 32.7 32.6 32.6 32.9 33.3 33.3 33.2 33 33.3 33.5 33.8 34.3 35 35.8
20.8 20.9 20.9 20.7 21.7 22.1 22.3 22.3 22.2 22.3 22.3 22.3 22.4 22.5 22.5 22.1 21.9 21.6 21.6 21.4 21.2 20.9 20.6 20.3 19.9 19.5 19.8 22.2 22.6 23.7 24.6 24.6 24.5 24.3 24.4 25 25 25 25.6 25.4 25.6 25.7 25.3 24.5 24.2 25 26.8 26.4 26.2 26.7 27 27.1 27.8 28 28.4 28.7 29.1 29.5 29.9 30.3 30.8 30.9 30.9 31 31.3 31.6 31.9 32.5 33 33.2 33 33 33.1 33.4 33.9 33.9 33.9 33.8 33.8 33.9 34 34.5 35.2 35.8
