data/390000-550000.asc
ncols 200
nrows 200
xllcorner 390000
yllcorner 550000
cellsize 50
[rows 140 to 174 of 200, columns 78 to 155 of 200]
394.3 398.1 401.2 404 404.8 405.7 405.6 405.7 405.8 405.9 406.1 405.9 404.9 403.6 402.2 400.8 398.9 397.2 395.4 393.2 390.6 388.1 384.6 380.7 376.4 372.9 369.5 366.2 362.9 358.9 357.6 355.1 353.3 351.9 350.6 349.2 348.6 348.4 348 346.4 345.8 344.8 343.5 341.7 341.7 341.5 340.6 339.9 339 338.7 338.1 337.9 338.4 337.1 336.5 335.7 334.7 333.9 332.1 330.9 330.4 330.6 330.5 328.4 325.7 322.6 320.5 317.7 314.1 311.1 308.5 304.7 300.8 298.1 295.8 292.6 289 286.2
398.9 401.8 404.4 406 406.1 406.1 406.2 406.5 406.7 407 407.1 406.7 406.2 404.6 402.8 401.9 400.2 398.3 396.5 394.7 391.9 389.1 385.1 381.3 378.7 374.4 370.1 367.4 363.6 359.8 358.3 356.1 354.7 353.4 352.1 351.4 350.5 349.3 349.4 349.1 348.4 347.5 345.7 343.7 343 342.6 342.9 342.9 342 341.3 340.2 340.2 340.2 338.6 338.6 338.5 337.4 336.1 334.6 333.2 332.3 331.2 332.3 332.3 330.5 328.4 324.8 320.3 319.3 316.5 312.9 307.9 304 300.6 298 294.6 291.8 289
402.4 405.3 407.7 408 408.2 407.8 407.4 407.5 407.7 407.9 407.9 407.5 407 406.4 404.9 403.1 401.3 399.4 397.6 395.9 393.4 390.5 387.3 383.8 379.7 376.3 372.7 369.2 364.6 361.6 359 357.6 356.3 355.1 353.8 353 353.1 352.7 352.7 351.6 351 349.5 347.2 346.1 345.7 346.2 346.6 345.9 345.1 344.4 342.8 342.7 342.6 340.5 339.4 339.1 339 338 336.7 335.6 334.1 332.9 331.3 331.6 333.2 331.7 328.7 325.9 323.4 320.5 315.8 311 306.4 302.7 299.3 297.4 294.5 291.7
406 408.9 409.8 410 409.7 409.3 408.8 408.6 408.5 408.5 408.4 408.2 407.7 407.1 405.5 404.4 402.3 400.5 398.6 396.8 395 392.1 389 386.5 382.9 377.9 373.8 369 367.3 364.5 362.3 360.7 359.3 357.8 356.3 355.5 355.6 358 357.2 354.8 351.4 349.7 349 348.8 349.7 348.4 350.5 349 348.2 346.7 345.4 345.2 344.5 342.5 341.4 340.4 339.5 339.5 338.4 336.9 335.8 334.6 334 331.5 330.8 332.5 332.5 329.9 326.7 323.2 318 313.3 307.9 302.9 300.8 300 296.6 293.3
409 411 410.5 409.3 410.9 410.6 410 409.6 409.3 409.1 408.6 408.4 408.4 407.3 406.3 405.2 403.8 401.6 399.7 397.9 396.4 393.7 390.2 387.7 383.1 379 373.9 370.1 368.8 367.3 365.8 364.3 362.7 360.1 357.6 358.8 358.8 361 358.5 356.3 354.2 352.8 352.7 351.9 352.1 352.2 352.1 351.7 350.8 349 348 347.7 346.3 344.6 343.5 342.4 341.7 340.2 339.7 338.4 337.5 336.6 336.7 334.8 333 330 330.7 333.1 329.9 326.1 320.4 315.4 309.8 304.9 300.2 301 297.6 294.5
408.7 411 411 410.1 411.6 411.2 411.3 410.5 409.9 409.6 409 408.4 407.9 407.6 407.5 406 405 403.1 401 399 398.1 395.1 391.7 389 385.3 381.4 375.6 372.2 371.9 370.6 369.1 366.6 363.8 361.1 360.6 360.8 360.9 360.9 360.3 359.4 357.5 356.1 356.1 355.9 356.1 355.5 355.2 354.8 353.1 351.3 350.3 350 348.3 346.6 345.6 344.9 344.3 342.9 341.4 340.3 339.3 338.7 338.7 337.1 335.1 332.2 329.8 328.7 332.1 328.9 323.3 317.6 311.7 306.2 301.9 300.5 298.7 296.1
410.6 410.9 410.6 410.9 412.9 412.7 410.6 410.5 410.5 410.6 410 408.9 408.4 408 409 407.6 406.1 404.5 402.1 401.3 400.1 397.1 393.5 390.9 387.2 382.6 377.6 375.7 374.3 372.2 370.7 367.9 365.4 364.3 363.5 363.5 363.5 363.1 362.3 361.7 360.3 359.4 359.5 359.4 360.5 358.7 358.3 357.3 355.5 354.3 353.4 352.3 349.4 348.9 348.2 347.6 347 345.6 344.2 343.1 342 339.8 338.9 339 337.5 335.6 332.4 328.9 328.4 330.6 325.6 319.1 313.2 307.8 303.3 300.4 298.6 296.6
410.9 410.9 410.7 412.4 413.1 413.1 411.3 410.9 410.9 410.9 410.8 411 410.6 409.2 408.4 406.6 405.1 403.8 402.4 401.2 400.9 398.1 393.9 390 386.1 382.2 378.7 377.6 376.6 373.9 371.2 369.1 368.3 367.7 366.5 366 366 365.2 364.4 363.7 363.7 362.2 362.8 362.7 362 361.1 361.1 359.6 358.1 357 356.9 356.8 354.6 352.9 350.8 351.3 349.5 348.3 347 345.8 344 342.3 341.3 340.2 339.9 338.9 336 332.7 326.6 327.3 327.1 319.7 314 309.5 303.5 300.3 298.5 296.5
410.8 410.6 410.5 411.6 412.5 412.5 411.5 410.7 410.6 410.6 410.6 410.6 410.7 409.6 408.1 406.6 404.4 403.2 401.9 401.2 400.5 397 393.6 389.9 385.8 381.7 379.3 378 376.9 375.4 373 371 370.1 370.7 368.9 368.6 368.2 367.4 366.7 365.9 367.9 366.9 366.1 365.7 364.8 363.6 362.6 361.8 361.3 360.7 360.2 360.9 359.2 357.7 355.5 353.4 351.4 350.7 349.5 348.1 346.5 344.9 343.8 342.9 341.2 340.1 338.7 335.4 331.8 318.8 323.5 316.5 311.1 308.9 304.5 301.2 298.7 296.5
410.8 409.5 410.4 411.3 411 410.7 411.4 410.8 410.4 410.3 410.4 410.2 410 409.4 408.4 407.3 406.1 403.3 401.8 401.2 399.4 396.4 393.4 389.9 385.8 382.9 380.9 379.7 378.4 377.5 375.8 374.1 373.3 372.3 371.2 371.1 370.5 370 369.4 368.2 369.9 371.2 369.1 368.6 367.5 365.9 366 366.3 366.4 365.7 365.4 365 362.9 361.2 359.9 358.6 356.8 354.1 351.7 350.3 349 347.4 346.3 345 342.9 341.4 340.3 337.5 334 330.2 321.9 311.5 309.2 308 304.5 301 299 296.6
410.3 410.2 410.1 409.8 409.5 409.2 409.5 410 409.9 409.7 408.5 409.3 409.7 409.1 407.8 406.5 405.8 403.4 401.3 400.1 398.1 396.1 393.3 390 386.6 384.6 382.7 381.5 380.6 379.7 378.5 377.3 376.1 375.1 373.7 373.5 372.6 372 371.6 372.4 373.7 373.1 372.1 371.1 369.3 368.7 368.9 369.4 370.4 370.7 369.8 369.3 367.5 365.7 363.3 361.7 360.7 357.2 353.3 351.5 350.5 349.6 348.5 346.8 344.7 342.7 340.9 338.8 335.9 331.7 326 318.8 307.9 300 304.4 302.4 299.6 296.7
407.9 408.4 409 408.6 408.3 408 406.8 407.2 407.6 406.8 405 406.1 407.2 406.9 405.4 403.8 403.3 402 400.1 398.3 396.1 394.1 392 390.1 387.6 385.1 383.4 382.8 381.9 381.1 380.4 379.3 379 377.6 376.4 375.8 374.9 374.1 375.3 377.3 378.2 376.7 375.3 374 372.8 372.2 371.4 372.1 372.6 372.9 372.5 371.5 371.2 369 365.2 363 360.3 357.2 355.2 353.1 351 350.6 350 348.3 346.4 344.1 341.1 339 334.6 330.8 326.6 320.7 315.8 303.3 300 300.7 297.5 295.4
406.3 407 407.6 407.6 407.2 405.8 404.4 404.4 403.6 402.2 401.3 401 401.9 401 400.4 400.2 399.8 397.7 397.3 396.3 394.2 392.1 390.4 389.2 386.8 384.6 383.8 383.4 382.7 381.9 382.1 381.1 380.2 379.6 378.9 377.9 376.8 376.5 378.3 379.8 379.9 379.7 378.7 377.3 378.2 378.1 375.2 375.3 375.8 376.2 374.4 372.1 371.2 369.1 365 361.3 359.1 357.8 356 354.1 352 351.1 350 348 346.7 344.8 341.7 338.9 333.8 330.5 325.7 320.6 314.3 305.8 295.6 295.9 293.5 291.9
405 405.6 406.2 406.1 404.8 403.5 401.9 401.6 398 397.3 396.9 396 395.2 394.9 394.6 393.7 393.1 393.8 394 393.5 392.3 390.6 389.5 388.4 386.3 385 384.3 383.7 383.4 382.7 383.8 383.1 382.5 381.9 380.3 379.5 379.1 379 379 379.5 381 381 378.8 378.8 378.8 381 378.6 379.1 379.3 379 376.3 373 370.1 367.3 363.6 359.6 359.3 357.8 356 354.2 352.4 351.2 350.7 348.7 346.7 344.3 341.6 337.8 332.7 327.8 323 319.1 313.9 308.7 301.3 289 285.2 282.1
403.4 403.8 403.9 403.1 402.6 401.1 399.5 396.2 392.4 392.5 391.4 389.8 388.9 389 389 388.4 387.1 388.1 389.5 390.4 390.8 390.1 388.8 387.6 386.2 385.5 384.5 383.9 383.9 384.4 385.5 385.4 384.8 383.7 381.8 381.2 380.7 380.7 380.8 381.2 381.4 381.4 380.1 381 381.1 381 379.9 380.6 380.6 379.8 375.9 371.5 368.9 366.8 363.6 361.1 359.3 357.5 355.7 353.9 352.1 351.1 351.2 348.4 345.6 342.7 339.5 334.8 330.1 326 322.1 317.6 312.9 308.6 304.3 299.1 292.9 290.6
401.2 401.5 400.7 399.8 399 398.3 395.8 392.5 389.8 388.2 386.8 385.8 385.2 385.2 384.7 384.3 383.3 382.5 382.3 385 388.9 388.5 387.6 386.1 384.8 383.7 382.8 383.5 384.3 386.1 387 387.4 387 386.3 385.5 384.2 383.8 383.5 383.6 382 382 381.8 381.4 381.5 381 381 381 381 381 378.4 374.9 370 367.7 365.9 363.3 361 359.3 357.2 355.5 353.7 351.9 349.3 348.7 345.3 342 341.5 337.3 331.4 327.9 324.8 321 316.4 311.5 307.5 304.1 300.1 297 295.4
398.1 397.1 396 394.9 394.2 394.1 391.6 389.8 387.8 386.1 383.8 381.8 381.3 380.9 380.5 380.1 379.3 378.3 377.8 378.5 380.8 382.7 384.6 383.4 382.5 381.9 382.4 383.2 384 385.9 387.8 389.3 389.3 389.3 388.4 387.3 386.9 386.6 386 384 382.2 382 381.8 381.4 380.8 381 381 381 380 376.5 372.8 369.4 367.5 365.2 362.7 360.7 359.4 357.7 355.4 353.2 351.5 349.4 346.1 341.4 340.6 339.1 333.9 328.9 325.9 322.8 319.8 314.8 309.3 306.3 303.5 301.2 298.6 296.1
395.5 392.7 391.2 390.6 390.1 389.6 388.5 386.3 385.5 384 381.7 379.3 378.1 377.4 376.9 376.4 375.8 375.2 374.4 374.7 375.5 377.8 379.4 379.9 379.8 381.2 382.1 383 383.8 385.5 387.5 389.4 389.7 389.5 389.6 389.1 389.2 388.7 388 386 383.3 381.9 381.5 381.3 380.3 380.7 381 379.7 377.9 376.1 373 370.5 368.5 365.5 362.6 360.7 359.4 358.2 355.9 353.6 351.3 348 345 341.9 338.4 334.5 330 327 325.3 322.2 321.2 317.3 307.3 304.6 302.1 299.6 296 292.6
392.4 389.8 389.6 388 387.4 386.5 385.4 383.9 383.2 381.7 379.6 377.4 375.4 374.3 373.4 372.8 372.3 371.7 371.1 371.2 371.3 371.4 373.1 374.7 373.8 376.5 379.1 380.2 381.7 384.6 387.3 388.8 389.7 389.1 389.3 389.9 389.6 388.1 388.1 386.7 383.7 382.1 381.2 379.8 378.5 379.3 379.2 377.5 375.6 374.2 371.9 370.1 368.3 365.8 362.7 361.2 359.6 358.2 356.5 354.1 351.5 348.2 344.8 341.3 338.1 333.4 328.7 325.3 322.7 321.4 318.1 312.7 306.9 303.6 300.9 298.3 297.5 291
391.7 390 387.9 386.3 384.6 383.4 382.3 381.6 380.8 379.3 377.5 375.5 373 371.7 370.6 369.2 368.1 367.3 366.7 367 367.2 367.1 368.1 368.5 369.3 371.8 375.8 376.8 379.6 382.5 384.5 386.5 387.4 387.5 389.4 391.2 391.2 391 388.4 385.8 382.6 380.5 379.3 378.4 377.9 375.8 373.8 374.9 373.1 371.8 371 369.2 367.4 365.6 362.7 361.5 360.4 358.7 357 354.3 351.5 348.5 345.6 340.8 335.7 331.8 327.5 323.9 320.8 319.8 317.6 312.5 307.3 302.9 299.7 297.4 293.7 289.6
390.4 389.7 387.1 384.5 382.4 381.1 379.6 379.3 378.4 376.9 375.5 373.1 370.6 368.8 367.2 365.6 364 362.5 362.8 363.1 363.5 363.4 363.9 364 365 368.3 371.9 373.7 376.5 379.5 381.2 382.7 383.3 384.2 385.9 388.7 389.9 388.5 386.4 383.4 380.9 378.9 378.2 377.7 377.1 375.7 374.1 372.4 371.2 369.1 370.2 368.4 367 365.2 364 362.8 361.3 359.5 357.2 354.6 351.9 349.8 344.5 339.2 334 329.9 326.3 322.7 319.1 318.9 318 312.4 308.1 303.5 299 295.2 291.1 287.3
390.8 388.3 385.5 382.5 380.2 378.6 377.1 376.2 375.9 374.4 373 371.4 369.1 366.4 364.5 362.5 360.6 359.4 358.9 359.3 359.7 360 358.8 358.6 360.8 363.2 366.9 367.8 370.2 371.5 374.5 376.8 378.1 380.5 382.2 384.1 385.4 384.5 383.2 381.3 379.3 378.8 378.5 377.4 376.3 375.7 374 372.8 371.7 370.8 370.8 369.3 367.3 365.6 365.1 363.3 361.5 359.4 357.2 354.9 352.1 348.2 343.7 337.6 332.3 328.4 325 320.9 319.5 318.5 316 312.7 309.2 303.9 298.9 293.2 288.9 284.5
388.1 385.8 383.2 380.3 378.8 376.9 375 373 372.6 371.8 370.6 369.1 367 364.7 362.4 359.7 357.7 354.8 352.4 352.8 353.7 355.5 353.6 354.4 356.5 358.7 360 360.7 362.8 363.7 366.5 368.2 370.4 374.1 377.6 379.4 380.6 379.5 378.3 377 375.8 376.6 378.5 378 376.9 376.1 374.8 373.5 372.7 371.9 371.2 369.8 368.4 366.6 365.5 363.7 361.7 359.5 357.3 355 351.9 349.7 343.3 337.2 331 327.1 323.5 319.6 317.4 314.6 312.4 311.3 310.5 303.8 298 292.5 288.2 283.8
386.4 383.9 380.7 379.4 377.4 375.3 373.2 371.1 369.4 369.7 367.7 366.1 363.9 362.2 360.2 356.7 353.4 350.7 349 348 346.9 347.7 348.2 350.1 353.1 355 355.2 355.7 355.7 358.3 359.8 360.6 362.5 366.5 370.3 373 373.4 373.5 373.2 372.1 370.5 372.8 375.1 377.5 376.9 376.8 376.1 375 374.2 373.3 372.3 371 369.7 367.7 365.9 364.2 361.6 358.7 357.3 355 352.2 349 341.2 335.4 330.2 326.4 323.3 320.8 314.2 310.7 311 311.2 309.5 302.6 297 292.1 287.3 282.6
385.1 381.9 379.2 377.5 375.4 373.3 371.2 369.4 368.3 368.2 363.9 361.5 359.4 356.5 353.7 351.1 349.4 347.8 346.6 346 343.3 339.8 339.4 343.2 347.8 350.3 350.9 351.9 352.9 354.1 355 355.6 356.8 359.4 362.8 365 365.7 365.1 365.7 364.9 364.1 367.3 371.7 372.4 374.3 375.8 375.6 375.8 375.4 374.8 373.5 372.3 371 368.8 366.5 364.2 361.3 358.3 356.1 354.5 352.1 349.2 341.5 334.9 329.8 325.6 322 319.3 311.8 310.7 311.2 309.6 306.7 300.1 294.3 289.7 286.2 281.8
383.6 381.2 379.1 377.3 375.5 373.8 372.2 370.4 368.4 366.4 363.4 359.7 359 357.2 356.7 356.6 354.1 353 351.1 350.1 346.7 340.7 340.2 334.5 341.4 345.5 346.6 347.7 349 350.4 350.4 351 352.2 353.8 356.6 357.4 356.9 357.1 358.9 357.8 357.9 360 363.7 366 368.4 371.5 373.6 374.3 375.4 374.8 373.5 372.2 370.8 368.5 366.3 363.7 360.8 357.9 355 353.2 351.1 346.7 339 334.5 330.1 325.2 321.4 318.2 312.2 307.3 305.6 302.7 301.8 297.7 292.3 287.8 284.5 280.5
384.5 381.8 379.9 378.3 376.6 375 373.4 371.5 369.4 367.8 364.9 362 361 360 359.9 359.8 359.2 356.9 353.9 350.5 348.4 342.5 338.7 338.1 334.6 341.5 342.5 344 345.8 346.6 346.5 346.5 347.5 348.7 350.1 350.6 350.6 351.5 352.3 352.5 353.2 355.8 358.7 361.2 364.2 367.6 371.2 372.7 374.2 374 372.9 371.7 370 367.7 365.3 362.8 360.1 357.3 353.9 350.6 347 342.6 338.3 334 329.6 325.2 320.9 317.9 312.7 311 303.3 296.3 297.9 294.1 290.8 286 282.8 278.9
384.4 382.7 381.1 379.5 377.8 376.2 374.5 372.5 370.9 369.3 367.4 364.3 363.7 363.2 362.6 361.5 360.5 358.7 355.7 351.9 349.6 344.3 339.5 335.3 329.8 334.1 338.6 341.2 342.8 342.9 342.8 343.8 344.8 345 345.4 345.7 345.5 346.4 347 347.1 348.8 352.3 355.1 357.5 360 364.3 368.6 371.2 372.1 372.5 372.2 371.3 369.1 366.8 364.3 361.8 359.3 355.5 352.4 348.5 344 339.7 336.2 333.7 329.3 324.9 321.6 318.2 314.3 311 306.6 299.9 291 287.6 284.4 283.7 279.5 276.3
385.2 383.8 382.3 380.7 379 377.4 375.6 373.8 372.4 370.7 369.4 366.4 366.1 365 364 362.9 361.5 359.9 357 353.5 350.6 346.6 341.7 339.9 332.7 327.9 325.3 332.3 335.9 336.9 336.3 338.2 339.6 340.6 340.4 341.8 340.9 341.1 341 341.8 345.3 349 351.2 353.9 356.8 360.3 364.6 366.9 370.5 371.5 371.2 368.8 367 365.8 363.4 360.9 357.9 353 349.1 345.8 342.2 338.6 336 333.1 328.9 324.7 320.6 317.4 313.4 310 304.7 300.2 295.9 289.4 281.5 272.4 273.9 272.1
386.4 385 383.5 381.9 380.2 378.6 376.8 375.5 373.7 372.1 370.8 368.6 367.6 366.6 365.5 364.3 362.2 361 358.2 354.7 351.1 347.6 344.8 342 340.6 333.2 327.7 320.7 323 326.1 327.5 330.7 331.5 331.4 332.4 333.1 333.7 334.2 335.8 338.8 342.8 345.7 347.8 350.7 353.6 356.5 360.4 361.9 364.5 365.4 366.6 365.5 364.4 363.4 361.6 359.4 354.9 350.5 347.6 344.6 341.1 337.7 334.3 331.2 327.6 323 318.6 315.8 311.4 306.1 301.3 297.7 293.9 288.1 282.6 278 271.3 260.7
387.7 386.3 384.7 383.1 381.4 379.7 378.4 377 375.1 373.5 372.2 371 369.1 368.1 367 365.1 363 360.6 358.4 355.6 352 349.2 346.6 343 340.4 336.7 329.4 324.8 319.6 317.1 315.2 321.5 321.9 322.8 324.1 324.8 326.4 326.8 329.5 334.1 340.1 342.9 344.5 347.4 350.3 353.2 356.1 357.5 358.8 359.9 361.1 362.3 362.1 361.5 360 357.9 353 349.2 346.4 343.4 340 336.6 333.1 329.8 326.3 322 317.6 313 309.4 302.2 297.6 293.2 289.3 284.2 279.4 272.8 268.2 259
389.5 388.1 386.4 384.6 382.6 381.3 380 378.3 376.4 374.9 373 371.3 370.3 369.6 367.9 365.9 363.9 360.7 358 355.8 353.2 350.2 347.2 343.6 339.4 337.5 332.4 331 324.2 319 309.9 309.8 311.5 312.7 315.7 316.8 319 320.6 324 328.8 333 337.3 341.6 344.1 347 349.7 352 353.3 354.5 355.7 356.9 358.1 358.3 358.8 357.1 355.5 351.6 348.1 345.1 342.1 338.9 335.4 331.9 329.2 324.9 321.1 316.7 311.8 306.1 299.3 296.5 291.8 288.6 282.9 277.5 271.3 267.9 263.2
389.2 387.6 385.7 383.9 382.4 381.1 380.9 379.6 377.6 376 374.3 372.7 371.1 370.4 369.2 366.9 364 360.7 358.3 356.5 353.8 350.5 348.4 346.6 343.6 341.1 337.5 333.2 330.2 326.1 318.2 310.8 306.5 304.2 306.6 308.4 311.7 314.4 318.4 324 328.3 331.3 336 339.7 342.7 345.9 347.8 349.3 351 351.5 352.7 353.9 354.6 354.8 354.6 353.1 350.1 347.3 344.8 341.5 338.1 334.2 330.6 327.4 323.6 320.1 316.9 311.8 308.4 304.2 300.2 295.1 289.6 284.4 280.4 275.3 271.7 266.9
388.5 386.7 384.9 383.2 382.3 381.1 380.9 380.3 378.6 376.9 375.2 373.4 371.8 370.8 370.5 366.6 363.1 360.4 359.3 357.3 354.5 352.2 349.8 348.1 345.6 342.9 340.6 336.2 334.1 331.3 327.3 319.2 317.4 311.2 299.6 295 301.6 307 312.5 318.1 323.6 326.6 329.7 332.7 339.2 341.2 343.4 345.4 347.4 347.8 348.8 349.7 350.8 351.7 351.9 350.5 348.8 347.4 344.6 341.5 338 334.1 330.2 326.8 324.5 322 319.5 315.2 312.3 308.8 304.3 297.8 291.1 286.1 282.2 278 273.5 269.4
387.6 385.9 384.2 382.5 382.1 381.4 381.1 380.9 379.2 377.4 375.6 373.8 372.7 371.3 369.2 366.7 363.7 361.6 360.1 358.2 356.5 353.7 351.2 349.2 346.1 343.2 340.8 339.7 337.1 334.1 331.8 326.5 321.2 314.5 311.2 305.6 292.8 296.2 303.2 310.2 316.4 320.9 323.7 326.8 328.3 331.5 335.7 340.9 342.1 344.8 346.4 348.3 349.2 349.3 349.8 349.6 349 347 344.2 341.4 338.2 334.3 330.2 328.1 326 323.6 321.2 319.5 316.6 314.3 308.2 298.9 292.4 287.9 283.4 278.7 273.7 267.1
