data/390000-70000.asc
ncols 200
nrows 200
xllcorner 390000
yllcorner 70000
cellsize 50
[rows 0 to 37 of 200, columns 0 to 83 of 200]
103.8 106.8 106 101.5 94.4 86.1 77 70.5 65.6 61.3 56.3 53.7 55.9 58.2 58.6 58.3 58.6 59.7 62.4 64.1 64.2 64.5 66.2 66.6 67.8 68.6 68.9 68.1 66.4 64.7 61.8 60.5 60.7 61.5 65.6 75.9 89.2 103.4 119.4 128.6 135 139.2 141.2 141.6 141.1 139.7 136.3 133.2 133.2 134.4 134.2 133.2 130.8 128 127.2 125.3 129.7 133.7 135.1 135.6 134.7 132.9 130.8 132 131.6 127 117.7 112.8 104.8 108.1 123.4 130.5 135 137.2 137.7 135.2 132.4 129.8 128.7 127.5 126 123.7 121.1 116.2
90.2 93.8 93.1 89.5 83.6 77.1 69.8 65 59 53.2 49.5 47.2 48.2 50.2 50.4 49.7 49.7 51.8 55.2 57.1 59.4 59.9 56.9 57.2 58.4 59.4 59.6 58.9 57.9 56.9 54.9 54 54.5 55.8 59.3 66.8 78.3 92.9 110.2 127 140.9 145.8 149.1 150.8 150 149.2 147 143.6 142.3 143 142.6 142.1 140.7 137.2 136.6 133.7 137.1 139.6 139.9 139.9 139.1 137.7 136.8 136.9 135 129.1 122.8 117.8 109.6 110.3 124.3 132.7 138.3 141 141.2 139.9 137.1 134.8 133.3 132.2 130.2 127.8 125.5 120.5
80.7 83.5 83.9 80.7 75.4 69.7 63.1 57.3 51.3 46.7 42.1 40.6 41.4 42.5 42.4 41.8 42.9 46.6 51.3 54.5 57.7 56.7 51.2 50.7 53.2 52.4 50.9 51.4 50.9 50.3 48.7 48.1 48.1 50.6 55.4 63.8 73.6 86.7 105.2 118.9 138.9 153.8 157.8 159.4 159.4 158.9 156.7 154.7 152.6 152.1 151.5 151.7 150.1 148.7 148.2 145.1 143.5 145.1 144.9 144.7 144.3 142.5 141.1 141 139.1 133.8 129.6 125.1 115.3 112.8 126.2 135.7 141 143.5 144 143.4 141.4 139.4 137.5 135.9 133.7 129.9 127.7 126.1
70.9 74.2 75.1 73.3 67.5 61.9 56.5 50.4 45 40.9 37.8 35.6 35.8 36.5 37.1 37.1 39.1 42.3 47.4 50.4 51.3 49.9 45.6 46.3 49.2 47.4 44.9 44.8 44.3 43.5 43.3 43.1 45.1 49.6 56.7 64.3 73.6 86.9 99.6 113.8 128 146 162.6 166.6 168 167.5 165.3 163.2 162.4 161.6 161 160.6 158.1 157.1 156.1 153.3 150.4 150.8 150.1 149.6 149.6 147.4 145.6 144.9 143.6 140.7 137.4 130.5 117.4 114.8 128.9 136.8 142.2 145.1 146.1 145.4 143.6 142.2 140.2 138.4 135.4 132.2 132.3 130.5
63.1 67.1 69.4 68.1 62.5 56.7 50.5 44.8 39.9 36.4 33.9 32.2 32.2 32.7 33.2 33.7 35.1 37.9 42 44.6 45.3 43.9 41.8 41 42.8 41.9 40.1 39.9 39.8 39 39.3 40.8 45.2 50.2 56.7 64.7 74.2 83.6 94.1 106.1 120.8 134 146.7 163.4 173.3 174.5 173.1 171.5 170.7 169.9 169.6 167.2 164.9 164.2 162.9 159.9 156.6 156.5 156.9 156 155.1 152.4 151.3 150.4 148.7 146 140.5 132.6 119.8 116.9 129 135.4 141 144.2 146.8 147.1 146.1 144.6 142.5 139.7 136.9 136.2 135.5 133.7
64.6 67.7 66.1 61.9 56.7 50.5 44.3 38.9 35 32.7 30.8 29.4 29 29.2 30.1 30.5 31.4 32.8 35.9 37.9 38.4 38.1 36.7 35.7 37.2 37.5 36.5 35.9 36 36.3 36.7 39.7 44.3 49.9 56.2 63.7 71.5 80.6 90.2 100.1 110.7 123.4 136.7 149.1 162.8 176.6 178.9 178.5 178.1 177.9 176.1 173.6 171.5 170.6 168.2 164.5 162.1 162.4 163 162.3 160.2 157.8 157.1 156 153.8 148.9 142.2 133.3 124.2 119.5 123.6 131 139.1 144.4 147.4 148.5 148.1 146.5 143.9 141 138.1 137.3 136.5 135.5
62.8 62.5 59.9 56.1 51.2 45.8 40.1 35.6 31.8 29.7 27.9 26.8 26.5 26.5 27.1 27.7 28.3 29.2 30.7 32 32.5 31.9 31.3 31.4 32.5 32.6 32.4 31.9 32 33.7 36.5 39.4 43.2 48.9 54.6 60.6 68.8 77.8 87.1 94.9 101.8 111.3 123.6 137.1 149.6 160.1 174.1 184 184.4 183 181.1 178.9 177.2 174.7 170.8 168.9 168.3 168.8 168.2 166.9 165.2 164.1 162.8 160.8 156.8 149.9 143.3 135.9 128.2 123.5 126.7 137.2 143.1 146.7 148.3 149.4 149.7 148.4 145.6 143 141.6 140.7 139.6 139.1
55.9 56 54.5 50.6 46.9 41.9 37.4 33.3 29.3 27.2 25.4 24.6 24.3 24.4 24.9 25.4 25.6 26.1 26.8 27.4 27.6 27.4 27.2 28.4 29.4 29.2 28.5 29.9 32.2 36 39.1 41.8 44.3 47.7 51.7 58.3 66.9 75.1 82.3 89.6 95 100.8 109.2 122.3 134.6 146.2 155.9 166.7 178.9 185.9 185 183.6 181.1 178.2 175.2 174.3 173.8 173.4 172.1 170 169 167.9 166.3 163 157.4 150.8 147 141 132.5 131.1 130.8 135.7 144.7 148.7 150 150.7 150.7 149.2 147.5 145.6 144.3 143.9 143.2 142.8
49.3 49.6 48.2 46.1 42.6 39.1 35.1 31 27.9 25.4 23.2 22.7 22.5 22.5 22.5 23 23 23.3 23.9 24.4 24.5 24.3 24.2 25.3 26 27 28.3 30.4 33.3 37.6 41.6 44.3 46.2 48.2 51.5 57.1 64.4 71.2 76.2 82.6 88.1 93 99.9 110.6 121.4 132.1 141.3 151.7 161.2 167.4 175.1 182.1 182.5 181 180.2 179.6 178.7 177.4 175 173 170.5 168.4 165.1 161.3 157.9 155.2 151.8 140.9 142.3 142.1 141 138.9 142.3 146.3 150.6 151.5 151.2 149.3 148.1 148.2 147 146.7 146.5 146.9
43.9 44.4 43.5 41.5 38.9 35.7 32.2 29.7 27 24.5 22.4 21.4 20.8 20.8 20.8 20.8 20.9 21.1 21.4 21.2 21.2 21.1 21.4 23.9 26.2 27.9 29 32.4 35.2 39.4 43.5 45.8 45.5 46.9 49.8 55 61 66.4 70.9 76 82.2 87.5 93.4 100.7 110.3 118.8 127.9 135.2 144.1 151.9 157.3 162.7 170.5 175 183.7 183.8 182.3 179.6 177.2 174.8 171.6 168.6 165.2 163.8 161.9 158.4 151.3 148.4 152.1 151.2 150.2 149.8 145.8 146.9 150.5 151.8 151.2 149.8 148.5 148.6 148.5 148.4 148.6 149.6
39.3 39.9 39.3 37.8 35.8 33.4 31.2 28.8 26.2 24.2 22.5 20.7 19.3 19.3 19.4 19.4 19.5 19.6 19.3 19.1 18.7 21.4 25.2 28.3 31 33.3 35.3 36.4 38.6 41.7 44.1 46.1 44.4 43.8 45.9 50.6 56.6 61.9 66 70.4 75.5 81.4 87.6 93.9 101.2 106.7 111.6 117.6 126.1 133.6 140.1 145 150.3 156.3 166 181.3 184 181.1 178.8 175.9 173 170.5 168.6 166.9 163.7 157.1 151.4 153.7 157.5 157.8 156.9 154.2 150.1 150.2 152.8 153 152 150.4 148.8 147.9 147.6 148.1 149.4 150.8
35.4 36 35.3 34.9 33.5 31.3 30.1 28 26.3 24.6 22.8 21 18.8 17.4 17.4 17.5 18.3 17.8 16.1 19.4 22.9 25.4 29 34.8 38.7 42.1 43.8 45.1 46.6 48.5 49.6 47.1 44 43 42.9 46.9 51.8 56.8 61 65 69.9 75.8 82.2 88 94 98 101.6 104.9 110.2 117.4 123.4 129.3 135 141.5 151.8 165.2 179.6 182.7 180.1 177.9 175.3 172.6 170.1 166.7 161.5 156.7 156.9 158.9 161 160.2 158.6 155.5 153.6 154.5 155.1 154.3 153.1 151.5 149.6 148.3 146.8 147 148.2 149.3
32.9 32.9 32.4 32 31.1 29.3 28.6 27.8 26.6 24.9 22.9 20.7 18.5 17.2 15.8 15.8 16.2 15.2 17.7 20.9 24.4 28.2 33.6 43.1 48.2 51.9 55.5 57.8 57.4 55.2 53.4 48.8 44.7 42 41.7 43 46.5 50.1 55.5 60.5 65.3 70.8 76.6 81.7 86.1 89.2 92.9 96.4 101.1 106.3 109 115.3 123.7 130.7 139.4 151.3 162.5 180.1 182.6 179.9 177.1 173.7 170.5 165.4 162.4 161.7 163 163.6 163.4 161.9 159 156.4 156.6 157.3 156.6 155.4 154.1 152.4 150.5 148.9 147.1 146.1 146.2 146.6
30.4 30.2 29.7 29.2 28.7 27.6 27.4 27.2 26.8 25.2 21.7 19.5 17.7 16.9 16.5 14.1 13.3 15.1 17.5 20.5 23.9 28.8 38.1 48.2 54.1 57.9 60.5 62.9 63.6 59.6 55.2 50.2 45.1 41.5 40.9 41.3 44.5 47 50.8 55.8 60.6 64.7 70 74.5 79.6 82.5 85.8 88.6 92.8 98 101.9 107.2 115.5 122 129.2 139 153.1 166.2 183.5 181.6 178.9 176.1 171.9 167.8 167.5 167.1 166.8 166.4 164.9 162.9 160 159.3 159.6 159.2 157.9 156.6 155.1 153.2 151.3 148.8 147.5 146.4 145.8 145.4
27.9 27.4 26.9 26.4 26.2 26.3 26.3 25.5 24.8 24 22.4 19.3 16.9 16.8 16.9 14.9 11.6 14.8 17.6 20.4 24.6 31.7 42.3 50.6 55.7 60.2 63 65.3 65.3 60.7 55.8 50.7 45.5 42 39.9 40 42.9 45.9 48.7 51.7 56.8 60.5 63.8 68.6 72.7 75.4 78.7 82.3 86.8 92.7 97 102.9 108.5 115.2 121.4 130.2 141.8 157 173.7 183.8 181.2 178.5 176 173 171.3 170.7 170.1 168.3 166.1 163.8 162.3 163 162.7 160.3 158.7 157.4 155.8 153.9 151.9 149.7 148.4 147.9 146.3 144.4
25.2 24.7 24.2 23.8 24.5 24.6 24.6 23.2 22 13.9 1.2 0.6 2.1 16.5 16.6 13.8 10.3 14.4 18 21.3 26.3 34.2 43.7 48.4 53.6 58.4 62.4 64.2 63.5 59.7 55.1 50.4 45.5 42.1 39.5 38.8 41.1 43.7 46.4 49.4 52.5 57 59.7 63.1 65.6 69.3 74 79.9 86.1 88.7 92.9 98.5 103.8 108.4 114.2 125.9 133.3 148.3 163.4 181 183.7 181.6 179.4 176.9 175.3 174.6 173 170.3 167.8 165.5 165.1 165.3 164.4 161.9 159.5 158.2 156.5 154.3 152.7 151.1 150.4 150.1 148.2 146.1
22.5 22 21.6 21.9 22.8 23 23 0.7 0.5 -0.5 -0.5 -0.5 -0.5 -0.5 16.4 13.8 10.4 14.6 17.6 21.7 27.6 37.1 41.4 45.3 48.4 52.3 55.7 57.1 58 56.1 52.3 48.7 44 41.5 39 38.1 39.9 42.3 44.9 47.5 50.1 53.2 57.4 59.4 62.7 66.7 71.9 77.6 82 84.8 88.4 93.2 97.7 102.5 109.4 118.7 130.9 140.7 156 172.2 186.6 184.6 182.6 180.9 179.2 178.2 175.5 172.7 170.1 167.5 168 167.3 166 163.5 161 159 157.4 156.2 155.1 153.9 152.8 152.6 151.4 149.9
19.9 19.4 19.3 20.3 21.1 21.4 -0.5 -0.5 -0.5 -0.5 -0.5 -0.5 -0.5 -0.5 -0.5 -0.5 10.8 14.1 16.2 19.3 26.7 36.3 39.5 41 43 45 47.6 50 51.6 50.1 48.8 45.8 43.2 40.1 36.9 38 39.6 41.3 43.6 46.3 49 51.5 55.2 57.2 60.2 64.6 68.8 73.1 76.8 79.8 83.3 88.8 94.2 100.6 108.1 117.2 126.1 134.9 147.3 162.1 181.2 187.6 185.8 184.3 182.8 180.8 178.3 175.1 172.6 171.7 171.1 169.4 167.6 165.2 163 161.8 160.4 159.2 158 157 156 155.5 155.6 154.8
18.7 18.2 18.3 19.4 19.8 15 -0.5 -0.5 -0.5 -0.5 -0.5 -0.5 -0.5 -0.5 -0.5 -0.5 -0.5 14.3 15 18.1 25.7 34.2 36.4 37.8 38.5 39 40.6 43 45.4 45 44.9 43.1 40.8 37.3 35 37.4 40 41.8 43.8 46.3 48.3 50.5 53.3 56.3 59.9 63.6 66.6 70 73.4 76.5 80.9 86.3 92.9 100 106.8 113.4 119.5 127.6 138.5 156.1 175.7 190 189 187.3 185.5 183 180.6 177.7 176.7 175.9 174.3 172.6 170.5 168.7 166.6 165.4 163.7 162.2 161 160.1 159.1 159.1 159.6 159.3
1 2.7 15.7 17.5 17.2 -0.5 -0.5 -0.5 -0.5 -0.5 -0.5 -0.5 -0.5 -0.5 -0.5 -0.5 -0.5 -0.5 14.3 17.6 24.5 31.8 33.6 33.6 33.8 34.2 35.3 37.4 39.5 41.6 41.4 40.4 38.2 34.8 34.1 37 39.2 41.3 43.1 44.9 46.9 49.9 52.7 55.8 59.5 63.4 65.9 68.2 70.9 74.1 78.6 84.5 90.6 97.3 102 107.3 112.8 122.5 133.4 150.6 170.1 191.1 191.6 189.9 187.9 185.3 182.7 181.5 180.6 179.3 177.7 175.9 173.9 172.1 170.9 169 167.2 165.5 163.8 162.6 161.7 161.7 162.7 162.3
-0.5 0.1 0.2 0.2 0.3 -0.5 -0.5 -0.5 -0.5 -0.5 -0.5 -0.5 -0.5 -0.5 -0.5 -0.5 -0.5 -0.5 1.3 16.8 22.3 29.2 30.3 29.9 29.7 30.2 31.7 33.1 35.3 37.2 38.3 37.8 35.5 32.7 35 37.4 38.6 39.4 41.3 42.2 45.9 49.5 52.4 55.7 59.5 63 65.1 67.2 69.8 72.5 77.7 83.3 87.9 93 97.2 102.8 112.1 121.2 131.7 143.7 166 185.8 193.8 192.5 190.3 187.9 186 184.7 183.7 182.4 180.4 179.2 177.2 175.7 174 171.5 169.5 167.7 165.4 164.7 163.9 164.1 164.7 163.8
-0.5 -0.4 -0.4 -0.5 -0.5 -0.5 -0.5 -0.5 -0.5 -0.5 -0.5 -0.5 -0.5 -0.5 -0.5 -0.5 -0.5 -0.5 -0.5 16.2 22 26.5 27.2 26.7 26 26.9 27.8 29.5 31 33.5 34.7 34.6 32.9 32.4 36.4 38.9 40.9 40.9 39.9 41.1 43.5 48.8 52.6 56.1 58.8 62.1 64.2 65.7 69.2 72.8 76.9 81.3 85.9 90.8 97.4 103 110.9 119.7 131.6 143 164.6 181.7 195.5 194.7 192.7 190.6 189.3 188.1 186.9 185.3 183.6 182.1 180.8 179.4 177.3 174.2 171.9 169.6 167.2 165.5 164.4 165.6 166 165.3
-0.5 -0.5 -0.5 -0.5 -0.5 -0.5 -0.5 -0.5 -0.5 -0.5 -0.5 -0.5 -0.5 -0.5 -0.5 -0.5 -0.5 -0.5 -0.5 17.6 20.4 24 24.4 24 23.4 25.3 25.1 26.3 27.6 28.9 30 30.2 29 33.2 36.3 38.4 39.5 37.8 38.9 44 44.3 46.7 51.3 55.1 57.5 60.2 62.4 64.9 68.2 71.6 74.8 79.4 84 90.2 96.4 103.9 112.4 121.5 130.3 139.7 154.3 174.9 190.5 196.9 195.2 193.6 192.4 191.2 190 188.3 186.9 185.5 183.8 181.9 179.5 175.6 172.3 167.6 159.1 151.5 144.3 145.9 146.9 152.6
-0.5 -0.5 -0.5 -0.5 -0.5 -0.5 -0.5 -0.5 -0.5 -0.5 -0.5 -0.5 -0.5 -0.5 -0.5 -0.5 -0.5 -0.5 -0.5 15.5 18.4 21.7 22.4 21.8 21.1 23.2 24.1 23.4 24.7 25.5 26.3 27.8 28.6 30.9 33.6 35.7 35.7 35.9 40.6 45.6 47.5 49.8 51.3 53.8 56.3 59.2 61.5 63.7 66.8 69.8 72.7 77.5 83.3 88.2 95.2 102.9 110.8 117.2 124.5 131.9 141.6 163.5 176.6 192.8 197.7 196.5 195.4 194.2 192.6 190.8 189.2 187.5 185.4 182.1 177.9 169.8 160.6 149 138.1 130.3 126.1 124.8 126.2 129.5
-0.5 -0.5 -0.5 -0.5 -0.5 -0.5 -0.5 -0.5 -0.5 -0.5 -0.5 -0.5 -0.5 -0.5 -0.5 -0.5 -0.5 5.1 8.3 12.1 16 18.8 19.7 19.5 18.9 22.3 26.9 31 34.3 35.5 34.9 36.6 33.6 29.7 30.7 32.4 33 36.8 43.1 46.1 48.5 49.5 51.5 53.9 56.2 58.4 60.5 62.9 66 69.6 72.4 78.1 83.9 89.7 93.9 100.1 105.1 109 116.6 126.8 137.9 147.5 163.2 179.1 197 198.7 197.9 196.3 194.7 193.1 191.1 188.9 181.3 168.4 159.2 150.2 141.8 129.7 119.9 113.7 110.2 109.7 109.1 111.5
-0.5 -0.5 -0.5 -0.5 -0.5 -0.5 -0.5 -0.5 -0.5 -0.5 -0.5 -0.5 -0.5 -0.5 -0.5 -0.5 5.8 16.3 25.3 17.9 16.2 16.1 17 18.3 24 30.2 36.4 44 46.2 42.7 42.2 39.5 36.3 32.3 31 31.6 35.5 41.2 48.1 48.6 48.3 50 52.4 53.9 55.4 57.2 59.2 62.7 66.6 71 75.4 83.2 89.9 94.5 94.5 95.9 99.2 103.5 110.5 120.3 130.3 140.3 151 168.3 185.2 201 200.1 198.5 196.8 195.2 192.8 180.1 165.2 153.1 138.8 128.4 121.6 116.2 108.1 102.9 98.8 98.2 98.7 97.4
-0.5 -0.5 -0.5 -0.5 -0.5 -0.5 -0.5 -0.5 -0.5 -0.5 -0.5 -0.5 -0.5 -0.5 -0.5 -0.5 7.8 41.5 38.1 30.2 22.6 18.9 18.9 24.2 30.9 38.5 47.5 52.8 50.7 47.9 41.5 37.8 34.6 32 32.4 35.5 41.5 48.3 50.1 49.7 49.9 51 53 53.6 54.7 56 58.8 64.1 69.1 73.4 80 86.4 92.7 95.2 92.8 91.6 94.2 100.4 106.9 115.2 123.3 132.6 141.6 155.6 173.5 192.3 202 200.5 198.7 196.5 186.6 167.8 146.3 129.6 122.7 117.2 111.5 112.3 106.2 95.7 90.2 88.5 86.9 84.2
-0.5 -0.5 -0.5 -0.5 -0.5 -0.5 -0.5 -0.5 -0.5 -0.5 -0.5 -0.5 -0.5 -0.5 -0.5 -0.5 -0.5 40.8 46.8 40 32.5 28 23.9 30.6 38.3 48.5 56.6 56.8 55.3 49.7 40.4 36 33.6 33.7 35.5 41.9 50.2 53.8 52 52.2 53.1 54.4 55 53.7 53.6 54.5 59 64.6 69.7 74.2 78.9 84.3 88.7 89.4 87.7 85.9 90.8 97.5 103.2 108.8 117.1 126.1 135.1 145 163.4 180.2 199.7 202 199.7 193.9 175.2 153.9 133.3 125.1 117.5 111.3 104.7 104.7 101.8 92 85.7 75.3 73.3 71.8
-0.5 -0.5 -0.5 -0.5 -0.5 -0.5 -0.5 -0.5 -0.5 -0.5 -0.5 -0.5 -0.5 -0.5 -0.5 -0.5 -0.5 2.5 49.4 42.9 36.7 31.6 29.7 37.1 47.5 57 58.4 58.7 57.8 50.5 40.7 35.7 34.9 35.8 40.1 49.2 56.4 57.1 55.6 56.8 58.1 59.1 58 56.3 53.6 52.8 56.4 61.3 66.1 71.3 76 79.8 82 83.5 82 82 87.2 93.2 98.7 105.7 112.8 119.8 128.4 137.8 150.7 171.2 190 203 200.9 188.5 165.4 141.6 131.1 121 114.1 107.7 97.4 92.3 93.6 89.5 81.8 76.2 75.1 74.1
-0.5 -0.5 -0.5 -0.5 -0.5 -0.5 -0.5 -0.5 -0.5 -0.5 -0.5 -0.5 -0.5 -0.5 -0.5 -0.5 -0.5 -0.5 42.4 43.3 36.8 32.5 34.6 43.3 53.4 57.6 58.3 58.9 57 51.2 42.1 37 36.7 38.5 44 52.7 58 61.3 62.5 63.8 63.7 64.3 62.2 59.3 55.6 52.4 53.3 58.1 62.8 67.8 71 73.6 75.9 78.1 77.2 79.2 84.4 91.2 98 103.8 108.5 114.5 123.2 131.8 142.4 161.8 183 203.3 201.3 183.9 156.4 137.7 129.8 120 110.7 101.8 93.5 86.8 85.4 82.1 79.9 83.2 83.1 80.3
-0.5 -0.5 -0.5 -0.5 -0.5 -0.5 -0.5 -0.5 -0.5 -0.5 -0.5 -0.5 -0.5 -0.5 -0.5 -0.5 -0.5 -0.5 0.5 42.4 37.1 34.8 37.3 45.1 52.4 56.4 57.2 57.6 55.6 50.2 43.3 38.7 38.6 40.7 45.8 53.7 59.5 64 68.3 71.1 73.1 73.3 70.8 64.3 58.6 54 51.6 55.4 59.5 62.5 64.8 67.1 70.6 72.4 72.4 76.6 82.5 89 95.4 99 104.1 112.2 119.6 128.2 138.7 153.2 176.9 197 202.8 183.1 152.7 138.1 129.9 120.3 111.2 104.9 98.1 91.1 86.9 86.1 85.9 89.4 97.3 90.9
-0.5 -0.5 -0.5 -0.5 -0.5 -0.5 -0.5 -0.5 -0.5 -0.5 -0.5 -0.5 -0.5 -0.5 -0.5 -0.5 -0.5 -0.5 -0.5 1.7 35.7 33.6 37.1 43.5 50.6 55.4 56.3 56.5 53.3 48.4 43.4 40.5 40.6 42.4 46.7 54 60.2 66.3 70.3 74.2 77.2 79.6 78.3 69.6 60.7 52.6 50 52.8 55.3 56.9 58.3 61.8 64.8 66.9 69.4 74.3 79.7 86 90.6 94.9 101 109.3 116.4 125.4 135.3 147 171.3 189.3 203.2 184.9 155.9 140.7 130.3 123.6 114.9 110.2 103.9 99.8 96.1 93.4 91.2 94.3 104.7 100.2
-0.5 -0.5 -0.5 -0.5 -0.5 -0.5 -0.5 -0.5 -0.5 -0.5 -0.5 -0.5 -0.5 -0.5 -0.5 -0.5 -0.5 -0.5 -0.5 -0.5 2.6 31.9 34.5 40.2 47.2 54.2 55 54.6 50.6 45.9 43.1 41 41.1 43.6 47.9 54.5 60.6 66 70.7 74.9 77.8 79.6 79.9 71 60.9 51.9 48.4 50 50.9 52.3 54.9 57.4 61.2 64 68.2 73.3 78.5 82.3 87.5 93 98.9 106.8 112.7 120.2 132 143 163.5 184.5 203.4 188.8 164.7 141.1 131.8 125.1 119.9 116.7 113.7 108.9 102.4 95.4 88.8 87.4 96.3 96.6
-0.5 -0.5 -0.5 -0.5 -0.5 -0.5 -0.5 -0.5 -0.5 -0.5 -0.5 -0.5 -0.5 -0.5 -0.5 -0.5 -0.5 -0.5 -0.5 -0.5 -0.5 2.2 32.2 36.9 44.8 52.2 53.8 51.5 47.2 43 41 39.5 40.9 44.2 51.4 59 63.3 66.8 70.7 75.3 77.2 78.1 78.4 68 58.2 49.4 46.7 47 47.8 51.9 56.5 60.6 63.1 65.5 68.4 71.9 76.3 80.1 84.5 90.4 96.3 103.9 110.1 117.2 129.4 139.8 156.2 175.8 191.7 196.1 177.4 143.8 134.8 131.3 130 128.1 125.4 116.5 105.2 94.2 86.6 81.7 81.6 81.9
-0.5 -0.5 -0.5 -0.5 -0.5 -0.5 -0.5 -0.5 -0.5 -0.5 -0.5 -0.5 -0.5 -0.5 -0.5 -0.5 -0.5 -0.5 -0.5 -0.5 -0.5 -0.5 0.8 23.2 36.8 51.4 52.9 48.7 43.1 38.8 37.7 38 40.5 45.4 53.6 61.2 65.3 68.5 71.8 74.7 75.8 75.5 72.3 62.8 54.6 47.8 45.2 45.6 47.7 53.8 59.7 65.6 68.7 68.8 68.6 71 74.4 78 82.3 88 93.5 101.1 108.3 115.6 122.3 131.5 141.1 151.6 175 193 181.4 162.5 141.9 139.1 139.9 134.8 127.5 115.6 104.1 96.3 86.8 80.7 77 75.7
-0.5 -0.5 -0.5 -0.5 -0.5 -0.5 -0.5 -0.5 -0.5 -0.5 -0.5 -0.5 -0.5 -0.5 -0.5 -0.5 -0.5 -0.5 -0.5 -0.5 -0.5 -0.5 -0.5 -0.5 0.3 0.5 9.8 33.2 36.3 33.1 37.6 38.8 42.3 49.7 56.8 62.1 65.7 68.7 71.4 72.5 73.3 72.1 68.7 59.2 50.9 44 43.4 44.3 48 54.3 60.3 66.1 69.5 69.5 68.2 69.6 71.5 76.6 81 85.1 90.8 98.3 103.1 108.3 111.1 115.2 127.3 138.1 157.7 177.4 186.8 177 166.5 163.4 146.3 134.9 121.3 111.3 103.7 93.7 85.1 77.4 72.8 70.5
-0.5 -0.5 -0.5 -0.5 -0.5 -0.5 -0.5 -0.5 -0.5 -0.5 -0.5 -0.5 -0.5 -0.5 -0.5 -0.5 -0.5 -0.5 -0.5 -0.5 -0.5 -0.5 -0.5 -0.5 -0.5 -0.5 -0.5 -0.5 2.3 37.6 42.5 43.5 47.8 54.7 58.1 61.5 64.9 67.8 68.7 67.7 67.3 65.3 61.9 55.4 47.1 41.6 41.7 42.9 46.6 53 58.2 62.4 65.9 66.8 66.2 66.9 70.5 74.6 79 83.9 91 93.5 94.2 98.8 103 109.1 116.3 126 140.7 155.6 175.8 183.3 179.1 155.7 139.2 131.3 117.8 110.8 102 91.4 82.9 74.3 68 66.6
-0.5 -0.5 -0.5 -0.5 -0.5 -0.5 -0.5 -0.5 -0.5 -0.5 -0.5 -0.5 -0.5 -0.5 -0.5 -0.5 -0.5 -0.5 -0.5 -0.5 -0.5 -0.5 -0.5 -0.5 -0.5 -0.5 -0.5 -0.5 -0.5 -0.5 -0.5 47.3 49.9 52.2 54.2 57.3 62.1 65.5 65.4 61.8 59.2 57.1 54 49.1 44.4 40.8 40 42 45.7 49.9 54.4 58.1 61.2 62.6 62 64.3 68.7 73.9 78.8 83.7 86.1 84.1 87.7 92.5 97.2 104.3 112.2 117.2 131.9 141.4 147 147.9 147.9 145.6 136.8 124.5 115.9 109.4 97.6 89.3 80.6 71.7 65.4 62.7
