data/390000-200000.asc
ncols 200
nrows 200
xllcorner 390000
yllcorner 200000
cellsize 50
[rows 105 to 139 of 200, columns 78 to 155 of 200]
192.7 195.1 194.7 193.6 196.3 198.8 199.4 199.8 199.3 198.8 199.6 200.7 201.5 201.8 201.4 200.4 199.6 199.1 197.2 194.6 191 187.1 182.1 176.5 169.6 163.2 152.1 137.5 126.3 120.1 119.8 125.2 140.5 152 156.6 164.7 170.9 179.7 189.4 193.6 196.3 196.8 197.2 196.7 196.3 195.7 194.8 194.1 193.4 192.7 192 191.2 189.7 188.3 187.3 186.3 185.9 185.8 185.3 185.5 185.3 185.6 185.3 183.3 181.7 180.2 178.2 177.2 177.3 178.1 178.8 179.1 179.3 179.9 181.1 180.8 180.6 180.1
185.5 189.4 190.9 192.8 194.8 196.1 197 197.3 197 196.9 197.5 197.7 198.7 199 199.1 198.4 197.6 197.1 196.5 194.1 190.5 186.5 181.8 176.6 170.2 164.4 154.7 140.4 128.6 122 120 124.6 147.2 161.9 166.5 170.3 181.7 188.1 191.8 194.4 195.8 196.2 196.2 195.8 195.4 194.5 193.6 192.9 192.1 191.3 190.4 189.4 188.2 187.2 186.3 185.3 184.3 184 184.1 183.5 183.3 183.3 183.5 181.9 180.7 179.2 176.7 175.7 175.6 175.7 176 177.1 178.9 179.7 180.4 180.6 180.5 180.1
187.1 189.4 192.1 192.7 194.2 195.5 195.5 195.7 195.2 194.7 195.1 195.3 195.4 196.3 197.3 196.2 195.5 195.5 194.7 193.3 190.3 186.8 181.8 176.2 170.3 163.2 154.6 139.7 126.7 120.6 119.5 128.5 151 163.8 172.3 179.8 186 189.5 192.2 194.3 195.1 195 194.9 194.7 194.1 193.1 192.1 191.2 190.4 189.6 188.8 187.6 186.6 185.5 184.4 183.5 182.6 183 183.1 182.6 181.9 181.2 181.6 180.4 179.1 178.1 176.5 174.7 174.2 173.9 174.1 176.8 179 179.8 180.5 180.5 180.2 179.4
192.4 193 193.7 194.1 194.5 194.7 194.5 194.3 193.9 192.7 192.7 192.9 193.4 194 195.1 194.4 193.3 192.9 192.7 191.5 189 184.5 179.9 173.2 166.2 161 152 137.6 121.3 119.3 127.1 138.3 154.5 165.2 173.1 183.5 186.6 189.9 192.5 194.1 193.9 193.7 193.6 193.3 192.5 191.5 190.5 189.6 188.7 187.9 187.1 185.9 185 183.9 182.8 181.6 180.6 181.5 182.1 181.6 181 180.1 179.1 178.3 177.4 176.8 176 174.3 173 172.6 174.6 177.1 179.1 179.9 180.4 180.2 179.2 178.5
193.2 193.3 193.5 194 194 193.8 193.6 193.2 192.6 191 190.7 191.3 191.4 191.9 192.8 192.6 192.7 192.3 192 189.6 187.8 183.3 177.4 169 161.4 156.6 147.4 133.9 122.2 121.3 132.9 144.4 155 161.3 172.5 182.4 186 189.2 192.1 193.6 193.1 192.6 192.3 191.8 190.9 189.9 189 188 187.1 186.2 185.3 184.3 183.4 182.3 181.2 180 178.9 180.4 180.9 180.3 179.3 178.4 177 176.7 175.9 175.5 175.1 173.3 172.3 173 175.6 177.5 178.8 179.6 179.8 179.5 178.5 177.3
192.6 192.9 193.1 193.3 193.3 193.1 192.8 191.4 190.7 189 187.3 188.8 189.4 189.9 191 191.3 192 191.6 191.4 189.6 186.7 181.5 173.9 164.7 156.1 149.5 141.6 130.3 119.1 121.8 134.4 143.5 152.7 162.4 172.1 181 185.3 188.8 191.5 193.1 192.6 192 191.5 190.7 189.8 188.9 187.6 186.6 185.6 184.7 183.6 182.7 181.8 180.8 179.6 178.5 177.6 179.4 179.5 178.5 177.5 176.4 175.2 174.7 173.9 173 172.4 171.6 171.1 172.7 176.3 177.3 178.6 179.3 179.1 178.5 177.7 176.6
191.6 191.8 192.1 192.3 192.6 192.4 192.3 191.4 189.8 187.2 185 185.6 187 188.4 189.9 190.5 191.2 190.7 189.8 188 183.8 177.9 169.5 160.1 149.7 142.3 134.9 122.7 116.6 122.8 137.1 148.7 157.1 163.9 173.4 179.7 184.3 188.7 191.1 192.6 192 191.5 190.7 189.9 189 187.7 186.1 185.1 184.1 182.8 181.7 180.8 180 179.2 178.6 178 176.3 178.1 177.8 176.7 175.7 174.5 173.4 172 170.5 169.8 169.6 170.5 172.1 173.7 176.7 177.1 178.3 178.7 178.1 177.6 177 175.9
190.7 190.9 191.1 191.3 191.9 192 191.8 191.1 189.4 186.7 181.6 186.7 188.5 190.4 190.8 190.4 190.5 190.9 188.2 185.6 180.7 173 164.9 154.5 143.8 134.8 122.1 116 118.2 129.1 145.5 156.6 164.7 170.9 178.2 182.6 186.2 189.8 190.6 192 191.5 190.7 190 189.2 187.7 186.2 184.7 183.5 182.2 180.9 179.8 178.9 178.1 176.7 177.5 177.3 175.2 176.2 175.9 174.8 173.7 172.1 170.9 168.6 167 166.7 168.7 173 175.3 175.9 177.1 177.6 178 177.7 177.2 176.6 176.1 175.2
189.7 189.7 189.8 190.7 191.2 191.8 191.1 189.7 187.3 177.6 186 189.2 190.8 191.6 191.7 191.4 191 190.6 188.1 182.9 177.2 169.2 160.2 148.4 137.3 120.6 118.6 121.7 128.9 142.4 153.6 159.5 167.2 175.9 181.1 185.4 188.6 190.4 191.5 191.7 191 190.4 189.8 189.1 187.7 186.3 184 182.5 181 179.5 178.1 177 176.2 176.1 176.6 175.8 174.1 174 173.8 172.3 171.7 170.1 169.5 170 170.1 166.5 166.6 173.2 176.6 176.2 177.1 177.2 177.5 177.1 176.5 175.8 175.2 174.4
187.3 187.6 188.7 189.6 190.8 191 189.7 187.5 175.6 180.8 189.5 191.3 192.3 192.6 192.6 192 191.5 190.1 186.2 180.5 174.1 165.9 155.8 142.7 127.8 117.7 124.1 132.6 143.4 150.1 157.7 164.9 171.5 179.2 184 187.8 190.4 191.3 192.3 192.1 191.3 190.5 189.8 189.1 187.4 186.2 183.7 182 180.5 179 177.8 177.4 177.6 177.1 175.8 173.8 172.9 172.3 171.5 170.3 172.4 172.9 174.2 175.4 174.5 171.8 164.8 170.8 174.3 176 176.3 176.4 176.8 176.5 175.7 174.9 174 173
185 186.4 187.7 189 189.7 189 187.5 177.1 170.7 187.6 191.3 192.7 192.9 193 193.1 192.6 190.7 187.7 183.6 177.2 169 161 150.7 131.9 114.4 117.5 127.1 141.9 148.6 155.4 161.5 169 176.7 182.2 186.6 189.9 192 192.5 193 192.6 191.8 191 190.1 188.9 187 185.7 183.9 181.9 180.1 178.7 178.8 179.1 178.3 177.9 176.1 174.9 174.1 173.6 173.5 174.5 176 176.6 177.6 177.4 176.8 174.3 168.5 164.8 172.6 173.7 174.1 174.3 175.2 174.9 174.2 173.5 172.5 171.7
184 185.4 186.8 188.1 187.7 186.9 180.1 160.3 178.5 188.8 192.1 193.2 193.2 193.2 192.8 192 188.9 184.8 177.7 170.2 162.8 155.1 147.4 130.8 114.3 118.1 131.6 145 154.3 161 166.9 174.2 180.7 185.3 189 192.2 193.7 194.4 194.1 193 192.2 191.4 190.1 188.3 186.4 184.7 182.7 180.7 180.6 180.6 180.6 180 179.1 178.3 177.3 176.7 176.8 176.5 177.8 179 178.9 179.9 180.7 179.8 178.2 176.4 172.7 166.6 166.8 169.4 170.8 171.2 172.8 173.5 173.4 173.1 172.7 170.7
183.6 184.8 186.2 186.2 184.9 182.7 166.1 168 184.5 190 191.5 192.3 192.3 192.2 191 188.8 186 177.6 169.4 161.6 155.1 148.1 143.7 123.5 114.4 121.4 134 148.3 157.6 165.2 172.9 178.9 184.4 188.3 191.7 194.2 195.7 195.6 194.8 193.7 192.6 191.3 189.9 187.8 186.1 184.2 183 182.6 182.5 182.6 181.8 181.2 180.7 179.8 179.2 179.4 179.5 179.5 181.7 182.4 181.4 182.1 182 181 179.5 178.6 177.1 171.1 166 162.7 165.4 168.4 170.1 171.9 172.3 172.1 171.5 169.9
183.3 184.2 184.8 184.3 183.2 174 153.5 173.3 185.8 189.1 190.6 191.3 191.5 190.8 187.9 186.2 177.1 168.4 161.4 153.2 144.8 137.6 127.7 117.6 115.7 130.5 142.4 152.8 159.9 166 178.4 183 187 190.9 193.9 195.2 196.7 196.5 195.4 194.2 193 191.7 190.4 188.5 186.7 185.5 185.1 184.7 184.4 183.7 183 182.4 181.9 181.4 181.6 181.8 181.9 182.1 183.1 183.2 183.1 183 182.6 181.5 180.3 180 179.4 174.7 171 166.2 160.3 163.9 169.4 170.2 170.9 171.1 170.2 168.2
183 183.6 183.8 183.2 179.4 161.9 157.7 174.5 185 188 189.5 190.2 189.3 187.3 181.6 173.4 166.6 161.5 155.5 142.2 130.7 116.8 112.7 114.2 126.2 138.9 150.8 157.5 165.2 176.4 181.7 185.5 189.5 192.9 195.6 196.6 197.3 197 195.8 194.6 193.4 192.1 190.9 189.7 188.1 186.9 186.4 186.1 185.5 184.8 184.3 183.8 183.3 182.9 183.1 183.5 183.7 183.9 183.8 183.6 183.2 183.5 183.3 182 181 180.5 180.6 178 174.5 171.1 166.4 159.1 166.3 169.9 170.1 170 168.4 165.7
182.6 182.5 182.4 180.7 174.5 154.3 157.9 175 183.6 186.6 188.4 188.7 186.6 177.2 169.2 163.8 158.9 152.2 142.4 127.7 115.8 112.9 120.3 128.7 139.2 150.1 157.6 165.7 172.4 180.3 184.4 187.9 191.8 194.6 196.9 197.6 197.4 197 196.2 194.9 193.7 192.6 191.4 190.1 189 188.4 187.6 187.2 186.5 185.8 185.2 185.2 184.8 184.4 184.6 184.9 185.2 185.2 184.4 183.8 183.4 183.4 183 182.1 180.9 179.8 179.5 179.7 176.3 172.9 168.9 162.9 163.8 168.7 169.4 169.1 166.2 163.3
181.1 180.7 179.7 174.2 165.6 146.4 155.9 172.9 182.1 185.5 187.9 186.2 175.8 165.5 159.9 154 148.7 141.3 128.6 113.3 111.6 121.9 131.6 142.5 152.3 160.1 165.7 172.6 179.4 183.5 186.9 190.5 193.5 196.2 197.7 197.5 197.4 196.9 196.1 195.2 193.9 193.1 191.8 190.7 189.7 188.8 188.6 188.2 187.5 186.8 186.1 186.5 186.2 185.7 185.6 185.8 185.6 185.3 184.7 184.1 183.8 182.9 182.1 181.3 180.2 178.5 176.7 175.9 174.1 171 168.5 162.6 160.9 165.8 168.4 168.3 165.1 160.6
178.3 176.5 168.7 159.2 149.3 144.7 154.5 170.7 182.3 185.2 185.6 180.3 166.2 156.1 147.6 141.8 138.1 128.6 117.3 111.5 119.4 128.6 141.1 154.9 158.6 165.1 171.8 178.5 182.8 186.7 189.1 192.9 195.2 197.1 198 197.7 197.4 196.8 196 195.1 194.2 193.5 192.4 191.4 190.4 189.4 188.7 188.1 188.3 187.8 187.1 187.2 187.5 186.5 186.2 186 185.7 185.5 185.2 184.2 184.4 183.2 182 180.8 178.8 177 175 172.9 169.9 168.2 165 160.3 157.2 163.8 165.9 166.2 163.8 161.1
172.1 164.7 151 147.5 141.9 145.8 154.9 172.3 182.9 184.7 181.3 173 158.1 145.8 136.9 131.6 126.4 118.9 111.9 116.5 128.4 140.1 150.6 157.7 165.9 171.4 177.6 181.5 185.4 189.3 191.3 194.2 196.2 197.7 198 197.6 197.2 196.8 196.1 195.3 194.4 193.6 192.3 191.3 190.2 189.1 188.7 188.2 187.9 188.3 188.1 188 187.6 186.9 186.4 186.2 185.9 185.6 185.5 184.1 184.4 183.1 181.9 180.7 178.6 176.5 174.3 173.6 171.7 171.3 168.4 162.3 157 158.7 162.5 163.3 160.3 162.6
166.3 152.5 143.4 137.1 141.7 150.7 161.2 176.6 182.1 181.2 176 166.5 149.9 135 126.9 122.9 117.4 111.6 111.5 127.8 142.9 154.3 158.1 164.5 171.3 177.2 180.2 184 187.9 191.2 192.6 194.2 196.9 198.2 198 197.4 196.9 196.5 196.2 195.5 194.7 193.6 192.2 190.9 189.9 188.8 188.3 188 187.7 187.9 188.3 187.8 187.7 187.4 186.7 186.3 186.1 185.8 185.5 183.8 183.5 182.3 181.1 179.8 178.4 177 175.7 174.3 173.5 172.1 169.6 164.8 160.9 156.8 156.5 160.7 156.7 163.6
152.4 147.3 132.4 137.4 145 156.3 164.8 175.7 178.5 175.6 171.1 159.1 140.9 123.1 117.7 115.9 116 127.2 137.1 149.5 153.5 160.6 164.7 171 177 180.3 183.7 186.7 190.3 192.9 194.2 195.5 197.6 198.3 198 197.1 196.7 196.3 195.9 195.6 194.8 193.5 192.2 190.8 189.5 188.4 187.9 187.6 187.4 187.2 187.7 187.5 187.5 187.2 186.8 186.4 186 185.6 184.8 183.1 182.4 181.1 180 179.4 178.5 178 176.6 175.3 174.1 172.4 169.8 166.5 164 161 156.3 153.3 154.5 161.3
146.1 139.7 129.3 136.7 145.8 154.7 162.1 171 172.2 170.8 163.6 151.3 130.4 115 110.9 120.3 128.2 141.6 152.7 154.7 160.9 166.6 171.7 177.3 180.5 183.7 186.9 189.9 192.5 194.6 195.9 197.2 198.3 198.3 198.1 196.8 196.4 196 195.6 195.2 194.7 193.4 192.1 190.8 189.4 188.1 187.5 187.6 187.7 187.3 187.1 187 187.1 187 186.3 185.1 185 184.9 183.9 182.4 181.4 180.7 180 179.4 178.5 177.6 177.1 176.1 174.2 172.3 170.4 167 165.2 164.2 161.1 155.7 151.9 152
139.5 134.2 127.8 133.8 140.3 146.4 155.6 160.5 160.7 159.1 154.6 143 122.5 109.5 111.7 120.6 133.3 146.9 156 161.1 166.8 171.7 177.2 180 183.5 186.4 189.2 192.1 194.8 196.2 197.5 198.4 198.5 198.3 197.9 197.1 196.5 195.8 195.2 194.6 194.1 193.1 191.8 190.5 189.2 187.8 186.6 186.2 186.4 186.7 186.4 186.4 186.5 186.5 185.9 184.3 184.4 183.4 182.1 180.8 180.9 181 180.1 179.4 178.5 177.6 176.7 175.3 173.9 172.3 170.4 168.3 166.3 164.9 163.6 162.1 160.6 156.1
133.1 136.4 127 132.2 135.3 143.8 145.9 148.7 149.1 147.4 141.9 131.6 117.5 108.9 113.7 126.3 140.6 152.9 160.2 167 173 177 180.4 183.2 186.2 189.1 192.1 194.7 196.2 197.8 198.5 199.4 198.7 198.2 197.6 197.1 195.6 194.3 194.2 193.6 193.1 192.4 191.4 190.2 188.9 187.2 186.1 185.1 185 185.8 185.7 185.5 185.3 185.3 185.6 184.3 182.6 181.6 180.3 179 178.9 179.5 180.2 179.8 178.9 177.9 176.4 175.3 173.7 172.1 171.1 170.3 169 167.4 166.2 165.6 165.1 163.7
130.3 124.1 123.9 131.7 132.9 133.7 140 142.3 142.6 138.3 128.8 121.4 112.7 108.5 119.8 136.7 148.2 157 164.9 171.4 176.2 179.8 182.6 185.6 188.6 190.9 193.4 195.8 197.4 198.9 199.5 199.5 198.8 198.2 197.7 196.7 195.2 193.6 192.3 192.2 192 191.3 190.7 189.7 188.3 186.5 185.8 185.4 185.6 185.8 185.6 185.1 184.7 184.7 184.2 183.5 182.1 179.7 178.2 177.1 176.9 177.6 178.3 179.1 178.5 178 175.9 175.3 173.6 172.3 171.5 170.7 169.8 169.8 169.2 167.7 166.7 166
118.5 115.8 119 125.1 129.6 130.7 131.5 135.6 134.2 123.3 115.5 111.8 108.7 108.9 131 144.7 156.7 161.8 168.3 174.6 178.1 181.6 184.7 187.6 190.4 192.6 194.6 197 198.4 199.2 199.6 199.4 198.9 198.3 197.7 196.3 194.8 193.2 191.7 190.9 191 190.5 189.9 189.2 187.8 186.9 186.5 186.3 186.3 186 184.8 184.3 184.2 184.5 184.3 183.6 182.1 180.3 178 176.4 174.7 175.3 176.6 177.2 176.6 175.7 175.3 174.8 174.1 172.4 171.8 171.1 170.3 169.7 169.6 168.8 167.1 165.9
110.3 108.8 111.4 117.1 121 125.7 125.8 126.6 115.8 107.8 109 110.8 113.1 125.9 141.9 154.3 159 164.8 172.1 176.8 180 183.2 186.7 189.6 192.2 194.6 196.5 197.8 198.8 199.3 199.7 199.5 199 198.4 197.6 196.2 194.8 193.3 191.7 191.1 190.5 189.5 189 188.5 187.9 187.4 186.8 186.2 185.4 184.6 184.1 183.7 184 184.3 184.1 183.6 182 180.5 178.5 176.9 175.3 174.3 173.5 174.2 174.8 174.7 174.4 173.8 172.9 171.7 171.3 170.8 170.4 170 169.7 169 167.6 165.5
108.3 110 107.3 109.1 113.2 115.7 118.1 117.7 107.6 107.8 113.6 116.8 123.3 134 144.2 155.7 161.1 167.7 174.6 178.8 182 185.2 188.4 191.5 193.8 195.8 197.3 198.2 198.7 199.1 199.2 198.9 198.6 198.4 197.4 196.4 194.8 193.3 191.9 191.3 190 188.2 187.7 187.2 187.1 186.7 186 185.2 184.4 183.7 182.4 183.1 183.7 184 184 183.6 182.1 180.6 179.2 177.5 177.1 176.2 175 173.2 172.1 172.5 172.6 172.2 171.4 171.1 170.7 170.5 170.3 170 169.5 168.6 167.3 165
113.8 120.4 118.4 109 108.5 108.9 109.3 109.5 109.5 113.6 119.5 125.2 131.7 141.9 150.1 157.3 163.9 171.7 176.9 180.8 183.9 187.1 190 192.2 194.2 196.3 197.3 197.9 198.4 198.8 198.7 198.5 198.3 198.1 197.2 195.8 194.7 193.2 192.1 190.7 188.9 187.1 186 185.9 185.8 185.7 184.4 183.2 183.3 182.1 182 182.7 183.2 183.7 183.8 183.7 182.2 180.7 179.1 177.9 176.9 176.2 175.9 174.5 172.9 171.3 170.2 169.7 169.4 169.9 170.4 170.8 170.3 169.9 169.4 168.3 167.5 166.5
122.9 125.1 120.4 122.6 119.6 119.9 116.5 114.2 119.6 127 132.3 139.4 146.5 155.3 160.6 167.1 171.5 175.2 177.5 182.6 185.7 188.3 190.5 192.6 194.3 195.3 196.4 197.2 197.4 197.8 197.7 197.8 197.8 197.7 196.8 195.2 193.6 193 191.5 189.7 187.9 186.2 184.4 183.9 184.3 184.5 183 181.5 180.4 180.6 181.6 182.2 182.7 183.2 183.5 183.4 182 180.4 178.9 177.6 176.8 176.2 176 175.1 173.3 171.4 170.3 168.7 168.3 169.2 169.9 169.7 169.5 169.2 169.1 168.3 167.5 166.7
126.9 129.7 128.6 126.2 128.1 127.8 127.4 127.7 133.2 145.2 153.5 160.8 163.7 166.4 170.1 172.7 175.8 178.4 180.3 182.3 186.4 188.9 190.2 191.5 193.2 194.4 195.2 195.7 195.9 196.5 197 196.4 196.4 196.5 195.9 194.3 193.7 193.1 191.5 189.7 188 186.2 184.3 183 183.2 183.3 181.9 181.2 180.4 179.6 180.7 181.8 182.6 182.7 182.5 182 180.6 179.6 178.7 177.9 177 176.2 175 173.9 172.5 170.9 170.3 169.3 167.4 168.7 168.7 168.5 168.2 168.5 168.5 167.8 167 166.3
136.7 136.3 135.1 136.3 137.5 136.6 139.3 142 149.3 157 164.6 169 170.5 172.8 174.3 175.7 176.9 179.1 180 182.5 183.8 185.6 187.6 189.6 190.9 192.3 193.9 194.2 194.4 195.1 195.9 195.7 195 194.9 194.8 194.4 194 192.8 191.5 189.8 188 186.1 184.3 182.7 181.8 182.5 181.7 181 180.3 178.4 181.1 182.7 182.2 182.1 181.9 181.6 180.8 180.1 179.3 178.3 176.5 174.7 172.8 172.1 171.1 169.9 169.2 168.9 167 167.6 167.5 167.4 167.5 168.4 167.9 167.2 166.6 166.1
148.2 145.1 142.1 141.4 142.6 145.7 150.4 154.1 159.5 166.3 169.6 172.6 174.3 175.7 176.7 177.7 178.7 178.9 179.9 181.1 182.2 182.7 185.3 186.8 188.3 189.6 191.1 192.2 193 193.9 194.7 194.7 194.8 194.6 194.7 194.2 193.5 192.3 191.2 189.8 188 186.1 184.2 182.4 180.5 182.1 182 181.2 181 177.6 179.1 182.9 181.7 181.6 181.8 181.8 180.9 179.9 178.9 177.9 176.9 175.1 172.4 170.5 169.8 168.3 168.5 168.5 167 166.3 166.2 166.1 166.3 166.7 166.9 166.7 166 165.4
157.3 157.7 156.7 156.5 157.1 159.9 162.5 165.1 167.7 171.5 172.6 174.5 175.7 176.5 177.2 177.7 177.8 177.8 178.5 179.5 180.6 181.8 182.9 184.2 185.6 187 188.4 189.8 192.3 193.6 194.4 194.5 194.4 193.3 194 193.5 192.9 191.7 190.5 189.1 187.8 186.2 184.1 181.3 179.3 180.7 181.5 181.1 179.7 177.2 178.1 182.3 181.7 181.2 181.2 181.4 180.5 179.4 178.4 177.4 176.4 174.8 172.4 170.6 169.6 168.1 167.1 166.7 166.5 165.3 164.8 164.6 164.8 165 165.2 165.1 164.5 163.8
171.3 169.7 169.9 171.4 171.4 171 171.6 171.3 172.4 174.1 175 175.3 175.5 176.4 176.8 176.7 176.8 176.9 177.5 178.5 179.4 180.4 181 181.9 183.6 185.9 187.8 189.6 191.2 192.9 194.1 193.8 193.3 193.1 193 192.5 192.1 190.9 189.5 187.9 186.6 185.4 183.4 182.5 180.2 177.6 179.6 181.5 179.3 175.3 177.7 181.5 182 181 180.4 181.1 180.3 179 177.9 176.8 175.8 174.3 172.9 171.4 169.8 167.9 166.5 165.8 166.3 165.8 164.6 163.4 162.5 162.1 162.7 163.1 162.9 163
