data/390000-370000.asc
ncols 200
nrows 200
xllcorner 390000
yllcorner 370000
cellsize 50
[rows 35 to 69 of 200, columns 0 to 77 of 200]
103.5 103.6 100.6 100.5 100 100.4 99.2 100 100.6 101.4 101.9 102.3 108.7 103.6 104.9 105.3 105.8 106.4 107 107.6 108.4 108.7 108.7 108.7 109.4 109.4 109.4 109 110.2 110 110.7 112.2 112.8 113.4 113.9 114.5 115.2 116.3 117.1 117.8 118.6 119.9 124.7 124 125 126.8 128.3 134.7 148.4 148.8 149 152.5 150.8 148.7 146.2 147.6 149.1 148.4 149.5 150.3 158.1 154.7 149.8 147.9 149.9 158.9 158.4 165 171.6 175.2 178.5 180.4 183.9 190 196.7 203 208.9 215.3
104.8 106.5 106.8 105.3 102.3 102 100.5 100.6 101.2 102 102.2 102.7 106.8 104.3 105.9 105.5 106 106.6 107.2 107.8 109.2 109.8 108.7 109.6 110 110.2 110.4 110.6 109.8 110.8 111.5 111.4 112.7 113.1 112.3 112 115.3 116.1 117 117.8 118.6 120.3 123.6 126.8 126.3 126.5 129.9 136.5 146 150.3 150.6 152.8 151.4 147.5 144 142.7 144.6 144 145.7 148.4 154.8 151.7 144 141.8 144.5 158.8 160.4 158.3 160.2 174 177.1 179.5 184.1 189.2 196 202.1 206.9 211.8
105.6 109.1 111.5 109.6 106 108.9 108 104.5 104.1 103.7 103.4 103.4 104.7 106.9 108.8 109.2 107.4 107 107.7 108.7 110.6 114.9 118 112.8 110.7 110.9 111.4 111.6 111.7 112 112.3 112.6 111.2 112 113.5 113.6 115.7 116.2 116.8 117.5 119 121.6 123.1 124.2 126.1 128 132.2 139.2 147.1 151.1 150.8 151 149 145.9 144.5 144.8 145.4 142.5 139.4 142.8 146 146.7 137.1 138.4 137.8 138.8 151.2 157.9 159.4 167.1 174 179.9 183.8 189 194.6 199.2 202.8 192.7
107.4 109.5 113.4 111.9 107.6 109.7 115.9 111.7 109 109.2 108.4 104.9 105.1 105.6 109.6 111.6 111.7 111.9 112.3 111.2 112 117.1 121.4 120.7 116 112 112.5 112.3 112.5 112.8 113.1 113.4 113.7 113.1 114 114.5 114.8 116.8 117.2 117.7 119 121.8 123.9 125 125.9 126.2 132.1 140.6 148.7 149.4 150.3 150 147.9 147.1 148.8 148.2 145.7 143.6 143.4 136.1 136.6 136.3 135.8 136.3 136.8 137.8 137.9 154.4 159.6 162.4 169.7 178.1 183 187.5 182.8 177.3 176.3 176.5
108 111.2 114.4 114.4 110.2 108.5 112.1 112.9 112.4 113 111.3 110 106.2 106.5 109.1 114.3 115.5 114.1 114 113.8 113.8 116.1 120.3 123.8 124.1 120.1 114.5 113 113.2 113.5 113.8 114.1 114.6 115.1 114.2 114.8 115.5 115.7 117.5 118.2 118.8 120.9 121.7 125.4 126 125.6 125.3 131.9 143.6 144.9 147.6 147.3 147 144.9 147.5 147.3 145 143.2 132.2 132.7 134.5 134.9 135.3 135.6 136 137.3 138.4 148.1 158.5 149.5 161.7 171.4 176 161.9 154.4 151.4 153 154.4
108.7 112.9 116.3 115.6 114.1 111.5 113.2 114.7 115.8 116.5 114 109.9 107.8 106.5 108.9 113.7 116.8 115.7 116.4 116.1 115.7 116.9 119.1 124.5 127 128.9 125.3 115.9 113.9 114.2 114.5 114.7 115.1 115.5 115.6 115.4 116.4 115.8 117.6 118.1 118.6 119.2 121.4 124.4 124.6 123.1 124.1 125.6 129.2 146.3 148.3 145.6 144.7 145.2 148 148 146.6 137.3 131.6 130.7 137.4 137.2 137.9 139.4 135.4 136.3 137.7 147.6 150.2 141.8 146.1 151.9 149.9 143.9 145.9 149.9 153.9 154.7
110.7 111.3 116.3 117.6 116.4 115.9 115.1 117.9 119.1 118.8 115.7 111.7 109.7 107.9 107.9 111.4 116.6 118.5 119.1 119.6 118.5 117.5 119.8 121.9 126.2 129.8 128 123.4 115.8 115.4 115.6 115.3 115.7 115.9 116.2 116.3 116.8 116.5 116.5 118.1 119 119.7 120.2 120.6 122 123.3 123.6 124.8 127.1 135.6 140.1 140.1 145.2 148.4 150.6 149.5 148.6 141.3 130.6 131.1 138.9 145.2 140.1 141.5 145.3 144.7 144.9 150.6 144.9 142 141.8 141.5 142.4 141.9 146.7 151.6 157.6 157
110.4 111.2 114.2 117.9 118.5 118.7 117.9 122.9 123.5 119.5 112.5 113.3 112.5 109.8 108.5 110.9 115.5 121 121.9 122.4 122.4 119.7 120.2 121.7 121.9 127 127.7 124.7 120.4 116.5 116.3 116 116.3 116.5 116.7 116.9 117.2 117.4 117.7 118.3 118.7 118.7 120.2 121 121.8 122.4 121.6 124.1 125.6 127.4 131.3 144.3 152 151.2 149.2 146.3 144.4 133.9 131 132.9 137.8 141.1 140.6 144.7 148.9 156.5 157 158.6 145.9 138.8 137.1 140.9 142.8 147.5 149.5 154.2 158.7 158
112.7 112.8 115.2 116.1 118.8 119.5 118.9 124.6 125.3 120.9 111.4 115.4 113.1 110.6 109 110.7 114.7 120.5 122.2 123.8 123.9 122.9 121.6 121.3 123.1 125.9 125.5 122.9 119.7 117.8 117.2 116.7 116.8 117 117.2 117.5 117.6 117.1 118 118.2 119.5 119.7 119.7 120.8 121.9 122.5 123 123 124.8 126.7 128.3 134.4 140.6 145.6 142.6 136.9 130.3 130.5 131.8 134.2 138.1 139 141.1 150.8 157.6 160.1 161.5 161.2 168.6 151.4 146.6 141.2 142.7 145.5 148.4 153.1 158 158.9
115.2 115.2 116.3 117 118.2 119.3 120 122.3 125.2 121.5 118.5 116.8 114.1 112.6 109.9 110.3 113.3 117.4 122.4 123.9 124.1 123.5 121.1 122.9 125.3 126.9 125.7 122.6 121.5 119.2 119.2 118.3 118.4 118.5 118.7 118.8 117.4 117.8 117.6 119.2 120.2 120.7 121.1 121.1 121.9 122.8 122.9 123.5 123 124.2 124.2 126.2 129.5 134.3 130.4 130 129.9 129.8 133.9 138.6 143.8 145.7 152.9 158.2 160.7 164.8 167.4 168.8 171.2 155.2 157.7 154.1 143.2 144 145.5 145.4 150.2 157.9
115.5 115.6 116.3 117.8 117.7 118.6 119.4 120.1 125.4 125.7 121.2 119.7 115.8 113.1 111.2 109.9 114.1 117 120.1 122.2 124.2 123.2 123.2 124.6 126.8 127.5 125.8 123.1 125.4 121.5 121.9 121.2 119.6 120.3 119 118.2 117.9 118.9 119.7 120.4 121.1 121.5 122 122.4 123 123.3 123.6 124.7 124.9 124.6 125.2 126 127.3 128.1 128 130 130.3 133.6 138.9 145.2 147.7 154 157.2 158.7 165.1 168.7 171.5 171.6 173.6 178.9 178.7 165.9 150 146.4 144.4 145.4 146.8 150
110.6 113.3 115.6 116.3 119.4 120.9 121.3 123.5 124.9 124.2 125.4 122.1 119.4 115.4 112.7 110.7 111.1 114.9 118.4 120.8 124.5 124.7 123.9 124.6 128 128 126.9 127.6 128.5 123.8 124.1 125 124.8 123.2 121.8 118.8 118.8 119.5 120.4 121.1 121.2 122.1 122.8 123.2 123.8 124.5 124.5 125.3 124.6 126.1 124.5 126.8 126.7 127.5 127.9 130.2 134.2 136.3 140.4 148.1 148.8 158.2 158.2 164.1 169.2 171.2 172.3 171.6 174.5 178.1 175.6 164.9 154.5 148.7 143.2 146.6 146.6 148.3
110.5 114.7 114.7 118.2 121 123.1 123.2 125.1 125.1 127.3 127 126.7 126.1 119.3 114.6 111.9 110.7 112.9 116 118.7 122.8 123.9 123.7 125.8 129 129.4 129.5 127.5 129.8 125.1 126.7 128.5 130.4 132.2 128 123.9 121.4 120.8 121 121.3 121.7 122.6 123.5 123.9 124.6 125.2 126.6 127.1 127.7 128.7 129.7 130.4 130.6 131.4 132.1 133.1 133.9 137.4 141.3 148 150.7 158.9 159.8 165.4 169.2 171.6 171.7 172.7 175 180.1 180.6 171.6 165 153.7 152.3 153.6 149.7 147
111.8 114.1 113.9 116.2 121.1 123.4 124.4 125.4 127.1 127.8 128 127.7 125.9 124 116.4 112.6 112.4 111.7 114.1 116.2 118.3 122.7 125.2 127.4 130.6 131.7 132.1 130 130 127.2 129.5 132.9 133 139 136.5 129.2 124.4 122.5 123 122.9 123.2 123.3 124.1 124.7 125.6 126 126.5 127.6 128.4 129.4 130.5 131.2 132.1 132.5 133.2 133.8 134.1 143.3 155.1 151.4 158.3 161.5 162.3 165.8 168.8 170.9 171.4 172.7 177.7 183 185.7 183.9 171.9 163.5 157 158.6 159.7 155.1
109 110.6 112.3 115.7 121.4 123.2 123.7 125 126.5 127.4 128.4 128.9 128.2 124.2 117.8 115.7 113 112.2 113.7 116 116.9 123.6 126.1 128.9 133 134.5 135.8 133.6 134.8 129.5 130.7 137.9 134.8 141.6 147.3 134 126.9 125.5 125.3 124.7 124.7 124.9 125.6 126.5 125.9 126.1 127 128.6 129.1 130.1 131 131.4 132.5 134.1 134.6 135.4 143.1 150.2 156.6 153 161.1 163.7 165 166.2 167.6 170 172 174.5 179.9 185 189.2 188.7 183.5 174.9 171.2 167.4 168.8 169.1
107.4 109.3 111.2 113.2 119 123.8 124.2 123.2 113.1 126.9 127.1 130.8 129.8 126.6 119.7 117.4 114.5 113.1 113.5 115.8 116.6 122.4 126.1 130.4 134.6 137.3 138.6 139.8 138.9 137.1 134.7 138.1 140.8 140.5 142.8 133.3 134 130.5 127.7 129.2 128.6 131.1 134.6 129.8 134.4 132.4 131.8 132 130.5 131.2 131.3 131.7 133 135.7 136.4 140.7 147.7 150.6 155.7 158.3 161.3 164.6 166.3 166.8 167.2 170.1 173.7 175.7 180.6 186.2 191 191.9 183 178.2 175.5 178.1 179.6 180.9
104.4 109.7 112 114.3 120.6 122.6 125.3 122.9 115.7 124 128.2 129.7 130.4 128 122.1 119.4 116.9 114.4 114.6 116.6 117.6 122.6 126.7 129.3 132.2 136.1 139 141.4 141.5 141.3 140.5 139.9 142.5 145.9 143.3 139.9 141.5 134.9 131.4 133 132.1 138.2 147.6 135.7 141.6 139.9 140.4 139.7 134.6 137 138.4 139.3 139 136.5 136.8 139.2 144.7 146.2 151.5 155.4 161.5 164.2 166.6 167.4 167.9 169.1 173.1 177.1 183.5 187.7 186.7 184.5 184.2 188.7 184.6 182.9 185.7 188.7
105.4 110.5 112.7 114.2 116.7 119 121.1 116.8 121.2 126.7 130 131.1 131.4 127.7 123.6 120.9 117.6 115.8 115.8 116.9 119.2 122.8 124.9 126.9 129.3 132.7 138.6 140 140 140.9 141 142.4 148.5 151.2 147.4 151.6 148.4 138.2 135.9 143.1 139.6 142.4 142.7 139.9 148.5 147 146.8 145.9 141.9 145 153.6 147.6 144.7 140.3 138.7 139.7 142.1 144.4 149.5 154.4 158.2 163.1 165.6 167.1 168.5 169.4 172.8 178.1 190.5 185.7 184.9 188.8 196.6 204.4 194.2 187 193.3 195.9
102 108.9 111.2 111.7 113 114.4 114.4 120.6 124.3 128.3 130.7 131.6 132.1 129.1 125.4 122 119.1 118.1 117.1 116.3 119.4 121.9 123.9 126.2 128.5 131.4 136.7 135 137.6 138.5 139.9 144.4 150.7 152 152.1 152.4 150.7 142.8 145.2 150.9 149.2 150.6 144.3 151.5 154 155.1 152.3 145.8 146.1 146.9 154.4 153.8 146.4 141.9 139.7 140.4 145.5 145.9 148.1 152.1 159.4 161.1 165 166.3 167.4 169.2 172.5 180.1 191 188.5 183.9 190.7 199.8 209.1 197.9 201.9 203.2 204.8
100.3 104.7 106.5 109.3 111 112.4 118 114.8 124.2 128 131.2 131.9 132.7 130.4 127.6 124.3 121.3 120.1 119.2 118.5 117.8 118.4 122.3 126 126.6 128.3 130 129.4 134.8 137 139 143.4 148.5 152.3 152.2 151.7 151.2 151.7 151.5 152.2 152.2 153.4 153.7 153.5 154 154.3 151 147.5 151.1 150.6 150.2 148.4 147.7 148 143.5 140.6 142.6 149.8 150.4 154.9 159.7 163.9 164.4 165.1 166.1 167.7 171.3 177.2 187.2 189.6 183.2 190.3 204.5 213.3 202.9 217.2 225.1 220
100.7 101 104.9 109.3 109.7 112.8 116.8 114.9 123 127 130.9 132.4 133.3 132.9 129.6 126.4 124 122.7 121.1 119.1 118.9 118.7 120.1 121.3 123.8 125.2 126.9 129.2 131.3 134.3 137.7 141.6 147 151.4 152.3 150.8 151.1 151.5 151.9 152.7 153.6 154 154.2 154.1 153.9 151.3 148.5 149.5 153.8 151.8 153.5 159.2 159.8 152.2 148.4 147.5 144.1 152 152.4 155.8 160.2 163.6 163.9 163.6 164.1 166.5 170.3 176.9 182.6 189.8 182.9 191.2 208.7 217.5 207.7 219 239.2 241.7
97 100.7 100.4 107.1 109.7 112.5 118.9 115.5 120.8 121.3 124.3 132.3 134.4 134.3 131 128.9 127.5 126 124.5 122.4 121.2 120.8 120.7 121.8 122.9 124.2 125.7 128.3 130.3 132.4 137.9 145 147.4 148.7 150.4 150.3 149.7 150.4 151.5 152.4 152.8 153.1 155.4 153.9 153 151 143.6 147.7 150.2 152.1 156.9 160.6 161.8 159.4 151.8 150.7 151.9 153 153.7 156.7 160.1 163.3 163.4 162.8 163 164.7 167.9 173.5 181.9 183.7 181.9 195.3 209.9 211.7 207.3 217.8 243.6 256.8
99.9 100.5 101.4 102.7 103.9 108.7 111 114.7 117 119.2 123.4 130.3 134.7 135.7 133.8 133.8 131.8 129.7 128.3 126.7 126.2 123.3 121.8 122.3 124.2 125.6 126.4 127.3 128.6 130.5 133.6 135.6 138.9 145.1 146.1 148.2 149.3 149.8 151 151.5 151.9 152.4 153.4 152.9 151.3 146.3 143.1 147.1 151.1 155.7 159.1 161.8 162.6 161.6 159.4 152.7 152.5 153.3 147.1 156.2 160.2 161.6 161.3 161.4 162.7 164.5 166.7 171 176.1 178.6 185.6 197.3 208.1 202.8 207.1 238.6 238.3 265.2
101.2 99.9 101.7 102.4 103.9 110.7 115 114.6 116.7 119.7 124.5 128.8 134 135.7 136.5 136.2 135 133.3 130.3 127.9 126.7 124 123.1 123.2 125.3 127.3 126.9 127.4 126.3 131.7 135.4 140.1 143 145.9 148.3 148.9 148.8 149.2 149.4 151.1 152.2 152.7 153.8 153.3 151 146.4 142.9 147.4 152.7 157.7 161 162.2 163.2 162.7 162.4 159.1 153.4 155.8 153.3 148.2 157.4 161.2 160.3 160.5 162.2 164.2 165.6 168.9 173.2 178.2 187.8 193.5 199.8 201.5 217.6 233.7 247.3 265.7
101.7 100.8 102.2 102.3 102.6 103.2 112.1 114.6 117.6 121 125.5 127.5 133.7 136 136.6 136.6 136 135.3 131.7 128.4 126.4 125.2 125 124.3 125.9 130.1 134.5 133.9 130.7 129.4 133.9 138.1 142.9 145 146.5 147.4 148.1 148.5 149.9 151.4 152.5 153.5 153.9 153.2 150.8 145.6 144 148.4 152.7 157.7 160.7 162.3 163.6 164.2 164 159.1 155.2 157.6 156 145.5 156.9 160.6 159.9 160.1 161.2 162.6 164.7 167.9 171.7 177.9 188.4 191.2 192 206 237 236.9 240.6 259.7
105.4 104.4 102.2 102.2 102.4 103.3 104.2 114.9 116.1 119 122.6 122.4 129.4 134.9 136 138.3 137.4 136.2 132 129.7 128.3 128.9 128 125.1 126.1 128.5 131 131.9 137 133.1 132.4 135.5 139.1 142.9 143.4 146.1 146.2 146.8 148.3 151 151.2 153.1 153.5 152.9 151 146.3 144.2 149.5 154 157.8 159.9 161.5 162.6 163.3 164 159.3 158.6 159.8 159.7 150.6 147.4 159.1 159 160.2 161.2 162.7 164.2 167.3 171.5 179.3 185.7 185.8 191.2 209.3 226.9 233.1 237.4 244.1
107 106.5 102.1 101.1 99.9 103.1 103.6 114.8 114.6 117.1 118 121.5 126.2 132.3 133.8 137.2 138.3 136.7 132.8 129.9 130.4 131.8 131.8 129.5 131.5 129.6 130.6 132.3 138.8 139.8 134.4 133.3 136.8 140 142.4 144.5 144.5 146.7 148.6 149 149.6 152 153.3 153 151.2 148.7 148.1 151.7 155.1 157.6 158.9 160.4 161.2 162.3 162.8 161.1 158.7 161 160.2 156.5 148.2 157.7 159.2 160.1 161 163.2 165.1 167.9 173.2 180.7 182 183.2 192.8 208.7 228.4 229.9 232.1 246.7
107.5 107 105.5 103.3 102.7 101.8 104 114.4 110.8 113.7 118.8 119.7 123 126.4 131.3 131.8 132.9 134.1 131.6 130.7 131.1 132.9 132.4 133.7 134.9 131.5 132.3 132.8 137.7 140.5 139.7 135.8 133.7 137.7 140.7 142.6 142.6 143.9 144.4 147.2 148.2 149.6 152.4 153.6 151.1 149.5 150.9 152.7 155.1 156.8 158.2 158.8 160 160.9 161.8 160.8 157.7 160.2 159.8 158.9 153.6 152.5 158.4 160.5 161.4 163.3 165.2 168.7 176 179.4 180.1 181.8 191.9 209.5 231.7 233.5 235.9 246.9
107.3 106.8 106.4 105.6 103.9 101.8 103.6 112.3 110.9 114.5 116.1 118.8 122.5 125.6 125.8 130.9 131.8 132.5 132.3 131.6 131.2 131.9 132 134.7 134.8 133.8 132.5 134.8 137.8 137.9 142.2 140.2 137.1 137.6 137.7 140.2 141.9 142.4 146 149.2 150.3 149.9 151.3 152 151.5 150.9 151.7 153.7 154.8 156.2 156.7 156.9 159.8 160.5 161.7 163.3 156 161.9 162.8 161.5 155.5 151 158.7 160.1 162.2 163.5 165.1 169.7 174.1 176.3 178.1 181 190.4 204.7 236.9 236.4 238.9 242
107.8 106.9 106.4 105.7 103.7 102.8 104 110 115.9 117 114.1 118.8 124.4 129 126.8 130.3 133.1 133.3 132.9 132.2 131.8 132 132.8 134.7 135 134.7 134 137.7 140.8 141 144.3 146.7 143.6 140.4 139.6 141.3 142.6 144.5 147.5 149.4 150.3 150.9 150.8 151.1 151.6 152.3 152.9 154.4 154.5 155.9 156.9 155.8 159.1 161 162.4 162.8 157.3 163.6 161.6 160.9 156.2 156.8 158.2 159.5 161.1 162.4 164.9 167.6 170.7 174.2 176.8 180.7 190.1 202 230.8 235.5 244.8 249.4
110.4 108.3 107.8 106.9 106.2 103.6 104.1 107.6 116.2 121.8 118.7 118.8 119.7 127.4 129.6 130.1 132.5 133.5 132.7 131.6 132.1 132.2 132.6 135.7 136.1 134.9 136.2 142 142.3 143 142.8 148.9 146.7 139.5 141.2 141.5 142.4 144.3 147.4 149.3 150.9 151.4 150.9 151 151.5 152.1 153.2 154.1 154.1 155.7 157.6 159 159.7 161.7 162.7 162 160.1 161.1 159.4 158.6 156.4 159.3 160.5 162.3 162.1 162.9 164.9 168.1 171.4 174.2 176.7 180.1 188.9 199.8 222.7 241.3 247.2 249.2
111.2 110.1 109.2 108.1 106.8 105 103.4 103.2 116.6 121.9 122.2 123 121.9 123.4 128 130.2 131.8 134.3 132.6 131.9 131.8 132.5 132.7 134.3 134.8 135.5 135.8 138.5 142 144.3 141.5 145.9 142.9 140.7 140.9 145.1 145.6 145.8 150.6 151.2 151.4 151.7 151.6 151.4 152.2 153.2 154.2 154.8 154 155.8 157.6 158.5 160 161.3 161 159.3 160.9 160.8 161.2 160.4 156.9 160.8 162.8 161.5 163.4 164.8 166.5 169.5 172.2 174.4 176.3 179.4 186.6 197.1 209.2 237.9 245.2 247.9
112.8 112.3 111.5 111.1 109.1 104.4 101.7 104.3 115.7 121.1 121.9 123.4 121 125.8 126.1 130.1 130.8 135.3 132.9 131.2 131.7 132 132.5 132.5 135.3 135.3 135.1 136 139 140.7 142.2 143.6 143.6 145 144.2 143.2 145.1 147.4 149.2 150.2 151.4 152 152.2 151.9 153.1 154.3 155 155.8 155.8 155.3 157.2 158 158.7 160.5 161.3 155.4 162.8 164 162.6 159 159.1 162.4 164.2 162.1 162.8 164.8 166.8 166.5 171.8 174.7 176 182.1 191 194.2 205.2 230.8 242.8 248.7
113.3 116.4 115.4 113.8 111.4 104.3 102 104 112.7 119.4 121.2 120.2 121.1 126.6 130.5 131.3 133.3 134.9 132.5 130.3 131.1 130.7 130.5 130.6 133.4 134.7 134.6 135.9 138 139.3 141.2 142.9 148.1 146.8 146.8 146.4 144.7 146.5 145.7 149.5 150.1 151.5 153.4 153.6 153 154.6 154.1 156.1 156.7 156.5 156.7 157.8 158.6 158.6 160.8 161.8 163.4 162.5 161.3 158.6 160.6 163.4 163 162.6 162.3 164.6 167.1 169.4 170.9 173.8 178.4 181.7 183.2 188.2 200.7 218.1 235.4 242.4
115.6 119 118.8 117 114.1 105 104.5 106.8 114 116 118.1 119 122.2 127.7 130.7 132.5 135.4 135.7 131.5 128.8 129.2 128.8 128.5 130.4 130.9 132.2 133 133.3 136.7 138.4 138 141.7 144.7 146.8 148.4 144.8 144.8 144.7 146 146.9 148.1 151.2 152.4 153.5 153.8 154.2 155.7 156.3 156.6 156.7 156.7 157.1 158.5 158.2 157.3 160.5 163.4 161.6 160 158.5 160.1 161.6 161.7 161.5 162.6 164.9 167.9 170.5 173.4 176.4 180.9 185.4 184.6 183.5 191.4 207.3 238.4 244.1
