data/390000-260000.asc
ncols 200
nrows 200
xllcorner 390000
yllcorner 260000
cellsize 50
[rows 38 to 75 of 200, columns 85 to 169 of 200]
67.2 69.6 77.3 78.3 76.8 76.5 78.9 80.5 81.6 82.8 83.9 84.4 83.7 82.9 80.8 77.4 72.5 72.2 72.1 71.3 71.3 71.1 70.4 70 69.6 69 68.2 67.7 67.3 66.1 64.5 64.7 65.1 67.9 66.8 68.6 69.1 71 74.6 76.9 77.6 78.3 78.9 80.7 82.5 82.5 83.5 85.6 89.3 93.6 94.5 93.9 93.1 92.1 92.7 93.3 93.5 91.6 92.2 89.7 89.5 89.8 89.5 90.4 91.5 91.2 91.2 92 93.5 95.9 97.9 99.1 101.3 104.4 106.8 109 111.2 112.5 114 116.2 118.5 122.1 125.6 128.4 129.5
67 68.9 73.9 73.5 74.6 78.5 80.2 81.4 82.9 83.7 84 83.8 81.8 77.9 77 73.9 71.7 69.4 69.6 69.4 69.3 68.9 68.5 68.1 67.6 67 66.4 66.4 65.2 64.1 65.3 66.4 67.6 66.6 65.3 66.1 66.9 68 70.7 72.3 73.4 74.1 75.2 77 79 79.7 82.3 85.7 89.5 91.6 92.2 91.7 91.3 90.6 91.2 91.5 91.2 90 88.3 88.2 88.2 89 91.7 92.5 93.5 94.7 95.1 95.8 97.1 98.7 99.5 101.7 103.7 106.3 109.1 110.9 111.5 111.9 114.5 117.4 120.5 122.9 125.3 126 126.8
67 67.9 70.1 71.9 76.9 79.5 80.9 82.4 83.5 83.7 83 80.2 76.6 74.3 72.5 70.1 69.3 67.7 67.6 67.4 67.2 66.8 66.6 66 65.4 64.7 64.1 63.7 62.8 65.6 67.1 68.1 69 69.3 69 71.8 71.7 67.6 68.7 68.9 72.1 71.5 71.9 72.9 77.4 78.1 80.9 84.5 87.4 88.6 89.5 89.6 89.2 88.6 89.1 88.6 88.2 87.5 86.5 86.5 88.3 90.9 93.8 94.9 96.2 98 99.1 99.7 100.5 100.7 101.3 104.2 106.2 108.7 108.7 109.4 110.7 112.9 115.3 118 120.3 122.6 124.3 125.1 122.9
67.9 67.5 68.6 71.4 73.2 79.8 81.5 82.1 82.9 81 77.7 74.2 70.4 69.7 69.1 67.8 66.8 65.9 65.6 65 64.8 64.5 64.4 63 62.4 62.2 63.3 64.6 66.2 67.3 67.9 68.7 69.2 70.2 70.9 71.8 72.3 71.5 71.6 72.9 73 71.8 70.7 72.1 72.3 74.3 79 80.9 83.5 85.6 86.7 87.5 86.9 86.4 87.7 86.3 85.6 84.6 86.4 89.1 91.7 93.7 95.8 97.4 99 100.7 102.4 103.5 103.1 103 103.2 105.7 105.9 106.4 108.4 110 112.2 113.9 115 117.1 119.4 121.1 122.2 121.4 120.4
68.6 66.8 66.3 70.9 75.9 80.5 81.3 81.5 78.8 76.1 73.1 69.5 66.9 66.1 65.8 64 63.8 62.7 62.4 61 60.8 61.9 62 62 63.3 64.5 65.9 67.1 67.5 67.9 68.6 69.2 70 70.7 72.2 72.8 73 73.2 73.6 74.9 76.2 77.4 77.5 76.9 74.3 72.2 73.7 75.1 81.1 81.9 84 85.2 83.6 83.4 83.1 82.7 83 86.7 89.9 92.6 95.3 97.5 98.7 100.1 101.7 103.3 103.4 103.4 103.4 103.4 103.4 103.3 103.3 105.2 107.8 110.4 111.7 112.9 114 115.6 117.7 119 118.4 117.9 119.6
67.3 65.4 67.4 71.9 76.8 80.9 80.9 77.9 75.9 73.4 70.9 67.3 63.5 61.9 59.4 59.5 58.7 59.5 59.4 60.8 61.1 61.1 62.7 63.5 64.8 65.9 67.2 67.6 68.1 68.6 69.9 71.2 72.4 74.1 74.3 74.1 73.8 73.7 74.3 75 78.9 80.7 81.6 82.2 80.7 79.2 76.8 75.1 73.1 75.6 78.1 79.4 79.9 80.5 79.2 83.8 86.3 89.1 92.5 95.3 99 99.9 101.1 100.2 98.9 100.8 102.2 102.7 102.7 102.6 102.5 102.3 102.2 102.8 105.9 108.5 109.7 110.9 112.1 113.1 115.3 115.6 115.7 115.8 118
66.1 65 69.7 75.2 78.8 79.6 79.3 75.1 72.2 69.9 67.7 64.6 58.6 59.6 60.9 61.5 62.5 63.4 63.8 64.3 64.9 65.3 65.6 66 66.9 67.4 68 68.7 70.3 73.2 74.2 76.4 76.3 76.3 75.3 74.1 73.6 73.1 73.2 74 77.6 80.1 81.9 83.2 83.5 82.6 81.1 79.3 79 78.3 77.5 78.2 78 76.3 81.3 83.9 86.1 89.1 92.3 94.2 95.6 97.8 98 98.6 97.5 99.7 101.1 101.4 101.3 100.8 101.1 101 100.9 100.7 103.9 105.9 107.2 108.5 109.7 111 111.9 112.2 113.3 114.4 116.4
64.9 65.5 70.7 75.6 75.8 76 75.1 72.1 66.8 66 64.4 58.9 58.8 60.9 62.9 63.8 66.4 67.5 68.9 70.9 71 69.8 69 69.4 69.4 69.4 69.9 71.6 71 78 78.7 78.8 78.3 76.5 74.7 73 72.9 72.4 70.7 73.6 75.2 77.8 80.3 82.8 83.6 84.6 83.9 83.1 82.8 82.9 83.3 83.3 82.9 82.3 77.8 82 84 87 89.3 91 92.1 92.7 93.1 93.9 95.4 98.8 99.3 99.7 99.8 99.3 99.8 99.6 99.7 99.2 101.3 102.6 103.8 105.3 107.3 109.3 109.8 111.1 112.3 113.5 114.9
64.6 66 70.8 70 69.4 69.6 69 66.6 65 63.4 60.5 58.5 59.3 62.3 65 66.5 69.5 71.2 73.9 76 77.2 75.5 74.5 75.1 73.9 73.2 72.5 68.1 78.6 79.5 78.8 78 76.9 75.3 73.8 72.3 71.6 71.3 71.2 71.9 73.5 75.7 78.4 82.1 83.7 84.8 86.1 86.5 86.6 86.8 87.1 87.1 87 86.3 84.4 80.2 80.3 82.3 84.1 85.6 87.4 89 89.6 90.6 92.4 95.2 95 98 99.4 97.9 97 98.4 98.5 98.2 98.4 100 101.8 103.5 105.5 107.5 108.4 109.6 110.9 112.3 114
64.1 67.5 69.1 67.5 66 65.2 64.2 63.7 62.4 61.1 59.5 58.8 60.1 62.6 64.4 68.5 71.8 74.5 75.9 77.2 77.9 77.8 77.8 77.8 77.9 77 67.7 76.6 77.6 77.8 77 75.9 74.9 73.8 72.4 71.8 71.3 71.2 71 71.3 72.3 74.2 77 80.4 83.2 84.8 86 87.3 87.7 88.2 88.6 88.7 88.5 88.1 87.9 85.6 82.6 80 81.2 80.6 82.9 84.9 86.5 87.9 89.6 91.8 93.7 95.2 96.6 94.6 97.2 97.7 96.8 96.6 98 99.5 101.1 102.4 103.8 105.8 107 108.2 110.2 112.2 113.5
65.6 68 67 64.5 63.1 62.1 61.2 60.7 59.9 58.9 59.1 60.8 62.4 64.3 67.2 67.5 73.3 75.1 75.9 76.5 76.3 76.3 76.2 76 76.2 67.3 75.7 75.5 75.9 75.6 74.7 73.3 72.3 72.7 72.2 71.7 71.2 70.7 70.6 70.9 71.6 72.9 75 78.1 80.7 82.7 85.3 85.9 87.5 88.6 89.1 88.9 88.7 88.3 88.3 87.8 86.5 87 88.8 87 86.9 87.3 89.1 87.2 87.1 88.6 90.5 91.7 92.9 94.6 95.7 94.7 95.1 96.8 98.5 99.7 101 102.1 103.2 104.3 106.1 108 110 111.7 113
64.6 65 64.4 61.3 60.1 59.2 58.2 57.8 57.8 57.8 58.5 61.8 63.8 65.6 68.3 71 71.1 73.6 73.7 73 73.1 72.7 72.4 73 66.9 73.8 74 74.1 74.2 74 73 71.1 71.1 72.2 72.5 71.6 71 70 70.2 70.4 71 71.8 72.9 75.8 78 79.5 81.2 83.3 86.3 87.1 87 86.9 87.5 88.4 89.9 91.1 91.3 93.7 94 93.8 92.7 93.1 93.3 93 91.6 88.4 88 89.4 90.8 93.6 93.1 93.4 95.5 97.2 98.9 100.3 102.8 103.9 104.7 105.3 106.2 107.9 109.8 111.2 112.2
60.3 60.4 60.2 57.3 57.1 55.8 56.7 58.1 59 60.4 60.9 61.6 64.1 66.1 69.8 71.5 72.1 70.6 69.4 68.8 69.6 70.4 71.1 66.5 70.9 71.8 72.5 72.7 72.8 72.5 71.4 71.2 71.1 72.5 72.4 71.4 70.1 69.8 69.8 70 70.8 71.4 72.2 73.4 75.6 77 78.2 80.4 83.2 84.5 85.1 87.1 89 90.6 92 92.4 92.7 92.8 93.6 94 94.8 95.1 95.6 95.5 94.6 92.9 90.4 89.2 90.4 91.3 92.4 92.5 94.2 96.4 98.7 101.1 103.7 105 105.6 106.3 107.1 108 109.1 109.8 110.6
56.4 54.8 56.1 57.7 58.8 59.7 59.7 60.5 61 61.6 62.4 63.1 63.8 64.9 67.9 69.7 69.6 68.5 67.2 66.9 67.2 67.6 66.9 67.9 69 70.1 71.4 71.2 70.7 70.3 70.1 70.6 71.2 72 71.6 70.2 69.7 69.3 69.3 71.3 71.2 71.5 71.7 72.8 74.2 75.4 76.2 78.7 81.3 83.6 86.1 87.4 88.7 89.3 90 90.7 90.8 90.7 91.5 95.8 96.9 96.9 98 98 97.2 95 92.6 91.4 90.7 91.1 92.3 91.7 93.2 94.9 96.9 99.8 102.8 104.8 105.6 106.7 108.4 110.7 110 108.8 109.3
53.5 54 58.3 58.9 59.4 60.2 61.5 61.8 62.3 62.9 63.6 63.6 63.4 63.8 64.9 65.7 66.6 66.3 65.4 64.9 65.5 66 66.6 67.1 67.9 68.6 68.9 69.5 69.5 69.4 69.3 69.7 70 69.9 70.5 69.6 69 68.3 68.2 69.2 72.9 72.9 71.8 72.5 73.1 73.7 74.6 77.2 79 81.6 83.5 84.9 85.9 86.8 87.6 88.4 88.7 88.7 93.3 97.9 98.1 98.1 97.8 98.1 97.8 97.3 95.2 94.4 93.8 93.6 92.5 94.6 93 92.1 95.5 97.9 100.3 102.9 105.4 106.9 109.2 111.6 109.2 107.4 108
58 58.1 58.5 59.8 61.2 62.1 62.8 63.1 63.6 64.2 63.8 63.6 63.3 63.1 63.3 63.6 63.8 64.2 63.8 65.7 64.4 65.2 65.7 66.2 66.8 67.2 67.5 67.9 68.5 68.4 68.2 68.6 68.9 68.4 68.6 68.5 68.1 67.6 67.4 67.8 69.8 73.3 73.6 72 72.3 72.3 73.1 74.2 76.1 79.1 83.5 83.5 83.2 84.5 85.3 86.1 86.3 86.5 92.1 95.8 96.4 96.5 96.5 98.2 98 97.4 97.2 96.3 96.2 96.7 97.5 97.5 96.6 96.6 97.1 97.4 97.7 100.2 103.5 106.9 108.9 108.1 106.7 106.7 106.9
59.4 60.4 61.3 62.4 63.7 64.5 64.5 64.5 64.8 63.8 63.1 62.9 62.8 62.6 62.3 62.4 62.6 63.1 65.6 63.2 63.3 64.1 65 65.8 66.4 66.6 66.8 67 67.4 67.4 67.6 68.9 67.2 67.1 67.2 67.2 66.9 66.7 66.6 67.1 67.9 69.6 73.2 73 71.9 71.6 71.9 72.7 74.1 77.4 81.5 80.4 80.5 82.1 83 83.8 84.6 85.7 88.6 92.3 93.7 94.1 95 96.4 97.8 97.4 97.3 97.5 96.8 97.1 97.3 97.3 97.4 99 99.5 100.2 99.8 99.7 101.5 105.8 106.3 105 104.1 108.2 110.3
60.6 61.9 63.4 64.5 64.9 65.1 64.8 64.5 64.2 63 62.4 62.2 62.1 62 62 61.9 61.6 63.7 62.9 62.4 62.2 62.8 64.2 65.3 65.6 65.6 65.4 65.2 66.6 65.1 64.7 65.4 65.4 64.9 64.4 64.7 64.9 65.5 65.6 66.5 67.2 68 69 71.9 71.6 71.2 71.5 72 72.6 74.3 76.2 76.7 81.6 82.3 81.4 82 82.6 83.9 86.6 90 90.9 91.3 92.8 94.2 95.8 97 96.3 95.7 95 95.5 96.2 96.8 97.2 98.5 101.5 104.9 103.5 100 100.6 103.6 103.3 104.7 106 112.3 114.3
61.5 62.2 63 63.6 63.9 64 63.6 63.1 62.6 62 61.7 61.5 61.3 61.6 61.6 64.6 61.2 61.9 61.9 61.5 61.1 61.2 62 63.3 62.6 63.2 64 63 63.6 63.3 63.6 63.7 64.8 65.5 65.6 65.4 65.1 65.4 66.6 66.4 67.1 67.7 68.1 68.8 69.6 71.5 71.8 71.5 71.8 72.6 73.6 76 79.1 81.2 80.1 78.9 78.9 82.1 84.6 86.9 87.9 88.9 90.6 92.4 94.1 95 94.4 93.9 93.3 93.9 94.6 95.2 95.9 97.9 103 108 108.1 103.9 101.3 102.3 102.3 103.2 106.2 109.4 109.2
61 61.3 61.8 62.6 62.9 62.9 62.5 62.1 61.5 61.2 61.1 60.8 60.6 60.5 64.7 61 61.2 61.7 61.6 61.5 61.5 61.5 61.9 62 62.1 62.7 63.5 64.1 64.5 65 65.2 65.3 65.9 66.1 66.4 66.2 65.8 65.2 65.8 67.6 66.9 67.2 67.8 68 68.1 69.9 71.8 71.4 71.6 72.1 72.4 74.1 75.9 77.8 78 78.9 79.1 79.9 82.4 84.4 85.8 87.3 89.1 90.8 92.6 92.6 92.6 92.2 91.6 92.3 93 93.6 95.3 97.2 100.5 105.5 108.1 108 107.1 104.3 103.4 103.8 104 106.4 105.7
60.1 60.4 60.8 61.5 61.8 61.8 61.4 61.1 60.6 60.5 60.4 60.2 60.4 62.9 60 60.1 60.8 61.4 61.9 62.3 62.9 63.7 63.5 63.5 63.3 63.8 64.3 65.2 66.1 66.7 65.9 65.4 66 66.8 67.5 67.2 66.7 66.2 65.5 66.2 67.3 66.4 67.1 68.1 68.4 68.3 69 69.8 71.2 71.6 71.9 72.6 73.4 75.3 75.8 77.5 79.5 80.3 81.7 83.7 85.1 86.5 87.9 89.5 88.8 90.2 90.8 90.4 90 90.7 91.4 93 94.9 96.8 98.2 100.6 104 104.5 104.3 104.8 104.6 104.3 103.7 105.5 107.4
59.4 59.5 59.9 60.3 60.8 60.7 60.4 60 60 59.9 59.8 63.9 62 59.9 59.6 59.4 60.2 60 62.4 64 64.1 64.1 64.2 64.3 64.4 64.9 65.4 66 66.7 67.3 66.4 65.2 66.1 67.1 68 68 67.7 67.2 66.7 66.3 66 65.8 65.6 67.6 69.3 69.6 70.2 70.7 71.2 71.6 72.3 72.9 73.5 74.3 75.3 77 78.9 80.5 81.6 82.5 83.4 84.2 85.1 86 86.9 87.8 88.9 88.6 88.4 89.1 90.7 92.6 93.9 94.8 95.8 98 100.5 102.5 102.8 103.4 104.9 104.5 104.6 105.3 109.2
59.4 59.3 59.1 59.3 59.8 59.6 59.4 59.6 59.6 59.6 63.7 62.2 59.4 59.7 59.6 59.5 61.2 61.5 62.2 64.2 64.3 64.3 64.4 64.4 64.7 65.2 65.8 66.8 67.2 67.6 66.3 65.2 66.1 67.1 67.5 68.1 68.4 67.8 67.3 67 66.9 66.3 66.3 67.7 69.1 69.7 70.1 70.9 71.6 72.2 72.7 73.3 73.9 74.5 74.7 75.9 77.7 79.6 81 81.2 82.1 83 83.9 84.6 85.4 86 86.9 86.8 86.8 88.4 89.5 90.4 91.4 92.3 93.3 95.4 96.7 98.9 101.4 102.5 104.2 106.6 106.6 106 107.7
59.5 59.3 59.1 58.9 58.8 58.9 58.9 58.9 60.4 63.5 63.9 63.5 58.7 60.3 61.8 61.4 61.5 61.6 62.1 63.7 64.3 64.3 64.4 64.5 64.6 65.2 66.4 67.2 67.3 68 66.3 65.7 66.2 66.8 67.3 68.7 68.9 68.3 67.9 67.6 67.1 66.3 65.7 67.5 69.2 69.5 69.3 70.1 70.9 72 72.6 73.3 73.7 74 74.3 74.9 76.8 78.6 80 80.3 80.8 81.7 82.5 83.2 83.9 84.6 85.2 85.2 85.6 86.5 87.4 88.3 89.2 90.1 91 92 93.2 95.6 98.4 101 103.2 105.7 107.2 107.5 110.1
59.5 59.3 59 58.4 57.9 58.1 58 61.9 63.5 63 62.3 60.7 59.5 58.4 60.6 61.6 61.7 61.7 61.7 63.7 64.4 64.5 64.6 64.6 64.7 66 67.4 67.4 67.4 68.5 67 66.7 66.5 66.7 67.7 69.2 69.5 69 68.6 68.1 67.7 67 66.5 67.1 69.1 69.3 68.8 69.5 70.5 71.4 72 72.6 73.1 73.4 73.7 74.4 75.7 77.5 78.8 79.2 79.7 80.4 81.1 81.8 82.5 83.2 83.8 84 84.8 85.7 86.7 87.6 88.5 89.5 90.1 90.9 92.2 94 95.9 98.5 100.3 101.3 102.9 107 113
59.1 58.5 57.9 57.3 57.1 57.4 62.3 63 62.7 61.3 61.3 61.3 59.5 59.6 61.5 62.4 62.2 61.9 61.8 63 64.5 64.7 64.7 64.8 65.7 67.4 67.5 67.5 67.5 69 67.8 67 66.8 66.7 67.7 69.1 70.4 69.7 69 68.6 68.2 67.7 67.6 67.4 67.7 66.5 67.9 69.1 70.1 70.7 71.4 72 72.5 72.9 73.4 74.1 74.8 76.5 77.6 78 78.5 79.4 79.9 80.4 81.1 81.8 82.4 83.3 84.4 85.1 86 87 87.9 88.7 89.4 90.3 91.2 93 95 97 99.5 102.5 107.6 109.1 112.7
57.6 57.2 56.7 56.2 57.1 62.3 62.6 62.7 60.2 61.2 60.5 60.3 60.6 60.4 62.7 63.5 63.3 63 62.7 62.4 64.2 64.9 65.1 65.7 66.4 67.4 67.8 67.7 68 69.7 68.8 67.5 67.1 67 67.7 69.1 70.3 70.1 69.5 69.1 68.5 68.3 68.2 68.2 67.7 67.6 67.5 68.8 69.5 70.1 70.7 71.3 72 72.3 73 73.7 74.5 75.4 76.4 76.9 77.6 78.5 79.5 80 80.5 81.1 82.1 83.1 84.2 85 85.6 86.4 87.3 88.1 89.2 90.1 91.8 93 94.4 96.6 99.3 104.9 113.3 112.5 112.9
56.1 56.3 56.6 59.5 62.3 61.9 62.2 63.1 60.9 60.5 60.7 60.4 60.6 61.1 63.5 64.5 64.3 64.1 63.4 62.8 63.4 64.7 65.5 66.2 67.1 67.7 68 67.7 68.7 70.4 69.8 68.5 67.4 67.7 68.1 68.7 70 70.1 69.4 69 69.1 69 69 68.9 68.7 68.4 67.8 68.3 68.9 69.5 70.1 70.7 71.3 72 72.7 73.4 74.1 74.9 75.2 75.7 76.7 77.7 78.7 79.6 80.2 80.8 81.9 82.9 84 84.9 85.5 86.1 87.2 88.3 89.3 90.9 93.3 94.7 95.6 98.4 100.3 103.5 111.5 115.8 115.5
56.8 57.5 62 62.3 61.4 62 62.2 62.6 62.6 61.7 61.3 61.5 60.7 62.7 64.1 65.3 65.4 64.9 64.2 63.4 63.5 64.7 65.5 66.3 67.5 68.2 68.3 67.8 69.5 70.9 70.5 69.1 68 68.3 68.6 69.4 70.3 70.7 69.9 69.9 69.9 69.9 69.9 69.7 69.1 68.7 68.2 68.4 69.1 69.7 70.4 71.1 71.7 72 72.3 73 73.8 74.5 74.8 75.4 76.3 77.1 77.9 78.8 79.7 80.6 81.7 82.7 83.8 84.9 85.5 86.8 88 89.5 90.9 93.1 94.8 96.5 100 104.8 108 107.8 108.9 116.2 119
58.1 58.5 62.4 60.6 60.9 61.2 62.6 63.8 62.8 62.2 61.9 61.1 62.9 64.4 65.3 66.3 66.2 65.4 64.6 63.8 63.8 64.7 65.7 67.1 68 69 68.1 68.1 70.6 71.4 70.9 69.5 68.6 68.8 69.1 70 71.6 71.8 71.1 70.8 70.8 70.8 70.7 69.8 69.1 69 68.5 68.9 69.6 70.3 70.9 71.6 72.1 72.4 72.6 72.6 73.4 74 74.4 75.2 76.2 77.3 78.1 78.9 79.7 80.7 81.7 82.7 83.7 84.7 86.1 87.8 89.5 91.6 92.7 95.3 97.8 101 103.6 112.3 116.7 116.8 113.7 119.1 120.9
58 62.1 60.4 60.9 60.7 61.1 63 63.2 63.3 63.3 63.2 64.3 65.3 66.7 67.7 68.4 67.2 66 65.2 64.4 64.3 65.8 67.2 68.6 69.8 70.4 69.9 70.9 71.5 72 71.1 69.9 69.3 69.3 69.6 71 73 73 72.2 72.6 71.7 71.7 71.6 70 69.2 69.2 68.8 69.4 70.1 70.8 71.4 72.1 72.5 72.7 72.7 72.7 73 73.6 74.1 75 76.1 77.1 78.1 79 79.9 80.9 81.9 82.9 84.5 86.3 87.6 89.6 92.4 95.1 98 99.8 105.9 109.8 111.5 115.1 121.9 121.4 120.8 121.4 122.5
59.4 60.2 60 60 61.6 63.5 66.6 63.9 63.6 63.6 65.4 65.8 66.9 68.9 70 69.7 68.9 66.7 65.9 65.2 65.2 66.8 68.3 69.8 71.3 72.6 72.9 73 72.9 72.2 71.3 70.4 69.9 69.9 70.4 72.4 74.4 74.1 73.4 74.7 73.7 72.6 70.9 70 69.3 69.3 69.3 69.9 70.6 71.3 71.9 72.6 72.8 72.8 72.8 72.8 72.8 73.4 73.9 75.4 76.4 77.4 78.5 79.5 80.4 81.2 82.9 84.7 86.4 88.2 91.6 94.7 98.8 98.9 102.3 105.1 110.5 117.4 121.9 120.1 121.7 119.9 120.2 122.2 124.1
60.1 60.6 60 60.2 62.2 63.5 64.4 66.7 64.5 65.5 67.8 68.8 70.7 71.6 71.8 71 70.2 68.1 66.6 66.2 66.1 67.7 69.2 70.5 72.1 73.9 74.2 73.8 73 72.5 71.7 70.7 70.9 71.4 72.8 75.3 75.9 75.1 74.5 75.7 74.9 73.6 71.3 70 69.5 69.5 70.1 70.8 71.4 72.1 72.8 73.4 73.3 73 73 73.5 73.8 74.2 74.3 75.5 77.2 78.9 79.9 81.8 83.4 83.3 83.5 85.3 87 89.2 92 95.5 100 103.7 105.4 108.3 115 121.8 125.2 124 121 116.6 118.6 122.9 124.2
59.9 61.4 60.8 61.6 63 64.2 65.5 67 65.6 71.4 70.6 72.2 73 73.7 74.2 72.3 71 68.6 67.2 67.2 67.1 68.5 69.8 71.1 72.8 74.4 74.6 73.8 73.1 72.7 72.1 71 71.4 72.2 75.3 77 76.7 76.1 75.4 75.3 74.1 73.2 72.2 70.7 69.9 70.2 71.1 72.2 72.8 73.5 74.1 74.5 74.6 74.7 74.4 74.7 74.8 75 74.8 75.3 77 78.7 80.1 83.5 86.9 85.7 85.7 85.9 87.6 90.3 93.1 96 100.4 106.5 111.2 115.4 116.2 119.5 123 123.7 119.1 114.4 117.2 121.5 123.2
60.2 60.3 61 62 63.3 65 66.7 67.1 68.4 71.2 71.1 73 74.7 75.6 76.4 75 71.6 68.9 67.8 68.6 69 69.5 70.3 71.6 73.4 74.9 74.9 73.9 73.3 72.8 72.4 71.1 73.1 75.5 78.2 77.4 76.8 76.3 75.8 74.9 74.1 73.1 72.2 71.2 70.4 71.2 72.2 73.2 74.2 74.9 75.6 76.9 77.5 76.7 76.3 75.8 75.7 75.8 75.3 75.1 76.8 77.1 78.3 81.9 84.8 87.9 88.4 87.8 88.6 91.3 94.1 96.8 101 107.6 115.6 119.2 114.2 114.1 117.6 120.1 116.8 112 112.8 117.1 121.3
60.9 61.6 61.8 63 63.8 65.9 67.1 68.8 69.2 70.8 71.9 73.6 75.7 76.6 76.3 75.3 73 73.3 72.3 71.9 72.3 72.6 73.2 74.3 74.7 75.3 75 74.3 73.2 72.6 72.7 73.3 76.3 78.1 78.4 77.3 76.8 76.1 75.6 74.6 73.8 72.9 72 71.1 71.3 72.3 73.2 74.2 75.9 77.6 78.9 81 81 81.6 80.9 79.8 77.3 76.7 75.8 75.1 75.9 76.8 77.7 79 82.2 85.6 89.4 90.8 90.6 91.4 94.1 97.1 101.1 106.1 111.1 113.5 110.3 109.3 112.7 113.7 114.1 111.6 110 112.9 117.4
59.8 60.6 62.1 63.8 65 66.6 68.1 69.4 70.4 71.2 71.9 73.5 74.7 75.3 76 75.8 75.8 76.7 76.9 75.6 76.3 77 76.9 77.9 77.1 76.9 76 75.3 74.1 73.5 73.7 74.7 77.7 78.4 78.1 77.2 76.7 76 75.3 74.3 73.4 72.6 72.9 71.6 71.4 72.4 73.4 74.5 78 80.9 82.9 85.9 88.3 95.4 92.8 86.4 82.6 80.2 78.3 78.1 77 77.2 77.7 79 80.2 83.3 87.1 92.4 92.8 93.7 94.5 97.5 101.8 105 108.3 109 106.2 106.2 107.9 108.8 110.2 110.8 107 111 117
61.2 62 63.3 64.6 65.4 66.4 67.9 69.4 70.5 71.2 71.8 72.9 73.5 74 74.9 76.3 76.5 77.8 79.2 80.5 82.6 85.6 81.4 82.2 80 78.7 77.1 76.2 75.6 75.1 74.8 76.4 77.8 78.5 77.8 77.1 76.6 76 75.1 74.4 74.6 74.9 73.4 72.6 72.6 72.6 73.5 74.9 78.4 82.1 88.5 95.6 93.8 99.5 104.5 102.1 97.4 91.3 84.7 81.4 80.3 79.1 78.7 79.2 79.9 81.5 85.2 89.3 93.9 94.1 95.7 97.8 99.8 102.3 104.2 104.2 104.4 104.8 104.9 104.6 105.1 106.3 106.2 110.5 116
