data/390000-230000.asc
ncols 200
nrows 200
xllcorner 390000
yllcorner 230000
cellsize 50
[rows 0 to 37 of 200, columns 0 to 85 of 200]
36.5 38.3 40.1 41 36.5 36.9 38.8 38.8 38.1 37.3 36.8 36.9 37.2 37.3 37.4 37.7 37.4 38.3 39.8 40.5 41.2 41.8 42.3 42.9 43.5 44.2 44.3 44.2 43.8 42.1 33.9 23 15.4 12.9 12.7 12.5 12.3 11.8 11.2 11.1 11 11.9 12.8 13.8 14.6 15.6 16.7 17 18.8 19.7 20.6 22.1 22 22.6 23.2 23.7 24.5 26.3 28.1 29.9 31.6 33.1 35.9 38.9 41.2 43.1 44.8 46.3 51.6 54.8 58.4 62.6 67.4 68 66.7 65.5 69.4 75.7 81.9 89.2 99.1 104.5 111.1 121.2 140.6 161.6
36.8 38.4 40.1 40.8 40.2 36.6 38.2 39.4 39 38.3 37.6 37.1 37.2 37.3 37.3 37.1 36.7 37.6 38.9 40 40.6 41.2 41.8 42.3 42.8 43.5 43 42.5 42.5 41.5 34.7 23.8 15.6 13.5 13 12.5 12.3 12.3 11.4 11.2 11.5 12 12.5 13.6 14.7 16 17.2 18.4 19 19.7 20.1 21.3 22.4 23 23.6 24.1 25.6 26.6 27.9 29.6 30.4 33.1 35.9 39.3 40.9 42.3 44.8 47.2 51.8 57.2 62.4 67.1 71.9 74.8 72 69.9 73 79.5 87.9 96.4 106.1 115.9 120.9 126.2 137 159.1
37.1 38.7 40.3 40.9 41.1 40.5 37.8 39.4 39.5 38.7 37.9 37.4 37.3 36.8 36.7 36.9 37.2 37.4 39.1 39.7 40.8 40.4 40.8 41.2 41.5 41.5 41.2 41.8 40.5 38.3 34 25 16.7 13.2 12.9 12.6 12.3 12.2 11.9 11.6 12 12.5 12.9 13.4 14.4 16.9 18.1 18.4 18.8 19.7 20 21.2 22.3 23.3 23.9 24.4 26.3 27.3 28.3 29.1 30.2 32.7 35.4 38.1 39.9 41.4 43.8 47.3 52.1 57.1 64 69.4 74.6 81 78.4 74.2 77.3 83.9 92.8 103.4 117.4 131.7 140.3 141.7 148.4 157
37.4 39 40.6 41.2 41 40.6 40.2 38.8 39.5 38.9 38.2 37.5 36.4 36.3 36.4 36.7 36.9 37.2 38.7 38.7 40.7 39.7 39.7 40.1 40.5 40.1 40.8 39.1 37.7 36 31.4 26.3 18.1 13.9 12.3 12.3 12.6 12.5 12.2 12 12.5 12.5 12.8 13.4 14.5 15.9 18 17.4 17.8 19.5 19.9 20.9 22 23 23.6 24.6 25.6 26.8 29.2 30.7 31.3 33.3 35.2 37.3 39.6 41.7 43.4 45.7 49.7 56.6 62.6 68.7 73.9 80.8 80.1 77.8 83.6 89.2 97.3 107 127.7 142.7 160 160.8 163.9 172.1
37.8 39.6 41 41.3 41.2 41.1 40.9 38.5 39.9 39.5 39 38.1 36.8 36 36.1 36.4 36.8 37.6 37.5 37 38.1 38.7 39.8 40.6 40.1 39.7 39.1 35.8 33.4 30.3 27.4 25.4 21.6 15.4 13 12.6 12.6 12.4 11.6 11 11.4 12 12.8 13.9 15 16.1 17.3 18.2 18.8 19.6 21.3 21.5 22.1 22.7 23.7 24.7 25.7 27 28.7 30.3 31.6 33.5 35.5 38.6 40.4 42.1 43.8 46.2 51.1 55.9 60.4 66.6 70.9 75.6 74 81.3 88.3 95.6 101.1 109.3 131.1 148.1 161.9 165.8 174.8 182
38.7 40.1 41 41 40.9 40.8 40.5 40.3 39.5 40.2 39.9 38.7 37.4 36 36 36.6 37.1 37.2 37.5 37.8 37.8 38.2 39.1 40.2 39.5 37.6 37.1 34.6 31.7 28.8 25.9 23.1 20.7 16.9 14.2 13 12.6 12.5 11.5 11 11.2 12.3 13.3 14.2 14.7 15.1 15.7 17.6 17.9 19.1 21 21.1 21 22.1 23.7 24.8 25.9 27.2 28.6 30 31.7 33.7 36.1 38.2 40 42.1 44 46.7 50.7 54.5 58.3 63.1 65.9 69.6 76.4 84.3 91.7 98.2 104.5 112.4 125.6 141.6 151.9 166 177.9 185.5
37.8 39.3 40.8 40.8 40.4 40.3 40.3 40.5 40 40.7 40.6 39.4 38.2 37.3 37.3 37.6 37.9 37.9 38.4 38.6 38.2 37.7 38.2 38.3 38.3 36.1 33.8 33.2 31.1 28 24.6 22.8 20.2 17.3 14.3 13.1 12.7 12.7 12 10.9 11.1 11.6 12 12.5 13 13.5 14 16.1 16.9 17.8 20.7 19.6 19.8 21.7 23.5 24.5 25.5 26.7 28 29.7 31.6 33.6 36.1 37.8 39.4 41.8 44 46.3 50 54.7 57.1 60.7 65.4 71 78 85.2 92.5 99.2 106.2 114.5 123.8 134.5 146.2 164 177.2 186
37.8 38.9 40 40.2 40 40.2 40.3 40.6 40.9 40.6 41.2 40.6 39.7 38.7 38.8 39.4 38.9 38.6 38.8 38.8 37.8 37.5 37.3 37.3 35.8 32.8 29.9 29.2 28.3 25.9 23.9 22.1 19.9 17 14.7 13.1 12.8 12.8 12.5 10.9 11 11.5 12.2 12.9 13.6 13.8 13.9 14.7 16.2 17.3 21 19.4 19.2 21.2 23.2 24 24.8 26 27.6 29.6 31.5 33.6 36.3 38.7 39.9 42.4 44.6 48 52.4 56.3 58.6 60.1 63.9 70.4 76.8 83.4 91.2 98.8 105.1 114.2 124.8 141.7 157 166.9 178.1 184.8
37.7 38.8 39.4 39.8 40 40.2 40.4 40.8 41.1 40.6 40.9 41.5 40.6 40.3 40.6 41.1 39.8 39.3 39.3 38.8 37.7 36.7 35.4 34.4 32.9 30.7 28.8 28 25.4 23.6 22.8 21.8 20.4 17.6 15.2 13.9 12.8 12.8 12.7 11.4 11.8 12.5 13.2 13.4 13.5 13.7 13.9 14.5 15.9 17.6 21.2 19.9 20.5 21.8 23.1 23.5 24.2 25.5 27.5 29.5 31.4 33.9 36.6 39.4 41.4 43.5 46.8 50.9 56.1 60.8 64.1 62.5 66.1 70 75.5 81 90 98.5 106.6 121.9 130.9 144.4 163.1 174.9 183.1 190.1
37.7 38.4 39 39.8 40 40.3 40.7 41.1 41.4 41.7 40.5 41.9 41.6 41.2 41.1 41.1 41.1 39.6 39.2 38.9 37.4 35.8 32.7 30.7 29.8 28.8 27.7 26.5 25.4 22.5 19.9 18.3 17.8 16.9 15.6 14.2 12.7 12.4 12 10.5 12.4 13 13.1 13.3 13.5 13.7 13.9 14.3 16.2 17.7 21.2 20 21 22.6 23 23.7 24.4 25.7 27.4 29.4 31.4 34.1 36.8 39.1 41.8 44.3 48.7 53.7 58.3 62.2 64.2 65.2 68 73.2 79 82.9 90.7 99.9 112.2 128.8 139.4 156.1 165.6 177 184.4 193.9
37.4 38.1 39 40 40.4 40.7 41 41.4 41.7 42.2 41 41.5 41.6 41.3 41 41 41.1 39.1 38.7 38.4 36.7 33.3 30.7 28 27.1 26.7 26.7 25.8 24 21.5 18.3 14.9 14.3 14.3 14.6 13 12.1 11.6 11.2 10.3 11.6 12.5 12.7 12.9 13.2 13.4 13.6 14 15.9 17.2 21.2 19.8 20.4 21.9 23.5 24.5 25.5 26.5 27.5 28.7 30.8 33.4 35.5 37.3 41 43.6 47.2 52.6 57.1 59.3 62.3 65.2 69.8 76 80.9 85.3 95.7 102.6 114.6 125 140.4 158.8 168.9 178.7 186.8 194.9
37.4 38.4 39.4 40.5 40.8 41 41.3 41.7 42 42.8 43.3 41.8 41.7 41.4 41 40.9 40.3 40.6 39.9 38.4 34.8 34.7 33.7 30.3 27.5 25.3 23.1 21.3 20.3 19.5 18.5 16 16.3 15.1 13.9 11.8 11.3 10.8 10.4 9.9 10.7 12 12.2 12.4 12.7 13 13.4 13.8 15.5 16.4 21.2 19.3 20.1 22.1 24.5 24.7 25.1 26.4 27.6 29 30.7 32.5 34.1 36.3 40.3 42.9 46.1 49.1 52 59.2 63.9 66.9 71.5 74.2 78.4 85 93.5 104.1 120.9 134.1 147.7 159.1 168.9 179 186.7 191.6
37.5 38.5 39.5 40.6 41.1 41.5 41.6 42 42.6 43.6 44 41.2 41.8 46.2 42.6 41.5 41.4 41.2 39.3 38.2 36.5 35.3 35.8 33.1 29.3 27.3 25.3 22.8 21 20.1 19.5 18.9 17.7 16.5 15.2 13.4 11.2 10.8 10.4 9.9 10.5 11.5 11.8 12.1 12.4 12.8 13.1 13.6 14.6 15.8 20.9 19 20.1 22.2 24.7 26 26.7 28 29.8 30.9 31.9 33.8 34.3 35.1 39.6 42.1 44.5 49 53.5 58.5 63.9 66.5 70.8 76.1 81.7 86 94 105.9 120.5 134.4 147.2 158.9 168.1 176 183.5 188.7
36.9 38.3 39.5 40.4 41 41.4 41.9 42.3 43.6 44.2 44.4 42 42.1 41.4 41 40.2 40.2 40.4 41.1 39.7 37.8 36 35.5 34.9 31.8 29.3 26.9 23.9 22.4 21.4 20.6 19.5 18.2 17 15.9 14.5 11.3 10.8 10.4 10 10.4 11.3 11.5 11.8 12.2 12.5 12.9 13.4 14.3 15.4 19.4 18.3 20.1 22.1 24.5 25.8 29 30.7 31.8 32.8 33.4 35.1 36.1 36.7 38.8 41.9 44.9 48.2 52.9 55.9 59.2 61 67.1 73.5 80.5 87.4 94 105.7 121.8 136.2 146.4 156.2 164.1 170 175.4 182.7
36.4 37.9 39.2 40.1 40.7 41.3 41.9 42.2 43.2 44.2 44.6 45 42.2 40.9 40.4 39.2 39.1 39.7 41.1 40 37.7 36.9 35.9 35.9 33.1 30.4 28 25.3 24.1 22.7 20.7 19.9 18.5 17.3 16.4 14.8 12.3 11 10.5 10 10.2 11.2 11.4 11.5 11.9 12.3 12.6 14.5 15 15 18.3 18.1 20.4 22.4 24.6 28.4 31.2 32.6 33.8 34.9 35.6 36.5 38.1 39.2 40.3 41.2 43.4 47.4 50.2 52.9 55 60.4 67 74.6 81.1 87.5 93.6 102.5 114.8 125.1 133.9 150 156.1 161.4 170.5 177.7
35.9 37.4 38.9 39.9 40.5 41.1 41.6 42.2 43.1 44.1 44.4 44.7 40.1 41.7 40.2 40.8 40 39.2 38.5 39.1 38.4 37 36.2 35.7 33.3 30.6 28.2 25.9 23.8 21.7 19.7 19.8 18.8 18.1 16.8 15.5 13.2 11.1 10.6 10.1 10 11.3 11.3 11.4 11.6 12 12.7 14.5 14.8 15 17.3 17.3 19.3 21.4 25 28.9 29.9 32 34.2 35.4 36.9 38.6 40 40.9 42.5 43.7 43.5 44.8 48.6 50 55 61.9 69.2 76.4 83.2 87.8 93.8 99.7 109.9 120.9 131.3 141.7 145.8 153.5 166.4 173.2
35.5 37 38.4 39.6 40.2 40.8 41.6 42.2 42.9 43.6 43.9 44.3 39.9 41.9 38.4 40.7 40.6 40.9 38.9 36.7 37 36.3 36 35.9 33.5 30.7 28.1 25.4 23.1 20.9 19.1 19.2 18.9 18.4 17.5 15.9 13.7 11.2 10.7 10.2 10 11.5 11.4 11.5 11.7 12.2 12.8 14 14.4 14.6 16.8 16.8 18 19.5 24.8 26.3 28.1 31.2 34.6 35.4 37.4 39.4 41.1 42.3 44.4 45.6 45.2 47.5 50.1 52.8 54.4 61.9 69.7 77.6 83.2 86.7 92.5 96.9 103.4 111.8 121.9 131.2 136.4 147 160 166.8
34.7 36.4 38 39.3 40 40.7 41.5 42.2 42.6 42.8 43 43 42.5 41.8 36.9 39.5 39.1 39.2 39.1 38.2 35.9 35.9 35.9 34.5 33.1 30.8 28.4 25.4 23 20.9 19.8 18.6 17.8 17.3 16.6 15.8 13.7 11.3 10.7 10.3 9.8 11.3 11.4 11.7 12.1 12.5 13 13.5 13.8 14.1 15.4 15.9 19 19.9 22.8 24.7 27.7 31.1 33.7 34.9 37 37.8 39.6 42.7 45.7 47.1 48.8 51.7 54.2 57.8 61 65.1 69 74.4 79.5 85.1 90.5 96.5 103.8 111.7 117.6 126.9 132.9 143 153.7 160.4
33.9 35.7 37.4 39 39.7 40.6 41.3 41.6 41.5 41.8 41.8 41.6 41.5 37.9 41.7 37.1 37.5 37.4 37.8 37 35.5 34.5 34.5 34.1 33.3 31.3 29.1 26 23.3 21.7 20 18.4 17.4 16.5 15.5 14.9 13.3 11.5 10.7 10.8 10.9 11.2 11.3 11.8 12.2 12.4 12.8 13.2 13.3 13.4 16.9 16.7 20.5 24.4 26.2 25.7 28.4 31.1 33.7 35 36.4 37.8 39.1 40.8 44.3 46.2 48.9 53.2 56.7 61.1 65 66.5 68.9 73.5 79.2 85.6 91.1 95.9 102.6 109.4 116.8 125.1 133.5 141.7 150 156.8
33.2 35 36.7 38.4 39.3 40 40.6 41.2 41 40.7 40.4 40.1 39.8 35.8 41 34.5 36 35.8 36.4 36.3 35.5 34.4 32.4 33 33.2 31.4 29.2 26 22.6 21.4 20.2 18.6 17.2 16.2 15.1 14.7 13.2 11.5 11 10.7 10.5 11.2 11.5 11.8 12 12.2 12.6 12.9 13 13 16.1 17 20.1 26.2 29.3 27.5 29.5 31 33.7 34.9 36.7 38.6 40.2 42.3 45.3 47.4 50 54.5 57.7 60.5 64.4 65.8 69.8 74.6 79.1 83.4 88.7 93.9 98.4 105.5 115.1 123.6 131.9 140.9 147.4 154.7
32.6 34.3 36 37.9 38.5 39.3 40 40.6 40.7 40.4 38.9 38.5 38.1 34.5 40.5 36.9 34.4 33.9 35.7 34 34 32.4 30.6 30.8 31.8 31.1 27.4 25.4 22.1 20.6 19.4 18.2 17 16.1 15.3 15.9 13.8 11.2 11.3 11.2 11.1 11 11.4 11.7 11.9 12.1 12.4 12.6 12.7 12.7 15.2 16.6 20.2 26.2 30.7 30.9 30.8 31.4 33.5 34.8 35.9 37.4 39 40.7 44.2 45.1 50 53.9 56.8 58.8 61 65.6 71.8 75.7 76.9 80 85.2 91.1 97.8 105 113.4 121.8 129.6 137.2 145.8 152.6
32 33.7 35.4 37.5 37.7 38.3 39.2 39.9 40.4 39.6 38.2 37.2 36.9 34.1 36.9 32.7 32.3 33.7 34.4 33.5 32.9 31.2 29.7 28.4 29.7 29.8 26.2 24.2 21.6 19.8 18.7 17.5 16.8 16.1 15.5 15.1 13.7 11.4 11.5 11.2 10.5 11.3 11.4 11.5 11.8 11.9 12.2 12.3 12.4 12.5 14.6 16.3 20.2 24.2 29.2 31.8 32.8 33.6 33.7 34.6 35.4 37.2 39.4 41.2 44.3 47.7 50 52.9 55.6 56.1 60.6 65.6 69.6 70.4 70.9 75.2 81.7 88.5 96.3 104.5 110.4 121.9 129.5 134.5 142.8 149
31.4 33.1 34.9 37.2 37.7 37.4 38.2 39.1 39.9 38.8 37.4 36.2 35.7 33.9 33 39.3 32.3 31.4 33.2 33 31.8 30.4 29.5 28.5 26.8 26.5 25 23 21 19.1 18.5 17.6 16.6 16 15.4 14.5 13.1 11.6 11.3 11 10.6 11.3 11.5 11.5 11.6 11.7 11.9 12 12.2 12.3 14 16.3 18.6 22 27.5 31.4 33.9 34.9 34.9 35.3 36.6 38 39.6 41.8 44 46.8 49.9 51.3 52.7 54.6 58.6 62.2 63.7 62.9 63.2 71.4 79.9 87.1 95 100.7 106 115.5 126.2 130.6 137.5 143.9
30.6 32 33.7 36.5 37.7 36.5 37.3 38 38.6 37.9 36.4 35.3 34.5 32.3 34.1 37.3 35.5 30.3 34.8 34.1 30.8 29.5 29.4 27.7 25.2 24.8 23.6 21.7 19.9 19.3 18.4 17.4 16.5 15.9 15.3 14.2 12.7 11.7 10.8 10.5 10.8 11.2 11.4 11.5 11.6 11.7 11.8 12 12.1 12.2 13.3 17.2 17.6 19.5 25.5 30.5 33.1 34.8 35.9 35.9 36.6 38 39.4 41.4 43.6 45.2 48.1 51.2 49.6 49.9 52.5 55.8 56.5 57.6 62.6 71.1 79.2 86.3 91.2 95.9 100.3 106.8 116.9 121 130.7 140.3
29.2 30.6 32 34.6 35.4 35.7 36.3 36.9 37.6 36.8 36.2 34.6 31.9 30.8 31.2 34.6 36.8 28.6 34.3 34.5 29.1 29.2 27.7 26.3 24.8 23.6 22.2 21.1 19.2 19.4 18.2 17.3 16.3 15.7 15.2 13.7 12.8 11.8 10.9 10.7 11 11.2 11.2 11.4 11.6 11.7 11.9 12 12.1 12.4 12.7 18.3 17.1 19.8 24.1 29.4 31.7 33 34.1 34.4 34.6 36.5 38.5 40.5 42.8 43.5 45.8 48.1 46.7 46.3 48 49.6 52.2 55.9 63 72.2 78.6 83.4 87.7 92.8 96.8 101.6 108.6 117.8 128.8 140.2
29.1 29.1 30.5 32.7 33 34.9 35.9 36.4 36.8 36.6 31.3 30.4 32 32.7 30.8 28.6 27.9 32.7 33.1 33 26.3 27.3 26 25.3 25.7 24.3 22.5 20.6 19 19 18.4 17.2 16.2 15.9 16 13.7 12.7 11.8 10.8 10.8 11 11 11.2 11.3 11.5 11.7 11.9 12.1 12.4 12.7 13.1 19.2 16.7 19.2 23.4 28 30.5 31.1 31.1 32 33.9 35.9 37.8 39.8 41.7 42.5 44.2 44.8 43.9 43.5 44.8 47.6 51.7 56.7 62.4 70.8 76.1 80.6 83.3 89.5 95.2 99.5 105.8 114.5 125.1 133.5
30 29.9 29.7 30.7 32.2 34.1 35.6 36 32.5 31.8 35.1 34.7 34.8 34.9 34.1 32.9 30.7 32.9 32.9 30 24 25.2 25.5 25.5 25.6 24.1 22.3 20.4 19 18.9 18.7 17.9 16.6 15.8 14.6 13.6 12.6 11.6 10.6 10.7 10.8 10.9 11.1 11.3 11.5 11.7 11.9 12.6 13.1 13.4 13.6 20.1 16.6 19.5 21.7 25.4 27.7 28 28.5 31.7 34.3 35.9 37.3 38.5 40.4 41.2 41.5 41.2 40.2 41.9 45.3 48.9 52.9 57.1 61.6 65.9 72.4 76.7 81 86.6 92.4 97.4 101.8 109.5 118.7 125.9
30.9 30.8 30.6 30.5 31.6 33.2 34.8 31.8 35.3 35.3 35.2 35.1 35.1 35.1 33.6 31.9 29.6 31.7 30 27.1 24.9 24.5 25.1 24.7 24.2 23.5 22 20.1 19 18.9 17.9 18.7 17.6 15.7 14.2 13.3 12.5 11.7 10.7 10.6 10.7 10.9 11.1 11.3 11.6 11.8 12 13 13.6 13.8 14.5 21.2 16.7 17.7 19.5 22.7 24.4 25 27.9 31.2 33.2 35.5 35.8 36.6 37.3 37.9 38 39.1 39.2 41.5 45.3 49.7 53.9 57.3 60.4 59.9 66.8 73.5 78.7 83.6 87.9 91.5 97.3 104.1 113.7 118.9
31.7 31.6 31.5 31.3 31.4 32.7 32.5 35.2 35.3 35.3 35.3 35.3 35.3 35.2 33.9 31.6 29.4 30.5 28.8 26.2 24.9 24 23.2 22 22.6 21.9 21.5 19.9 19 18.2 17.1 17.1 16.5 15.1 13.7 12.9 12.2 11.5 10.8 10.5 10.7 11 11.2 11.4 11.6 11.9 12.2 13.1 13.3 13.6 14.1 21.3 17.5 19.5 19.3 19.4 21.5 23.5 26.3 29.4 30 30.9 31.8 33.3 33.9 33.9 35 37.4 39.4 41.6 44.4 48.4 52.9 56.4 57.2 59.3 65.4 71.3 74.6 78.9 83.4 88.5 95.8 101.5 108.2 113
32.7 32.5 32.4 32.2 33.6 33.5 34 35.5 35.5 35.9 36.1 35.4 35.4 35.4 34.2 31.9 30.1 28.6 29.1 26.2 24.2 22.3 20.4 19.8 20.5 20.3 20 19.6 18.5 17.3 16.1 15.4 14.8 13.9 13.5 12.9 12.2 11.5 10.8 10.5 10.8 11.1 11.3 11.5 11.7 12 12.6 12.9 13.1 13.3 13.9 21.5 17.4 20.5 22.5 23.1 24.5 25.3 26.2 28.6 29.1 29 30.6 32.9 33.7 34.3 36.3 38.4 39.7 41.7 44 47.6 51.5 55.3 53.5 57 62.8 65.7 69.7 74.7 79.7 85.1 92 97.9 103 108.5
33.4 33.4 33.4 34.5 34.2 34.9 35.7 36 36.4 36.9 37 36.1 35.5 35.5 34.5 32.2 32 32.5 28 26.2 24.2 22.1 19.9 19.1 19.4 19.7 18.9 18.2 17.2 16 15.6 15.3 14.5 13 12.7 12.4 12 11.6 11 10.4 10.7 11 11.3 11.6 11.8 12.1 12.5 12.7 12.9 13.1 13.6 21.7 17.3 20.5 23.6 25 26.4 29.1 30.5 30.8 31.2 31.8 32.6 34 35.2 36.7 38.6 40.2 40.1 42 43.9 47.2 49 49.5 51.6 54.4 57.5 59.9 64.7 69.9 74.5 80.4 86.4 92.8 96 102
34 34.2 35.5 35.2 35 35.9 37.1 37.7 37.4 37.8 37.8 36.9 36 35.7 34.7 33.4 33.3 32.9 26.9 25.9 23.4 21.3 20.1 19.7 18.8 18 17.4 16.6 15.9 15.5 15.7 15.1 14 12.2 11.9 11.5 11.2 10.9 10.6 10.4 10.7 11 11.3 11.5 11.8 12 12.2 12.4 12.6 12.8 13.5 21.4 16.8 19.1 21.1 24.3 27.8 31 31.9 34.1 34.7 34.5 35.5 35 36.2 38.7 40.7 41 40.6 41.7 43.5 44 44.8 44.8 49.8 53.5 55.3 57 61.1 65.2 70.4 75.7 81.6 87.7 91.2 97.6
35.3 36.8 37.1 37.6 37.7 38.4 39.1 39.5 39.1 38.8 38.7 37.8 36.8 35.9 35 33.8 33.5 32.8 29.2 25.3 23.1 21.6 20.5 18.6 17.7 16.7 15.8 15.3 15.4 15.6 15.4 14.4 12.8 11.4 11.1 11 10.8 10.7 10.5 10.4 10.7 11 11.2 11.5 11.7 11.9 12.1 12.2 12.4 12.6 13.7 15.2 15.2 15.8 18.8 22.4 25.7 29.7 32.3 34.5 35.9 35.9 35.6 36 37.9 40.1 41.1 41.1 41 41.7 41 40.2 42.4 45.5 48.4 50.9 53.7 54.2 56.9 61.2 66.4 71.2 76.9 82.8 87.7 93.7
38.1 39.3 39.2 39.9 40.5 41.1 42.2 42.1 41.5 40.8 39.2 38 37.1 36.2 34.5 33.4 32.6 31.7 30.6 23.8 23.4 20.8 18.6 17.8 17 16.2 15.4 14.8 14.5 14.3 14 13.2 11.9 11.3 11.2 11 10.8 10.7 10.5 10.4 10.7 10.9 11.1 11.3 11.5 11.7 11.9 12.1 12.3 12.8 14 20.2 17.5 17.1 18.5 20.3 23.6 28 31.1 33.5 35.3 35.9 35.3 36.4 37.9 39.5 40.8 41.1 41.1 39.7 37.7 38.9 41 43.6 46.1 48.2 50.7 51.6 53 57.7 62.2 67.2 72.8 79.1 84.3 91.2
41.2 43.2 43.9 43.8 43.7 44 45.9 44.8 44 43 39.9 38.4 36.9 35.5 35.6 34.1 32.6 31.1 29.3 24.8 23.5 20.9 19.2 17.8 16.7 15.9 15.1 14.6 14.2 13.9 13.5 12.8 11.6 11.4 11.2 11 10.9 10.7 10.6 10.4 10.6 10.7 10.9 11.1 11.3 11.5 11.7 12 12.5 13.1 14.2 19.7 19.2 20.8 20.9 20.1 23.2 25.7 28.5 31.2 32.8 34.9 34.9 35.8 36.8 38.3 39.3 39.3 37.4 36.5 37.3 39.1 39.5 42.3 44.2 45.6 48.4 50.2 51.3 53.6 57.6 63.6 69.3 75.9 83.4 89.3
45.4 47.2 48.7 48.6 48.3 47.8 48.3 47.4 46.5 44.4 41.1 39.1 37.6 35.9 34.3 32.6 31.2 29.6 27.1 24.8 23.2 20 18.7 17.7 16.7 15.7 15.9 14.6 13.8 13.4 12.9 12.3 11.6 11.4 11.3 11.1 10.9 10.8 10.6 10.4 10.5 10.7 10.9 11 11.2 11.4 11.7 12.2 12.8 13.4 14.5 19.9 19.7 22.4 24.5 24 24.1 24.2 25.9 27.5 29.6 31.4 32.6 32.9 34.4 35.5 34.2 34.1 34.8 36.8 38.2 40 42.4 44.7 45.1 44.5 46.7 48.9 50.1 53.7 56.3 60.5 66.6 73.9 79.9 87.8
49.9 51.4 52.9 53.2 52.6 51.5 50.5 49.8 48.9 45.7 42.5 39.9 38.2 36.1 33.3 31 29.5 26.8 24.5 23 22.7 19.8 18.3 17.1 16.1 16.1 15.6 14.5 13.4 12.9 12.4 11.9 11.7 11.5 11.3 11.1 11 10.8 10.6 10.4 10.5 10.7 10.8 11 11.1 11.3 11.7 12 12.5 13.2 15.2 20 20.7 23.3 26.1 27.7 27.7 26.2 25.2 24.9 25.1 27.6 28.2 28.7 30.2 29.6 31.7 34.5 36.7 37.7 39.6 40.5 44.5 46.2 46.3 45.2 46.4 47.8 49.7 54.2 58.3 61.9 66.7 73.2 79.8 87.4
52.6 54.5 55.5 55.4 54.8 53.8 52.4 50.7 47.6 44.7 41.3 39.7 36.1 33.1 31.9 29.6 26.9 24.6 23.3 22.2 21 21.8 17.9 16.6 16.2 15.8 15.2 14.1 13.3 12.7 12.4 12 11.8 11.6 11.4 11.2 11 10.8 10.7 10.5 10.5 10.6 10.8 10.9 11.1 11.3 11.6 11.8 12 13.9 16.1 19.2 21.3 23.8 26.8 30.6 31.4 30.1 28.3 28.2 28.4 28.5 28.8 30.2 31.6 31.7 33.1 35.4 37.1 39 41 41.1 45 46.2 46.5 45.3 47.6 48.9 51.2 56.7 61 66.6 71.4 74 79.6 87.8
