data/400000-530000.asc
ncols 200
nrows 200
xllcorner 400000
yllcorner 530000
cellsize 50
[rows 0 to 34 of 200, columns 78 to 155 of 200]
325.7 330.3 334 339.5 347.7 363 372.7 376.9 380.2 385.1 390.4 391.7 389.8 386.6 384 380.5 376.6 370.4 365.7 361 356.6 353.8 351 348.4 345.2 342 338.5 335.7 331 325 316.7 305.9 296.5 287.9 281.5 276.4 271.3 265 258.4 250.3 245.7 242.3 240.3 241.8 240.4 238.5 233.9 227.7 219.9 214.2 208.8 205.2 202.3 199.7 197 186.5 181.8 181.1 201.8 212.4 212.6 214.9 220.7 232.6 239.5 253.8 274.5 281.6 287.2 292.9 297.9 302.5 307.9 316.7 329.8 341.1 342.6 342.8
321.4 324.1 326.9 330.6 336.6 345.5 356.3 367.4 373.4 378.5 384 389.6 388.8 386 383.7 380.7 377.4 371.4 366.8 362.3 356.4 352.9 350.5 348.2 345.5 342.6 339.9 336.6 332.3 326 316.9 303 294.6 287.2 280 273.9 269 263.2 257.1 249.9 246 241.8 239.5 238.3 237.6 235.8 230.9 224.7 217.3 212.6 208.7 204.2 201.5 199.4 197.4 191.6 180.7 180.2 185.9 192.4 204.3 215.9 226.9 234.9 242.6 258.6 276.1 283.2 288.8 294.9 299.3 303.8 310.2 318.4 331.2 341.2 342.1 341.8
315.9 318.6 320.9 324.2 328.2 333.7 340.8 349.9 363.8 372.4 376.2 382.7 385.2 384.6 383 381.6 378.3 372.4 368 363.8 358.3 354.5 352 348.7 345.7 343.1 340.3 336.7 333 327.1 317.7 305 294.3 285 278.2 271.6 266.6 261.2 255.2 250.6 246.4 243.6 241.2 237.6 228.9 228.1 225 220.2 214.7 211.1 208.3 206.2 202 198.7 194.6 191.6 178.9 178.9 182.3 192.4 207.8 220.8 230.3 237.1 246.6 263.1 277.9 284.6 290.4 296.6 301.3 305.9 311.8 320.4 331.6 339.2 341.1 340.5
311.7 314 316.1 318.4 322 326.4 331.7 337.9 347.8 361.9 367.6 373.1 378.3 381.1 382.3 381 378.4 371 367.5 364.9 360.9 355.6 352 348.3 345.6 343.3 341 337.7 333.8 328.4 319.3 306.3 295.5 285.8 277 270.6 265 260.8 256.3 251.9 250.5 246.1 240.7 234.3 230 225.2 219.6 215.5 211.9 208.5 205.5 203.2 201.5 199.4 195.6 191.5 181 178.2 179.1 192.4 215.4 228.9 235 240.9 251.3 266.3 279.9 286.5 293.4 298.6 303.2 307.8 314.3 320.9 328.5 335.2 335.2 335.9
306.1 309.5 311.7 313.5 316.5 319.6 323.3 328.7 334.1 342.1 356.3 365.4 369.6 372.5 375.8 379.2 378 370 367 363.8 360.2 356.2 352.2 348.2 346.2 344.4 341.8 338.7 335.3 330.5 321.3 308.3 296.1 286.4 277.2 270.5 265.2 261.1 257.3 253.5 249.6 245.1 240.2 233.3 228.4 223.8 220.2 214.2 209.5 206.7 203.7 200.3 197.9 195.1 195.5 193.3 181.6 177.9 177.8 205.9 228.9 234.5 238.4 244.8 257.5 272.4 283.3 289.8 294.4 300.7 305.3 309.8 315.5 322.5 326.1 328.1 330.6 330.5
303.8 304.6 306.7 309.2 312 315.1 317.6 321.5 326.6 332.5 339 353 361.5 364.4 369.1 372.3 373.3 369.1 366.7 363.5 359.6 355.9 351.6 348.5 347.4 345.4 342.6 339.6 336.2 330.7 322.6 311.2 297.7 289.1 280.1 272.4 266.9 262.1 258.5 256.5 254.3 249.4 243.6 239.6 232.1 226.4 220.7 216 210.5 204.8 201.6 198.3 194.7 193.5 194.2 190.3 179.5 177.3 194 222 232.9 237.8 240.6 249.8 266.4 282.1 287.9 292 296.6 302.8 306.9 310.8 315.5 321.1 322.9 324 325.9 325.2
300 300.7 303.2 305.1 307.9 310.8 313.5 316.3 319 323.4 327.8 334.8 345.2 354.7 361.8 366 367.6 367.5 365.7 362.8 358.8 355.6 352.6 349.6 347.8 345.8 343.3 340.4 337 331.6 324.3 314 301.4 291.5 283.2 275.8 269.5 263.9 261.6 260.1 257.2 253 248.3 242.6 235.2 228.3 221.2 214.6 208 203.1 197.7 196.8 194.3 190.3 190.3 185.6 177.1 175.9 198 223.2 232.9 237.5 241.8 253.1 272.9 285 289.7 293.4 298.8 304.5 308.3 312.8 316.8 319.2 320.6 321.4 321.6 321
294.7 295.7 299.5 301.5 303.7 305.1 307.4 310.3 312.6 316.1 320.4 324.7 330.1 336.2 348.9 358 363.3 365.7 364.6 361.6 358.4 355.7 352.9 349.8 347.6 345.6 343.5 340.8 337.8 333.7 327.9 320.6 308.2 295.7 288 281 274.3 267.8 265.6 262.4 258.8 255 250.5 244.8 237.3 230.7 223.6 213.2 205.6 200.2 195.7 194 191.6 189.1 186.4 181.6 175.3 172.8 194.5 221.2 230.8 236.8 242.2 252.6 271.7 286.4 290.3 294.4 298.7 305.4 308.4 312.6 316.2 318.3 319.1 319.1 319 317.4
293.6 291.6 294.7 297.2 298.6 299.9 301.8 303.2 306.2 310.1 312.6 317.1 320.5 324.3 330 342.7 356.2 360.8 362.9 360.6 358.2 354.6 351.4 349 347.1 345.3 343.3 341 338.1 334.9 330.7 324.5 314.4 299.4 291.8 287.8 282.2 273.3 267.9 265.4 260.5 256.3 251.8 245.8 239.3 231.8 225 215.5 204.3 199 195.6 192 188.1 186.2 184 179.6 175.8 173.2 195.9 219.1 228.5 234.8 242.1 251.1 269 286.7 290.9 294.4 298.4 303.3 306.9 310.6 314.4 316.7 316.5 316 314.6 313
290.7 286.6 289.9 292.7 294.1 295.3 296.8 298 298.9 301.5 306.3 309.4 312.9 315.2 319.7 325.9 336.7 353.4 359.4 359.5 356.5 354.3 350.7 348.2 346.2 344.3 342.8 340.7 338.1 335.1 331.1 325.5 314.3 303.3 294.4 290.9 285.7 278.3 272.9 267.9 262.7 258 252 246 239.5 232.6 225.5 215.3 204 201.1 198.5 192.4 187.5 184.6 180.4 177.7 174.3 173.3 199.2 216.2 224.8 232.5 240.8 248.3 264.7 284.6 291.7 294.4 296.9 300.9 305.2 306.9 309.1 311.4 312.8 312.5 310.5 309.6
290.5 285.5 284.6 288.2 289.4 290.3 291.4 293.2 294.2 295.4 299.2 302.2 305.2 307.7 310.6 315.7 322.2 333.5 350.1 356.5 355.9 354.3 350.6 347.7 345.6 343.6 342.3 340.4 337.9 334.7 330.7 325.8 313.1 301.1 294.9 291.2 285.5 279.5 274.3 269 264.7 259.2 253.2 246.8 240.3 232 224.8 212.4 202.3 200 196.4 192.6 187.7 183.6 178 175.8 173.5 173.6 201.3 214.9 221.9 230.6 238 244.7 258.2 279.9 288.8 291.4 295.4 299.4 302.4 303.6 305.1 306.7 308.1 307.9 306.5 306.5
290.1 285 280.3 282.3 286.5 286.7 287.3 289 290.7 291.5 293.1 295 298 301 304.2 309.1 314.5 322.3 330.1 347.2 354.5 352 350.3 347.2 345.1 342.7 341 339.4 336.3 333.6 329.7 323 310 299.3 294.1 289.8 285 279.1 273.8 269.2 264.2 259.7 253.5 247.4 241.1 232.6 224.1 213.8 205.8 199.7 195.6 192 188.7 183.7 176.1 173.7 172.7 179.9 199.8 213.1 219.6 228.9 236.9 242.9 252.9 270.7 284.4 288.9 292.9 297.5 300.7 301.7 302.6 303.2 303.8 303.1 302.1 301.6
291.2 287.4 281.4 277.9 284 283.1 283.6 284.2 285.5 286 287.1 289.1 291.9 294 300.1 304.4 309.8 315.6 322.2 331.9 350.6 350.9 348.6 346.5 343.4 340.3 338.7 336.8 333.9 330.9 326 314.8 303.9 294.1 289.8 285.5 282.1 277.9 273.2 268.1 263.1 259.1 253.4 247.4 241.3 233 224.1 214.3 207.2 201 195.4 191.2 188.2 184 175.9 173.3 172.9 184.1 200.1 209.9 217.1 225.3 236.2 242.8 249.1 261 278.6 286.3 291.7 294.8 297.1 299.7 299.5 299.4 300.1 298.4 297 296.1
290.3 285.4 284.1 275.2 277.7 279.1 279.8 281 281 280.6 281.7 283.6 286.6 289.4 292 297.9 304.9 309.9 316.2 323.3 331.5 343.1 343.8 342.3 340.5 337.3 334.4 332.8 331.1 326.6 318 306.8 296.7 289.7 285.5 282.2 278.7 274.6 270.6 267.1 262.5 257.9 252.4 246.6 240.9 232.8 223.6 214.4 207.3 200 194.7 190.4 187 184.2 175 172.1 171.3 183.3 197.7 205.7 213.7 222.2 233.7 242 245.1 254.9 271.9 284.1 289.5 291.6 293.9 295.6 296.8 296.9 296.9 295.2 293.3 291.9
288.7 285.6 282.1 276.6 271.3 273.8 275.9 276.7 276.7 276.5 276.6 278.1 280.5 282.8 286.3 292.6 299.7 304.4 309.3 313.9 320.7 323.5 325.6 327.5 330 327.7 325 322.9 320.7 315.1 308 298.7 291.5 286.6 281.6 278.8 275.3 271.8 268.9 265.4 262 255.3 249.2 244.5 239.2 231.9 223.3 215.6 207.3 199.3 194 190.1 186.7 183.8 176.5 170.1 169.8 173.8 195.1 202.1 211.1 219 229.7 240.4 243.6 250.6 264.3 280.4 286.6 288.6 290.9 292.4 293.5 293.6 294.6 292.4 290.6 288.9
287.9 284.7 280.8 277.2 273.1 266.4 269.7 271 272.1 272.6 272.9 273.8 275.3 277.7 281.2 285.3 292.1 297.1 301.9 305.5 306.7 309 311.4 312.5 313.9 314.1 313.3 311.2 309.7 305.8 300.1 295 289.3 283.8 278.1 274.7 271.2 267.8 264.6 261.2 257.2 251.6 246.2 241.8 237.6 230 223.3 215.8 207.7 200.7 195.1 191.4 187.8 184.2 181 171.6 169.2 170.4 182.6 198.1 206.3 216.5 224.7 235.6 241.2 246.9 257.2 273.8 285 288.6 289.1 289.7 290.1 290.5 291.4 289.6 288 286.6
289.4 285.8 282 278.3 276.3 272.7 265.5 264.1 265.5 268.4 268.8 269.7 270.5 272.5 275.7 280.7 285.2 289.2 292.5 296.7 298.4 300.8 302.3 303.8 303.9 304.9 305.1 304.7 302.8 300.9 295.7 292 286.8 281.3 275.3 271 267.1 264.3 260.3 256.6 252.2 248.1 244.4 239.5 234.6 229.1 222.6 214.9 207.6 201.6 196.2 193.5 190.2 187.3 187.4 179.8 170.7 167.8 169.6 191.2 201.4 211.6 220.7 229.2 238.3 243.9 251.9 265.6 279.4 287.4 287.3 287.6 288.1 287.9 288.2 287.1 285.7 284.3
294.2 290 285.9 282 279 275.1 270.4 262.1 260.1 263.5 262.6 264.4 265.2 267.6 269.9 274.9 278.6 282.2 284.2 287.1 290.1 292.9 294.2 297.9 298.1 299.5 300.1 299.7 299.7 297.9 294.2 288.8 283.1 278 272.6 268 264.2 260.9 256.3 252.7 250 246.3 242.9 238.7 233.6 228.4 221.6 214.8 208.1 202.3 197.2 194.3 191.9 189.4 187.6 185.7 173.4 167.9 168 177.4 195.6 205.1 215.1 222.5 235.4 242.1 248.1 257.3 273.6 284.5 284.9 286.2 286.9 286.6 286.2 285 283.6 282.6
298 294.6 289.9 285.4 281.5 278.2 273.9 270.1 257.7 255.1 253.8 257.3 259 262.1 265.1 268.5 271.5 275.8 278.8 281.8 283.9 285.7 287.5 289 291.2 294.6 296.4 297 296.9 294.7 291.3 285.1 280.2 274.7 269.9 265.5 261.1 257.4 253.3 250.2 247.8 244.7 241.5 237.2 232.5 226.9 221.1 215.3 208.1 202.5 197.6 193.9 190.6 188.2 185.9 184.2 178.5 168.6 167.8 168.7 187 198.5 209.9 218.6 229.4 240.2 244.9 252.5 266.1 282.3 286.1 286 286 284.5 284 283.2 282.5 279.3
301.6 298.5 294.3 288.8 284.9 281.2 277.6 273.8 270.6 267.5 261.3 250.3 249 252.3 258.5 262.7 266 269.5 272.6 275.2 278.1 278.9 280 281.3 283.1 285.2 288.4 290.9 292.4 291.4 288.3 284.3 279.7 273.8 268.7 263.4 259 255 251.7 248.5 245.7 242.8 239.5 235.4 231.6 226.4 221.1 215.3 207.9 202.6 198 194.1 190.9 188.2 185.7 182.6 180.1 173.7 166.9 166.5 172 191.7 203.8 214.6 223.4 235.1 242.4 248.5 259.3 276.1 281.9 282.6 281 281 281.5 280.3 278.4 275.6
306.2 302.3 297.6 293.4 289.3 284.7 280.3 276.5 273.9 272.5 268.2 264.2 256.9 245.9 246.6 257.1 261.6 264.7 267.8 270.1 272.2 273 274.4 274.4 276.6 278.7 280 282.5 284.7 285.6 285.4 283.6 279 274.2 268.9 263.8 259.1 254.6 250.6 247 244 240.7 236.4 233.1 229.9 226.7 222.4 217.1 208.3 203.1 198.5 194.2 190.6 187.7 184.9 181.9 178.8 175.5 168.5 165.3 166.8 181.4 196.2 208 218.6 229.9 239.8 245 254.1 269.3 277 278.1 276.7 276.1 276.3 275.3 272.4 268.6
311.2 306.1 301.9 297.3 292 288.1 282.8 278.7 275.7 273.2 268.9 266.1 263.1 256.4 244 249.9 256.2 261 263.7 265.3 265.9 267 267.6 268.7 270.6 272.6 274 276.5 279.4 281.1 281.5 280.9 278.7 274.4 269.8 264.7 259.9 255.1 250.7 245.3 242.4 238.6 234.4 231 227.4 224.8 220 214.3 207 202 197.9 193.7 190 186.8 184 180.6 177.9 176 171.2 164.2 162.7 175.2 192.3 201.4 213.8 224.3 237.9 242.5 248.6 260.2 271.1 274.7 273.4 270.2 269.4 266.4 263 261.3
316 310.7 305.2 300.1 295.2 290.2 285.7 280.8 277.1 273.9 270.8 267.5 265.1 262 253.8 239.6 250.5 257.3 260.1 259.8 259.5 260.6 261.7 263.4 266.1 268.5 270.6 272.4 274.2 276.2 277.4 278.2 277.1 273.9 269.9 265.4 260.7 256.4 250.6 245 240.5 236.2 232.6 228.8 224.9 221.8 216.7 211.2 207.4 201.4 197.2 193.4 190 186.5 184.4 182 181.2 180.6 173.5 163.7 163.1 166.7 185.2 195.2 209.2 219.6 233.8 239.8 243.3 250.6 258.3 263.6 264.3 262.1 259.1 255.9 252.8 250.8
319.8 313.7 307.4 302 297 290.7 285.7 281.7 277.1 274 270.6 267.5 264.2 261.9 257.6 240.5 243.4 254 257 256.1 255.4 255.7 256.2 258.4 261 264.1 265.7 267.2 269 271 272.4 273.4 274.1 272.8 268.9 264.4 260.6 255.2 249.9 244 238.8 234.7 230.3 227.3 224.5 221.1 217.1 216 212.6 204.8 200.2 196 192 188.5 186.2 183.7 183.3 181.6 176.6 163.7 162.8 163 177.3 190 203.1 215.7 227.7 237.3 240 242.9 247.7 251.5 253.2 252.3 249.5 245 244 241.7
322.6 317.3 311.5 304.7 299.3 293.2 288.8 284.7 279.9 274.7 272.2 268.8 265.4 262.6 256.4 238.6 236.8 248.6 252.3 253 252 251.9 251.9 252.7 254.2 256 259.4 261.7 263.9 264.6 265.4 265.8 266.6 268.2 266.5 261.6 257.5 251.9 246.8 241.3 236.5 232.1 227.7 225 222 219 216.6 213.9 211.1 206 202.2 198 193.9 190.2 187.4 184.7 183.3 182.2 179.3 167.2 162.8 162.8 164.1 187 195.8 211.8 224.1 233.3 237.4 238 240.2 242.6 245.2 244.1 241.4 238.7 237.7 234.1
325.2 321.5 315.6 309.8 304 298.4 293.2 288.2 283.1 278.9 274.5 270.3 266.6 262.9 258.7 250.3 234 238.1 246.2 248.4 247.7 247.2 247.8 247.9 248.4 248.9 249.7 251.5 254.9 256.9 258.2 258.9 259 259.8 259.6 257.6 254 250.2 245.1 239.6 234.2 229.5 225.4 222.4 219.4 217.1 214.9 214.4 212.4 205.5 202.2 198.8 195.3 191.7 188.5 185.9 183.6 182.4 179.9 173.6 163 162.7 162.4 178.6 190.2 203.3 216.9 228.6 235.4 236.5 234.8 235.9 238.6 238.6 236.5 233.7 232.7 226.7
327.7 324.1 320.2 315.3 309.7 304 298.4 292.2 287.4 283.1 278.2 272.9 268.2 264.5 261.2 256.1 247.3 230.6 232 241.1 242.3 243 243.6 243.7 243.9 244.1 244.4 244.8 244.9 246.3 248.8 251 251.3 252.2 251.9 251.1 250.2 247.9 243.7 239.3 234.3 229.2 225 220.6 217.8 214.7 211.8 208.6 207.2 204 200.4 197 193.8 190.9 188.4 186.1 183.8 182.8 178.9 170.4 163.5 162.5 162.2 175.8 186 195.2 207 222.3 231.9 236.1 234.4 231.9 233 232.8 230.5 228.3 226.2 219.5
329.1 325.9 321.4 316.9 311.5 306.2 301.4 295.6 290.9 286.4 281 275 270.4 266.5 262.4 258.8 253.9 244.3 230.3 227.8 233 236.9 239.9 239.8 239.5 239.3 239.5 239.4 239 238.8 240.1 241.7 243.8 245 245 245.8 246.6 245.1 242.3 238.6 233.9 228.4 224 219.7 215.9 212 208.7 205.1 203.1 200.6 198.1 194.8 192.2 190.5 188 185.8 184.3 182.3 177.8 170.1 162.8 159.7 161.6 175.8 182.8 190.2 197.1 211.1 226.2 232.5 232.7 229.8 229.9 229.6 226 222.6 219.5 214.6
330.3 326.6 322.5 317.9 312.1 307.7 302.4 297.2 292.1 287.2 282 277.1 271.7 266.6 262.5 258.7 254.9 251.2 243.6 234.6 225 228.4 233.2 234.5 235.2 234.8 234.6 234.6 234.2 234.2 234.8 235.6 235.7 236.6 238.7 240 241 241.3 240.6 237.1 233.3 228.7 224.3 219.4 215 210.7 207.5 205.9 201.9 198.7 195.6 193 190.1 188.4 186.2 184 182.1 180.3 178 173 163.5 162.6 160.2 173.2 180.2 185.5 191.9 200.4 214.4 227 231 229.5 227.4 225.5 221.2 216.9 212.9 212.4
330.6 326.8 323.8 318.1 313.3 308.4 303.6 298.1 292.6 287.7 282 275.9 270.2 265 260.9 257.2 253.4 250.4 246.1 241.3 233.1 223.3 223.5 229.4 231.7 232.2 230.7 230.4 230 229.5 229.9 229.7 229.5 229.8 230.8 232.7 234.3 234.4 237.1 236.6 233.6 230.5 225.6 220.6 216.2 211.7 206.7 204.2 201.9 200.6 199.1 195.1 190.9 186.3 183 181 178.3 176.3 175.3 173.4 165.1 160.4 159 169.5 177.4 182.7 187.2 193.8 203.1 216.2 228.5 230.8 225.3 221.1 217.6 214.1 210.4 208
328.3 325.7 322.6 318.8 314.5 309.6 304.6 299.3 292.7 286.9 281 274.8 268.8 263.4 259.3 255.7 252.6 249.5 246.5 243.6 238.4 227.3 219.8 220.4 223.5 225.6 225.3 225.6 225.6 225.4 224.8 224.2 223.9 224.1 224.3 224.5 225 226.8 228.7 232.1 231 230.5 227.3 222.1 217.7 213.5 208.7 204.9 201.7 198.7 197.3 195.9 190.9 186.8 181.9 176.8 174.3 171.5 170.4 170.5 168.1 159.6 158.3 165.4 174.6 180.5 184.1 188 195.4 204.1 213.7 223.7 223.3 218.9 215.3 211.3 206.7 202.3
327.2 324.6 321.7 318.8 314.7 310.9 306.3 301 294.1 287.8 281.5 275.2 269.9 264.9 260.6 255.5 251.7 248.6 245.5 242.3 238.8 234.7 227.6 215.1 215.3 216.6 219 219.4 220.8 221.8 220.8 220.2 219.3 218.9 218.8 218.2 218.3 219.5 221.4 223.5 224.1 225.5 225.8 223.3 220.3 215.7 210.2 206.7 203.8 199.6 195.2 191 186.5 185.7 186.1 177.8 173.8 170.1 168.3 167.3 166.3 159.9 158.3 162.4 172.9 177 180.4 183.8 187.8 193.3 201 206.3 211.9 211.8 210 208.4 205.4 199.5
325.5 323.3 320.5 317.9 314.9 311.4 306.7 301.2 295.8 290 283.9 277.7 271.6 266 261.9 256.2 251.8 248 244.4 241.4 238.5 235.5 232.1 225.6 215.4 210.9 209.7 213 214.9 217.3 216.6 215.7 214.8 214.2 214.1 213.6 213.3 213.9 214.4 215.4 216.2 218.1 219.2 219.7 218.7 214.9 211 210.2 206.1 201.9 197.4 192.6 187.8 185.1 184.6 180.2 176.7 173.2 168 164.7 163.5 159.8 155.6 162.2 169.6 172.9 175.8 178.8 182.3 186.4 190.6 196.1 201 204.1 204.9 203.7 202.7 200.6
322.1 320.2 318.3 315.7 313.2 310 306.2 301.4 296.7 291.4 286 279.4 273.1 268.2 262.6 257.5 252.6 248.6 244.3 241.2 238.2 235 231.6 224.6 224.2 219.8 210.4 209.1 207.5 207.5 211.2 211.5 210.7 208.3 209.4 209.2 209.2 209.5 209.8 210 210.3 210.2 211.5 212.4 212.3 210.7 210.9 210.1 206.7 203.2 199.6 194.8 189.6 184.5 180.9 179 175.1 172 168.9 168.4 164.6 161.2 155 158.4 162.7 167.4 171.6 173.8 177.6 180.6 183.9 187.7 192 195.6 198.8 200.4 200.7 198.6
317.7 316.4 314.6 312.7 310.3 307.8 304.3 300.4 296.3 290.1 286.5 280.8 275.2 269.5 265.1 260 254.6 250 245.4 241.8 237.7 234.4 231.1 228.6 225.9 221.7 217.4 211.1 204.3 203.6 202.5 200.4 201.5 201.4 202.4 202.8 204.7 204.9 204.8 204.8 204.7 204.6 205.4 206 206.1 206.3 206.4 205.6 204 202.5 201.1 196.6 191.3 187.7 183.7 179.8 175.1 173.1 170.8 171.1 167.9 162 155.3 156.5 158.1 160.1 165.1 168.7 171.6 174.8 178.2 181.6 185 188.8 191.7 194.3 195.3 195.7
