data/400000-200000.asc
ncols 200
nrows 200
xllcorner 400000
yllcorner 200000
cellsize 50
[rows 70 to 104 of 200, columns 0 to 77 of 200]
189.4 194.8 194.6 193.5 192.7 191.7 189.6 187.2 185.2 181 176 171.1 165.8 164.5 161.6 158 159.9 159.7 158.5 156.1 153.2 148.4 142.8 138.4 132.8 128.8 127.7 130.1 134.4 139.4 144.6 146.3 145.4 143.9 142.7 142.2 143.3 144.8 145.6 145.3 143.9 141.2 138.2 134.4 129.8 124.2 124.4 124.5 129.1 134.7 143 150.6 158.1 163.9 167.8 170.3 172 172.1 172.2 172.3 172.1 171.6 170.6 169.2 167.8 166.3 167 168.1 168.4 167.7 168.5 170.1 171.3 172.6 172.9 173.6 172.9 171.8
178.9 181.7 186.5 193.1 193.8 192.2 191.5 190.1 188.2 185.5 182.3 179.8 177.5 177.9 175.9 172.7 174.1 172.4 171.2 168.2 163.3 155.4 147 141.7 135.5 130.9 127.8 127.4 129.7 133 136.2 140.6 140.9 139.3 137.7 137.3 138.6 140.1 141.7 141.1 139.5 137.7 134.5 131.3 126 124 124.2 125.4 130.1 137.6 145.1 153.1 159.4 164.8 168.4 170.3 171.1 171.2 171.3 171.3 171.3 170.7 170.4 169.6 168.5 166.9 164.7 165.8 166.1 167 169.3 170.6 171.5 172.5 173 172.9 172 171
178.3 181 181.3 185.6 186.8 192.5 192 191.1 189.8 188.9 187.3 185.3 185.3 184.2 184 182.7 180.3 178.9 176.4 173.1 168.6 162.9 153.2 144.8 141.3 135.9 131 127.8 126.4 127.4 130.3 133.6 134.5 134 131.8 133.1 134.5 135.8 136.8 136.7 135.5 133.5 131.3 126.9 124.7 123.9 124.1 127.4 133.5 141.2 149 155.8 161.8 165.6 168.5 170 170.1 170.2 170.3 170.4 170.5 170.2 169.9 169.3 168.3 167 164.4 164 166 168.1 169.7 170.5 171 172 172.6 171.8 171 170
177.7 176.7 180.4 181.2 185.7 187.9 189.8 190.8 190.5 190.3 189.6 189.4 188.8 187.4 186.9 186.2 184.7 182 179.7 176.4 172.1 167.5 160.7 153 146.7 141.4 137.4 133.3 129.4 126.7 125.5 127.1 128.7 128.4 127.4 128.8 130.2 131.4 131.9 132 130.8 129.6 126.9 123.9 123.9 123.8 125.9 131.6 138.4 146.2 153.2 159.3 164 166.3 168.1 169.3 169.2 169.3 169.4 169.5 169.5 169.3 169.1 168.9 167.6 166.4 164 163.2 166.1 167.9 169.4 170.4 170.9 171.5 172.1 171.1 170.8 169.3
175.2 176.8 180.5 184.7 187.7 187.7 188.2 188.7 189.7 190.3 190.5 190.4 189.3 189.1 188.4 187.7 186 184.2 181.8 179.3 175.5 171.4 166.4 160.5 154.2 148.6 143.8 139.7 135.1 131.4 128.1 125.4 124.6 124.6 124 124 124.9 126.2 126.2 126.3 125.3 125 123.7 123.4 124 126 131.6 137.8 144.1 151.3 156.9 161.7 165.3 166.3 168.1 168.5 168.7 168.3 168.4 168.5 168.4 168.3 168.4 168.5 167.2 165.9 163 162.6 165.6 167.2 168.7 170.2 170.8 171.2 171.5 170.6 170.2 168.6
169.6 174.6 180.7 192.3 186.3 186.9 187.8 188 188.7 189.8 190.1 189.7 189 188.6 187.9 187.3 186.6 185.8 183.1 180.7 178.3 175 171.1 166.4 162 156.8 151.3 146.5 141.9 137.2 133.4 130.3 128.1 126.3 124.2 123.9 123.5 123.3 122.3 122.7 123.3 122.8 123 123.3 125.5 132.6 137.9 143.8 149.8 156.3 160.5 164.3 166.4 166.8 167.6 167.8 168 167.9 167.4 167.5 167.5 167.7 167.8 168 166.8 165.5 162 162.3 166.1 167.6 169.1 169.9 170.7 171.3 171.2 170.5 169.7 168
168.9 170.9 179.6 195.9 188.8 186.1 186.8 187.1 188.1 189.4 189.2 189 188.6 188.1 187.5 186.9 186.3 185.5 183.7 181.4 179.3 177.8 175.3 170 166.3 162.8 159.2 154.7 150.5 145.2 140.1 137 134.4 131.7 128.7 125.3 123.6 123.1 123.1 123 122.6 122.4 123 126 132 138.7 145 150.4 155.7 160.1 163.7 165.7 166.4 166.3 166.4 166.7 167 167.2 166.7 166.9 166.9 167 167.2 167.3 166.4 164.9 161.1 162.2 165.8 167.9 168.6 169.4 170.1 170.5 170.4 169.6 168.8 167.6
162.5 174.4 182.9 195.1 188.7 186.9 185.9 186.4 188.6 188.2 187.6 187.6 187.3 187.2 187.1 186.5 185.9 185.3 184 182.2 180.4 178.3 175.7 172.8 169.7 166.5 164.4 161.6 158.3 154.7 150.2 147.5 143.6 141.8 135.7 130.5 124.6 123.3 123.3 122.8 122.4 122.5 125.8 133.4 138.7 144.4 150.3 154.9 159.4 162.6 164.7 165.8 166 165.6 165.1 165.9 166.5 166.3 165.5 165.7 167 166.9 166.8 166.7 165.9 163.8 160.7 162.4 166.2 167.1 167.8 168.5 169.3 169.7 169.6 168.8 167.9 167.2
168.9 177.2 180.8 191.5 185.4 185.8 185.5 189.2 188.1 186.8 186 186.2 186.1 185.9 186 186 185.4 185 184.1 182.6 180.7 178.7 177 174.3 171.9 169.5 167 164.5 162.3 159.9 156.6 153.9 150.2 145 139.2 130.6 126.3 124 123.2 122.6 122.2 124.1 129.9 137.5 141.8 149.1 154.2 158 160.8 163 165 165.1 165.2 164.7 164.4 165.1 165.3 165.3 164.8 165 166.3 167 166.2 165 163.7 161.6 159.2 163 166 166.5 166.9 167.6 168.9 168.8 168.7 167.9 167.1 166.3
160.9 176.9 178.4 187.7 184.9 185.2 189.3 187.7 187.1 186.4 185.7 185 184.9 184.6 184.6 184.7 184.9 184.6 183.6 182.2 180.7 179.1 177.4 174.5 172.5 170.5 168.5 166.2 164 161.9 159.1 155.4 150.9 144.5 136.6 131.4 128 125.5 124.4 122.1 121.7 123.7 130.9 137.1 144 149.4 154.8 157.9 160.5 162.7 164.6 164.5 164.4 164.1 163.8 163.6 163.7 163.7 163.8 164.3 165.5 166.2 164.7 162.5 161.2 159.5 160.3 163.6 165.5 166 166.3 167 168.1 168 167.8 167.3 166.2 165
161.1 166.4 167.8 177.8 184.7 186.8 187.5 187.2 186.7 186.1 185.4 184.7 184.1 182.8 182.7 183.7 183.7 183.2 182.9 181.9 180.5 179 177.4 174.6 172.6 170.4 168.4 166 162.4 159.8 156.1 151.7 146.2 141.5 138 134.5 130.6 129.1 124.1 121.9 121.4 124 130.8 137 143.4 148.9 153.5 156.9 159.7 162.2 163.8 164 163.9 163.6 163.1 162.7 162.8 162.8 162.8 163.3 164.3 165 163.8 161.9 159.8 158.4 161.4 164.3 165 165.6 166 166.5 167 167.1 166.8 165.8 164.8 163.7
160.8 167.5 173 184.6 185.4 186.2 186.6 186.3 185.9 185.5 185 184.4 184.2 183.3 182.4 181.7 181.6 182.8 182.3 181.5 179.8 178.4 177.1 174.8 172.5 170.3 168.4 165.7 161.6 159 155.5 153.1 150.7 144.8 143.6 137.7 135.1 130.5 126.4 122.2 121.3 123.4 129.6 135.2 140.9 145.7 150.3 154.3 157.9 160.7 162.8 163.1 163.3 163 162.3 161.8 161.8 161.8 161.8 162.3 162.9 163.6 162.9 161.4 158.8 158.3 161.9 165.1 165 164.7 165.1 165.6 165.7 166 165.7 164.4 163.4 162.4
179.2 182.5 183.5 183.5 183.9 184.8 185.4 185.5 185.1 184.6 184.2 184 184.4 183.7 182.9 181.7 180.9 182.1 181.7 180.5 179.2 178.2 177.2 174.8 172.5 170.6 169.1 167.2 164.8 162.1 161 158.1 154.7 150.9 146.1 140.8 136 132.7 130.1 125.7 122.3 121.2 124.4 129.3 135.7 141.4 146.7 151.4 154.9 157.7 161.4 161.7 162.8 162.4 161.6 160.8 160.8 160.8 160.8 161 161.6 162.2 161.9 160.3 157.3 159.5 163.1 165.1 164.4 163.6 164 164.3 164.4 164.4 163.6 162.8 161.9 160.9
185.4 184.5 183.3 181.9 182.5 183.7 184.1 184.3 184.3 183.9 183.8 183.7 183.9 183 182.1 181.2 179.1 180.3 180.8 179.9 178.7 177.6 177.1 174.7 172.4 171.7 170.5 168.7 166.5 165 163.1 160.7 157.5 153.4 147.3 144.2 140.8 136.8 133 129.6 125.2 120.9 121.6 124.6 131 138.1 143.4 147.8 151 154.8 159.5 160.7 161.9 161.8 161.1 160.1 159.7 159.7 159.6 160.2 160.8 161.3 160.4 159 156.5 159.4 162.1 164.4 163.1 163 163.7 164 164 164 163.4 162.7 161.8 160.6
187 184 181.2 179.9 180.5 181.2 181 181.8 183.5 183.7 183.6 183.5 182.8 182.4 181.4 180.4 178.5 178 179.5 178.9 177.9 176.9 177.2 174.7 173 171.9 170.7 169.6 168 166.4 164.3 161.8 158 153.6 151.6 148.7 145.5 141 136.4 133 128.9 123.9 122.5 123.1 126.7 133.6 139.4 142.9 146.3 151.4 156.3 160.2 161.2 161.1 160.4 159.8 158.9 158.7 158.9 159.4 159.9 159.8 159.3 157.1 155.9 158.3 160.6 162.3 162.6 162.7 163.3 163.6 163.6 163.6 163 162.4 161.8 161.2
188.7 184.6 184.4 178.7 177 176.9 180.8 182.2 182.1 183.5 183.5 183.2 182.4 181.9 180.9 179.6 177.6 176.3 178.2 178.2 177.2 176.3 176 175 172.9 171.4 170.2 169.4 168.1 166.7 164.8 162.3 159.4 157.4 155.4 152.6 148.7 144.4 140 136.1 132.2 128.6 123.4 123.3 123.2 129.1 134.9 139.1 142.7 148.1 153.1 158.1 160 160.7 160 159.8 159.1 157.9 158.1 159.2 159.5 159.1 158.5 156.2 155.1 157.7 159.7 161.4 162.3 162.5 162.9 163.1 163.2 163.2 162.7 162 161.8 161.1
185.3 179 182.3 185 176.4 176.7 181 182.5 183 183.2 183.1 182.5 181.9 181.2 179.8 178.4 176.4 174.1 176.9 177.1 176.5 175.7 174.6 174.1 172.8 171.1 169.8 169.1 168.3 166.9 165.4 163.1 161.4 160.2 158.2 155.2 151.4 147.3 143 139.1 134.7 130.3 126.3 123.2 122.7 125.6 130.4 134.9 139.7 144.7 149.7 154.7 158.1 159.9 160 159.8 159.3 158 157.1 158.8 158.7 158.4 157.7 155.7 153.9 156.8 158.8 160.6 161.4 162.1 162.4 162.7 162.9 162.7 162.3 161.9 161.3 160.6
179.2 182.3 177.3 176.6 175.7 181.3 180.2 179.8 182.5 182.6 182.4 181.7 181.1 180.1 178.9 177.2 175.2 173.7 175.6 175.9 175.9 175.1 173.9 173.2 171.9 170.5 169.3 168.6 167.8 166.5 165.6 164.5 163.3 162.1 160.3 157.4 153.5 149.4 145.4 140.7 136.7 132.9 128.4 123.8 122.2 122.4 126.9 130.9 135.7 141.6 146.7 151.8 156.2 158.9 159.7 159.8 159.5 158.1 156.7 157.4 158 157.6 156.8 155 152.6 155.7 158.2 159.8 160.8 161.5 161.9 162.2 162.4 162.3 162 161.4 160.9 160.2
178.8 182.5 180.8 176 176.1 178.1 178.5 180.2 179.4 178.7 178.4 179.2 180 178.9 178.2 176.3 173.9 173.4 174.1 174.8 174.8 174.2 173.2 172.2 170.9 169.5 168.1 167.8 167.2 166.4 165.6 165.2 164.4 163.3 161.8 159.1 155.5 151.9 147.2 142.6 138.7 135.5 131.3 126.5 122 121.5 122.7 127 131.6 137.5 143.4 149.3 153.9 158 159.1 159.7 159.4 158.8 156.9 155.9 156.7 157.5 155.8 154.9 152.9 154.6 157.8 159.3 160 160.8 161.3 161.6 161.8 161.8 161.5 161 160.5 159.8
176 180.5 183.6 172.5 176.9 178.8 180.3 180.5 180.5 181 180.2 179.7 179.2 176.3 175 174.6 173.6 170.5 172.6 173.7 173.6 172.7 171.8 171 169.9 168.4 167 166.2 166.8 166.4 165.6 165.3 164.7 163.8 162.5 160 157.3 153.6 149.4 145.8 141.8 137.7 132.9 128.5 122.2 120.8 120.6 123.3 128.1 134.8 141.6 148.2 153.3 157.3 158.9 159.6 159.1 158.6 158.1 156.3 154.9 155.8 154.7 154.1 151.8 154.2 157.2 157.9 159.3 160 160.7 161.1 161.1 161.2 161.1 160.5 160 159.3
173.1 175.9 178.8 177.4 176.3 177.7 178.7 179.6 180 180.1 179.4 178.9 178.3 176.9 175.3 174.7 173.5 170.5 170.6 169.8 172.1 171.2 170.3 169.5 168.8 167.4 166 165.7 165.6 166.1 165.6 165.3 164.6 163.6 162.8 160.7 157.8 154.5 151.3 147.2 143.2 138.8 134.3 129.2 121.8 120.8 120.7 121.7 125.6 132.3 139.3 147.5 153.5 156.7 158.8 159.4 158.9 158.4 157.8 157.3 155.2 153.4 153.6 154.1 152.3 153.1 155.4 156.7 157.6 158.8 160 160.4 160.5 160.5 160.6 160 159.5 158.9
171.7 172.5 171.5 173.5 176 176.7 177.6 178.5 179.1 179 178.6 178.2 177.5 177 175.9 174.8 174.1 173.1 169.2 167.8 167.8 168.9 168.6 168.1 167.4 166.3 164.9 165.4 165.4 165.6 165.3 164.6 164 163.3 162 160.2 157.6 154.3 150 146.1 142.3 138 133 127.1 120.6 120.7 120.4 121 123.9 130.9 139.2 147.5 154.1 157.3 158.6 159.1 158.8 158.4 158 157.4 155.5 153.6 151.5 152 151 152.5 154.9 157.1 158 158.9 159.6 159.7 159.8 159.8 160 159.5 159 158.4
169.4 167.5 169.6 173.3 175.3 176.9 176.3 176.9 177.8 178.1 177.8 177.4 177.2 177 176.9 176.1 175.2 173.7 171.5 167.6 165 165.1 165 165.3 164.6 163.2 162.8 164.2 164.9 164.7 164.6 164 163.3 162.3 161 158.6 155.7 152 148.2 144.3 140.3 135.9 131 122.2 120 120 120.5 121 122.9 130.8 139.4 148 154.7 157.7 158.5 158.4 158 157.6 157.3 156.8 155.3 153.5 150.3 149.8 150.4 153.1 155.7 157.5 158.3 158.6 158.8 159 159.1 159.1 159.3 159 158.5 157.9
163.5 167.7 171.4 173.8 175.1 174.7 176.3 175.6 176.6 177.3 177.8 177.4 177.3 177 176.5 175.8 175 174.2 172.7 169.7 165.4 162.2 159.5 160 161.5 160.7 159.3 162.4 163.7 163.9 163.9 163.4 162.4 161 159.1 156.5 153.4 149.7 145.7 141.3 137.7 133.6 128.1 120.5 120.1 120 120.1 120.7 123.8 132.4 140.9 149.8 155.1 158 158.4 158.1 157.6 157.2 156.7 156.1 154.3 152.1 148.9 149.6 150.9 153.8 156.8 157.3 157.7 158 158.1 158.3 158.4 158.5 158.7 158.4 158 157.4
166.1 170.4 172.1 173.3 173.9 173.4 173.8 174.1 175.6 176.2 176.8 177.5 177.2 176.6 176.1 175.5 174.5 173.6 172.6 171.3 169.4 166.5 163.6 160.1 155.9 153.3 157.6 157.4 155.9 154.3 153 154.2 157.8 158.9 156.2 153.8 150.5 146.9 142.6 138.1 134.7 129.8 125.1 121.2 120.6 120.1 120.1 120.7 127.1 135.2 143.5 150.4 155.7 157.8 158.1 157.9 157.4 157 156.5 155 152.9 149.9 148.7 149.8 151 153.9 156.5 156.8 157.1 157.2 157.4 157.6 157.7 157.9 158.3 157.8 157.5 156.9
168.8 170.5 171 171.6 171.5 171.3 171.3 175.6 175.3 176 176.4 176.8 176.3 175.7 175.2 174.8 174 173.1 172.3 170.9 169.9 168.7 167.1 165.3 162.4 157.1 152 156.3 162 162.1 162.2 161.3 154.1 147.5 145.9 144.3 145.1 143.1 139.6 134.9 131 126.4 121.8 121.3 120.7 120.4 120.1 124 132.5 139.8 146.4 150.3 155.6 157.6 157.9 157.7 157.2 156.8 155.5 154.6 153.8 149.7 147.9 149.5 151.1 153.7 155.9 156.1 156 156.3 156.4 156.3 156.5 156.8 157.3 157 156.7 156.1
167.5 168.2 168.7 169 168.5 168.7 171.1 173 175.1 175.6 175.8 175.7 175.2 174.7 174.1 173.9 173.1 172.3 171.7 171.1 170.1 169.1 167.6 165.9 164.2 160.6 148.4 150.4 157.4 161 161.1 159.5 157.5 154.2 150.4 146.5 142.5 140.1 138.9 137.5 127 123.4 119.8 120.5 120.3 119.8 124.4 131.3 138.1 143.6 149.7 154 156.8 157.5 157.6 157.5 157.1 156 155.2 154.4 153.6 151.1 147.9 148.5 149.8 152.2 154.3 154.7 154.6 155.1 154.8 154.7 156 156.5 156.6 156.2 155.8 155.1
165.2 165.9 165.7 165.6 165.7 168.9 172.3 174 174.3 174.3 174.5 174.4 174.1 173.6 173 173.1 172.2 171.5 171 170.5 169.9 169.2 167.8 166.1 164.5 161.9 156.2 145.8 148.4 157.4 159.1 157.6 154.7 150.7 147.3 143.4 139.3 134.5 130.5 127.3 124.8 119.7 119.6 119.9 119.9 124 130.5 137.1 142 147 153.3 155.7 156.8 157.1 157.3 157.3 156.5 155.7 154.9 154.2 153.5 152.5 147.8 146.4 147.9 150.1 152.5 152.1 152.4 153.1 153 153.9 155.3 156.2 155.7 155.3 154.8 154.5
162.9 162.6 162.3 162 165.5 169.5 171.9 173.4 172.2 174.4 173.1 173 172.9 172.5 172 172.2 171.4 170.8 170.4 169.9 169.4 168.7 167.7 166 164.3 161.8 158.2 153.3 140.7 143.5 155 155.7 152.3 148 144 140 135.7 131.9 128.5 125 121.2 118.9 119.2 119.4 120 132.8 133.3 140.8 145.4 150 154.5 156 156.4 156.7 157 157 156.2 155.6 154.9 154.2 153.5 152.8 149.8 145.6 145.9 147.9 149.9 149.4 150 150.2 151.4 153.3 154.7 155.3 154.8 154.4 154.2 154.1
159.9 158.6 158.1 161.6 165.1 168.7 171.1 172.1 171.9 172.2 172 171.8 171.5 171.4 171.1 171.3 170.7 170.2 169.7 169.2 168.7 168.1 167.1 165.9 164.2 161.7 158.2 153.6 148.2 137 146.3 153.3 150.3 146.5 142 137.1 133 129.7 126.1 122.5 118.5 118.7 119.1 119.4 130.3 136.4 137.3 138.6 148.2 152.4 155 156 156.4 156.7 156.9 156.5 155.8 155 154.2 153.4 152.7 152 150.6 148.7 144.6 144.1 146.1 146.9 147.6 148.7 150.3 152.2 153.9 154.1 153.8 153.6 153.7 153.4
155.7 152.9 156.8 161.4 164.8 167.2 169.5 170.6 171 170.1 171.1 170.8 170.5 170.2 170.3 170.8 170.1 169.6 169.1 168.7 168.2 167.6 166.4 165.3 164.1 161.6 157.1 152.1 145 138 134.8 149.8 149.3 145.4 141 136.5 131.9 127.9 124.1 119.9 118.8 118.8 119.1 127.3 133.5 138.6 142.3 145.8 139.9 140.9 155.3 157 156.3 156.5 156.6 156.1 155.3 154.5 153.7 152.9 152 150.8 149.9 149.8 148.1 144.9 142.4 143.6 145.2 147.4 149.1 151 152.5 153.2 152.8 152.6 152.5 152.6
149.5 150.7 156.7 160.5 163.3 165.9 167.6 168.7 169.5 168.8 168.4 169.7 168.9 169.3 169.7 171.4 169.9 169.3 168.9 168.4 167.7 167 166 164.8 163.7 161.5 157.9 153.6 148 139.2 132.5 144.4 146.9 143.7 139.2 134.9 130.9 126.3 122.4 119.2 119.2 119.2 123.7 131.7 137 141 144.8 148.4 150.4 153.4 142.7 150.7 156.6 156.4 156.2 155.6 154.8 153.9 152.8 151.7 150.6 150 149.9 149.8 148.9 147.5 145 142.1 141.9 144 146.8 149.7 151.3 152.4 152.2 152 151.8 151.7
144 150.2 155.3 158.6 161.9 164 165.7 166.6 167.6 167.6 167 167 168.6 169.3 169.4 173 168.6 168.3 168.2 167.8 167 166.4 165.5 164.4 163.2 161.4 159.1 155.2 148.7 139.6 131.9 135.6 139.6 138.5 137.1 133.2 129.5 124.8 120.9 118.2 118.7 119.3 128.5 134.3 138.8 142.8 145.8 147.5 150 152.8 154.5 147.3 144.6 155.2 155.2 154.9 154.3 153.2 152.1 151.1 150 149.6 149.8 149.8 149.4 148 147.1 144.7 142.4 140.3 144.5 147.9 150.1 151.3 151.6 151.4 151.2 151.1
144.8 149.8 153.7 156.9 160.1 161.9 163.6 164.6 165.4 165.6 165.2 165.7 168.3 168.6 167.9 167.5 167.4 166.4 166.3 166.1 165.9 165.5 164.8 163.7 162.7 161.2 159.8 156.8 151.1 144.8 135.3 129.1 127.6 126.6 128 126.5 123.8 122.2 121 118.1 118.3 121 130 135.1 138.2 141.3 143.6 146 148.8 151.4 153 153.3 153.6 145.6 154.4 154.3 153.8 152.8 151.7 150.6 149.5 148.9 149.4 149.5 149.6 148.8 147.9 147.7 145.7 141.6 142 145.8 148.5 149.9 150.2 150.6 150.1 149.8
144.8 148.5 152.1 155.3 157.9 159.5 161.3 162.3 163 163 163.8 164.9 164.7 166 163.9 166.3 166.2 165.1 164.4 164.6 164.8 164.5 163.8 162.9 161.9 160.3 159.6 157.5 154.8 150.9 146.1 140.2 136.2 131.8 128.9 127.1 125.6 124.1 122.6 118.1 118.1 121.3 128.8 132.4 135.2 138.9 141.4 144 147 149.9 151.5 152 152.6 153.4 146.5 153.8 153.4 152.3 151.2 150.1 149 148.2 148.6 149.1 149 148.7 147.9 147.9 147.9 145.2 139.6 143.1 146.7 147.8 148 149.5 149.2 149
