data/400000-70000.asc
ncols 200
nrows 200
xllcorner 400000
yllcorner 70000
cellsize 50
[rows 0 to 37 of 200, columns 0 to 83 of 200]
33.4 42.2 47 48.1 47 42.1 35.5 37.2 43.4 44.6 46 49.2 56.2 58.6 59.6 57.5 52.6 49.2 47.1 45.1 42.5 39.2 36.4 32.9 31.6 28.2 26.1 24.5 23.4 23.1 24.6 24.2 22.9 22.2 21 19 18.2 17.8 20 21.4 20.6 18.4 16 17.5 15.8 17 18.4 19.8 20.6 21.5 23.6 25.7 25.2 24.5 22 20 19.3 17.1 15.5 14.7 15.4 18.6 20.4 20 16.7 -0.5 -0.5 -0.5 -0.5 -0.5 -0.5 -0.5 -0.5 -0.5 -0.5 -0.5 -0.5 -0.5 -0.5 -0.5 -0.5 -0.5 -0.5 -0.5
22.9 34 40.5 42.2 38 32.7 31.8 38 39.8 38.5 37.6 41 45.9 48.6 49 45.4 39.5 39.1 41.6 44.1 42 39.9 37.5 35.6 32.1 29.1 26.4 25.1 23.9 20.7 22.1 22.2 21.3 20.3 18.7 17.4 16 15.8 18.6 21 19.4 17.1 14.4 13.7 17.8 21.8 22.3 21.9 21.6 23.1 24.3 24.9 26.9 26.9 24.3 21.9 20.7 17.8 15.7 14.4 14.6 18.1 19.1 17.8 6 -0.5 -0.5 -0.5 -0.5 -0.5 -0.5 -0.5 -0.5 -0.5 -0.5 -0.5 -0.5 -0.5 -0.5 -0.5 -0.5 -0.5 -0.5 -0.5
20.7 25.2 37.5 37.3 30.8 30.2 33.8 35.8 35.3 33.3 31.6 33.2 35.9 39.1 41.7 38.1 33.9 33 35.7 39.3 41.2 41.1 38.5 34.9 31.2 29.2 26.5 26.3 24.9 22 19 19.6 18.4 17.5 16.3 15.1 14 13.7 16.5 18.9 17.7 15.6 12.1 16.4 24.2 26.9 27 25.9 24.4 25 25.5 25.5 28.5 28.3 29 24.8 21.6 18.5 15 13.6 13.3 16.7 20.4 15.7 -0.5 -0.5 -0.5 -0.5 -0.5 -0.5 -0.5 -0.5 -0.5 -0.5 -0.5 -0.5 -0.5 -0.5 -0.5 -0.5 -0.5 -0.5 -0.5 -0.5
24.7 22 29.4 31 28.9 31.1 38.5 39.6 36.5 31.8 27.7 28.1 34.2 41.2 42.9 37.7 32.1 29 31.1 32.1 33.6 35.8 36.4 33.2 30.1 29.2 28.4 28.6 27.8 25 22.4 20.8 19.4 18.5 17.8 17.2 15.9 14.3 12.4 14.9 14.9 13.4 12.8 16.6 20.4 24.9 25.5 25.6 25.5 26.4 26.4 26.1 26.5 27.2 28 25.3 22 18.9 15.7 13 11.5 15.4 20 9.2 -0.5 -0.5 -0.5 -0.5 -0.5 -0.5 -0.5 -0.5 -0.5 -0.5 -0.5 -0.5 -0.5 -0.5 -0.5 -0.5 -0.5 -0.5 -0.5 -0.5
26 21.4 25.3 25.8 25.5 28.1 30.6 30.8 30 28.7 24.3 29.5 36.8 41.2 42 41.1 34.1 28 24.1 25.4 31.7 35 35.7 32.8 30.4 30.3 31 31.5 30.6 27.9 25.2 22.9 21.1 21.1 20.4 19.6 18 16.3 13.3 11.5 12.6 13.3 15.9 18.6 19.1 19.9 21.7 22.9 25.1 26.8 26.3 25.6 23.4 23.6 25.4 25.5 23.7 20.5 16.9 14.2 10.4 13.5 19.2 -0.5 -0.5 -0.5 -0.5 -0.5 -0.5 -0.5 -0.5 -0.5 -0.5 -0.5 -0.5 -0.5 -0.5 -0.5 -0.5 -0.5 -0.5 -0.5 -0.5 -0.5
25.1 22.8 20.6 24.2 23 22 23.5 24.6 23.9 23.2 22.3 27.4 30.8 33.9 36.4 38.8 36.3 30 23.1 22.8 31.1 37.5 38.4 35.3 33.8 33.3 33.4 33.2 31.9 29.1 26.2 24.4 22.7 22.6 21.8 20.6 18.3 16.2 13.9 11.6 13.6 16.9 21.9 23.8 23.1 23.5 25.2 27.3 28.2 25.6 25 23.9 21.1 20.2 21.7 23.6 22 20.1 17.9 15.4 11.9 9.9 10 -0.5 -0.5 -0.5 -0.5 -0.5 -0.5 -0.5 -0.5 -0.5 -0.5 -0.5 -0.5 -0.5 -0.5 -0.5 -0.5 -0.5 -0.5 -0.5 -0.5 -0.5
19.9 19.7 20 19.1 19.4 19.3 18.5 18.5 18.2 19 19.8 21.5 24.1 25.9 28.2 29.5 31.4 29.3 20.1 20.6 34.8 42.7 41.4 39.3 38 33.8 30.6 30.3 28.6 26.6 26.9 25.3 23.7 21.9 19.4 17.3 15.3 13.8 13 11.2 13.9 18.6 20.9 21.5 22.5 25.5 28 29.8 27.7 23.5 23.8 22.3 19.4 17.7 18.1 18.8 19.4 18.8 17.1 14.6 12.7 6.4 4.5 -0.5 -0.5 -0.5 -0.5 -0.5 -0.5 -0.5 -0.5 -0.5 -0.5 -0.5 -0.5 -0.5 -0.5 -0.5 -0.5 -0.5 -0.5 -0.5 -0.5 -0.5
25 21.8 20.4 19.8 20.3 20.1 19.9 19.8 18.7 16.5 16.6 18.3 19.1 19.4 19.4 20.3 19.9 19.1 16.5 24 35.6 39.6 40.2 39.4 37.4 32.3 24.8 22.6 22.3 22.4 27.8 27.5 25 23.1 19.7 17.7 14.6 13.4 12.1 10.4 9.5 14.7 16.5 18.3 20.3 23.9 26.3 26.1 23 23.8 25 22.7 20.1 18.1 15.5 15.6 16.8 16.8 16.8 14.1 13.4 6.8 0.9 -0.5 -0.5 -0.5 -0.5 -0.5 -0.5 -0.5 -0.5 -0.5 -0.5 -0.5 -0.5 -0.5 -0.5 -0.5 -0.5 -0.5 -0.5 -0.5 -0.5 -0.5
23.6 22.3 24.6 26.9 25.4 24 24.1 24.1 22.5 19.5 16.8 15.9 15.5 15.7 15.3 14.6 15.2 14.9 14.7 21.8 26.7 29.2 30.9 32.2 32.4 31.9 29.4 23.7 19.1 19.2 26.6 27.8 26.4 23.4 20.3 17.6 15.8 13.9 11.3 9.9 8.6 11.3 14.7 18.7 21.5 24.5 23.6 22.3 19.2 26.9 30.9 27.9 23 20.4 17.4 16.2 15.1 14.1 13.6 13.5 12.4 7.6 -0.5 -0.5 -0.5 -0.5 -0.5 -0.5 -0.5 -0.5 -0.5 -0.5 -0.5 -0.5 -0.5 -0.5 -0.5 -0.5 -0.5 -0.5 -0.5 -0.5 -0.5 -0.5
23.5 33.2 35.9 35.8 31.9 31.1 32.5 32 29.4 26.8 21.2 18.2 17.8 17.8 16.9 15 14.8 14.4 14.2 17.8 20.3 22.4 22.7 22.7 22.2 22.6 23.4 22.2 17.5 17.2 22.9 24.3 24.4 22.9 20.7 18.5 16.8 14.4 12.6 10.4 8.3 10.1 14 18.7 22.5 23.4 20 16.4 18.4 27.9 33 32 30.2 26 23.1 20.3 15.6 14.2 13.8 14.6 13.4 4.4 -0.5 -0.5 -0.5 -0.5 -0.5 -0.5 -0.5 -0.5 -0.5 -0.5 -0.5 -0.5 -0.5 -0.5 -0.5 -0.5 -0.5 -0.5 -0.5 -0.5 -0.5 -0.5
24.3 32.4 41.5 42.6 41.4 39.5 40.4 41.3 37.9 33.8 28.8 22.6 22 21 20.4 18.2 15.4 14.1 13.1 13.8 15.2 15.4 15.8 15.2 15.3 15.5 16.5 17.1 15.1 14.2 17.2 17.9 18.9 17.6 17.1 16.8 15.6 13.3 12.8 12.3 12.6 13.4 15.6 18.4 21 20.9 18.7 13.9 16.6 24.7 31.7 31.6 30.9 30.3 27.9 22.7 18.1 18.1 18.3 18.5 15.4 3.4 -0.5 -0.5 -0.5 -0.5 -0.5 -0.5 -0.5 -0.5 -0.5 -0.5 -0.5 -0.5 -0.5 -0.5 -0.5 -0.5 -0.5 -0.5 -0.5 -0.5 -0.5 -0.5
24.9 26.8 32.5 39 39.7 40.1 41 41.8 41.5 38.3 35.4 30.6 25.6 23.5 22.5 21.4 19 15.8 14.6 13.1 12.2 12.2 12.4 11.4 11.1 10.8 10.4 11.4 11.6 10.9 10.9 12 12.3 11.1 12.5 13.7 13.6 10.6 10.1 9.7 7.7 8.8 14.7 19.4 20.5 20.8 18.3 13.5 14.3 20 24.9 27.3 30 30.5 28.6 24.5 22.8 21.8 22.3 22.5 16.5 3.2 -0.5 -0.5 -0.5 -0.5 -0.5 -0.5 -0.5 -0.5 -0.5 -0.5 -0.5 -0.5 -0.5 -0.5 -0.5 -0.5 -0.5 -0.5 -0.5 -0.5 -0.5 -0.5
28.4 27.8 29.2 33.8 36.9 38.8 40 40.4 39.8 39.4 38.6 36.9 33.1 29.4 26.2 23.8 22.4 19.3 16.6 13.8 14.6 13.5 13.2 12.3 11.7 11.4 10.9 9.9 9.2 9.4 7 6.4 6.2 6.6 12 10.1 12 10.3 9.7 9.2 8.8 8 12 14.1 15.5 15.9 14.7 11.9 10.6 15.2 18.4 19.9 22.6 24.1 23.6 22.5 21.3 21.4 20.3 17.5 14.7 2.5 -0.5 -0.5 -0.5 -0.5 -0.5 -0.5 -0.5 -0.5 -0.5 -0.5 -0.5 -0.5 -0.5 -0.5 -0.5 -0.5 -0.5 -0.5 -0.5 -0.5 -0.5 -0.5
32.7 31.3 30.6 37.7 39.5 38.3 38.4 38.7 39.1 39.8 39.4 38.2 35.6 32.9 29.5 27.9 27.2 24.4 19.9 17.5 19.6 20.1 18.3 16.5 14.9 13.3 12.6 10.8 12.6 9.5 8.8 7.5 7.5 7.8 10.7 7.7 6.9 6.7 6.9 7 6.6 7.2 8.7 10.2 10.4 10.4 10.1 9.1 8.3 10.5 12.3 14.4 16.3 16.1 16.6 14.3 15.2 16.3 15.8 13.6 10.8 2.2 -0.5 -0.5 -0.5 -0.5 -0.5 -0.5 -0.5 -0.5 -0.5 -0.5 -0.5 -0.5 -0.5 -0.5 -0.5 -0.5 -0.5 -0.5 -0.5 -0.5 -0.5 -0.5
36 35.1 33.5 42.2 43.1 41.6 39.2 38.5 38.3 38.7 39.6 41.2 40.2 37.8 35.3 34.6 31.4 27.7 23.6 22.7 23.3 24.6 23.7 21.9 18.7 16.6 15.5 13.5 12.3 11.7 10.4 11.6 12.6 11 8.2 7.5 9.2 7.7 7.9 7.8 7.8 7.3 6.4 5.8 5.6 6.4 6.9 6.5 6.2 7.3 8.8 10.1 11.3 12.3 11.6 10.2 11.2 12.4 13 11.1 8.6 2.4 -0.5 -0.5 -0.5 -0.5 -0.5 -0.5 -0.5 -0.5 -0.5 -0.5 -0.5 -0.5 -0.5 -0.5 -0.5 -0.5 -0.5 -0.5 -0.5 -0.5 -0.5 -0.5
42.2 39.8 37.5 45.6 49.4 46.3 43.9 40.7 38.7 38.3 39.5 41.1 42.7 43.5 43.6 40.4 35.7 32.7 30.4 29.6 28.7 28.2 27.7 26.7 22.9 22.8 21.1 19 17.4 16.3 15.4 14.8 14.3 12.2 10.4 9.4 8.6 7.8 7.5 7.7 8.6 5.8 5.9 5.7 5.5 4.8 4.7 4.9 4.5 4.5 5.8 7.2 7.8 7.7 7.6 7.4 8.6 9.9 9.3 9.3 8.5 2.5 -0.5 -0.5 -0.5 -0.5 -0.5 -0.5 -0.5 -0.5 -0.5 -0.5 -0.5 -0.5 -0.5 -0.5 -0.5 -0.5 -0.5 -0.5 -0.5 -0.5 -0.5 -0.5
47.9 44.7 40.5 49 52.5 50.5 48.1 45.6 41 38.7 39.6 39.9 41.6 42.8 43.3 44.1 42.2 39.5 38 37.1 35.2 33.1 31 28.8 27.4 26.3 25.4 23 21.8 22.4 21.6 20.1 18.9 16.9 14.7 12 8.5 8.8 8.3 8.1 9.6 6.9 6.4 6.1 5.7 5.2 4.9 4.9 4.9 3.7 3.7 4.1 4.9 5.5 5.7 5.6 7 7.8 8 7.9 7 2.5 -0.5 -0.5 -0.5 -0.5 -0.5 -0.5 -0.5 -0.5 -0.5 -0.5 -0.5 -0.5 -0.5 -0.5 -0.5 -0.5 -0.5 -0.5 -0.5 -0.5 -0.5 -0.5
52.4 46.8 43.8 53 59.1 55.7 52.5 48.6 44.3 40.7 39 39.1 39.3 39.5 41.1 44.4 45.3 42.4 40.6 39.8 37.8 35.5 32.5 29.3 27.9 26.2 23 21.5 20.9 20.1 19.3 18.4 17 15.1 13.4 10.7 9.9 9.5 10.8 8.2 8.1 7.7 7 7.1 6.6 5.6 5.5 4.7 3.9 3.5 3.5 3.6 3.6 3.5 4.3 4.4 6.1 6.2 6.7 6.8 7.9 3.5 -0.5 -0.5 -0.5 -0.5 -0.5 -0.5 -0.5 -0.5 -0.5 -0.5 -0.5 -0.5 -0.5 -0.5 -0.5 -0.5 -0.5 -0.5 -0.5 -0.5 -0.5 -0.5
57.7 51.3 46.5 56.3 60.9 60.1 57.4 53.3 50.1 45.4 40.5 38.1 37.7 39.1 40.8 42 42.7 40.5 37.9 36.5 33.9 31.2 29 27.6 25 23 20.7 20 18.8 17.6 16.3 15.2 14 13.1 12.4 11.3 11 11 11.4 11.7 12.4 10.6 8.9 8.1 7.5 6.1 5.2 4.4 3.6 3.3 3.5 3.8 3.5 3.6 4.1 5 5.7 7.3 7.3 8.1 10.7 4.2 -0.5 -0.5 -0.5 -0.5 -0.5 -0.5 -0.5 -0.5 -0.5 -0.5 -0.5 -0.5 -0.5 -0.5 -0.5 -0.5 -0.5 -0.5 -0.5 -0.5 -0.5 -0.5
61.2 55.2 51.5 58.5 63.7 63.1 60.9 57.6 54.7 50.8 46.5 40.2 36.7 37.6 42.2 42.3 40.3 40.2 37.7 36.1 34.3 32.4 28.7 26.6 23.5 22.2 21.2 20.2 19.2 17.2 15.9 14.7 13.6 13 12.7 12.8 12.9 13.3 13.9 15.8 16.4 15 13 10 8.3 7.5 5.6 4.2 3.4 3.2 3.5 3.9 3 6.2 6.1 6.6 6.7 8 7.9 8.1 9.5 6 0.6 -0.5 -0.5 -0.5 -0.5 -0.5 -0.5 -0.5 -0.5 -0.5 -0.5 -0.5 -0.5 -0.5 -0.5 -0.5 -0.5 -0.5 -0.5 -0.5 -0.5 -0.5
64.6 60.4 57 60.9 65.8 66.2 63.6 60.5 57.5 54 48.8 43 38.5 37 40 43.9 42.9 43.9 41.8 39.6 38.2 37 33.2 28.3 25.1 22.8 21.8 20.7 20.3 18.8 17.9 17.1 15.6 15.9 15.3 14.9 14.1 14.7 16 18.2 19.2 18.1 15.6 12.1 8.9 7.1 6.7 6.3 4.3 3.3 3.9 3.7 6.5 9.9 8.8 8.1 8 8.2 7.5 7.4 8.5 9 1.4 -0.5 -0.5 -0.5 -0.5 -0.5 -0.5 -0.5 -0.5 -0.5 -0.5 -0.5 -0.5 -0.5 -0.5 -0.5 -0.5 -0.5 -0.5 -0.5 -0.5 -0.5
68.6 64.4 58.8 60.4 66.1 68 65.4 62.6 58.8 54 49.7 45.1 40.8 37.7 35.6 38.3 41.5 43.7 42.8 40.4 39.2 37.5 35.6 30 26.5 24.2 23.3 23.2 23.2 23.6 23 22.1 21 18.8 17.6 17.2 19.3 19.2 19.1 20.1 19.1 17.4 14.1 11.9 10 7.8 5.9 5.5 5.4 5.5 5.3 4.7 4.6 5.3 4 3.6 4.2 4 4.5 5.1 5.7 8.2 2.5 -0.5 -0.5 -0.5 -0.5 -0.5 -0.5 -0.5 -0.5 -0.5 -0.5 -0.5 -0.5 -0.5 -0.5 -0.5 -0.5 -0.5 -0.5 -0.5 -0.5 -0.5
70 66.3 62.3 61.6 67.3 69.4 68.5 66.2 62.1 57.1 51.9 49 44.5 39.9 36.8 35.2 35.1 35.2 34.4 33 32.2 30.9 28.8 27.6 28.1 27.8 29 28.7 30.2 29.7 28.5 27.2 25.7 23 20.5 21.1 23.7 24.5 23.9 22.6 20 17.7 14.5 12.9 11.5 9.7 8 6.8 5.4 4.5 4.5 4.4 4.6 5.1 4.5 4.1 3.7 3.3 3.1 3.2 3.4 3.7 2.9 -0.5 -0.5 -0.5 -0.5 -0.5 -0.5 -0.5 -0.5 -0.5 -0.5 -0.5 -0.5 -0.5 -0.5 -0.5 -0.5 -0.5 -0.5 -0.5 -0.5 -0.5
70.2 65 62.5 64.5 69.5 70.9 71.7 69.2 66.1 61.9 57.1 54.4 49.4 44.7 40 36.9 35.8 33.6 34.4 32.5 30.8 29.4 29.6 30 31.7 34.1 35 35.3 36.8 36 34.3 32.4 30.5 28 24.8 24.1 26.9 28.6 27.5 24.6 21.5 20.3 18.1 16.2 14.4 12 10.1 8.9 7.6 5.9 5.9 5.7 5.2 4.9 4.3 3.3 3.2 3 2.9 2.5 2.6 3.3 2.6 -0.5 -0.5 -0.5 -0.5 -0.5 -0.5 -0.5 -0.5 -0.5 -0.5 -0.5 -0.5 -0.5 -0.5 -0.5 -0.5 -0.5 -0.5 -0.5 -0.5 -0.5
68 62.8 66.6 69.7 72.5 74.7 74.2 72 68.8 65.2 61.9 59.3 52.3 48.1 43.5 40 40.6 41.9 40.5 38.4 37.6 36.3 35.5 35.8 37.7 41.5 38.8 41.7 43.3 41.9 40.1 38.2 36.6 34.6 30.2 28.6 29.6 30.3 28.4 25.4 24.3 24.4 23.2 21 19.4 17.6 14.5 11.8 10.7 9.7 9.2 8.2 7.6 6.4 5.7 4.3 4.2 4.5 3.5 2.9 1.9 3.5 3.4 1.7 0.1 -0.5 -0.5 -0.5 -0.5 -0.5 -0.5 -0.5 -0.5 -0.5 -0.5 -0.5 -0.5 -0.5 -0.5 -0.5 -0.5 -0.5 -0.5 -0.5
67.1 66.3 71.9 74.1 75.8 77.7 77.1 74.7 70.9 67.6 65.7 60.1 54.6 50.5 46.9 43.8 46.7 48.8 45.4 44.3 44.7 44.1 43.9 45.1 48.1 46.1 42.8 46.9 47.8 47.6 46 44.3 42.2 38.6 35.5 33.3 32.7 32.4 30.6 30 29.6 30.5 29.3 27.1 25.9 24.7 22.6 20.8 19.7 17.9 15.2 13.1 11.7 10.3 12.8 13.1 11.8 11.5 11.6 9.7 6.2 5.1 3.9 3 2.7 -0.5 -0.5 -0.5 -0.5 -0.5 -0.5 -0.5 -0.5 -0.5 -0.5 -0.5 -0.5 -0.5 -0.5 -0.5 -0.5 -0.5 -0.5 -0.5
68.8 71.5 75.9 78.1 79.6 80.4 79.1 76.2 71.7 68.7 65.1 61.1 58.1 56.3 50.8 46.7 52.4 54.5 53.5 52.3 50.7 50.9 51.7 52.5 52.6 49.1 48.2 50.7 51.7 51.7 51.2 48.9 46 41.5 38.1 34.8 34.6 35.6 35.1 35.4 35.8 35.9 34.5 33 32.2 31.3 29.7 28.2 26.6 24.1 22.5 21.5 21.2 19.2 18.1 16.5 15.6 15.3 16.1 16.8 12.3 9.8 8.4 6.2 4.6 4 3.9 -0.5 -0.5 -0.5 -0.5 -0.5 -0.5 -0.5 -0.5 -0.5 -0.5 -0.5 -0.5 -0.5 -0.5 -0.5 -0.5 -0.5
72 76.2 79.2 81.4 82.6 82.2 81.3 78.1 73.6 69 65.7 64.3 63.2 60.2 55.1 50.4 57.3 61 60.3 58 56.1 56.8 58.6 56.7 54.9 52.7 51.6 54.3 55.2 56.2 55.6 53.1 50.5 45.4 41 37.9 39.3 40 39.3 40.2 40.1 39.9 39.2 37.7 37.3 37.1 37.4 35.3 32.1 30.2 28.4 27.6 26 24.4 23.3 22.5 21.8 21.8 21.6 22.1 20.6 18 15.1 11.7 10.4 9.4 8.4 6.3 3.9 -0.5 7.9 12.9 9.3 6.6 6 6.3 4.5 -0.5 -0.5 6.8 7.4 -0.5 -0.5 -0.5
75.8 80.2 83.1 84.8 85.2 84.8 82.4 78.6 74.5 69.4 67.8 67 65.7 63.6 58.3 53.8 60.8 66 65.1 62.8 61.1 62.7 61.8 58.3 56.7 57.8 56.6 56.8 58.8 59.9 59.9 57.9 54 49.1 45.3 43.2 43.9 44.7 44.7 45.3 45.4 44.6 43.1 41.9 42.1 41.9 42.2 39.8 37 35.3 34 32.5 31.1 29.7 28.9 28.4 28.1 28 27.9 27.5 27.1 25 23.4 20 17.3 15.5 14.2 12.6 10.2 9 13.2 18.7 19.3 17.6 16.2 13.9 13.1 12.3 12 10.6 -0.5 -0.5 -0.5 -0.5
79.2 83.8 86.1 87.9 87.7 86.4 83.4 79.7 75.5 71.3 70.2 69.4 68.2 67 63 57.8 63.5 69.3 69.9 67.6 68 66.1 64.1 61.5 61 61.7 61.6 61.9 64.5 64 63.8 61.8 57.5 53.3 49.9 49.2 49.8 50.8 50.9 50.4 50.9 48.4 46.9 45.3 45.9 47.4 46.8 44.4 42.4 40.7 39.2 37.5 35.9 34.6 34.5 34.1 33.7 33.3 32.4 32.1 30.9 29.6 28.5 26.1 23.8 22.8 21 19.6 18.2 17.9 18.1 26.4 28.7 28.3 26.7 24.1 22.3 -0.5 -0.5 -0.5 -0.5 -0.5 -0.5 -0.5
82 86.3 89.4 90.3 90.1 88.4 84.8 81.3 78.8 74.8 73.5 72.6 72.5 71 67.3 62.8 68 73.1 74.3 73.1 71.2 69 66.6 66.3 67.1 67.6 66.2 65.8 67.7 68.3 66.8 65.3 61.8 58 55.8 55.9 57.3 55.4 56 55.7 54.7 53.7 51 49.6 50 50.5 50.9 49.8 47.7 45.7 44.7 42.9 41.1 39.1 40.4 39.7 39.2 38.2 37.5 37.2 36.2 34 33.2 31.8 31.2 30.3 28 25.5 26 27.1 27 27.5 34.7 34.7 33.9 16.9 -0.5 -0.5 -0.5 -0.5 -0.5 -0.5 -0.5 -0.5
85.1 88.8 91.8 92.6 93 89.9 87 84.8 82.1 78.3 76.7 76.5 77 74.3 69.9 65.1 70.2 74.5 76.7 75.8 73.9 71.4 70.2 70.3 70.7 71.1 70.4 69.7 70.3 70.7 70.5 68.8 65.8 63.2 62.7 61.1 61.5 62 61.4 61 62.1 59.9 59 58.1 57.8 55.2 55.5 54.4 52.3 50.7 49.8 48.2 46.6 45.8 46.9 45.8 44.6 43.9 43.4 43.5 42.3 41 39.4 38.9 38.9 36.6 34.1 31.9 32.3 31.5 33.9 34.6 38.8 33.7 -0.5 -0.5 -0.5 -0.5 -0.5 -0.5 -0.5 -0.5 -0.5 -0.5
87 90.4 93.3 95.2 95 92.8 90.5 88.2 85.1 81.8 80.6 79.2 79.3 75.5 70.4 68.4 72.8 76.3 78.4 78.5 77.1 73.6 73.6 74 74.5 74.6 74.4 74.1 74 74.4 75.2 73.2 71.2 69.8 69 68.3 66.6 67.3 67.9 68.7 71.3 66.2 66.1 65.7 65.2 65.4 63.9 61.5 59.9 57.3 56.8 54.8 52.9 52.5 52.9 51.7 50.4 49.6 49 48.4 48.5 47.9 46.3 45.2 45.7 44.1 40.6 38.6 38.1 38.5 39.5 42.3 30.2 -0.5 -0.5 -0.5 -0.5 -0.5 -0.5 -0.5 -0.5 -0.5 -0.5 -0.5
89.5 92.9 95.3 97.4 97.6 95.5 93.3 91.3 88.1 85.3 83.5 82 80.1 76.7 72.5 73.1 76.6 79 80.2 81.1 78.3 76.2 76.6 77 77.5 78.6 79.1 78.7 78.1 79.5 79.8 77.8 76 75.8 75.1 74 74.6 75.4 75.3 74.2 74.2 79.4 72.3 73.7 72.8 73.4 73 70.3 66.3 65.6 63 60.3 59.4 59.1 58.8 57.1 56 54.9 54.5 54.5 54.5 54 53.1 50.9 50.7 50 48.3 45.6 44.3 44.7 46.3 46.2 -0.5 -0.5 -0.5 -0.5 -0.5 -0.5 -0.5 -0.5 -0.5 -0.5 -0.5 -0.5
93.1 95.4 97.4 99.7 99.6 98.1 95.9 94.2 91.5 88.9 85.9 83.7 81.7 78 73.8 78.6 81.9 81.4 82.4 82.9 80.8 80.1 79.4 80.1 80.9 82.3 83.4 82.3 82.1 84.5 84 82.2 82 82.3 81.4 80.7 83.6 84.5 86.4 84.8 79.5 83.6 83.3 83 81.2 79.3 77 76.3 73.4 71.1 68.3 65.9 65.3 65.3 65.6 64.2 62.9 60.9 59.5 59.5 59.4 59.9 59.7 56.5 55.4 54.5 53.8 52.4 51 51.4 53 -0.5 -0.5 -0.5 -0.5 -0.5 -0.5 -0.5 -0.5 -0.5 -0.5 -0.5 -0.5 -0.5
96.5 98.3 100.2 102.2 101.8 100.4 99.2 97.6 95 92.3 88.8 85.8 83.2 79.4 76.4 82.4 84.4 85 85.4 85.8 84.1 83.1 83 83.8 84.8 86.9 87.9 87.6 86.9 88.8 89.3 89.1 88.6 88.7 88.2 88.6 89.8 90.8 91 90.9 85 90 91.1 86.1 88.2 86.1 84.5 82.3 80.6 78.5 74.1 72.2 70.9 70.5 70.7 68.6 66.8 65.4 65 64.7 64.2 64.2 63.7 61.6 59.5 58 57.7 59.7 57.4 56 38.7 -0.5 -0.5 -0.5 -0.5 -0.5 -0.5 -0.5 -0.5 -0.5 -0.5 -0.5 -0.5 -0.5
100 101.8 103.3 104.1 103.9 103.3 102.2 100.2 97.3 94.4 90.7 87.9 84.5 80.1 81.2 86.9 87.8 88.5 88.4 88.7 88.7 87.5 87.4 87.4 88.9 91 92.3 92.3 91.8 93.1 93.8 93.9 94.6 94.5 94.3 94.7 95.6 96.4 96 96.2 96.1 97.9 95 93.5 93.3 92.1 90.9 88.8 87.4 86.6 80.6 78.7 76.1 76.2 75.3 73.2 70.7 69.4 70 68.9 67.5 66.8 65.9 63 60.9 59.9 58.7 59.6 59.1 50.1 13.7 -0.5 -0.5 -0.5 -0.5 -0.5 -0.5 -0.5 -0.5 -0.5 -0.5 -0.5 -0.5 -0.5
103.2 104.7 105.2 106.1 106.3 105.4 104.2 101.6 98.7 95.6 91.8 88 84.5 82.2 85.8 90.5 92.3 91 90.2 91.4 92.4 92 91.9 91.8 92.8 94.8 96.9 96.2 96.6 97.5 98.4 98.4 99.7 99.7 99.8 100.4 101.5 101.8 101.6 102.1 106.3 106.7 104.9 99.4 97.6 97.6 96.9 94.9 91.8 90.1 87.2 85.2 82.2 81 77.7 75.6 74 72.7 72.1 71.4 69.4 68.3 65.5 62.5 60.9 57.3 56.9 57.2 56.2 37.5 -0.5 -0.5 -0.5 -0.5 -0.5 -0.5 -0.5 -0.5 -0.5 -0.5 -0.5 -0.5 -0.5 -0.5
