data/400000-230000.asc
ncols 200
nrows 200
xllcorner 400000
yllcorner 230000
cellsize 50
[rows 37 to 73 of 200, columns 0 to 81 of 200]
55.4 55.6 55.1 52.8 50.8 49.5 47.2 45.2 44.2 43.2 42.9 42.7 42.5 42.3 42.3 42.3 42.3 42.4 42.5 42.5 42.6 42.7 42.7 42.8 43 43.3 44.3 45.9 49.4 49.9 50.2 49.7 48.5 47.6 46.2 44.3 45.1 44.7 44 43.2 42.5 41.8 41.5 41.7 41.9 42 42 41.9 41.9 41.8 41.8 41.6 41 40.5 39.4 39 39.7 40.8 40.4 39.2 38.2 37.9 38.8 37.8 36.5 35 38.3 39.1 39.7 40.6 41.3 42.1 42.9 43.8 44.4 44.6 44.8 45.1 45.6 45.2 45.4 45.4
55.5 55.7 55.8 53.7 51.6 49.8 47.9 46.1 44.4 43.3 42.7 42.3 42.1 42 42.1 42.2 42.3 42.4 42.5 42.6 42.6 42.7 42.8 42.9 43 43.3 44.7 48.3 51.7 53.9 52.6 51.3 50.1 48.7 47.3 44.9 45.4 44.7 44 43.2 42.5 41.8 41.7 41.8 42 42.3 42.5 42.5 42.5 42.4 42.4 42.1 41.6 41 40.2 39.8 40.4 41.3 41.6 40.5 39 38.9 39 37.8 37.5 37.3 37.1 39 41 42.1 42.2 42.9 43.6 44.5 45.2 45.6 46.1 46.4 46.4 45.9 45.5 45.7
55.6 55.8 55.1 53 51.1 49.6 48.4 47 45.1 43.5 42.8 42.3 41.8 41.8 42 42.1 42.2 42.3 42.5 42.5 42.6 42.8 42.9 43 43 43.3 44.7 48.4 53.7 55.9 55.6 54.1 52.5 50.1 48.3 45.6 45.4 44.7 44 43.3 42.6 41.9 41.8 41.9 42 42.4 42.7 42.9 43 42.9 42.9 42.5 42 41.5 41 39.4 39.5 41.1 41.2 41.1 40.8 39.7 39 38.4 38.3 38.1 37.5 38.7 41.8 43.2 43.2 43.8 44.5 45.1 46 46.4 46.8 47.1 47 46.6 46.2 45.9
55.6 54.8 53.7 52.3 50.4 48.7 47.5 46.3 45.1 43.9 42.8 42 41.5 41.6 41.8 41.9 42.1 42.2 42.4 42.5 42.6 42.7 42.8 43 43.1 43.3 44.3 45.8 51.5 54.6 55.9 55.9 54.8 51.6 48.5 46.3 45.5 44.8 44.1 43.4 42.7 42.1 42 42 42.2 42.5 42.9 43.2 43.3 43.4 43.3 42.8 42.3 41.8 41.2 39.6 39 41 41.1 41.6 42.3 41.7 40.8 39 39 39 38.4 35.7 41.5 43.7 44.2 44.8 45.5 46.1 46.7 47 47.3 47.6 47.6 47.2 46.8 46.5
53.8 52.9 52.1 51.4 49.7 48 46.5 45.4 44.2 43.2 42.3 41.4 41.4 41.7 41.9 42 42.3 42.4 42.3 42.6 43 43.1 43.2 43.3 43.4 43.5 43.6 45 47.4 50.6 53.8 55.4 53.9 50.3 47.2 45.5 45 44.3 43.6 43 42.6 42.4 42.2 42.2 42.3 42.7 43 43.4 43.7 43.7 43.8 43.2 42.7 42.2 41.4 40.3 39 40.8 41.7 42.4 43.1 42.7 41.5 40.8 39 38.8 37.9 37.9 40.3 44.3 45.1 45.9 46.5 47 47.4 47.6 47.8 48.1 48.2 47.8 47.5 47.2
52.2 51.5 50.8 50.2 49 47.3 45.6 44.4 43.5 43 41.9 41.2 41.5 41.7 42 42.1 42.4 42.4 42.9 42.9 43.3 43.5 43.6 43.7 43.8 43.8 43.8 43.8 45.7 48.7 50.6 50.3 50.2 47.9 46.2 44.8 44.5 43.8 43.3 43.1 42.9 42.7 42.5 42.3 42.5 42.8 43.2 43.5 43.8 43.9 44.2 43.8 43 42.5 41.7 40.9 39.7 40 42.1 42.9 43.8 43.4 42.2 41.3 40.7 38.8 38.3 37.9 38.8 43.6 45.7 46.6 47.1 47.6 48 48.2 48.4 48.5 48.8 48.4 48.2 47.9
51 50.3 49.6 48.9 47.5 46.2 44.9 43.8 43.3 42.8 41.7 41.5 41.4 41.8 42 42.3 42.5 42.8 43.4 43.4 43.7 43.9 44 44.1 44.1 44.1 44 44 44 45.1 46.4 46.5 46.6 45.3 44.7 44.3 44 43.8 43.6 43.4 43.2 43 42.8 42.6 42.6 43 43.3 43.6 43.8 43.9 44.4 44.4 43.6 42.9 41.6 40.8 40.7 40.7 42.1 43.4 44.5 44.1 42.8 41.7 41.2 39.5 38.6 38.1 39.5 42.5 45.7 46.4 47 47.7 47.9 48.2 48.6 48.9 49.3 49.1 48.9 48.6
49.6 49.1 48.3 46.9 45.6 44.5 44 43.4 42.9 42.5 41.6 41.7 41.7 41.6 42.1 42.3 42.5 43.2 43.5 43.9 44.1 44.2 44.4 44.4 44.4 44.3 44.1 43.7 43.5 43.8 44.6 45.1 45.3 44.5 44.2 43.9 43.7 43.8 43.7 43.6 43.4 43.2 43 42.8 42.8 43.3 43.8 44.1 44.3 44.5 44.9 44.6 44 43.3 42 41.2 41.1 41 41.9 43.6 44.7 44.1 43 42.1 41.4 41 39.8 38.4 36.5 41.6 44.8 46.5 47.2 47.4 47.7 48 48.4 48.8 49.2 49.4 49.3 49
48.2 47.7 47.2 45.5 44.8 44.2 43.6 43 42.6 42.1 41.6 41.7 41.7 41.8 41.7 42.4 42.9 43.4 44 44.3 44.4 44.6 44.7 44.7 44.3 43.9 43.6 43.2 43 43.3 43.7 44.1 44.1 44.2 43.9 43.6 43.5 43.6 43.5 43.5 43.4 43.4 43.2 43 42.9 43.4 43.9 44.5 44.7 44.9 45.1 44.6 44.2 43.7 42.5 41.6 41.5 41.5 41.8 43.2 44.7 44.5 43.5 42.6 41.6 40.6 39.3 38.8 38.6 39.6 42.2 46.6 47.1 47.1 47.6 47.9 48.2 48.6 49.1 49.6 49.4 49.3
46.9 46.4 46.1 45.1 44.3 43.8 43.2 42.6 42.2 41.8 41.5 41.6 41.7 41.8 41.8 42.2 42.8 43.4 44.1 44.7 44.9 44.9 44.5 44.1 43.8 43.4 43 42.7 42.5 43 43.3 43.3 43.3 43.8 43.6 43.3 43.3 43.4 43.4 43.3 43.3 43.2 43.2 43.1 43 43.6 44.1 44.4 44.6 44.8 45 45.3 45.4 44.7 43.7 42.2 41.8 42.6 42.6 43.4 44.4 44.7 44 43 42.2 41.6 40.7 39.5 36.2 39.4 39.1 44.1 46.9 46.9 47.3 47.7 48.1 48.5 49 49.5 49.6 50
45.5 46.1 45.2 44.5 43.7 43.1 42.7 42.2 41.8 41.6 41.5 41.6 41.6 41.7 41.8 42.3 42.8 43.4 44.1 44.8 45.9 44 44 43.7 43.3 42.9 42.6 42.2 41.9 41.8 43.3 42.9 42.5 43 43.2 42.9 43.1 43.3 43.2 43.2 43.1 43 43 43.1 43.2 43.7 44.1 44.4 44.6 44.8 45 45.2 45.4 45.4 44.3 43.2 42.2 43 43.5 43.8 44.4 44.7 44.4 43.5 42.8 42.2 41.7 40.3 39.5 39.6 39.4 41.5 47 46.6 47 47.5 48 48.5 49 49.5 49.2 51.3
45.7 45.5 44.7 43.9 43.1 42.4 41.9 41.6 41.7 41.6 41.6 41.6 41.7 41.6 41.7 42.3 42.9 43.4 44 45 45.9 45.7 44 43.5 43 42.5 42.1 41.7 41.6 41.4 42.9 42.9 42.7 42.3 42.7 42.6 42.8 43.1 43.1 43 43.1 43.1 43.2 43.2 43.3 43.9 44.1 44.3 44.5 44.7 44.9 45.1 45.5 45.6 44.6 43.5 42.6 43 43.5 44.1 44.6 44.8 44.9 44.1 44.1 43.3 41.9 40.4 39.9 36.3 39.7 39 45.1 46.9 46.5 46.2 46.9 47.7 48.4 49.2 50.2 51.5
45.5 44.9 44.1 43.3 42.5 41.8 41.3 41.4 41.5 41.5 41.6 41.6 41.7 41.7 41.6 42.2 42.8 43.4 44 44.8 45.1 45.9 45.9 45.1 44.1 42.6 42.1 41.8 41.6 41.8 42.4 42.6 42.4 42.4 42.4 42.3 42.6 43 43.1 43.2 43.2 43.3 43.3 43.4 43.5 43.8 44 44.2 44.4 44.6 44.8 45.2 45.6 45.9 44.8 43.7 42.8 43.2 43.8 44.4 44.8 45.1 45.5 45.7 44.9 43.6 41.8 40.5 40.3 39.5 39.8 39.2 43 47.4 46.9 46.3 46.9 47.7 48.4 49.2 49.3 50.8
43.9 43.7 43.1 42.7 41.9 41.2 41.3 41.4 41.5 41.5 41.5 41.6 41.7 41.6 41.5 42.1 42.7 43.3 43.9 44.1 44.6 45.4 46 45.4 43.9 42.5 42 41.7 41.9 42.1 42.4 42.3 42.6 42.5 42.5 42.5 42.4 42.9 43.2 43.5 43.5 43.5 43.6 43.6 43.7 43.9 44.1 44.3 44.5 44.7 45.9 45.5 45.6 45.8 45 44 43 43.4 44.1 44.7 45.3 45.7 46.1 46.2 45.3 43.8 42.3 40.6 40.5 39.9 40.1 39.3 40.8 45.7 46.8 47.2 47.8 48.4 48.7 49.4 49.1 49.7
42.7 42.9 42.4 41.8 41.2 41.1 41.4 41.5 41.6 41.6 41.5 41.5 41.6 41.5 41.5 42 42.6 43.2 43.6 43.4 43.8 44.4 45.1 44.3 42.8 42.3 41.9 42 42 42.2 42.5 42.6 42.6 42.7 42.6 42.7 42.6 42.7 43.1 43.4 43.6 43.9 43.9 43.9 44 44.2 44.4 44.5 44.7 45.2 45.4 45.7 45.9 46.1 45.4 44.3 43.3 43.5 44.2 44.9 45.6 45.9 46 46.1 45.8 44.7 42.9 40.9 40.7 39 40 39 39.5 44.6 46.1 47 47.7 48.3 48.9 49.6 49.1 49
41.4 41.9 41.7 41.2 41 40.9 41 41.6 41.6 41.6 41.6 41.5 41.6 41.6 41.5 41.8 42.4 43 43.1 43 42.8 43.5 43.2 42.8 42.5 42.1 42.2 42.2 42.2 42.3 42.5 42.7 42.8 42.9 42.9 42.8 42.8 42.7 43 43.3 43.6 43.8 44.1 44.2 44.3 44.5 44.7 44.8 44.9 44.5 45.2 45.9 46.2 46.4 44.9 43.8 43.3 43.5 44.2 44.9 45.4 45.9 46.1 46.4 46.1 45.5 44.3 42.1 41 40.8 40 39.6 39.4 43.8 45.8 46.7 47.6 48.2 48.9 49.4 49.6 49.4
40.7 40.8 40.9 40.9 40.8 40.7 40.7 41.2 41.6 41.7 41.6 41.5 41.5 41.6 41.6 41.7 42.3 42.7 42.7 42.6 42.4 42.3 42.5 42.2 42.5 42.3 42.4 42.5 42.4 42.4 42.6 42.8 42.9 43 43 43 42.9 42.9 42.9 43.2 43.5 43.7 44 44.4 44.8 44.8 45 45.2 44.8 44.7 45.4 46.1 46.4 46.7 45.7 44.5 43.7 43.5 44.2 44.7 45.2 45.7 46.2 46.4 46.2 46.1 45.5 43.6 41.6 41 40.7 40.3 40 43.1 44.7 46.3 47.4 48.1 48.7 49.2 49.6 49.7
40.6 40.6 40.7 40.8 40.8 40.8 40.7 40.8 41.2 41.7 41.5 41.7 41.5 41.5 41.6 41.6 42.1 42.3 42.2 42.2 42.1 42.1 42.3 42.4 42.6 42.7 42.7 42.7 42.7 42.6 42.7 42.9 43 43 43 43 43 43 43 43.1 43.4 43.8 44.3 44.4 45 45.5 45.5 45.4 45.1 44.9 45.6 46.4 46.7 47.1 45.9 44.4 43.6 43.8 44.2 44.6 45 45.5 45.9 46.2 46.2 46.1 46.1 44.7 42.9 38.6 41.2 40.8 40.5 42.2 44.6 45.7 46.9 48 48.5 49 49.4 49.4
40.6 40.9 40.8 40.9 40.8 40.7 40.7 40.7 41.1 41.5 41.7 41.6 41.6 41.5 41.6 41.6 41.9 41.8 41.8 41.9 42.3 42.4 42.6 42.7 42.8 42.8 42.9 43 42.9 42.9 42.9 43 43 43 43 43 43 43 43 43.9 44.1 44.4 44.6 45.2 46.2 46 45.4 45.7 45.4 45 45.6 46.5 46.7 47.4 46.1 44.5 44.4 44.4 44.7 45.1 45.5 45.4 45.5 45.9 46.2 46.1 46.9 45.6 43.8 41.7 41.4 40.9 40.8 41.1 44.5 45.5 46.5 48.4 48.6 48.8 49.2 48.8
41.4 41.3 41.2 41.2 41.2 41.1 41.1 40.8 41.4 42.2 42 41.5 41.5 41.5 41.6 41.6 41.7 41.8 41.9 42.1 42.6 42.8 42.9 43 43.1 43.2 43.2 43.2 43.1 43.1 43 43 43 43 43.1 43.4 43.5 43.6 43.7 44.2 44.4 44.7 45 46.1 46.6 46.5 45.7 45.9 45.7 45.3 45.7 46.7 46.6 47.6 46.3 44.9 44.4 44.4 45 45.6 46.1 46.2 46.2 46.2 46.1 46.6 47.6 46.4 44.2 42.1 41.7 41.2 41.1 41.4 44.7 45.5 46.9 48.7 49.4 49.2 49 47.5
45.1 41.4 41.5 41.6 41.6 41.6 41.6 41.4 42 42.2 41.8 41.7 41.7 41.7 41.7 41.8 41.9 42 42.1 42.3 42.8 43.1 43.3 43.3 43.4 43.5 43.7 43.6 43.4 43.2 43.1 43.1 43.1 43.1 43.4 43.8 44.2 44.3 44.6 44.6 44.7 45 45.6 47 47.4 47.3 46.7 46 46.1 45.7 46.1 47.1 47.3 47.9 46.3 44.9 44.5 44.6 45.2 45.8 46.1 46.4 46.5 46.5 46.5 46.8 47.2 47.2 44.9 42.8 39.8 41.5 41.2 41.2 43.8 46.4 47.8 49.1 49 47.5 45.9 44.8
41.7 41.9 42 42.1 42.1 42.1 42.1 42.1 42.2 42 41.9 41.8 41.8 41.8 41.8 41.9 42 42.2 42.3 42.6 43 43.4 43.6 43.7 43.8 43.9 44.1 44.1 43.8 43.6 43.4 43.2 43.1 43.6 44.4 44.5 44.3 45.6 45.3 45.3 45.2 45.7 46.6 47.9 48.6 48.2 47.7 47 46.5 46.4 46.6 47.2 48 47.6 46.5 45 44.8 44.8 45.4 45.8 46.1 46.3 46.6 46.9 46.9 47.2 47.5 47.3 45.7 43.5 40.6 41.5 41.3 41.5 42.5 44.5 45.3 45.9 46.1 44.6 44.7 44.8
42.6 43.2 43 42.6 42.4 42.5 42.5 42.4 42.2 42.1 42 42 41.9 41.9 42 42 42.1 42.3 42.5 42.8 43.2 43.7 44 44.1 44.2 44.4 44.5 44.5 44.3 44 43.8 44 44.3 45.1 46 46 46.6 47.5 46.9 46.5 46.3 47.1 47.8 49 49.4 49.2 48.8 48 47.4 47.2 46.9 47.2 47.6 47.7 46.9 45.1 44.9 45.1 45.5 45.8 46.1 46.4 46.7 47 47.1 47 47 47.2 46.4 44.4 42.3 41.5 42.3 43.2 43.2 43.1 43.8 44.3 44.8 45.2 45.6 45.4
43.7 43.7 43.3 43 42.8 42.6 42.6 42.6 42.5 42.4 42.2 42.1 42.1 42.1 42.1 42.2 42.3 42.4 42.7 43.1 43.6 44 44.7 44.5 44.7 44.8 44.9 44.9 44.7 44.6 44.9 45.3 45.7 47 48.5 48.8 49.4 49.6 48.7 47.8 47.3 48.2 49.2 50.6 50.9 50.7 49.1 48.8 48.4 48.5 48.1 47 47 47 46 45.4 45.3 45.4 45.8 46.2 46.5 46.8 47.1 47.4 47.2 47 47 47.4 47 45 42.7 40.8 42.4 43.7 44 44 45.3 45.9 45.6 46 46.5 46.6
44.2 44 43.6 43.3 43.1 42.9 42.8 42.9 42.8 42.7 42.5 42.3 42.2 42.2 42.3 42.3 42.4 42.7 43.1 43.4 43.9 44.3 44.9 45.1 45.1 45.2 45.3 45.3 45.5 45.8 46.2 46.6 47.6 49.8 51.5 51.6 51.8 51.3 50.5 48.8 48.5 49.7 50.8 51 50.9 50.9 49.7 49.4 49.2 49 48.3 47.4 46.3 46.3 45.9 45.8 45.6 45.7 46.1 46.4 46.9 47.3 47.6 47.6 47.3 47 47.3 47.2 47.5 44.8 42.9 40.7 41.1 42.8 44 44.9 46.1 46.9 46.6 46.9 47.4 47.8
44.4 44.3 44 43.6 43.4 43.2 43.1 43.1 43.1 43 42.8 42.6 42.5 42.4 42.4 42.5 42.6 43 43.4 43.9 44.5 45.1 45.8 46 45.5 46 46.4 46.5 46.7 47.1 47.4 48.2 50.3 52.8 54.3 54 53.5 53 51.8 50.5 50.6 51.7 51.8 51.7 51.6 51.3 50.6 49.7 49.2 49 48.2 47.4 46.5 45.8 45.5 45.7 45.9 46 46.4 46.7 47.1 47.5 48 47.8 47.4 47.1 47.1 47.4 47.8 45.2 41.6 39.7 41.2 42.7 44.1 45.2 46.7 47.8 48.4 48.3 48.6 48.9
45 45.3 44.5 43.9 43.7 43.5 43.4 43.4 43.4 43.3 43.1 43 42.8 42.7 42.7 42.8 43.1 43.3 43.7 44.1 44.5 45.6 46.5 46.6 46.3 46.7 47.3 47.3 47.3 47.7 48.1 49.5 52.3 56 56 55.7 55.2 54.3 53.4 52.4 52.3 52.6 52.5 52.4 52.1 51.4 50.7 50 49.3 48.9 48.1 47.3 46.5 45.7 45.2 45.9 46.4 46.1 46.4 46.8 47.2 47.7 48.1 48.6 48.2 47.3 47.2 47.5 47.8 45.7 42.6 39.7 42.7 43.5 44.4 45.2 47.6 49 50.2 50.5 49.8 49.6
46.3 46.2 44.7 44.3 44 43.8 43.6 43.6 43.7 43.6 43.5 43.3 43.1 43 43.1 43.4 43.7 43.7 44 44.5 44.3 45.9 46.7 47 47.1 47.3 47.6 47.6 47.7 48 48.8 51.1 54.4 56.8 57 57.1 56.2 55.3 54.4 53.5 53 53.3 53.2 52.9 52.2 51.5 50.8 50.1 49.3 48.8 48 47.2 46.4 46.1 46 46.4 46.6 46.3 46.4 46.9 47.3 47.8 48.2 48.8 48.8 48.5 48.2 47.6 47.8 45.9 42.8 39.8 43 43.5 43.9 45.8 48.7 50.4 50.7 51 51.3 51.2
47.6 46.6 45.2 44.8 44.5 44.2 43.9 43.9 43.9 44 43.8 43.6 43.4 43.3 43.4 44 44.3 44.3 44.3 44.7 45.2 46.4 46.9 47.2 47.5 47.7 47.9 48 48.1 48.6 49.7 53.1 56.5 59 58.8 57.7 57.2 56.2 55.3 54.8 54.4 54.1 53.6 53 52.3 51.6 50.9 50.2 49.5 48.8 48.2 47.6 47 46.6 46.8 46.9 46.7 46.4 46.6 47 47.4 47.9 48.4 48.8 49.1 49.2 49.4 49.2 48.9 46.5 43 39.7 41.7 42.6 44.2 46.4 49.7 50.9 50.5 51.1 51.4 51.3
47.1 46.6 45.7 45.2 44.5 44.5 44.4 44.4 44.4 44.7 44.2 43.9 43.8 43.7 44.1 44.7 44.9 44.9 44.8 45 45.6 46.1 46.5 47.1 47.8 48.1 48.3 48.7 49.4 50.1 51.3 55.2 58.8 60.6 59.4 58.5 58.1 57.2 56.7 56.3 55.5 54.6 53.8 53.1 52.4 51.8 51.4 50.9 50 49.5 48.9 48.3 47.7 47.2 47.1 47.1 47 47.1 47.2 47.6 48 48.4 48.7 48.5 48.9 49.1 49.1 49.4 49 47.5 43.7 39.8 41.1 42.7 44.3 46.1 50.6 51 51.2 51.3 51.2 50.6
46.6 45.8 45.3 45.2 45.1 45 44.9 45 45.2 45.4 45 44.6 44.2 44.1 44.7 45.3 45.5 45.5 45.5 45.6 45.8 46.2 46.8 47.6 48.1 48.5 49.2 49.9 50.8 51.5 53.6 58.6 60.9 61 60 59.4 59 58.4 57.5 56.6 55.8 54.9 54.3 53.9 53.4 53 52.5 51.2 50.7 50.2 49.6 49 48.5 47.9 47.4 47.6 47.7 47.8 47.9 48.1 48.6 48.8 48.9 48.7 48.7 48.9 49 49.1 48.8 47.6 44.1 40.5 41 42.6 44.2 46.6 50.9 51 51.2 51.5 52 52.5
46.4 45.8 46 46 45.8 45.6 45.5 45.7 45.9 46.1 45.8 45.4 45 45 45.5 46 46.2 46.3 46.4 46.5 46.6 46.8 47.4 48.1 48.5 48.8 50.1 51.1 52.1 53 55.9 61 61.2 61.1 60.5 60.7 59.5 58.8 58 57.1 56.3 55.8 55.4 55 54.6 53.8 52.3 51.8 51.3 50.9 50.3 49.7 49.1 48.5 47.8 47.8 48.1 48.3 48.5 48.7 48.9 49.1 49.1 48.9 48.7 48.8 48.9 48.7 48.4 47.4 44.6 41.2 40.7 42.5 44.3 46.6 50.2 51.1 51.4 51.8 52.3 52.8
46.3 46.5 46.7 46.8 46.6 46.4 46.3 46.4 46.6 46.9 46.6 46.1 46.1 45.8 46.2 46.7 47.1 47.2 47.3 47.4 47.5 47.9 48.4 49 48.8 49.8 50.8 51.8 52.8 53.7 57.2 61.5 62.1 61.7 61.3 60.4 59.8 59.3 58.5 57.7 57.3 57 56.6 56.2 55.2 53.6 52.9 52.4 52 50.9 50.3 49.7 49 48.5 48.2 48.1 48.3 48.5 48.8 49.1 49.2 49.4 49.3 49.1 48.8 48.6 48.6 48.3 48.6 47.3 44.8 41.7 41.6 44 44.2 45.8 49.2 50.6 51.6 52.1 52.5 53
47.2 47.2 47.3 47.5 47.4 47.2 47.2 47.4 47.4 47.6 47.3 47.1 46.9 46.7 46.9 47.5 48.3 48.1 48.2 48.3 48.6 49.1 49.4 49.2 49.2 50.8 51.4 52.3 53.4 54.5 58.3 62.3 63 62.8 61.8 60.8 59.9 59.7 59.2 58.7 58.2 57.7 57.2 56.7 55 54.1 53.5 53 52.2 50.9 50.3 49.7 49.2 48.8 48.6 48.4 48.5 48.8 49 49.6 49.8 49.7 49.5 49.2 49.2 49.1 48.9 49.2 48.6 47.1 45 41.4 40.5 42.3 44.5 47.6 49.9 51.2 51.5 52.3 52.8 53.2
48.2 48.1 48 48.2 48.2 48 48.2 48.3 48.4 48.3 48.2 47.9 47.6 47.6 48 48.5 49.2 49.3 49.1 49.4 49.5 49.2 49.1 49 50.4 51.8 52.6 53.5 54.5 55.1 58.9 62.5 62.9 63.2 62.6 61.4 60.2 59.7 59.2 58.7 58.2 57.8 57.3 56.7 54.8 54.6 54.2 53.7 52.8 51.4 50.5 50 49.5 49.2 49 48.8 48.8 49 49.2 50 50.5 50.4 50.5 50.3 50.2 50 49.8 49.5 48.3 46.4 45.3 42.9 41.5 42.1 42.9 47.8 50.4 51.2 51.4 52.6 53 53.5
49.1 49.1 49 48.9 49 48.9 49.1 49.2 49.3 49.4 49.2 49 48.8 49.1 49.7 49.8 50.4 50.5 49.6 49.3 49.4 50.4 50.7 51 52.3 53.6 53.9 54.8 55.3 55.4 57.3 59.6 61.7 62.6 62.9 61.8 60.7 60 59.3 58.7 58.2 57.7 57.2 56.5 55.3 55.3 54.8 54.3 53.4 52.5 51.9 51.1 49.8 49.6 49.4 49.2 49 49.2 49.6 50.4 51.1 51.1 51.1 51.1 51.2 50.8 50.4 49.9 48.5 47 45.4 44.5 42.9 42.9 42.4 47.1 49.9 50.9 52 52.5 53.2 53.7
50.1 50.1 50.1 50 49.9 49.9 50.2 50.5 50.9 50.4 50.7 50.5 50.3 50.7 51.3 51.4 51.8 52.1 51.6 51.4 52.1 53 53.9 53.9 54.5 55.5 55.8 55.6 55.3 55.7 57 58.8 61 62.7 63.3 62.2 61.5 60.8 60.1 59.4 58.7 58 57.2 56.4 56.1 56 55.5 54.9 54.2 53.1 51.6 50.1 49.3 49.8 49.8 49.6 49.4 49.5 50.1 50.9 51.1 51.1 51.1 51.1 51.1 51 50.3 49.8 49.3 48.1 46.9 45.1 43.9 43.6 43.7 47.4 50.2 51.4 52.4 53 53.6 54.3
