data/400000-500000.asc
ncols 200
nrows 200
xllcorner 400000
yllcorner 500000
cellsize 50
[rows 105 to 139 of 200, columns 0 to 77 of 200]
345.1 358.2 378.3 384.3 388.4 391.5 394.8 398.5 404.3 409.2 414.8 420.6 429.6 436.4 444 454.8 462.6 479 493.8 499.6 503.5 507.9 511.1 512.1 513.7 515.7 516.5 518.7 518.7 518.1 516.1 515.6 515.4 514.9 514.1 513 511.4 509.9 508.5 507.6 507 506.7 507 508 508.8 509 506.7 503.1 498 495.4 493.1 491.1 489.2 486.6 483.8 480.4 476.5 472 466.5 461.6 458 452.9 448.5 444.9 440.5 437.6 433.7 429.2 424.7 419.6 416.2 412.2 409 403.9 395.7 391.6 393.3 393
345 360.6 378.2 383.7 386.5 390.6 394.1 400 405 409.3 414.6 420.2 427.6 435.4 443.8 453.6 459.8 478.9 492.2 499.1 503.7 511.7 514 514.8 515.7 517.8 518.7 518.5 518.3 516.6 514.4 512.8 512.5 511.7 510.4 508.4 506.7 505.6 504.8 504.2 503.8 504.1 504.2 506.6 508.4 508.6 505.9 502.6 497.6 496.2 494.7 493.2 491 487.7 484.6 481.5 478.6 474.3 470.4 465.6 461.1 456.4 451.9 447.5 445 441.6 437.7 433.4 429.8 425.9 421.3 417.9 414.4 409.2 398.2 400.7 401.3 400.8
342.1 360.2 375.5 381 384.3 388.6 393.9 399.3 403.4 408.8 413.4 418.1 423.4 428.3 439.5 448.8 457.6 475.5 490.2 498 503 510.8 514.7 516.8 517.8 518.7 519 518.5 517.5 515.1 512.9 510.9 509 507.6 506.4 504.3 502.1 500.8 500.1 500.1 500.1 500.6 502 504.3 506.8 506.5 504.3 501 497.9 496.2 494.3 493 491.4 488.8 486.4 483.8 480.9 477.6 474.1 469.7 464.6 459.9 455.5 451.6 448.5 444.7 440.9 437.4 433.6 428.8 425.8 422.5 417.7 412.5 400.9 406.3 407.1 406.4
335.1 355.8 371.1 376.9 381.8 387 392.2 397.2 400.8 406.1 410.1 415.4 421.1 426.6 432.9 443.7 456.6 469.5 487.4 495.7 501.2 509.1 513.5 516.1 518.2 518.9 519.3 518 516.8 514.1 510.7 508.1 505.7 503.8 502.3 500.2 498.1 496.9 496.5 496.5 496.5 497.8 499.1 501.5 503.9 504.1 502.4 500 497.2 495.6 493.7 493 491.8 490.4 488.5 486.3 483.3 480.6 477.8 473 467.2 462.1 458.2 455.3 451.4 447.7 444.1 440.8 436.2 432.1 427.7 424.2 420.4 414.1 407.5 412.4 413.2 413.1
328.8 349.4 367.4 373.6 379 384.3 389.6 393.4 398.2 402.3 406.5 411.2 416.6 421.6 429.9 441.9 450.3 459.4 482.9 493.1 499.4 507.1 514.7 516.9 518.1 518.7 519.2 517 515.3 513.6 510.3 505.1 503.5 501.4 499 497.1 495.2 494.8 493.3 491.5 491.8 493.6 495.5 498.4 500.3 501 499.7 497.6 495.1 493.7 492.5 492.6 492.5 491.5 489.9 488 486 483.5 480.4 476.6 470.5 465.6 461.9 458.2 453.9 450.8 447.4 444.3 440.3 436.3 431.5 428.2 424.3 421.6 418.9 419.3 419 418.6
325.7 343.7 362.6 370.3 376.2 381.6 385.9 389.6 393.8 398 402.3 406.6 412.1 418.1 424.4 436 444.7 459 473.4 489.6 498.5 505.8 514.5 516.7 517.7 518.8 518.9 516.3 513.6 511.7 508.2 504.5 501.2 498.9 496.8 494.1 492.8 491.4 489.9 488.5 487.7 488.9 491.1 493.6 495.6 497.4 497.4 495.1 493.7 492.3 491.3 491.9 492.2 491.8 491.1 489.2 487.6 485.7 482.7 478.7 473.9 470.1 465.7 461.3 457.3 454 452.1 449.2 445.2 441.5 436.8 433.7 430.5 428.3 426 424.5 424.2 422.9
318.2 341 355.7 365.4 372.6 378.2 382.5 386.3 390.6 394.8 399.4 404.2 409.1 415.9 423.6 431.6 443.5 456.2 469 482.8 494.6 504.5 511.2 515.4 517.3 518.6 517.4 515.5 512.5 509.4 505.3 501.8 497.7 496.6 494.3 491.6 489.6 488 486.7 485.7 484.4 483.4 485.8 488.5 490.9 492.8 493.2 491.8 490.2 489.3 489.1 490.5 491.3 491.9 491.6 490.5 489 486.8 483.9 480.4 476.1 473.1 469.4 465.3 460.7 458.3 455.9 453.4 450 445.7 441.2 437.8 435.5 433.3 429.8 429 428.6 427.1
316.7 335.5 348.6 360 366.2 373.4 378.4 382.8 387.4 393.1 398.3 403.5 408.4 414.9 422.1 430.8 443.2 459.8 471.5 482.3 496.8 508.6 513.7 516.9 518.8 517.9 516.4 513.4 510.2 506.3 502.5 498.6 495.5 494 492.6 489.5 486.9 484.7 482.2 480.9 480 479.5 480.4 482.4 484.8 487.2 488.8 487.9 487.2 485.7 486.1 487.7 489.5 490.3 490.1 489.9 488.9 487 484.6 481.7 478.5 474.9 471.4 467.9 463.7 460.4 457.8 455.3 452 448.3 444.7 441.3 438.7 437.2 434.8 433.3 432.3 432.6
312.2 330 345.6 354.7 361 367.7 373.9 380.2 386.1 391.8 397 402.2 407.4 414.6 422.2 430.9 443.5 460.6 470.8 482.7 500.3 511.7 516.3 516.4 516.9 515.2 513.3 510 506.7 502.9 499.4 496.1 493 491.3 490.2 488.1 483.9 480.6 478.7 477.2 475.4 476.3 476.8 477.7 479.5 481.4 483.4 484.3 483.7 480.3 481.8 484.5 486.3 487.8 487.6 487.9 487.7 486.6 484.5 482 479.1 475.5 471.8 469.2 466.3 462.7 459.8 456.5 453.5 449.9 446.8 445 442.9 441.1 439.3 437.4 436.8 437.6
310.7 322.8 341.3 349.7 356.3 363.7 370.1 377.9 384.1 390.3 395.6 400.7 406.8 413.9 420.3 430.4 443.9 461.2 471.7 485.1 506.7 513.2 514.5 513.8 512.8 511.5 509.3 505.8 502.4 499.6 496.1 493.3 490.5 488.1 488 486.1 481.3 476.4 474.1 472.2 472 471.8 472.6 473 474 475.7 476.9 478.1 478.6 475.3 477.4 480.4 482.7 484.1 485.1 485.4 485.7 484.8 483.1 480.4 477.5 474.8 471.6 468.7 465.8 463 461.1 457.4 454.4 451.6 450.4 449.2 447.7 446.1 444.3 442.5 441.7 442.6
303 321.8 337.2 345.7 352.8 360 366.9 375.6 381.8 388.2 393.7 399.1 405.4 412 418.5 429.4 446.4 462.3 472.6 489.2 509.9 510.7 510.6 509.8 508.5 507.2 505 501.8 497.5 494.7 492.2 489 485.9 483.3 482.7 481.1 477.9 471.3 468.9 464.7 465.5 465.5 467.1 467.8 468.3 470.3 471.1 471.1 472.3 467.7 472.2 476.2 478.6 480.1 481.5 482.5 482.4 481.6 480.3 478.5 475.8 472.9 470.1 467.5 465.3 463.3 461.5 459.1 456.7 455.4 453.7 452.3 450.1 448.5 447.3 446.1 445.2 444.3
300.9 319.8 334.8 342.7 349.9 357.2 364 372.8 379.7 386.1 391.6 397.3 403.1 409.3 417.8 427.6 450 462.8 468.8 496.2 506.2 506.4 506.5 505.6 503.7 502 499.9 497 493.1 490.3 487.3 484.5 481.4 478.1 476.5 475.5 473.1 467.7 462.8 458.4 459.4 459.2 459.9 462.2 462.7 464.6 465.7 466.1 465.7 461 466.5 470.3 473.5 475.7 477.6 478.7 478.7 477.6 476.3 474.4 472.7 469.9 468.2 465.8 464.7 463.7 461.9 460.3 458.4 456.5 455.2 454.1 452.3 450.7 449.5 448.3 446.8 445.1
298.6 315 330.3 340.2 347.9 355.4 362.4 370.1 377.4 384.1 389.8 395.4 401.2 408 418.8 427.4 449.5 457.6 466.4 496.8 501.4 502.3 502 500.1 497.9 496.3 494.3 491.5 488.3 485 481.5 479.4 475.8 472.3 469.9 468.6 466 460.5 458.4 454.3 450.7 449.6 450.3 454 457.5 458 459.7 460 458.8 453.8 459.6 462.8 467.8 470.3 472.4 474.5 473.4 472.2 471.3 470 468.3 467.5 466.3 464.4 464 463 461.9 460.3 459 457.3 456.2 455.1 453.7 452 450.6 449.3 447.8 445.7
292.2 308.8 324.8 339.4 346 352.4 359.1 366.9 375.1 381.9 390.1 395.6 401.7 409.7 419.7 430.9 445.6 451.3 465.6 485 492.4 493.1 496.4 494.8 490.7 490.5 486.8 484.6 481.3 477.6 472.7 467.7 466.2 464.1 461.2 459.2 455.7 453.4 451.3 449.1 438.5 440.1 441.2 443.9 448.5 451.9 453.2 453.5 452.8 449.4 450.8 455.7 460.8 465.4 468.2 469.2 467.8 466.8 465.8 463.5 464.1 464.7 464.3 463.6 463.2 462.3 461.2 460.1 458.9 457.7 456.6 455.5 453.9 452 450.3 448.6 447.1 445.4
288.3 304.7 319.5 335.8 342.7 349.7 356 363.5 372.4 382.9 389.4 394.7 401.3 412.6 418.1 427.8 446 452.6 465.5 492.8 493.1 494.1 494.1 492 488.9 485.8 482 478.9 476 472.2 464.9 457.4 458.2 457.4 454.7 451.9 448.3 447 444.6 441.7 438.5 431.1 434.6 434.5 438.5 442.4 445.1 446.4 446.7 446.9 445 449.3 454.4 459.3 461.8 460.3 459.4 458.4 458.3 459 460.5 461.6 461.2 461.8 461.7 460.7 459.6 458.5 457.5 456.6 455.8 454.1 451.8 450 448.8 447.5 446.7 444.5
288.7 302.6 318.4 332.1 340.2 346.7 353.2 360.6 372.8 383.1 386.8 393.2 402.8 412.6 416.7 430.2 443.9 453.9 461.7 487.2 490.2 492 492.8 491.6 488.9 485.3 480.6 476.6 472.8 468.4 461.9 456.4 450.7 449.8 449 446.8 443.2 442.4 441.1 437.3 434.4 424.5 425.8 427 428.5 431.8 433.1 433.8 436.3 438.4 436.8 442.8 447.1 450.9 452 451 450.6 451.6 453.9 455.8 457.3 458.4 458.6 459.3 459.4 458.9 457.9 457.1 456.1 455.3 454 451.5 449.8 448 446.3 445.2 443.4 438.5
284.1 301.1 315.7 331.3 337.9 344 351.8 361.6 370.4 378.6 386.5 392.1 399.4 407.1 414.9 426.6 442.5 451.8 462.5 487 489.5 492.1 492.2 491.4 488.5 484.4 479.9 475.4 471.7 468.1 462.9 457 452 448.2 442.3 440.6 439.2 437.1 435.3 432.1 430.4 426.8 418.7 421.6 423.7 425.3 427 428 428.6 428.6 429.4 433.8 437.3 439.5 442.3 444.4 446.2 448.3 450.4 452.3 454.1 455.4 456.1 456.9 457 456.5 455.6 455 454.5 452.9 450.8 449.9 447.7 445.9 444.2 442.4 439.8 435.6
284.5 299.1 311.2 327.4 334.8 340.8 352.5 360.6 368.2 379.7 385.1 392.7 397.9 405.1 415.8 425.1 438.3 451.3 471.1 487.4 489.2 491 491.2 489.7 487.2 483.8 479.2 474.6 470.1 466.4 461.4 456.2 451.9 448 444.3 440.4 436.1 431.8 429.6 427.6 426.5 422.9 416.9 415.1 418.9 421.5 423 424.2 424.5 423.6 425.9 429.5 433.3 436 438.8 441.7 444.2 446.3 448.5 450.1 451.7 454 454.5 454.6 454.9 454.3 453.4 452.4 451.6 450 449 448 446.8 443.8 442.1 440.6 438.1 433.9
280.9 295.9 306.4 317.4 328.1 336.9 345.3 356.5 365.4 374 385.6 390.1 397.1 406 416.3 433.2 443.7 451 481.9 486.1 488.5 489.8 490.1 488.3 485.8 482.6 478.8 474.6 469.4 465.3 460.3 454.9 450.2 446.8 443.3 439.6 435.7 431.5 425.9 422.9 422.1 418.9 414.7 408.6 415.6 418.4 418.7 418.2 419.5 421.3 424.8 428.3 433 435.8 439 441.8 444.5 446.5 448.6 449.9 451.4 452.8 454.2 453.8 453.5 452.4 451.5 450.7 449.5 448.4 447.3 446.2 445.2 443.1 440.6 438.8 436.7 434.1
279 291.8 299.4 307.7 318.1 330.3 339.8 351.9 360.9 368.4 379.1 388.8 391.9 406.8 419.7 439 450.2 462.2 480.9 483.9 486.9 488.2 488.9 487.3 484.4 481.3 477.6 473.5 468.7 463.5 458.4 453 449 445.5 442.1 438.6 434.9 430.7 425.6 419.2 414.6 413.8 411.2 400.7 409 415.5 416.9 412.5 419.1 422.5 426.9 430.8 434.3 436.8 439.6 442.2 444.5 446.5 448.8 450.8 452.5 453.7 453.8 453.5 453.2 451.8 450.4 449.4 448.4 447.4 446.2 445.2 444.2 443.1 441.5 438.9 436.3 433
277.1 286.6 292.9 300.9 309.4 320.2 332.9 341.9 351.6 360.7 372.7 383 392.2 406.2 418.9 436.7 449.7 469.1 472.1 479.1 483.9 487.2 487.5 485.4 482.5 479.4 475.8 471.9 467.2 460.9 455.2 451.2 447.6 444.3 440.9 437.2 432.7 429 424.7 418.5 409.5 406.8 405.9 395 403.8 409.6 406.5 413.3 419 422.5 426.2 429.2 434.4 438 440.4 442.5 444.5 446.3 448.6 451.1 453.4 454.4 454.2 453.4 452.8 451.5 450 448.6 447.9 447.1 446.1 445.2 444 443 441.8 439.7 436.7 433.6
274.1 280 287.2 293.7 302.3 312 329.8 339.2 348.8 357.6 369.8 380.9 389.4 401.2 416.7 433.7 446.6 456.1 469 476.2 480.3 484.4 485.6 483.4 480.5 477 473.1 469.2 465.3 458.9 453.2 449.3 446.1 442.8 439.5 434.8 430.3 426.7 422.2 417.1 410.1 398 397.4 394.5 400 402.1 407 412.1 418.5 422.5 425.5 428 432.2 437.2 440.5 442.8 444.6 446.2 448.5 450.9 453.2 452.7 451.5 450.8 450.5 450.8 449.5 448.4 447.7 446.8 445.6 444.4 443.2 442.3 441.6 440.2 437.2 434.2
272.2 272.9 281.3 288.1 294.8 305.4 324.4 336.8 346.4 358.5 368.9 380.6 388.9 400.8 416.7 428.6 437.9 457.1 466 471.6 474.6 478.6 480.8 480 477.5 474.3 470.4 466.4 462.4 457.1 452 447.4 443.8 440 436.4 432.5 428.9 424.6 419.9 415.5 409.5 400.9 390.3 390.6 396.1 398.7 405.1 410.2 415 419.5 423.5 426.8 431.9 436.2 439 441.8 444.2 446.6 447.9 449.7 450.4 449 449.1 448.8 449 448.9 448.7 447.9 446.8 445.8 444.7 443.6 442.4 441.6 440.9 439.8 437.8 435.2
270.8 270.3 271.3 276.9 289.6 298.8 314.7 332.3 345.3 356.8 369.6 382.8 392.1 400.7 412.3 427.4 450.5 460.6 464.6 467.8 470 471.6 473.7 473.6 471.2 469.3 466 462 458.5 455.9 451 446.3 442.1 437.5 433.8 430.5 426.8 422.7 418.2 413.8 408.4 402.2 390.9 385.1 387.5 397.1 404.2 408 412.9 418.1 422 425.6 431.8 434.2 438.1 440.7 443.2 446.9 447.5 447.1 447.3 446.6 447.1 447.1 447.4 447.4 446.5 445.6 444.7 444.2 443.3 442.2 441.4 441 440.2 438.8 437.2 435.6
268.1 268.1 267.3 270.2 278.5 292.3 305.4 324.4 342.8 354.2 366.5 381 392.9 404.4 418.3 440.2 454 461.7 463.8 464.1 465.6 466.2 466.8 466.7 465.2 463.7 460.7 457.4 454.9 452.3 449.1 445.1 440.5 435.9 432.4 428.4 424.4 420.3 416.2 411.7 406.9 399.3 385.3 377.5 389.5 397.8 403.6 407.2 411 416.1 421.4 425.4 429 431.7 435.2 439 441.7 444 445.2 445 444.4 444.9 445.2 445.3 445.2 444.8 444.1 443.2 442.6 442.4 441.7 440.7 440.3 440.6 439.9 438.4 436.6 435.2
271.5 268.6 268.4 266.2 271.7 286.2 297.3 317.1 338.7 355 366.4 381 393 410.6 419.3 442.9 457.1 462.5 463.5 461.7 461.1 461.5 460.9 460.3 458.6 457.6 455.4 453.9 452.1 449.3 446 442.8 438.6 434.4 430.6 425 421 417.1 413.4 408.7 403.6 397.8 382.4 375.2 389 396.9 401.4 404.3 409.2 414.1 419.1 423.5 427.3 429.7 432.3 435.9 438.3 439.8 440.3 441 440.9 441.4 442.4 442.4 442.1 441.1 441.7 441.2 440.6 440.6 440.1 439.7 439.3 439.3 439.5 438.6 437.2 435.1
271.6 271.1 267.5 267.1 266.2 276.7 292.1 312.5 335.6 354.2 367.1 380.4 393.6 408.5 425.7 449.3 456.4 459.9 461 458.9 457.2 456.4 454.6 454.2 453.4 452.2 450.7 449.4 447.9 445.1 441.9 438.1 433.6 429.9 426.3 421.5 417 413.1 408.7 404.5 399.6 394.6 373.5 369.3 386.1 394.1 398.4 402.4 407.3 412.4 417.7 421.9 425.7 427.8 430.8 433.4 436.4 436.7 437.1 436.8 436.5 437.3 437.7 438.3 438.8 438.1 438.1 438.6 438.7 438.5 438.2 437.9 437.7 437.4 437.5 437.3 436.2 435.1
271.8 271 269.3 266.2 265.4 275.1 284.4 306.5 328.6 351.9 366.3 380.9 396.5 413.2 430.1 446.6 451.8 456.5 458.6 456.4 453.6 452.4 451.1 450.2 449 446.4 445.6 444.4 443 440.3 437.3 432.2 428.9 425.2 421.2 417 412.5 408.6 403.6 399.6 394.9 390.3 374.7 360.2 381.3 390.4 395.8 401.4 406.7 411.9 417.2 421.4 424.2 426.5 430.5 433.4 435 436.1 436.5 436.5 435.5 434.7 433.6 434 433.6 435.4 435.5 435 434.9 435.4 435.2 434.9 434.6 434.1 434.4 434.6 434.2 433.1
274.2 271.3 269.1 265.6 265.4 273.8 284.3 301.7 323.8 346.9 363.9 377.8 400 415.3 433.7 442 447.4 452.2 453.5 454 451.3 449.8 448.6 446.2 442.8 437.7 441.5 436.6 437 434.8 431.5 426.8 422.3 418.7 415.3 411.1 406.1 402 397.3 392.7 388.2 384.7 373 356.8 375.9 387.8 394.8 400.7 406.2 411.5 416.8 420.6 423.9 427 430.6 434.8 436.9 437.4 441.7 440.7 439.3 436.7 433.7 431.4 430.1 429.5 430.7 430.2 430.1 430.3 430.4 431.5 431.3 430.8 430.2 430.7 430.7 429.7
276.6 269.6 269.3 264.5 264.4 275.2 283.9 295.5 322.6 345.1 360.8 374.6 393 414.1 428.5 438.4 444.1 447.4 449.1 449 447.8 446 443.1 439.6 430.5 421.7 424.6 433.4 429.6 425.6 424.6 420.5 416.1 412.1 408 404.2 398 393 389 385.7 381.5 378.9 372.3 352.3 377.2 386.7 393.7 399.5 403.9 409.1 414.1 418.2 422.4 425.8 430.4 434 435.7 439.9 443.1 442 438.8 437.2 435 433.2 430.4 428.7 427.1 427.1 427.5 426.4 427.3 427.6 427.7 427.2 425.8 424.4 423.2 423.6
280.9 269.2 268.6 268 259.3 271.9 278.2 292 317.7 339.5 359.3 376.4 390.5 407.2 420.7 433.8 440.2 442.7 443.7 443.6 443.2 442.4 440.5 438 434.2 430.8 416.1 413.2 420.3 417.7 415 410.9 406.8 399.3 391.4 386.9 384.4 383.5 380.8 377.8 374.6 370.7 352.2 356.2 379.1 384.6 391.4 397.8 402.7 408.2 412.9 417.7 420.9 426.8 430.9 434.5 438.4 443.8 445.3 443.8 441.1 438.5 436.1 434.1 432 429.3 427.2 424.8 424.9 423.6 422.9 422.4 424.7 425.2 424 422.9 416.4 409.7
284.5 269.5 268.3 267.1 263.6 264.7 278.2 286.3 309.3 333.3 360.3 378 389.9 404.3 416.6 432 438.2 439.3 440.5 440.7 440.4 439.5 437.2 434.9 431.1 426.8 422.4 414.3 402.2 408.6 406.8 403.4 399.2 394.3 389.1 384.8 379.5 375.1 366.1 367.4 358.8 347.2 340.9 358.1 373.8 384.4 392.2 397.4 403 409 413.1 416.9 422.2 427.8 432.8 437.7 444.2 446.1 445.3 443.6 441.9 439.1 436.8 433.9 431.9 429.5 427 425.7 422.1 421.3 421.9 420.6 418.6 419.7 421.2 419.4 415 411.4
287.2 278.3 270.2 267.4 265.6 257.6 274.5 280.7 300.4 325.8 349.3 377.7 389.1 400.7 415 430 435.2 436.3 436.7 436.8 436.9 436 433.5 431.8 427.7 423.4 417.4 413.6 408.5 390.4 393.6 391.6 390.9 386.8 381.7 373.4 369.1 366.2 357.6 348.3 344.3 333.2 347.9 362.5 374.9 384.7 392.5 397.8 404.3 409.4 414 418 422.7 427.5 433.8 442.5 446 446.3 445.7 443.7 441.8 439.4 436.5 433.8 431.7 429.2 426.9 425.4 422.1 420 420 420.6 418.8 416.5 411.7 400 398.8 402.4
287.6 280.8 272.5 267.1 265.4 262.1 266.4 275.2 291.5 317.2 339.4 372.1 389.2 401.7 415.7 429.1 433.8 433.3 432.7 432.6 432.3 431.9 430.5 427.9 423.3 418.8 413.6 407.7 402.7 398.3 385.4 382.3 380.4 380.1 373.8 370.1 363.5 359.1 352 344 329.9 327.4 350.5 361.7 370.4 385.8 393.5 399.8 405.1 410.3 415.3 419.1 423.6 429.2 434.5 444.5 445.6 446.5 445.2 443.7 441.4 438.8 436.6 433.8 431.5 429.1 426.7 424.6 423.2 421.3 418.2 417.8 417.8 407.2 399.2 392.2 390.9 387.2
289 281.5 274.4 266.8 265.1 262.5 260.9 272.5 286.5 301.3 329.4 360.9 389.4 403.2 418.5 427.1 431.8 431.1 430.3 428.9 428.5 428.1 427.1 424 418.6 413.8 409.2 401.9 394.9 390.6 386.8 375.9 368.3 370.7 367.2 362.6 350.9 347.1 334.1 322 314 337 357.9 370.4 377.7 386.5 394.4 400.5 405.8 411 415.3 420.2 424.6 430.4 436 444.8 446.1 445.8 444.5 443.3 440.7 438.4 436.2 433.9 431.3 428.6 426.7 425 423.4 421.8 419.6 415.7 393.7 393.5 384.3 385.8 383.9 380.2
