data/400000-400000.asc
ncols 200
nrows 200
xllcorner 400000
yllcorner 400000
cellsize 50
[rows 105 to 139 of 200, columns 0 to 77 of 200]
214.4 214.6 214.3 217.5 222.1 224.8 225.1 234.3 243.7 249.9 256.9 266.8 283.8 289.9 286.5 283.1 285 289.4 292.7 298.9 302.6 316.3 327.4 336.9 347 358.3 373.2 397 411.3 419.6 423.5 420.4 395.1 366.7 352.5 322.2 304.4 283.1 264 244.3 235.1 235.1 235.1 235.1 238.5 250 258 278.8 292.7 299.7 305.3 316.4 333.6 354.3 387 411.8 440.8 450.9 450.4 452.5 456.3 461.5 471.4 479.4 483 482.5 481.8 481 479.6 477.9 475.3 470.1 467.5 463.9 459.9 453 430.4 405.8
206.4 207.1 207.5 212 217.8 221.3 229.8 238 243.7 248.1 252.8 259.9 269.3 271.5 268.9 267.6 267 271.2 275.6 280.6 303.4 315.6 326.4 336.9 347.7 358.4 374.3 390.4 410.2 422.1 426.4 423.3 397.9 367.3 345.4 317.9 296.9 276 261.6 242.2 235.1 235.1 235.1 235.1 238 245.5 258.3 271.4 283.3 288 301.5 312.4 335.6 354.3 383 408.9 436.1 446.6 447.4 454.3 463.8 472.6 480.9 485.1 486.1 487 489 488.2 487.3 486.1 484.2 480 475.1 471 465.6 460.2 451.1 436.9
199.6 198.6 203.5 209.5 215.4 222 230.2 237.6 242.7 246.7 248.2 253.4 256.8 259 256.8 251.9 253.3 263.5 276.1 291.5 308.2 319.4 327.8 336.7 348 364 378.5 393.9 414.2 428 433.1 424.4 389.7 363.6 336.7 312.7 292.7 269.8 256.8 238.8 235.1 235.1 235.1 235.1 235.4 244.8 264.1 274.6 282.2 288.8 298.8 308.7 328.5 351.8 383.1 413 422.2 441 444.7 451.5 468.9 478.4 483.1 486.2 487.7 489.4 492.5 492.7 490.5 488.2 486.2 484.1 480.1 476 471.9 467.3 460.1 448.5
191.7 195.3 201.1 209.7 215.5 223.3 230.6 236.4 240.6 242.1 243.6 246.8 249 245.2 241.1 245.7 254.4 266.8 278.9 289.7 308.7 320.7 328.9 336.2 348 365.4 383.6 405.6 412.7 417.9 424.3 414.1 381.9 353.1 328.7 305.8 281.5 258.6 249.8 239.4 234.9 234.7 234.6 234.6 235.1 246 268.5 275.2 283.9 290.7 299 311.7 328.8 350.4 380.5 402.6 411.1 423.2 431.5 446.4 462.5 476.5 481.6 485.5 488.9 491.6 495.8 496.7 493.5 489.7 488.1 486 483.3 479.3 475.3 471.9 466.8 460.3
188.4 194.6 201.8 209.7 216.4 224.1 229 233.4 236.7 239.9 242.4 242.8 236.6 230.8 238.6 247.4 256.9 267.5 277.7 290.4 308.5 320.7 329.5 343.2 362.8 370.8 383.3 408.7 393.9 392.3 388.7 386.7 359.2 333.4 311.4 295.7 274.8 258.4 253.2 245.8 235.6 230.3 216.9 218.3 230.9 244.1 260.4 273.9 283.9 291 300.3 313.7 329.9 349.3 377.6 392.6 398.3 406.6 425.9 441 456.6 473.3 480 484.8 488.4 492.3 496.1 495.8 493 490.2 490.3 489.2 486.3 482 478.6 474.7 470.9 467.1
189.8 197.2 203.8 209.6 215.9 222.2 225.5 227.8 229.9 233.1 236.7 231.7 222.5 229.6 240.9 250.1 259.1 267.2 275.7 289.6 305.9 318.8 329.2 348.6 365.5 371.2 375.5 384.7 380.2 374 370 360.2 337 318.6 299 290.8 280.3 266.2 254.4 244.9 234.3 226.2 216.9 218.6 230.1 241.8 255.8 270.5 281.6 290.5 301.2 315.6 330.5 347 370.5 384.5 390.6 397.9 420.3 436.6 451.5 470.5 476.9 480.1 486.3 492.3 494.7 494.3 492.1 490.6 490.7 490.8 490.3 485.2 482.1 479.2 476 472.8
192.3 198.3 204.1 208.6 213.7 217.5 220 222.3 223.5 225.4 229.4 221.2 218.6 229.4 240.4 250.6 258.1 266.5 275.2 286.4 300.9 314.2 325.7 346.9 363.3 370.4 372.3 371.3 368.1 356.6 345.3 338 328.4 310.9 292 286.8 282.2 273.7 252.6 237.6 229.3 216.9 216.9 220.1 230.4 241.1 253.8 267.9 279.1 289.4 301.1 317 329 346.6 362.4 373.3 384 392.1 413.7 430.4 443.6 464.4 472.3 478 484.3 490.4 492 492.7 491.2 491.1 491.2 490.9 490.8 489.2 486.6 483.8 480.5 477.1
193.1 197.4 201.7 205.2 208.9 212 214.4 216.8 215.6 217.1 217.8 214.5 214.6 227.3 238.8 248.4 257.1 264.8 273.6 284.5 295.3 308.3 320.6 343.7 352.1 359.1 360 355.7 348 335.2 327 321 313.4 303.9 287.3 282.9 278.4 263.7 244.3 225.1 217.8 216.9 216.9 220.5 229.8 240.2 251.2 265 277.5 288.3 302.8 315.8 326.3 334.7 344.5 361.5 374.3 385.1 404 422 436.1 454.7 466.2 475.4 482.2 487.4 489.9 490.5 491.1 490.8 490.6 490.4 490.5 489.5 487 483.6 482.2 480
190.3 194.2 197.7 201 203.8 207 209.5 211 208.9 208.4 207.9 203.7 215.9 227.2 236.5 245.7 254.9 263.4 272.7 283.5 294.2 304.8 320.4 332.6 334 335.2 336.1 334.8 326.1 319.6 313.3 307.9 301.7 295.9 281.6 268.9 262.1 246.6 230.3 218.5 216.9 216.9 218.3 222.3 228.8 236.2 250 261.2 277.9 287.8 303.7 308.8 306.4 312 327 342.1 354.8 371.5 386.9 410.1 429 447 460.4 471.6 480.6 483.9 487.2 489.2 490 490.2 490 490.1 490.2 489.9 487 484.1 481.4 480.3
182.9 188.7 192.3 195.1 198.3 202.7 205.1 206 204.4 201.5 200 207.3 217.9 226 233.9 243.1 252.3 262.1 271.7 281.7 291.9 303.4 311.4 315.8 319.4 320.9 320 316.4 311.8 307.9 301.7 296.8 291.1 282.1 271.4 260.9 246.3 232.6 220.2 216.9 216.9 216.9 219.6 225.6 232.2 237.3 246.3 260.3 273.3 282 289.6 289.6 294.2 298.2 308.4 317.1 330.8 354.8 373.7 393.4 420.2 440.4 454.4 469.7 478.7 482.8 484.9 486.7 488.6 489.6 489.6 489.8 489.9 490 488.2 485.4 482.2 479.7
177.6 183.1 188.1 189.6 192.9 197.4 199.6 199.1 195.1 196 199.6 207.3 216.2 223.6 231.3 240.5 247.5 259.2 270.7 281.9 291.2 296.5 301.8 306 307.3 306.8 305.3 301.7 298.1 294.6 290.3 283.8 276.6 270.6 253.6 242.5 229.1 219.8 216.9 216.9 216.9 216.9 221.7 230.5 238.4 243.3 246.5 252.4 260.2 263.7 276.9 284.7 298.9 310.9 322.6 334.7 343 341.1 363.6 383.3 411 435.4 451.4 470.1 478.6 480.2 481.6 483.5 485.4 488 488.3 488.3 489.1 490.1 490 486.7 483.5 480.4
173 178 181.8 183.4 186.8 192.9 195.8 194.2 189.9 193.2 198 205.9 213.7 221.3 228.6 236.2 242.1 255 268 280.5 287.2 290.5 292.2 294.5 295.5 294.1 292.9 290.5 287.9 282.6 275.9 269.2 262.1 250.6 239.8 225 216.9 216.9 216.9 216.9 216.9 218.8 227.1 236.9 245.2 251.7 257.8 262.3 270.4 280.6 291.1 299.4 313 329.6 343.6 359.3 371.4 368.1 357.9 380.1 406.7 429 446.5 469 476.6 478.4 479.6 480.6 483.1 485.9 487.4 488.6 489.9 490.7 491.1 489.7 486 483.4
167 170.7 173.9 176.7 181.9 187.1 190 188.2 184 189.5 196 202.7 210.5 218.2 225.5 231.3 236.9 245 256.8 267.5 276.1 280.2 281.2 282.6 282.8 282.9 281.5 279.8 276.1 270.2 263.6 256 247.4 235.4 222.6 216.9 216.9 216.9 216.9 216.9 216.9 224.4 235 243.9 254.2 265.9 276 285.6 293.7 300.1 303.4 318.8 332.9 348.5 365.3 384.3 397.7 403 376.6 375.1 401.2 419.8 448.8 468.1 472.2 476.6 479.9 480.9 483.4 487.2 489.1 489.8 490.4 490.9 491.3 490.6 489.3 484.9
163.5 165.6 167.9 172.5 176.8 179.1 180.4 178.9 180.5 187.1 193.7 200.4 207.3 214.4 220.8 226.2 230.4 235.6 243.1 248.9 254.7 260.7 264 266.6 267.9 268.3 267.7 266.4 262.6 256.9 248.7 241 232.9 221 216.9 216.9 216.9 216.9 216.9 216.9 218.9 229.8 241.4 252.2 265.3 281.5 289.7 298.7 307.9 314 322.7 341.9 355.9 368.9 388.1 411.8 428.7 441.2 431.8 398.1 394.7 426.9 453.2 466.7 470.6 476.2 479.6 480.9 484.1 488 488.9 490 490.5 491 491.6 490.8 490.6 487.7
161 163.9 163.5 169.1 171.6 170.9 173.1 175.5 180.5 184.6 191.3 197.2 201.4 206.6 214 218.9 222.8 227.7 231.4 236.7 242.2 242.9 244.9 249.3 251.1 251.7 253 251.9 248.3 241.6 233.9 225.7 217.9 216.9 216.9 216.9 216.9 216.9 216.9 216.9 224.3 235.6 250.2 265.5 278.2 289.7 299.9 312.8 321.3 325.1 339.4 369.8 381.3 393 413.7 441.2 466 469.4 468.6 451.1 418.7 429.2 456.7 467.4 471.7 476.7 480.2 481 484.2 487.8 487.3 487.5 489.6 491.2 491.9 492.5 491.8 488.9
160.4 160.8 161.1 162.6 163.6 165.3 167.6 170.1 178.6 182.1 186.7 191.3 195.6 198 204.9 210.4 215 218.6 222 225.5 228.5 229.7 230.5 232.2 234.1 234.7 236.8 235.4 232.9 225.8 218.6 216.9 216.9 216.9 216.9 216.9 216.9 216.9 216.9 220 229.7 243.8 259.4 273.2 289.8 298.9 315.2 325.4 328.7 332.3 368.7 405.6 421 433.3 450.5 465.8 468.9 469.4 468.1 464 439.5 434.6 458.4 467.5 472.8 477.5 480.1 482.3 484.5 488.2 489.6 489 490.2 493.4 495.2 495.8 493.8 493.4
162.8 160.2 162.6 162.7 164 165.7 166 167.8 172.7 176.5 180.7 184.1 184.4 186 190.7 194.1 197.9 200.4 203.9 206.5 207.5 208.9 209 212.7 214.7 216.3 219.8 220.9 216.9 216.9 216.9 216.9 216.9 216.9 216.9 216.9 216.9 216.9 216.9 225.1 234.7 248.9 264.9 283.1 294.1 308.5 323.4 327.6 340.5 350.9 398 431 451.5 463.9 466.5 469.2 471.3 471.5 470.9 468.2 454.3 441.7 448.9 465.9 472.4 477.1 479 482.2 486 489.3 491.1 493 494.9 496.8 498.5 499.1 498.5 498
174.1 166.3 163.7 165.4 165.2 166.7 167.1 167.4 167.5 168.2 170.6 174.6 174.3 175.2 178.5 179.6 179.9 181 181.7 183.1 185.8 188.8 191.9 193.2 194.9 199.2 204.5 215.6 216.9 216.9 216.9 216.9 216.9 216.9 216.9 216.9 216.9 216.9 220.4 229 239.9 254 270.2 288.7 305.1 315.2 329.3 347.6 352.8 379.8 418.4 445.6 456 462.4 468.2 471 472.3 472.5 472 470.3 459.7 463 460 457.7 470.5 473.4 478.9 482.3 487.3 489.9 491.5 493.8 495.7 497.7 500.9 500 499.4 500.1
181.7 179.5 174.9 170.8 168.4 168.8 169.1 168.9 167.8 167.7 168.6 168.4 169.6 171.2 170.5 172.8 173.5 174.6 176.7 177.2 178.4 178.6 179.2 180.3 181.3 181.3 191.9 210 216.9 216.9 216.9 216.9 216.9 216.9 216.9 216.9 216.9 216.9 225.1 234.7 246.1 259.4 275.8 292.5 308.3 318.3 334.7 350.6 360.2 414.1 442.5 451.1 460.8 464.5 469.8 471.9 473.1 473.4 472.6 472 468.2 470 468.6 469.9 468.1 472.4 480.1 485.5 490.8 490.5 492.3 494.6 496.5 498.7 500.2 501.8 500.7 500.5
189.5 187.8 187 183.9 180.1 171.3 171.2 170.3 170.3 170.3 168.9 169.2 169 168.9 170.6 172.9 173.5 173.9 176.2 177 177.9 178.3 181.1 183.6 184.7 182.3 185.6 205.2 216.9 216.9 216.9 216.9 216.9 216.9 216.9 216.9 216.9 223.5 231.4 241.4 253 264.7 279.6 291 304.1 318.5 354.7 372.1 397.6 436.5 444.8 457.1 462.7 466.9 470.3 472 474 474.3 474 473.8 473.1 472.3 473.1 475.9 474.9 474 477.4 483.2 490.3 491.3 492.5 494.1 496.2 498.4 499.9 501.6 503.3 501.8
199.9 197.3 197 196.6 192.9 187.9 181.2 173.9 172.9 171.9 170.3 171.3 171.7 172 173.1 174.2 175.3 176.2 176.8 177.4 180.5 182.2 182.2 182.2 185.3 186.8 185.1 201.5 217.3 216.9 216.9 216.9 216.9 216.9 216.9 216.9 216.9 233.3 239.7 248.5 258.4 270.1 281.9 293.2 307.6 335.2 367.9 385.7 413.4 433.4 449.4 461.3 465.5 469.4 471.2 473.2 475.1 475.8 475.6 475.5 474.1 477.1 479 479 481 481.5 479.6 480 486.3 488.6 490.5 492.2 495 498.1 499.7 501.2 502.7 503.2
209.6 207.6 207.7 208.2 206.4 202.8 197.2 190 183.4 178.9 176.4 174.6 173.4 173.5 175.2 174.5 175.7 178.5 178.1 177.8 182.2 182.2 185 186.2 188.2 190.6 190.1 200.7 217.1 216.9 216.9 216.9 216.9 216.9 216.9 216.9 235 240.8 247 256.9 265.4 274.3 282.5 296.4 317.7 348 367.7 384.7 410.7 432.1 453.1 461.5 467.6 470.3 473.3 475.3 477.3 478 477.1 477.5 478.5 480.6 483 483.4 485.3 486.8 486.7 486.9 489.3 488.8 491.4 493.8 496.9 498.7 499.8 500.8 501.9 503.3
218.6 217.7 217.3 218.4 218.7 216.6 211.5 205.2 198.8 193 189.8 188.4 185.6 183.8 182.6 184.1 184.2 183 182.1 183.1 184.5 186.1 190 190.1 190.6 192.4 193.1 201.3 216.9 216.9 216.9 216.9 216.9 216.9 216.9 235.7 242.5 248 255.4 263.5 270.7 280.2 289.3 306.5 327.3 354.1 367.1 382.3 403.6 425.7 450.7 462.4 468 471 475.1 477.4 479.7 480.4 478.6 479.4 480.3 483.3 486.1 488 490.2 490 488.6 490.9 490.9 491.3 493.8 496.2 498.4 499.6 501 502.4 503.7 505.1
229.2 229.3 229 230.8 231.4 229.7 225.7 220.2 214.3 209.3 206.4 203.6 200.3 196.4 195.7 193.9 192.9 193 194.4 192.2 191.1 192.3 194.1 196 195.6 195.5 195.9 204.5 216.9 216.9 216.9 216.9 216.9 216.9 232 239.7 246.8 254 261.6 268.8 276.6 286 295.2 310.4 332.4 355.7 365.4 376.4 395.1 417.5 445.6 461.1 465.9 471.2 475.8 478.7 480.9 479.9 480.2 481.2 482.8 485.7 488.7 490.5 492.7 491.6 491.4 494.3 492.7 493.8 496.3 498.6 500.9 502.9 504.2 505.6 507 508.3
238.1 238.9 239.4 242.7 244.3 242.8 238.6 236.3 230.8 226.1 222.3 219.2 214.4 210.3 208.1 206.4 204.4 201.5 199.2 197.9 197.9 198.9 200.7 202.1 202.1 201.4 200.6 209.3 216.9 216.9 216.9 216.9 216.9 216.9 226.8 240.1 248.5 257.9 266.9 274.1 281.9 290.2 299.5 313.4 331.8 352.9 362.6 371.2 386.3 410 440.4 456.3 464 471.9 476.8 479.4 481 480.6 482.1 483.4 485.3 488.3 491.6 493 493.7 494 494.5 496.5 496.1 496.5 498.6 500.8 503.2 505.5 507.5 508.9 510.2 511.6
245.1 247.5 250.3 254.8 258 256.8 256.1 253.5 247.3 242.8 238.6 234.2 228.9 223.6 220.8 217.5 212.8 209.4 207.4 206.3 205.3 205.3 206.5 207.8 208.8 207.2 206.1 214.3 216.9 216.9 216.9 216.9 216.9 216.9 218.9 233.4 244.9 253.7 266.5 278.3 286.8 293.8 303.8 315.6 333.7 348.5 359.7 367.6 379.1 398.8 427.9 449.6 463.8 473.9 478.5 481.2 480.9 481.8 483.8 485.6 487.9 491.2 494.4 496 496.5 497.4 498 499 498.5 498.6 500.7 503 505.4 507.8 510.1 512.2 513.5 514.9
256.1 259.7 265.5 271.3 277.9 280.3 278.2 270.8 263.9 259.2 252.7 248.5 243.9 239.2 233.7 228 222.1 217.3 215 213.7 212.6 212.3 213.1 214.2 215.5 214.1 212.2 216.7 216.9 216.9 216.9 216.9 216.9 216.9 216.9 225 239.6 248.5 259.1 270.1 279.6 288.7 302 314.4 330.8 342.3 355.3 363.4 373.4 390.4 417.2 446.3 467.8 475.5 478.4 481.1 480.8 482.5 484.9 486.9 490 494.1 497.3 498.9 497.7 498.8 499.7 499.7 500.5 500.6 502.9 505.3 507.6 510 512.4 514.7 516.8 518.1
267.4 273 283.2 292.9 290.6 291.8 292.1 291 283.2 271.2 266.9 262.1 255.5 250.5 244.7 239 234.1 230 225.4 221.7 221 220.6 220.8 222.5 222.5 221.4 219.3 216.9 216.9 216.9 216.9 216.9 216.9 216.9 216.9 218.5 230.7 239.2 247.7 260.4 269.1 280.2 294.8 311.6 326 337.5 348.3 357.7 367 384.3 408 437.9 464.7 475 478.3 480.7 480.7 483.2 485.6 488.1 490.6 495.5 499.9 501.1 500.4 499.4 500 499.6 501.8 504 505.6 507.9 510.3 512.6 514.9 517.2 519.4 520
279.6 290.4 301.1 315.3 318 311.2 306.2 303.2 302.9 293.5 283.2 276.1 267.3 262.1 255.9 251 246.7 242 235 230.4 229.8 230.4 230.9 229.8 228.9 227.6 226 223.2 220.5 216.9 216.9 216.9 216.9 216.9 216.9 216.9 219.3 228.7 238 250.4 260 269.6 282.8 299.6 317.5 329.6 341.5 351.5 363.8 379.6 397.2 427.2 457.1 473.5 477.9 480.3 481.4 483.8 486.3 488.8 493.1 499.8 501.8 502.7 502.3 501.5 501.3 501.8 504.5 507.7 508.5 510.8 513.1 515.3 517.4 519.4 520.6 521.2
292.3 306.1 322.1 331.5 335.2 334.2 331.3 327.8 319.8 310.9 296.6 290.5 280.7 270.5 266.7 262.4 258 251.9 245.7 241.3 239.7 239.3 240.2 238 235.4 234.5 230.3 229.5 225 219.4 217.4 217.4 218.2 218.6 218 217.8 217 222.2 230.3 241.9 250.7 260.4 271.3 284.6 301.4 322 335.5 347.4 358.9 373.6 391.8 417 445.6 471.1 476.2 479.9 482.1 484.2 486.3 488.7 494.6 501 503 504.3 504.3 503.8 504 505.1 506.2 510.9 511.2 513.3 515.3 517.4 519.4 521 521.6 521.4
305.9 319.6 330.6 340.9 344.7 347.4 348.3 348.5 338.8 325 308.8 301 291.7 283.9 278.2 273.5 268.6 261.2 254.6 251 249.5 248 247.3 245.1 242 239 236.3 233.3 228.6 224.8 223.9 223.4 223.6 224.3 223.1 221.9 220.3 216.9 226 235.2 242.1 251.8 261 275.3 296.2 316.1 332.2 343.7 355.9 369.8 388.1 413 444.5 464.7 474.7 480.6 482.1 483.6 485.8 488.4 495 501.3 503.4 505.2 506.5 506.3 506.8 507.9 507.9 510.6 512.4 513.8 516.4 519.1 521.2 521 520.8 520.9
321.9 330.7 340.6 347.6 353.2 358.5 364.5 365.5 360.6 347 325.4 312 301.2 294.3 289 284.6 278 270.7 265.6 260.4 255.7 254.2 254.2 251.5 247.5 244.3 240.6 237.4 233.5 231.5 231.8 231.5 231.1 230.8 229.2 227.5 226.1 223 225.1 231.1 238.4 248.6 259.5 273.7 291.9 311.4 328.3 339.3 352.9 368.3 387.4 409.3 441.7 456.8 474.2 479.3 481.7 484.7 485.8 488.9 496.6 501.6 504.1 506.6 508.4 508.8 509.5 510.6 511.1 511.6 512.5 513.3 515.6 517.9 519 519.3 519.1 519
335.5 343.2 349.4 355.3 361 365.2 373.1 381.1 381.2 365.5 340.9 319 310.9 304.5 299.2 293.7 285.8 279.8 274.3 269.7 265.1 260.8 261.2 257.1 253.3 251 246.7 242.5 240.7 239.1 239.9 238.9 237.9 237 234.8 233.1 232.2 228.5 230.7 237.3 243.8 253 264.1 277.9 292.4 307.7 323.1 337.4 353.3 367.9 385.9 407.5 437.5 452 475.3 479.7 482.7 485.2 487.6 490.2 497.1 502 503.6 505.9 508.5 510.6 511.1 511.1 511.1 511.1 511.3 512.2 514.2 515.8 516.6 516.9 517.3 517.2
349.6 355 360.4 365.6 369.6 377.5 390.2 402 397.1 379.7 360.8 339.6 323.7 314.3 308.1 301.9 296 290.4 285 279.8 276.4 274.5 271 266.2 259.7 257.4 253.7 249.2 247.7 247.6 247.6 246.4 245.5 244.8 244 242.1 241.9 232.9 236.4 248.7 254.6 259.6 266.9 279.5 291.8 305.4 320.8 335.1 351.4 366.5 387.6 410.1 436.2 453 470.8 480.7 482.2 484.6 487.4 490.3 496 501.2 503 505.1 507.6 509.4 511 511.1 511.1 511.1 511.1 511.2 513.2 513.5 514.2 514.6 514.9 515.3
365.2 368 373.3 379.1 387.3 398.4 414.1 421.9 414.1 392 371.8 352.5 334.4 326.3 319.1 312.5 307.1 301.8 297.3 291.3 290.1 284.8 278.4 271.8 266.7 263.7 261.1 258.3 255 257.1 254.9 253.9 253.3 252.7 252.1 251 253.7 236.9 244.9 257.4 265.4 270.3 276.3 284.8 292.3 305 320.4 338.3 351.3 371 394.2 420 445 462.2 471.1 479.1 481.6 484.4 487.2 490 496.1 499.6 501.8 503.2 504.4 506.2 508.5 510.7 511.1 511.1 511.1 511.7 510.5 511.2 511.9 512.3 512.7 513.1
