data/400000-380000.asc
ncols 200
nrows 200
xllcorner 400000
yllcorner 380000
cellsize 50
[rows 105 to 139 of 200, columns 78 to 155 of 200]
398.6 390.3 379.7 366.8 352.1 331.1 326.8 327.2 324.6 323.5 323.3 323.4 316.3 304.6 294.6 291.3 290 294.7 300.6 307.7 317 329.3 344.9 358.7 371 377.4 380.5 383.7 389.7 395.8 405.8 416 426.6 438.3 449.5 454.6 452.5 441 423.9 409.3 398.6 395.2 400.9 410.4 416.3 423.7 440 448.4 456.1 456.8 455.2 459.3 461.5 462.4 464.5 466 466.2 467.1 468.8 470.9 473.9 476.9 480.3 485.1 485.4 486.9 488.6 490.2 490.3 488.5 485.2 482 478.6 476.8 473.1 468.2 460.2 467.7
395.5 386.6 375.8 362 347.5 328.8 311.3 313.8 313.6 312.6 313.6 310.9 304.6 292.5 283 281.3 286.7 289.8 295.7 304.9 315.1 327.1 342.2 356.4 368 373.2 375.8 376.9 381.6 389.5 395.9 405.5 417 430.9 442.6 439.6 440.9 435.9 430.5 431.5 424 416.4 420.2 429 435.8 437.9 447.8 456 456.1 455 452.9 456.3 460.1 460.6 459.5 461.4 464.5 465.2 466.2 468.8 472.4 475.9 479.2 484 484.8 485.4 485.7 488.2 490.8 487 483.2 479.6 475.3 472 464.4 454.1 460.8 467.5
391.1 380.2 368.6 354.1 338 317.6 305 300.2 302.7 302.4 300.5 299.4 292.9 281.3 276.9 277.9 280 285.5 292.8 302.2 312.5 326.8 341.6 354.4 365.3 371.1 373 372.2 374.1 380.5 384.7 398.5 410.6 427.5 428.3 426.6 427.3 427.8 430 438.5 441.8 443.9 444.6 455.9 461.3 455.3 454.6 456 453.5 451.5 448.5 452.3 455.5 454.9 454.2 457.2 461.1 461 462.9 465.7 470.2 473.8 477.8 480.2 481.7 483 483.9 485.2 487.7 485.1 480.4 475.7 471.4 467.3 455.3 445.7 456.6 464.4
388.3 374.9 362.2 344 326.7 310.9 300 293.1 291.1 291.8 288.8 287.6 282.2 273.6 270.1 273.4 277.1 282.5 290.2 299.7 311.3 325.8 340.8 353 362.6 369.2 371.2 368.5 366.2 371.8 382.4 393.5 407.6 419.4 413 412.3 415.2 419.3 427.3 437.4 447 455.5 463.9 476.9 486 468.2 456.3 451 447.4 444.7 446.5 449 450.1 449.8 450.1 452.7 455 456.9 459.6 462 466.9 470.6 472.9 475.8 477.7 478.4 479.1 480.8 483.2 480.3 477 472.1 467.5 463.3 450.6 442.3 454 460
386.2 372.5 356.4 338.5 317.3 305.2 295.2 287.9 282.4 281.4 281 279.9 273.4 268 267.6 269.6 273.4 279.1 288 299.2 309.5 327.1 340.3 351.5 360.1 365.1 363.7 359.7 356.5 367.3 378.6 392.1 402.2 402.9 401.2 399.8 404.7 412.2 422.1 432.9 446.7 457.2 472.9 488.2 481.9 459.9 447.8 443.6 439.4 438.8 441.8 442.8 444.8 445.4 445.7 446.7 448.8 453 455.8 458.4 461.5 465.5 469.3 471.5 473.7 475 475.7 476.4 476.5 476.2 474.3 469.5 464.1 459.5 443.3 438 446.5 450.1
382.1 369.2 353.8 334.9 314 301.5 292.5 285.5 278.8 274.3 273.1 272.2 268.5 262.8 263.6 266.6 269.9 275.6 283.6 298 311.5 324.1 336.9 351.4 355.7 361.1 355.7 351.7 353.1 361.7 376.8 382.7 387.9 389 389.1 389.2 396.8 407.6 420.4 433.4 444.9 458 480.7 486.4 471.4 449.7 440 434.9 432.8 432.2 435 438.1 439.5 439.8 440.3 441.8 444.3 448.4 451.4 454.7 457.9 460.9 464.7 466.7 469.6 471.6 472.2 472.7 471.8 471.9 471.6 466.3 461 456 437.1 427.5 437.2 439.3
376.7 363.8 348.6 329.9 313.2 299.1 289.4 281.3 276.6 269.1 267.2 268.3 264.4 259.4 260.3 263.2 266.2 271.5 280.6 295.1 306.1 317 332.4 342.8 345.1 348 342.7 340.5 347.7 359.1 369.2 373.6 376.7 378 377.1 387.2 398.1 408.8 417.9 431.8 445.3 461.3 479.8 477.7 456.5 442.4 432.6 422 419.9 423.1 427.3 431.7 432.9 434.3 435.3 435.3 439.9 444.6 447.8 451 454.2 456.7 459 461.6 464.6 467.9 468.6 468.7 468.4 468.2 467.5 462.5 457 449 427.5 414.9 426.2 429.1
371.8 356.7 339.4 322.8 307.4 296.4 287.8 277.8 273.6 267.6 261.2 261.3 260 257.6 258.1 259.9 262.8 268.1 278.5 291.8 302.7 314.8 321.5 325.9 330.5 332.9 333.3 335.3 345.2 354.9 361.7 363.4 366.9 369.7 378.9 386.4 394.4 405.5 419.4 431.6 447.7 467.4 471.7 462 442 432.2 422 412.6 411.9 414.4 421 422.6 425.7 426.5 426.3 430.4 436.2 441.6 444.6 447.8 449.6 451.8 454.1 456.3 460.1 462.4 463.6 464.5 464.1 463.8 463 459.6 455.6 449.2 425.9 396.1 414.7 416.2
368.2 350.3 334.8 315 301.3 291.5 282.9 275.6 268.6 264.3 260.8 258.3 255.5 252.6 253.4 256.7 260.5 265.9 276.6 286.5 295.4 302.6 304.8 318.6 333.4 340 343.4 342.8 340.1 349 351.9 357.3 365.2 373.7 380 385.1 391.1 404 418.1 433.2 446 469.1 457.9 446.4 431.5 421.8 410.8 403.9 403.5 407.8 412.7 415.8 417.6 418.1 419.8 426.6 432.3 436.9 440.2 443.1 445.1 447.2 449.3 450.4 453.7 455.5 457.8 459.6 458.3 458.1 457.2 454.8 451.8 445.2 419.7 394.2 401.2 407.7
363.6 345.7 329.1 313.7 298.1 287.7 279.3 272 267 261.9 258.5 253.8 250.7 249.6 251.4 253.6 258.6 264.5 272.3 281.1 291 299.1 309.8 324.3 343.2 355 359.7 358.3 352 347.1 355.3 361.9 366.5 371.9 373.4 376.9 389 399.4 419.2 438.2 439.4 459.8 446.5 431.2 422.8 413.2 401.8 395.7 396.7 400.5 405.3 407.4 410.4 411.3 416.8 421.1 427 431.6 434.8 437.8 439.9 441.2 441.4 444.5 446.6 448.6 451.6 452.8 451.1 450.3 450.1 447.6 445 439 413.2 387.7 384 397.4
358.5 340.3 323.7 308.3 294.6 283.5 276.2 268.9 264.2 260.1 255.5 250.2 248.6 250.2 250.6 253 257.5 263 268.6 275.6 289.4 299 310.7 324.6 340.5 355.6 362.6 367.6 361.3 355.1 357.5 362.7 364.5 366 364.3 365.8 382.6 397.2 411 421.6 436.3 444.9 434.4 419.1 413.8 404.5 392.3 386.4 390.9 394.6 397.2 400.4 401.1 407.2 412 414.8 422.6 426.5 429 429 429.2 430.3 433.1 435.6 439.3 441.6 444.8 445.6 443.6 440.3 442.6 441.7 436.5 431.3 409.9 384.3 365.5 383.7
354.3 336.5 318.6 303 290.3 280 272.7 266.1 260.4 256.3 252.5 248.7 247.6 248.1 250.4 253 257.1 261 266.7 277.2 289.2 301.3 309.1 320.2 335.8 352.6 362.3 365.6 359.3 353.6 356.9 361.4 361.8 357.7 353 367.8 379.3 394.1 405 413.4 430.7 431.6 423.6 409.5 405.1 394.4 384.5 378.7 385.1 389.4 388.1 388.1 396.1 401.8 406.5 411.2 416.2 419.5 419.7 417.6 416.6 418.4 422.2 426.1 429.4 434.4 437.8 439.2 438 432.6 432.9 432.4 428.4 418.2 397.4 386.3 361.4 364.2
350.6 333.1 315.6 298.2 286 276.6 269 262.9 257.4 252.5 249 245.9 243.8 245 247.6 250.8 254.8 260.8 266.9 276.5 287.6 298.4 307.4 318.7 331.1 347.4 359.8 362.4 354.8 349.9 350.7 355.5 353.1 346.6 349.2 357.8 375.2 392.6 400.2 410 423 425.1 411.5 400.9 396 385.6 377.4 371.7 379.4 379.3 378.7 383.8 388.2 391 401.1 404.6 408.9 411.6 410.6 406.3 404.4 404.9 409.9 414.7 420.1 427.2 430.7 432.7 431.7 428.8 419.8 420.8 415.2 399.9 388.4 377.3 363.7 345.9
345.8 330.5 315 295.7 283.4 274.8 267.5 260.5 254.4 248.9 245.8 243.8 242.7 245 247.7 250.5 254.1 258.4 264.3 273.9 284 294.8 304.8 315.3 326.9 342.7 355.9 360.1 349.5 344.3 343.6 343.4 339.1 332.2 337.6 353.1 366.7 382.5 399.1 403.3 411.8 411.1 398.5 390.5 385.3 375.5 370.4 369.9 371.8 367.7 375 378.8 381.1 385.5 391.2 396.7 399.5 400.1 399.9 396 393.9 394.6 398.7 404.6 412.4 419.7 423.2 425.2 425.3 423.4 415.6 405 398.4 382.5 375.6 365.6 348.9 337.6
338.8 324.4 310.4 293.5 280.7 270.9 264.6 259.2 251.3 246.6 243.3 240.3 240.5 241.9 245.1 247.8 252 256.4 261.9 270.6 281.5 292.1 302.6 311.3 324.3 337.7 351.3 360.6 350.9 339.6 336.2 330.8 326 317.5 325.2 342.1 356.4 370 394.4 396.9 407.6 398.4 384.1 381.3 375.9 366.4 360.7 363.5 363 364.9 366.6 370.7 372.4 379 383.8 388.7 389.2 389.7 389.9 389.3 388.4 387.8 390.6 396.4 403.9 412 415.5 417.5 417.6 414.5 408.4 388.7 375 370.1 362.8 353.9 334 335.5
331 317.3 303.7 287.7 278.5 269.5 262.7 257.5 250.4 245.3 242.1 239.6 239.5 241 242.4 245.2 249.7 254.1 259.7 267.6 278.8 288.6 299.4 311 320.9 334.1 350.7 356.1 345.9 335.5 324.7 317.2 312.2 308.7 324.3 336.2 353.6 372.7 376 395.5 395 382.3 373.1 372.3 366.5 359.2 354.3 356.2 349.2 355.6 360 362.2 368 372.6 375.4 380.3 381.6 382.7 384 383.4 381.9 381 385.6 389.8 395.9 403.9 408.1 410 408.1 404.3 397.5 379 357.8 356.2 349 337.9 323.3 333.5
322.9 307.5 294.9 283.8 275.7 268.4 261.2 254.1 249.3 244.6 240.6 238.9 240.1 240.9 240.8 242.6 247.3 251.9 257.6 265.7 276.2 286.8 297.4 307.9 317.8 329.9 342.4 344.5 336.5 326.8 320.7 311.7 298.9 306.2 316.7 329.1 349.9 365.4 376 387.6 381.5 366.3 361.9 361.4 356.2 352.6 346.7 348.1 340.5 349.8 352.4 356.8 361.6 366.3 370.1 372 373.3 375.3 376.4 376.9 373.6 372.8 380.9 383.6 389 396.7 401.8 401.7 397.3 392.3 386.2 376.2 352.4 340.8 340.5 327.5 313.5 333
329.5 314.8 301.2 289 276.5 268.2 261.4 253.6 246.6 242.2 239 236.5 236.2 237.8 239.5 240.4 245 249.3 254.6 262.2 272.3 283.5 296 304.6 313.8 326.2 335.6 334 325.6 319.9 312.3 301.8 292.8 303.4 313.3 326.9 345.4 357.4 374.1 379 369.2 352.5 352.9 351.7 345.7 348.8 340.8 341.1 331 340.2 342.9 350.4 353.4 358.7 362.5 364.5 366.8 369.3 369.7 369.3 362.9 372 376.7 377.1 382.2 388.7 392.8 390.9 385.7 379.2 370.4 357.1 342.5 330.1 332.4 321 315.5 331.6
338 320.5 305.7 291.2 277.9 269.1 261.8 254.2 247.8 241.7 237.5 232.6 230.8 232.6 235.6 238.6 242.1 245.5 251.2 259.4 269 281 290.4 301.8 311.4 324.2 330.9 327 321.1 313.5 304.8 294.8 288.7 298.7 311.3 323.9 339.1 355.4 369.3 367.3 353.9 344.4 342.1 339 340.1 345.3 342.4 329 326.9 332.3 336.8 342.4 347.9 352.1 356.7 358.6 359.9 362.1 362 360.9 355.3 366 371.3 372.6 374.4 379.8 383.6 380.1 373.6 365.2 354.4 339.9 332 322.8 323.7 317.2 310.5 327.7
350.5 329.6 313.4 295.4 283.8 272.2 261.5 254.9 248.7 242.1 236.9 231.8 229.2 231.1 233.2 236.5 240 243.3 248.3 256 266.4 278.3 288.6 301.2 310.1 323.9 330.3 323.1 315.2 307.8 298.9 289.7 287.3 300.7 312.6 323.4 337 354.6 362.5 356.1 342.7 335 331.5 331.4 335.7 341.9 335.9 327.1 319.1 326.9 331.5 336 340.8 346.3 350.1 352 353.3 353.9 353.6 351.7 350 361.5 366.8 367.2 368.7 370.9 374.3 370 362.2 350.8 331.2 326.7 323.3 316.9 313.6 310.3 304.4 322.8
364.2 342.4 320.5 305.1 290.4 277.6 267.1 258.3 248.3 242 236.1 231.9 229.3 230 232.1 234.6 236.7 240.7 245.5 252.5 264 275.9 286.3 298.8 308.5 320.9 325.6 318.5 309.4 302.3 294.8 287.3 288.2 299.8 310.3 323.1 335.1 351.8 355.4 345 330.1 324.2 323.7 328 332.3 337.1 330.4 324.2 317.6 318 325.3 330.1 335.2 338.6 342.8 345.3 346.1 345.5 344 338.4 347.3 357.8 362.7 363.1 363.9 364.2 365.3 360.2 352.3 335.2 321.3 314.8 313.7 309.1 297.5 301.2 301.8 315.5
371.6 354.7 331.8 314.3 299.7 288.1 275 261.4 250.6 241.8 233.8 228.8 227.4 228.7 230.7 232.7 234.4 237.7 242.8 247.7 260.4 271.9 285.9 295.7 305.7 315 322.2 314 304.9 298.2 289.1 284.6 284.6 297.4 309.4 321.8 332.8 347.6 347.5 334 320.4 316.9 319.1 323.7 327.1 331.5 324.1 316.7 311.3 312.8 318.8 324.8 329.1 332.2 335.5 336.9 337.6 336.4 328.8 335.5 348.9 357.2 359.6 359.8 360.9 361.6 360.1 352.6 339.5 322 312 304.5 300.9 294.9 292.1 290.3 297.2 308.3
373.3 364.6 344.3 325.7 315.1 303.2 288.1 270.6 255.5 243.8 233.9 227.8 225 226.8 228.8 230.6 231.8 234.6 240 248.5 256.5 268.9 282.5 292.5 302.2 307.3 317.4 310.2 301.7 291.4 279.1 275.2 284.3 296.8 308 319 330.1 340.3 338 327.8 314.6 310.2 316.2 320.6 324.6 327.5 314.4 308.9 299 309.5 314.6 319.2 323.5 326.3 327.9 329.1 328.7 318.3 323.6 338.6 348.6 354.2 355.9 356.8 359.4 361.1 357.7 349.5 334.1 312.2 300.7 295.8 290 282.2 279.1 284.1 288.4 297.3
371.7 366.4 359.4 344.6 331.9 320.2 300 280.5 265 251.5 237.2 228.7 224.4 225.5 227.3 228.3 229.4 230.4 236.4 243.3 253 264.6 278.4 288.4 297.8 299.7 310.2 305.3 298.3 287.2 275.4 268.3 283.5 294.5 302.8 314.5 324.9 335.6 332 322.8 309.9 304.3 311.9 316.3 320.1 316.8 307 302.3 295.5 303.9 308.4 312.7 317 319.3 321.8 321.5 320.6 314.4 329.5 338.7 346.5 350.1 353.7 353.7 357.4 358 353.9 345 328.1 306 296.9 288.2 278.3 278 290.6 298.3 302.2 302.1
366.3 362.3 364.7 363.9 353.8 328.6 306.1 285.5 270.7 256.3 242.8 231.6 222.7 223.5 225.5 226.5 227.3 229 232.2 239.9 248.5 260.9 273.8 285.7 292.9 301.5 304.8 300.1 293 282.7 271.8 267.8 281 290.1 299.7 309.6 321.5 330.9 328.8 320.5 304.9 296.7 306.3 312.2 313.8 306.2 299.3 292.5 292.1 298.9 303.3 306.3 308.5 312.6 314.1 312.6 304.3 315.6 324.5 337 342.4 345.9 350.9 354.2 356.3 354.4 348.4 334.7 314.8 298.2 288.7 276.8 273.7 286.8 297.2 314.2 326.6 326.6
360.2 361 360.6 362 362.8 331.6 306.2 287.7 272.2 260.1 250.6 239.1 225.4 221.6 223.3 224 224.8 226.1 228.4 237.2 246.5 257.2 270.1 282.4 287.8 294.8 300 294.4 287.4 277.4 267.1 266.2 277.2 286.8 297.4 306.4 319.9 326.5 323.8 321.3 307.9 291.7 301.3 304.6 302 296.4 291 284.7 288.7 293.5 295.9 297.9 302.9 305 306.6 304.5 301.2 317.6 328.7 335.7 340.7 349 352.7 354 354.6 348.6 339.4 319.8 299.7 287.3 277.2 268.9 281.7 293.7 307.2 323.6 338.5 352.5
354 356.3 358.5 361.2 355.5 325 302.5 286.1 271 261 252 244 229.5 218.6 220 222 222.9 224.2 227.3 235.5 245.3 254.8 265.9 276.8 282.8 289.1 292.1 289 279.7 270.4 261.7 263.2 272.5 282.2 291.8 302.5 317.9 321.3 318.8 313.8 305.8 289.1 290.5 293.1 289.3 288.4 284.6 275.4 284.3 286.5 288.2 290.6 295.1 296.6 298.3 291.7 305.3 321 330.8 341.6 346.1 347.9 349.6 349.2 348 338 325.1 305.7 288 275.7 264.6 273.8 283.5 296.5 311.5 327.2 344.4 357.9
349.1 348.4 353.4 357.1 338.7 313.8 294.9 281.6 268.8 259.6 251.3 243.2 230.1 220 216.9 218.8 220.5 222.7 225.4 232.1 240.8 250.9 261.9 271.2 277.9 283 286.1 282.1 272 263.4 256.7 261.1 268.6 277.9 288 302.5 311.6 316.7 310 306.7 294.2 285.9 276.2 277.8 279.2 279.5 276.2 273.4 278.3 279.1 281.1 286.8 287.4 288.5 285.9 295.8 311.3 323.7 332.8 338.4 341.2 342.7 342.4 341.1 337.6 328.2 316.1 292.6 276.8 263.8 267.4 277.4 285.8 299.5 314.4 330.8 344.8 357.2
341.4 342.6 347.9 343.9 321 302.7 288.1 276.3 265.3 257.7 250.1 241.5 228.4 223.1 218.3 215.7 218.7 221 223.5 229 238.1 247 257.9 266.8 272.3 277.1 281.9 275.9 266.8 259 252.6 256.8 266 274.4 285.6 298.1 306.3 307.7 300.5 296.1 283.2 276.1 267.4 268.8 270.9 270.7 266.4 269.6 272.5 273.8 276.3 274 278.9 278.9 291.9 304.7 319.2 324.6 329.5 330.3 331.8 332.2 332.7 330.5 327.1 320.4 296.5 280 266.2 260.7 269.9 276.8 285.8 303.4 317.4 330.9 344.6 354
335 339.7 343.1 326.6 307.4 293.7 281 270.2 260.7 254.7 248.5 241.5 229.9 224 217.8 215.3 217 218.9 220.5 226.2 233.9 244.8 254.9 260.9 266.3 274.4 278.2 272.2 262.1 255 249.3 253.7 262.4 270.6 281.6 292.7 301.3 299.8 292.4 285.8 272.9 265 260.6 261.6 263.1 261.9 261.3 263.3 264.6 270.5 275.7 280.5 284.5 293.3 305.3 315 321.3 321.3 323.3 323.4 323.3 323.4 322.6 318.8 318.4 307.3 285 268.3 259.4 264.8 274 284.4 298.6 306.1 318 330.9 341.2 349.4
329.8 338.5 332.3 309.2 296.4 283.9 273 263.7 256.1 251.5 247.2 239.7 229 222.9 216.1 214.4 214.5 215.7 217.6 221.9 231.4 240.4 249.7 254.5 260.6 266.6 267.3 266.3 258.4 252.3 245.1 249.4 258.9 267.6 277.5 288 293.1 290.2 284.9 275.1 263 255 253.6 253.9 256.6 259.4 263.6 269 275.5 283.1 289.1 293.1 299.3 304.3 311.4 313.9 314.8 312.9 313.9 314 314 314.3 308 308.2 310.4 299.4 276.7 260.9 258.6 267.1 276.8 289.9 304.5 316.1 325.8 335.5 345.6 351.8
326.6 330.1 314.5 298.2 285.9 273.8 263 255 249.2 246.8 242.7 235.7 227.4 220 214.6 212.9 213.9 212 214.4 219.3 227.6 237.4 245.5 250 255.1 260.3 262.4 260.8 255.9 248.9 241 245.8 256 266.2 276.6 284.1 286.8 284 276.5 264 254.2 249.1 254.2 262.8 269.2 271.8 276.5 282.5 289.6 294.6 299.9 303.3 306.3 306.1 305.1 305.4 306.5 304.3 303.2 301.8 299.8 299.4 298.1 298.8 300.4 295.6 271.9 253.8 258.8 269.1 278.5 294.9 307.1 318.5 329.1 338.5 345.7 352.3
322.1 314.7 299 287 275.5 264.3 254.5 246.9 241.5 238.3 235.8 230.7 224.4 217.9 213.5 211.1 211.9 210.8 212.5 217.6 224.5 233.4 241.7 243.9 250.3 256.4 258.5 256 249.5 244.3 240.8 245.5 253.5 263.7 273.8 279.1 280.3 277.1 265.8 254.6 247.6 253 260.8 269.3 275.9 279.5 285.4 289 292.9 297.5 301.5 302.8 303.2 301.8 299.2 298.1 297.4 295.2 292.2 289 290.7 290.1 289.4 290 291.1 289.2 269.2 249 259.2 267.5 282.7 295.6 308.1 320.7 330.3 338.3 344.6 350.9
317.6 298.3 286.7 277 266 254.7 245.6 238.9 234.4 231.3 228.4 224 220.4 215.9 213 210.4 209.8 210.7 212.4 216.2 222.1 229.8 236.6 241.5 247.5 253.4 256.2 252.2 243.1 238 237.5 243.8 251.3 261.5 270.4 275.7 274.2 269.6 261 250.8 245.8 255 264 271.2 277.8 282.4 286.8 288 290.2 295.3 297.9 299.3 298.9 296.2 291.4 289.8 288.6 284.4 281 280 280.6 280.3 280.5 278.6 282 278 265 248.9 258.6 269.5 282.5 295.1 310.5 321.7 330.2 336.8 342.6 349
298.1 283.5 274.2 266.4 256.9 247.3 239.6 234.6 228.8 225.4 222.7 218.6 216.1 213.8 211.3 210.3 209.8 211 213.5 216.3 221.3 228.6 236.7 242 246.1 251.1 253.9 247.1 238.4 235.7 233.9 241.8 250.8 260.8 269.9 271.3 268.6 264.9 257 249.4 245.5 256.6 263.1 268.6 274.7 281.5 285.3 287.5 289.1 291 293.1 292.9 292.5 289.7 285 280.3 278.2 272.6 271.3 269 270.4 270.3 265.6 265.5 266.7 264.6 258.2 248.9 248.9 271.8 286.6 301.7 313 322.1 329.1 334.1 340.1 346.8
