data/400000-400000.asc
ncols 200
nrows 200
xllcorner 400000
yllcorner 400000
cellsize 50
[rows 70 to 104 of 200, columns 78 to 155 of 200]
489.3 487.8 486.2 485.4 485.1 484.9 483.6 482.1 484.6 486.3 487.4 488.5 489.1 489.1 489.1 489.1 488.9 489.4 490 489.9 489 490.7 489.7 488.4 486.8 485.2 484.8 484.9 484.1 481.8 483.7 486.8 489.2 489.1 489.5 489.2 489.1 488.6 488.4 489.4 489.9 489.9 489.9 489.9 489.4 488.9 489 489.9 492.4 491.4 492.6 493.1 492.6 492.2 492.7 494 494.8 495.9 496.9 493.5 488.9 483.4 479.9 477 473.1 468 461.4 456.9 452.5 448.1 444.9 441.9 437 430.3 416.2 415.7 420.1 420.8
489.8 488.7 487 486.8 486.6 486.4 485.8 485 486 488 488.7 489.2 489.2 489.2 489.2 489.1 489 489.3 489.8 488.9 488.8 489.6 488.9 489.4 488.2 487 487.4 487.4 487.4 486.8 488.4 490 491.8 492.1 492.9 493.1 493.5 493.9 494.2 495.4 495.8 496.5 496.2 495.3 493.5 491.8 490.8 495.4 497.8 497.1 498.4 498.2 497.6 497.3 499.4 500.3 500.9 501.5 501.6 498.1 493.6 489 485.2 481 475.4 468.8 461.9 457 452.6 448 444.6 441.7 437.3 429.7 415.6 422.9 426.7 426.1
490.3 489.3 488.5 488.2 487.9 487.5 487.2 487.4 488 488.6 488.7 489.2 489.3 489.3 489.3 489.2 489.1 489.1 488.9 488.9 489.1 490.4 489.3 489.8 489.1 489.1 490 490.5 490.4 491.5 492.3 492.9 494.5 495.3 496 496.7 497.9 498.3 499.5 501 500.5 500.4 499.3 499.5 499.4 498.6 495.1 499.4 503 504.4 504.6 504.4 503.1 502.4 502.1 503.3 503.9 504.5 503 500.2 498.3 493.9 489.4 482.8 476.4 469.7 462.5 456.5 451.9 447.7 444.5 441.2 436.9 430.5 419.2 427.4 429.5 430.5
490.4 489.4 488.6 488.5 488.1 487.8 487.5 487.5 487.8 488.4 487.7 487.7 488.4 489.2 489.4 489.3 489 488.7 488.9 488.9 489.6 490.3 490.6 490.2 490.2 491.2 492.3 493 494 495 494.4 494.8 498 498.9 500.1 501.2 502.4 503.9 505.1 505.6 505.1 504.3 502.9 502.4 502 500 496.8 502.2 506.7 509.7 510.6 510.6 509.4 507.9 507.1 506.3 506.9 506.3 504.4 502.2 499 495.8 489.8 483.1 475.7 468.4 461.2 455.9 451.6 447.3 445.6 440.4 430.6 422.8 429.2 432.1 434.8 434.1
490.6 489.7 488.5 488.4 488.3 488.1 487.9 487.9 487.8 487.5 486.7 486.2 486.9 487.7 488.1 488.1 487.6 487.6 488.1 488.3 488.9 489.4 490 490.5 492 493.5 494.7 496 496.9 497.3 499 499.5 500.9 501.7 502.5 503.4 505.5 508.3 510.7 509.9 509.5 508.4 506.3 504 502.6 500.3 496.9 502.5 509.1 511.2 511.2 511.3 511 509.9 509.6 509.7 509.6 507.7 505.7 502.7 499.8 494.6 489.1 479.9 472 466.2 459.6 455.4 451 447 446.2 436.5 429.2 436.4 438 439.4 439.8 438.2
490.7 490.1 488.6 488.2 488.1 487.6 487 486.7 486.3 485.8 485.8 485 485.4 485.9 486 486.1 486.3 486.3 485.5 485.8 488.9 490 490.6 490.9 493 495.7 497.4 499 500.3 500.7 500.9 501.6 503 503.8 504.7 505.5 508.5 511.2 511.4 511.3 510.6 510.2 508.7 506.3 503.7 501.3 500.7 502.9 510.5 511.1 511.3 511.3 512.2 512.7 511.4 511.6 511 508.6 505.9 502 498.6 493.2 488 480.9 473.4 463 457.3 453.5 449.8 443.8 438.2 433.2 441.7 442.7 442.3 442.4 442.4 440.8
490.8 490.6 489 488.1 486.8 485.9 485.3 484.8 484.4 483.9 483.7 483.8 483.8 483.9 483.7 482.9 482 480.4 481.3 483.6 486.7 490 491.1 491 494.3 497.2 499.1 500.8 502 502.9 503 503.9 505.3 506 506.8 508.5 511.2 511.5 511.6 511.4 511.1 510.7 510.8 508.6 506.1 505.5 506.1 505.5 510 510.5 511.3 513.2 514.5 515 513.5 512.7 511.6 508.5 504.6 501 497 491.4 485.6 476.6 468.4 459.6 455.1 451.3 448.2 441.9 442.4 443.2 445.5 445.9 445.5 445.3 445.1 443.6
490.5 489.8 487.9 486 484.3 484.2 483.6 483.1 482.6 481.9 481.1 481 480.9 481.3 481.5 480.7 480 479 480.7 483 485.3 487.6 489.2 491.9 495.2 498.6 500.6 501.8 503.1 504.4 505.1 506.1 507.7 508.2 509 511.2 511.4 511.4 512.4 511.8 511.3 510.5 509.3 509 508.2 507.9 507.9 507 511.3 512.2 514 515.2 516.7 517.2 515.8 513.8 510.6 507.7 503.5 500.2 495.1 489.3 479.7 470.9 464.2 458.5 454.7 450.6 446.6 449.1 449.3 448.2 448.9 449.5 448.8 449 448.5 447.3
487 486 484.9 483.7 482.9 482.3 481.7 481.1 480.2 479 478 477 476.9 477.7 478.6 479.6 479.5 479.1 480.7 483 485.3 487.6 490.6 493.6 496.9 499.8 501.1 502.4 503.8 505.2 506.6 507.9 509.1 510.2 511.2 511.2 511.1 511.1 512.6 512.2 511.1 511.2 510.1 509.3 508.7 507.4 506.1 508.1 511.8 514.9 516.9 517.5 518.7 517.9 516.7 513.5 510.3 506.2 501.2 494.1 487.3 482 475.6 469.5 463.6 458.6 454.8 450.9 450.1 451.8 450.9 452.2 453.1 454 453.7 453.3 452.3 450.8
484.1 483.1 481.7 481.1 480.7 480.2 479.6 478.9 478.2 476.7 473.6 471.9 471.9 472.6 473.7 475.8 478.8 479.6 481.2 482.9 485.2 487.6 490.2 494.4 497.9 500.7 501.3 502.7 504.1 505.5 506.9 507.9 508.8 509 509.5 509.9 510.4 510.8 510.6 510.4 509.9 510.8 510.9 510.1 509.6 508.1 506.9 508.5 512.5 515.7 518.1 518.8 518.4 517.6 516.8 514.1 510.4 505.4 500 491.8 484.4 476.8 472.2 468.1 464.3 459.3 455.4 454.6 455.7 457 456.7 457 457.8 458.6 458.8 457.2 456.9 455.4
482.7 481.6 480.6 479.9 479.2 478.5 477.6 476.9 476.3 474.8 472.3 470.2 470.3 470 470.2 471.7 477.8 480.2 481.7 483.4 485.2 487.5 489.8 494 498.2 501.2 501.6 503 504.3 505.7 507.1 508 508.4 508 507.8 508.3 508.1 507.9 507.8 507.7 508.2 509.4 510.4 510.9 510 508.8 508.6 507.8 512.1 514.4 516.7 518.7 518.2 517.5 516.8 514.9 511.9 507.1 502.4 497 490.9 482 475.3 469.9 466.6 461.2 459.6 461 461.3 462.5 461.8 460.5 461.5 463 464.7 462.7 462.4 462.1
481.3 480.6 479.8 479.1 478.3 477.1 475.7 474.9 474.4 472.9 470.8 469.6 468.6 467.5 467.9 472.8 478.9 481.4 483.1 484.4 485.7 487.5 490 493.9 497.8 499.8 501.8 503.2 504.6 505.9 507.3 507.3 506.8 506.5 506.2 505.5 504.9 504.8 504.9 504.9 506 507.1 508.2 509.4 510.1 507.6 507 508.2 510.5 512.9 515.1 517.1 518 517.5 516.7 514.3 511.9 508.3 503.6 496.9 490 483.7 475.5 470.1 465.3 464.6 466.7 467.1 467.5 468.4 467 464.7 466.8 469.3 472.5 471.4 471.1 470.5
478.5 479.2 478.9 477.9 476.5 475.1 473.7 472.3 472.4 470.4 469.7 467.7 463.8 464.3 469.7 475.1 478.8 481.6 484.1 486.5 488.5 490.3 490.9 493.3 496.6 499.9 501.7 503.4 504.8 506.2 506.1 505.4 504.5 504.1 503.7 502.7 501.7 501.7 501.9 502.6 503.7 504.8 505.8 507.1 508 507.1 505.3 506.2 508.9 511.3 512.9 514.1 514.5 516 515.7 514 511.8 508.3 502.3 497.2 491.7 486.9 476 470.2 469.9 471 472.6 473.5 473.3 473 473.1 470.5 473.8 477.1 480.4 480.4 479.8 479.2
475.7 476.4 476.5 476.3 474.5 473.1 471.7 469.9 470 468.9 466.5 462.8 465.9 470 473.5 477 479.9 481.8 483.6 485.5 488.8 490.5 491 493.5 496.7 499.7 501.5 503.2 505 505.6 503.8 503.2 502.5 501.8 501.1 500.2 500.1 499.3 500.9 500.3 501.3 502.4 503.5 504.7 505.9 505 504.1 504.2 506.2 508.1 510.4 510.9 510.9 514.3 514.4 513.6 511.9 508.1 503.4 501.3 496.2 490.4 479.6 475.1 479.5 478.5 478.8 479 480.2 481.5 481.9 477.9 482.7 485.7 488.7 489.3 488.7 488.7
472.7 472.8 472.6 472.8 472.5 472 469.7 466.8 463.8 462.1 460 463.4 469.1 470.4 473.3 476.6 479.1 480 481.7 483.7 488.1 490.4 491.8 494.4 497 499.5 501.2 502.9 504.1 504.5 501.5 501 500.3 500.3 501 500.4 499.8 499.7 499.3 500.2 500.1 500.1 501.1 502.4 503.8 502.9 502.3 502 502.3 504.4 506.1 507.8 509.4 513.5 512.8 511.9 511.2 510.3 507 503.8 500.9 494.8 486.1 483.6 485.7 484.5 486.3 486.6 487.9 489.6 489.4 483.3 491.7 494.5 497.7 498.6 498.7 499.1
469.3 469 468.7 468.5 469.1 468.7 468.2 464.9 458.9 454.8 459 465.8 469.6 470.8 473.7 476.9 478.4 479.3 480.3 482 487 490.2 491.6 494.2 496 498 500.6 501.9 502.6 503.1 500.8 499.8 500 499.5 497.8 497.2 496.6 496.4 496 496.4 497.4 498.3 499.3 500 501.8 501.8 501.5 501.3 499.9 501.2 503.5 505.7 508.5 511.9 511.2 511.2 511.2 510.3 508.5 505.7 503.5 500.5 493.6 491.9 493 492 494.4 495.4 496.6 498 497.6 494.9 502.1 505.4 508.1 509.1 509 507.9
465.7 465.1 464.8 464.5 464.9 465.4 465 464.5 460.1 456.9 463.5 467.1 470.1 472.8 474.8 476.8 478.1 478.9 479.9 482.7 486.3 488.8 491.2 492.5 493.7 495.9 498.4 500.2 500.8 501.3 501.3 499.3 498.5 496.7 495 493.6 493.3 493.2 492.7 493 493.6 494.6 496 499.3 499.6 499.5 499.5 498.9 498.2 499.5 501.4 503.5 508 511.2 511.2 511.2 510.9 510.1 508.5 506.1 503.7 501.8 500 500.2 499.2 498.3 501.5 503.3 504.5 506.9 506.2 504.2 508.6 513.3 518.3 519.7 518 516.3
462 461.3 460.9 460.6 460.6 461.2 462 461.4 451.9 459.7 463.4 466.5 469.6 472.3 474.6 476.6 477.8 478.5 479.6 482.9 485.9 488.5 489.3 490.1 491.4 493.8 496 497.4 498.6 499.4 499 498.3 496.7 494.3 492.3 490 490 490.1 490 490 490 492 494.5 496.7 497.3 497.2 496.4 496.1 496.5 497.8 499.6 502.9 507.5 511.2 511.2 511.2 510.6 509.8 508.2 506.2 504.6 503.1 502.3 503.3 505.2 504.4 507 509.9 512.7 516.6 514.9 515.4 519.2 523.5 527.2 527 526 524.3
460.6 459.7 458.4 457.4 456.4 457.3 457.5 454.5 444.9 459.8 463.1 466 468.9 471.8 473.8 476.4 477.5 478.2 478.6 482.9 485.8 486.7 487.5 488.2 489.1 490.8 492.2 493.2 494 495.3 495.4 494.8 493.1 491.2 487.5 483.4 482.9 484.4 485.2 486.3 488 489.9 492.3 493.9 495 493.9 492.7 493.3 494.3 495.9 497.7 502.1 506.8 511.2 511.2 511.1 510.3 509.4 508.5 507 505.3 504.5 505.1 506 508.7 510.7 514.6 518.1 521.9 526.3 525 526.6 530.2 532.2 532.4 531.8 531 529.4
460.1 458.7 457.2 454.4 450.3 452.4 449.7 438.4 450.2 458.5 461.2 463.5 465.9 469 472.7 474.9 477.1 477.8 477.1 479.7 482 483.6 484 483 483.7 486.9 488.3 489 489.4 490.6 490.3 490.7 488.3 484.3 477.5 474.3 473.6 475.5 478.6 480.8 482 485.2 488.6 491.4 492.3 490.9 490.4 491.5 492.2 493 496.1 500.4 504.7 509.3 510.1 510.5 509.6 508.3 507.2 507 506.1 506.4 507.6 508.7 511.5 515.2 520 525 529.3 532 529.8 530.4 534.1 535.6 535.1 534.9 534.7 535.6
458.6 455.9 453.7 449.9 442.7 441.2 424.3 443.4 451.8 454.3 457.3 458.9 461.2 464.9 467.1 470.7 473.7 472.8 472.8 475.2 476.5 477.1 478.2 479.7 477.5 479.9 483.7 484.7 485 485.8 484.8 485.1 481.2 473.7 475.4 481.6 482.9 481.8 480.6 477.8 478.3 478.8 482 485.5 488.1 488.5 489.3 489.9 490.1 490.2 493.9 498.1 502.5 506.1 508.1 508.9 508.7 507.2 506 505.7 505.6 507.8 509.1 511.5 514.7 518.5 523.2 527.9 532 534.6 532.8 534.3 535.5 538.1 538.8 541.2 542.1 542.7
455.7 452.7 449.2 444.2 428.5 415.8 429.4 445.9 448 450.6 453.3 454.5 456.2 458.2 460.4 462.8 464.6 463.2 464.6 467.1 467.6 468.1 468.6 471.7 471.7 469.3 470.4 471.3 472.5 473.4 470.7 466.9 467.8 473.9 481.6 483.1 484.6 486 485.6 485 485.4 484.6 479.6 479.1 482.6 485.4 489 489.6 488 488.4 492.1 496.3 499.3 502.4 505.5 506.1 506.4 505.9 504.8 504.6 504.7 507.3 509.8 513.2 517.8 521.7 526.3 530.6 533.8 536.5 537.3 537.3 537.9 540.8 543.2 545.8 549.1 554.7
451.3 447.8 444.2 436.6 411.1 426.8 436.9 440.1 443.2 444.4 444.3 446.5 448.9 451.7 452.9 452.3 450.5 446.5 447.3 450.8 451.8 449.2 450.3 449.6 450.3 462.7 467.2 467.2 464.6 461.9 461.4 479 482.5 477 484 485.2 487.4 488.3 488 487.9 488.4 488.4 487.3 485.4 479.6 482.8 487.2 488.2 486.6 488.8 492.3 494.9 497.3 499.9 501.9 502.8 503.6 504.2 503.7 503.5 503.9 506.5 509.9 513.8 518.7 523.8 528 532.2 536 538.6 539.9 539.9 541.3 544.7 548.1 552.3 556.7 563
446.7 441.3 435.8 423.8 395.6 420.5 432 434.1 434.6 431.3 429.8 433.2 438.8 444.3 444.3 440 435.6 442.9 447.5 450.1 457.2 463.5 468.4 469.4 476.5 482 485.2 487.7 487.1 486 485.5 485.3 485.4 482.3 484.5 487.9 490.7 490 488.9 490.1 490.5 489.7 490 488.1 486.5 482.5 484.8 485.7 487.6 489.6 491.2 493.3 495.3 497.9 499.2 498.5 500.8 501.8 502.3 502.3 503.5 507.2 510.9 514.5 518.6 524.6 529.3 533.6 537.9 540.5 541.6 543.7 547.7 552.1 557.4 563.1 567.3 570.5
435.8 425.5 411.3 397.5 379.5 406 414 407.8 401.8 402.3 408.8 412.9 420.1 422.1 428 440.7 453.3 463.5 471.3 474.6 478.8 482 485.7 483.4 484.6 489.3 491.9 492.4 492.6 492.4 492.4 491.1 489.6 488.2 486.6 490.7 491.3 490.2 490.3 491.2 490.3 489.1 489.9 487.9 487.6 486 483.5 485.4 486.7 488.2 489.8 491.6 493.7 495.7 494.5 495.1 497.1 498.7 499.2 503.5 504.5 508.2 511.8 515.5 519.1 524.5 530.6 534.9 539.2 542.2 544.6 548.3 553.3 559.6 566.1 570.4 572.5 572.5
410.4 401.8 390.2 373.2 376.8 383.1 394.1 408.3 422.9 430.1 433.4 435.6 434.6 439.3 450.1 460 470.3 476.8 483.1 486.2 486.7 488.3 489.9 490.5 491.2 492.8 493.7 494 494.8 495 494 493 492 491.1 485.4 492.5 491.7 491.7 491.8 492.2 491.4 490 489 489.6 489.2 486.7 486.1 485 486.4 487.9 489.1 490.2 491.5 491.8 490.2 491.4 494 498.5 500.4 504.3 506.2 509.2 512.8 516.4 519.6 524.8 530.7 535.7 539.8 542.8 548.5 553 560.2 566.2 571.2 572.9 574.7 574.1
394.4 388.9 370.7 383.6 406.7 416.4 425.1 433.3 441.4 447.9 451.7 453.1 457.8 464.5 469.7 474 478.2 483.1 487.1 489.2 490.4 491.1 492.5 492.9 493.8 494.7 494.7 494.9 496.3 495.9 495.6 495.2 494.9 494.2 488.8 492.9 493.1 493.2 493.3 493.4 492.6 492 491.2 490 487.8 487.2 488.1 487.7 488.4 488.6 488.8 489.3 489.4 490.3 487.5 491.6 496.7 499.4 499.8 504 507.3 510.2 513.5 516.7 519.9 524.9 529 532.8 538.2 541.8 548.3 558.1 566.1 571.3 572.9 575.3 576.3 575.6
377 368.2 377.2 410.2 432.7 436.9 440.3 446.7 451.7 457.1 462.5 467 470.2 474.2 477.6 479.8 482.9 485.8 487.7 489.4 491.1 492.2 493.7 494.8 495.2 495.4 495.3 496.1 497.1 496.4 495.2 494.9 494.6 494.1 491.5 492.3 493.4 493.7 494 494.2 492.2 491.3 490.1 488.8 489.6 489.6 490.3 489.2 489.2 489.3 489.8 491.1 491 491.3 489.6 493.8 499 500.8 502.5 504.6 505.3 509.7 513 516.4 519.9 523 525.9 528.9 535.5 543.4 554 563.1 569.3 572.3 574.7 577 576.7 576.3
352.2 374.7 404.4 431.3 441.1 443.4 449 453.5 458.2 462.6 467.8 470.9 474.1 477.8 480.3 480.8 483.3 486.7 488.8 490.3 491.2 492.4 493.8 495.1 495.6 495.7 495.8 496.6 496.5 496 495 494.6 494.2 492.3 491 492.3 493.7 494.3 494.8 494.5 491.8 490.4 489 488.8 489.8 489.2 490.7 489.7 490.1 491.1 493.4 494.2 495 496.2 497.7 496.1 501 503.7 507.3 510.5 511 509 511 516.1 519.9 521.9 525.8 529.5 536.8 547.3 560 565.2 570.5 573.2 575.7 576.8 577.3 576.9
384.1 403.5 428.4 440.8 446.8 449.8 453.8 458.4 463.3 468.1 471.9 474.9 477.9 480.6 480.2 480.9 484.6 487.3 489.2 490.8 490.5 491.8 493.5 495.1 495.7 495.9 496.2 496.4 495.8 495.3 494.9 494.3 492.8 492.9 492.6 493.7 494.1 493.6 493.3 491.1 490.6 490.3 490.8 489.2 490.1 491.1 491.3 491.2 492.1 495.1 496.3 497 497.8 498.5 499.6 496.5 500.8 505.3 509.3 512.4 515 514.9 512 517.2 518.5 521.7 525.6 529.2 540.1 553.8 562.8 567.2 570.3 572.8 575.9 576.6 577.1 577.4
399.9 429.6 441 446.3 450.5 455.3 458.7 463.3 468.2 470.8 472.7 475.5 478.5 479.9 480.6 482 484.4 487.2 488.6 489.5 489.7 491.2 492.8 494.3 494.8 495.6 495.6 495.2 494.7 494.3 493.1 494.1 494.7 494.4 494.5 495 494.8 494.5 493.9 492.8 491.7 490.5 489.8 490.8 491.7 492.4 493 493.1 495.5 497.7 498.8 499.7 500.4 501.2 501.7 498.3 500.9 506 511.1 514.3 516.9 518.6 517.5 516.9 518.3 521.6 526.2 530.9 540.7 557 563.4 569.6 570.5 572.3 575.4 576.2 576.7 577.5
402.7 439.5 447.6 448.9 453.7 458.5 463.3 467.5 471 471.7 473.7 476.5 479.3 479.6 481.3 482.8 483.9 484.6 485.8 486.8 487.2 489.8 491.3 492.7 493.2 493.9 493.5 493 492.6 491.7 492.4 494.6 496.5 495.7 495.9 495.7 495.9 495.9 495.2 494.6 493.8 492.2 492.5 493.6 494.4 495.2 496 496.8 498.6 499.9 501 502.1 503.1 503.8 503.1 501.8 501 505.8 511.2 516.2 518.7 519.7 519.8 519.9 519.2 521.3 526.1 531.1 540.4 549.8 560.2 566.4 571 571.7 575.2 576.6 577.5 578.3
402.8 438.1 447.7 452.2 457.1 462.1 466.9 470.7 472.9 474 476 478.2 479.6 479.2 480.4 481.1 482.1 482.7 482.2 481.3 483.6 486.1 488.8 491.2 491.9 491.8 491.4 490.9 491.2 493.5 495.3 497.6 497.2 497 497.6 497.9 498.2 498.1 497 496.3 495.7 495.3 495.7 496.3 496.9 497.5 499.1 499.9 500.2 502 503.3 504.4 505.5 506.5 505.6 504.9 504.2 503.7 509.3 515.2 519.8 520.7 521.4 522 521.6 525.2 528.5 532.9 537.9 541.1 546.4 556.9 567.2 571.8 575.1 576.8 577.9 579
412 440.1 451.3 456.4 460.7 465.3 469.9 472.5 474.6 476.5 478 479.3 479.1 479.2 479.5 479.6 480.3 479.7 479.9 480.1 480.2 482.3 484.4 486.5 490 489.7 490.1 491 492.3 495.3 498.3 498.4 498.3 498.2 500.3 500.6 500.7 500.5 500 499.1 498.3 497.6 498.1 498.4 498.9 500.8 503.2 503 502 503.4 505.2 506.8 507.9 508.6 507.4 507.7 508.7 508.6 507.5 512.1 521.1 521.3 522.7 523.7 524.7 528.3 531.9 536.9 549.2 555.8 565.5 571.4 573 574.7 576.7 577 578.1 579.2
425.8 447 453.7 458.7 462.8 467.3 471.1 473.2 474.7 476.2 477.5 478.3 478.4 478.3 477.8 477.4 477.5 478.2 479.1 479.6 479.8 479.5 479.1 480.5 484 489.6 490.9 492.5 493.4 496.6 499.9 500.8 499.5 499.4 501.3 503.2 503 502.6 502.8 502.1 501.2 500.3 499.6 500.3 502.6 505 506.3 505.3 504.3 504.8 506.7 509 510.3 510.9 509.9 508.9 511.8 514 515.9 508.7 517.1 522.1 523.6 525.1 526.8 529.6 535.5 548.1 560.3 565.3 570.5 573 575.8 577.9 577.7 577.3 578.4 579.4
