data/400000-380000.asc
ncols 200
nrows 200
xllcorner 400000
yllcorner 380000
cellsize 50
[rows 140 to 174 of 200, columns 78 to 155 of 200]
281.3 270.8 262.1 255.9 248 240.5 234.3 230.4 224.8 220.9 217.6 214.6 212.8 211.2 210.6 209.8 209.4 212 215.2 218.6 224.3 231.1 236 243.6 246.4 247.7 246.7 240.7 235.4 232.7 235.7 242.6 250.4 260.1 264.9 264.9 260.2 258.6 257.6 253.2 239.8 254.8 260.5 266.5 273.9 280.3 283.7 285.9 284.5 286.9 287.8 286.8 285.5 281 276.7 271.3 261.2 258.6 258 254.7 256.5 256.5 253.1 253.6 254.3 253.9 246.1 251.4 266.8 282.8 293.4 304.3 314.2 320.7 326.9 333.5 338.9 347.1
265.8 259.6 252.9 246.4 239.7 233.6 230 225.8 221.8 217.1 214.6 211.9 210.6 210.2 208.5 207.8 209 212.5 218.3 225.1 230.8 235.5 239.8 244 244.1 241.2 239.9 234.9 231.2 231.4 238.3 245.1 252.7 258 259.3 256.5 256.3 256.2 255.9 254.1 240.7 243.7 258.5 266.7 272.4 277.8 281.6 283 282.3 282.5 281.8 280.8 278.1 273.3 268.6 259.3 250.2 246.2 244.1 243 242.2 241.9 243.4 243.6 243.8 241.8 253.4 261.6 274.4 292.7 303.5 311.8 316.4 319 327.5 333.4 337.5 344.7
252.5 248.5 242.2 236.8 232.7 228.2 226.6 222.1 218.3 214.8 211.7 209.4 208.5 207.9 206.4 205.8 210 216.7 224 231.8 237.6 240.9 242.1 242 240.1 235.6 232.1 228.4 224.4 231.4 238 245.1 251.5 253.2 250.9 250.7 251.7 253 251.9 250 239.4 243.2 257.6 265.8 270.3 276 280.1 281.1 280.6 278.3 277.3 276.3 273.3 267.7 256.8 247.3 240.8 237.7 237.2 235.5 235.7 238.5 242.7 244.2 249.4 258.3 265.6 274.3 289.8 300.3 309 313.7 317.1 321.7 327.1 332.2 335.1 340.5
241.4 237.7 232.2 227.8 225.4 223.8 221.1 218 212 208.5 207.8 207.2 206.7 205.7 204.1 207.6 211.5 218.2 225 231.6 238.2 240.1 240.1 238.1 233.7 229.9 225.1 225.1 223.2 230.9 237.3 242.1 244.8 245.2 243.9 245.1 246 247.1 245.5 241.7 236.6 251.2 258.7 264.2 269.7 274.3 277.6 278.4 276.8 273.4 270.5 271.8 266.9 259.1 246.5 236.9 233.7 230.9 233.1 239.9 241.5 250.3 254 258.9 265.5 273.3 282.7 294.3 300.3 303.6 307.7 311.3 315.2 319.9 324.9 328.9 332.3 336.1
232.3 227.9 223.9 221.5 219.8 219.2 217.7 212 207.3 205.8 209.8 211.1 209.8 204.6 205.3 209.7 213.4 218.4 225.5 231.3 236.4 238.4 236.9 234 228.1 225.1 221.8 220.5 222.6 229.7 234.2 236.2 237 238 237.9 238.4 240.1 240.7 240.7 233.1 244.7 253.2 259.7 264.8 267.9 271.5 275.3 274.8 272.8 268.1 264.7 262.9 258.9 251.5 236.4 231.9 230 239.3 240.7 252 257.1 264.8 267 270.7 278.7 287.9 292.6 294.4 298.9 301.6 305.5 309.2 313.8 318.3 320.9 323.5 326.6 333.8
220.6 219.1 217.8 216 215.7 211.1 209.1 209.6 210.2 204.8 211.1 211.5 212 211.7 207.4 210.7 213.3 218.4 224.1 228.3 233.1 236.6 233.2 227.7 223.5 221.2 218 218.3 222.6 225.8 229.5 232.9 230.3 229.8 231.1 232.6 233.4 233.7 230 237.8 247.7 254.9 260.7 264.9 268.3 271.1 273.3 271.8 267.3 264 258.9 255 252.9 244.8 231.8 236.8 238.6 246 252.5 256.3 259.9 263.2 266.3 271.3 280.7 285.3 289.1 292.5 295.8 299 303.2 306.7 309.4 312 314.5 320 324.9 329.5
213.4 207.4 207.5 207.4 210.9 210.1 207.8 205.6 203.6 201 201.5 203.7 204.5 205.7 209.3 213.9 214.4 216.7 223.1 226.6 230.7 232.9 229.1 224.4 220.4 217.8 214.7 216.2 218.5 222 223.5 223.7 221.1 220.8 222.3 223.6 225.6 229.1 233.3 242.2 249.8 256.3 261.1 264.2 267 268.8 269.4 268.1 263.2 258.4 253.3 247.9 245.5 239.3 235.9 226.6 236.8 242.4 244.8 248.3 252.6 254.8 261.1 267.7 277.7 282.8 286.6 290.5 293.9 297.7 301.6 303.8 304.2 305.9 311.1 317.2 321.4 323.7
206.9 207.5 208.7 207.9 207.1 205.9 204.9 203.8 201.1 200.7 200.3 202.9 203.8 205.7 207.2 209 210.7 215.1 219.6 216.5 217.1 227.5 224.5 220.3 217.8 215.3 213.7 215.9 215.7 215.1 216.1 218.7 220.9 223 226.7 228.9 230.7 234.5 240.6 247.1 252.5 256.6 258.8 261.6 264.5 265.8 265.5 264.6 259.6 254.3 247.7 243.8 238 235 227.8 225.4 231.7 232.5 234.1 233.8 238.1 244.9 252.8 262.5 270.6 277.3 283 287.8 291.7 295.9 299.7 301.1 300.9 301.3 307.2 313.3 316.2 318.3
206.1 205.8 205.6 205.2 204.2 203.3 202.4 201.4 198.6 197.2 200.2 202.8 203.6 204.5 205.5 207.4 209.5 212.3 216.1 219.3 222.6 222.3 218.2 216.6 213.6 211.8 211.4 211.7 215.4 219.5 222.6 223.7 224.6 226.2 229.2 231.5 234.8 239.4 244.8 249 253.8 256.1 257.7 260.2 262.4 262.9 261.1 259.6 254.5 249.9 241.2 237.8 232.6 230.1 227.2 223.9 224.5 225.9 225.1 230.4 230.2 231.1 238 250 264.4 273 280 285.4 289.2 292.9 295.5 295.7 295.8 298.2 304 309.6 311.1 309.8
203.6 203 203.1 202.9 202.7 202.1 200.7 199.1 196.3 197.8 200.3 202 202.9 203.8 204.3 205.7 207.4 210 213.1 215.8 217.7 217.5 217 216.4 215.1 208 213.6 217.9 221.7 226.5 227.6 227.1 230.2 230.2 232.7 235.3 238.4 243.4 246.7 250 252.9 255.7 257.3 258.7 259.4 258.6 256.7 253.8 247 236.2 234 229.1 227.7 225.3 223.3 222.3 222.9 225.9 233.2 240.2 243.9 240.2 233.3 237.8 256.9 268.6 276.1 281.9 286.8 288.1 289.7 289.9 290.1 296 301.6 305.3 306.2 305.1
200.4 200.7 200.8 200.4 200.3 199.9 199.7 197.3 193.6 198.2 199.8 200.4 201.4 202.6 203.2 204.1 205.5 207.8 210.3 212.4 214.1 213.7 213.8 211.6 210.8 219.9 215.6 218.2 225.8 231.9 236.4 240.5 242.9 241.8 240.4 240.6 242.5 245.1 246.8 249.2 252.1 254.6 256.6 256.9 256.2 255.1 251.8 248.5 234.8 231.4 225.3 222.3 222.9 221 219.5 221.5 226.5 232.9 239.9 248.6 253 250.6 243.4 236.1 248.2 265.2 271.9 276.8 278.2 282.1 283.8 283.1 287.8 293.1 298.9 301.4 300.5 299
196.2 198.7 198.7 197.7 197.5 197.3 196.8 190.4 193.9 198.3 198.7 199.1 199.7 200.7 201.3 202.7 204.3 206.2 208 209.8 211.2 211.5 212 210 204.2 212 219.2 219 226.7 233 238.4 243.4 248.4 251 249.4 247.3 246.4 246.5 245.5 247.9 249.9 252.4 254.2 254.1 253.4 251 247.9 234.3 231.7 221.5 221.2 220 219.7 220.1 221 228.3 233.6 241.6 248.7 259.3 264.2 259.1 250.5 238.2 244.6 261.3 265.8 268.8 270.5 273 277.8 278.3 286.1 291 294.9 296.3 293.4 289.7
194.8 194.6 194.9 195.1 195.4 194.3 193.5 189.4 192.3 197.1 197.5 197.8 198.1 199.2 200.6 202 203.8 205.5 207.1 208.5 209.4 209.5 209 207.9 203.7 210.7 215.8 221.5 227 233.2 239.9 245.4 250.8 253.4 253.5 249.8 247.1 244.7 242.9 244.5 247.6 250.6 251.9 251.7 250.3 246.9 234.6 234 222.5 217.3 218.2 217.5 217.7 219.1 224.8 235.7 242 249.8 258.5 271.5 279.8 270.9 258.5 244.2 240.6 254.3 257.5 260.7 264.4 266.8 269.4 275.2 282.2 287.3 290.4 289.6 285.9 279.6
193.3 190.3 189.4 191 191 190.4 189.6 185.1 193.7 194.9 196.2 196.4 196.1 198.7 200.3 201.5 203.1 204.9 206.3 207.9 208 208 207 203.1 205.1 210 216.1 219.9 222.3 233.1 238.3 244.3 249.8 253.4 254.1 249.7 243.4 240.8 239.7 240.9 244.5 247.7 248.6 248.3 246.2 234.4 235.9 225.8 217.7 216.5 216.8 218.4 221.9 227.8 236.5 245.8 253.4 261.2 279 294.3 294.9 279.9 267.1 254.1 242.6 242.5 248 253.1 258.3 260.6 266.6 272.2 279.8 284.1 282.7 281.9 276.6 275.1
185.3 186.2 183.7 185.4 187.8 188 186.6 185.8 186.6 188.7 189.7 193.2 196.7 198.5 199.7 200.6 202 203.6 205 206 206.1 205.6 205.3 199.6 206.6 210.7 214.5 218.8 224.3 225.1 237.5 242.6 245.5 249.9 252.1 246.4 240.2 237.1 236.6 238.2 240.1 243.3 244.1 243.2 231.9 235.2 229.1 218.2 214 216 219.3 223.2 233.4 242.4 251.6 261.5 273 282.5 293.9 299.9 302.5 295.8 277.9 262.2 254.4 250.9 249.1 246.3 251.8 256.9 263.9 270.2 276.1 276.9 274 273.6 268.8 285.7
180 180.3 180.5 181 181.5 183.3 182.1 184 182.7 183.2 184.9 188.7 194.2 197 197.7 198.8 200.4 202.4 203.7 204 203.7 202.9 201.5 201.8 207.3 210.7 214.1 217.4 221.7 226.2 224.7 238.6 242.4 247.4 248.2 244.1 237.8 234.2 233.7 234.1 235.6 238.4 239.2 234 233.8 229.1 221.2 213.6 214.3 217.9 221 235.3 247.6 260.4 271.2 279.4 286.8 293.1 297.2 302.1 304.9 302.4 291.4 271.1 265.2 263.9 262.5 261.1 255.8 251.9 256.3 265.2 269.8 270.5 267.6 267.4 280.1 292.2
187 185.4 181.6 180.8 180.5 181.6 181 181.4 182.5 183.6 183.9 183.1 185.7 189.2 194.4 195.6 197.5 199.9 201.6 201.8 200.7 199.5 196.7 204.9 207.9 210.6 213.8 216.6 220.5 225.1 230.9 224.6 239.3 243.7 245 240.2 234.9 229 230.6 229.7 231.9 230 232.9 230 226.4 221.3 215.1 212.4 215 220.6 232.9 244.4 258.3 267.1 275.3 281.7 284.7 289.6 293.6 298.2 301.7 304.5 302.2 291.1 281.5 282.2 282.2 277.9 270.6 264.4 256.2 255.7 257.8 259.9 267.7 277.3 288.2 298.8
190.2 194 189.8 182.3 181.5 181.8 181.7 183.4 184.4 184.9 186.3 187.8 185.5 186 186.4 187.9 192.3 193 197.2 198.6 196.6 198 203.7 206 208.3 210.6 213.1 215.8 218.9 222.8 227.6 231 234.8 225.7 234.5 234.3 229.5 228.3 228.2 227.4 226.8 226.2 224.8 222.4 220.3 213.5 211.3 212.9 221 230.1 238.9 250.4 260.1 267.4 272.9 278.8 281.8 285.3 288.6 292.6 295.9 301.4 305 307.1 305.9 303 305.1 302.7 296.2 283 267.2 267.4 268.3 272.8 277.3 287.8 296.9 306.7
193 193.6 193.6 192.2 185.3 184.9 184.5 186.4 187.8 190.1 189.2 189.6 186.7 187.2 188.1 190.3 186.6 186.2 192.4 194.7 195.8 202 204.7 207.3 208.5 210.8 212.8 216 216.7 220.4 224.1 227.6 230.4 231 230 228.2 228.1 225.2 230.5 224.7 222.2 219.7 218.1 215.6 209.1 209 211.3 222.4 226.3 232.3 238.9 246.9 256.7 267.2 269.6 272.8 276.7 280 283.1 287.2 292 297.3 305 313.4 318.5 321.9 325.3 326.6 323.5 310.6 296.1 283.7 280 280.4 288.7 296.7 306.2 317.4
196.2 196.7 196.9 198.6 198.3 195 194.8 196.2 198.9 199.2 198.7 195.5 191.3 189.9 193.6 193.5 190.9 189.6 189.8 191.6 198.9 202.5 205 207 208.7 210.5 212.3 214.6 216.3 218.3 221.2 223.3 222.9 224 223.8 226.4 220.7 220.5 226 224.8 218.1 216.8 215.3 211.7 209.4 211 218.6 222.9 227.6 231.6 237.8 244.8 255.1 261.2 264.8 267 269.8 273.5 277.2 282.6 287 295.4 305 314.1 321.2 325 328.5 327.5 325.1 321.7 312.8 301.4 292.8 293 297.4 305.5 314.6 324
197.7 201.5 203.1 203.4 203.1 203.3 202.9 203.2 203.7 202.9 202.1 201.5 200.6 200.4 197.8 199.7 199.6 193.3 193 191.3 195.7 197.6 203.8 205.9 207 209.9 211.8 213.2 213.9 215.3 217.8 220.2 219.1 219.9 228.3 218.6 217.1 216.9 231 232.5 220.8 211.9 209.4 208.2 213.1 214.6 219.1 223.9 227.4 230.8 236.1 242.4 249.2 253.7 257.3 260.1 263.3 266.9 271.7 277.9 285 294.6 305.8 316.3 323.9 328.6 330.6 328.2 326.1 318.6 311.5 306.2 299.4 303.1 307.2 314 321.7 331.8
201.8 203.2 204.1 206.4 206.7 206.5 205.7 205.7 204.9 204.1 202.9 203.3 203.7 204.1 202.6 203.3 204.5 199.2 192.9 191.3 191.6 190.8 196.9 203.9 205 206.7 207.4 207.5 209.9 211.4 213.6 215.4 218.6 214.4 218.7 214.2 214.5 214.6 221.9 228.9 220.5 207.3 207 213.4 216.5 219.4 220.7 224.2 227.5 230.2 233.2 236.9 242.3 247.2 251 254.1 257.2 261 266.4 271.1 282.4 294.8 306.9 315.9 324.4 327.3 326.8 323.7 325.3 316 308.5 304.7 304.1 306.4 312.8 319.9 328.5 338
202.3 205.6 206.2 204.8 203.9 204.4 206.1 207 206.2 204 203.8 204 204.9 205.5 204.8 204.7 205.9 201.5 194.6 192 192.9 193.2 192.6 198.3 199.6 199.7 198.1 196.3 200.8 206.4 207.8 208.7 209.1 210.1 210.2 209.9 209.6 209.7 206.4 212.4 207.8 213.3 216.3 217.9 219.1 220.7 223.7 225.5 226.6 228.6 230.9 233.7 237.1 241.9 246 248.7 252.1 256.3 261.5 269 280.3 294.8 304.2 311.9 320.2 323.3 320.2 317 317 309.9 304.6 301.1 302.6 307.3 314.8 322.9 331.1 342.4
211.6 214.3 216.1 218.5 220.4 217.2 214.2 211.4 209 208.6 210 208.2 205.5 206.9 207.3 207.2 206.9 202.1 195.8 193.6 194.2 193.9 192.2 192.5 194.5 194.4 195.9 195.6 196.3 200.5 202.7 203.7 205.3 205.7 204.7 207.4 201.3 202.3 203 208.5 214.7 218.2 219.7 221.1 222.2 224 226.2 227.6 228.5 229.8 231.2 233 234.4 238 241.1 244.2 248.2 252 259.3 268.8 280.5 291.7 301 309.7 316 317.9 314 310.3 306.4 301.4 298.3 296.7 298.1 307.4 317.1 327.7 339.5 350.2
216.8 218.5 220.5 222.4 225.2 221.4 218.6 215.9 213.9 211.6 210.7 210.1 210.5 210.7 210.1 209.9 208.8 202.8 198.7 197.6 196.7 195.2 194.5 195.3 194 195.7 196.1 196.3 197.2 198.7 198.4 199.8 200.3 201.8 203 201.3 202.2 207.5 212.5 216.3 218.6 220.3 221.6 222.6 224.8 226.6 227.4 229.1 230.5 230.8 232 232.8 233.8 236.1 238.4 241.8 246.7 251.7 260.2 270.3 282.7 292.4 300.9 308.2 311.4 310.4 307.6 302.2 296.9 294.4 293.3 290.3 297.8 308.7 320 331.8 344.2 353.7
222.4 223 225.2 227.3 228.2 223.8 221.7 222.1 223.3 222 220.4 218.1 216 216 214 213 210.2 208.4 207.8 205.3 202 197.3 197.3 197.2 198.2 199.6 200.7 202.7 203.2 204 209.7 214.2 215.8 209.5 205.6 206.8 200.6 200.5 200.8 210.5 215.3 219 222.1 222.4 225 226.1 227 228.5 229.8 231.1 231.3 231.9 232.7 235.3 238.4 243.2 247.8 254.4 263.4 272.6 282.3 292.5 300.8 306.2 304.4 301.1 297.6 292.8 288.7 288.7 285.6 287.5 299.6 311.3 324 334.7 341.5 348.2
227.9 227.3 229.3 231 231.1 229.7 232.5 233.3 234.6 237.1 236.5 231.2 224.1 220.4 218.3 217.8 217.4 214.8 212.9 209.6 207.3 204.2 207.6 207.9 208 208.3 208.9 209.9 209.8 211.2 217.5 222.9 227.8 229.8 227.8 219.1 215.2 202.6 200.7 203.8 209.7 215.3 219.2 221.1 222.9 224.2 225.1 226.6 228.2 228.8 229.4 230.2 232.3 235.7 239.3 244.9 249.8 258.3 266.7 274.7 282.3 292 299.4 300.8 296.8 292.5 287.7 284.5 284 281.1 278.1 287.8 300.1 314.5 322.3 327.7 333 343.5
233.3 232.8 234 236.9 240 242.6 243.6 245.3 245.8 247.2 247.8 241.4 230.8 225.2 226.1 226.6 226.4 223.4 218.5 215.2 208.6 208.1 206.7 204.6 207.7 208.9 211.5 214.6 217.1 218.4 219.2 219.4 219.7 220.1 220 220 219.7 220.1 207.7 203.4 204.4 208.6 218 218.9 220.8 222.2 223.3 225.3 226.1 226.6 227.1 230 233 236.2 241 247.6 254.1 263 269.7 275.4 281.5 289.3 295.3 294.1 289.5 284.1 279.3 277.9 276.9 272.8 278.4 289.1 300.6 312.4 318.4 322.2 331.1 345
237.7 238.2 241 245.9 250.4 252.1 254.4 255.9 256 255.8 251.7 244.6 234.5 235.7 238.3 239.1 236.4 232.9 227.4 219.9 211.7 211.1 209.4 208.2 211 209.5 212.4 214.2 216.3 220.1 225.8 231.3 235.3 237.6 236.3 231.8 226.4 222.5 212.2 212.4 203.5 203.9 213.4 216.1 217.6 220.5 221.3 222.6 223.4 224.1 227.1 230.4 233.4 237.8 243.7 252 258 265.9 271.2 275.7 280.5 287 291.4 290 282.7 275.9 270.5 269.7 268.3 271.2 279.3 289.1 300.4 307.5 312.8 320.1 330.4 345.6
243.4 243.7 248.8 253.9 259.1 261.4 262.6 263.4 262.2 258.6 252.9 245.6 242.5 245.1 248.7 252.9 250.3 242 232.2 222.1 216.2 214.6 213.1 211.6 213.3 212.1 214.4 216 218.7 222.9 228.4 234 237.6 239.4 236.1 233 226.1 222.8 219.8 212.7 210.8 204.1 206.3 214.4 216.1 217.9 220.5 221.5 222.8 223.9 227 230.5 235.2 239.4 246.4 255.9 264.6 270.2 273.8 276 279.3 283.8 286.3 282.3 275.1 269.1 265.6 264.2 266.6 270.9 280.9 289.6 296.4 305.3 311.3 319.7 331.6 344.8
249.4 246.8 254 260.6 264.3 266.3 266.5 267.2 265 260.5 255 252.7 251.9 258.6 267 267.1 258.4 246.3 233.8 223.7 216.8 216.3 216.2 216.3 215.6 214.7 215.6 218.2 222.4 229.8 236.3 238.8 240.3 241.2 235.8 231.2 223.9 218.9 216.9 213.2 209.1 205.8 212.5 214.9 216.9 218.2 219.9 221.1 222.1 226.2 227.1 230.9 236.7 245.1 252.5 261.9 272 276 276 275.4 277 279.4 278.5 274.3 268.6 263.4 260.5 259.2 267.6 273.3 281.2 291.7 299.3 305.1 311.1 320.5 333.4 343.8
255.2 253.8 257.6 263.3 267.7 270.3 271.8 272.5 269.1 265.8 264.2 261.9 265.3 267.4 270 264 256.8 246.3 234.4 224.6 218.9 217.8 216.7 217 217.7 216.3 217.1 222.1 228.6 236.9 241.8 245.3 245.1 242.6 235.4 228.3 217.2 216.9 214.5 211.3 209.8 212.5 214.1 213.4 216.1 217.7 219 218.8 221.9 223.7 228.2 232.4 239.2 248.8 257.3 266.9 273.1 274.9 274.1 272.6 272.7 273.3 271.5 266.1 262 257.9 256.2 260.8 266.8 274 283.4 292.7 299.2 304.9 311.3 322.1 332.1 339.1
263.1 263.2 265.8 268.9 272.9 275.7 276.3 276.1 275.2 274 272.6 272.4 272.4 269.6 263.5 259.5 253.1 243.2 231.9 224.4 220.7 219.3 218.1 217.5 218.7 217.9 221.7 229.8 237.5 244.8 250.8 252.9 249.6 243.6 234.8 224 216.6 215.2 211.4 209.6 208.1 213.5 214.8 215.9 215.8 217.6 217.6 218.6 218.6 226.3 229.5 230.4 238.3 249.6 260.3 267.2 271 272 270.2 269.2 268.4 266.4 263.9 260.4 256.4 254.4 250.2 258.2 265.2 274.4 283.7 292.2 298.7 305.1 313.5 322.2 326.7 328.2
273.4 272.6 275.7 277.6 280 281.1 281.6 281.2 281 280.6 280.1 279.2 276.3 271.2 261.7 252.5 247.3 240.4 230.5 224.5 222.5 220.4 219.2 219 219.5 221.9 228.9 239.2 246.8 253.8 260.9 260.3 251.6 244.2 230.8 221.1 215.9 215.3 211.8 210.5 208.1 210 210.2 210.4 213.3 213.6 215.8 216.6 223.7 229.2 232.7 237.7 232.9 240.2 253 263.6 265.3 266.4 265.9 265.6 264.2 261.7 258.9 253.3 249.2 248.2 253.8 258.1 265.8 274.1 283.9 290.7 297.8 305.4 313.8 317 319.5 314.5
287.9 285.1 287.1 288.5 290 290.8 289.9 287.9 286.5 284.2 283.7 281.7 278 271.9 259.4 251 243.6 236.5 228.7 227.3 224.2 222.4 220.9 221.1 222.6 228.2 237.5 247.9 254.3 259.3 261.9 259.4 249.3 240.2 227.2 216.8 216.4 215.3 213.8 212.9 210.8 209.3 209.2 211.3 210.9 210.7 212 217.9 227.3 230.1 234.8 240.5 241 234.8 243.1 255.8 258.8 258.6 259.3 261.2 259.7 257.2 253.4 249 246.4 247.1 250 256.1 264.5 273.7 282.8 290.6 296.4 303 307.2 307.7 305.9 301.4
