data/400000-80000.asc
ncols 200
nrows 200
xllcorner 400000
yllcorner 80000
cellsize 50
[rows 156 to 194 of 200, columns 0 to 86 of 200]
61.3 63.5 65.1 66.7 69.4 70.7 72.9 74.4 74.7 73.2 72.5 73.5 74.4 80.8 83.2 84.3 82.7 81.6 81.6 82.7 84.1 85.4 86.2 86.4 84.7 82.3 82.4 85.8 87.7 87.2 89.7 95 99.9 102.6 104.5 103.9 104.8 107 101.4 95.9 97.3 98.9 101 98 90.9 85.9 80.8 78 71.6 67.8 65.7 63.4 55 51.6 52.7 54.2 56.7 59.4 62 64.3 63.9 63.8 63.7 59.1 54.7 50.3 45.3 39.6 34.5 30.3 27.6 26.6 26.8 25.2 24.3 24.2 25.9 28.5 28.2 25.5 24.9 25 25 24.7 26.5 27.9 28.5
63.3 64.7 67 68.7 71.2 73.1 74.7 76.6 76.9 76.5 75.8 77 77.6 79.6 82.9 88 86.3 85 84.3 84.4 86.3 87.9 89.6 89.8 88.4 87.6 90.2 95.1 95.2 93.6 94.8 99.6 104.8 107.1 109 110.8 111.8 107 100.4 101.3 102.2 98.4 96.7 92.3 88.7 84.1 78.1 70.8 67.7 63.8 60.3 58 56.2 55.8 56.6 58.8 62.4 63.6 65.3 64.9 63.1 60.7 57.1 54.9 50.8 46.5 40.9 36 31.6 28.8 28.1 27.6 27.8 27.2 26.4 26.4 27.3 28.5 27.4 26.5 26.8 27.1 27.2 26.2 28 29.9 30.9
65.7 66.9 68.2 69.9 72.3 74.4 76 77.1 78.2 79.4 80.1 79 79.7 80.5 81.3 85.5 87.7 88.4 88.6 88.8 89.4 91 93 92.7 91.1 89.5 92.5 97.5 101.1 99.4 96.2 99.1 102.7 107.4 109.3 111.3 109.1 105.4 104 103.2 100 94.7 88.1 84.8 84.4 81.4 73.8 69.2 68.6 66 63.8 62.8 63.8 64.8 66.7 68.5 69.7 65.9 63.7 61.3 58.1 54.8 50 47.2 43.9 40 34.2 31.8 30.7 30.5 30.4 29.9 29.9 28.9 28.7 28.8 29.1 29.6 29.2 29 29.5 30.1 29.6 27.9 29.3 32.4 33.7
68.7 69.6 70.8 71.9 73.8 75.4 78.4 79.4 80.4 81 83.4 82.5 82.4 86.8 85.6 85.7 90.3 92.4 94 94.1 93.4 95.2 96.3 94.7 93.1 91.7 92.6 97.2 100.4 102.3 102.3 104.5 105.9 108.4 110.8 112.4 111 108.9 106.3 102 97.6 92.2 89.1 86.5 83.2 76.8 73.3 76.5 76.4 75.8 72.9 72.7 72.8 76.1 72.5 70.1 65.3 60.8 58.7 55.6 52.1 47.9 45.2 41.3 36.8 35.4 35.5 34.9 34.2 33.2 32.7 32.4 31.4 30.2 29.5 30.3 31.3 32.6 32.5 32.3 32.8 33.4 31.7 30.7 31.4 35.1 37.2
71.3 72.8 74.1 75.5 76.4 77.6 80.2 82.8 83.9 84.3 86.4 86.6 86.8 90.7 92.4 87.7 93.5 97.3 99.9 99 98.4 99 98.8 96.8 95.5 94.3 96.1 99.3 102.2 106.7 108.4 109.1 110.9 110.9 114.8 115.2 115.1 111.6 103.7 103.7 106.5 100.1 95.5 95.9 96 85.4 85.2 86.8 83.3 81 78.1 74.6 73.4 73.4 67.8 60.6 56 53.4 52 49 44.9 44.8 42.7 42.2 39.6 38.6 38 38.3 37.1 36.2 35.6 35.2 34.2 31.4 31.7 33.9 35.5 36.3 36 36.7 38.3 37.4 34.5 33.8 35.1 37.9 40.9
73.3 76 77.9 79.3 80 81 83.9 87.6 89 90.6 90.8 92.2 93.5 96.9 98.4 92.8 98.5 103.6 104.6 104 102.9 102.6 102.1 100.7 99.1 101.7 102.3 103.5 106.3 110.5 113.5 115.2 115 115.7 119.6 117.6 115.7 113.9 113.4 114.1 113.1 108.7 101.6 104.7 104.5 96.1 92.7 88.3 84.3 80.7 75.1 68.2 64.3 61.6 59.3 55.9 53.4 51.1 49 47.8 46.5 47.4 47.3 45.7 43.3 42 42.4 42.8 42.6 42 41 39.7 36.4 33.8 35.7 38.5 40.3 41.3 42.4 43.4 42.9 39.5 37 38.3 39.3 41.7 45.8
76.2 77.6 80.8 83.2 84 84.5 87 97.1 100.7 104 99.9 99.2 103.4 106.4 108.2 104.2 106.1 108.1 108 107.8 107.3 107.3 107.4 106.4 104.4 104.8 108.2 108.3 110.6 114.4 117.1 119.4 119.8 119.2 120.7 120.9 119.8 118.3 118.4 118.9 118.2 116 113.8 111.6 105.1 95.3 88.3 81.2 77.7 73.7 68.5 64.6 64.2 62.3 60.2 57.1 54.3 52.1 52 53.7 51.8 52.2 53.1 50.8 48 47.6 49.4 50.4 49.5 48.5 46.2 42.8 38.1 37.3 40.5 43.8 46.3 47.5 48.3 48.4 46 41.6 40.6 43.4 43.9 46.5 50.5
80.7 78.9 82.8 86.3 89 89.3 89.7 91.8 99 106.7 108 109.7 111.3 115.3 117.4 118.2 114.6 112.4 111.3 111.4 111.6 112.2 111.5 109.1 107.8 109.3 111.3 112 113.1 114.9 116.6 119 121.1 121 120.3 120.6 121.4 122.5 123.1 122.1 120.7 119 115.4 109.3 98.7 87.1 81.7 78.4 74.8 72.3 70.7 71 71.4 68.8 63.6 60.2 57.9 55.7 58.8 60.6 56.5 57.2 59.3 56.3 54.9 55.7 56.6 56.9 56 53.6 49.5 42.9 40.9 44.8 49.5 53 54.2 54.9 54.3 52.1 47.2 43.3 45.1 47.9 47.6 50.9 54.6
83.3 81.4 83.3 87 92 96.3 97.5 97.1 98.5 101.1 104.9 108.6 115.7 125.1 128 125 118.2 116.5 116.9 117.6 116.9 115.5 113.4 112.8 114.5 113.9 113.4 114.1 114.5 115.2 116.8 118.4 119.3 117.4 118.6 119.1 119.8 120.9 122.8 120.4 119 116.1 110.4 101.5 91.5 85.5 83.7 81 80.3 80.7 79.7 79.4 75.9 71 67.1 65.7 64.1 61.8 66.2 65.8 62 62.2 65.1 63.6 63.7 63.7 63.8 62.9 61.2 56.2 49.2 42.9 44.7 52.3 58.6 61.8 62 61.3 58.3 53.1 48.4 46.3 49.6 51.9 52.4 55 58.3
90.6 87.4 86 87.8 91.2 97.4 101.5 103.4 106.1 107.8 109.1 113.4 120.1 129.7 134.1 127.5 123.2 121.7 122.7 122.4 121.5 119.4 117.7 117.6 116.9 115.2 114.5 114.4 114.6 115.7 117.1 117.6 117.7 116.1 115.1 114.7 113.6 112.4 112.3 111.3 109 105.8 101.6 95 89.2 88.3 87.9 85 85.3 87 87.1 84.3 78.8 73.8 74.3 73.6 69.2 69.7 73.2 72.2 66.9 67.2 70.9 70 70.2 69.6 68 65.2 61.7 55 48.1 46.3 50.5 59.4 65.2 68.6 67.4 63.8 58.5 53.4 52.2 51.7 52.4 55.9 57.3 59.7 61.8
109.9 103 95.6 91.2 90.6 94.4 99.7 104.9 108.7 112.2 115.3 118.8 123.2 128.1 130.9 128.9 126.8 126.1 127.1 126.6 125.5 123.1 121.4 118.6 116.7 114.2 114.6 114.4 113.2 115.2 115.2 113.7 110.8 110.2 107.9 105.2 100.1 99.3 100.1 99.5 99.4 99 95.3 93.9 93.5 93.2 92.2 89.8 90.2 92.4 91.2 87.2 81.3 79.7 82.1 79 74 77.3 80.8 77.5 71.2 72 76 75.2 72.7 68.5 64.6 61.3 57.1 52.2 49.9 52.7 57.7 64 69.5 72 69.1 63.8 59 56.9 57.5 57.6 57.3 59.5 61.8 63.9 64.6
127.4 121.2 115.3 107.3 97.1 95.8 99.3 103.3 108.8 112.6 118.3 121.1 125.3 128.8 131.4 131.9 130.3 131 131.3 130.9 129.2 126.6 123.8 120.3 116.8 112.4 110.1 113 107.8 106 105.6 103.9 101.7 102.3 100.3 95.5 91.8 89.7 89.3 92.5 95.8 98.2 98.5 98.5 99.2 99.5 98.3 96 95.2 96.6 94.2 89.4 85 86.6 88.1 83.6 80.3 84.9 86.7 81.5 75.9 77.6 79.6 77.1 70.7 65.9 61.5 58.5 56.1 56.5 56.8 60.2 64.8 69.7 73.7 74.7 69.7 65.2 63.9 63.8 63.9 62.4 60.5 63.4 65.6 68.2 67
145.4 140.4 134.6 127.2 117.8 105 98.7 100.9 105.7 110.4 115 120.7 126.2 130.9 135.2 135.4 135.5 136.2 136.2 135.4 133 130 125.6 121 117.4 111.8 104.5 102.7 101.3 95.2 94.8 93.3 93.4 97.4 94.5 87.7 84 87.2 93.1 96.8 99.2 101.9 103.4 104.1 105.2 105.5 103.5 101.3 100 99.5 97.5 93.2 90.3 92 91.6 87.2 87.1 91.1 90.8 85.6 83 83.3 82.8 78.6 72.3 70.5 68.3 65.9 65.3 67 68.7 70.9 73.9 76.3 78.5 77.9 74.7 73.8 72.4 72.2 70.8 67.8 66.2 68.3 70.7 71.9 71.3
166.4 160 154.4 147.3 140 126.8 114.1 108.4 104.8 108.7 112.8 117.2 123.7 129.7 136 137.9 141.7 141.1 140.2 139.2 135.9 132.5 128 121 114.9 109.1 101.4 94.1 97.9 91.2 86.1 84.6 87.3 91.7 88.2 82.1 82 92.6 99.1 102.6 104.4 106.6 108.5 109.8 111.3 110.8 109.6 107.6 105.6 105.6 105.2 101.4 97.7 98.4 96.1 94.6 95.9 97.9 95.6 93 91.7 91.3 88.1 85.8 85.6 85.8 86.6 85.2 83.6 82.6 82.5 83 83.5 84.2 84.5 83.8 83 82.7 82.4 80.4 77.6 74.2 74.1 75.4 76.9 78 78.2
178.6 176.8 172.3 167 158.9 150.5 140.6 134.8 129.4 124.6 118.9 120.2 123 127.6 134 142.1 147.8 147.4 146.2 141.4 135.6 130.7 122.2 112.1 105.3 100.6 95.9 89.9 89 86.5 81.6 79 80.5 84.3 82.4 76.3 82.5 96.9 105.9 109.7 111.4 113 115 117.6 119.2 118.4 117.9 115.9 114.1 113.8 113.2 111.1 107.8 107.6 107 106.8 107.6 107.3 106.5 105.5 105 104.9 104.7 104.2 104.5 104.2 103.5 102.5 102.5 101.4 101.5 99.6 99.4 98.6 98.7 98.6 98.3 97.6 95.2 91.7 85.1 84.6 86.6 88.1 89.8 92.5 93.6
183.1 184 182 177.5 172.2 166.6 163.1 159.2 155.2 151.7 145.9 139.6 140.7 144.9 151.6 156.9 159.7 158.4 153.2 142.3 131.4 123.1 115.7 110.9 105.3 103.2 98.7 92.6 88.8 81.8 79.6 76.5 75 76.7 76.1 71.7 83.2 99.7 110 115.1 117.9 122 124.7 127.1 128.3 128.5 127.8 128.5 128.5 128.8 127.9 127.4 126.6 125.9 124.4 123.9 123.8 122.5 121.5 121.6 121.4 120.8 121.6 121.4 120.8 119.3 117.9 119.2 118.8 118.3 117.6 115.8 114.5 113.4 112.7 112 110.3 108.7 105.4 99.9 95 96.2 97.7 99.9 102.4 103.4 104.3
184.7 185.1 184.4 181.6 178.5 176.7 175.7 173.7 172.5 169.7 164.9 160.5 162.5 166.8 172.6 176.4 178 176.6 170.2 158.4 143.8 131.7 128.2 129.2 131.3 130.1 125.7 119.1 111.3 104.2 90.5 79.3 74 70.4 69.7 68.8 80.6 97.4 110 118.2 125 130.6 134.7 136.8 138.2 139.1 140.7 142 142.6 143.3 143.4 142.2 141.5 140.6 139.5 138.5 137.8 137.1 136.4 136 135.8 134.8 133.6 132.5 131.3 130.8 130 129.3 128.6 128.6 128.4 126.7 126.1 125 124.2 122.3 120.4 117.4 113.5 109.6 106.2 106.6 109 110.9 112.4 112.8 113.5
178.8 181.6 181.5 180.6 180.6 180.4 181.5 182.1 181.1 179.3 176.6 174 177.6 182.5 187.1 188.9 188.2 187 183.2 177.6 165.8 156.2 153.7 153.1 154.3 150.7 143.8 136.4 129.2 121.2 113 102.8 86.8 74 68 66 74.3 91.6 106.4 119.2 130 137.6 143.1 145.1 146.1 147 150.6 152.6 154 154.8 154.6 152.8 152.2 151.7 150.4 150.4 149 147.5 145.9 145.9 145.1 142.3 141.5 139.4 138.2 137.1 135.6 134.6 132.2 133.6 134.1 133.5 132.9 132.3 130.8 128.9 126.2 123.1 119.6 117.2 116.1 116.1 116.8 116.9 116.5 116.5 116.2
170.1 173.6 174.9 176.1 178.6 180.8 182.7 184.2 185.4 186 184.3 184.2 186.9 190.7 193.8 195.8 196.1 195.2 192.7 188.3 183.7 177 171.8 168.8 166.3 160.1 152.7 145.6 138.8 131.8 123.6 114.3 102.5 86.2 71.8 65 68.1 81 96.5 111.8 125.2 134.7 143.3 145.3 143.5 146.8 154.1 158.1 160.4 161.7 161.2 159.3 158.4 158.7 158.3 157.2 155.8 154.5 152.6 151.4 149.9 147.4 144.5 142.8 140.3 138.5 135.9 134.2 132.8 131.7 133.2 133.4 132.9 131.5 129.3 126.8 123.9 120.3 117.1 113.6 113.3 113.2 113.6 110.6 109.5 107.7 106.9
156.5 161.1 164 167.9 172.5 176.2 179.8 182.8 185.7 186.7 187.9 190.4 192.5 195.2 197.5 198.9 199.2 199.1 197.9 195.8 192.2 186.9 183.9 180 174.4 166.3 158 150.1 144.9 138.5 130.7 120.9 109.3 93.9 77.4 67 62.8 69.5 82.2 96.8 107.5 118 128.8 133.6 127.8 137.7 150.6 156.5 159.6 160.8 161.1 160.3 160.6 159.5 159 157.6 155 152.4 149.3 147 143.5 141.1 139.3 136.9 135 132.7 129.6 127.1 124.4 126.4 126.9 126.5 125.1 123.1 119.5 117 114.2 110.3 106.9 105 103.5 101.1 100.2 99.3 96.9 94.1 93.5
133.8 140.8 146.8 150 160.8 168.2 173.9 178.5 182.2 186.8 188.5 191.4 193.9 196.5 197.8 199.2 199.2 199.2 198.7 197 194.7 190.8 185.7 180.6 173.6 164 154.7 146.7 141.4 138.3 132.8 123.3 111.5 96.1 80.7 69.4 60.4 59.7 68.1 77.9 87.9 97.8 108.2 113.3 107.3 124.2 142.2 149.9 152.1 152.8 152.9 153.5 153.6 151.1 147.4 148.6 148.9 145.4 141.5 138.3 134 130.6 129.6 127.3 124 122 119.7 113 107.1 115.3 116.2 114.3 109.2 106.4 103.1 98.1 94.5 90.2 84.6 80.7 78.9 72.1 64.2 61 54 48.6 40.6
111.1 118.5 124.2 125.9 141.4 153 162.3 170 176.2 181.8 185.8 189.4 192.4 194.9 196.8 196.9 196.2 196.4 196.8 196.3 194.5 189.9 183.4 174.6 162.3 145.8 131.7 121.3 118.9 120 120.8 117.5 107.6 90.7 74.7 64.3 59.3 56.5 57.5 60.6 69.2 79.1 88.3 91.2 94.8 115.8 134.4 138.9 140.5 140.4 141.2 144.3 142.6 139.4 127.5 134 137.2 134.7 126 122.8 119.1 109.9 112.3 109.4 105.3 102.2 101.7 93.9 83.9 90.8 92.5 91 86.5 83 79.9 75.9 72.5 69.2 48.3 40 37.3 30.3 27.5 17.6 7.8 3.4 -0.5
91.2 95.7 98.2 107 119.6 129.9 141.2 154.3 163.5 171 177.2 182.2 186.1 188.5 191 191.2 187.7 188 192.1 193.4 192.9 189.7 180.4 167.2 149.1 135.5 122.8 108.5 97 96.2 99.3 102.2 95.9 80 67.7 69.2 69.7 64.7 53.8 53 57.4 64.2 71.5 74.3 94.4 113.8 120.3 116.4 119.4 119 121.9 125.1 120.9 115.7 107.1 108.7 112.3 112.6 106.2 98.4 92.2 85.9 83 81.7 80.9 79.7 76.4 71.1 63.9 65.6 69.7 69.6 67.3 64.3 60.6 56.9 55.5 34.2 14.6 12 11.5 5.8 -0.5 -0.5 -0.5 -0.5 -0.5
84.5 88.7 85.4 88.5 95.2 106 118.8 128.1 143 151.2 159.5 168.4 174.6 178.6 181 179.9 167.6 172.2 186.1 189.9 191 189 184.3 176.9 164.7 155.1 142 126.8 110.6 93.5 85.4 84.8 84.1 71.9 76.2 92.8 94.4 86.7 70.7 52.8 49.6 54.5 58.6 67.6 82.4 92.1 93.7 92 94.8 94.8 98.6 100.7 99.1 92 86.4 86.9 87.8 90.4 89.3 82.6 75.4 70.2 66.6 63.7 61.9 58.8 57 55.7 51.1 51.2 56.3 60.3 57.3 51 48.5 47 38.1 15.7 6.2 0.9 -0.5 -0.5 -0.5 -0.5 -0.5 -0.5 -0.5
81.6 82.1 78.8 80.8 86.9 93.9 103 112.4 118 130.6 136.6 146.7 157.3 164.2 167.7 159.9 142.7 159.4 177 183 186.1 187 185.8 181.5 174.7 167.1 157.4 145.5 129.9 114.3 97.3 83.5 76.4 77.4 92.6 103.1 101.5 93.7 81.8 68.5 53 46.3 51 55.9 64.1 68 70.9 72.7 77.1 81.9 84.3 85.5 83.4 78.2 75.6 76.9 80.4 83.8 84.5 79.8 71.2 64.2 57.8 53 49 45.7 45.1 45 44.3 48.8 54.9 55.6 54.1 48.7 42.7 35 15.4 5.4 -0.5 -0.5 -0.5 -0.5 -0.5 -0.5 -0.5 -0.5 -0.5
73.4 72.3 73.2 78.9 87.8 94.9 101.1 106 107.4 106.9 110.4 123.1 136.5 142.2 145.5 138.7 127.9 149.9 162.9 165.1 172.3 179.2 179.9 177.5 171.5 163.2 152.7 142.1 131.7 121.8 111.2 97.4 91.4 93.8 95.5 92.1 86 78.5 68.6 62.1 56.5 48.2 43.9 46.2 49.6 50.8 58.7 63.8 69.8 74.6 76.3 77.3 74.5 70.4 67.3 70.2 75.3 77.1 75.4 71.6 66.2 61.3 55.8 50.7 46.4 41.7 37.8 37.5 40.1 46.3 48 47.4 47.1 46.9 41.8 29.7 6.9 -0.5 -0.5 -0.5 -0.5 -0.5 -0.5 -0.5 -0.5 -0.5 -0.5
65.9 65.4 65.8 76 81.9 89 95.2 98.5 99.4 96.2 99.1 108.6 116.8 120 117.9 115.4 118 137.3 144 151.3 156.6 159 167.4 164.9 155.6 144.5 135.1 126.3 117.8 110.3 100.3 92.7 87.6 82.9 79.9 74.7 70.1 63.4 58.5 54.5 50.7 47.6 44.1 41.9 43.6 47.7 53 58.8 63.1 66 66.6 67.3 65.9 64.3 61 63.3 67.7 68.7 63.5 60.2 57 52.3 49.9 49.1 45.7 42.3 37.3 34.1 34.3 36.9 38.5 39 41.1 41.6 29.2 6.7 -0.5 -0.5 -0.5 -0.5 -0.5 -0.5 -0.5 -0.5 -0.5 -0.5 -0.5
59.4 64 66.1 72.6 78.7 85.4 89.7 93 92 89.7 93.5 104.3 109 108 104.5 100.9 103 111.8 120.7 128.1 138.4 144.9 145.7 140 131.7 126.3 119 112.3 109.3 103.1 93.4 85.7 80.1 75.8 70.8 66.5 62.5 59.6 57.1 55.2 53 50 44.1 40.4 39.7 42.8 48.2 51.4 53.5 55.4 56.3 57.7 57.5 56.4 55.5 55.7 58 58 55.5 51.1 46.8 42.9 41.6 45.1 44.8 41.8 37.9 34 31 31.2 31.8 32.9 29.3 25.6 9.1 -0.5 -0.5 -0.5 -0.5 -0.5 -0.5 -0.5 -0.5 -0.5 -0.5 -0.5 -0.5
57.2 62.9 67.6 72.9 76.5 79.3 83.5 85.8 84.8 84 87.9 97.6 99.4 97.3 94.9 92.6 93.8 99.3 104.3 111.4 115.4 119.9 120.7 119.6 117.3 113.8 105.4 99.5 97.6 95.1 88.8 81.8 77.1 74.9 71.3 67.8 65.8 63.7 60.8 58.6 54.7 49 44.1 39.8 39.1 39.2 41.4 44.3 47.2 47.1 47.4 48.2 48.8 49.6 50.9 50.2 51.3 53.3 52.6 48.6 43.6 39.7 33.1 35.4 40.4 40.1 36.8 33.4 30.3 27.6 28.3 29.4 25.4 11.4 -0.5 -0.5 -0.5 -0.5 -0.5 -0.5 -0.5 -0.5 -0.5 -0.5 -0.5 -0.5 -0.5
64.2 68.8 69.4 71.1 71.6 74 78.4 78.1 76.2 76 81.6 90.1 90.7 88.5 87.1 85.5 86.7 89.1 90.3 96.1 102.2 105.1 105.2 107.3 108 105.4 98 92 87.7 85.2 83.5 81.7 79.9 79.1 73.4 67.7 64.5 61 56.6 53.2 49.1 44.7 41.2 38.9 38.1 37.7 37.7 37.9 39.7 41.8 41.8 42.8 44.7 46.9 47.6 46 48.4 52.1 53.5 48 43.9 39.7 33.5 29 32.3 33.8 33.7 32.8 31.2 27.9 24.8 25.6 26.7 -0.5 -0.5 -0.5 -0.5 -0.5 -0.5 -0.5 -0.5 -0.5 -0.5 -0.5 -0.5 -0.5 -0.5
61.5 66.5 66 67.3 66.5 71.4 72.6 69.9 71.2 78 83.4 88.7 84 80.1 79 78.5 80.3 81.7 81.3 85.9 92.1 94 94.5 97.1 100.5 99.9 95.6 89.2 83.8 77.4 76.3 78.8 78.3 74.3 67.9 61 56 52.8 49.1 47.3 44.1 43.1 41.8 39.8 38.1 36.5 35.2 35 36.5 36.2 36.7 39 42.2 44.4 43.7 41.6 45.9 49 46.8 42.9 39.8 35.4 30.8 26.3 28.4 30.3 31.8 31.9 31.1 28.2 24.9 18.2 -0.5 -0.5 -0.5 -0.5 -0.5 -0.5 -0.5 -0.5 -0.5 -0.5 -0.5 -0.5 -0.5 -0.5 -0.5
54.5 60.3 62.3 63.7 63.8 67.5 64.7 63.2 67.3 76.1 81.2 82.1 82.7 77.4 72.3 72.7 73.4 74.5 74 77.5 83.5 84.9 85.2 89.4 93.8 94.3 91.3 85.8 80.8 73.3 69.7 70 70.9 67.6 59.8 52.4 46 43.1 42.4 41.3 41.8 42.4 41.3 40.6 40.1 37.5 34.3 32.9 33.7 33.2 31.8 36.3 39.3 41.7 39.9 40.7 44.4 46.6 40.7 35.6 31.2 28.9 26.2 24.4 27 29.7 31.1 31.1 30.4 28.5 23 -0.5 -0.5 -0.5 -0.5 -0.5 -0.5 -0.5 -0.5 -0.5 -0.5 -0.5 -0.5 -0.5 -0.5 -0.5 -0.5
50.7 57.3 63.5 62.1 59.1 60.8 58.9 59.6 64.5 68.6 73.3 77.9 80.3 77.8 71.1 67.9 68 67.9 67.7 70.3 76.2 77 76.5 80.9 84.9 85.9 83.3 78.7 72.3 66.3 63 62.6 63.1 58.7 51.1 44.7 39.4 36.8 36.4 39.2 41 38.9 40.5 40.3 41.6 39.2 35 32.7 31.4 30.6 30.4 33.8 37.5 38.8 36.8 39.1 43.6 47.6 43.2 38.7 34.6 31.5 28.1 23.9 24.9 29.2 30.2 30.1 28.9 27.2 11.6 -0.5 -0.5 -0.5 -0.5 -0.5 -0.5 -0.5 -0.5 -0.5 -0.5 -0.5 -0.5 -0.5 -0.5 -0.5 -0.5
46.8 55.4 60.2 56.3 53.2 54 54.9 59 62.5 65.4 68.3 70.1 73.1 74 70.5 65.7 62.9 62.5 62.8 66.4 70.9 69.4 67.4 70.9 74.8 77.5 73.6 71 65.4 59.5 56.8 55.7 55.9 51.9 46.1 43.4 41.2 35.8 39.2 34.3 25 30.6 36.2 41.9 44.4 40.5 36.2 33.8 31.6 29.3 28.8 28.7 35 34.9 33.5 38.5 43.6 45.7 44.9 41.8 38.6 35.6 31 23.5 21.1 24.5 26.8 26.1 25.3 21.8 -0.5 -0.5 -0.5 -0.5 -0.5 -0.5 -0.5 -0.5 -0.5 -0.5 -0.5 -0.5 -0.5 -0.5 -0.5 -0.5 -0.5
45.9 52 52 50.9 49.3 52.3 57 59.4 61 60.8 61.5 63.7 65.1 65.5 66.5 64.3 60 57.3 57.9 62.9 65 61.8 60.5 64 69.1 69.1 64.5 60.7 58.6 54.9 51.9 50.9 50.2 49.8 49.7 49.3 44.4 37.3 27 24.3 25.7 33.9 34.7 43.1 47 42.9 41.1 40.3 37.8 32.3 27.7 27.4 30 30.9 32.5 37.7 41.4 41.1 40 39.3 36.8 34.8 31.1 25.7 19.5 19.7 21 20.8 20.2 -0.5 -0.5 -0.5 -0.5 -0.5 -0.5 -0.5 -0.5 -0.5 -0.5 -0.5 -0.5 -0.5 -0.5 -0.5 -0.5 -0.5 -0.5
41.8 41.9 43.9 46.8 51.5 55.9 60.6 62 60.6 58.4 58.3 57 56.1 57.2 60.3 59.7 55.7 54 56.5 60.1 58.7 55.8 55.3 59.3 66.8 65.1 57.5 55.3 55.1 51.7 48.2 46.6 46.9 46.3 49.3 49.3 45.6 39.2 31.3 22.3 27.2 29.1 30.9 40.4 45 42.1 39.7 39.4 38 33.8 28.7 26.3 26 28.4 32 35.5 36.6 36.6 35.5 34.6 32.9 31.5 29.3 25.4 19.2 17.2 16 16.3 13 -0.5 -0.5 -0.5 -0.5 -0.5 -0.5 -0.5 -0.5 -0.5 -0.5 -0.5 -0.5 -0.5 -0.5 -0.5 -0.5 -0.5 -0.5
47.8 51.3 53.1 53.5 58.2 60.6 61.8 62.4 61.1 57.5 55 52.8 51 51 54.1 55.8 52.3 50.8 53.3 55.4 53.4 50.4 52.1 57.5 61.1 59.1 52.6 52.2 54.1 49.8 46.1 43.4 42.5 44.7 46.9 46.9 44 38.5 32.4 26.1 24.1 25.2 28 34.2 37.3 35.5 34.2 34.2 33.5 31.7 28.3 25.6 25 25.3 28.3 31.3 31.7 32 31.1 31.1 30.2 28.5 26.9 24.8 21.9 20.7 19.5 18 -0.5 -0.5 -0.5 -0.5 -0.5 -0.5 -0.5 -0.5 -0.5 -0.5 -0.5 -0.5 -0.5 -0.5 -0.5 -0.5 -0.5 -0.5 -0.5
55.5 61.1 59.4 56.5 56 57.1 59.1 61.4 61.4 60.5 58 54.4 51.4 49 49.1 50.7 50.3 48.1 48.9 51.5 48.8 46.2 49.1 51.7 52.7 51.2 47.7 52.8 51.8 47.4 43.5 44 38.1 40.6 41.8 43.1 41.4 35.8 34.5 25 24.1 24.1 25 28.1 30.4 29.5 29 29.6 30.2 29.6 28.3 26.1 24.4 24.1 24.9 26.7 27.3 27.2 27.1 27 27.6 26.9 25.3 24.3 24.4 23.5 21.7 18.5 -0.5 -0.5 -0.5 -0.5 -0.5 -0.5 -0.5 -0.5 -0.5 -0.5 -0.5 -0.5 -0.5 -0.5 -0.5 -0.5 -0.5 -0.5 -0.5
54.7 58.1 54.8 51.8 52.5 54.7 58.7 62.1 63.5 62.6 58.6 54.5 51.3 48.2 45 45.7 46.3 44.9 45.3 45.4 43.3 42.5 44.1 45.7 45.4 44.8 47.6 53.8 49.4 44.7 40.8 38.5 34.1 35.1 36.9 40.2 37.7 32.8 30.4 27.3 24.7 24.1 22.4 21.4 22.8 24.3 25.2 25.7 26.3 27 26.7 25.4 24.1 22.6 22.4 23.1 23.8 24.1 24.3 24.7 25.3 25.7 24.8 25.9 26.4 24.6 22.1 -0.5 -0.5 -0.5 -0.5 -0.5 -0.5 -0.5 -0.5 -0.5 -0.5 -0.5 -0.5 -0.5 -0.5 -0.5 -0.5 -0.5 -0.5 -0.5 -0.5
