data/400000-520000.asc
ncols 200
nrows 200
xllcorner 400000
yllcorner 520000
cellsize 50
[rows 140 to 174 of 200, columns 78 to 155 of 200]
288.7 288 287.7 287.5 285.9 286.5 287.1 285.7 286.4 287.6 286.3 283.9 280.3 279.2 277.7 277.7 275.7 273.4 272.5 271.2 268 265.8 263.7 264 261.5 259 257.5 257.2 255.6 254.3 252.4 249.4 247.2 245.5 241.8 240.5 239.2 237.6 236.7 230.2 225.5 230.7 230.5 225.6 220.5 220.8 217.7 214.1 214 214.6 214.2 214 213.2 213.5 214.3 213 211.2 209.2 209.1 209.2 208.4 207.2 206.1 205.3 204.4 203.4 204.2 204.2 203.1 202 201.2 201.4 201.6 201.7 201.4 201.9 202.3 202.6
284.9 284.5 283.6 284.6 280.8 282 281.7 280.2 280.5 281.9 279.2 278.9 277.6 274.2 273.1 271.4 269.9 268.1 267 265.1 263.7 262.5 261.2 260.4 259.8 256.5 254.9 253.4 250.6 247.6 245.5 241.8 237.7 236.3 231.8 231 231.5 229.7 230.9 227.3 221.3 220.2 221.4 217.3 211.9 211.1 208.7 208.2 209.9 209.6 208.6 207.3 205.4 204.4 208.9 207.9 208.4 209 207.7 208.1 207.4 206.1 206.1 206 204.9 202.6 201.2 201.2 200.5 199.7 198.5 198.7 199 199.7 200.9 200.9 201.3 201.7
276.4 275 273 273.8 273.4 276.4 278 276 275.9 275.2 272.9 271.6 269 266.1 263.7 263.3 262.6 262.6 262.5 261.1 259.4 258 257.1 255.3 255.3 253.4 249.5 248.8 241.1 235.8 231 228.8 227.3 223.2 223.7 224.1 224.6 223.7 224.4 222.5 219.1 215.2 212.7 210.8 205.9 205.9 205.1 205.8 207.2 206.6 205.9 202.6 200.9 200 200.8 200.8 202.2 204.1 205.6 205 205.3 205.9 204.5 204 202.7 201.7 200.5 195.4 197.4 196.5 195.1 196.7 197.2 197.2 198.3 198.3 198.8 198.5
263.5 261.3 259.7 260.9 261.2 266.1 272 271.9 269.7 266 264.2 263.3 260.7 260.8 258.7 258.1 258.4 257.2 257.1 256.6 253.5 251.6 250.9 250.3 248.7 245.1 242.5 241.5 235.5 227.8 224.4 221.3 219.2 218.6 219.2 219.7 220.5 220.7 220.7 218.6 214.6 212.2 209.4 206.8 204.9 201.5 201.4 202.6 204.2 204.4 204.3 200.5 199.3 199.7 197.4 197.3 198.4 199.9 200 200.2 201 200.5 196.4 195.6 197 196.6 194.7 194.5 195.9 195.2 194.2 194.7 194.2 194.4 195.3 194.9 193.7 193.2
253.5 252.2 253.7 253.5 252.3 257.5 264.2 267 265.1 263.1 260.7 258.9 258.1 257.4 256.6 255.8 254.7 256 253.2 249.6 244.9 241.6 243.2 241.5 240.2 235.7 236.1 235.3 232.6 226.4 223.7 220.9 219.8 216.8 214.7 216.2 216 215.2 216.5 215.2 211.6 208.6 206.7 205.1 203.7 200 199.8 200.6 202 204.4 205.4 206.2 205.8 202.3 196.4 195.5 196.4 197.1 199.6 200.9 199.1 194.9 194.1 194.5 193.8 190.9 189.9 191.6 192.5 192.3 192.3 192.4 192.2 190.8 191.3 190.3 188 187.2
246.3 249.1 253.1 255 250.7 250.9 260.4 262.5 259.4 258.3 258.4 257 256.9 256.2 254.1 252.7 248.2 250.4 248.1 242.7 238.2 237 237.1 234.3 233.8 232.2 231.7 231.8 228.3 225.9 223.1 219.3 214.2 210.7 209.8 210.1 211.9 211.9 213.4 211.2 207 204.9 204.8 202.3 201.7 200.8 199.2 199 202.5 206.1 204.8 206 206.1 201.9 195.4 194.9 196.1 194.9 196.4 199.5 197.2 194.4 198.9 197 194.2 189.4 189 190.5 190.5 189.2 189.9 190.3 190 190.7 188.1 185.4 185.5 185.6
242.3 241.2 245.6 252.1 249.8 246.7 253.5 254.5 252.4 251.6 250.1 248.3 249.2 248.9 247.7 246.6 240 239 238.4 235.3 233.3 234.5 230.2 226.6 225 225.5 226.1 225.3 222.3 219.6 216 209.6 208.2 205.5 204.1 204 204.7 204.4 206.6 207 205.6 204.7 200.9 200 199 199.5 196.7 195.3 202.3 206.1 205.1 203.4 200.1 196 192.5 192.8 193.5 194.2 194.8 199.8 200.3 200.8 199.6 197.5 193.2 188.7 187.9 189.3 189 189 189 189.5 188.5 188.6 186.2 185 185.9 185.2
240.1 238.3 239.3 244 245.2 243.1 250.1 247.6 243.6 240.6 237.7 237 237.1 238 235.3 230.3 228.7 228.5 227.3 227.3 228.9 225.4 220.2 220.1 217.4 216.5 212.4 212.8 210.7 210.8 208.9 208.4 208.9 208.3 208.7 207.4 209.5 204.1 204.1 204 201 202.4 199 198.2 195.9 195.8 195.2 194.4 198 202.7 202.6 199.5 196 192.9 190.3 190.3 190.9 191.9 194.2 196.7 199.4 201 193.7 189.3 186.6 186.4 186.1 187.4 189.6 189 189 189.8 187.2 185.1 184.2 183.5 183.5 182.3
239.1 236 235.1 238.1 241.2 238.1 241.6 238.2 232.3 231.2 229.6 229.7 230 229.6 228.4 228.9 228.1 225.2 219 218.4 214.4 215.5 214.1 214.8 213.8 211.4 210.8 209.2 208.7 209.4 208.9 209.6 211 211.8 212.7 214.1 213.9 215.3 212.5 208.5 202.7 199.5 199.8 199.4 195.2 195.5 195.7 194.3 194.1 194.1 194.5 193.5 191.4 189.5 189 188.9 189 190.4 191.6 194 195.7 197.7 193 190.1 186.9 184.8 184.6 187.2 189 190.2 191 189.5 187.2 185.8 183.9 181.8 179.4 178.4
239.8 237.4 234.4 234 236.5 234.3 233 229.5 228.6 229.1 230 229.1 230.3 229.7 229.7 229.8 230.7 230.8 225.3 219.8 214.5 214.1 214 214.3 212.8 210.6 210.7 209.2 210.6 212.7 211.9 213 215.5 216.5 218 217.5 216.1 210.7 211.5 209.1 204.8 202 200.6 199.3 196.6 195.7 195.2 194 193.4 193.5 192.4 190.2 189.6 189.8 189.8 190.1 189 189 189.6 191 190.7 193.9 192 190.8 185.3 180.3 181.9 185.6 187 187.9 188.8 188.1 185.8 183.6 182 180 177.3 175.7
243 244.4 240.8 234.2 233.3 232.2 230.1 229.9 229.8 230.9 230.9 230.9 230.9 230.9 230.9 230.9 230.6 229.7 225 222.9 218 215.7 216.1 215 213.1 211.6 210.1 212.5 216.6 217.7 216.2 218.6 222.5 224.6 220.6 217.4 215.4 214.5 209 208.1 204.2 201.8 199.4 199 197.4 196 196.3 196.4 194.3 193.1 193.2 193.8 195 195 195.1 195.4 191.2 188 188.6 188.6 188.9 189 185.1 183.9 185 186 179 181 184.5 185.5 186.8 185.9 183.9 181.6 179.8 178 175.8 174.1
248.8 247.4 248 242.1 233.5 230.4 230 230 230.5 229.7 230.9 230.5 229.5 229 230.3 229 227.3 226.6 226 224.9 220.9 220.4 215.4 214.8 214.9 215.6 214.7 214.9 219.2 220.4 222.9 227.6 228.6 225.7 222.6 222.1 224.3 221.1 216.2 212.4 205.7 201.6 199.4 200 199.7 199.4 200.5 201.3 199.5 197.8 195.8 200.3 202.4 201.6 201.2 202.1 199.6 195.9 194.9 194.8 189.8 194.7 195.5 190.1 184.1 183.8 179.9 179.3 180.1 179.8 181 181.2 180.1 179 177.4 175.7 175.1 172.4
253.3 255.7 251.9 249.1 243.9 234 230.9 230 230.2 229.2 230.3 229.5 228.4 228.3 229 227 225.2 224.4 222.7 219.9 220.3 219.5 214.7 218.2 217.7 217.5 218.4 218.4 220.1 224.2 230.6 231.7 230.8 231.1 230.9 230.6 229.7 224.4 218.3 214.5 206.5 203.6 202.7 203.7 204 203.5 204.3 206.4 205.1 204.8 203.1 205.4 207 206.5 206.6 207.3 207.3 208 208.7 205.1 206.6 206.2 201.7 195.8 190.6 185.1 183.6 185.8 182.2 181.5 174.8 173.9 174.6 174.1 173.9 173.9 172.5 169.9
256.6 256.2 253.8 251 247.6 241.3 234.8 235 236.4 234.4 232.6 230.1 229 228.8 228.2 227.2 225.9 226.6 226.6 224.9 222.1 219.4 222.3 222.1 221.3 220.6 221.3 222 223.1 228.1 232.9 234.2 231.5 231.3 229.2 228.5 226.9 223.7 218.1 211 205.7 205.8 207.7 209.3 210.6 209.8 211.7 211.8 210.5 209.5 208.1 209 211.3 210.9 210.7 211.6 212.5 213.2 212 210.4 210.5 209.6 206.8 203.6 198.6 193.7 191.4 194.9 192.3 188.9 182.7 179 177.1 176.8 174.9 174.9 173.6 173.1
258.4 257 253.9 250.4 248.1 245.8 242 240.3 240.3 239.7 237.3 233.3 231.2 233.5 231.5 229.1 229.8 229.4 230.4 231.2 227.3 223.9 226.6 225.2 225.3 226.1 227.4 228 226.2 227.8 229.3 231.2 230 224.4 220.3 220.8 222.3 217.6 213.4 209.8 209.3 210.2 212.6 214.9 216.4 216.9 217 216.3 215.2 213.9 212.6 212.4 214.7 215.2 215.2 216.2 216.9 216.2 214.2 213.4 212.8 212 211.1 208.8 206.1 202.3 200.1 200.9 198.7 195.9 190.3 185.3 184.2 183.2 180.9 179 177.6 177.4
259.9 258.2 254.6 252.6 250.7 248.3 245.4 243.5 243.1 243.7 242.6 239.6 240.9 240.1 237.2 235.6 235.3 233.1 233.7 232.1 229.6 224.2 230 230.7 230.1 230.4 230.6 230 226.1 224.8 224 222.6 219.7 219.2 215.4 214.4 214.3 214.5 212.1 213 213.4 214.3 217.3 218.7 220.7 219.7 219.8 219.6 219.3 219.1 216.4 215.7 217.4 219.2 220 220.6 220.4 218.2 216.6 216 214.9 213.6 212.9 212.2 211 209.3 205.6 205.6 202.6 201.5 195.5 193.5 192.8 190.3 186.6 184.1 182.5 180.7
261.9 260 258.3 255.7 252.8 249.9 245 246 247.9 248.5 249 250.6 251.3 247 245.3 243.8 242.2 238.9 237.1 233.2 231.3 229.5 230.5 230.4 229.8 229.8 229.5 225.8 224.2 224.1 224.5 223.9 221.6 221.3 219.8 220.1 218.5 217.6 217.1 218.1 217.2 217.8 219 223.7 224.6 224.5 224.9 224.7 224.1 221.5 219.4 219.3 220.8 222.3 223 222.5 221 219.5 218.6 217.6 216.5 214.7 213.5 212.6 210.9 209.4 208.7 206.7 205.4 202.4 198.8 198 197.5 195.4 192.9 189.7 186.7 184
264.9 263.6 262 259.6 256.6 252.3 248.9 250.2 252.5 256.1 257.7 256.6 255.6 254.1 253.4 251.3 248.8 244.6 241.2 238 236.4 233.2 230 230.2 229.9 230.5 229 226.9 225.6 226 226.9 228.1 229 229.7 227.5 228.1 226.2 225.9 221.6 222.4 221.5 221.7 223.2 225.9 227.8 228.9 228.7 227.9 227.3 225.7 223.4 223.1 224.4 224.8 225.5 225.2 223.3 221.5 220 219.1 218.3 215.7 214 213.4 211.9 209.6 208.8 207.7 206.5 204.1 202.1 200.9 200.1 199.2 197.1 194.4 191.5 188.1
266 265.8 264.4 262.2 260.8 256.1 252.2 254.1 256.5 259 260.9 260.7 258.9 258 257.3 257.8 255.5 251.2 246.5 243.9 241.8 239.7 235.3 234 232.9 231.7 231.7 231.3 229.7 229.4 230.6 232.6 234.6 234.7 233.8 232.4 233.3 230.5 224.7 225.8 224.2 226.1 226.1 228.8 231 232.2 232.2 231.1 230.5 229.7 227.6 227.1 226.9 226.7 226 225.5 224.4 223.2 221.9 220.6 220 217.3 215.6 215.4 213.9 211.5 209.8 208.2 207.4 205.1 204.3 203.3 202.7 201.9 201.1 198.5 196.1 193.3
265.7 265.7 263.6 262 260.7 259.9 255.5 257.4 260.3 261.8 262.5 262.1 261.3 260.6 260 259.9 256.7 254.7 251.3 249.4 248 245.9 240.8 238.7 237.7 235.7 235.7 235.5 233.3 234.7 234.8 236.1 239.7 239.1 237.6 236.2 235.4 233.3 229.8 229.8 228.7 229.4 229.1 231.9 234.7 235.8 234.9 235 233.7 232.3 230.5 229.4 228.3 227.7 226.8 226 225.4 224.5 223.1 221.6 220.4 219.3 218.1 216.8 215.6 214 211.4 209.5 208.6 207.1 205.3 204 203 202.9 202.1 200.9 199.5 195.9
262.6 263.2 261.8 261 261.3 260.6 259.2 260.9 263.7 264.4 264.6 262.8 260.9 260.9 260.1 259.4 257.2 254.2 255.1 254.7 253.4 251.8 246.7 243.1 242 241.9 240.2 238.6 235.8 236.3 237.8 240.1 242.8 242.3 240.4 238.6 237.2 235.4 233.6 234.7 233.3 231.7 231 232.5 235.4 236.1 236.1 236.1 235.5 233.4 231.2 230 229.2 228.2 227.2 226.3 225.3 225.4 224 222.5 220.7 220.9 219.2 217.9 216.6 215.5 215.2 212.1 209.9 208.2 206 204.3 203.5 202.6 202 200.9 200.9 198.3
256.8 258 257.6 257.3 257.3 257.9 260.3 262.6 265.8 265.8 265 262.7 260.6 259.2 257.9 257.6 256.4 255.9 256 255.8 255.7 256.1 254.2 248.7 247.8 246.5 245.2 241.7 239.7 239.7 240.2 243.1 246 244.7 242.1 239.5 239 236.7 236 236.7 235.9 233.6 233.7 234.6 235.3 236.1 236.1 236.1 234.7 233 231 229.6 229.1 228 227 226.1 225.1 225.8 224.7 222.8 220.8 219.8 219.4 219 217.7 216.8 215.7 214.6 211.7 208.9 206.7 204.6 203.8 202.4 201.1 200.9 200.5 198.9
253.6 252.9 252.7 253.8 253.5 254.9 257.2 260.3 263.9 264.7 263.3 260.7 258.1 255.7 254.9 255.6 255.9 255.2 256.1 255.4 255.8 256.3 255.6 252.7 251.5 250.7 248.2 244.5 242.9 243.1 244.1 245.6 246 246 242.9 241.7 241.6 239.9 238.2 237.8 235.2 234 236.3 237.1 237 236.1 236.1 234.6 233.4 231.7 230.1 229.4 228.9 228.1 227.3 225.9 224.9 225.4 224.8 222.9 220.9 219.9 218.9 218.6 218.8 217.4 216.4 215.7 212.8 209.7 207.5 205.3 204.5 202.9 201.3 200 198.6 197.3
251.2 250.6 250.6 251 251 252.4 254.2 256.8 260 261.7 260.6 257.9 255.4 254 253.3 253.1 253.7 254 254.2 254.9 254.8 255.1 254.5 253.1 251.9 251.2 250.4 247.6 246.9 245.9 246 246 246 246 244.4 244.7 244 240.7 240.4 239.4 236.8 236.6 237.1 239.3 239.7 238 235.5 233.9 232.3 230.6 229.5 229.1 228.7 228 227.2 226.3 224.8 224 224.1 222 220.1 218.9 218.1 216.7 216.7 216.5 215.8 216.1 213.6 210.6 208.7 206.2 205.5 203.1 200.9 199.6 197.6 196.1
249.3 249.2 248.9 249.1 249 249.9 251.5 253.5 256.3 257.8 257.3 254.6 253.2 252.7 251.3 250.7 250.3 251.4 251.6 251.7 252 252.8 252.7 251.8 251.5 250.9 250.3 250.5 249 246.5 246 246 246 246 246 245.2 243.2 240.3 240.9 238.8 239.5 239.9 240.7 241 240.7 239.2 236 233.3 231.5 230.4 229 228.5 228.4 227.9 227 226.2 225.5 224.2 224 222.2 220.4 218.9 217.5 216.7 215.1 214.7 213.6 212.8 212 210.9 209 206.6 205.2 202.5 200.3 198.9 196.7 195.5
249.4 249 248.8 248.5 248.4 248.6 249.2 251 251.8 252.2 252.2 251.2 249.9 249.1 248.6 247.9 248.2 249.3 249.8 250.1 250.1 250.4 250.1 249.6 249.1 249.2 248.7 248.2 247.3 245.6 246.1 246 246 246 244.8 243.9 242.1 241 240.9 240.1 241.2 242 243.8 245.7 245 241.6 238.1 234.4 231.6 229.9 228.4 227.8 227.8 227.7 226.9 226.4 225.6 225.3 225.4 223.2 221 219.2 218.2 216.7 215.3 213.1 210.7 209 209.6 208.6 207.2 205.1 204.3 202.8 199.2 198.2 196.6 195.7
251.4 250.2 249.3 248.9 248.4 248 248.6 249 248.8 248.7 247.9 247.3 246.7 246 244.7 244.2 245.2 246.9 247.6 248.2 248.4 248.1 248 246.6 244.9 245.5 245.6 245.1 244.4 243.2 243.2 244.1 244.5 243.4 241.9 240.9 240.8 240.9 240.8 241.4 243.9 246.5 247.5 249 248 245.7 241 236.5 232.1 229.1 229.4 227.9 227.4 227.3 227 226.4 225.9 225.6 226 223.8 221.2 220.1 218.7 217.2 215.7 213.6 212 210.7 208.8 207.4 205.3 204.1 205.7 204.8 200.6 198.8 197.2 195
254.6 253.1 251.2 249.4 248.9 248.8 248.9 249 248.9 247.2 245.7 244.5 244.6 244 244.2 244.2 244.9 245.1 245.6 246.3 246.9 246.1 245.7 244.5 243.4 242.7 242 241.8 240.8 239.8 239.5 240.4 240.4 240.5 239.4 239.4 240 238.9 240.5 243 244.7 248.8 250.8 250.9 250 247.8 244.5 237.9 233.6 229.2 229.1 228.6 227.2 226.9 225.8 226.3 225.8 225.5 224.8 223.3 221.1 221 218.4 216.1 214.7 213.4 212 210.3 209 206.8 205.1 206.1 206.1 205.7 202.4 199.7 198.1 195.9
258.5 255.5 253.1 251.1 249.8 249.4 249 249.1 247.7 246.4 245.1 245.7 244.9 243.6 243.5 243.8 245.9 244.8 244.5 244.8 245 245.9 245.1 242.6 241.6 240.9 240.2 239.3 238.3 237.5 237 237.4 237.8 237.9 237.7 237.7 237.7 238.5 240.1 244.2 245.9 249.2 250.8 250.9 249.2 248.5 246 240.5 234.6 230.2 229.3 229.2 227.5 226.2 225.1 225.4 224.9 224.3 222.1 221.3 220.3 221 217.9 215.9 214.1 213.3 211.8 210.4 209.3 208.2 206.3 205.9 206.1 205.7 203.5 201.3 199 196.7
261.2 258.3 254.6 253.1 251.4 250.5 250.8 249.3 247.9 246.5 245.5 245.2 244.3 243.4 242.2 241.2 241.3 242 241.8 241.2 240.5 241.3 241.9 240.8 239.9 239 238.1 237.1 236.1 235.2 234.5 235.1 235.5 235.5 235.7 235.3 235.2 236.6 238.8 241.3 244.5 247.2 250.7 250.9 249.6 248.7 247 243.1 238.9 235.6 233.7 230.7 228 225.6 222.6 222.7 221.8 220.7 220 219.2 218.8 217.4 214.7 215.9 214.3 214.1 212.9 211.6 210.7 210.1 208.8 207.2 205.1 204.2 202.3 200.1 198 196.7
263.6 261.9 259.1 256.5 253 249.8 249.5 249.2 248.3 247 245.9 245.5 245.9 244.6 243.4 241.8 240 239.4 239.6 239.5 239.3 239.4 239.1 239 238.6 237.5 236.4 235.3 234.3 234 234.1 233.7 233 233.1 233.1 233.7 233.6 234.8 237.8 240.4 242.7 244.9 248.2 249.4 249.2 248.5 247.8 246.4 245.3 243.5 238.6 232.9 227.6 223.7 219.1 218.1 218.2 219.6 219 217.3 216 214.7 214.1 214.5 214.5 214.3 215 213.1 211.1 210.2 209.9 206.7 204.1 203 200.1 198.2 196.5 194.6
266.5 265 262.1 260.1 255.9 251.7 249 249.5 249.3 248.3 247.4 246.7 245.6 245.6 245.1 243.9 242.3 240.8 240.4 239.3 239.2 239.1 238.8 238.3 238 236.9 235.8 235.5 236.1 234.9 234.4 232.3 230.9 230.3 230.8 231.7 231.9 233.8 236.8 239.5 241.8 243.7 245.8 247.2 247.5 247.7 247.7 247.3 247 246.2 240.1 232.3 226 221.1 217.1 215.1 216.3 217.7 218.3 216.3 215.1 215.7 214.2 214.6 214.4 214.2 214.7 212.3 210.8 210.6 209.3 207.1 206 202.1 198.8 196.2 195 192.7
267.3 265.5 263.3 261.1 258.3 255.1 252.1 251.5 250.8 250.1 249.6 248.8 246.8 246.9 246.6 246.4 245.3 244.9 242.3 240.6 239.2 239.1 238.8 238.2 237.4 236.5 235.5 236.1 236.1 235.1 233.3 231.3 230.9 229.8 229.2 229.6 230.8 233 235.8 238.7 240.6 242.4 244.4 245.2 245.6 246.1 246.9 247.9 247.5 245.5 239.7 231.4 224.7 219.4 216 214.1 214.7 215.7 218.1 216.7 215.2 215.5 216 214.4 214.3 214.1 214 211.5 209.2 209.7 207.7 205.5 205.2 202.1 198.5 195.5 194.6 191.6
265.3 263.6 262.2 260.3 259.6 256.2 254.2 254.8 254.5 252.9 251.8 250.7 249.7 249.5 248.9 248.4 246.8 245.8 244.7 242.5 240.5 239.3 239 238.5 237.3 236.1 235.7 234.3 234.4 234.2 232.5 229.9 230.9 229.4 228.9 228.9 228.9 232.6 235.2 237.5 239.3 241.2 242.7 244.1 244.7 245 246.3 247.9 247.7 244.6 240.9 231.4 224.9 219.7 216.3 214.2 214.7 215.5 217.3 217.7 216.2 215.6 214.1 214.4 214.1 214.4 213.5 211.6 209.3 209.1 206.5 204.6 204.8 202.8 199.3 196.7 195.6 193.1
262.6 261.6 260.6 259.1 259.3 256.4 255.1 255.7 255.9 254.7 253.8 252.1 251.1 250.5 250.3 249.6 248.1 246.8 245.3 243.8 240.5 239.5 239.2 238.9 237.9 236.6 234.8 235.1 234.1 234 233 231.1 230.2 230.1 228.7 228.9 228.8 232.7 235.1 236.5 237.5 238.7 239.7 241.4 242.9 244.1 246.1 247.7 247.8 245.4 241.4 233.5 226.9 222 216.4 214.5 215 215.4 216.7 217.3 216.3 215.7 214.8 215.6 214.7 213.9 212.2 211.3 209.5 208.7 206.5 205.8 206.1 204.4 200.8 199.3 195.9 194
