data/400000-500000.asc
ncols 200
nrows 200
xllcorner 400000
yllcorner 500000
cellsize 50
[rows 35 to 69 of 200, columns 0 to 77 of 200]
514.4 514.4 513.4 511.4 511.9 511.5 511.3 510.7 513.3 508 501.1 498.5 497.9 501.4 504.2 506.1 507.1 507.8 507.3 504.9 503.7 497.8 491.8 488.7 485.4 483.9 482.1 479.1 473.7 468.3 461 453.3 442.3 437.3 428.8 422.2 416.8 411 404.9 398.3 392.4 386.1 376.9 375.5 374.2 374.4 374.1 369.7 365.8 362.1 360.6 360.1 358.7 358.2 358.6 360 362.2 362.7 362.5 365.9 366.5 367.7 368.9 371 374.5 377 379.7 380.5 382.1 385.1 388 386.6 388.3 391.3 394.9 398.4 395.8 391.8
515.5 515.4 514.1 513.9 514.6 514.5 514.5 514.5 510.3 505.6 503.4 501.2 499.7 503.8 507.5 509.3 510 510.5 511.2 511.7 511.1 509.5 505.2 495.7 488.5 484.9 482.6 480.4 476 470.9 465.1 456.8 447.2 440.9 433.7 428.5 421.7 414.9 409.1 402.3 394.2 385.8 385.3 382.5 380.8 380.7 378.5 374.1 369.2 366.2 364.4 364.6 364.7 362.7 363.1 364.4 365.6 366.2 366.5 367.7 369.3 371.4 373 374.9 377.7 380.6 382.8 384.7 386.4 389.5 392.3 395.8 397.1 403.4 405 404.8 401.9 397.8
516.6 516.1 516.4 516.4 516.1 516.5 516.6 515.1 509.4 507.3 506 504.3 503.6 506.5 510.6 512.2 513 513.7 513.7 514.1 513.3 512.7 511.1 504.5 497.2 489.4 484.7 481.6 477.7 472.8 467.9 460.9 452.2 444.2 436.7 430.3 423.1 418.5 410.6 403.2 393.2 393.8 390.8 387.7 386.2 385.2 383.1 380.4 375.9 373 371.3 371.8 371.5 367.4 368.2 368.8 369.2 369.8 370.1 370.3 372.2 374.3 376.3 378.4 380.9 384.1 386.9 388.7 390.5 393.4 398.2 402.1 405.8 412 411.6 412.2 410.4 406.1
519 518.8 518.9 518.5 518.2 518.1 518.2 516 513.8 516.7 516.4 514.2 510.4 510.8 512.7 516 517.6 518.2 517.4 516.4 515.7 515.1 513.6 510.7 505.9 498.1 490.1 486 481.7 477.7 471.3 465.6 457.1 447.8 438.9 431.3 425.9 421.2 413.7 403.6 403.9 400.5 396.2 393.4 391.5 389.6 387.5 385.2 382.8 379.6 377.5 377.7 371.5 371.7 372.3 372.9 373.5 373.4 373.7 373.9 375.8 377.8 379.8 382.2 384.8 387.7 390.5 392.9 394.6 399.1 403.6 408 412.3 418.4 422.4 428.1 423.3 413.6
523.4 521.3 520.9 520.5 520.3 521.6 521.6 525.7 535.2 536.7 524.6 519.4 518.5 517.2 516.5 518.6 522.2 521.8 520.7 519.5 518.3 517.6 516 513.2 508.8 502.9 495.2 489.8 484.5 481.6 476.3 468.6 460.2 450 440.3 432.8 431 422.6 418.6 417.8 412.4 406.8 403.5 399.8 397.5 394 391.8 389.2 386.5 384.9 383.1 381.5 374.2 374.4 375.7 376.5 377.4 377.3 377.6 379 380.8 382.6 384.3 386.3 388.8 391.5 394.2 396.6 401.1 405.8 410.4 414.6 418.1 425.9 436.9 438 432.8 415.2
523.6 523.5 522.9 522.4 522.9 525.6 531.9 538.6 540.1 538.6 537.3 532 527.8 519.3 520.9 522.5 523.9 524 523.6 522.5 521.4 520.3 518.8 515.5 510.9 506 501.3 491.7 485.6 483.3 478.7 471.8 463.2 452.7 443 437.2 430.1 429.3 430.2 427.3 418.5 414.8 410.7 406.9 403.8 399.8 396.6 393.3 390.1 387.1 384.2 380.7 377 376.3 378.5 380.8 380.9 379.8 380.5 383.2 385 387 389 391 393 395.5 398 401.8 407.4 412.6 417.3 421.4 427.2 433.5 440.1 440.7 438.9 427
524.5 526.5 528.7 529.5 533.4 539.6 540.5 540.1 539.4 539.8 537.6 537.1 536.5 528.2 529.9 527.5 526.6 526.3 526 524.6 523.5 522.4 522.2 519.2 513.2 507 501.7 496.4 490.3 485.9 480.6 474.6 466.1 456.1 445.6 444 442.8 439.8 440 435.5 431.1 427.4 420.7 415.8 410.3 405.6 401.7 397.5 393.4 389.9 386.2 382.1 382.5 381.6 382.3 384.9 384.4 384.2 385.5 387.4 389.6 391.7 393.7 395.7 398.3 401 404.6 409.1 414.6 419.4 424.9 430.6 436 441.5 444.2 444.8 444.7 441.8
526.6 532.1 536.2 538.5 539.3 540.2 540.4 540.2 539.5 538.8 539 538.1 537.1 537.3 537.1 535.6 533.6 532.9 531.3 527.8 525.5 524.2 521.5 518.2 513.1 507.4 501.7 497.5 493.6 489 483.7 478 469.6 462.7 460.4 457.4 454.6 454.1 451.5 447.2 443.1 438 432.5 424.4 418.3 412.2 407.1 402.4 397.7 393.7 389.3 386.4 387 387.1 387.3 387.9 387.9 388.7 389.6 391.4 393.9 395.8 398.3 400.8 403.8 406.5 411 416.5 421.6 427.6 434.6 439 444.1 448.3 447.6 447.4 445.9 441.1
530.8 533.1 534.9 537.2 538.6 539.9 539.1 539.8 540.3 539.6 538.9 539.3 538.6 538.4 538.4 540.2 540.1 539.5 538 533.1 527.2 524.7 520.3 516.7 513.2 507.9 502.9 498.7 493.9 489.3 485.6 474.9 474.5 471.9 469.4 466.6 465.8 465.1 462.3 458.6 454 447.8 439.3 434.1 427.7 420 414.7 408.4 402 397.8 393.2 392.6 394.4 395.1 395.3 394.7 393.5 393.2 394.2 395.4 397 398.8 402.2 406.3 410.2 413 418 423.2 428.1 435.4 446.8 449.3 450.8 451.1 450.2 448.9 447.1 442.7
531.5 533.9 534.8 537.2 539.2 538.9 539.5 540 540.2 540.5 540.3 540.1 539.4 539.4 540.3 540.2 541.2 541.4 540.9 538.5 533.4 526.3 521.4 515.7 512.6 509.1 503.9 499.8 494.5 489 483.2 483.2 481.4 479.2 477 474.5 473.4 472.7 470.4 466.9 462 456.6 450.1 441 436.6 429 423.1 415.6 408.2 402.9 399.4 400.6 401.9 403.1 403.6 403.2 401.4 398.8 398.3 399 401 403.3 408.8 416.2 421.6 424 427.9 431.5 436.3 442.6 449.6 456.8 454.8 453.1 451.7 450.1 447.8 443.4
530.7 533.2 534.8 537.7 539.8 540.1 539.8 540 540.2 541 540.8 541.3 541.2 540.5 541 541.7 542.2 541.9 541.6 540 536 528.8 520.1 515.4 513.2 509.6 504.4 499.5 493.8 491.1 488.9 487.2 485.5 483.6 481.9 479.1 479.1 478.5 476.8 472.7 466.6 460.5 453.7 447 444.6 439 432 423.3 415 409 407.5 409.5 410.8 411.9 412.3 412.3 410.9 407.2 409.9 412.3 414.2 416 420.9 428.4 433.5 434.6 437.2 439.2 446.9 457.2 460.1 454.3 456.8 453.8 452.4 450.3 447 443
530 532.6 535.2 537.3 539.3 540.3 540.1 539.3 540.6 541.6 542.1 542.1 542 541.9 542.3 542.8 541.9 542 541.2 540.4 536.1 528.6 518.3 514.8 512.3 507 503.6 504.1 500.7 496.3 495.1 491.2 488.8 486.8 483.8 482 482.5 482.3 480.7 476.1 470 464.5 460.7 458.8 454.1 447.5 439.4 429.7 421.1 415.6 416.3 418.7 420.1 421.8 422.4 422.6 422.7 422.2 424.8 425.9 427.8 430.3 435.9 442.3 446.7 451.3 452.3 457.1 461.4 466.2 463.3 459 454 453.6 452.3 450.6 447.1 443.3
530.7 532.7 534.6 536.4 538.7 539.8 538 540.4 541.6 542.1 542.4 542.5 542.6 542.8 543 542.8 542 541 540.8 539.5 535.8 528.4 520.7 515.8 510.1 506.2 507.6 507 505.2 503.5 500.5 496.6 492.7 490.2 487.7 486.7 484.4 483.1 480.6 477.3 472.6 469.3 469.1 467.8 464.4 455.8 444.2 437.1 430.2 424.9 425.4 427.9 429.7 431.3 432.6 434 435.3 439.8 440.3 439.3 440.1 440.3 446.4 451.5 456.5 455.8 463.9 474.5 471.5 468.4 466.2 462.7 457.3 454.1 452.2 450.7 447.9 444.1
529.7 531.7 533.5 536.3 537.3 536.1 539.4 540.2 541.4 542.2 542.8 542.5 542.3 543 543 542.5 541.9 540.9 540 538.5 535.9 530.4 522.1 514.4 511 508.8 511.7 510.4 509.6 507.8 505.8 502 498.2 494.3 492.7 491.7 488.4 484.9 481.3 478.9 477.2 475.3 475.5 474.2 470.1 461.4 451 447.7 440.6 433.4 435.8 439.3 442.4 442 442 441.2 443.3 453.7 457 455.7 458.5 459.7 461.2 466 470.8 480 480.8 479.4 476 472.9 469.4 465.1 460.3 455.9 453.5 451.7 449 446.5
529.7 531.8 531.4 534.8 535.1 537.3 539.7 541.1 541.1 541.9 542.4 542.3 541.1 542.4 542.5 542 541.5 540.4 539.4 537.2 535.1 528.4 517 515.8 514.2 512.8 514 513.4 513.6 511.5 509.8 507.1 502.7 500.7 499.1 497.1 493.6 488 482 480.3 481.4 480.3 479.6 477 472.2 465.6 465.6 463.4 450 441 446.8 451.9 455.1 452.8 456.4 458.9 462.9 466.2 468.5 469.8 474.9 473.5 477.4 481.5 483.2 484 484.3 482.3 478.9 475.4 471.4 466.9 463.1 459.3 455.8 453 451.2 450.7
526.7 530.1 532.8 535.5 536.8 537.8 540.8 541.4 539.4 541.6 542 541.6 540.7 541.2 541.6 541.5 541.1 539.9 538.7 537.1 533.7 526.8 521.7 520.3 515.7 515.3 515.5 516.1 516 514.1 512.3 510.6 506.9 506.1 505.1 502.9 498.7 491.9 485.6 485.4 485.8 484.8 482.7 478.3 474.8 474.5 476.3 471.7 460 447.5 456.4 464.8 467.9 466.1 470.1 470 472.7 475.2 477.3 478.4 480.5 481.2 483.5 485.4 487.7 487 486.7 484.2 480.8 477.3 473.6 469.4 465.4 462.1 458 457.1 456 454.8
528.4 530.9 533.7 535.5 536.8 539.3 541.5 543.3 542.6 542 543 541.2 539.9 539.5 540.4 540.3 539.7 539 537.7 536.6 532.3 525.5 524.8 523.6 521.7 519.5 519.1 519.6 518.4 516.1 513.8 511.8 511 510.8 510.1 507.8 502.4 496.6 488.9 490.8 488.8 487.5 484 479.1 478.5 480.8 480.5 477.9 469.8 456.4 471.8 477.4 478.4 477.8 476.3 477.6 478.7 481.6 483.2 483.9 485.1 485.7 487.7 488.3 488.7 489.5 488.2 485.2 482 478.3 474.4 471.3 467.3 463.1 461.2 460.4 459.1 456.8
528.4 531.2 533.2 535.2 537.4 540.7 543.1 545 544.4 543.9 543.6 541.8 539.5 536.7 537.8 537.7 538.2 537.7 536.7 536.2 532.4 527.7 524.7 524.5 524.3 523.8 523.2 522.2 520.9 517.7 515.3 513.7 514.5 515.1 513.9 511.1 506.4 499.2 493.9 492.7 491.6 489.1 484.7 481.9 483.5 484.4 483.9 481.4 477 464.6 478 483.2 483.6 482.7 480.9 482.2 483.5 485.1 486.9 487.8 488 488.3 490.3 490.5 490.4 490 488.8 486.2 483.2 479.3 476.2 471.5 468.1 465.9 465.1 463.5 462.6 461.4
526.8 529.5 531.6 534.7 538 541.1 548.2 551.5 552.8 553 550.3 548.3 542.1 539 535 535.2 535.5 535.5 535.7 536 532.6 527.6 524.7 524.8 525.7 525.9 525.3 524.4 523.5 520.7 517.7 517.9 518.4 518.4 515.3 513.5 510.3 505.7 499.7 493.9 491.5 489.8 485.9 484.6 486.9 487.9 486.5 483.6 479 470.6 481.7 486.6 487.7 486.8 484.6 485.9 487.2 488.2 489.6 489.4 489.1 489.1 490.5 490.7 489.9 489.6 488.7 487.1 484.2 480.4 477.5 474.7 471.5 469.6 468.4 468.3 467.2 465
527.9 529.9 532.3 535.7 539.2 545.6 551 553 552.9 553.3 552 550.9 547.7 540.1 534.6 532.9 534 534.6 534.8 535.3 533.3 527.1 525.9 525.9 526.5 526.4 526.2 526 525.1 523.7 522 522.1 522.4 517.5 516.1 514.7 513.2 510.1 505.4 497.8 492.5 490 488.7 488.7 489.9 489.8 488 483.9 478.5 478.5 485.3 489.8 489.5 489.4 487.2 487.9 489.5 490 489.6 489.2 488.5 489.1 489.7 489.8 489.6 488.5 487.6 486.6 484.6 481.3 479.2 476.4 475.6 473.8 471.7 471.3 469.7 466.8
528.5 532.1 535.1 537.9 541.4 546.3 551.2 552.4 553.2 552.7 550.8 549.6 548.8 542 535.4 530.3 532.9 532.6 534 534.1 533.9 530.4 530.4 527.3 527 526.8 526.7 526.5 526 525.3 524.1 521.9 521.1 517.4 515.8 514.2 512.8 511.8 509.3 502.2 495.3 493.1 491.7 490.5 491.9 490.7 488.8 485.2 480.8 482.1 488.8 491.6 491.3 490.5 489.4 489.9 490.2 489.9 489 488.6 488.2 488.3 488.9 488.5 488.5 488.2 486.9 486.2 484.3 482.3 481.1 479.9 478.5 476.9 475.5 473.5 472 471.3
532.4 535.9 538.8 542.9 546.1 549 550.9 553 553.6 552.2 550 548.2 546.5 541.5 534.6 529.3 530.1 530.8 532.7 533.1 532.9 532.6 532.3 529.7 527.4 527.3 527.1 526.9 525.5 525.1 524 521.7 519 517 515.2 513.7 512.4 511.2 509.3 504.8 497.2 497.4 494.4 493.4 492.1 491.2 489.3 486.5 483.9 483.3 489.4 491.9 492.2 491.7 490 488.8 489.9 489.2 488.4 488 487.5 487 487.8 488.1 486.9 487.4 486.9 486.3 486 483.7 483.2 482.5 480.7 478.7 476.3 474.7 474.3 474.1
538.9 543.2 544.7 547.8 549.8 551.2 552.7 553.4 553.8 551.9 549.4 546.9 544.6 539.7 533.1 528.3 528.3 529.9 531.5 531.9 531.8 531.6 531.9 528.2 526.3 526.8 527.1 526.2 524.6 523.9 521.3 519.7 517.6 516.6 514.8 513.8 512.8 511.3 507 504.4 500.8 501.4 497.4 494.4 492.8 490.9 489.1 487.9 485.5 488.7 490.9 492 492.1 491.6 489.5 488.6 489.1 489.1 487.9 487.4 486.7 485.9 485.9 485.4 484.1 485 485.8 485.5 484.8 483 482.7 482.4 480.6 478.1 477 475.6 476 475.1
545.2 547.8 548.7 550.2 551.7 552.6 553 553.2 552.6 551 548.4 545.5 542.5 536.8 530.8 527 524.8 528.8 530.1 530.7 530.6 530.6 528.2 525.9 524.8 525.2 526.2 523.8 522.2 520.2 516.9 515.9 516.3 516.4 514.9 514.2 513.6 511.8 508.9 506 506.8 504.9 500.3 496.5 493.2 491.3 490.6 489.9 489.7 490.9 492 492.3 492.1 492.4 491.2 490.1 489.8 488.5 487.6 486.7 486 485.3 483.3 482 480.9 479.6 482 483.5 482.3 481.9 481.8 480.5 478.8 478.3 477.9 477 475.8 474.6
548.2 549 550.2 551.5 553.1 553.8 553.4 552.8 551.3 549.9 547.6 544.8 540.3 533.3 528.7 525.5 521.9 527.9 528.7 529.4 529.3 527.3 523.9 522.6 522.7 522.8 521.6 519.4 516.4 514.5 513.5 513.1 514.8 515.6 515.1 515.1 515 514.1 510.8 509.1 509.4 507.3 504.2 500.6 495.4 492.8 492.2 493.4 493.9 495.9 497.2 495.8 494.3 493.4 494.3 493.6 491 490 488.7 486.8 485.7 484.9 484.6 483.3 479.3 477.9 477.7 478.9 478.7 478.7 477.8 476.9 476.6 478 479.1 477.5 476.1 475.5
549.6 550.6 551.8 553 554.2 554.3 553.4 552.1 550.3 548.1 545.3 541.9 537.6 532.7 527.6 522.6 524.1 526.5 525.8 525 524.2 522.1 521.1 521 520.1 518 515.6 512.9 510.4 510.8 510.4 511.5 513.5 515.3 516.7 517.8 521.1 518.3 513.2 511.9 510.8 508.2 506.4 503.5 498.1 495.3 497.4 498.2 498.8 500.7 501.8 500 498.4 498.6 502.3 498.9 493.5 492.2 491.4 489.1 487.6 486.4 486.1 484.2 480.8 476.6 474.4 476.3 476.7 475.8 475 475 475 476.6 477.9 476.7 474.6 473.8
550.5 551 552.8 554.5 554.2 554 552.7 551.4 549.4 546.9 543.6 540.4 535.4 531.2 527.4 519 522.9 523.6 521.8 520.4 520 519.3 519.6 518.5 514.5 511.9 509 507.2 506.8 507.9 509.4 511.2 513.1 516.2 519.4 522.4 520 516.6 512.9 512.2 510.9 508.1 507.1 505.2 502.7 501.9 502.6 503.1 503.5 504.2 503.6 502.2 501.1 501.3 502 500.8 493.3 492.1 490.9 489.1 487.8 485.6 484.8 483.5 480.6 476.8 472.5 474.3 474.5 473.1 473.1 473.1 473.1 474.4 475.9 474.5 472.4 470.6
550.8 551.2 553 553.7 553.6 553.2 551.5 549.8 547.7 545.3 541.4 536.9 532.8 530.7 527 522.4 509.4 515.9 515.1 515.7 515.9 517.6 518.3 514.1 509.6 506.2 505 504 503.8 505.8 508.4 510.6 515.7 519.8 520 518 515.8 513.2 510.8 510.9 509.5 507.9 507.1 507.6 506.7 507.1 507.5 507.4 507.3 505.7 504.7 503.8 502.9 501.8 500.9 498.7 492.8 490 488.4 486.2 483.5 482.4 481.4 481.2 477.9 473.3 470.6 469.9 470.2 471.4 471.8 471.5 471.3 471.7 472.8 470.9 469.4 467.9
550.1 550.7 552.2 552.7 552.6 551.6 549.3 547.6 544.6 540 536.2 533 530.1 528.8 525.9 522.4 503.6 499.8 500.7 507.7 513.8 514.8 514.8 507.4 502.7 501.2 501.9 500.3 503 505.2 509.6 513 516.4 515.6 514.6 515.5 515.6 512.6 510 509.1 508.6 508.4 508.2 508.7 511 511.7 511.7 511.1 510.8 507.4 506.6 506.1 504.7 502.2 500.3 498.1 492.7 488.8 485.1 482 480.2 478.9 477.4 476.1 473.7 469.8 469.2 468.8 469.3 469.8 470.3 470.5 468.5 469.4 469.6 467.3 465.6 466.1
550 549.8 550.9 550.9 549.8 548.5 545.6 541.2 538.1 534.3 531.3 528.8 527.2 526.1 524.1 521.6 506.4 499.3 492 500 508.3 509.1 506.2 499.6 498.8 497.9 497.8 499.4 501.9 506 512.3 511.7 511.8 510.8 511.8 514.9 515.9 512.6 509.4 508.6 507.7 507 506.8 510.3 512.5 513.3 513.6 514.8 512.9 509.6 508.8 507.3 505.7 503 499.3 496.1 491.3 485.3 481.6 478.7 476.1 474.9 473.4 471.8 469.5 467.8 465.7 465.6 467.7 468.2 470.1 469.8 466.8 465.9 466.2 464.1 462.8 463.1
548.6 548.6 549 547.4 545.5 541 537 533.1 530.2 528.9 527.9 526.3 524.8 523.4 521 517.7 502.5 498.1 492.9 488.7 496.2 501.1 497.9 494.3 494.2 494.5 496.5 498.1 501.4 507.5 508.2 508.2 507.4 508.3 510.4 513 513.9 512.4 509.6 508 507.1 506.9 505.2 506.9 508.1 510.3 512.6 515 514.1 510.7 508.7 506.6 505.3 503 497.5 493.2 488.9 482.3 477.1 473.1 470.9 469.3 469.1 469.1 467.9 466.6 463.3 463.8 465.8 467.9 469.5 467.2 464 461.7 462.1 459.3 458.6 459.7
545.8 543.9 543.6 540.9 536.6 532.1 529 527.6 527.1 525.9 524.8 523.5 521.3 518.2 515.3 511.9 504.8 495.3 491 485.5 485.5 494.1 492.9 490.5 491 490.7 491.5 496.3 502 504.6 504.4 503.8 505.4 506.9 512 510.6 510.8 510.6 510.3 508.7 506.8 506.4 503 504.4 504.3 504.6 506.5 510.6 510.6 508.2 506.1 504.5 503.5 502.6 496.6 491.4 485.2 479.5 473 468.5 466.2 465.8 466 466.1 465.8 464.6 461.4 460 462.3 465.1 465.2 463.4 461.1 458.9 456.6 454.5 454.2 455.7
534.8 533.3 532.5 529.7 527.8 526.4 524.6 523.2 523.2 522.4 520.4 518.2 516.2 513.1 509.6 507.3 503.1 494.9 489.3 483.3 475.2 488.5 488.2 487.6 486.4 487.6 490 497 501.3 499.3 499.6 501.3 503.6 509 510 509.8 509.9 510.5 510.1 510.7 508.3 505.4 504.1 499.6 502.3 502.1 501.9 503.5 504.8 504.7 503.4 502.3 500.9 499.5 494.4 486.9 479.8 475 469.7 466.1 464.4 463.9 464.1 464.3 463.7 461.7 459.5 457.6 458.3 459.4 459.6 459.1 456.8 454 452.4 450.5 450.4 452
525.2 523 523.4 523.5 523.8 522.7 521.3 519.9 518.6 517 513.6 511.7 509.9 508.4 505.2 501.9 497.6 489.8 484 481.1 474.6 475.1 482.7 482.2 482.6 483.7 486.7 494.6 496.1 495.2 496.4 499.4 502.6 505.6 508.5 508.7 509 509.9 511.1 511.2 509 504.9 502.8 502.6 501.9 499.5 498.5 500.4 500.8 501.4 500.9 499.5 497.6 495.5 488.6 483.2 475.4 470.8 467.4 464.4 462.6 461.2 461.3 461.9 459.9 457.8 456.8 454.9 453 452.7 451.8 452.4 451.9 449.8 448.2 447.4 447.2 447.4
518.9 519.5 519.7 519.7 519.7 518.5 516.7 515.3 511.3 509.3 507 505.8 503.2 501.6 499 496.6 493 485.7 479.6 476 469.9 471.7 476 477.1 478 480.1 483.9 492.6 492.5 492.3 494 497.7 499.6 503 506 507.3 508 509.1 511.5 510.2 507.6 504.3 503.1 502.3 502.1 499.6 497.3 498.7 498.9 498.6 497.5 496.6 494.2 490.2 484.6 479 472.7 469.7 466.5 463.1 459.9 458.6 457.7 457.6 456.7 455.4 453.8 450.4 450.2 450.3 448.2 442.9 440.6 442.7 443.6 443.3 442.6 442.2
