data/400000-200000.asc
ncols 200
nrows 200
xllcorner 400000
yllcorner 200000
cellsize 50
[rows 140 to 174 of 200, columns 0 to 77 of 200]
144.7 143.7 142.7 141.7 140.8 140 139 137.9 137 136.1 133.6 131.5 129.9 128 126.2 125.3 124.5 122.8 121 119.8 118.7 118.6 118.6 118.1 117.4 116.7 116.1 115.3 114.3 113.4 113.3 113.6 113.3 113 112.6 112.1 112.4 112.2 112 111.8 112.2 112.8 114.8 116.9 118.6 119.3 120 121 121.8 121.9 122.2 122.6 123.2 125.1 126.5 128.3 131.3 134 133.8 134.8 136 136.8 137.4 136.8 136.1 135.3 134.6 133.5 131.9 130.5 126.9 125.4 126.3 126.4 127.7 128.8 129.5 130.7
148 147.3 146.6 145.5 144.4 144 143.1 142.1 141.1 139.2 136.4 133.7 133.3 131.5 129.5 128.8 127 124.8 122.8 120.7 118.9 119.4 118.2 117.4 116.6 115.8 115.8 115.1 114.2 113.4 112.7 113.1 112.7 112.4 112.3 112.6 111.6 111.7 111.6 111.6 112.2 112.8 115.1 116 117.4 117.5 117.6 118.5 119.3 119.9 121.6 123.3 123.7 125.2 126.4 128 130.4 132.2 133.4 134.6 135.7 136.7 137.3 136.8 135.8 134.8 134.1 133.2 131.3 130.4 128.8 124.3 125.9 125.9 125.9 126.5 128.6 129.9
150.7 150.4 149.8 149 148.1 147.5 147.2 146.3 145 143.1 140.7 139 137.8 136.3 134.5 133.1 131.5 129.5 128.2 126.2 123.9 121.4 120.6 119 118.1 117.1 116.2 115.1 114.4 113.7 113 112.8 112.3 111.8 111.7 112.2 112.2 111.5 111.5 111.7 112.3 113 114.4 115.1 116.8 118 117.9 119.4 119.8 120.7 122.8 123.7 124.9 126.8 128.1 129.2 130.3 132.1 133.3 134.3 135.5 136.6 137.1 136.9 135.7 134.5 133.3 131.9 131 130.3 129.8 127.1 122.7 125.8 125.9 125.6 127.2 129.2
151.6 151 150.4 149.7 149.6 149.2 148.7 147.9 146.4 145.6 144.9 143.2 141.5 140.1 138.8 138.7 137.4 135.2 133.8 132.1 130.1 128.2 125.9 123.2 121.2 119.9 118.9 117.5 116.8 115.4 113.9 112.6 112.1 111.7 111.5 111.9 112.6 111.9 111.5 111.7 112.2 113.2 114.1 115.3 116.4 118.5 119.7 120.1 121 122 124.7 125.9 126.9 128.5 129.5 130.1 130.9 132.1 133.6 134.4 135.4 136.5 136.9 136.6 135.2 133.5 132.2 130.9 131.1 130.1 129.7 128.4 124.9 124.2 126.6 125.7 126.6 127.9
151.9 151.3 150.7 150.1 150 149.4 149 148.3 147.1 146.2 145.5 144.9 143.6 142.7 142 142.4 140.1 139.5 138.5 136.7 135 133.4 131.8 129.3 127.3 124.7 121.8 120.9 119.7 117.9 115.1 112.5 112.1 111.6 111.4 111.8 112.5 111.6 111.5 111.6 112 114.7 116 116.9 118 119.3 119.5 119.9 120.9 122.2 124.1 125.6 126.9 128 129.5 129.6 130.3 132.1 133.8 134 134.8 135.4 135.9 136.1 135.2 133.1 131.6 129.7 129.8 130.5 129.8 128.8 127.4 120.6 126.3 126.4 126.9 128.1
151.6 151.3 151 150.5 149.5 149.2 148.9 148.5 147.8 146.7 146.1 145.5 144.9 144.3 143.3 142.4 141.6 140.8 140.3 138.9 137.8 136.7 134.9 132.2 129.4 126.6 124.5 122.8 120.9 118.9 116.3 113.6 112 111.4 111.3 111.6 110.7 111.4 112.3 112.2 113.6 116.3 115.9 116.9 117.3 117.3 117.7 119.3 121.1 123 123.5 124.9 125.8 126.5 127.6 128.7 129.2 130.3 130.9 132.1 133.8 134.5 135.1 135.3 134.7 133 131.2 129.1 128.3 129.3 129.3 129.3 129.7 129.5 119.6 122.2 126.9 127.3
150.8 150.4 150.2 149.9 149.2 148.9 148.6 148.3 147.9 147.2 146.5 145.8 145.3 144.5 143.8 143.6 142.8 142.2 141.6 140.3 139.5 138.2 135.5 132.8 130.1 127.8 126 124 122 119.8 117.5 114.8 112.1 111.2 111.1 110.8 110.7 110.9 111.2 112.2 112.4 112.5 114.1 115.1 115.3 115.1 115.7 117.5 116.8 119.4 122.1 122.9 123.7 124.4 125.6 127.5 128.3 128.8 128.4 130.2 131.9 133.4 134.1 134 133.5 132.4 130.1 128.4 126.7 127.5 129.3 129.3 129.8 130.7 127 119.7 123.5 126.8
149.9 149.5 149.3 149 148.6 148.2 147.9 147.6 147.4 147.4 146.7 146 145.2 144.5 143.7 143.3 143.3 143.6 142.3 140.5 139.3 138.1 136 133.3 130.6 128.4 126.4 124.6 122.6 120.5 117 113.4 111.1 110.7 110.8 110.7 110.8 111 112.4 112.2 110.5 111 112 112.7 112.8 113.5 114.5 116 115.5 116.5 119.6 120.3 121.2 122.1 123.5 125.9 126.8 126.9 127.6 129 130.4 131.4 132.4 132.5 132.2 130.5 128.8 127.6 126 126 128.2 128.6 127.1 124.7 125.3 122.5 119.7 125.6
149 148.7 148.4 148.2 147.7 147.3 147 147.1 147.3 147.3 146.6 145.9 145.2 144.4 143.7 143 143 142.4 141.5 140.2 138.4 137.4 136 133.3 131.1 128.7 126.6 124.9 123 119.8 115.6 111.5 110.6 110.7 110.7 110.7 110.9 112.5 114.1 112.4 111.3 110.7 110 109.9 110.8 111.6 113.2 113.9 114.1 115 116.6 117.7 118.4 119.2 121.4 123.9 125.8 125.8 126.5 128.6 128.1 129.3 130.4 130.4 129.8 128.5 127.6 126.5 124.9 125.5 126.9 126.8 126.8 125.1 122.7 121.8 120.6 121.9
148.2 147.7 147.5 147.4 147 146.4 146.7 147 147.2 147.2 146.5 145.7 145 144.2 143.3 142.3 141.5 140.8 140 139.5 137.9 136.8 135.9 133.3 131.7 129.1 126.8 125.1 123.4 119.7 115.7 112.6 110.7 110.8 110.8 110.8 111.1 111.4 112.8 111.5 111.2 110.8 110.5 109.9 109.7 110.3 110.6 111.4 111.5 112.5 114.2 114.8 115.4 116.8 119.3 121.5 123.2 124.4 125.5 125.8 125.3 127.2 128.3 128.5 127.6 126.8 126.1 125.6 125 125.4 126.2 126 125.8 124.4 121.9 121.3 123.8 122.2
147.5 147.3 147.9 146.6 145.7 145.8 146 146.4 146.8 146.8 145.9 145 144.1 143.2 142.3 141.2 140.1 139.2 138.8 138.5 137.7 136.4 135.5 133.9 132.2 129.6 127 125.4 123.3 119.7 115.9 111.5 110.7 110.8 110.9 110.9 111.3 111.2 110.6 110.9 110.5 110.3 110.3 110.3 109.9 110.1 109.9 109.4 110.1 110.6 111.5 112 112.6 114 115.8 117.8 119.4 121.1 122.5 122.3 123.3 124.7 126.2 126.4 125.8 125.1 124.2 124.3 124.2 124.7 125.1 125.1 124.7 123.2 121.7 120.9 123 125.2
146.7 146.4 145.9 145.3 145.2 145.4 145.5 145.4 145.6 145.6 145.3 144.1 143 142.2 141.2 140.1 139.1 138 137.7 137.4 137 136.1 135 133.6 131.5 129.2 126.9 124.5 122.7 119.2 116.1 112.8 110.5 110.6 110.6 110.3 110.5 110.1 109.8 109.6 110.1 110 110.4 110.3 110 110 109.5 109 109.1 109.9 110.1 110.6 111.2 111.4 112.9 114.7 116.1 118.1 119.8 120.1 122.1 123.5 124.2 123.8 123.1 122.3 122 120.2 120.4 122.6 122.7 123.1 122.1 120.6 120.1 121.5 123.8 124.5
145.9 145.2 145.2 144.8 144.9 145.3 145.4 145.3 145.2 144.9 144.5 143.7 142.5 141.4 140.2 139.3 138.3 137.1 136.6 136.3 135.9 135.4 133.7 132.3 131.1 128.8 126.6 124.1 121.5 118.5 116.5 113.3 110.7 110.2 110.2 109.6 109.5 109.6 109.4 109.5 109.8 110 110.5 110.4 110.1 109.6 109.2 109.1 109.1 109 109.2 109.8 110.1 109.8 111 112 113.7 115.2 116.8 118.9 121.1 121.9 121.9 121.5 120.9 119.9 118.3 116.7 116.7 118.6 119.4 118.5 118 119.3 120 122 122.7 123.4
144.7 144.4 144.5 144.2 144.6 145 145.3 145.2 145 144.6 143.9 143.2 142.1 140.7 139.3 138.4 137.4 136.3 135.5 135.2 134.5 132.8 131.7 130.6 129.4 128.1 126.2 124 120.9 118 116.2 113.1 111.2 110.3 109.9 110 109.7 109.4 109.3 109.5 109.7 110.2 110.6 110.2 109.7 109.3 109.4 109.8 109.5 108.7 109 109.2 109.8 110 110.9 112.1 113.2 114.9 116.6 118.2 119.5 119.6 119.7 119 117.4 115.8 115.6 115.5 114.8 115.7 116.5 117.4 119.6 120.5 121 121.1 121.8 122.4
143.6 143.7 143.8 143.8 144.3 144.7 145 144.8 144.6 143.9 143.2 142.6 141.7 139.8 138.2 137.6 136.6 135.4 134.3 134.1 133.3 131.9 130.2 128.9 127.7 126.4 125.2 123.6 120.9 117.6 115.7 114.4 112.2 111.2 110.5 110.3 110 109.7 109.7 109.8 110.4 110.4 110.1 109.8 109.5 109.5 109.8 110.1 109.3 108.5 108.3 109 109 109 110.3 111.5 113.2 114.9 116.3 117.7 117.8 117.8 117.3 115.5 113.6 113.4 114.8 116 116.2 116.9 118.3 120.3 121 121.7 121.4 120.9 121 121.2
142 141.3 142 143.3 143.8 144.2 144.6 144.1 143.7 142.6 142.5 142.1 140.7 139.1 137.4 136.5 135.8 134.5 132.9 132.7 132.6 131.2 129.4 127.8 126.5 125.2 123.9 122.6 121.2 118.8 116.3 115.5 114.5 113 111.4 110 110.4 110.7 110.1 110.3 110.4 109.9 110.1 110.1 110 110.2 110.1 110 109.3 108.7 108.2 108.4 108.7 108.7 111.1 110.6 112.6 114.2 115.4 116.4 115.9 115.8 113.4 111.7 112.5 113.7 114.9 116.8 117.6 118.5 119.3 121.1 122 122.8 122.3 121.6 121.6 121.7
140.2 139.8 140.9 142.5 143.1 143.6 144 143.7 142.6 142.2 142.3 141.8 140.7 139.5 138 136.7 135.1 133.4 131.6 131.5 131.5 130.3 129.1 127.4 125.4 124.5 123.7 122.6 121.4 120 118.8 117.7 117.2 116.8 114.4 113.3 113.4 112.6 111.5 110.8 110.3 109.9 110.1 110.2 110.6 110.7 110.5 110.1 109.5 109 108.4 107.9 108 108.2 108.6 111.1 112.1 113.5 114.7 113.8 113.4 113.4 112.4 112.4 113 114.4 116.2 117.8 118.7 119.8 120.8 121.8 122.7 123.6 123.2 122.6 122.2 122.3
136.6 137 139.7 141.8 142.4 142.9 143.5 143.1 142.6 142.9 142.2 141.6 140.4 139.3 137.9 136.1 134.4 132.7 130.9 129.9 130.4 129.7 128.2 127 126.5 125.6 123.9 123.3 123.3 123.2 120.9 119.4 118.8 118 117.7 116.6 115.8 115.6 114.5 112.6 110.8 110.5 110.2 110.4 110.7 110.8 110.6 110.5 109.9 109.3 108.7 108.1 107.8 107.8 108.2 108.6 111.5 112.6 112.4 113.4 112.5 111 111.4 112.6 113.9 115.6 117.3 118.4 119.1 120 121 121.9 122.7 123.4 123.9 123.5 123 122.8
135 135.2 139.5 140.7 141.7 142.4 143.1 143 142.6 142 141.5 141 140 138.9 137.3 135.5 133.8 132 130.2 128.6 128.5 128.3 126.8 125.8 125.3 125 123.8 123.2 124.4 124.3 122 120.7 119.7 119.7 119.5 118.5 117.9 117.2 114.9 113.5 111.7 111.2 110.9 110.6 110.7 110.8 110.8 110.8 110.2 109.7 109 108.4 108.1 107.9 107.7 108.4 110 111.6 111.5 112.5 111 110.4 110.5 112.4 114.1 115.6 118.1 118.9 119.6 120.3 121.3 122.2 123 123.6 124.1 123.9 123.5 123
134.5 135 138.8 140.2 141.2 142.1 142.4 142.5 141.9 141.3 140.7 140.2 139.6 138.4 136.8 135 133.1 131.4 129.6 128.2 127.4 126.2 125.5 124.6 125.1 124.8 124.7 122.9 123.6 123.8 122.5 120.8 120 119.6 120.5 119.7 118.1 116.4 114 112.8 111.8 111.4 111.1 110.9 111.1 111 110.9 111 110.6 110 109.1 108.6 108.4 108.2 107.8 107.9 109.2 109.6 110.7 111.6 110 110.1 110.4 112.3 113.9 115.8 119 119.7 120.3 120.9 121.6 122.5 123.4 123.9 124.4 124.3 123.9 123.5
133.3 134.1 137.6 139.6 140.6 141.6 141.7 141.7 141.1 140.5 140.1 139.7 139 138 136.3 134.5 132.8 131.2 129.7 128.3 127.9 126.4 125.3 123.8 124.3 123.3 122.4 122.2 122.5 122.8 122.2 121.6 120.8 119.8 119.2 119.7 118.8 117.2 114.8 112.7 111.5 111.2 111.3 111.3 111.4 111.4 111.3 111.1 111 110.2 109.3 108.9 108.8 108.7 107.7 107.4 108.5 109.2 109.7 109.9 109.7 109.7 110.6 112.7 114.2 115.6 119.6 120.7 121.7 122 122.2 122.9 123.8 124.3 124.5 124.4 124.3 123.9
129.8 133.5 137.4 139.2 140.2 140.8 140.9 140.9 140.2 140.6 140.7 140.1 139.3 138.3 137 135.4 133.9 132.2 130.4 128.6 129.4 128.6 126.3 123.9 122.1 121.3 120.3 119.6 120.8 121.1 120.7 120.5 120 119.7 120 120.3 119.6 117.9 115.7 114 111.8 110.9 110.7 110.5 110.6 111.2 110.9 111.1 111.1 110.3 109.5 109.4 109.4 108.5 107.7 107.3 106.6 108.2 109.6 110.2 109.5 110 111.1 113.5 116.2 118.7 120.1 121.4 122.2 122.7 123.2 123.5 124.1 124.5 124.4 124.3 124.4 124.7
128.1 132.5 137.1 139.5 139.8 140 140 140.1 139.7 140.6 140.7 140.8 140.1 139 137.9 136.4 134.8 133.1 131.4 131 131.2 129.9 127.9 125.8 123.1 121.7 120.5 119.4 119 119.6 119.2 119.2 118.7 119.2 119.5 119.3 119.7 118.5 115.4 114.2 112.6 111 110.3 110.1 110.3 110.7 110.6 110.1 109.6 109.6 109.8 110 109.4 108.3 107.6 107.3 106.8 106.2 107.9 109.3 110 110.6 112.9 115.3 116.8 119 120.2 121.5 122.3 123.1 123.6 124.1 124.3 124.4 124.3 124.9 125.3 125.3
125.3 132.1 136.5 139.3 139 138.9 139.2 139.2 139.6 140.6 140.6 140.5 140.1 139.8 138.8 137.1 135.4 133.7 132.3 132.4 132.4 131.5 130 127.6 125.1 123.4 121.3 119.5 118.9 118.5 118.5 118.5 118.5 118.6 118.9 118.5 118.9 118.3 115.7 114.9 113.1 111.3 109.7 109.9 110.2 110.6 110.5 109.5 109.6 109.8 110.1 110.2 109.5 108.2 107.6 107.3 107 105.8 106.9 109 109.9 112.3 114.2 116.5 118.1 119.3 120.3 121.2 122 122.8 123.5 123.6 123.2 120.5 124.1 124.8 125.4 125.2
123.3 132.5 136.6 137.9 137.5 137 137.8 138.5 139.6 140.5 140.4 140.1 139.5 139.2 138.3 136.7 135.5 134.4 133.3 133.5 133 132.3 131 129.2 127 124.7 122.4 120.8 119.7 118.9 118.5 118.5 118.5 118.5 118.5 118.1 117.9 115.8 114.9 113.5 113.8 110.6 109.8 109.7 109.9 110.3 110.7 110.5 109.9 110 110.2 109.7 109.4 108.1 107.5 107.2 106.7 105.9 106.1 106.4 109.8 111.6 114.4 115.6 117.1 118.4 119.5 119.7 120.6 121.8 119.6 120.1 123.5 123.6 123.9 124.6 124.7 124.8
124.2 133.2 135.4 136.3 136.1 135.6 136.5 137.6 138.7 139.9 140 139.7 139.1 138.7 137.9 137.2 136.5 135.4 134.4 134.2 133.7 133 131.9 130.4 128.1 125.9 124.1 123.7 122.2 120.8 119.1 118.5 118.5 118.5 118.5 115.7 115.2 113.7 114.5 112.9 112.9 112.4 110 109.4 109.4 109.7 110.1 110.2 110.2 110.2 109.7 109.2 108.8 108.5 107.8 107 106.8 106.2 105.8 106.5 110.1 109.8 113.6 114.7 116.3 117.5 118.1 117.3 118.7 118.4 120.8 121.8 122.8 123.2 123.8 124 124.1 124.3
124 130.6 133.4 135.2 134.8 134.5 135.5 136.6 137.7 139.2 139.7 139.1 138.1 137.8 137.9 137.2 136.6 135.9 135.3 134.8 134.3 133.8 132.8 131.7 129.2 127.1 127 126.1 124.7 123.1 120.8 119.2 118.7 118.5 117.3 115.1 113.2 112.7 112.6 111.1 110.2 109.9 109.5 109.3 109.3 109.6 109.6 109.5 109.5 109.8 109.9 109 108.2 108.3 108.1 107.2 106.9 106.7 107 106 112.8 112.7 109.4 115 114.4 115.1 116.1 115.3 117.5 118.7 120.2 121 121.9 122.7 122.9 123.4 123.6 123.8
121.3 127.4 132.2 134 134.2 133.7 134.2 135.3 137.5 138.8 138.9 138 137.1 136.7 137.2 137 136.3 135.6 135.2 134.7 134.3 133.7 132.9 132.2 131.1 129 128.5 127.8 125.1 124.4 122.9 121.7 120.3 117.2 115.8 114.3 112.7 111.8 112.1 111.3 110 109.9 109.7 109.8 109.5 109.6 109 108.9 108.7 109 109.3 109.4 108.6 108.3 108.3 107.7 107.1 106.2 105.8 105.6 105.6 107.4 108 110.3 113.2 113.6 113.4 114.4 116.1 117.9 119.7 120.2 121 122.3 121.5 122.2 122.7 123.3
116.3 120.1 126.5 131.5 127.8 130 133 135.2 137 137.7 137.9 137 136.1 135.8 136 136.3 136 135.4 135 134.5 134 133.5 132.7 132.1 131.7 130 129.6 129.2 126.4 125 124.4 123.7 120.8 118.2 119.5 117.3 116.1 113.4 112.1 110.8 110.9 110.1 110.2 110.2 109.8 108.6 108.2 107.9 108.1 108.3 108.6 109 109 108.5 108.2 107.3 107.4 107.3 105.6 105.4 105.2 105.7 106.3 109.7 110.8 111.3 113.3 114.7 116.1 117.8 119.4 120.6 121.6 122.6 123.1 122.5 123.1 122.9
116.6 114.6 117.8 120.5 120.6 126.4 130.9 133.3 135.6 136.5 136.9 136 135.1 134.9 135.1 135.3 135.3 134.9 134.4 133.9 133.6 133.7 133.3 132.6 132.2 131.3 130.5 130 129.4 125.3 124.5 124 123.1 120.7 119.7 119.9 119.6 118.7 115 114.6 111.4 111.1 110.8 110.9 110.4 109.6 108.2 108.2 107.7 107.8 107.9 108.4 108.7 108.6 108.4 107.4 107.2 107 105.6 105.4 105.2 104.9 104.9 107.5 108.1 112.2 113.1 115.2 117 118.3 119.9 121.3 122.6 123.2 124.1 122.9 122.6 122.1
124.9 119.9 115.1 119.5 119.7 125.7 130 131.9 134 135.5 135.8 135 134.1 134 134.2 134.4 134.6 134.3 133.8 133.5 133.2 133.3 132.3 132.4 132.3 132.4 130.8 130.4 129.9 127.7 126 122.7 122.5 121.9 120.4 119.9 117.7 117.6 113.5 113.5 112.7 111 110.7 111.3 111.2 111.2 110.1 109.1 108.3 107.7 107.6 108.1 108.1 108 107.9 107.7 107.5 107.2 106.1 105.5 105.1 104.8 105.1 106.4 109.9 112.7 112.9 114.8 116.6 117.9 119.9 121.9 123.6 124.1 124.4 121.8 121.3 120.6
130.3 124.8 116.5 115.6 124.9 127.9 130.9 130.9 130.9 134.6 134.8 133.9 133 133.1 133.4 133.5 133.8 133.7 133.4 133 132.9 132.2 131.7 131.8 131.7 132.2 131.2 130.8 130.3 129.1 128.4 124.3 121.8 122.1 120.2 119.5 117 115.9 114.3 120 115.5 111.9 109.7 112.6 112.6 113 110.9 109.5 109.3 107.5 107.2 107.3 107.4 107.4 107.2 107.1 106.9 107 106.5 105.6 105.1 104.8 105 105.5 108.6 107.7 112.5 114.3 115.8 117.3 119.2 120.7 123.2 122.9 122.6 121.2 120.9 120.4
129.8 124.2 116.7 115.3 131.7 132.9 132.6 134.3 134.8 134.7 133.8 132.9 132 131.5 131.3 131.4 131.7 131.8 131.5 131.4 131.4 131 131 131.2 131.2 131.8 131.5 131.1 130.5 129.5 128.8 128.5 128.1 127.3 126.6 121 118.6 118.1 118.9 117.8 122.9 114.9 107.4 116.2 113.1 114.1 112.2 110.5 109.6 107.8 107.5 107.1 106.8 106.8 106.7 106.6 106.9 106.7 106 105.8 105.1 105.1 105 104.6 106.1 106.3 112.2 113.7 115.1 116.6 118.3 119.6 121.4 121.6 121.1 121 120.5 120
127.8 121.9 114.9 118.5 130.6 133.2 133.6 134 134.4 134.7 133.3 132.2 131.5 131 130.3 129.9 129.6 129.9 129.7 129.1 128.9 129.3 128.9 129.3 130 130.6 130.8 130.9 130.6 130.1 129.7 129.3 128.9 128.2 127.3 125.8 124 121 123.4 117.2 117.5 115.4 116.3 118.4 115.9 111.6 112.6 111.3 109.5 108.4 107.7 107.4 106.9 106.5 106.3 106.6 106.8 106.4 105.5 105.5 105 105.4 105.1 104.5 104.2 106.1 111.1 112.9 114.3 115.7 117.3 118.6 119.6 120.5 120.1 120.6 120.3 119.7
128.7 122.9 113.9 120.3 131.3 133.1 133.5 133.9 134.4 134.5 133.1 131.6 131.2 130.4 129.6 128.8 128.1 128 128 127.7 127.8 127.6 127.9 128.2 129.4 129.9 129.6 130.2 130 130.1 130.4 130 129.6 129.1 128.2 126.7 125.9 124.9 124.9 123 122.8 122.6 121.1 119.6 118.2 116 110.2 111.8 110.1 109.1 107.9 107.4 106.9 106.4 106.1 105.7 106.2 105.5 105.2 105.1 105.3 105.5 104.8 104.2 104.4 105.4 110.1 112.1 113.2 114.1 116.4 117.4 118.5 118.6 119.3 119.8 120 119.5
