data/400000-230000.asc
ncols 200
nrows 200
xllcorner 400000
yllcorner 230000
cellsize 50
[rows 111 to 147 of 200, columns 82 to 163 of 200]
62.3 60.1 58.3 56.8 56.5 57.6 58.2 58.7 59.2 57.4 55.9 56.1 58 61 62.5 64.4 64.2 63.8 63.4 63.7 64.2 65.6 67 68.5 69.9 71.3 73 74.5 75.3 76 76.7 77.5 78.4 79.2 79.8 79 80.2 77 83.2 83.9 86.8 86.3 86.9 87.5 86.4 86.8 89.4 93 99 101 100.6 100.3 104.9 106.1 105.1 103.6 105.3 110.5 117.4 126.7 136.4 143.9 151.7 159.9 167.4 176.2 184.8 192.2 205.6 212.4 217.4 223 227 229.5 235.6 240.5 246.6 250.4 253.9 259.4 263.9 268.3
63.6 60.4 58.4 57.3 57.2 58.4 59.1 59.8 59.9 59.6 58 56.6 57.2 59 60.5 62.6 64.6 64.7 64.7 64.9 65.2 66.6 67.5 68.3 69.1 70.6 72.3 74.1 75.4 76.4 77.3 78.1 78.9 79.7 80.7 80.5 79.3 82.6 83.8 84.9 86.6 88 88.8 89.4 87.7 88 91.3 94.1 98.5 100.6 100.8 101.5 103.4 104.5 105.9 105.4 105.8 109.9 117.3 127.1 137.2 142.2 151.3 159.7 167.9 175.7 185.1 191.7 203.8 210.1 217.3 223.2 226.2 229.1 235.9 241.4 249.4 254.6 259.2 262 266.4 270.6
64.4 60.8 58.6 57.7 58 59.2 60.1 60.9 61.4 61.6 60.9 59.8 59 59 59 61.6 64.3 64.8 64.9 66.3 67.5 68.3 69.2 69.9 70.5 70.9 71.9 73.9 75.9 77 78.2 78.8 79.2 80.1 81.3 81.2 79.3 83.4 84.4 85.5 86.3 87.8 89.1 90.4 90.2 89.9 92.4 95.1 96.6 98.7 99.4 100.8 103.2 105.1 105.1 106.6 107.5 109.9 115.5 122.6 132.1 138.7 149.4 157.5 164.9 173.5 182.4 189.6 201.7 208.8 215.5 221.9 225.4 229.3 235.5 241.4 248.7 256.8 261.3 265.4 267.3 271.4
65 62.1 59.8 58.5 58.3 60.1 61.9 63 63.7 63.4 62.8 61.1 59.5 59.1 59.4 61.7 64.8 66.1 66.3 67.7 69.2 70.1 70.6 71.2 71.9 72.7 73.4 73.8 75.5 76.5 76.6 76.8 77.6 79.7 80.8 76.1 82.8 84.1 85.1 86.3 87.1 87.8 89.2 90.5 90.6 90.5 92.6 94.9 96.6 98.2 99.6 101 102.4 104.7 105.3 105.9 107.2 109.9 114 120.4 128.2 136.5 144 153.3 161.8 169.4 179 189.4 194.1 202.2 210.5 218.1 222.9 227.7 232.6 238.8 246.5 254.8 261.1 267.4 269 272.7
64.7 62.1 59.4 58.8 58.8 60.2 62.1 64.4 65.9 64.8 64.4 64.6 61.5 59.3 59.8 60.7 63.7 65.7 66.1 68.3 69.7 70.8 71.8 72.6 73.2 74.1 74.7 73.8 73.3 74.3 74.5 74.8 75.9 78.6 80.4 82.5 83.5 84.7 85.8 87 87.9 88.5 89.3 90.4 90.7 91.7 92.8 95.1 96.8 98.4 99.8 101.4 103.4 105.3 105.9 106.7 108 109 111.9 115.9 121.2 134.2 137.7 149.1 157.7 164.9 173.1 183.6 189 194.1 202 212.1 221.3 222.5 228 237.9 242.8 253.8 265.2 266.1 270.3 274
65.1 62.5 60.9 59.8 59 60 62.6 65.2 65.4 65.9 66.1 66.1 64.5 59.3 59 58.9 61.5 63.1 64.9 66.6 68.1 68.6 69.7 70.8 70.9 71.4 73.2 72.3 72.2 72.8 73.5 74.3 75.2 77.4 77.2 81.9 84.1 85.4 86.5 87.7 88.8 89.4 89.8 90.8 91.6 92.8 94 95.4 97.1 98.6 100.2 102.2 104.1 105.4 105.2 107.3 109.1 111.2 112.8 115.1 121.2 126.9 134.4 141.6 151.3 160.7 166.9 175.9 183.4 189 195.3 200.7 214.2 218 224.4 234.7 240.4 251.2 261.5 262.3 270.6 276
65.9 64.3 63.6 62.3 60.9 61.4 64 66 66.2 66.4 66.2 66.1 66.1 62.3 59 59 59.8 60.2 62.1 63.4 64.1 64.3 67.5 69.3 69.3 69.2 69.8 71.6 72.6 73.4 74.1 74.9 76 76.7 80.4 82.2 84.2 85 86.2 88.3 89.9 90.3 90.4 91.4 92.7 94 95.5 96.9 98 99.1 100.4 102.2 103.7 104.7 106.3 108.8 111.1 113.3 116.1 117.7 118.9 121.4 131 138.7 146.3 154.4 163.1 170.7 177 183.1 188.3 194.8 202.4 208.6 225.7 233.5 235.9 250.2 254.2 264 273.1 282.4
66.6 65.1 64.9 63.9 62.8 62.5 64.6 66.3 66.5 66.7 66.5 66.4 66.1 64.1 59 59.6 63.2 63.8 62.9 61.9 62.8 64 67.5 71.7 73.1 72.9 72.7 73.3 73.6 74.2 75 76 77.2 79.9 81.8 83.6 85.1 85.3 86.8 88.5 91.1 91.1 91.4 92.8 94.2 95.3 96.6 97.8 99 99.8 100.9 102.5 104.1 106.4 109.4 112.2 114.9 118.7 123.9 124.2 125.7 125.4 126.1 134.3 143.6 149.9 156.4 164.4 170.9 177.3 182.5 187.8 193 200.4 222 228.5 228.6 242.9 251 269.5 274.7 284.7
68.8 67 67.2 66 64.6 62.7 63.9 66.4 66.7 66.9 66.9 67 66.6 63.4 59 59.5 66.1 65.8 65.1 64.3 63.3 64.6 66.8 70.4 71.9 72.9 74.4 74.4 75.2 75.7 76.5 77.7 78 81.2 83 84.7 85.9 86.2 87.6 88.9 90.6 90.8 91.5 93.2 94.4 95.3 96.6 97.9 99 101 103.1 104.9 107.1 109.4 112 116.6 120.7 124.9 130.6 131.9 134.1 136 131.7 131.3 137.1 143.5 152.8 159.4 164.7 171.3 176 180.2 187.2 196.4 216.6 217.2 227.5 243.4 257.4 270.7 276.5 288.6
70.4 70.1 69.4 67.9 65.9 63.9 64.1 66.2 66.9 67.2 67.3 67.3 66.5 63.4 59 59 66 67.5 66.6 66.4 65 64.5 64.7 66.6 69.3 72.3 74.4 74.8 76 77.2 78.2 75.9 80.6 82 83.3 85 85.8 86.3 87.7 89 90.6 90.2 91.4 93.2 94.3 95 95.7 97.2 99.2 102.2 104.4 106.1 108.8 111.6 114.3 119 124.7 131.2 139.4 140.4 143.4 144.9 141.9 139.4 133.9 137.7 146.7 153.1 158.7 163.3 168.3 175.1 182.1 189.9 203.1 213.6 227.7 242.2 256.9 268.4 280.1 293.2
72.9 72.7 70.8 68.8 66.9 64.9 64.4 65.4 67.8 67.5 66.1 65.8 65.9 63 59 59.5 65.4 67.6 68.1 68.2 66.9 65.5 65.9 66.9 68.3 70.8 72.8 74.1 75.8 77.2 78.5 79.1 80.2 80.8 81.4 82.5 84.2 85.4 86.6 85.6 88.3 88.9 90.7 92.3 94.9 95.8 95 96.5 98.6 101.1 104.4 107.3 110 112.9 117.2 122.2 129 138.6 145.4 148.2 151.2 153 152 152.5 147.5 144.4 143.7 146.4 149.7 155.8 164.1 173.2 184.4 197.4 199.3 208.1 230.1 241.4 258.8 269.8 284.9 294.6
76 75.5 72.4 69.8 67.8 66 64.6 65.1 68.4 69.7 67.4 64.6 63.6 59.3 59.7 60.6 65 67.3 68.4 68.8 68.9 67.7 67.6 68.3 68.3 69.6 71.3 72.3 73.7 75.1 76.6 77.6 77.9 78.4 78.6 79.6 81.3 82.9 82.3 83.9 85.2 86.3 88.3 90.2 92.7 93.7 94.3 96.5 99.1 101.4 104.2 107.4 110.8 117.4 120.8 127.3 136.1 143.7 148.2 153.3 157.6 160.4 160.5 161.4 156.7 152 150.1 149.8 151 158.4 164.8 179.4 192.2 206 205 210.9 229.9 240.9 259.3 274.2 290 295
76.4 76.2 75.3 71.7 68.9 67.6 66 65.6 68.8 67.6 65.4 63.3 61.1 59 59.2 61.9 64.3 67 68.6 71 71 70 70 69.8 69.7 70.3 71 71.3 72.3 73 74 75.2 76.3 77.5 78.6 79 78.9 78.9 80.9 82.6 84.1 85.2 85.9 87.5 88.9 91.2 94.3 97.3 100.1 103.4 106.1 108.8 114.5 121.3 128.3 134.9 141.8 150.5 155.2 159.9 165.6 168.2 170.2 169.6 165.5 161.3 158.8 156.2 156.2 164.3 168.7 178.5 189.1 199.1 205.2 214.7 231.3 242 261 276.8 294.8 295.8
76.8 76.5 76.2 74.3 70.8 69.3 67.7 67.2 68.5 66.5 64.7 62.6 60.5 59 59.5 61.9 64.4 66.3 68.9 70.8 71 70.9 70.4 70.6 70.9 71.6 72.4 72.2 74.2 74.7 75.9 76.8 78 79 79.7 79.1 78.9 79.8 81 82.7 84.7 85.3 85.2 88.2 89.5 91 93.8 97.1 101.4 105.2 108 110.8 113.7 121.6 130 138.3 146.3 157.1 161.6 165.7 173 178.2 178 176.4 173.2 169.1 166.2 164.2 162.5 166.7 176.2 182.9 191.2 200.8 208.5 223.7 236.5 248.7 264.1 283.5 296.8 296.9
77.1 76.6 76.5 75.3 73.4 71.3 68.7 69.3 69.1 67.9 65.4 63.4 61.7 60.2 59.9 61.5 63.2 64.6 66.9 69 70.4 70.4 71.1 71.7 72 72.7 73.4 73.8 74.9 75.5 77 78.4 79.8 80.9 81.4 80.6 80.5 81.7 82.9 84.3 84.9 85.3 87.1 89.3 91 93.3 94.7 98.3 104.6 110 111.2 113.6 118.8 125.9 134.1 145.8 153.7 159.2 166.1 172.9 178.2 184.9 184.6 182.5 179.6 177.3 174.4 172.6 171.8 174.6 182.9 188.5 194.3 204.9 216.2 233 244.4 260.5 268.6 286.1 297.9 298.3
76.8 77.4 77.6 77.1 75.8 74.3 72.4 73 71.4 70.2 68.6 65.6 63.9 61.9 61.4 61.3 62.2 63.5 65.5 67 68.9 69.5 70.4 71.8 73 73.4 74 76.5 75.2 76 77.4 78.9 80.4 81.9 82.7 82.4 82.2 83.5 84.9 86.1 87.3 88.3 89.8 91.3 93 95.5 98 100.5 105.8 113.5 116.2 122.1 126.4 131.5 141.3 153.3 162 167.8 173.3 178.4 183.5 190.3 193.8 189.7 189.1 185.6 183.8 182.5 180.8 180.4 189.4 196.5 201.8 210.1 221.8 239.2 252.5 269.4 274.2 288.6 299.2 299.8
77.2 78.5 78.8 79 77.9 77 76.4 76.4 74.5 73.5 72.6 69.6 65.3 62.6 61.8 61.4 62.2 64 64.8 65.4 67.4 68.7 69.6 71.8 73 73.6 74.5 74.7 75.4 76.4 77.5 78.7 79.2 81 82.7 84.2 84.1 85.4 86.6 87.7 89.4 91.2 93.3 94.3 95 99.2 99.7 102.8 106.8 112.1 119.4 127.4 132.3 138.5 148.9 158.6 167.6 175.1 180 184.6 192.7 197.8 200.8 198.4 196.9 194.5 191.2 190.3 193 190.2 194.3 201.4 209.1 221.6 230.4 248.7 263.4 275.5 278.8 292.5 299.9 300.6
77.4 79.2 80.3 81 81 79.6 79.8 80.7 79.8 78.6 76.5 73.1 68.1 63.6 62.4 62 62.3 64.2 65.1 66.3 67.5 68.8 68.8 70.2 72.2 73.4 74.3 75 75.8 76.8 77.9 79 79.6 80.8 82.2 83.8 85.2 87.3 88.4 89.3 90.2 93.6 95.6 96 97.4 100.5 103.4 106.7 111.2 116.6 121.5 127.8 134.5 141.5 149.9 159.3 170.5 179.8 187.8 194.6 198.7 200.4 204.3 210.7 206.8 206 200.3 200.7 201 198.5 199.1 208.4 224.2 229.8 239.9 255.1 271.2 274 286.2 296.3 299.7 301.2
77.1 79.3 80.8 80.7 80.5 80.6 80.3 81 81 81 79.5 76.1 70.1 65.1 63.4 62.9 62.3 63.5 65 66.9 68.4 69.9 70.2 69.8 71.2 77.4 74 74.7 75.8 76.9 78.1 79.1 81 82.4 83.2 83.8 84.4 86.6 88.6 88.1 89.8 92.9 95.6 97 99.5 101.4 104.7 109.5 114.9 119.4 122.2 127 133.9 145.8 154.5 160.7 169.4 179.4 188.7 197.9 202.1 210.8 215.9 217 218.6 213.9 214.9 211.5 205.5 209.1 213.5 215.7 230.4 238.4 250.5 263.4 275.3 273.5 291.2 297.7 299 300.4
77.7 79.5 80.5 80.9 81 81.4 81.2 81.3 80.7 80.8 81 77 71.2 69.7 66.7 63.8 63.1 62.8 64.9 67 69.6 70.4 70.9 71.8 76.1 72.8 73.2 74.3 75.3 76.4 77.6 78.7 78.8 80.4 81.4 81.9 83.9 84.6 85.9 87.7 89.6 92.1 95.2 96.9 99.2 102 106.6 112.1 117.9 122.8 126.8 129.9 134.5 149.6 158.8 167.6 173.4 180.8 189.6 198.5 203.9 217.2 220.6 222.2 222.1 219.4 224.9 221.6 221.1 226.9 227.6 226.3 228.2 242.3 255.3 267.7 274.7 278.9 290.9 296.2 298.4 299.6
78.2 80.2 80.6 81 81.7 82.2 82.4 82.6 82.5 81.5 80.2 76.9 75.3 74.3 70.2 66.6 64 63.4 63.9 65.6 68.1 70.6 71.7 72.6 74.3 73.8 74.1 74.6 75.2 76 77 77.9 79.3 79.9 80.4 82 84.4 85.3 85.5 87.9 90.2 92.3 94.8 96.7 98.8 102.9 108.4 113.9 119.2 125 130.2 134.5 141.1 148.6 159 169.8 177.8 185.5 192.7 200.8 207.9 221.1 225.9 227.3 226.5 226.2 228.6 228.4 229.8 234 236 235.3 236.8 238.4 257.2 271.7 272.1 285.1 290.5 292.9 295 297.4
78.8 81 80.8 81 81.7 82.7 83.5 83.8 84.1 83.3 82.2 80.8 79.5 77.6 73.8 68.3 66.2 64.6 64.2 64 66.3 69.1 70.7 78.5 73.8 74.5 75 75.5 76.1 76.8 77.6 78.2 78.5 79.6 80.8 82.7 86 87.3 86.6 88.2 90.4 92.8 95.4 98.3 100.4 104.4 108.9 114 119.5 125.8 132 137.5 145.1 151.6 157.9 167.4 177.1 185.5 194.2 204.6 212.1 225.4 229.2 231.1 230 230.4 234.2 234.6 237.5 240.6 242.3 242.7 250.6 243.9 249.8 262.4 276.6 284.3 287.7 290.1 294.2 298.3
76.1 76.8 77.7 79.8 81.4 82.4 83.6 84.4 84.6 84.9 84 83.6 82.4 79.8 74.7 69.5 66.7 65.8 65.1 64.6 66.1 67.2 76 71.5 72.2 74.2 75.2 76 76.9 77.5 78.3 78.8 79.4 80.1 81.4 83 84.7 88.2 89.2 89.6 91 93.3 96 99.3 103.2 107.6 109.8 112.4 118 124.1 132.4 141.5 149.3 155.2 161.5 168.9 177.3 183.8 192.8 203.2 210.6 227.3 233 235.7 236.9 237.9 239.2 242.7 245.7 249.9 253 251.8 258.6 265 259 257.8 272.2 283.1 288.5 291.6 295.1 299.3
68.9 70 72.1 74.5 77.1 81 82.8 84.1 85 85.3 85.5 85.2 83.5 79.8 73.9 69.3 67.5 66.7 65.9 65.3 66.2 66.8 67.2 68.7 71.1 73.4 75.1 75.9 77 77.2 78.2 79.4 80.2 80.4 81.8 83.2 84.8 86.7 88.5 90.2 91.6 93.2 96.5 99.9 106.9 112.5 115.5 115.8 120.8 126.2 134.5 144.4 152.2 158.8 166.1 174.1 181.4 187 195.5 203.7 211.6 226.8 236.9 240.8 241.4 243.6 245.1 250.5 254.7 257.6 259.1 262.8 270.9 276.9 272.8 274 280.2 286.4 290.5 293.3 295.9 299.6
68.8 68.8 68.8 72.6 74.5 78.2 81.4 83.1 85.5 85.8 86.1 86.1 84 79 74.1 70.8 68.9 68.8 67.6 66.6 66.2 66.7 67.3 68.2 70.2 72.7 74.5 75.6 76.9 77.1 78 79.3 80.8 81 82.5 84 85 87 89 91.1 93.2 94.4 96.8 101.9 108.8 115.5 117.5 120.9 126.8 130 143 156.7 159.5 164.9 171.2 178.5 186 192.8 199.6 209.9 216 227.5 240.1 246.3 249.1 251.8 256.2 259.8 262.9 266.7 270.5 276.6 281.3 281.8 279 280.6 283.7 287.7 291.1 293.9 296.5 299.4
71.8 72 71.2 74 75.1 76.6 80.3 83.4 86 86.2 86.4 86.2 83.5 78.3 75.6 72.2 73 72.6 70.2 68.5 67.9 67.9 68.1 68.5 69.1 71 72.8 74.5 76.3 78.1 78.9 79.6 81 81.4 83.3 85.1 85.9 87.9 90 92.1 94.9 95.9 98.8 102.1 108.2 113.7 118.7 124.4 131.3 135.7 148.1 163.2 169.1 174.5 179.5 183.7 189.1 198.4 204.2 213.7 218.5 232 245.6 252.9 256 259.3 263.2 267.5 273.9 278.6 280.2 280.7 282.3 283.3 280.9 280.6 283.8 287.1 290.6 293.8 297.1 299.4
75 74.5 73.1 76.4 79.2 78.6 78.9 81.9 85.4 86.1 86.7 86.7 84.6 82 78.9 75.5 78.8 78.5 74.5 72.2 76.9 69.6 68.9 69 69.6 70.3 71.3 72.8 74.5 75.9 76.9 77.6 78.7 79.9 82.5 85.9 87.4 89.3 91.1 93 95.1 97.6 100 103.3 107.3 112.4 119.4 127.9 134 140.2 148.7 161.2 172.9 180.2 185.8 188.6 194.4 203 209.3 220 225.9 241.1 251.1 259 263.3 266.4 272.2 278.7 281.1 281.1 279.4 283.4 286.5 283.1 279.4 279.4 282.1 285.2 289.1 293.1 296.1 298.7
77.1 76.8 75.6 77.9 81 82.2 82.1 84.2 85 86 87.3 87.4 86.6 84.7 82.1 78.7 83.7 83.6 79.9 76.9 80.6 71.9 71.1 69.7 69.8 70.4 71.3 72.5 73.4 73.9 74.7 75.6 76.8 78 82.3 85 88.6 90.4 92.1 94.2 95.5 98.1 100.7 104.4 108.3 112.4 119.3 125.4 133.3 144.9 152.3 159.6 169.7 181.7 190.1 196.1 202.5 208.8 216 223.1 236.4 248.6 257.9 264.5 271 276 276.7 278.2 282.6 282.9 288.2 288.5 287 283.2 278.7 276 280.4 284.5 288.6 292.3 294.8 297.6
79.9 79.3 78.5 79.3 80.9 82.3 84.7 84.9 85.4 86.5 87.9 88.4 87.5 86 84.1 83.5 86.6 88.3 85.3 80.8 76.9 74.8 76.2 74.8 72.6 70.8 71.6 72.4 73.2 73.6 74.5 75.2 76 77 79.5 83.6 89.4 91.2 93.3 95.3 95.7 97.8 100.9 105.6 109.2 112.5 117.4 126.5 138.8 151.3 160.5 166.6 175.4 184 192.6 200.1 207.1 215 224.6 233.3 242 253.7 263.2 269.4 274.6 274.6 277.2 285.8 289.3 290.3 290.3 289 286.2 282.9 276.4 270.3 277.6 283.7 288 291.4 293.5 296.4
81.2 81.3 80.6 78.9 80.7 82.9 84.8 85.2 86.1 87.3 88.4 89 88 86.9 86.6 85.2 86.9 91.1 89.3 83 80.9 79.6 80.8 79.9 77.5 74.9 72.8 72.7 73.4 73.9 74.4 74.9 75.6 76.6 78.5 82.5 89.1 91.2 92.7 93 94.6 96.9 101.3 106.5 111.8 116.5 120.7 128.7 141.7 152.7 162.1 169.4 179.4 187.4 195.6 203.1 210 220.8 229.2 237.1 244.1 256 264.7 273 276 277.8 279.2 281.8 285.1 290 289.2 287.5 285.3 279.5 272.8 263.3 272.7 281.9 285.6 289.3 292.2 295.1
81.3 81.5 81.3 81.2 82.7 84.6 85 86 87.2 88.3 89.1 89.5 88.7 88.4 89.5 89.2 90.8 90.9 90.6 82.4 86.1 85.6 86.7 84.7 82.3 79.4 77.1 75.2 73.9 74.5 74.7 74.9 75.3 76.8 78.5 81.6 87.6 89.9 91.1 91.7 93.3 95.8 99.6 104.8 111.3 117.4 123.9 131.2 139.4 148.4 157.3 167.7 178.4 185.1 194.4 201.5 211.2 220.6 232 239.1 246.1 254.3 261.7 267.3 269.9 276 275.5 275 273.2 280.7 287.1 285.4 279.8 273.6 264.9 257.3 266.9 274.1 281.6 286.2 291.7 295
81.4 81.7 82.4 82.8 84.2 85.4 85.5 86.7 87.9 88.8 89.2 89.7 89.4 89.9 90.6 90.2 90.9 91.5 92.2 85.2 90.6 90.6 90.9 89.2 86.9 84.1 81 77.8 76 75.1 75 75 75.7 77.6 79.2 81.6 85.1 87.1 89.3 90.5 92.7 96.1 99.5 103.3 110.5 116.6 123.8 133.2 140.5 149.4 157.6 166.5 176 182.8 190.1 200.3 210.8 220.4 231 238.2 244.7 251 256.6 260.8 264.5 267.8 270.9 274.6 272.6 267.9 277.5 277.3 270.2 261.5 254 251.8 261.4 271.9 280.5 287.2 292 295.2
81 82.9 83.3 84 85.3 86 86 87 88.1 89.1 89.9 91.1 90.9 91.3 92.3 92.8 92.7 93 90 88.7 93.2 93.2 93.4 92.4 91 88.7 85.5 81.7 78.1 76.8 76 75.3 75.2 77.7 80.5 82.5 84.1 85.2 87.3 88.9 91.4 94.7 97.9 103.1 110 118.2 127 137.2 144.8 151 159.2 167.1 176.3 183.1 190.7 200.1 210.3 221.6 230.5 236.1 241.4 245.9 252.8 259.8 264.2 265 265 266.2 269.3 264.5 261.8 265.4 256.8 249.8 243.7 253.8 266.8 274.3 282.2 288 292.7 295.8
81.3 82.2 82.9 85.1 86.1 86.2 86.2 87.3 88.5 89.3 90 90.7 91.7 92.5 93.1 93.7 94.2 94.1 87.5 92.6 94.5 94.6 94.9 95.4 94.5 92.9 90 86.6 83.4 81.7 79.1 76.2 76.9 78.9 80.8 82.2 83.7 85.1 86.6 87.8 90.1 93.4 98 105.1 112.6 119.7 130.8 142.6 148.3 154.6 163 170.2 177 184.5 194 202.3 215.8 221.7 227.7 232.5 236.1 240.1 248.2 256.8 260.7 260.5 260.8 260.3 262.1 263.2 249.3 249.5 244.1 235 249.6 260.4 269.9 276.5 283.6 288.9 293.5 296.5
81.2 80.5 82.3 84.9 86.1 86.4 86.5 87.6 88.6 89.4 90.8 90.9 92 92.9 93.6 94.2 94.8 94.6 85.6 94.8 95.5 96.1 96.7 97.1 96 95.6 95 91.6 88.8 86.4 82.3 77.5 79 79.9 80.8 81.8 83.3 85 86.6 88.1 90.3 93.6 98.8 106.5 116.5 127.4 133.6 142.9 149.5 157.3 166.5 173.9 180.9 187.9 197.9 207.2 214.3 217.2 222 228 226.7 233.9 240.3 249.6 252.9 253.1 253 250.6 248.1 250.6 243.4 233 225.3 244.6 256.9 267.2 274.4 279.5 284.8 289.8 294.3 297.1
78.9 79.2 81.9 84.4 85.8 86.3 86.7 87.7 88.1 88.2 90.5 90.7 91.6 92.5 93.1 93.8 94.5 94.6 84 95.1 95.7 96.2 96.4 96.7 96.6 98.5 99.3 98.5 95.4 89.7 83.5 78.8 79.4 80.6 81.5 82.5 83.5 84.7 86.6 88.7 91.6 95 100 108.6 119.9 132.8 139.3 144.8 150.6 159.4 167.7 175.4 182.9 190.8 201.7 207.4 211.1 212.9 211.8 212.5 216.4 227.6 230.8 240.4 245.4 245.4 245.3 240.4 235.5 233 226.3 217.7 238.4 252.5 266.1 272.9 278.8 282.7 286.8 291.7 295.2 296.9
78.9 79.4 81.5 83.9 85 85.3 86 86.1 85.8 87 88.8 90.2 91.1 92.1 92.7 93.4 94.1 94.3 84.2 95.2 95.6 96.1 96.2 96.3 96.8 99.5 101.4 101.4 101.1 95.6 88.9 81.6 78.8 81.1 82.9 84 84.1 84.8 87.3 90.7 93.2 96.4 101.2 107.5 117.5 128.2 135.4 141.4 150.2 158.4 165.2 173.6 180.6 187.6 193.9 200.7 201.7 200.6 199.7 202.9 211 214.7 222.6 231.5 233.7 237.4 237.5 234.5 227.9 210.5 207.6 232 248.8 261.5 271.1 277 281.8 285.5 289.6 293.2 295.9 296.8
