data/410000-220000.asc
ncols 200
nrows 200
xllcorner 410000
yllcorner 220000
cellsize 50
[rows 140 to 174 of 200, columns 78 to 155 of 200]
203.9 205.1 205.2 205.8 207.4 207.5 208 208.6 208.7 209.4 210 209.6 210.7 212 212.8 212.7 212.7 212.7 212.7 212 210.5 205.4 202.3 199.2 191.4 184.4 178.8 173.3 168.9 167.7 164.4 161.8 159.3 156.4 152.5 149.1 145.6 146.3 144.3 140.9 140.4 139.3 140.1 141.1 140.9 141 142.2 142.7 143.6 143.4 141.8 141.9 142.7 142.6 142.4 141.2 140 139.2 139.2 138.4 137.8 137.2 136.6 136.7 136.9 137.3 137.8 138.2 138.7 139.1 139.2 136.2 136.1 135.9 135.7 135.4 135.1 134.9
206.4 206.8 207.2 207.6 208.3 208.8 209.4 209.8 210.2 210.4 210.7 211.3 211.6 212.7 212.9 212.9 212.9 212.8 212.7 212.3 211.1 206.2 202.9 199.8 196.6 189.8 182.7 177.1 172.8 168.9 166.2 163.3 159.8 155.5 151.5 149.5 149.7 150.9 147.8 142.6 140.8 139.8 139.8 140 139.8 139.6 140.4 141 141.4 141.1 140.8 141.1 140.9 140.6 140.4 139.7 138.7 139.1 138.4 137.7 137 136.5 136.1 136.3 136.6 137 137.5 137.9 138.4 139.8 138 136.5 136 135.7 135.4 135.2 134.9 135
206.8 207 207.7 208.4 208.4 208.6 208.8 209 210.3 211 211.4 212 212.7 213.2 213.1 213 212.9 212.8 212.7 212.4 211.2 207.4 204 199.8 198 193.3 186.9 181.5 176.2 172.3 169 164 159.6 156.5 154.8 153.2 154.2 152.6 148.1 143.5 141.3 140.1 139 139.1 139.1 139.1 139.5 139.9 139.8 139.7 139.6 140 139.7 139.3 138.9 138.5 138.2 137.9 137.6 137.1 136.7 136.3 135.8 135.9 136.3 136.7 137.1 137.5 138 138 137.5 136.4 135.7 135 135.2 135 134.9 134.7
206.5 207.2 207.7 207.9 208 207.8 208 208.8 210.2 211.1 211.6 212.1 212.3 212.6 212.8 212.9 212.8 212.7 212.6 212.4 211.3 210.5 206.6 202.3 197.7 194.6 189.5 183.3 178.7 175.4 171.7 166.6 162 158.6 156 155.1 155.9 155 150.6 146 143.3 141.7 140.2 139.2 139.3 139.3 139.7 139.2 139.5 139.4 139.1 138.8 138.6 138.1 137.7 137.5 137.4 137.2 137.1 136.9 136.4 136 135.6 135.5 135.9 136.3 136.7 137.2 137.6 137.7 137.1 136.1 135.3 134.6 134.3 135 134.6 134.5
205.4 206.8 207.4 207.4 207.7 206.9 207.1 208.6 210 210 210.5 210.8 211.1 211.6 212 212.1 212.2 212.3 212.5 212.4 211.7 211 209.2 204.9 199.8 195.7 192 187.2 182.5 179.2 174.3 169.7 164.4 161.3 158.8 158.2 157.8 158 154.4 150.6 147.1 143.6 141.5 139.7 139.6 139.5 139.3 138.5 139.2 139.2 138.5 137.7 137.4 137.3 137.3 137.3 137 136.8 136.7 136.6 136.2 135.8 135.3 135.4 135.5 135.9 136.3 136.8 137.3 138 137.9 135.4 135 135.2 135.2 134.5 134.1 134.2
203 205.3 206.2 206.9 207.1 206.5 206.7 208.4 209.8 209 209.3 209.5 209.8 210.3 211.2 211.3 211.4 211.5 211.6 212.1 212.4 211.7 209.9 206.5 201.8 197.7 194.4 190.4 186.3 182.1 177.6 173.1 168.5 165.1 163 161.4 160.8 160.2 158.5 155 151.3 146.8 142.8 141 139.8 139.4 138.6 138 138.9 138.8 137.9 137.1 137 137 137 137 136.8 136.5 136.3 136.1 135.9 135.5 135.2 135.2 135.3 135.6 136.3 136.8 137.4 135.2 133.8 139.2 135.5 136.2 135.2 134.6 133.8 133.8
197.9 199.5 201.8 204.2 205.5 206.6 205.1 206.8 208.2 208.7 208.6 209.6 209.3 209 210.1 210.5 210.6 210.7 211.4 211.5 211.9 212.3 211.1 208.3 203.4 199.9 196.8 192.6 188.2 185.1 180.9 176.5 172.8 169.9 167.1 164.6 163.9 163.2 161.5 158.1 154.1 149.8 144.1 142.6 140.9 139.4 138.2 137.5 138.4 138.1 137.3 137 136.8 136.8 136.8 136.7 136.5 136.3 136 135.8 135.6 135.2 135.1 135.3 135.5 134.9 135.6 136.4 138.2 134.2 134.2 137.7 138.1 137.5 135.2 134 133.4 133.5
191.4 191.7 194.4 198.7 201.8 200 200 201.2 204.1 205.6 207.3 208.8 208.5 207 204.5 206.8 208.3 210.6 210.6 210.9 211.3 211.6 211 208.2 203.7 201.5 198.6 194.2 190.4 187.3 184.1 180.2 176.8 173.9 170.8 167.9 166.3 165.2 164.1 159.9 155.8 149.9 146.2 144.7 142.8 140.1 138.4 137.3 137 137.5 137.2 136.9 136.6 136.6 136.6 136.5 136.2 136 135.7 135.5 135.2 135 135.2 135.5 135.7 135 134.8 136 137.1 133.2 138.9 138.7 139 136.5 135.1 133.4 133.2 133.1
182.8 185.6 188.4 190.2 195.3 198.5 196.2 200.7 200.4 199.1 200.8 203 205 204.9 201.9 201 204.6 205.4 207.5 210 210.6 211 210.3 207.8 204.5 202 199.2 195.8 192.6 189.6 186.5 183.3 180.9 177.8 174.3 170.9 169.2 166.9 164.8 160.3 154.6 152.1 150.2 147.6 143.9 140.9 139.2 138.2 136.9 136.6 137 136.8 136.5 136.3 136.4 136.2 136 135.7 135.5 135.2 135 135.1 135.4 135.7 135.9 135.1 134.6 135.8 134 133.2 139.1 139.2 135.7 135.4 134.3 133.3 133.1 132.9
174.1 179.1 184.8 184.5 183.9 189.4 190.3 197.1 199.7 201.1 199.7 195.9 196.3 199.8 199.1 202 206 204.7 204.1 205.9 206.7 207.7 208.4 206 204.7 202.3 199.6 197.4 195.1 192.1 188.9 185.7 183.2 180.4 176.9 173 170.9 167.8 164.8 158.6 156.3 156.1 153.2 147.9 144.5 142.5 141.1 138.9 138 137.3 136.6 136.4 136.4 136.1 136.1 135.9 135.7 135.5 135.2 135 135 135.1 135.4 135.7 135.6 134.6 135.2 135.3 136.2 137 138.8 136.1 135.8 135.1 133.6 133.3 133.1 132.9
164.3 170.1 174.8 181.7 179.3 178.6 185.1 190.9 189.1 192.1 194.8 193.5 192.2 193.6 196.2 201.5 206 204.1 203.6 202.7 202.5 203.1 203.8 204.3 203.9 202.4 200.6 198.7 196.7 194.5 191.3 188.1 185.4 182.1 177.9 173.9 170.2 166.9 164.9 162.5 159.3 155.5 149.9 145.9 144.7 144.6 142.8 140.1 139 138.3 137.6 136.9 136.2 136 135.9 135.7 135.4 135.2 135 134.9 135 135.1 135.5 135.3 135 134.7 134.7 134.5 136.2 137.5 137.5 136.8 135.7 134.7 133.7 133.4 133.2 133
149.1 158.2 167.9 172.1 175.3 178.2 183.5 185.8 189.4 189.5 188.1 188.3 186.1 190.5 195.8 198 199.4 201.1 200.9 200.2 199 199.9 200.8 201.4 202.2 200.8 199.8 199.4 197.2 194.8 192.5 189.9 187 183.5 178.8 174.7 172.4 170.1 168.3 165 160.5 156.3 151.4 151.1 149.1 147.5 144.3 141.5 139.4 139.1 138.4 137.7 137.1 136.4 135.7 135.4 135.2 135 134.9 135 135 135.2 135 134.8 134.7 134.4 134.3 134.5 135.9 136.7 137.2 136.4 135.4 134.1 133.8 133.6 133.3 133.1
140.8 141.7 159.9 166.2 166.6 174.7 179.6 181.9 184 186.2 185.2 184.3 182.3 187.5 190.7 193.6 194 196.4 197.5 196.3 195.4 196.8 197.6 198.4 199.8 199.9 198.7 197.5 196.3 195.6 193.2 190.5 187.6 184.2 180.1 177.7 176.2 173.9 171.2 166.9 162.7 158.6 155.9 157.9 153.9 149.6 146.3 142.7 139.6 139.6 138.6 137.8 137.1 136.3 135.8 135.4 135.1 134.9 134.9 135 135 135.1 135.1 135.2 135.2 134.6 134.1 134.3 135.2 136.2 136.6 136.1 135.1 134.2 134 133.7 133.4 133.1
142.2 140.7 153.8 159 169.2 173 175.9 177.9 180 181.9 181.2 180.4 180 186.3 187.5 187 188.3 190.8 192.4 192 190.9 192.8 193.6 194 194.5 194.8 196.1 196 195.9 196 194.7 191.4 188.1 185.6 183.1 180.9 178.7 176.1 172.5 169.3 166.2 163.3 161.8 160.5 156.1 151 146 144.2 144.1 141.2 139.3 137.8 137.1 136.5 136 135.5 135.2 135.1 134.6 134.6 134.6 135.2 135.6 135.8 135.9 134.6 134.1 133.3 133.7 136 135.7 136 134.7 134.4 134.1 133.8 133.5 133.2
144.9 140.3 148.7 161.4 169 171.9 172.8 174 175.9 177.4 175.4 174.4 180.5 184.7 187.1 188.4 185.2 184.3 186.1 186.9 186.8 188.1 189.2 189.2 190.2 190.9 192.9 196 196 196.1 196.2 193.4 190.8 188.4 186 183.1 180.5 178.2 175.1 171.9 168.7 166.5 164.8 162.2 157.5 152.3 148.6 148.3 145.3 142.5 140.4 139.1 137.6 137.4 137 136.4 136.3 136 135.2 134.3 134.3 134.6 135.8 135.8 135.1 134.4 133.3 133.2 133.1 134.5 135.1 135 134.6 134.5 134.2 133.9 133.6 133.4
146.4 140.4 148.7 158.9 163.4 167.1 169.3 170.6 172 172.1 170 173.1 180.1 182.4 184.3 186.6 186 184.3 182.7 181.5 182.3 183.6 184.3 186.1 188.6 189.4 189.6 194 196 196.5 196.6 196 193.5 191 187.6 184.2 182.2 180.2 177.5 174.4 171.2 169.1 167.4 163.8 157.9 153 151.7 150.9 146.9 143.2 142 141 139.3 138.6 138.3 137.6 137.4 136.9 136.1 135 134.1 134.4 134.2 134.1 134.1 133.5 133.2 133.1 133 133 132.9 133 133.6 133.8 133.9 133.9 133.7 133.5
147.4 140.3 144.1 157.2 160.8 164.3 166.6 167.6 168.9 166.9 167.8 171.3 176.2 179.4 180.7 182 182.6 183.2 181.6 180.2 180 183.7 185.6 188.9 190.8 190.8 192.7 194.9 195.6 196.6 196.8 196 195.6 192.4 188.6 185.4 183.9 182 179.4 176.7 173.7 171.6 168.7 165.8 161.4 158.6 155.8 152.8 148.9 146.1 144 141.7 139.3 138.6 138.6 138.8 138.3 137.7 136.9 136 134.9 134.7 134.1 134.2 134.1 133.2 133.1 133 133 132.9 132.7 132.5 132.4 132.9 133 133.1 133.2 133.2
148.9 139.8 142.4 156.5 160.1 162.5 163.9 163.3 162.3 163.6 169.9 173.9 176.3 178.4 179.9 181.8 182.9 182 180.4 178.6 185.1 188.1 188.9 189.5 191.5 192.7 194.2 195 195.7 196.2 195.5 194.8 193.8 192.2 189.6 187.6 185.7 183.8 181.4 178.7 176.1 173.3 170.6 167.9 165.1 162 158.5 154.9 150.3 146.6 144 141.7 139.4 138.6 138.6 138.8 138.7 138.6 137.9 137.2 136.4 135 134.3 134.2 133.4 133.2 133 132.9 132.8 132.7 132.5 132.3 132 131.8 132.2 132.2 132.3 132.4
151.7 139.4 144.5 159.7 161.6 161.1 158.9 156.7 162.8 169 174.3 178.5 180.9 181.6 183.1 181.2 180.2 179.5 175.1 178.9 186.6 188.4 190.9 190.9 190 191.6 192.6 193.4 193.7 193.6 193.4 193 191.5 190.9 190.8 189.4 187.4 185.5 183.3 180.8 178.3 174.9 172.3 169.7 167.3 164.8 160.4 155.9 150.2 147.3 144.6 141.9 139.4 138.4 137.9 137.9 138.1 137.9 137.8 137.7 137.3 136 134.8 134.5 133.5 133.4 132.9 132.8 132.7 132.5 132.2 132 131.8 131.5 131.3 131.4 131.6 131.8
157.2 139.5 143.7 155.6 160.7 157.6 152.3 160.3 169.8 175.4 180 181 180.6 182.4 181.9 180.4 177.4 173 171.4 177.4 182.9 186.4 189.3 189.8 189 189.1 190 190.2 190.1 190 189.8 189.5 189.3 189.8 189.4 189.3 187.9 186.7 185.3 182.8 180.4 176.9 173.9 171.4 168.8 165.5 161.1 155.6 150.7 148 145.2 142.2 139.4 138 137.2 137.3 137.3 137.1 137 137.1 137 135.9 135.1 135.5 134.7 139 132.7 132.6 132.4 132.2 132 131.7 131.5 131.3 131.1 131.1 131.2 131.4
160.1 148.5 139.4 146 154.2 149.6 152.3 164.8 170.9 174.9 179 181 178.9 177.3 176.7 175 171.9 167.1 171.9 174.1 177.9 182.6 183.8 185.3 185.1 184.5 185.7 186.6 186.5 186.4 186.1 186.4 186.7 186.7 186.6 186.9 186.9 185.7 184.3 182.8 180.6 178.1 175.3 172.6 170.1 165.7 159.7 154.2 150 147.3 144.3 141.7 139.7 138.1 137.3 137.1 136.4 136.3 136.4 135.9 136.1 136 135.4 135.2 135.1 134.1 132.9 132.4 132.2 132 131.8 131.6 131.4 131.2 131 131 131 131.1
164.6 157.5 144.7 139 141 144.5 155.5 163.8 169 171.4 172.7 173.6 173 172.8 171.1 167.6 162.9 168.1 174 175.8 175.2 176.8 178.6 180.3 181.1 180.5 180.1 181.8 183 183.1 183.4 183.7 184 184.4 184.6 184.7 185.5 184.4 183 182.3 180.8 178.8 176.2 173.5 170.5 164.4 158.2 153.7 149.3 146.1 143.9 141.9 139.9 138.4 137.3 136.8 136.1 135.8 135.9 136 135.8 135.5 134.5 134.7 134.6 134 133.3 132.4 132.1 131.9 131.7 131.5 131.3 131 130.9 130.8 130.8 130.8
168.3 163.2 157.6 147 139.6 139.6 141.4 153.7 164.4 168.5 169.2 169.2 168.7 167.2 164.1 158.9 163.4 169.7 172.9 174.7 176.9 175.6 174.5 175.3 177.4 177.2 177.7 178.6 179.3 179.8 180.3 180.8 181.3 181.7 181.9 182.1 182.3 182.2 181.6 180.8 179.9 177.8 175.6 173.1 169.5 165.1 159.5 154.9 150.7 147.1 144.5 142 139.6 138.5 137.4 136.6 136.1 135.8 135.7 136 136 135.2 134.7 134.4 134 133.4 133.2 132.9 132.1 131.7 131.5 131.3 131.1 130.9 130.7 130.7 130.7 130.6
172.4 167.7 162.2 157 152.1 139 138.8 139.2 155.5 164.6 164.1 165.4 164 161.7 157.1 158.2 164.2 166.3 168.9 171.8 173.9 174.6 174.2 173.9 174.2 174.4 175.2 176.3 176.8 177.1 177.6 178.1 178.6 179 179.3 179.5 179.9 179.9 179.6 178.7 177.8 176.3 174.2 172.4 169.2 166.5 161.2 155.8 151.2 147.3 144.5 142.1 139.7 138.8 137.8 137 136.7 137.5 136.5 136.4 136.5 135.9 135.6 135.2 134.5 134.1 133.4 132.7 132.1 131.6 131.4 131.2 130.9 130.7 130.6 130.6 130.6 130.5
176.4 171.2 165.3 160.3 155.2 147.4 141.9 138.5 142.1 160.3 161.5 161.8 161 156.4 152.7 157.6 161.1 162.9 165.2 168 169.8 171.4 171.2 171.3 171.1 172 173 174.1 174.4 174.7 175 175.5 176 176.4 176.6 177 177.6 177.6 177.3 177 175.9 174.8 173.2 171.6 169.6 166.6 160.6 155.1 150.6 146.8 144 141.6 140.1 139.3 138.4 137.6 138.5 137.6 137.7 137.1 137.1 136.9 136.6 136.1 135.3 134.6 133.6 132.6 132 131.5 131.2 131 130.8 130.6 130.5 130.5 130.4 130.4
170.6 173.9 167.8 162.9 157.5 152.2 148.9 138.9 138.8 156.2 157.4 157.9 157.1 152.5 152 155.8 158.8 159.8 161.6 163.9 165.7 167.4 168.6 168.8 169.2 169.8 170.8 171.7 172 172.3 172.6 172.9 173.3 173.7 174.1 174.7 175.2 175.4 175.1 174.8 174.2 173.1 172.1 170.7 168.5 165.7 160.3 154.3 150.3 146.6 143.4 141.4 140.5 139.6 138.7 138.8 138.4 137.6 137.6 137.7 137.4 137.1 136.8 136.6 136.1 134.5 133.6 132.3 131.7 131.4 131.1 130.8 130.6 130.4 130.4 130.3 130.3 130.3
180.6 177 170.4 165.3 160 155.1 149.3 140.6 138.4 151.4 153.2 152.9 152 147.3 150.6 154.6 156.6 157.5 158.5 160.3 162.2 164.1 165.6 166.2 167.2 167.8 168.6 169.2 169.6 169.9 170.2 170.5 171 171.3 171.8 172.3 172.9 173.2 172.9 172.6 172.2 171.4 170.5 169.2 167.1 164 158.5 153.2 149.2 145.2 142.8 141 140.3 139.5 138.9 138.5 137.8 137.4 137.8 137.3 136.9 136.5 136.2 136 135.7 134.4 133.2 132.1 131.6 131.3 131 130.7 130.5 130.3 130.2 130.2 130.2 130.1
181.3 177.6 172.9 165.6 161.5 154.2 148.8 141.7 139 149.1 150.8 150.8 144.2 145.8 150.1 153 154.6 156.5 156.6 157 158.9 160.6 162.1 163.5 163.5 165 166.4 166.9 167.4 167.8 168.3 168.8 169 169.4 169.8 170.2 170.5 170.9 170.5 170 169.6 169.4 168.5 167.4 165.1 161.4 155.8 151.6 147.5 144 142.2 140.4 139.4 138.8 138.4 137.8 137 137.1 137.2 136.8 136.4 136.1 135.7 135.3 134.8 134.8 133.6 132.3 131.6 131.3 130.9 130.6 130.3 130.2 130.1 130.1 130 130
183.6 180.1 175.1 168.7 163.3 159.1 154.7 142.2 137.8 141 144.6 141.6 139.2 143.8 143.2 142.6 142.8 150.5 154.7 154.7 155.5 157.1 158.9 160.5 160.3 161.4 163.7 165.1 165.6 166.1 166.6 167.1 166.7 167.4 168 168.3 168.6 168.6 167.9 167.4 167 167.2 166.4 165.6 162.7 158.8 154.1 150 145.8 143.4 141.6 139.7 138.9 137 136.9 136.7 136.4 136.4 136.5 136.3 135.9 135.5 135.1 134.8 134.6 134.6 133.7 132.8 132.1 131.3 130.8 130.5 130.2 130 130 129.9 129.9 129.8
186.4 182.9 176.3 172.8 168.1 164.3 160 148.7 138.1 138 138.7 137.6 137.3 136.5 136.7 140 136.1 135.4 137.5 150 153.4 155.3 156.7 157.9 157.8 159.3 161.4 162.8 163.4 164 164.7 164.9 164.6 165.1 165.7 166.4 166.7 166.2 165.4 164.8 164.5 164.7 164.4 163.8 160.4 157.2 152.7 148.6 144.6 142.2 140.4 138.8 136.9 136.5 136.2 135.9 135.8 136.1 136.4 136 135.3 134.9 134.6 134.4 134.4 134.3 133.9 133.6 132.8 131.8 131.3 130.7 130.2 129.9 129.9 129.8 129.8 129.7
189.2 186.7 181.9 178.1 174.5 168.9 164.5 160 144.2 137.6 142 146.9 148.7 150.9 151 150.4 144.3 138.7 135.5 137.4 145.2 152.1 153.9 155.1 154 156.6 158.5 160.1 160.4 161.2 162.1 162.8 162.4 162.5 163.1 163.8 164.5 163.9 163.1 162.2 162 162.2 162.1 161 159.4 156.3 152.4 147.7 143.7 141.1 139 137.3 136.2 135.9 135.6 135.3 135.6 136.2 136.5 135.2 135.1 134.4 134.1 134.3 134.3 134.1 134.1 133.9 133.4 132.2 131.5 130.9 130.3 129.7 129.6 129.6 129.5 129.5
191.5 190 186.5 180.4 177.5 174 169.4 163.1 150.8 159 159.9 158.7 157.2 155.8 153.1 150.6 148.2 146.5 141.1 135.4 136.7 147.7 151.5 152.3 153.1 155.3 156.6 157.9 157.9 158.7 159.6 160.6 160.4 160.1 160.5 161 161.7 161.5 160.7 159.6 159.3 159.6 159.1 157.9 156.5 154.2 150.1 145.9 142.6 139.9 138.2 136.3 135.6 135.2 134.9 135 135.4 136 136.1 135.2 134.6 134.1 134.1 134.4 134.2 134.2 134.2 134.1 133.9 132.9 131.7 131 130.4 129.9 129.5 129.4 129.3 129.2
195.5 190.8 188.4 184.8 179.1 175.6 170.7 162.4 160.4 160 163.8 163.1 160.7 158 154.8 152.2 150.6 149.5 146.3 138.3 135.1 141 151.1 148.1 151.1 153.6 154.7 155.4 155.5 156.4 157.2 158.1 158.3 158.1 157.6 157.9 158.9 159 158.2 157.2 156 156.3 155.9 154.8 153.5 150.8 147.3 143.9 141.6 139.6 136.1 135.5 135 134.6 134.4 134.8 135.2 135.9 135.7 134.9 134.1 133.7 133.7 134 133.9 134 134.2 134.4 134.1 133.3 132.4 131.2 130.6 130 129.5 129.3 129.1 129
194.6 194 189.5 186.1 181.8 176.8 172 167.3 170.2 167.1 164.4 159.3 163.3 160.3 156.8 154 152.2 150.1 145.7 140.4 135.5 135.7 140.6 149.1 150.2 151.6 152 152.7 153.2 154 154.8 155.6 156.3 156.2 155.3 155.2 156 156.1 155.7 154.4 152.5 153.1 152.7 151.6 150.4 147.1 143.9 142.1 140.2 135.7 135.3 134.9 134.4 134.2 134.2 134.8 135.1 135.7 135.6 134.9 134.3 133.8 133.4 133.8 133.6 133.6 133.8 133.9 134.2 133.4 132.4 131.5 130.6 130.1 129.6 129.1 129 128.9
195.7 192.1 191.1 186.5 182.6 181.3 173.1 174.2 174.3 172.1 170.9 168.9 166.8 159.5 160.6 157.2 153.3 149.3 145.9 146.2 138.3 135.3 136 146.9 148.3 149.3 149.4 149.5 150.3 151.3 152.2 153.1 154.3 155.6 154.8 153.2 153.2 153.9 152.5 150.4 148.6 149.4 149 148.5 146.9 144.7 141.4 140 135.6 135.1 134.7 134.3 134.3 134 133.9 134 134.1 134.5 135.7 135.1 134.5 134 133.6 133.5 133.3 133.1 133.3 133.5 134.1 133.5 132.7 132 130.9 130 129.4 128.9 128.9 128.9
