data/410000-420000.asc
ncols 200
nrows 200
xllcorner 410000
yllcorner 420000
cellsize 50
[rows 35 to 69 of 200, columns 80 to 159 of 200]
205.3 208 210.2 211.9 213.6 214.9 216.3 215.8 215.9 214.2 213.3 211.2 211.4 211.3 209.1 208.8 208.7 207.9 205.7 202.5 195.7 191.7 185 179.3 175 169.8 164.7 163.1 161.9 161.1 160.2 159 159.1 158.1 156.3 154.7 153.9 153.1 152.1 151.2 150.3 148.9 147.5 146.1 145.7 145 144.1 143.1 142.3 141.1 138.8 136.4 134 131.2 128.4 126.2 125 124.5 118.4 114.9 115 114.9 120 122.3 123.6 129.4 127.7 123.4 123.3 124.9 124.8 124.7 118.9 115.9 113.1 109.8 109.2 115.7 119.1 125.4
202 203.3 204.9 207.7 210.8 212.7 214.4 215.9 215.9 215.6 215 211.9 213 213.6 211.8 211.1 209.7 209.2 208.4 205.8 201 197.2 194.7 187.1 179.6 172.2 165.1 160.7 159 159.3 158.1 157 157 155.5 154.6 153.8 152.9 151.4 150.4 149.5 148.5 147.2 145.3 143.7 143.4 142.8 141.4 140.1 139.2 139 138 135.7 133.1 129.4 126.8 125 124.4 123.7 121 118.9 114.9 114.5 115.4 117.5 120.7 122.7 130 120.7 122.1 123.7 124.6 123.7 115.7 113.2 110.7 110 111.8 118.7 122.9 127.2
199 198.7 200.7 204.1 207.4 209 210.6 213.7 215.2 214.4 214.8 212.6 211.7 214.6 213.1 211.6 211.2 210.8 208.8 206.7 202 200.4 195.7 188.1 181.4 176.3 169.9 160.9 158.2 157.2 155.8 155.2 154.5 154.2 153.7 152.7 151.2 149.6 148.6 147.7 146.8 145.6 143.5 141.4 140.9 140 138.6 137.4 136.3 134.5 133.4 134.4 131 128.4 125.2 124.5 123.8 122.9 121.3 120.1 116.1 114.6 113.5 114 116.1 116.9 125.4 121.4 119.9 121.6 124.2 121.4 112.3 110 105.5 108.4 117.4 120.4 123.9 125.5
198.1 195.5 196.8 200.7 204 205.5 208.2 211.2 213.4 212.7 213.4 215 215.2 215 213.5 212.2 212.6 211.8 210.6 207.2 204.7 200.2 195.4 189.8 183.1 177.1 170.7 163.7 158.6 154.6 154.1 153.9 152.9 151.9 151.9 150.9 149.4 147.9 146.9 146 145.1 144.3 141.6 139.9 139.4 138.3 137.1 136.2 135.3 131.3 129.6 128.6 126.5 125.1 123.8 123.2 122.5 121.8 120.8 119.7 116.7 113.3 112.3 111.7 112.5 113.2 115.4 124.6 114.2 114.7 118.9 113 108.6 105.2 105.7 115.8 119.5 120.9 123.6 125
196.3 191.5 193.1 196.8 200.6 202.9 205.7 208.5 211 211.6 213.5 215.5 215.3 213.9 212.4 211.3 214.1 212.2 211 206.8 204.1 198.2 192.1 188.7 180.9 176.2 171.1 166.5 160.3 154.5 152.4 151.2 150.3 150.1 149.1 148 147.1 146.1 145.3 145.1 144.9 144.5 142.1 140 139.4 139.2 137.9 137.6 136.3 129.7 128.1 126.5 124.7 122.1 122.2 121.3 120.6 119.9 118.8 117.1 114.8 112.5 110.8 110.1 109.3 110.2 109.7 118.7 118.6 110.1 110.5 107.7 105.2 104.6 108.6 113.3 115.8 116.7 118.9 120.7
189.8 188.1 189.5 194.6 198.4 200.8 203.3 206 208.7 210.6 212.1 213.7 214 212.4 210.7 207.4 215 210.4 208.3 205.1 201.3 197.3 189.6 185.8 180.3 175.5 171.4 166.9 159.4 154.6 154 150.1 149.7 148.3 147.4 147.2 146.2 145.2 145.4 145.2 144.6 144.4 142.8 140.4 139.5 140 141.5 139.9 136.3 132.3 125.9 123.2 121.4 119.4 116.6 115.5 116.7 117.3 116.1 114.3 112.3 110.4 110.3 109 107.7 107.1 107.7 107.6 118.8 112.3 107.5 105.5 105 107.9 110.7 108.4 109.7 110.8 112.7 113.8
186.1 185.5 189.7 193.8 196.8 198 199.7 203.8 207.2 209.5 210.1 211.7 212.3 211.6 210.6 207.9 206.4 208.2 204.9 201.6 198 193.9 188.2 184.5 179.8 176.4 173.8 170.7 168.8 165.8 161.3 154.1 147.7 146.5 145.3 145.1 144.9 145 145.4 144.9 144.5 144.3 143.6 140.8 142 145.7 147.6 144.7 141.7 136 124.8 120.1 119.4 120.2 123.3 117 114.9 114.7 114.4 110.4 110 109.7 109.6 108.9 108.1 106.3 105 104.9 111 114.6 107.9 104.1 102.8 104.3 104.4 102.3 102.4 106.5 109 109.5
182.9 183 185.7 189.9 192 193.7 196.2 199.1 204.7 206.6 210 210.8 209.4 209.3 208.4 204.3 199.9 204.7 200.8 197.8 196 191 188.8 185.2 181.2 179.2 177.2 175.9 172 169.7 166.9 163 155.9 148.6 145 142.9 146.2 148.5 145.9 144.6 144.4 144.2 143.9 145 148.6 152.5 154.9 151.5 148.8 143 136.9 128.4 128.9 128.9 127.8 124.4 118.1 117 119 116.8 114.5 111.4 111.3 110.8 110.7 110.7 111.5 109.7 106 109.8 107.3 104.4 101.1 100 99.3 98.4 98 100 100.5 106
180.8 181.1 182.1 184.2 186.5 188.9 191.8 194.9 200.1 206.4 209 208.4 206.6 205.1 203.9 200.8 198.7 198.5 197.7 195.3 193.3 189.8 188 186.1 184.1 181.7 179.5 177 175.1 173.8 171 169 166.1 162.4 158.9 153.1 158.1 159.9 150.7 143.9 144.6 144.5 145.4 151 155.2 156 159.3 157 154.6 150.5 144.3 138.7 134.5 132.2 129.6 128.1 126.5 124.9 125.9 123.9 121 120.8 117.1 116.1 116.1 117.5 117.1 116.1 113.6 112.1 110.8 107.6 104.8 100.9 99.6 98.3 98.3 98.1 98 101
178.3 178.7 179.1 180.5 182.6 184.8 187.3 191.2 195 200.9 203.8 203.5 199.9 200.2 198.5 196 196.4 195.5 194.2 193.7 191.3 189.6 188.8 187.6 184.9 182.7 180.9 180.6 179.3 178.1 177.7 176.6 174.5 171.2 169.1 166.5 165.5 163.4 158.8 154.7 154.4 154.2 154 153.1 154.7 155 157.4 157.9 156 156.7 152.2 146.7 141.2 137 134.5 133.9 132.5 130.8 132.4 129.9 126.9 125.7 124.2 122.1 123.8 123.1 121.8 120.7 118.6 116.6 114.3 111.3 109.6 106.6 101.9 99.3 98.1 97.2 97.9 98.8
175.8 176.3 176.4 176.9 178.7 180.8 182.9 186.7 191.1 200.2 201.2 199 195.6 194.1 194 192.2 192.9 192.5 191.7 191.9 192.1 191.1 190.1 189.6 187.4 184.4 184.8 185 184.2 183.4 182.3 180.6 179 175.3 174 171.9 170.1 167.6 164.1 161.8 158.4 158.6 156.9 159.4 159.4 154.9 153.9 152.1 151.2 153.4 155.6 154.2 149.9 144.5 141.4 138.6 137.8 137.2 136.1 136.6 135.3 132.4 129.2 127.4 126.8 126.1 124.6 123 120.8 118.5 116 112.8 111.2 110.4 105.2 100.9 99.3 99 97.4 97.2
173.8 173.7 173.8 173.9 175.5 177.7 180.1 182.8 187 195.5 199 196.8 194 191.7 189.6 188.7 188.7 189.1 191.1 193 193.9 192.7 192.7 192.4 189 187.2 187.7 187.8 186.9 186.5 185.5 182.7 179.9 174.9 174.4 173.4 171.8 168.6 168.1 170.4 165.8 164.7 163 161.5 160 158.9 156 151.6 149.7 149.6 150.1 151.4 149.9 148.4 145.8 143.3 141.2 140.4 139.4 138.2 136.2 133.6 130.5 129.1 127.9 127.5 126.5 124.8 122.4 120.1 117.6 113.6 112.3 110.3 108.2 103.3 101.1 99.1 96.5 95.3
172.6 172.2 172.1 171.6 173.5 175.6 177.8 179.9 182.5 189.2 193.1 192.8 190.3 187.8 186.4 186.1 186 190.7 193.1 194.4 195.6 195.5 194.8 193.7 189.9 189.8 190.6 189.5 188.1 185.2 185.1 183.2 180.6 179.6 175 174.7 174.9 173.9 172.8 170.8 168.7 165.1 163.3 161.7 158 154.6 153.1 152.4 149.5 149 150.6 149.7 149.7 147.8 145.4 144.6 143.6 141.5 139.6 138.5 137.1 134.3 132.5 131.1 129.7 128.9 128.4 126.4 124 121.7 119 115 110 109.6 108 103.5 101.2 98.4 95.8 95
171.2 170.8 170 169.3 171.8 173.9 176 177.4 179 182.4 184.7 187.4 186 184.6 183.2 181.8 185.5 191.8 195.3 195.5 195.2 194.9 193.8 192.7 190.1 190.1 191.1 189.3 187.4 185.9 184.3 182.6 181.3 179.8 177.2 176.2 175.7 175.1 171.8 169.4 167.7 165.1 162.4 161.2 159.4 154.8 153.1 153 149.4 151.2 151.6 150.2 148.7 147.4 146.2 145.2 145.1 143.2 141.4 139.5 137.7 136 134.6 133.1 131.7 131 130.4 128.3 126.2 122.9 119.4 116.1 111.3 107.8 105 104 101.3 98.6 96.4 96.2
166.3 167.9 167.5 167.3 170.1 172.1 173.2 174.1 174.9 177.8 181.3 182.3 183.1 181.7 180.3 178.9 181.6 188.1 192.9 194.8 194.4 193.7 192.5 191.5 190.7 189.4 190.5 188.5 186 184.9 182.8 180 179.2 178.7 176.9 175.5 174.6 172.3 168.9 166.7 165.1 164.3 161.5 160.8 159.6 158.3 154.9 154.2 154.1 155.3 153.8 152.7 151.7 149.5 148.1 146.7 145.8 143.8 142 140 138.1 136.6 136.3 135.1 133.8 132.5 130.5 130.1 127.2 123.8 120.4 117.6 113.9 108.7 106.5 104.4 102.2 100.1 97.7 95.2
155.6 165.1 164.2 165.4 167.7 167.1 167 166.8 168.5 170.1 175.2 177.3 178.7 178.9 177.6 175.8 179 184.1 188.8 191.8 191.8 191.4 190.2 190 189.1 188 189.7 190.1 187.4 184.3 181.3 179.7 178.9 177.3 175.7 173.4 170.7 168 166.2 164 162.2 160.7 160.7 159.3 159.3 158.3 157.2 157.1 157.8 158.3 157.9 156.9 154.9 152.2 150.3 149.8 145.9 143.6 141.8 140.1 138.3 136.8 135.5 135.5 134.4 132.5 130.4 128.8 126.7 124.5 122.3 119.3 115.7 112.3 107.9 105.6 103.5 100.9 97.8 94.5
148.3 155.4 156 161.3 164.2 163.8 163.1 163.8 164.5 167.2 170.8 173.4 174.3 175.4 174.4 173.5 177.6 180.8 183.3 188.6 189.1 190.8 191.1 189.7 188.3 187 188.7 185.9 185 182.3 180.9 179.7 177.9 176 173.5 170.4 168.8 166.2 163.5 161.5 159.7 159.2 158.3 157.3 157.4 157.6 155.9 157.5 159.3 159.9 159.8 160.8 160.4 157.8 153.6 149.7 147.5 145.3 143.4 141.5 139.9 138 135.1 134.2 132.8 130.9 128.4 127.4 125.4 123.2 121 118.6 116.1 112.7 109.4 106.4 103.7 100.2 96.8 94
145.5 144.1 145.8 149.9 155.4 160.4 161.2 164.1 162.4 165.2 169.3 171.9 172.4 173.9 170.6 169.4 174.8 177.8 180.8 184.2 186.9 188 188.7 187.8 187 186.5 186.6 184.4 182.6 180.3 179.3 178.9 176.7 174.5 171.2 167.9 165.5 164.1 161.4 159.3 158.9 158.6 155.8 155.1 155.4 155.1 154.8 156.3 157.9 159.5 162.1 163.1 162.4 160.7 159.8 155 149.9 147.7 145.3 142.3 139.9 137 134.9 132.3 130.9 128.8 126 124.9 124.1 122 119.7 116.7 115.8 113 109.6 106.3 103.1 99.3 95.7 93.9
166.3 159 149.2 140.5 139.8 155.1 159 158.9 159.3 163.2 166.2 169.1 170.6 172.9 170.7 160.1 169 175.4 178.4 181.8 184.3 184.8 184.1 184.8 185 184.6 182.3 180.9 180 179.2 178.4 177.1 176.3 173.4 169.5 166.8 164.2 161.7 159.2 158.8 158.4 157.6 155.2 154 155.2 154.1 153.8 154.1 155.4 158.3 160.4 161.8 162.2 161.1 161.1 158.5 155.3 149.5 146.3 143.3 139.6 137.8 135 131.7 129.1 127.2 124 122.9 122 120.8 118.9 114.9 114.4 112.3 109.8 106.5 102.7 99 97.1 94.1
167.6 165.9 160.5 148.1 140.1 146.5 157.3 158.6 158.1 157.9 159.4 160.7 167.1 170.6 168.3 158.7 163.2 168.3 176 178.3 180.7 180.3 179.8 180.9 180.3 180.1 180 179.1 179 178.7 178 177 175.6 173.4 170.1 166.9 164.1 162.6 159.1 158.6 158.2 156.3 155.1 154.6 154.4 153.5 153.5 153.7 154.1 155.8 157.6 158.2 159 159.7 158.7 158 155.7 150.5 145.9 144.5 140.2 137.3 134.3 131.3 130.6 126.1 122.9 121.1 120.7 119.7 120 115.5 112.4 110.4 108.3 106.1 103 100.2 98.4 95.6
167.8 167.8 163.6 151.3 140.2 139.2 153.5 157 155.8 154.5 155.7 155.9 158.2 159.8 161.8 155.2 158.2 165.6 172.7 176.5 179 178 177.1 178.1 177.2 177 177.7 177.5 178.1 177.9 177.5 176.8 175.4 173 170.6 169 165.8 161.7 158.9 158.4 157 155.1 154.5 155.6 153.7 153.3 153.6 153.9 154.3 153.1 153.6 153.6 154.1 155.1 155.9 156 154.3 150.3 145.9 142.9 139 136.3 133.5 131 131 126.3 123.1 119.7 118.9 117.1 115.9 113.2 110 107.7 105.6 105.9 103.6 101.3 99.7 97.5
167.1 166.5 163 159.2 148.7 137.5 148.4 155 154 153 151.5 151.8 152.4 153.4 152.3 149.5 159.4 165 168.4 172.2 174.4 175.6 175.2 174.9 174.5 174.5 175.5 176.7 177.1 177.1 176.7 176.3 174.8 172.5 170.6 167.9 164.2 160.7 158.7 157.5 155.7 154.5 155.6 155.9 154.6 153.5 153.7 153.8 153 152.1 149.7 149.4 150.5 152.9 153.8 153.1 150.5 148.5 144.5 141.1 139 136.7 134.4 131 127.6 124.4 121.9 119.9 118.4 115.5 112.5 109.6 108 106.1 104.2 104.1 104.2 102.4 100.7 99.2
165.4 165.8 165.9 161.2 152 137.3 147.9 152.4 150.7 150.9 149.3 149.4 148.1 146.9 148.4 157.7 159.4 162.6 164.6 167.7 169.3 169.6 171 170.6 173 174.3 175.7 176.3 176.7 176.3 174.6 175 173.5 171.4 169.3 165.2 161.3 159.1 158.7 157.5 156.6 156 155.4 154.8 154.2 153.9 153.9 153.2 151.7 150.9 150.3 149.5 149 150.3 149.9 149.5 149.1 146.7 143.2 141.4 139.9 137.7 135.5 133.3 129.4 125.9 123.5 120.9 118.3 114 112.4 109.2 109.2 107.7 105.7 105.8 104.3 102.6 101.4 100.2
164.2 164.4 165.3 161.1 155.8 134 136.8 142.6 145.3 147.3 147.5 146.1 144.3 142.2 151.8 163 162.4 160.1 161.5 163.1 162.6 162.8 164.8 166.6 170.4 174.6 175.9 175.3 176.3 176.1 175.8 174 171.5 168.9 165.8 162.9 160.3 159.6 159 159.1 159.1 157.5 157 156.1 155.1 154 154 154 152.5 151.2 150.5 149.6 148.8 147.7 146 145.7 144.8 143.3 142.1 142 140.7 138.1 135.6 134.3 131 128.3 126.2 123.2 119.8 115.4 113.3 111.8 110.7 109.6 108.2 106.5 104.9 104.2 103 100.4
163 163.5 163.1 162.2 158.6 152.6 135.7 129 132.1 141.8 144.3 143.8 141 139.5 150.4 160.6 158.8 155.3 156.7 157.6 155 155.6 159.8 165 169.4 173.7 175.4 174.6 174.9 173.8 173.7 172.3 171.8 168.9 165.4 163.6 161.9 161.9 163 163.5 160.6 158.9 157.9 157 156 155.1 154.5 154.2 153.3 152.9 152.7 151.4 148.8 146.6 145 140.5 138.9 136.5 136.6 136.9 137.2 136.6 135 131.4 128.8 127.9 125.9 123.7 120.4 116.2 116 115.1 112.7 110.2 109.3 107.3 106.1 105.5 102.7 99.9
160.7 160.9 160 159.7 158.6 155.3 155.7 140.7 125.3 124.2 134.9 139.6 138.5 135 145 152.3 150.1 149.4 150.9 151.4 153.9 154.7 159.5 164.1 169.1 172.2 172.6 172.5 171.8 171.1 171.5 170.7 170.4 169.2 165.6 164.3 163.9 164.5 165.4 165.4 162.7 160.7 159.8 159 158.1 157.1 157.5 156.6 155.2 154.6 154.8 152.8 150.3 147.5 144.7 140.4 135.8 134.6 129.6 131 132 131.9 130.9 128.3 129 127.5 125.6 125.5 121.4 116.3 115.8 113.1 111.5 110.5 108.5 107 105.1 103.5 102.3 99.5
160 158.9 158.5 158 157.1 155.2 154 151.3 145.4 126.1 124 130.1 131.8 131.5 138 144.9 142.5 144.4 145.2 146.1 149.4 153.5 159.5 163.1 167.3 170.4 170.9 170 168.9 169 170.3 170.8 170.6 169.6 166.1 164.4 164.3 165.2 165.1 165.8 164.9 162.9 161.4 160.4 159.9 159.2 159.3 161.1 160.6 159.1 156.4 153.9 151.5 148.6 144.2 141.1 138 135.4 130.2 128 127.5 127.3 127.3 127.5 128.7 127 125.9 124.4 119.9 115.6 112.8 109.6 108.7 107.6 106 105.3 104.3 101.8 100.8 99.1
158.2 158.4 157.2 155.8 156.1 154.9 152.3 151.8 149.2 144.4 123.7 123 123.4 124.7 137 135.5 139.7 142.1 144.7 145.7 150.5 158.2 162 164.7 166.2 168 168.7 169.2 169.9 168.9 168.9 168.8 168.7 169.1 166.7 165.5 167.5 168.6 168.9 168.5 168.4 165.5 163.5 162.1 161.1 160.7 160.4 159.4 160.9 159.5 157 154.5 151.9 148.5 146 142.2 138.7 135.8 131.5 127.5 124.1 124.4 124.6 123.1 122.9 121 117.5 117.1 115.3 111.4 109.9 108.9 107.2 104.3 104.1 103.1 102.6 100.4 100.7 98.9
154.9 155.5 154.5 154.2 154.8 152.7 150 149.7 149.7 146.7 141.1 133.1 124 126.9 133.8 131.7 135.9 139.8 143.2 147.9 154.4 160.1 164.6 167.4 168.5 169.1 169.5 170.2 170 168.9 169 169 168.6 168.1 167.8 168.4 169.6 171.2 171.6 171.7 171.2 169.9 165 163.2 161.9 161.5 161.2 159 159.8 159.4 157.5 154.9 152.3 149.1 145.7 142.9 139.7 135.9 132 130.2 126.5 125.6 123 119.4 116.7 114.7 114 114.2 113.6 109.8 111.8 114.3 113.1 111.5 105.8 104.1 101.7 99.3 99.4 98.9
151.5 152.7 153.6 154.1 153.8 151.5 149.2 146.7 147.5 144.6 139.6 133.2 125.2 125.4 129 130.9 136.9 142.4 146.8 153.3 156.7 161.2 167.7 170 171 170.2 169.9 171.3 170 169 169.2 169.2 168.8 168.1 168.5 170.1 171.4 173.1 173.5 173.4 171.3 170.2 165.5 163.5 162.6 161.6 161.2 160.4 159.4 157.9 156.6 155.3 152.7 149.8 145.4 142.4 139.2 137 132.4 129.9 128.5 128 125.2 123.8 124.9 123.8 121.7 118.9 118 117.9 118.5 119.4 118.3 115.2 111.3 108.6 104.5 100.5 98.9 98.9
149.3 150.6 151.4 152.4 152.9 151 148.2 144.7 143.7 141.8 138.4 132.9 127.5 120.1 125.8 132 142.6 147.1 150.8 155.5 159.2 163.4 167.9 172.5 172.6 171.8 171 172.2 170.4 169.9 169.3 169.5 168.8 167.8 168.9 171 172.9 172.9 172.4 171.4 170.2 169.8 165.7 164.1 163.2 162.3 161.3 161.1 159 157.1 155.5 154 152.6 150.5 145.5 142.4 139.9 138.6 135.8 132.4 131.2 130.9 129.2 127.7 126.7 126.5 126.3 123.4 120.8 121.1 121 121.1 118.5 116.5 114.8 110.4 106.6 104 100.6 99.1
148.3 149 149.5 148.8 151 150.5 146.2 145 142.4 139.8 136.4 131.1 120.9 113.9 125.4 132.7 145.6 147.7 152.1 154.9 158.9 164.1 168.6 172.3 173.2 172.7 173 172.9 172.7 172 171.5 170.3 169 168.2 169.7 171.7 173.5 171.3 170.3 169.6 168.8 168.3 165.6 163.7 162.3 160.9 159.8 159.1 158.6 156.4 154.8 153.3 151.8 151.1 149.2 144.8 142.4 140.2 137.8 135.5 133.8 132 129.7 127 126 125.4 126.1 124.1 121.4 121 120.9 119.7 117 115.4 114.7 109.5 106.6 104.3 100.1 98.7
149.4 144.7 145 146.3 149.1 148.1 144.1 140.1 138.3 136.6 133.5 128.7 118 111.6 123.6 135.3 145.3 146.6 152.4 155 158.3 164.8 168.5 172 173.4 173.8 173.6 173.3 172.6 172.1 172.2 172 171 170.4 169.6 170.6 172.8 169.8 169.3 168.6 167.9 167.6 165.3 164 162.5 161.5 160.6 158.1 156.5 155.7 154.1 152.5 150.9 150.4 147.1 143.5 141.2 139.2 136.7 133 130.7 129 128 126.4 125.6 125.2 124.6 122.8 120.2 119.9 118.8 117 115.5 113.6 110.6 110.3 106.5 103.3 101.5 102.3
148.5 144.4 141.7 143.4 145.7 145.3 140.9 136.7 135.1 133.2 129.4 125.1 113.2 109.9 120.7 132.4 142.2 145.7 152.8 156 160 166.2 168.7 171.8 173.4 174 173.6 172.9 171.8 170.6 171.8 171.1 171.5 171.1 170.1 169.5 170.2 168.5 168 167.4 167 165.7 164 165 163.4 161.4 159.6 157.5 155.2 154.3 152.6 150.8 149.1 147.9 144.4 142.1 139.7 137 135.3 130.6 128 125.9 125.1 125.1 124.6 125.8 124.8 121 117.5 116.5 114.9 112.7 112 110.5 111 111.3 111 109.7 108.7 106.3
144.9 143.4 139.2 141.6 143.4 143.1 137.6 133.7 132.4 130.3 126.2 121.9 110.9 109.2 117.4 126.2 138.3 144.7 152.5 157.2 163.9 167.8 169.9 172 173.1 173.6 173.1 172.2 171 169.8 170.5 170 170.2 171 170.7 169.3 168.3 167.2 166.8 167 166.8 165.3 164.1 163.9 162.9 160.7 158.9 157 154.2 152.6 150.8 149 147.4 145.2 142.4 140.1 137.8 134.9 132.4 130 128 125.5 124.9 120.1 119 120.1 121.1 117.2 114.7 114.5 112.2 108.5 110.5 112.8 114.7 114.1 113.9 112.7 111.3 109.9
