data/410000-560000.asc
ncols 200
nrows 200
xllcorner 410000
yllcorner 560000
cellsize 50
[rows 117 to 155 of 200, columns 88 to 175 of 200]
80.8 80.7 80.7 79.7 77.1 75 74.3 74.7 74.3 77.6 78.1 78.4 80.3 82.4 82.5 79.9 80.2 81.6 83.6 81 77.3 74.2 78.4 81.3 83.9 85.5 86.8 87 87.6 86.5 83 78.8 73.7 69.5 69.4 67.6 63.4 59.3 58 56.6 53.9 54.2 52.7 49.8 47.5 41.6 38 33.1 30.1 26.5 21 21 20.2 13.5 9.8 7.9 6.7 6 5.6 5 4.5 5.3 -1.2 -1.2 -1.2 -1.2 3.4 4.4 5.2 5.6 6.7 5.9 5.9 4.8 4.6 4.3 4.1 4.7 5.7 6.3 7.6 8.3 8.4 8.2 8.4 8.7 8.2 7.5
81.7 80.1 79.1 79.1 76.1 74.8 74.8 75.4 78.3 80.7 81.9 83.6 83.8 86 86 84.4 86 84.7 83.9 79.4 78.3 77.4 79.4 83.2 85.1 88.1 90.1 90.7 90.8 87.9 83.6 78.7 73.8 74.4 73.3 71.1 68.2 63.7 60.6 58.7 56.3 54.4 53.9 51.2 47.9 39.3 42.2 35.6 33.3 27.6 26.4 28.3 25 19.6 16.5 10.2 9.2 7.9 6.5 5.8 5.5 5.2 -1.2 -1.2 -1.2 -1.2 4.8 5.1 6.5 5.6 5.3 5 5.6 5.1 4.6 4.4 4.3 4.1 4.8 6 7.7 8.4 8.7 8.4 8.7 9.1 8.3 7.9
80.7 79 79.4 78.5 75.9 74.3 75.1 76.9 79.4 80.5 83.1 84.9 85.2 84.1 85.9 85.6 83.7 83.4 81.5 80.9 79.4 80.1 82.9 85.7 89.3 90.2 90.7 91.1 91 86.2 82.5 77.6 74.1 76 75.3 72.3 70.7 68.3 64.7 61.9 58.9 56 54 51.4 45.3 45.9 43.3 37.9 36.3 29.1 34.3 34.9 31.9 27.1 20.9 15.7 12.4 10.1 7.7 6.9 6.8 6.2 -1.2 -1.2 -1.2 -1.2 6.1 6.2 7.5 5.8 4.2 4 4.5 4.5 4.4 4.3 4.1 4 4 4.6 7.5 8.6 8.8 8.3 8.5 9.1 8.5 7.3
79.9 79.9 80.1 78.6 77.3 76 76 77 79.1 79.6 82.9 84.8 84.6 84.3 86 86 85.1 83.4 82.7 80.6 81.4 81.7 85.3 85.5 91.5 93 91 91 85 83.5 80.8 79 77.3 77.8 76.3 74.3 71.3 69.4 67 65.1 62.9 59.2 54.7 50.9 50 46.6 43.3 40.2 38.2 35.1 38.7 39.2 36.4 30.7 25.1 18.8 15.4 12 9.4 8.4 8.2 7.4 6.1 -1.2 -1.2 -1.2 -1.2 6.7 7 5.5 4 4.1 4.5 4.2 4.2 4.2 4 4.7 4 4.5 7.2 8.3 8.5 8.2 8.2 8.6 8.5 7.1
82.2 81.7 81 80 78.9 77.7 77.6 77.8 78.4 80.4 83.2 85.2 84.1 86.3 87 85.9 84.8 83.6 82.9 81.5 79.1 80.8 83.8 85.1 89.9 89.7 87.8 85.1 84.7 83 81.3 80.8 80.5 80.8 77.9 75.4 71.3 70.2 69.5 67.9 66.2 61.4 56.6 52.5 50.6 48.8 44.4 41.7 39.2 41 43.3 42.7 39.5 31.8 29.7 25.7 21.7 17.2 13.4 11 9.6 8.4 7 -1.2 -1.2 -1.2 -1.2 -1.2 5.7 6 5.3 4.2 4.5 4.1 4 4.6 5.3 6.1 4.5 4.5 6.9 7.9 8.2 8.6 8.9 8.5 8.1 -1.2
84.4 83.1 81.6 80.8 80.6 79.6 78.7 78.8 79 83.3 85.6 86.5 86.8 88.4 88.6 86.5 84.9 84.1 83.7 83.2 84.4 86.3 87.3 87.3 88.7 89.2 87 84.3 84.3 83.2 82.3 81.6 81.1 79.9 77.7 74.6 72.8 72.5 72.7 71.1 69.6 65 58.3 53 51.8 50.1 46.6 43.7 42.2 44.6 46.6 46 42.3 39.1 34.7 29.8 25.7 22.4 18.6 15.9 14.1 10.7 8.6 7.4 -1.2 -1.2 -1.2 -1.2 -1.2 4.9 5.6 6.5 6.7 5.9 5.9 5.2 6.9 7.2 5.6 4.6 6.7 7.8 8.3 8.9 9.3 8.9 8.2 -1.2
85.4 83.6 82.1 81.2 79.8 79.4 82.1 82.5 82.5 85.1 88.2 89 89.3 91 90 87.4 84.7 84.2 85.4 89.6 90 91.6 91.7 90.3 90.9 91.3 89.8 86.4 85.4 84.4 83.3 82.6 81.8 80.6 79.1 77 74.7 74.7 74.7 75.7 73.8 68.1 64 55 52.7 50.6 48.4 45.1 46 48.2 49.6 49.4 48.1 47.2 37.3 33.9 30.7 27.5 23.7 20.7 16.4 13 12.2 13.9 8.1 -1.2 -1.2 -1.2 -1.2 -1.2 3.2 4.5 5.3 5.9 5.9 5.3 6.4 7.2 6.7 6.2 6.9 7.8 7.8 8.4 8.9 8.7 5.2 -1.2
85.2 83.7 82.7 82.8 82.6 82.4 85.9 88 87.7 87.5 90.8 90.5 89.6 90.6 90.6 89.1 87 88.1 89.7 94.9 94.8 94.4 94.6 95 95.3 95.1 92.3 89.8 88.1 86.1 84.6 83.8 82.8 82.7 81.9 79.4 78.8 77.8 76.3 75.8 72.8 68.1 64.6 59.6 55.9 53.1 50.9 49.6 50.2 51.1 52.1 50.7 51.1 50.9 41.3 36.9 35.2 32.8 27.7 23.9 19.9 16.3 17.6 20 15.5 9.7 -1.2 -1.2 -1.2 -1.2 -1.2 -1.2 -1.2 4 5.6 5.5 5.9 6.8 7.2 7.5 7.6 7.5 7 7.5 7.4 6 -1.2 -1.2
84.7 84 84.5 85.4 84.6 85.1 86.4 89.5 93.8 91.3 92.2 91.7 90.7 90 90.3 89.4 89.3 90.9 92.3 94.9 94.9 94.9 95.2 95.4 95.4 95.3 93.7 92.2 89.7 88.1 86.9 84.9 84.7 84.9 84.4 82.8 81.3 80 78.3 75 70.5 69.6 71.7 66.4 60 57.1 54.4 52.7 52.3 52.5 53.1 53.1 52.7 50.7 45.1 40.3 38.6 35.8 30.3 26.5 22.1 17 23 24 21.7 19.4 14.4 10.7 -1.2 -1.2 -1.2 -1.2 -1.2 -1.2 -1.2 -1.2 -1.2 4.3 4.7 5.5 5.3 5.8 5.5 5.5 -1.2 -1.2 -1.2 -1.2
87.1 86.1 86.1 86.5 86.9 85.9 87.8 89.2 94.3 95.2 94.8 93.5 92.9 92.2 91.6 90.4 90.7 92.4 94.7 96 96 95.9 96 96.2 95.5 95.3 95.1 94.9 93.7 90.5 89.4 87.1 85.8 85.7 85.6 84.7 84 82 79.1 75.4 75.1 78.5 89 86.6 77.3 64.6 56.5 56.3 55.3 54.3 54.7 54.4 53.6 52.6 50.7 49.5 49.3 40.4 34.9 31.3 26.4 21.2 30.9 32.6 28.2 26.2 21.5 18.5 13.1 -1.2 -1.2 -1.2 -1.2 -1.2 -1.2 -1.2 -1.2 -1.2 -1.2 -1.2 -1.2 -1.2 -1.2 -1.2 -1.2 -1.2 -1.2 -1.2
89.4 88.2 88 88.9 88.6 90 89.4 91.2 95.3 95.6 96.1 94.7 95.3 94.9 94.2 93.8 93.8 94.6 94.9 96.9 97.3 97.6 97.6 97.5 96.9 95.6 95.2 95 93.1 91.6 90.5 88.7 86.7 85.7 85.2 85.1 85.1 83.3 80.6 79.4 79.9 87.2 93 93.2 88 79.8 69.9 63.5 59.8 54.9 55.5 55.1 54.5 53.5 52.6 50.4 48.3 42.4 36.9 30.2 26.2 33.3 41.5 45.5 34.2 30.9 27.1 24.5 18.6 15.5 15.4 9.4 -1.2 -1.2 -1.2 -1.2 -1.2 -1.2 -1.2 -1.2 -1.2 -1.2 -1.2 -1.2 -1.2 -1.2 -1.2 -1.2
91.7 90.3 91 90.7 90 91.4 92.5 92.5 94.1 94 94.8 97 96.9 96.8 96.9 96.4 96.1 96.5 96.4 98 98.5 98.7 98.8 98.8 97.8 96.2 95.1 94.4 92.8 91.2 90.3 89.2 86.6 85.5 85 85 84.9 84.8 83.5 80.1 79.3 86 88 80.2 69.4 62 59.3 60.3 59.5 57.5 56.1 55.7 55.3 54.4 53.2 50.9 46.3 41.8 35.9 32.3 37.6 42.3 49.8 49.3 40.5 34.4 32 29 24.9 21.9 17.1 12.5 12.5 5.2 6.8 7.7 6 -1.2 -1.2 -1.2 -1.2 -1.2 -1.2 -1.2 -1.2 -1.2 1.8 4.8
96.3 96.3 95.9 96.3 94.1 93.5 96.1 95.5 94.2 94 95.4 99.9 98.4 98.5 98.5 98.5 98.5 99.7 99.2 99.1 99.3 99.5 99.6 100 98.9 97.2 95.1 93.8 92.6 90.9 90 89.1 86.9 85.4 84.1 84.8 84.8 84.7 85.7 79.1 78.7 79.8 69.2 63.7 59.6 58.2 57 57.1 58.2 57.1 56.6 56 55.6 54.6 52.2 50.3 43.9 38.8 35.1 42.7 43.9 48.6 51.3 50.3 45.6 46.1 42.9 32.5 27.2 22.2 17 13.6 7.7 3.9 10.9 9.6 9.4 7.7 6.6 6 5.5 6 5.1 5 4.2 5.1 5.4 5.6
99 99.3 98.2 97.4 95.9 94 94.3 95.7 95.6 96.3 98 99 100 100 100 100.1 100.5 100.7 100.2 99.9 100 100 100.5 100.5 99.7 98.5 96 93.7 92.1 90.7 89.6 88.5 86.2 84.8 83.9 83.4 83.3 83.6 91.8 80.4 73.5 66.6 62.7 61.1 59.7 58.3 56.9 56 57.1 56.9 56.4 55.7 55.1 55 51.1 47.9 42.3 38.3 39 45 50.1 50.2 51 50.1 45.2 39.3 33.7 25.9 22 14.8 9.9 8.7 9.5 12 15.1 15.8 15.6 10.8 8.3 7 6.8 6.8 5.9 5.5 5.9 6.1 6.1 6.2
100 101 99.7 98.6 97.9 96.6 96.6 97.2 97.6 99 100 100.7 101.2 101.5 101.5 101.6 101.7 101.4 101.1 101 100.9 100.8 100.3 100.8 99.9 98.6 96.4 94.3 92.3 90.4 89 87.6 86.3 85 82.8 80.6 80.8 84.6 89.1 75.8 66.9 63.9 62.6 61.8 60.6 59.2 57.9 56.8 57.2 56.7 56.2 55.9 55.3 54.6 52.3 43.1 40.2 39.2 40.6 44.7 49.5 50.4 46.3 40.4 39 38.2 26.6 15.5 13.2 9.9 21 20.7 18.7 19.4 19.2 17 16 13.4 11.3 9.3 8.5 7.4 5.5 5.2 6.5 6.5 6.5 6.5
99 101 100 99.3 99 100.2 100.2 99.8 100 101 102 102.5 102.4 102.9 102.9 103 102.7 102.5 102.3 102.2 101.9 101.5 100.8 100.1 99.2 95.9 95.2 94.5 92.2 90 88.5 87.2 85.9 84.7 82.5 81.2 80.2 80.5 78.9 72.4 67.3 64.7 64.6 63.7 62 60.6 59.5 58.3 58.1 58.4 56.9 56.4 55.7 55 54.9 46.2 40.8 43.2 47.2 48.8 50.2 46.6 41.9 41 40 40.5 24.6 24.9 28 28.1 29.3 28.9 27.5 25.2 24.3 19.9 19.7 18 15.6 12.5 10.3 9.3 6.7 6 6.7 7 7 6.8
99.2 101 99.2 99.2 99 100.6 101.4 101.9 102.3 103 103.9 104.2 104.1 104.1 104.3 104.1 103.9 103.6 103.5 103 102.6 102 101.3 100.5 100 98.7 95.3 94.6 91.5 90.2 88 86.7 85.5 84.9 82.3 80.8 79.8 77.1 74.8 72.6 70.1 68.2 67.1 66.2 64 62.6 62.5 61.5 61.2 60.9 58.9 57.5 56.9 56.4 55.9 55.2 51.9 52.6 52.1 50.8 50.1 44.4 44.3 42.5 43.9 43.8 20.4 35.3 36.6 39 40.4 38.9 35.7 32.7 34.7 32.9 28.1 25.3 22.3 16.6 14.1 12.7 9.9 8.6 7.9 7.1 7 6.9
100.8 100.4 99.1 99 100.6 101.7 102.6 103.4 104.7 105.1 106 107.6 106.4 105.8 105.2 104.8 104.4 104.2 104.1 103.6 103.2 102.5 101.5 100.3 99.8 99 95.9 93.9 89.3 85.9 85.2 85.3 85.1 85.1 84.5 84.4 79.8 74.8 71.8 70.3 70.3 71.2 71.7 70.9 69.3 69.5 68.4 66.6 64.4 63.1 61.3 59.4 59.4 58.6 57.9 59.2 59.4 54.8 53.2 47.2 40.2 45.1 43.8 34 25.5 24.6 27 45.2 47.9 50.9 49.2 45.1 39.9 40.7 38.5 37.7 34.7 31.7 29.2 23.4 20.5 19.2 14.3 11.3 9.8 8.1 7.2 7.4
99.6 103.7 105 102 101.9 102.7 104 105 106.9 109.7 110.9 110.5 108.4 106.6 105.7 104.7 104.5 104.5 104.5 104.2 103.7 102.4 101.2 100.1 99.1 98.2 95.2 91.1 86.6 84.4 84.4 84.3 83.6 83.7 85 80.2 76 72.8 69.6 70.3 70.3 75.2 81.9 82.2 77.7 77.9 76.3 75 67.6 65.1 64.7 64.9 63.6 60.3 59.4 59 54.8 54.4 51.9 37.9 37.5 32.5 31.9 33.3 46.9 46.6 50.8 59.2 60.5 60 58.2 49.9 45.5 46 44.6 42.9 40.9 37.2 34.2 28.4 27.8 25.6 21.2 14.9 11.9 10.2 8.4 7.5
103.6 109 106.6 105.5 103.6 104 106.4 109.8 110.5 110.2 110.4 110.1 109.1 107.1 105.2 104.9 104.9 104.8 104.8 104.6 103.4 102.1 100.8 99.8 98.5 96.1 93.9 90.4 86.2 84.3 83.7 82.4 80.9 79.9 77.3 75.4 74.4 74.4 73.6 70.3 70.4 73.9 82.1 87.1 85 85.4 86 81.7 69.2 66.3 65.4 66.1 65.8 64.7 58 54.9 51.2 50.4 44.7 43.9 54 49.3 54.6 56.9 56.5 59.7 61.7 62.6 62.6 62.5 61.3 55.9 51.4 50.4 48.8 46.5 44.5 42.1 38 36.1 34.3 31.6 27.6 20.5 16.1 12.4 10.2 8.8
108.3 108.6 106.9 104.7 104.2 106.9 110.7 111 109.5 109.8 109.7 109.3 107.8 106 105 105 105 105 105 104.7 103.2 101.6 100.3 99.7 98.1 96.6 94.6 91.5 88 85.2 84.1 82.4 80.5 78.8 75.4 74.5 74.3 74.5 75.3 69.7 69.7 67.3 75 89.5 89.7 88.6 87 80.1 69.3 68.2 68.5 70.1 69 61.8 60 51.4 44.8 45 43.7 55.9 59.8 62.4 60.3 60.3 62.3 65 67 66.4 64.9 63.1 61.7 57.6 55.7 54.4 53.1 50.8 48.2 45.4 40 40.9 39.4 37.2 27.3 23.6 25.4 22.6 14.4 11.3
111.2 110 108 105.8 108 110.2 110.9 111 110.3 109.8 108.5 107.9 106.2 105.3 104.9 104.9 104.9 104.9 104.9 104.1 101.9 100.6 100 100 99.3 97.8 95.7 92.7 90.1 87.2 85.3 84.7 83.1 80.4 77 74.9 74.3 74.3 74.4 74.9 69.7 69.4 77.5 88.2 89.5 83.5 79.3 73.3 67.3 69.3 70.5 66.1 60.2 60.6 59.8 47.1 42.4 47.5 52.4 60.2 62.7 64.3 66.3 67.2 67.7 69.1 70.7 70.1 68.2 66.1 64.2 61.4 59.3 57.9 56.9 56.1 53.6 49.4 45.8 45.3 44.3 38.9 35.5 35.6 34.2 29.4 22.7 16.6
114.9 111.8 109.2 110.8 111.4 111.4 111.4 110.5 109.6 109.8 109 107.5 105.4 105.1 104.8 104.8 104.7 104.7 104.3 103.4 101 100 100.1 100.5 100.3 99.1 96.8 93.5 90.5 89.4 88.5 87.4 85.6 82.8 79.2 75.4 75.3 74.9 74.4 74.3 78.4 75.7 79 82.3 82.6 75.1 72.2 70.2 65.9 63.9 64.1 60.7 60.1 60.6 55.1 44.1 48.8 60.9 64.8 66.4 68.3 70.4 73.5 75.5 75.3 75.2 74.9 72.8 71.7 70 68.4 66.2 63.9 63.2 60.5 60.2 56.9 53.9 51.3 49.5 46.9 45 43.4 41.2 39.3 35.1 27.3 21.9
114.1 109.6 112.1 113.4 113.8 114.3 113.5 111.3 109.1 109 108.5 106.9 105.6 104.6 104.8 104.7 104.7 104.6 104 103 100.7 100.1 99.9 100 100 99.4 96.5 93.7 90.1 90.8 92.4 92.2 89.3 86.1 81.7 83 85.6 85.4 82.8 81.8 83.4 81.8 80.2 80.1 80.1 77.2 72.4 68.3 65.1 62.3 60.3 59.8 59.4 59.9 49.6 46.9 59.1 68 71.2 72.6 74.5 76.7 79.3 81 81.4 81.1 80.2 78.4 76 73.8 71.8 69.6 68.9 67.9 64 63.9 62.6 60.4 58.8 54.8 48.9 51.3 48.9 46.4 43.5 37.8 33.6 28.1
111.5 111.5 115.5 116 117.2 117.8 116.2 114.2 109.5 109.1 109.8 108.4 107.5 107.2 108.6 107.9 106.8 105.2 104.7 103.2 101.5 101.3 101.1 100.8 100.1 99.4 96.1 94.7 99 97.6 98.2 96.7 94.2 92 89.7 89.8 89.9 88.6 88 87.5 87.5 87.2 85.4 79.8 80.8 73.3 70.3 67.2 63.9 60.7 59.8 59.7 61.1 54.6 49.3 49.3 66.7 73.2 76.5 78.3 81.9 84.2 85.7 86.1 85.9 85.7 83.7 82.3 79.3 77.7 78.3 77.2 75.1 72.8 68.8 71.8 68.2 66.8 65.3 61.6 59.2 57.8 53.6 50.1 46.7 44.5 39.7 36.2
115.5 113.9 116.9 120.2 122.3 122 120.8 117.9 113.2 109.7 109.6 110.3 110.2 109.9 109.9 109.7 109.9 107.3 104.9 104.1 103.2 103 103 102.5 101.9 101.2 102.4 103.8 103.5 103 101.8 100.2 98.9 95.9 93.1 92.1 90.7 89.4 89.9 89.6 88.9 88.6 88 84.3 76.9 75 71.2 69.6 65.6 62.3 60.2 62 65.6 66 49.5 59.4 70.1 78.2 81.4 85.6 90.4 91.7 92.2 91.4 90.4 89.5 87.6 84.1 82.6 82.9 83 82.3 80.2 75.5 72.7 74.9 73.4 72.7 70.8 68.7 66.3 63.4 59.4 55.2 52.4 48.7 46.4 41.5
121.5 119.6 119.4 122.1 124.7 122.9 120.3 117.4 114.3 111.9 111.4 112.7 112.3 110 110 110 109.9 108.6 105.8 104.6 103.7 103.5 103.3 102.9 102.3 102.5 103.8 104.8 104.6 103.6 103.1 102 101.4 98.6 95.5 93.2 91.6 89.6 89.3 88.9 88.9 89.6 95.7 94.1 87.5 81.9 76.8 73.2 68.6 64.8 62.6 64.8 68.3 68.4 52.8 61.5 72.7 80.9 86.5 90.8 94.6 95.6 95.3 94.5 93.4 92.4 89.9 88 87.4 87.2 87.1 85.8 79 78.9 76.4 75 83.4 81.8 75.2 73.9 71.9 68.5 65.4 61.8 56.9 54.3 51.2 45.9
127.5 125.3 124 123.8 123.7 120.7 119 117.2 115.8 115 115.8 113.9 114.1 111.2 110.1 109.5 109 107.4 105.2 104.5 103.7 103.3 103.1 102.8 103 103.5 104.7 107 107.5 105.9 104.7 102.9 102.2 101.3 99.4 97.3 94.3 90.4 88.9 87.6 87.9 89.6 98 89.8 89.8 85.8 81 77 70.6 65.8 65.2 70.3 72.6 68.7 52.9 69.7 78 84.3 90.8 94.4 98.7 100.2 99.4 98 96.1 95.1 93.4 91.9 91.3 91 91 86.5 81 83.5 78.1 77.8 83.1 82.9 78.4 79 77.9 74.1 70.1 67 62 56.8 52.3 47.8
130.2 130 129.9 129.7 125.7 123.1 120.4 119.5 117.5 115.9 118.5 120.8 115.5 112.8 110.4 109.2 108.2 107 105 104.5 103.9 103.2 103 102.7 103.3 105.4 107.8 110.1 110.2 108.7 106.9 103.9 101.3 100.4 100.4 100.3 97.9 91 89.4 88.5 88.7 89.3 103 94.4 88 83.9 83.7 77.2 70.7 67.8 70.2 74.6 75.4 69.1 54.7 75.2 84.4 90.4 96.1 100.5 103 103.2 102.5 101.1 99.3 97.9 95.9 95.7 96.1 94.8 93.8 92.8 89.9 88.4 86.6 86.2 85 84.6 85.8 85.3 83.5 79.4 74.7 71.1 66 61.1 54.4 48.6
133.4 133.2 132.5 130.8 128.1 126.1 125.5 123.9 119.6 118.6 118.3 119.8 117.1 114.3 111.2 109.7 109.3 108.6 106.5 105.6 104.6 104 103.5 104 107.3 107.9 110.5 112.4 111.8 110.6 108.9 104.8 101.4 100.4 100.4 100.4 100.4 92.8 90.6 89.5 89.5 89.9 90 87.8 85.5 81.5 81.3 80.6 69.8 69.5 70.5 75.4 76 59.2 59.4 82.4 89.1 95.5 102.5 106.8 107.4 107 105.6 104.3 102.6 101.2 99.3 99.8 100.3 100.4 98.7 95.3 92.7 93.4 92.5 89.1 89.1 89 89.5 88.4 86.2 83.7 79.1 74 70.2 63.4 54.6 49.1
135 134 132.9 131.2 129.1 128.2 127.3 126.4 124.6 124.3 120.5 118.9 116.8 115.5 113.8 112.3 111.3 110.2 108.1 107.8 106.6 106.7 108.4 110 112.1 112.2 112.7 114 113.3 112.4 110.6 108.5 103.6 101 100.4 100.4 94.3 97.8 97.7 93.2 90.2 90.4 90.2 86.7 84.6 80.6 76.7 75.4 70.7 69.6 72.3 77.1 70.3 57.9 75.4 86.7 93.8 103 109.1 111.3 110.9 109.9 108.7 107.2 105.8 104.6 102.4 104.1 104.9 103.9 100.7 97.7 97.3 95.7 94.3 93.4 93.5 93.8 93.5 90.4 87.5 83.9 80.6 75.6 70.9 64.7 59.4 55.8
135.7 134.4 133.3 131.4 129.2 128.4 128.2 128.1 127.5 126.6 122.3 119.2 117.4 116.1 114.8 113.8 112.9 109.9 109.3 111.4 113.6 114.7 115.3 115.9 116.5 115.5 115.5 117.6 115.5 114.1 112.2 110.1 106.4 103.6 101.4 98.5 93.7 93.2 91.2 91.3 91.7 93.3 90.8 91.9 89 82.6 77.3 74.1 70.7 71.8 76.3 80.9 73.7 57.7 81.6 95.2 102.1 109.5 113.6 114.3 112.1 111.6 110.7 109.6 108.1 107.4 104.8 104.2 105.3 104.2 102.2 99.8 99.4 95.2 95.6 96.6 97.3 97.3 96.5 92.3 88.7 84.7 82.7 78.8 70.7 68.4 64.6 60.9
136.6 135.1 133.7 131.6 129.3 128.6 128.1 127.9 129.6 128.8 124 120 118.3 116.8 115 114.7 113.8 114.3 117.1 120.4 120.9 120.9 118.9 119.3 119.3 118.9 119.4 119.5 118.3 115.8 113.4 111.3 109.1 103.8 101.5 97.5 93.4 92.3 93.1 93.8 95.7 98 100 97.9 92.5 86.3 79.7 75.8 73.7 74.5 78.1 78 64.6 64.7 91.1 97.2 107.2 113.3 116.7 116.1 115.1 114.2 113 111.7 110.4 109.1 106.6 105.6 104.7 105 103.3 101.5 101.2 100.4 99.5 100.3 100.6 100 99.3 96.9 92.3 88.4 84.2 79.5 74.8 72.3 70.8 64.8
137.8 136.1 134.3 132 129.4 128.8 128.3 127.5 126.3 125.3 123.6 120.7 119.1 118.4 116.9 118.7 119.8 120.3 121.7 123.9 123.9 124 121.4 120 119.3 119.7 120.1 122.4 119.9 116.3 113.9 112.4 110.6 106 103.2 98.3 94.3 94.2 94.7 96.9 99.9 101.1 103.2 101.2 96.8 90.3 82.6 77 75.1 75.6 75.1 66.3 65.6 88.5 99 104.1 111.7 116.5 119.7 119.9 119.2 117.1 115.9 115.2 112.5 110.6 109.1 109.1 105.6 105.1 104.4 104.2 104.3 103.4 102.9 102.4 102.2 100.9 101 100.5 95.3 90.6 86.9 82.9 79.2 76.8 73.2 67.9
139.2 136.9 134.9 132.2 129.7 129 129 128.5 127.4 125.6 124.2 120.1 120.4 121.9 122 122.6 123.7 124.3 124.8 126.4 125.5 124.9 123.4 120.4 118.8 119.1 119.6 120.5 119.8 115.6 113.6 111.7 110.4 108.3 105 102.1 98.6 97 97.5 99.7 100.5 103.2 102.9 102.2 100.8 93.3 81.4 77.5 76.3 72.8 64.8 72.7 88.5 97.5 104 109.6 114.5 118.4 121.2 120.2 120.2 119.8 119.6 118 114.6 113.4 112 112.7 109.8 109.4 108.9 108.4 108.1 106.3 106.1 105.6 104.3 100.7 100.8 100 96.5 92.4 89.1 85.8 82.9 80.1 75.7 69.6
140 137.3 136 133.2 130.9 129.3 130.1 130 128.2 126.8 124.2 121.1 122.7 124.5 124.7 125 124.9 125.2 125.3 128.5 127.8 125.8 123.8 120.6 118.7 117.9 117.3 116.5 114.9 113.9 112.4 110.3 108.7 104.2 104.7 105.2 101.2 99.3 99.3 100.5 100 99.4 88.6 88.7 87.5 85.7 78.5 74 68.5 67.3 81.9 90.4 97.8 103.2 108.5 112.5 117.2 120.7 122.7 121.9 120.7 120 119.3 119.2 116.8 117.8 118.1 116.7 114.1 115.2 114.5 113.8 112.7 111.4 110.3 110.6 108.6 103.8 102.1 100.1 97.2 95.3 93.3 89.6 86.5 83.4 79.4 70.8
136.9 133.9 134.1 132.6 131 131 130.6 130.2 127.3 126 124.8 120.6 124.8 125.2 125.2 124.9 125.1 125.2 126.6 129.7 127.5 124.5 122.4 119.9 117.7 115.9 114.8 113.4 110.5 110.7 109.9 108.8 106.2 101.5 102.1 103.7 100.8 99.3 96.5 94.1 87.8 84.8 79 73.2 70.3 71 70.8 69.5 74 82.7 89.9 97.7 103.3 107.6 113.3 118.1 120.7 122 123.6 124.5 123.8 123.6 122.6 121.5 121.6 122.4 121.8 119.8 118 117.2 116.8 116.4 115.8 115.1 114.8 113.4 110.1 106.2 103.9 102.1 99.3 97.4 96 94.4 90.8 87 83.3 76
134.6 134.4 134.6 133.4 132.4 131.4 129.8 129.1 126.1 124.5 123 120 125.1 125.4 125.4 125 124.9 125.2 127.2 129.8 127.2 123.8 120.9 118.2 115.9 113.9 112 109.7 106.8 106.3 106.2 105.8 103.9 101.8 98.3 95.4 93.8 90.4 87.1 83.6 79.6 74.4 69.9 69.6 69.7 71.4 72.9 81 84.3 90.8 96.4 102 107.3 116 118.9 122.4 123.8 124.6 125.4 126.4 126.2 125.4 125.5 125.6 125.4 125.4 122.2 119.5 118.5 119 118.6 118.1 118.4 118.4 116.8 114.4 111.4 109.8 107.6 105.2 102.7 99.6 97.9 96.8 94.1 89.6 86.3 77.8
134.2 135.5 136 133.4 130.8 129.9 129 125.6 124.2 122.4 120.6 120 125.4 125.7 125.6 125.5 125.7 126.9 128.7 130 127 123.1 118.8 114.7 111.7 109.5 106.2 102.8 101 98.4 99.3 101.5 103.4 101.6 94.1 91.2 89.4 83.1 80 76.5 73.9 71.6 70.2 72.4 74.1 77.8 81.7 86.7 93.1 98.4 102.3 108.6 112.9 119.2 123.7 125.3 126.1 126.9 127.8 128.7 129.3 128.4 127 125.8 125.5 124.8 122.5 120 119.9 120.6 120.1 119.5 119.8 120.6 119.2 115.2 112.2 112 109.6 107.5 105.6 102.3 99.5 97.8 95.3 92.3 87.2 76.2
