data/410000-560000.asc
ncols 200
nrows 200
xllcorner 410000
yllcorner 560000
cellsize 50
[rows 117 to 155 of 200, columns 0 to 87 of 200]
35.8 29.6 23 15.7 9.4 9.9 11.4 12.7 13 12.4 11.9 12.6 12.6 11.8 10.4 10.4 10.2 13.3 13.2 25.9 31.4 35.7 36.2 36.1 34.8 33.9 34.4 35.8 42 46.7 52 50.4 42.2 42 40.8 36.2 31.5 29.7 25.7 18.8 13.9 10.6 10.6 16.9 38.4 31.2 27.5 26.5 28.5 34.7 44.2 48.3 46.9 41.4 34.2 35.7 36.2 37.7 37.9 38.2 39.7 45.5 50.6 52.4 53.6 55.5 54.4 54.3 54.1 56.2 58.8 63.1 64.9 65.1 65.1 67.1 69.3 70.4 71.5 73.2 74.5 75.1 77.3 80.8 77.3 76.9 78.8 80.5
13.5 13.4 14.3 10.1 10.1 9.9 10.2 11.9 11.8 11.9 12 13.4 14.4 15.8 18.2 10.3 10.7 12.9 13.8 23 27.7 29.9 32.2 34.4 36 37.8 40.3 46 52.6 55 58.9 55.7 52.6 48.5 35.5 34.7 34.1 31.9 28 25.1 14.5 12.8 11 15.3 29.7 31.6 27 24.4 27.3 31.3 37.3 43 41.5 40 38.6 41.7 39.5 44.3 45.8 40.2 39.3 45.5 51 52.6 53.8 55 53.9 53.9 56 58.7 61.5 65.3 66.1 65.8 65.9 70.1 70.9 71.7 72.8 74.5 76.7 78.2 80.4 81.9 81.6 81.8 82.1 82.4
13.4 13.5 13.5 10 10 10 10 11.6 11.7 11.9 12.1 14.4 17.8 20 23.6 27.1 13.7 14.5 15.8 19.2 20.2 24 25.6 26.5 35.7 37 41.1 48.9 51.5 49 48.7 53.8 54.3 48.7 30.1 29.8 34.5 32.6 25 15.5 13.8 13.3 13.1 13.9 23.3 22.1 19.8 19.5 23 23.8 35.6 41.3 42.5 42.2 43.2 46 44.3 45.5 45.7 45.9 45.3 45.3 49.5 52.1 53.5 55.1 55.5 56.2 58.4 60.7 63.6 66 66.2 64.9 68.9 71.6 73.1 74.4 75.5 76.8 79.7 82.8 84.2 84.9 86.1 85.9 85.7 84.2
13.2 13.5 13.5 11.8 10 10 10 11.5 11.7 11.9 13.2 15.8 19.6 24.2 27.4 31.6 33.2 26.4 19.4 20.3 19 20.5 23.5 23.5 29.6 31.2 33.1 38.7 41.5 40.9 38.4 39.3 41.8 37.3 28.2 26.3 28 25.3 17.4 15 14 14 13.9 14.1 18.6 17.8 18.2 20.7 25.2 29.3 32.9 39.4 40.6 42.2 44.6 46 46 45.9 45.5 46 45.9 45.5 47.6 51 52.9 55 56.9 58.5 60.8 63.1 65.3 67.4 68.3 70 71.7 73.2 73.6 75.8 78.1 79.3 84.4 86.2 85.9 86.4 88.4 88.3 85.8 83.4
12.9 13.4 13.5 13.5 10 10 11.2 11.6 11.8 12.2 15.3 17.4 21.6 26.5 30.2 32.7 34.6 29.7 27.7 27.2 24.8 22.8 25.1 24 23.9 24.2 25.4 34.7 39.7 40.6 35.6 29.3 24.1 23 21.9 21 21.1 18.4 15.9 15.5 14.2 18.3 22.8 25.9 24.7 20.4 19.9 19.7 20.5 24.6 27.9 38.4 38.4 38.6 43.6 44.5 45.7 46 45.7 44.9 44.4 45 44.2 48 52.5 56.9 58.8 61.4 63.8 66.1 68 69.1 69.4 72.4 74.1 74.1 74 75.7 78.6 82.3 86.2 87.7 87.3 87.1 87.4 87.1 85.8 84.8
12.5 13.2 13.5 13.5 10 10 11.9 11.9 11.9 12 18.1 19.4 23.6 28.6 32.3 34.6 35.4 33.4 33.4 31.7 28.8 28.1 30.5 33.1 32.5 30.5 33 40.6 45.8 40.5 35.1 33.1 24.8 24 23 22.1 20.1 18.9 17.5 15.9 18.2 24.5 25.7 24.1 24 22.6 22.5 20.7 24.3 25.5 24.3 25.4 37.8 38.7 43.5 44.5 44.7 45 45 44 43.2 43.8 43.6 45.2 52.7 59.1 61.2 64.1 68 70.9 70.7 69 72 75.5 74.4 74 75.2 78.3 81.4 85.7 89.1 89.8 88.7 87.5 86.5 85.5 85.4 85.3
12.5 13.3 13.3 13.5 11.5 10 11.9 13.1 12 13 19.7 20.9 24.8 29.1 33.5 36.2 40.4 40.8 40.8 36.7 33.2 31.6 31.8 34.2 36.7 40.4 43.4 42.5 39.5 32.5 29 34.4 32.4 28.5 24.7 26 21.8 20 18.9 19.5 21.8 26.1 32.8 32.1 25.6 26.1 25.4 24 30.4 35.1 32.3 30.7 36.8 42.2 42.9 43.8 44 45.4 45.8 44.9 42.9 43.2 43.7 45.6 54.2 60.3 63.5 65.7 69.1 69.7 70.8 71.7 74.5 76.4 74.8 75.4 77.1 80.9 85.3 89.6 91.3 90.2 89.1 86.5 85.3 85.4 85.2 85.4
12.5 13.1 13.5 13.6 13.2 12.1 13.4 15.2 13.7 15.1 20.8 22.6 25.6 28.8 30.6 37.7 42.4 46.2 48.1 42.9 39.6 37.2 35.3 37.5 41.2 44.5 45.7 44.4 40.3 33 29 29.3 29.6 28.1 26.2 24.5 21.1 19.2 19 23.6 25.3 26.5 28.8 36.7 35.8 34 28.2 24 31.4 37.9 39.8 38.3 41.5 42.9 42.9 42.9 43.7 45.3 47.1 45.7 45 45.1 47.2 50.9 55.9 58.6 65.7 65.8 68.1 69 70.7 74.2 75.7 75.9 76.2 76.8 78.1 81.4 87.1 90.3 91.1 89.9 88.6 85.1 85.6 85.2 85.3 85.7
15.9 13.4 13.8 14 14.2 15.4 16.3 17.7 17.3 18.4 22 24.6 25.8 25.3 32.4 38.2 42.7 49.2 53.2 51.3 49.9 46.1 43 47.9 50.2 51.3 50.9 50.6 42.3 33.4 31.1 34.7 44.4 42.8 28.4 21.1 20.2 19.1 19 24.9 29 36 38.5 42.7 43.8 45.7 33.1 26 27.2 36.9 45.1 40.9 42.7 42.9 42.9 42.9 43.8 45.9 47.6 48.7 46.6 46.3 52.4 56.8 62.9 65.9 64 66.1 68.9 71.2 72.7 74.4 76 76.9 77.3 78.1 78.9 81.6 85.3 87 88.3 87.3 86.1 84 85.6 85.1 85.3 85.4
29.5 32.1 27.2 20.6 18.7 20 19.2 30.5 32.8 24.7 23.3 29 29 34.4 40.1 48.9 51 52.8 54.7 54.6 50.9 47.6 50.9 53.4 55.9 56.3 56.7 57.1 50.5 38.9 33.9 43.9 48.3 32.7 23 20.1 20 19.2 21.1 27.5 35.7 45.1 44.7 46 45.7 39.8 34.8 33.6 29.2 33.7 47.6 43.3 43.2 42.9 42.9 42.9 44.3 46.4 48.2 50.1 51.3 50.9 56.2 60 64.9 69.7 72.1 70 69.7 73.4 75 75.2 76 77.4 78.2 79.1 79.7 82.4 86.1 86.1 84.9 84.8 84 84 85.2 85.8 86.3 87.1
36.4 38.9 38.7 35.5 26.1 24 21.1 36.6 48.4 49.4 50.1 56.5 50.9 44 47.5 47.5 51.3 53.3 54.7 54.2 51.3 49.1 52.6 55.6 58.3 58.9 59.9 59.4 54.4 44.3 38.6 35.1 23.6 23 22.9 23.3 22.6 25.7 26.5 32.1 41.5 49.4 48.4 46.5 42.5 34.2 41.9 40.6 29.8 33.5 48.3 47.5 44.5 43.5 42.9 43.5 45 46.8 48.7 51.3 53.5 55.5 59.9 68.6 75.7 77.4 78.7 75.3 70.9 75.2 76.3 75.6 75.4 77.3 78.8 79.5 80.2 83.5 85.1 84.6 85.6 83.9 84.1 84.9 86.3 87.2 87.8 88.9
37 41.7 45.5 44.4 43.4 36.5 27.1 28 39 56.5 57.6 55.6 51.2 51 48.1 43.5 50 53.5 54.5 54.4 53.4 53.2 55.1 57.4 59.2 60.7 60.8 58.4 54.2 46.2 37.6 29.6 25.2 23.5 22.9 26.1 32.2 39 35.6 34 44.3 50.9 50.2 47.6 41.2 41.6 48.3 45.2 32 36.9 50.7 50.7 51 45.9 43.6 44.2 45.2 47.2 49.7 52.5 55.4 58.3 63.4 69.4 74 79.1 80.6 75.5 73.9 75.1 77.6 77.1 77 78 80 80.8 82.6 83.9 84.2 84 84.5 83.8 84.5 86.5 88 88.7 89.5 91.1
35.8 45 51 49.4 49.4 43 37 32.4 40.6 52.3 56 52.8 51 50.6 51 50.5 51.1 53.7 55.2 54 53.9 54.1 56.3 58.9 60.9 61 59.1 55.9 50.3 40.7 28.9 28.3 25.8 25 25.9 33.2 48.8 50.9 41.3 35.4 46.7 51.1 51 47 40.7 47 53.2 52.8 33.6 51 50.9 50.8 51 50.1 41 45.2 49.2 53.1 54.4 52.5 52.4 56.3 65.4 67.5 70.7 76 77.1 75.8 74.2 77 80 79.8 79.8 80.9 81.9 83.3 83.7 83.9 84 84 84 84.8 88.2 92 92.8 92.9 94.5 96.1
42.8 47.1 50.4 51.8 53.4 52.3 44 39.7 42.7 50.9 56 51.9 50.2 51.2 52.9 52.6 53.5 55.8 55.2 54.1 54.6 54.7 56.1 58.9 59.8 58.8 56.1 53.2 46.6 35.4 28.2 27.6 27.2 26.9 31.8 45 53.2 50.8 41.5 50.7 44.1 51 51 46.7 49.2 55.7 54.6 51.3 34.1 50.4 51.8 50.9 51.1 51 38.1 50.3 51.4 52 51.9 51.8 53.6 55.1 58.3 63.9 68.8 73.3 74.3 74.2 74 78.2 83 82.8 83 84.2 84.3 85.1 84.7 84.8 84.6 84.7 85.1 86.1 89.4 96.2 96.1 95.8 95.7 97.1
51.8 52.6 52.2 53.3 54.9 56 54.5 44.8 52.7 53.1 54.2 54.1 53 53.8 55.1 54.6 54.9 55.2 54.5 54.2 54.4 54 55.7 57.3 57.7 56.4 53.9 49.1 43.1 34 28.4 31 29 31.1 41.5 51.9 53.7 51.6 44.9 49.9 50.5 50.7 51.2 45.5 54.2 55 54.6 53.7 42.8 38.8 46.1 45.7 48.9 51.3 48.5 50.8 52.6 54.1 54.7 54.5 54.5 55 59.5 68 71.6 73.8 73.9 73.9 73.5 74.9 84.5 88.1 87.7 87.1 87.6 87 86.3 86.3 86.4 87 87.4 87 88.8 90.1 95.7 96.4 97.6 99.4
55.3 54.1 53.6 54.4 55.4 55.8 54.6 48.9 55.4 56.2 56.3 55.3 54.5 55.6 55.7 55.7 56.7 57.1 55.9 55.4 55.6 55.6 56.4 57.2 57.5 56 50.6 44.3 40 29 28.4 40.8 43.5 40 52.3 52.6 50.8 50.8 47.4 48.2 50.5 52 52.7 50.5 56.2 56.8 57.1 56.6 56 38.7 43.6 48.5 50.1 49.1 51 52.1 53.9 55.1 56.6 57.4 55.3 54.9 67.9 73 75.2 75.2 73.9 73.8 74 76.4 83.7 90.9 91.2 91 90.8 90.1 88.4 87.9 88.2 89.1 89.6 88.5 88.6 89.4 95.3 98.1 99.5 99
59.1 59 57.6 57.6 57.9 55.3 53.7 54.2 55.5 57.7 58.7 58.6 57.4 57.2 57.2 57.4 58.5 58.8 57.6 57.1 57.4 57.6 58.1 58.4 56.9 54.8 51.6 45.4 34.3 32.4 45.2 54 51.4 45.7 50.6 50.4 47.6 45.7 45.1 47.6 51.3 53.5 54.3 54.4 54.6 56.3 56.9 57.1 56.4 40.6 48.1 55.3 54.7 49.2 48.8 51 54.8 56.2 58.2 59 54.9 55.4 69.3 75.9 75.7 76.4 76.6 76.7 79.4 80.2 86.4 91.5 92.4 93.7 94 93.8 93 91 89.6 91.4 90.8 89 89.4 92.3 96.4 100.5 99.3 99.1
62.5 64.8 64.3 62.7 60.9 59.5 57.7 58.7 60 60.5 61.2 61.2 60.1 59.3 59.4 59.2 59.1 59.2 58.4 58 58.6 58.9 60.1 60.3 57.7 54.6 51.4 41.7 33.9 40.6 53.9 54.5 51 44.8 48.4 49.1 47.2 43.9 46.2 48.9 52.7 54.3 55.6 55.3 54.9 55.4 56.4 56.8 55.1 45.6 47.8 56.8 55.6 49.5 48.8 48.8 52.7 55.4 58.6 60.8 60.3 61.1 69.5 74.8 75.3 76.8 79.4 83.3 86 87.2 87.6 91.5 96 97.5 98.9 97.9 96 95 94 95 94.6 91.6 92.8 95.8 100.4 106 103.7 99
69 69 67.6 66.4 64.4 64.2 61.8 60.4 65.3 65 64.2 63.9 63.6 62.8 62.5 62.4 61.2 60.5 60.3 59.5 59.2 60.5 61.1 61.2 59 54.7 52.4 39.6 35.7 49.2 55.7 55 50.2 46.9 47.7 49.7 49.5 47.8 50.4 52 55.3 55.2 55.6 55.5 55.4 55.5 55.4 54.9 54.2 49.8 44.2 54.5 57.4 51.4 48.9 48.8 48.8 53.3 60 62.7 63.7 63.7 67.4 72 75.8 77.6 79.8 85.6 87.4 88.6 89.7 94.2 101.6 101.5 100.9 99 99.7 99.7 99.2 98.8 95.8 94.3 95.4 97.9 101.6 106.1 102.6 99.2
77.3 74.4 68.9 66.8 65.7 66.3 66.1 63.7 65.2 66.2 65.9 66.7 67.2 67.3 66.4 66.5 65.9 65 63.7 62.2 61.6 61.1 61.9 62 59.9 55.8 47.5 38.3 38.9 54.1 57.5 56.4 54.4 49 49.2 49.5 49.5 50.5 52.8 55.3 56.4 55.9 56.2 55.6 55.6 55.7 55.6 55.3 54.1 51.5 43.3 50 54.8 54.5 50.8 48.6 49 57.3 65.5 66.2 66.9 67.2 67.8 73.4 77.2 78.7 80.7 85.9 87.6 89.4 91.4 94 103.9 105.6 104.8 100.8 101.3 101.6 102 100.6 98.5 96.9 97.1 98 100.7 103.8 102.3 101.6
78.7 74 70.1 68.6 68.9 68.6 69.2 67.6 66.7 67.8 69.2 69.8 70.2 71.5 71.1 69.1 67.4 66.1 65.1 63.9 64.4 63.5 63.3 62.8 59.7 55.6 44 38.6 49.3 57.7 59.2 57.4 55.8 53.3 49.7 50.2 49.3 49.8 53.8 55 56.6 56.9 56.5 55.8 55.6 56 55.8 55.6 54.5 53 43.2 49.2 53.6 53.9 55.8 50 53.5 58.9 68 71.1 70.4 70.5 68.8 73.3 76.6 78.1 81.6 85.8 87.9 89.3 93.5 96.9 102.3 105.6 104.2 104.4 102.3 103 103.2 101.7 99.7 99.4 99 99.5 100.4 103.9 105.7 104.6
80.5 79.2 78.4 76.4 74.6 74 74.1 72.7 70.3 69.3 70.4 71.9 72.6 71.5 71.1 69.1 68.8 67.1 66.4 66.1 66 65.8 64.2 62.8 59.4 53.9 39.8 44.6 55.2 59.3 60.1 59 56.9 55.3 55.4 55.7 55.8 52.3 55.1 55.2 56.7 57.6 56.7 56 55.6 56 56.4 56.8 56 51.4 46.9 55.4 56.1 55.2 57.7 56.4 54.1 60.5 68.5 71.3 71.1 70.1 70.7 69.3 75 76 81.3 86.2 88.4 91.2 94.8 99.9 101.1 104.1 104.2 103.6 103.9 105.4 107 104.9 102.3 101.6 102.1 103.2 103.2 106 108.2 109.2
91.2 90.1 88.9 87.8 86.8 83.7 81 77.2 74.3 72.5 72.1 73.5 74 73.9 72.7 70.7 71 69.8 69.4 68.9 67.1 64.4 63.6 61.4 58.8 53.5 38.9 46 59.1 60.6 60.1 59.9 58.4 56.6 56.2 55.7 55.2 55.1 56.8 56.6 56.5 57.5 57 56.9 56.5 56.2 56.4 56.9 56.6 53.1 51.2 56.6 58.3 59 60 61.5 58.2 58.4 63.4 64 66.6 71 72.6 75.8 74.5 76.6 80.5 86.1 85.8 88.3 94.7 99 101.1 102.9 103.3 105.2 109.7 109.6 111.4 109.3 105.8 105.9 106.1 106.8 108.9 112.2 114.2 114.1
95.8 94.8 95.3 95.9 94.6 91 87.4 82.4 78.5 75.5 74.1 77 77.7 78 78.3 77.3 76 73 71.2 71 68.5 65.2 63.3 60.5 58.5 53.3 42.1 38.9 53.9 60.7 60.1 59.8 59.1 57.5 56.3 55.9 55.9 57.1 58.7 58.6 57.4 57.4 58.6 58.8 58 57.2 57.4 57.5 57.2 53.3 51.5 57.5 59.8 61 61.9 63.7 65.5 61.3 62.4 71.1 64 67.4 69.3 77.7 81.3 82.5 86.1 84.3 84.4 85.7 94.5 101 100.6 101.9 103.2 107.8 117.7 113.8 114.4 114.8 113.4 113.9 112.6 112.7 113.8 117.5 120.3 117.9
98.6 94 94 94.7 94.1 91.7 89.6 84.1 80.3 78.9 80.3 81.1 80.9 80.8 80.7 80.5 76 74.4 71.3 70 69.6 67.2 63.8 60.2 59.2 58.4 54.2 42.5 47.8 59.5 60.7 59.8 59.6 57.7 56.3 56.3 57 58.4 58.5 58.6 58.7 59.1 60.9 61.1 60.6 59.6 59.4 59.4 58.9 56.3 53.8 59.1 61.4 62.5 63.8 65.3 67 65.2 65 68.3 73 79.4 74.6 82.5 87.4 87.6 89.9 89.4 88.2 87.6 88.4 91.6 95.6 98.8 101.2 106 110.2 115.6 120.9 120.2 120.3 119 117.2 116.3 115.7 115.7 116.1 115
101.9 97.9 99 97.7 96.3 96.3 92.5 86.5 81.5 80 81 79.4 79 77.9 75.8 74.7 74.6 72.9 70.8 71.1 71.1 68.9 66.2 62.2 60.3 61 58.5 52.9 42.9 52.6 60.2 59 59.4 57.8 56.8 57 58.3 58.5 58.5 58.6 59.3 62.1 64.8 64.4 63.3 62.4 62.1 62.3 62.4 60.9 56.5 60.2 62.4 63 64 67.2 70.1 72.2 71.6 73.8 76.1 77.4 81.5 89.3 92.5 101.3 103.8 100 99.5 96 92.8 93.8 93.8 94.3 99 101.7 107.3 113 117.5 121.2 125.5 125.2 121 118.4 117.5 115.5 113.9 113.9
107.9 106.9 106.8 105.1 103.4 103.3 100.6 93 86.9 84.7 83 79.8 80 79.8 78.1 77.3 73.3 69.2 68.9 69.6 69.3 66.2 64.2 61 60.9 60.3 61.5 54.4 48.4 54.3 58.1 59.6 59.2 58.7 57.8 57.9 58.8 58.8 58.9 59.2 62.8 65.5 68 67.9 67.3 66.4 65.6 65.5 66.1 63.5 59.5 61 64.1 64.9 66.4 69.8 71.9 76.1 76.6 82.4 84.7 86.1 90.7 97 103.9 108.5 106.8 108.5 106.8 102.3 98 98.5 97.9 97.9 100.8 99.5 103.8 110.5 114.9 118.4 122.6 129 125.7 119.7 119.6 118 118.7 122.2
112.9 113.6 112.4 111.6 111 107.8 105.9 100.7 93.3 90.7 88.9 88.9 89 88.9 86.7 83.2 78.3 71.4 68.2 66.9 65.7 64 60.5 59.1 59.3 59.6 61.2 50 48.9 59.1 60.9 59.7 59 59 58.7 58.9 59 59 61.1 63.2 67.1 70.5 72.6 71.4 70.9 71.1 67.8 65.8 66 65.7 63.1 64.5 65.3 67.1 68.7 71.4 73 75.4 80.4 85.1 89.2 93 97 107.8 112.7 110.5 120.3 118.9 114.6 111.3 107.2 104.2 103.3 101.2 103.7 100.1 100.8 107.5 113.4 117 120.1 124.4 125.2 122.7 122.9 125.7 130.6 129
118.2 117.9 116.2 114.2 109.7 107 106 103.5 98.9 95.8 95.2 93.2 90 90.7 88.6 85.7 82.4 76.2 71.6 67.5 64.1 64 63 59.6 58.7 55.3 56.3 48 51.5 60.8 61 58.9 58.9 59.1 61.4 61.1 60.8 63.5 66.4 68.8 73.8 76.6 77.4 75.4 74.5 72.2 69.8 68.8 68.5 66.8 64.3 68.6 69.1 68.7 70.9 73.5 75 79.6 84.7 89.7 94.3 99.3 106 112.7 115.3 122.5 123 131 124.3 121.3 119.2 117.3 114.8 112.9 114 110.3 104.3 103.9 111.3 118.5 123.8 125.6 125.6 129.2 130.9 132.1 132.5 130
128.7 125.7 121.8 120.1 115 112.9 105.8 99.9 97.6 95.2 95.3 93.2 90.9 90.5 86.3 84 83.5 79.3 75.2 69.1 67.5 67.4 66 65 61.4 58.6 53.9 49.5 55 60.9 60.4 62.3 61.1 61.8 64.9 64.4 65.9 71.6 73.2 73.9 76.6 80.5 80.4 78.2 76.4 75.4 75 73.9 72.3 70.3 67.4 64.2 69 72.6 76.7 77.4 78.3 84 88.1 94.5 100.5 108.4 118.1 124.2 129.9 128.6 135.2 136.4 129.5 131.6 135.1 134 131.7 127.7 132 128.5 118.9 110.2 111.4 117.2 127.6 128.7 130.6 137.8 137.4 135.7 134.8 133.9
134.2 132.9 131.1 127.5 122.8 118.7 116.8 110.7 103 95.9 92.4 88.6 89.1 89 85.9 86.1 85 81.6 75.9 71.3 70.4 70 68.3 69.7 66.8 62.6 58.1 54.7 55.7 60 63.8 64.9 65.4 65.8 67.9 70.2 74.2 76.9 80.3 79.8 78.9 79.2 79.4 79.9 79.9 80.4 80.2 78.6 76.1 75.1 73.8 72.1 68.8 71.7 80.5 81 81.9 86 92.8 98.2 107.3 113.7 125.4 130.6 131.9 137.4 142.4 142 140.3 141.3 143.9 138.8 134.4 133.8 134 132.3 126.4 120.1 124.6 119.4 122.1 130.4 132.7 139.4 140.6 138.9 136.8 135.9
137.9 137.9 136 133.3 132 126.7 123.2 116.8 111.1 106.2 101.7 94.4 89.2 86.2 86.1 86.1 86 82.9 77.6 73.4 72.2 71.9 71.3 74.6 72.2 68.4 64.9 54.2 53.9 65.4 67.5 67.9 68.3 68.9 71.8 76.1 81 84 85.4 84.8 82.5 79.9 82.4 83.3 83.8 84.7 84.5 82.4 79.8 78.3 78.4 77.4 74.5 70.2 78.6 83.1 86.8 92.2 99 107.2 111.1 123.7 130.9 134.2 136.9 145.7 146.4 146.4 147 145.9 144.6 139.8 137.5 137.2 137.4 135.9 130.5 126.3 128.3 124.6 125.9 130.6 133.6 136.5 141.1 141.1 139.3 137.5
140.8 139.7 138 135.7 133 129.6 125 119.6 113.1 108 102.9 97.7 91.8 85.8 82.9 82.8 81.4 80.6 77.3 75.7 75.1 74.2 73.2 72.5 69.8 68.6 67.2 57.3 56.6 64.7 70.1 70.9 71.5 72.9 77.6 81.2 84.5 88.8 89.6 88.6 87.9 86.9 87 88.2 88.2 87.5 86.9 85.1 82.5 81.8 82 81.3 75.7 75.6 82.4 87 94 95.8 107.4 116 124.8 128.3 135.5 141.2 145.7 149 151.2 150.6 150.2 149.2 150.1 145.6 144.2 142.1 141.7 138.2 133.8 129.9 131.4 129.5 130.4 133.8 135 134.1 139.2 141.1 140.1 138.3
141.6 140.9 138.7 135.9 132.5 128.9 124.9 118 111.7 105.6 101.1 96.9 92.2 87.7 81.5 79 79 79 80.6 80.6 77.8 75.3 74.3 72.2 69.9 69.4 68.7 66.4 53.7 61.7 75.5 75.8 76.4 75 79.3 85.5 86.1 90.8 91 91.1 90.9 91.1 89.9 90.5 91 90.2 88.6 86.9 85.9 85.1 83.3 80.6 79.5 81.6 86.2 92.8 98.7 106.4 114.1 123.6 132.8 138.2 142.6 146 150 153.3 156.6 154.3 153.4 152 151.7 150.1 146.8 145.6 145.7 142.7 138.2 135.1 133.6 132.1 132.9 133.9 136 133.9 134 135.7 137.6 138.9
143.8 141.5 139.2 136.6 133.2 129 124.2 117 110.7 104.7 99.8 96.2 91.6 87.9 84.6 81.4 81.4 81.9 82.7 82.5 80.4 78 75.3 75.6 75.5 74.9 74.7 71.8 57.7 57.8 77.9 81.5 81.2 81.6 80.9 80.8 84.8 87.1 90.7 91.1 91 91.4 91.5 90.5 90.5 91.1 89.9 87.7 86.6 85.6 82.3 80 80.2 85.5 90 98.4 105.7 112.4 121.8 131.4 139.8 144.9 147.8 149.5 152.6 156.9 158.9 157.6 156.8 156.7 156.9 157.8 156.9 152.6 149.4 149.2 141.9 136.9 135.3 135.2 136.8 137.3 136.1 134.3 136.8 135.6 136.2 139.9
144.6 142.7 140.3 137.1 133 128.8 123.5 117 110.3 104.7 99.6 95 92.2 90 86.8 85.4 85.4 85.2 85.2 83.8 81.7 80 77.1 76.3 76.5 74.5 76.4 75.4 61.3 66 78.4 87 85.6 85.9 87.3 88.9 90.8 90.3 89.8 89.7 91.1 90.2 91 90.4 90.1 90.9 89.8 86.9 85.6 84.6 82.3 81.8 85.8 89.4 96 103.6 114.1 122.1 128.2 137.1 145.1 149.5 152.9 154.8 156.7 159.8 161.2 161 160.2 162.2 163.6 164.7 161.6 158.3 156.1 155.6 148.8 140.1 138.1 137.3 138.4 139.3 139.4 141.9 142.8 139.4 138.9 140.2
145.5 143.2 140.7 136.2 132 126.2 121.8 115.6 109.5 104.7 98.6 93.9 92 90.8 88.2 86.6 86.5 86.9 83.9 77.3 68.8 66.8 69.8 63.7 63.6 61.9 60.2 61.7 61.8 76.4 83.2 88.2 88.2 88 89 90.6 90.6 90.8 90.1 89 89 89.5 89.8 90.6 89.2 89 89 86.2 84.3 85.1 85.8 86.5 89.6 94.9 101.3 109.9 117.7 126.4 132.8 143 150 155 158.7 161.3 162.6 163.9 163.8 164.6 166.5 167 167.9 166.7 164.1 161 158.9 156.4 155.4 148.4 144 140.3 139.1 139.9 140.8 145.8 146 142.3 139.5 139
146.2 142.9 139.4 134.8 128.9 123 119.5 114.1 108.1 103.8 99.5 95.2 93 90.7 88.7 87.5 86.4 84.6 69 68.2 67.9 68.9 66 70.7 75.3 75.5 69.8 70.1 77.8 81.2 85.8 91 89.7 90.3 89.6 91.1 91.1 90.9 90.8 90 89.6 90.3 88.5 88.6 89.4 89.1 88.9 87.8 87.4 87.9 90 94 97.4 101.9 107.6 116 123.2 131.6 140.1 148.2 155.5 160.2 164.3 166.3 167.7 168.6 169 170 171.3 172.5 172.1 169.3 167.2 165.3 161.7 159.7 157 152.7 148.5 144 141.9 142.4 144.7 145.8 145.6 143.5 139.5 137.3
144.7 141.1 136.7 132.1 124.9 120.8 117.3 112.2 107 102.5 98 94.7 92.6 90.1 86.6 85.2 75.4 69.5 72 78.3 80 80.2 80.5 79.1 80.8 80.2 81.4 81.7 85 88.1 91.2 93.4 94.1 93.9 92.7 92.9 92.9 92.5 92.1 91.6 91.3 91.1 88.7 88.5 88.7 89.3 89 90.1 90.6 92.1 94 99.2 102.6 107.6 116.3 122.9 129.2 137.9 147 153.7 159.4 165.4 168.7 169.9 172.9 174.9 176.1 177.8 177.4 177.9 176.1 173.7 171.7 168.8 165.3 161.6 157.3 154 150.1 146.4 144.5 145.3 148.6 148.7 146.1 143.4 139.5 137.4
