data/410000-540014.705.asc
ncols 200
nrows 200
xllcorner 410000
yllcorner 540014.705
cellsize 50
[rows 35 to 69 of 200, columns 78 to 155 of 200]
145 143.2 141.4 139.9 147.3 141.5 135.6 134.4 133.7 132.3 130.8 129.5 128.7 127.8 126.9 126.3 126.2 125.9 125.7 125.5 124.9 124.9 124.2 123.9 124.6 123.6 123.3 123.1 123 122.9 122.3 122.7 122.2 121.4 120.5 119.8 120.3 119.9 118.9 118.9 118.9 118.9 118.9 118.9 118.9 120.1 119.3 118.9 119.4 119.7 119 119.3 122.1 127.2 129.4 134.2 139.7 146.7 154.7 162.8 170.2 177.4 189.7 202.7 206.5 207.6 209.5 211 209.9 208.6 208.1 208 208.2 210.4 212.2 213.8 216.7 218.6
137.6 136.8 136 135.9 134.7 143.6 136.6 130.3 130.5 129.4 128.7 128.8 128.3 127.5 126.9 127 126.3 126.3 126.4 126.1 125.1 124.5 124.3 124.2 125.4 125.8 123.9 123.7 123.9 124.1 125.2 127 125.7 124.2 122.4 122.2 122.8 123.2 122.9 122.3 121.8 120.5 119.8 119.7 120.3 120 120 118.6 118.9 118.6 118.3 119 122.3 125.9 129.2 133.5 140.2 149 157.1 164.7 172 179.4 187.9 202.3 209.1 208.9 209.8 209.2 208.2 205.9 204.4 204.3 204.2 206.3 209 211.5 213 215
134.7 133.4 133.6 132.8 132 130.7 142.3 134.6 130 129.2 129.6 129.8 129.9 128.8 127.6 127.5 126.9 126.2 126.1 124.3 126.9 128 128.7 128.4 128.3 128.3 128.5 128.6 128.9 132.2 131.5 133.2 131.9 130.6 130.5 130.7 129.6 128.1 127.5 126.8 125 123 121.7 121.4 121.6 121.3 120.9 119.7 118.2 117.9 116.8 118.1 120.2 124.5 127.7 130.9 139.2 149.4 158.9 166.5 173.9 181.2 188.7 198.6 209.9 209.8 209.4 206.5 205.2 203.8 201.7 200.5 201.1 203.2 205.6 208.4 211.1 213.7
132.1 132.9 133.3 132.7 131.8 131.7 131.6 141.7 135.2 131.6 132.8 132.3 132.8 132.9 131.9 130.7 129.7 129 131.9 133.7 136 135.1 136.2 135.9 135.5 136 136.3 136.5 137 138.9 140.2 139.3 137.8 136.4 135.5 134.4 133.4 132.4 131.7 130.9 128.8 126.1 123.7 123.1 122.9 122.3 120.9 119.8 117.1 115.1 116 117.3 119 122.2 125.5 128.7 137.3 147.1 157 166.2 174 181.1 187.2 196.7 208.7 210.4 207 204.2 201.8 201.1 199.4 197.3 200.5 200.8 204.5 207.4 210.1 212.7
133.2 132.9 132.9 132.4 132.7 133.7 134.8 133.7 141.3 138.6 136.6 137.7 138.2 138 138.1 138.1 138.4 141.2 144.1 144.5 144.6 143.3 144.7 142.2 142.3 143 143.2 144.5 145.3 146.4 146 145.3 143.6 141.9 139.9 138.1 137.2 136.6 135.7 134.3 132.7 129.9 127 124.4 123.2 122 120.3 120.7 116.9 113.8 114.9 116.1 117.2 118.7 121.9 125.6 132.4 142.1 151.3 161.9 171.4 178.1 184.8 194.5 207 209 205.5 202.8 200.4 198.8 197.3 194.6 196.5 198.8 202.4 206.4 209 212
136.1 136.6 136.8 138.5 140.4 140.9 141.9 141.2 142.1 143.5 145.1 146.1 144.9 144.6 144.9 145.1 144.9 146.1 152.7 153.9 153.7 152.9 150.7 148.5 149 149.2 149.1 150.4 151.6 151.1 150.3 149.4 147.8 146.2 143.9 142 140.7 140 138.7 137.1 135.7 133.5 130.5 129 125.8 123.7 121.2 118.8 116.8 113.9 113.8 114.9 115.9 117 118.5 122.9 129.3 137.1 146.3 155.5 166 172.7 179.3 190.1 203.4 206.8 205.9 203.1 200.2 198.4 197.1 195 195.6 200.3 202.8 205.3 207.9 211.2
143.1 144.6 147.7 148.7 149.1 149.4 150.2 150.2 151.3 150.9 150.9 151.3 150.7 152.1 153.4 154.7 155.4 157.5 159 159.8 159.4 158.6 156.8 155 155.2 155 155 156.2 156.6 155.5 154.4 153.4 152 150.4 148 145.9 144.6 143.4 141.5 139.5 138 136 133.9 131.6 129.4 126.5 122.7 119.5 118.1 115.3 113.8 113.8 114.9 116.1 117.9 122 127.1 133.4 141.4 149.1 158.9 167.9 174.4 182.5 196.6 205 204.7 202.7 200 197.9 196.7 192.5 193.9 197 200.6 204.2 207.2 210.5
150.6 153.8 155.7 157.1 157.5 158.5 158.6 159.2 158.8 158.4 158.2 158.6 158.7 159.3 160.5 161.5 162.3 164.1 166 165.8 165 162.6 161.5 162.6 162.1 161.3 160.7 161.1 161 159.9 159.2 157 155.5 153.9 151.4 149 147.4 145.2 143.5 141.9 140.3 137.9 135.7 133.6 131.5 128.2 124 120.7 120 117.1 114.6 113.8 114.5 116.3 118.1 121.3 124.7 130.5 137 143.5 151.7 161.1 169.6 176.5 186.3 198.2 203.1 201.1 199.1 196.9 194 189.5 191.7 193.8 197.4 201 205.9 209.8
159.5 162 164.2 165.2 166.5 167.3 167.1 166.7 166.4 166 165.6 165.9 166.3 166.4 167.6 168.3 169 171.1 172.3 172.1 172.2 171.8 171.2 172.1 171.2 169.7 169.9 168.1 166 165.3 163.7 160.3 158.7 156.7 154.3 151.9 148.9 146.7 144.9 143.3 141.6 139.6 137.1 134.6 132 130.6 126.5 123.5 121.4 119 115.6 115.3 113.8 115.3 116.8 119.9 123 126.7 131.6 136.5 144.1 153.6 163.3 170.9 178.4 190.5 200.6 201.5 199.4 196.2 193 189.1 190.4 190.6 195.4 200 204.9 208.4
167.3 169.7 171.4 172.8 173.5 174 174.3 173.8 174 173.6 173.3 173.4 173.5 173.8 174.7 175.1 175.7 177.7 178.4 179.4 179.4 179 178.9 179.2 178.6 176.6 176.2 174.8 171.6 170.7 167.1 163.6 161.5 159 156.6 153.7 150 148.2 146.5 144.7 142.7 140.7 137.8 135 132.4 130.9 129.3 125.6 120.5 118.5 115.8 114.2 113.8 113.8 115.3 118.3 121.1 124 128.7 132.5 137.2 144.2 155 164.4 172.3 181.5 192.4 198.6 198.1 195.5 192.6 187 183.1 186.1 193.8 198.1 203.6 208.8
174.8 176.9 178.1 179.2 180 180.6 181 180.9 181.2 181.3 181 181.1 181.2 181.2 181.6 181.8 182.6 183.9 185.3 186.3 185.6 184.9 184.7 183.7 179.3 180.6 180.5 177.9 176.3 173.8 170.5 166.9 163.8 161.3 158.7 155 151.7 149.1 147.4 145.3 143 141.5 139.4 136 132.8 131.2 130.6 127.1 122.9 118.9 116.4 114.9 114.8 114.5 114.1 116.9 119.7 122.4 125.5 129.5 134.2 139.3 148.4 158 166.9 176.3 185.9 193.4 194.9 192.8 189.9 186.5 179.8 183.5 190.1 199 204.7 209.7
179.8 181.9 184.1 185.3 186.5 187.2 187.7 188.1 188.3 188.5 188.7 188.1 187.4 186.7 187.2 188 187.9 187.5 187.3 187.1 186.8 186.5 185.5 184.7 181.4 181.1 180.8 178.7 176.6 174 171.1 168.2 164.6 161.7 158.7 155.8 153.3 150.5 148.2 145.6 143.4 142.2 140.9 137.6 134.4 130.7 129.6 127.2 124.2 120.1 117 115.7 115.7 113.8 113.8 116.3 118.5 120 122.8 126.6 131.1 135.4 143 152.2 161.7 171.2 180.8 189.4 190.3 189.3 187 183.8 177.8 181.1 188.8 196.2 203.6 207.8
183.7 185.9 188.1 190.4 191.9 192.9 193.9 193.6 193.7 193.5 193.2 192 191.2 190.5 191.2 189.6 189 188.2 187.3 186.5 185.6 185.3 183.6 181.9 180.3 179.8 179.1 176.9 174.7 173.2 171.2 167.3 163.5 160.6 159.2 155.9 153.2 151.2 149.1 145.9 144.2 142.8 140.9 138.1 135.3 132 129.1 126.3 122.5 121.2 119.8 118 115.8 113.8 113.8 113.8 115 117.8 120.7 123.9 128.3 133 139.3 149 158.8 166.8 174.8 182 185.2 184.3 183.7 180.8 170.3 176.4 183.7 192.8 201.6 205.7
187.7 190 192.9 195.7 196.7 197.7 198.1 197.9 197.4 196.8 196.2 194.4 193.6 192.6 191.4 189.8 188 186.4 185.6 184.7 183.9 181.1 179.8 178.6 177.5 177.2 176.8 175.2 173 171 168.7 166.2 163.6 160.7 159.3 154.2 153 151.9 150.1 145.3 142.9 140.9 139.2 136 136.2 133 129.3 124.3 119.9 120.1 118.7 117.3 115.6 114.2 113.6 113.6 114.1 116.6 119.5 123.2 126.4 131.3 136.5 145.2 156.1 162.2 169.1 173.6 176.8 178.4 178.2 173.3 168.3 174.3 180.2 187.3 197.5 203.9
192.8 195.4 198.2 200.9 201.2 201.1 201.1 200.1 199.5 199 197.3 195.6 194.8 193.2 191.5 190 188.2 186.5 184.7 183 182.2 179.6 177 175.8 174.9 174.6 173.4 171.9 169.8 168 166.2 163.9 161.5 159.2 156.9 153.8 152.6 150.9 148.8 147.3 144 140.7 138.4 136.2 133.4 131 127.9 123.6 119.9 119 117.7 116.3 114.9 114.7 113.8 113.4 113.9 115.3 118.8 122.1 124.4 129.5 134.5 143.4 154 161.1 164.2 166.4 169.7 172.8 172.2 169.6 163.6 169.9 177.6 184.9 193.6 201.6
199.1 201.6 203.5 204.3 204.2 204.1 203.8 202.5 201.7 200.3 198.4 197 195.4 193.7 192.1 190.2 187.8 186.1 184.4 182.6 180.9 177.8 174.6 173 172.3 171.1 168.8 168.1 166.1 164.6 163 161.5 159.2 156.9 154.5 152.2 150.1 148 145.8 145.1 143.5 140.3 138.3 135.3 132.3 129.4 126.7 122.2 119.5 118.6 117.5 116.4 115.4 114.5 114 113.5 113.7 114.6 117.3 120.4 122.7 127.7 133.7 141.3 151.7 158 162.9 165.2 166.6 168 167.2 165.3 159 169.6 174.1 181.8 190.3 199.2
199.9 204 206.2 206.6 207.2 207.7 206.4 205 203.3 201.4 199.4 197.7 196 194.4 192.8 190.7 188 185.4 183.3 181.6 179.4 176.1 172.8 170.2 168.9 166.4 164.6 164.1 162.6 160.9 159.3 157.7 155.9 153.8 151.3 148.4 146.3 144.3 142.3 142.5 140.9 140.4 138.1 134.9 131 127.8 125.2 122.9 120.9 119.5 119.1 116.2 114.6 114.8 114.5 113.6 113.1 113.8 114.7 117.9 124.7 127.9 134.4 141.8 150.5 156.7 159.6 161.2 162.8 164.2 163.5 161.7 157.8 164.4 171 177.6 185.2 196.3
200.5 203.5 206.8 209.5 210.5 210.7 208.9 207.1 204.3 202.3 200.4 198.7 196.9 195.1 193.5 191.1 188.4 185.8 183.2 180.5 177.7 174.3 170.9 167.5 164.2 161.6 160.3 159 159 157.2 155.4 154 151.9 150.3 148.2 144.6 142.8 141 139.4 139.3 139.1 135.6 134.3 134 131.2 130.2 128.1 125.7 123.2 121.5 120.8 119.6 115.8 115.4 114.4 112.8 112.8 113.6 115 116.8 123.3 128 133.8 140 147.2 154.2 157.2 157.6 159 160.2 160.5 158.1 157.9 165.3 169.9 173.4 179.2 189.6
199.5 203.3 206.6 211 211 211 211 208.1 205.4 203.2 201.4 199.5 197.6 195.6 193.6 190.9 188.1 185.3 182.6 179.9 175.9 172 168.3 164.9 161.3 158.8 157.4 154 154.1 154.1 150.9 150.2 148.9 146.6 143.9 144.5 144 142.2 141.4 142.4 144 144.6 144.5 143.1 141.5 137.7 134.7 129.4 126.2 123.1 122.4 119.9 117.1 115.3 113.9 112 112.4 113.3 114.7 116.2 122 126.9 132.5 138.8 145.1 151.7 154.4 156.2 155.6 156.2 156.7 147 158.1 163 168 171.8 177.4 183.7
198 202.4 206.5 211 211 211 211.3 209.4 206.4 203.9 201.5 199.4 197.3 195.2 193.2 190.6 187.7 184.9 182.1 179.9 176.5 172.1 169.4 165.2 162.4 161.6 159.9 158.4 157.1 155.7 154.1 153.7 153 152.7 150.1 148.2 146.9 145.9 148 148 149.2 149.6 149.9 148 146.3 144.5 141.8 136.1 128.8 125.3 123.3 121.4 118.7 116.2 113.1 111.1 111.1 111.6 114.1 115.9 120.6 125.7 131.4 137.5 143.3 148.2 151.1 153.6 153.4 153.1 153.3 144.2 155.6 159.1 163.8 168.9 173 179.7
199.4 203.7 206.4 210.1 211.3 211.4 211.8 209.8 207.1 205 202.4 199.7 197.6 195.5 193.6 190.7 187.7 184.9 182.9 181.4 178.4 175.4 173.3 169.1 167.1 167.1 166 164.6 163 161.3 159.5 159.5 159 157.5 156 153.2 151.3 151.1 154 153.4 152.5 152.6 153.2 152.5 150.7 148.2 145 139.8 133.2 130.1 126.2 123.2 120.8 117.6 113.5 110.1 110.5 111.6 113.5 115.4 118.7 122.9 128.2 134.9 140.5 144.6 147.4 149.3 150.3 149.3 147.7 143 152.8 157.1 162.2 167.4 170.9 174.4
201.1 204.4 207.6 209.4 212 214 213.2 211 208.6 205.9 203.7 200.8 198 195.9 194.1 191.3 188.2 185.3 184.4 182.7 180.5 177.8 175.7 173.2 172.2 172.1 171.8 170.1 168.3 166.5 165.4 165.4 165 163.5 162.1 159.8 157.2 158.1 158.3 159.3 157.8 156.4 156.7 156.7 153.6 150.8 145.5 142.5 140 134.5 129.4 125.4 122.3 118.8 115.6 109.6 110.5 111.6 113.6 114.1 115.7 119.5 124.6 131.4 137 140.9 143.4 144 144.9 144.4 139.6 146.9 151.3 156.8 162.1 165.9 168.3 171.8
203.2 205.2 208.3 210.8 213.2 216.1 215.3 213.1 210.5 207.7 204.8 202.2 199.3 196.6 194.7 191.8 189.8 187.9 186.8 184.9 183.2 181.3 177.4 176.1 176.2 176.3 176.2 175.1 173.5 171.7 171.3 171.2 170.6 169 167.5 166.8 165.9 165.6 165.6 165.4 163.1 161.5 160.6 159.6 156.1 152.4 149 146 141.8 137 132.7 128.4 123.4 120 116.9 112.4 110.4 111.7 111.6 112.4 113.3 116.1 120.1 126.4 132.4 137.7 138.6 138.7 140.2 140.6 137.1 144.4 151.3 157.8 162.1 164.1 166.4 169.1
206.5 208.4 210.4 212.5 215.1 217.4 218.3 216.3 213.7 210.9 208 205.5 202.6 199.6 196.5 194 192.4 190.3 189.2 187.5 185.7 184 179.6 179.4 179.2 179 178.8 178.9 178.2 177.1 176.5 175.6 174.8 173.2 172.7 172.4 172.2 171.8 172.2 172.2 170.8 168.3 165.6 161.1 157.7 154.7 150.7 146.4 142.9 138.6 135.7 131.2 126.2 121.2 118.3 115 110.5 109.3 110.5 111.7 112.3 113.4 116.6 121.2 126.9 132.1 134.1 133.8 133 130.5 134.8 144.5 151.2 156.2 159.5 161.9 164.3 165.6
209.7 212.6 214.7 216.8 219.3 221.5 222.4 220.4 218.7 216.5 213.2 210.6 207.8 204.8 200.5 196.2 194.3 193.1 190.9 189.5 188.2 186.4 182.7 182.6 182.1 181.7 181.5 181.6 181.3 180.4 179.9 179.4 178.9 178.4 177.8 177.3 176.8 176.3 176.9 177.1 175.3 173.3 170.6 166 161 157.7 153.8 149 144.2 139.9 136.5 132.3 127.8 123.2 119.4 115.8 109.3 111.1 109.9 110.9 110 111.1 113.1 116.1 121.5 126.6 127.8 129.6 129.9 130.9 138.5 143.2 148.2 153.2 156.9 159.7 162 162.5
212.7 216.6 219.1 221.2 223.4 225.6 226.5 227 226.8 224.7 221.5 217 213.1 208.8 204.4 199.9 196.8 195.3 193 191.1 190.1 189 185.9 185.7 185.5 185 184.5 184 183.7 183.3 182.7 182.4 182.1 180.8 180.3 179.7 179.3 178.9 180.3 180.5 180.1 177.8 174.3 170.4 165.1 160.1 155.7 150.9 145.6 140.8 137 132.8 128.4 124.3 120.3 116.3 112.6 110.8 109.2 111.1 110.4 109 110.5 113.8 118.3 123.4 124.5 125.8 123.5 132.6 137 141.7 145.4 149 152.1 156 159 159.6
215.6 219 222 224.4 227.9 231.2 233.6 234.5 234.5 233 229.4 224.8 218 212.2 207.8 203.3 200.3 197.8 195.1 193.9 193.1 192.2 189.5 189.1 188.7 188.5 187.9 187.4 186.7 185.8 185.1 184.5 184 183.6 182.7 182.2 181.9 181.6 182.9 183.3 182 180.9 176.8 173.1 168.5 163.6 157.7 151.8 146.4 141.5 137.1 132.7 128.4 124.2 120.3 116.6 114.4 111.5 110.1 110.8 111.1 109 108.8 111.6 116.1 121.6 121.3 119.2 125.3 129.9 133.2 137 140.6 144.1 146.8 149.9 152.8 154.9
219.5 222.4 224.8 227.2 232.2 237.5 240.3 241.9 242.2 240.2 236.3 230.8 224.6 218 211.2 206.8 203.7 200.1 198 196.7 195.7 194.6 191.4 191.2 191.1 190.9 190.3 189.6 188.6 187.7 186.8 186.2 185.8 185.4 184.9 184.2 184.2 183.4 184.6 183.4 182.1 181.4 179 174.8 170.3 164.7 159.1 153.3 147 141.4 137 132.7 128.4 124.5 120.7 117.4 115.3 112.2 109.3 109.2 109.9 109.4 108 108.2 112.5 117.6 115.4 119.4 123.6 124.9 127.7 132.5 135.9 139.3 141.4 142.8 144.9 146.4
224.4 226 228.2 231.2 236.8 242.5 247.8 249.7 250 247.1 242.3 236.9 230.6 224 217.5 211 206.1 202.4 200.8 199.5 198.1 196.8 192.8 192.5 192.4 191.8 191.2 190.6 190.2 189.6 188.7 188 187.6 187.2 186.2 185.2 185.9 184.8 184.7 183.3 181.8 181.2 178.5 175.7 171.2 166 160.4 154.8 148.8 142.8 137.1 132.5 128.3 125.1 121.6 119.2 115.7 113.9 110.6 109.3 109 109.5 106.9 106 109.4 112.7 114.2 116.8 119.9 121.3 122.7 126.5 129.8 133 134.5 136 137.5 136.8
229.3 230.7 232 236.3 243.1 249.9 254.1 256.8 257 253.7 249 242.7 236.5 229.9 223.3 216.6 209.4 205.4 202.9 201.4 200 197.3 195 193.9 193.5 192.6 192 191.5 190.9 190.4 190 189.4 189.4 188.8 187.4 186.1 186.1 185.8 184 182.3 181.5 178.8 176.8 174.9 171.6 166.8 161.6 156.2 149.8 142.8 137.1 132.4 128.9 125.7 122.6 120.9 119.2 117.3 114.4 109.6 109.1 109.8 106.8 103.9 107.2 109.9 111.2 114.1 116.2 118.3 120.2 121.7 124 126.4 127.8 129.3 130.4 129.8
233.4 234.3 238 244 250.1 256 258.7 260.8 260.8 258.5 253.8 247 239.9 234.8 228.8 222.1 213.8 208.6 206 203.5 202 200 198.1 196.1 194.2 193.4 192.9 192.3 191.8 191.2 190.7 191.2 190.2 188.6 187.2 186.4 186.1 184.8 183 181.7 179.1 176.5 174.1 172.1 169.5 165.9 160.8 155.8 149.2 142.1 136.5 131.8 129.3 126.3 123.7 122.2 120.8 119.4 117.2 115 111.8 110.9 109.2 105.4 104.9 106.9 108 110.1 112.3 114.2 115.7 116.8 118.2 119.7 121.6 123.6 124.6 125.3
238.2 239.5 244.4 251.1 257.4 261.2 262 260.1 259.2 258.3 254.9 250.4 242.9 237.6 232.9 227.5 220.2 212.7 210 207.2 204.3 202 199.8 197.8 195.8 194.2 193.8 193.7 193 191.6 190.5 191 189.8 188.1 186.8 186.6 184.9 183.3 182 179.4 176.7 174.1 171.5 169.3 166.5 163.7 159.7 155.1 148.7 143.5 136.5 131.9 129 127.3 124.9 123.2 121.8 120.5 119.6 116.3 113.2 112.1 111.2 109 105.8 104.7 106.1 106.7 108.3 109.8 111.2 111.6 112.4 114.4 116.3 119 120.8 121.8
239.9 243 248.2 254.7 261.6 266.2 264.7 260.1 258.9 257.7 256.5 252.5 245.8 240.4 235.5 230.4 224.3 216.9 212.8 210.3 207.9 205 201.4 199.4 197.4 195.5 195.2 193.8 192.4 191.3 190.5 189.2 188.8 187.7 186.7 184.8 183 181.4 179.3 176.9 174.3 171.7 169.1 166.3 163.5 160.7 157.3 152.8 148.6 145.3 139.5 134.4 130.4 128 126 124.4 122.7 121.7 121.1 119.9 115.4 113.6 112.4 110.9 109 105.8 104.2 105 105.1 106.3 107.1 106.6 107.4 109.6 113.2 116.2 117.4 118.3
242 245.1 249.2 256.3 263.6 268.6 267 260.8 259.1 257.9 256.7 253.1 247.8 242.6 237.8 232.7 226.7 220 213.9 211.3 208.9 206.5 202.9 201 199 196.4 194.7 193.2 192 191.3 190.9 189.8 188.3 186.7 184.1 182.2 180.2 178.6 176.4 174.1 171.7 168.5 165.4 162.8 160.1 157.4 154.7 151.2 147.4 144.2 139.8 134.9 131.7 128.6 126.1 124.6 122.9 122.1 121.3 120.7 118.7 115.7 113.3 111.9 110.6 109 105.9 105.6 104.4 104 104.7 103.9 104.3 106.1 109.8 112.8 114 114.2
242.8 245.9 249.1 254.9 262.2 269.7 267.4 260.9 258.2 256.7 254.1 251.9 247.4 242.8 237.8 233.3 228.5 222.4 215.5 212.3 209.9 205.7 202.4 200.2 198.6 195.5 192.9 190.9 190.3 189.9 189.5 188.1 186.6 185 182.2 179.2 176.8 175.6 172.9 170.3 167.7 164.8 161.7 159.1 156.5 153.8 150.9 148.2 145.3 143 138.5 134.9 131.1 127.3 125.2 123.4 121.9 121.8 120.9 120.8 120.9 118.7 115.7 113.1 111.8 110.4 109.1 107.1 104.8 104 103.9 103.9 104.6 105.4 105 107.3 108.3 110.2
