data/410000-420000.asc
ncols 200
nrows 200
xllcorner 410000
yllcorner 420000
cellsize 50
[rows 35 to 69 of 200, columns 0 to 79 of 200]
282.5 279.3 272.2 263.6 260.5 256.9 253.4 252.8 251.8 249.3 245.4 241.3 240.2 248.7 258.7 276.1 286.3 287.8 284.5 285.8 283.9 281.5 278.2 269.9 272.5 272.5 272.3 274.2 277.3 279.9 281.7 280.9 278 272.9 264.7 265.5 265.8 265.7 264 260.7 257.3 253.5 249.8 250.1 248.5 246.4 243.1 239.9 235.5 231.1 227.6 221.3 210.1 197.5 195.8 205.6 213.3 213.5 213.5 213.5 212.8 212.5 212.8 213.6 211.8 208.8 203.9 201.6 203.4 204.6 204.8 204.2 207.4 202 186.8 203.9 207.3 207.9 208.7 209
271.4 275.6 271.6 264 259.1 255.3 249.9 247.5 245.6 242.3 237.6 233.2 240.6 249.1 258.2 272.7 281.6 282.7 278.3 279.7 279.8 277.5 274.4 268.2 268.9 268 266.9 268.3 269.9 272.2 272.9 274.7 274.8 271.5 265.3 263.1 260.6 261.3 260.9 259.7 257.3 250.5 246.1 242.8 244.2 241.8 238.3 236.1 234 230.8 228.1 222 215.7 213.5 200.8 191.2 198.3 203.4 203 204.2 204.5 206.8 209 213 210.4 207.8 202.1 197.6 199.9 201.1 199.9 200.2 203.8 201.6 183.9 201.4 204.3 205.4 206.5 205.3
252 269.8 272.1 266.3 257.3 252.2 246.4 239.7 237.7 234.4 230.1 234.3 244 248.5 253.6 259.1 266.6 269.9 269 269.3 266.8 265.3 264.1 259.1 260.9 262 261.6 262.7 266.7 268.4 267.7 267.4 263.7 265.3 260.6 256.6 252.5 255.3 254.6 254.3 251.7 245.7 242.7 238.8 234.3 235.2 232.5 230.9 228.5 226.5 222.7 219.3 215.2 211.3 206.7 200.4 188.2 185.2 192 195.3 194.8 201.6 208 209.9 209.9 207.4 201.8 195 195.7 197.6 196.6 194.5 198.7 198 179.3 201.3 204 204.4 204.2 200.6
239.7 257.1 269.5 265.1 255.4 246.9 240.6 234.2 232.4 228 232 240.7 246.5 248.1 249.9 251.7 253.7 254.9 255.4 254.7 254.2 253.8 253.4 253.5 255.2 257 256.1 259.8 264.9 266.4 265.9 265.2 262.6 258.1 254.6 253.1 249 247.5 246.7 245.7 244.4 241.4 238 233.2 227.6 228.4 227.1 225.9 222.6 220.3 218.4 216.5 216.5 213.7 212.2 207.8 201.1 195.7 184.4 179.3 186 193.4 200.2 202.7 204.2 204.2 202.7 198.1 189.5 193.2 193.7 190.2 192.7 178.6 183.9 201.2 202.8 202.3 201.8 200.3
229.1 240.7 251.2 247.7 241.4 235.5 231 221.8 216.4 225.9 235.1 243.9 249.3 250.1 249.2 248.2 248.5 249.2 250.1 249.3 247.8 247.2 249.8 249.9 250.5 251.7 253.6 257.9 266.3 265.1 264.9 264.5 262 258.8 254.2 251.9 248.2 237 240.4 242.1 237.6 235.9 232.3 227 224.5 225.1 223.1 222.1 219.4 216.8 215.1 214.8 215.8 216.1 213.6 209.3 208.1 203.4 198.3 187.3 177.2 177.2 192 193.8 196.3 201.9 201 196.8 188.2 187 190.7 182.4 177.4 175.6 197 199.8 200.8 199 198.8 199.3
216.1 223.9 230 229 225.9 221.8 217.2 201.2 212.4 229.9 238.2 244.5 250.6 249.7 248.8 248.5 248.7 249.4 248.2 245.7 244.7 244.6 245.9 246.3 246.9 248.1 250.8 255.7 261.8 265 264.2 263.1 261.9 260.1 255.5 253 249.6 242.9 235.8 239.5 234.3 232.5 227.2 224.4 224 222.8 220.6 219.1 216.4 213.3 211.6 210 212.3 212.9 210.8 210.7 210.8 206.9 202.3 196.7 189.2 175 173.7 185.2 190.5 196.8 200.8 200 193.2 179.5 181 174.6 179.7 196.2 196.3 195.5 195.6 195.7 195.2 194.7
204.9 210.5 214.1 212.3 209.8 206.8 203.3 199.2 214.6 233.7 241 249 251.1 250.5 249.6 249 248.9 248.8 248.2 245.8 244.4 243.1 242.3 243.7 245.1 246.6 248.3 251.8 256.5 258.8 261.4 261.7 260.8 259.9 257.2 253.5 248.9 245.8 242.8 240.4 236.1 233.2 229.5 227.4 224.9 221.9 219.5 219.4 213.8 210.1 207.2 204.4 206.1 206.3 211 210.3 209.2 206.2 202 196.7 190.9 182.9 168.9 177.8 184.1 190.4 196 200.5 197.9 190 174.7 174.2 182.5 188.6 193.1 192.4 190.7 191.2 188.2 186.6
193 198 200.5 199.1 197.8 195.4 188.6 200.7 220.4 234.7 244.3 250.4 252.8 254 252.9 251.8 250.3 249.5 248.3 246.7 245.2 242.3 239.7 241.6 243.5 244.7 246 247.4 251.4 256 260.7 260.9 261.8 258.8 255.5 252.8 250 247.4 244 241.7 238.1 233.9 231.8 229.3 225.9 224.1 223.6 219.8 215.8 210.1 206.6 200.8 198.9 199.4 202.1 203.7 205 203.6 200.3 195.5 190.2 184.1 178.1 166.2 175.9 183.4 189.4 195.1 195.2 192.9 182.2 173.2 174.1 178.9 186.8 191.1 188 185.5 184.8 182.8
184.2 188.8 189.7 189.3 187.8 179.3 200.1 214.1 230.8 241.2 252 254.8 255.6 255.8 254.7 253.6 251.6 250.5 248.5 246.4 245 241.9 239.6 240.2 241.4 242.6 244.1 246.3 248.5 253.1 256.7 262 264.4 260.2 256.7 251.5 248.9 244.3 243.5 241.7 239.2 235.3 233.1 230.7 227.5 226.2 223.2 218.6 213.8 210.2 206.2 198.9 198 195.6 194.8 197.8 203.1 200.1 196.1 192.3 187.3 183.1 179.4 171.8 165.3 178.8 185.7 192.6 193.2 192.6 187.8 180.1 168.6 171 180.4 184 185.2 182.8 180.8 180.3
178.8 180.6 181.5 181.4 177.2 194 210.2 223.7 239.3 255.7 259.5 259.6 259.4 257.2 255.6 253.6 251.4 249.4 247.3 244.9 244.5 241.8 241.2 240.1 239.3 241 243 244.9 246.6 249.2 250.8 253.6 252.2 250 250.2 248 244.2 243.5 242.9 241.8 239.7 236.4 233.9 231.2 228 224.8 221.7 219.9 217.2 214.5 210.6 207.4 203.7 195.8 186 181.5 194.4 198 193.7 190.3 185.8 183.6 179.7 171.1 163.9 176.1 183.5 189.6 192.4 193 190.1 183.5 169.4 169.4 175 181 182.3 180.2 177.8 177.8
174.7 175.7 176.4 173.3 184.8 207.3 217.2 230.4 248.4 268 269.9 262.9 260.6 258.5 254.9 252.6 250.6 248.7 247.2 245.6 244.4 244.2 243.5 242.4 240.3 239.1 241.7 242.1 243.6 245.9 246.7 245.7 244.9 243.5 242.4 241.8 241.1 241.3 240.8 241.2 240.5 237.5 233.9 230.5 227.7 225.1 224.3 222.5 219.6 217.5 214.5 211.8 208 200.9 192 182.9 174.8 178.9 182 184.9 185.1 182.5 179 171.7 163.4 173.1 181.7 187.6 191.6 193.7 191.2 187.4 179.6 163.6 168.5 172.6 178.1 177.6 174.7 175.3
170.7 171.7 169.6 174.9 192 208.4 223 239.3 260.6 276.4 276 267.5 263.5 260 256.5 253.3 250.4 249.2 248.1 246.8 245.4 245.9 245.7 243.6 240.7 237.5 240.2 240.1 240.3 242.5 242.1 241.5 241.6 239.9 238.1 238 237.8 238.4 238.2 238.8 237.5 235.2 234.5 232 229.4 227.1 225.8 223 220.8 219.8 217.3 214.8 210.7 206.1 197.4 189 178.8 170.6 169.9 175.4 178.7 177.4 176.4 170.9 161.4 168.8 177.7 186 190.8 193.4 192.8 189.4 183.5 177.5 158.1 162.1 170.2 173.8 172.7 173.8
169.4 170 165.9 176.3 191.2 209.4 230.9 244.7 264.9 279.7 275.8 272.5 266.6 262.3 258.5 255.1 252.8 251.1 249.4 247.6 245.9 245.7 245.3 243.1 241.3 240 239.7 239.4 239.3 241 238.9 237.4 238.1 238 237.1 236 233.7 233.6 234.9 234.7 234.1 235.7 235.7 233.8 231.2 228.3 225.4 222.6 220 219 217.4 215.3 212.1 207.5 203.5 197.6 192.1 184.1 179.5 173.8 170.7 171.3 169.5 160.6 155.4 170.6 178.8 184.5 189 192 191.6 189.5 183.9 180.8 175.6 161.6 162.8 168.3 169.7 172.2
166.6 166.5 163.8 173.5 188.7 207.9 230.5 243.2 259.9 278.2 278.3 273.9 269.1 264.2 260.7 257.3 254.5 251.7 248.8 247.1 245.4 245.3 243.9 241.6 239.7 239.9 238 237.3 235.6 237.7 236.6 234.6 234.3 235.4 234.3 233.6 230.1 228.9 230.2 231.8 232.3 233.7 235.5 234.2 231.3 228.4 225.4 221.7 218.4 216.8 215.8 214.4 212.3 207.9 204 200.5 195.9 192.2 188.9 186 184 178.5 172.2 162.2 154.3 168.7 177.9 182.8 186.8 189.7 190 188 184.6 183.2 180.6 168.6 156.5 160 165 169.3
163.6 162.9 163.2 170.7 180.5 198.2 217.2 233.7 253.5 272 277.2 274.6 270.4 264.6 261.7 259.8 257 252.8 250 247.3 245 244 242.3 240 239.6 238.2 236.5 234.8 234.1 233.6 235.9 233.8 233.6 232 231.2 231.1 229.3 226.4 226.3 227.5 229.4 230.7 231.5 233.3 231.3 228 224.4 220.6 217.4 214.6 213.6 212.4 211.2 208.4 204.5 201.1 197.5 193.8 190 186.2 183.6 181.6 178.2 171.6 151.6 164 173.7 180.1 183.1 185.4 187.6 187.7 186.8 185.9 183.7 179.4 168 156.1 153.6 159.7
157.8 159.3 156.3 166.1 174.2 184.7 202.6 221.2 238.6 259.5 273.4 271.8 270.2 265.1 261.9 260.6 258.2 254.2 251.4 248.6 245.8 242.8 240.6 239.1 237.8 236.7 236 234.8 233 230.7 230.3 231.5 230.8 228.7 231.1 228.9 225.7 223.9 223.6 223.6 225.4 225.9 226.3 229.2 229.3 227 223.2 219.6 216.5 213.3 211.4 210.2 209.2 207.9 204.5 201 197.1 193.3 189.1 185.4 183.1 181.3 178.8 171.5 150.3 156.7 168.9 174.5 180.9 183.1 186.4 187.4 186.5 184.4 182.6 180.3 178.1 170.5 159.2 149
151.7 151.7 154.4 163.9 169.8 177.5 191.3 207.4 224.4 241.1 261.9 268.4 268.7 265.3 262 260.7 258.4 253.3 250.5 247.8 244.2 242 239.9 237.9 236.9 235.9 235.5 234.5 232.2 229.9 228.6 229.9 227.6 227.2 229.7 227.4 224.2 220.9 220.5 220.1 221.3 221.1 221.6 223.7 225.5 226 221.8 218.6 215.5 212.4 209.3 208.4 207.6 206.4 203.7 200.3 196.7 192.6 188.1 185.3 182.6 180.6 178.2 173.9 157.7 146.3 162.6 168.8 176.6 180.5 185.7 186.4 186.2 182.9 180.6 178.8 177 173.4 169.8 162.3
148 149.4 153.8 161.2 165.8 170.9 183 195.2 211.7 225.5 241.6 265 268.3 266.2 262 259.7 260.5 254.7 249.9 246.9 244 241.6 239.1 236.6 235.8 235.4 234.9 234.3 231.2 228.7 227.5 227.5 225.2 225.2 226.5 225.9 222.5 218.2 216.1 217.8 219 217.9 217.1 217.3 219.4 221.6 220.8 217.7 214.6 211.5 209 207.1 206.1 202.9 201.1 198.7 195.5 191.7 187.1 185 181.5 176.9 174.5 172.1 161.9 144 152.4 165 171.7 178.7 185 185.7 185.1 181.6 180.2 178.2 176.3 171.3 168.6 163.8
151.3 150 150.2 156 161.4 166.2 174.6 185.7 200.9 213.2 230.2 250.5 265.5 263.9 260 259.7 258.2 255.3 251.1 248 244.5 241 238.3 235.9 234.6 235.3 234.8 233.5 230.4 229.4 227 225.6 223.4 219.4 222.8 222.7 220.8 217.6 215.1 216.4 216.2 214.9 215.1 212.9 214.5 214.3 217.1 216.9 213.8 211.3 208.8 206.5 203.4 199 197.4 194.1 191.8 187.9 182.5 178.6 175.8 171.1 168.1 162.4 158.2 147.1 144.4 156.8 168.2 175.6 179.5 181 181.3 180.4 179.7 177.9 176.6 175.8 172.8 168.4
158.5 148.6 147 151 157 162.1 167.1 176.5 188.7 205 219.6 234.3 252.3 259.1 260.1 259.5 256.7 255.7 252.7 248.7 243.8 241.1 238.4 235.6 233.9 234.7 234.7 232.5 230.8 229.5 228.8 228.7 224.6 221.3 219.1 216.6 217.3 215.6 214.3 215.1 214.8 214 211.8 210 209.7 210.3 211 212.9 213 211.1 208.6 206 201.4 197.9 195 193.8 192.6 191.2 188.2 184.8 181 179.5 175.9 170.5 166.3 156.2 139.5 152.8 167.4 171.9 174.7 177.2 179.4 180.9 179.4 178 176.8 175.8 173.8 168.5
161.6 154 144 144.4 152.5 157.2 162.7 167.1 180.6 193.2 204.6 218.6 234.1 249.2 255.9 257.5 255.4 255.8 254.4 249.5 244.6 241.2 238.3 235.3 233.5 233.9 234.6 232.9 231.2 229 229.9 229.6 227.5 224.7 218.8 213.6 212.7 214.9 213 214 212.4 212.1 211.3 210.4 208.8 208.7 208.4 207.9 207.8 208.1 206.4 205.8 203.4 199.8 197.1 195.6 195.8 195.7 191.7 189.6 186 183.6 180.9 177.5 171.5 156.6 139 149.8 163.7 167.3 170.5 173.2 176.3 180.8 177.8 176.1 176.3 175.9 173 169.2
163.6 157.2 147.5 140.1 144.8 151.7 155.5 159.4 169.3 180.7 193.2 204.8 219.2 236 247.5 254.3 255.1 256 255.8 250 245.8 242.1 239.4 235.3 232.9 232.8 233.4 232 229.4 229.9 228.7 228.2 225.3 222.6 218.7 215 210.9 209.8 211.2 212.5 211 209.3 209.9 208.8 208.6 206.1 206.1 206.8 205 204.5 204.7 204.5 203.6 201.9 199.1 195.9 194.9 194.1 192.6 190.1 186.6 183.9 180.8 178 171.7 157.1 142.2 145.8 158.8 161.6 166.9 171.4 172.8 176.4 176.7 173.7 173.6 173.8 171.9 168.5
168.7 160.3 151.5 144.2 138.9 146.9 151.1 156.1 161.5 170.7 181.1 193.7 207 223.6 238.4 256.2 255.9 256.1 254.1 250.3 246.4 241.8 238 234.3 232.4 230.4 230.7 230.2 227.9 227.8 227.5 225.4 224 222 218.7 216.1 212.3 210 210.9 210.7 209.1 205.9 207.3 211 209.7 205.4 205.5 206.5 205.8 204.3 202.9 202.4 202.2 199.9 197.8 194.8 192.2 192.5 191.7 189.6 185.7 183.4 180.8 177.4 172.2 160.2 145.8 136 154 159.7 163.6 167.4 169.7 172.9 174.1 171.7 171.1 170.7 170.3 167.1
174.3 164 154.2 146.3 139.7 137.3 147.2 150.7 154.6 162.6 171.6 183.5 198.2 213.8 230.1 244.2 252.1 253.4 251.4 250.3 246.6 242.1 238 234.3 231 227.8 227 224.9 224.7 224.7 224.7 224.7 223.4 222.3 219.1 216.4 214.9 210.8 210.4 206.5 201 201.2 206.5 208.6 208.9 206.2 201 205 206.1 205.7 204.2 202.8 201.2 198.5 195.6 193 190.4 189 189.2 187.7 184.2 181.9 179.4 176.7 172.3 165.2 148.8 135 143.2 155.8 158.3 161.9 165.8 168.8 171.7 169.6 169.1 168.6 168 165.7
179.4 171.6 161.6 153.6 142.3 135.8 137.4 145.9 150.8 157.4 164.8 176.9 193.2 209.9 227.3 244.3 253.5 254 254 250.3 246.7 242.4 238.6 235 228.3 228.1 225.3 223.3 221.4 221.7 222.5 223.2 222.6 221.7 219.5 217 215.4 214.1 210.8 206 201.2 198.9 201.5 204.4 205.2 206.1 200 202.7 208 207.2 205 203.2 201.4 199.2 195.7 191.8 187.9 185.7 186.4 185.4 182.9 180.5 177.8 174.9 171.3 164.7 150.4 138.5 138 146.5 152.5 155.7 160.1 164.6 167.9 167.8 167.1 166.6 166 163.7
187.6 177.1 165.4 157 147 139.2 133.3 137.7 143.2 152.1 160.2 172.7 189.5 207.6 226.5 245.8 256 255.6 252.8 250.1 246.8 243 239.4 235.7 232.1 222.6 222.7 220 221.1 221 221.9 222.1 221.9 220.7 218.1 216.7 215.4 213.3 211.1 210.4 207.3 198 197 201 202.6 202.4 199.7 199.9 205.6 209 205.1 203.3 201.6 199.9 195.5 191.5 188 185.4 182.8 181.7 180.8 178.9 176.3 172.9 169.2 162.8 155.6 145.3 134.4 140.1 146.7 151.4 155.2 158.6 166.3 166.4 165.3 164.3 163.9 161.9
199.3 182.8 171.1 158.4 150.4 143.3 133.8 133.5 135.2 147.6 156.1 168 184.8 204.7 225.4 248 253.2 253 250.2 248.5 246.8 243.9 240.2 236.6 233 219.7 219.9 218.7 218 220.7 221.1 221.1 221.1 218.9 217.2 215.9 214.4 212.5 210.7 210.3 208 202.4 195.1 194.8 198.9 199.5 197.8 199.9 205.4 208.9 205.9 203.5 202 199 195.4 192.3 189.3 186.2 182.9 179.9 177 176.8 174.7 170.9 167.3 164 159.9 149.8 135.8 129.1 137.9 146.3 150 152.6 160.3 165.7 161.8 159.5 159.3 159.1
208.6 191.4 172.3 159.8 153 147.1 141.4 133.7 132.6 141 151.5 163.9 178.5 199.6 219.7 247.7 252.5 251.5 250.2 248.9 246.9 244.8 241.3 238 234.5 230.6 219.4 215.2 214.3 220.2 219.8 219.1 218.1 216.5 215.6 215.3 214.9 213.2 211.4 210.1 208 204.5 200.7 184.7 194.2 193.4 196.1 198.2 201.9 207.4 205.6 205 202.7 198.7 195.1 191.6 191.1 187.4 183.8 180.2 176.6 173.4 171.9 168.9 165.7 162.6 159.3 152.6 144.8 134.9 129.4 134.1 141.4 144.2 147.5 160 160 157.1 156 157.3
208.5 195.5 175.6 162.9 155.6 148 143.2 139.5 131.9 130.1 145.7 160.2 174.5 193.1 213.5 240.6 251.9 251.8 250.4 247.9 245.3 244.6 241.3 237.9 234.5 230.5 222.8 215.2 211 215.7 216.6 216.3 214.9 213.7 213.5 213.9 213.1 212.2 211.2 209.7 207.8 205.1 201.6 186.6 180.1 187.1 195 197.8 199.2 205.1 208.7 209 204 198.4 194.8 191.1 188 185.3 182.7 180 176.4 171.8 167.6 166.1 164 161.1 157.8 153.1 148 141.8 132.2 125.7 129.7 136.1 139.3 145.8 155.9 156.7 155.4 154.3
213.5 195.6 189.1 178.6 160.7 149.6 143.9 141.4 133.2 128.2 137.7 156.6 171.2 189.7 209.1 229.3 247.7 249.8 249.5 246.2 244.6 243 240.2 236.8 233.4 229.9 225.8 216.2 209 211.9 214.1 214.2 212 209.7 211.5 213 212.4 211.5 210.3 208.7 206.6 203.5 200.4 194.8 184.6 176.3 191.4 195.3 198.3 202.9 209.6 211 205.3 199.3 194.4 191 186.8 184.1 181.5 178.4 175.1 171.9 167.7 163 160 157.8 155.7 151.6 147.2 141.8 137.3 129.6 123.1 125.3 131.9 136.8 146.4 155.9 154.4 151.3
215.9 207 199.5 188.4 168.6 154.7 145.9 142.1 136.8 128.9 129.1 147.2 169.7 187.2 205.1 227.9 245.6 248.9 248.1 245.2 242 239.9 237.9 235.6 232.2 228.8 226 217 209.2 209.7 211.7 211.3 203 203.3 210.1 211.3 211.3 210.8 209.2 207.7 205 201.9 198.9 193.8 181.1 169.5 187.3 194.5 197.9 202.1 208.5 210.8 205.9 200 194.5 191 186.3 182.9 180.3 176.8 173.4 170.2 167.3 163.6 158.3 153.2 151.7 149.7 145 141.6 136.2 129.3 123.8 120.9 124.2 131 135.3 147.9 152.3 150.9
219.4 210.5 202.2 190.6 170.2 156.8 147.2 143.4 138.3 131.7 128.8 139.5 169.5 187.8 204.1 224.8 246.6 248.7 246 243.4 239.8 237.7 235.5 233.5 229.6 226 224.1 216.9 204.3 200.6 193.5 195.3 192 193.7 204.1 208.5 210 210 208.5 206.8 204.2 201.2 197.4 188.6 173.4 169.6 187.5 196.1 198.3 201.8 210.1 210.7 206.9 200.6 195.5 190.9 186.2 181.7 178.8 175.2 171.7 168.7 166.1 163.3 159.2 154 149.3 146.2 142.3 139.4 136.5 132 127.1 121.5 119.1 122.1 129 134.6 148.8 150.5
217.2 209.7 199.3 188.4 169 156.6 149 143.9 138.9 133 127.8 136.6 170.3 188.5 205.5 224.6 246.4 248.2 246.2 242.9 238 235.2 233.1 231.2 228.8 224.9 223.4 217.7 206 187.5 174.4 178.6 182.4 184.5 192 206.6 208.9 209.1 207.8 205.7 203.2 199.6 194.3 180.7 164.5 172.8 189.7 195.7 197.3 199 206.5 213 208.5 202.8 197.5 192 186.3 180.8 177.2 173.9 170 167.3 164.7 162 158.3 153.7 149 145.1 140.3 138.8 135 132.9 130.5 124.5 118.2 118.7 123.3 128 134.9 151
215.2 207.5 195.9 184 169.9 154.4 146.1 141 137 131.7 124.5 142.4 166.2 185.7 202.6 218.4 243.5 246.8 246.1 240.8 236.4 233 230.6 228.8 226.5 223.5 221.1 216.3 212.2 197.8 178.3 166.1 169.6 176.9 182.1 195.5 206.2 208.3 206.7 204.9 202.6 198.2 190.3 176.2 159.7 175.3 191.3 196.6 195 196.9 202.3 212.3 209.9 204.7 199 193.3 187.5 181 176.4 173.1 168.4 165.7 163 159.9 157.1 152.4 148.8 145.4 141.9 138.5 134.1 131.5 133.4 128 116.3 115.3 119.4 126 132 141.9
213.7 204.1 191 178.2 165 154.5 146.8 141.7 137.4 132.8 123.6 137.8 157.7 173.7 189.2 201.9 217.1 238.6 241.1 238.2 234.8 231.5 228.1 226.5 222.7 219.1 218.3 214.4 210.2 204.8 193.4 179.3 159.8 165.6 174.6 181.3 193.9 201.7 201.6 200.1 197.9 191.2 179.3 167.3 160.8 178.6 194.8 196.5 195.8 193.8 195 203.5 207.6 204.9 200.1 194 187.5 180.8 175 171.5 166.7 163.9 160.8 158 155.5 151.3 147.3 145.2 142.1 137.9 132.7 128.6 130.1 128.5 122.9 116.2 114.5 122.8 129.4 137.6
