data/410000-540014.705.asc
ncols 200
nrows 200
xllcorner 410000
yllcorner 540014.705
cellsize 50
[rows 105 to 139 of 200, columns 78 to 155 of 200]
152.4 150.6 148.5 146.9 145.9 144.8 143.8 142.8 141.5 146.4 149.2 152 153.5 154.8 156.4 158.2 159.7 160.6 161.6 162.3 161.5 160.5 160.1 158.3 158.2 158.1 157.6 156.4 155.7 155.1 154.7 155.3 157.1 159.5 160.6 162.9 165 168.6 173.1 179.4 189 196.9 205.9 217.8 227.4 232.5 237.1 236.1 236.6 237 236.5 237.2 236.7 236.1 235.6 234.7 233.4 233 231 227 223 221.1 219.6 217.2 214.5 210.6 207.7 204.9 202 194.9 187 182.3 180.5 178.3 175.1 172.9 171.3 169.5
154.5 152.5 150.1 147.4 146.4 145.5 144.5 142.5 141.7 146 150.2 153.6 155.4 157 159.6 161.6 163.4 163.4 164.4 165.2 164.4 163.7 163.4 161.9 161.8 162.1 161.9 161 160.4 159.9 159.9 160.1 161.6 163.1 165.3 167.9 170 172.5 177.1 184.2 191 198.9 208.7 220.4 232.1 238 240.8 241.8 242.1 241.9 240.7 241 239 238.2 237.4 236 234.9 234.2 231 227 223.7 221.7 220.2 216.7 213.6 210.7 207.7 204.4 201 190.2 184.9 181.3 178.3 175.6 173.2 169.5 167.7 166.3
156.4 154.4 151.7 149 147 146 145 142.9 143.1 146.6 150.9 154.8 157.7 159.7 162.8 165.1 166.9 167.9 167.2 168.1 167.4 167.4 167 166 167.5 167.1 166.8 165.8 165.3 165.1 165.2 165.3 166.6 168.3 171 173.2 175.7 179.4 182.2 187.8 193.4 200 212.6 227.2 238.1 243 244.5 244.7 244.8 243.9 242.2 240.8 240.5 239.2 237.8 236.3 234.9 234.2 230.7 226.6 224.3 221.7 220.2 216.3 212.7 210 206.7 203.4 198.3 189.6 185.5 180.1 177.8 175.2 171.7 170.1 164.7 163.1
157.9 156.1 153.4 150.6 147.8 146.5 145.5 144.1 144.8 148.3 152.1 155.9 159.3 162.7 165.8 168.6 170.4 171.4 172 171 170.3 171.1 171.9 172.6 173.5 173.5 172.4 172.5 170.2 170.3 170.3 170.5 171.7 174 176.8 180.3 184.1 187.6 189 192.7 197.5 205.4 219.7 233.4 241.7 244.9 245.5 246 246 244.6 242.3 240.5 239.9 238.7 237.5 236.3 235.1 233.4 230.2 227 225 222.3 220.2 216.4 212.4 209.1 204.8 200.3 195.8 191.1 185.8 181.9 179.9 176.9 172.4 170.6 165.8 156.1
158.8 156.9 154.7 152 149.4 147.1 144.6 144.1 148.3 152.5 154.8 157.8 161.6 165.1 168.8 171.9 173.9 174.9 175.9 177.2 177.1 177.9 178.5 178.8 179.3 179 178.5 177.9 177.4 175.8 175.7 176.3 177.9 179.6 183.5 186.9 189.9 193.7 197.2 199.6 204.9 213.9 227.2 241.1 244.1 244.5 245.7 245.2 244.2 243.6 241.6 239.9 238.9 237.7 236.5 235.7 235.1 232.9 229.8 227.9 225.7 222.9 220.2 216.5 212.1 210.1 205.3 202.4 198.2 193 188.7 185.8 183.6 178.7 174.4 171.2 168.1 163.3
159.7 157.7 155.4 153.2 150.6 147 146.2 148.4 153.3 158.3 159.4 160.3 163.7 167 170.9 174.9 177.4 178.5 180 181.5 182.8 183.2 183.2 183 182.8 183 183 182.6 182.2 181.6 181.9 182.9 184.9 186.4 189 193.1 196.6 200.5 204.9 210.1 218.2 224.6 237.1 243.8 244.8 245.1 245.8 244.8 243.7 242 240.5 239 238 237.4 236.7 236 235.3 232.6 229.7 227.9 226.5 223.7 221 217.3 213.1 210.2 206.5 204.7 201.2 197.6 193.7 190.3 186.9 182 177.4 174.2 170.6 166.8
160.6 158.5 156.1 153.7 148.7 147 150.5 154.4 159.1 163.8 162.9 163.5 166 169.1 172.7 176.7 180.9 182.6 184.1 185.4 186.6 187.7 187.7 188.1 189.1 189 189.2 188.8 188.1 188.1 188.5 189.4 191.3 193.1 195.9 199.8 203.4 208.1 216.5 226.1 236 241.9 242.7 244 245 245.7 245.4 244.7 243.2 241.6 239.9 239 238.3 237.6 236.9 236.2 235.5 232.3 229.9 227.8 226.3 224.1 222 218.5 215.5 211.9 208.6 207 204.9 201.4 198.2 194.9 190.3 185.5 180.6 177.1 173.1 168.7
160.1 158.2 154.3 148.9 148.3 150.1 153.4 158.5 164 165.9 166.6 167.5 169 172 175.6 180.2 184.1 186.2 188.5 190 191.5 193.1 193.5 194.6 195.9 195 195.4 195.8 195.1 195.5 195.9 197.4 199.4 201.9 203.6 206.4 211.4 220.3 229.5 239.1 244.9 246.8 245.2 245.2 245.9 246.1 245.7 244.2 242.7 241.1 239.6 239.2 238.5 237.8 237.2 236.5 235.2 232.5 230.3 228.2 226.3 225.8 224.2 222.8 221.7 219.3 214.9 211.9 208.5 205 201.6 197.9 193.4 188.8 184.1 179.4 173.8 171.1
159 156.6 150.3 149.6 151.3 153.9 158.1 162.4 167.3 169.2 170.6 171.4 172.5 175 178.7 183.7 187.2 190.2 193.4 196.7 198.2 199.8 200.3 201.9 202.9 202.4 202.2 202.2 202.2 202.8 203.8 205.2 208.3 211.1 214.4 218.1 223.8 234.1 242.6 247.4 249.6 248.3 246.4 246.7 247.1 246.4 245.3 243.8 242.3 240.9 239.6 241 239.3 238.1 237.4 236.7 235.1 232.9 231.2 229.5 228 228.5 227.9 227 225.9 224.5 222.6 218.8 213.5 209.3 205.1 201.5 197.8 191.4 185.5 179.8 175 172.5
158 152.5 150.4 150.8 155.6 158.4 163.1 167.5 172.4 172.4 174.4 175.4 176.4 178 182 187.3 190.7 195.3 197.9 201.4 204.8 206.5 207.5 208.8 210 210.2 210 209.9 210.3 211 212.5 214.3 217.2 220.1 226.4 230.9 237.6 244.9 249.5 249.4 249.5 249.5 247.7 248 247.3 246.5 245.2 243.9 242.6 241.3 240.5 240.5 239.6 238.8 238 237.1 236 234.4 232.8 231.2 229.6 229.7 230.3 228.2 226.8 226.1 225.5 223 218.6 213.8 209.3 205.1 200.4 194.5 188.7 182.8 177.6 172.4
154.8 151.8 150.7 154.5 158.4 162.5 168.3 174.3 178.6 179.1 179.1 179.3 180.4 181.4 185.2 190.3 196.3 200.1 202.5 205.9 209.4 212.8 214.4 215.5 216.6 218 217.9 218.2 218.7 220.1 221.8 224.4 228.5 232.4 238.4 242.1 245.7 249.3 249.6 249.3 249.2 249.1 249 248.1 247.2 246.3 245.4 244.3 243 241.7 241.3 241.4 239.6 239.6 238.8 238.1 237.5 236 234.4 232.8 231.2 230.9 230.1 229.9 228.1 227 226.4 224.1 220.9 216.5 212.4 208.4 202.9 197 191 185 180.5 175.9
155.1 152.4 152.3 158.4 161.5 168.7 175.2 179.8 182.7 183.8 183.5 183.3 184.2 185.1 188.2 192.1 197.7 202.5 206.5 209.9 213.2 217.4 220.6 222.1 223.4 224.8 227.2 228.2 230.5 231.5 233.2 237.3 238.8 243.3 247.3 249.1 249 249.6 249.5 249.3 249.2 249.3 248.6 247.7 246.2 245.2 244.3 243.5 242.6 241.8 241.7 241.6 240.4 240.4 239.2 240.2 239 237.6 235.7 233.9 232 230.9 230.9 230.8 229.1 227.7 226.6 224.5 222.3 218.8 214.5 210.2 205.2 199.3 193.3 187.3 182.1 178.2
155 153.7 151.7 159.7 167.2 174.5 180.6 184.3 187.9 187.8 187.7 187.4 188 188.9 191.1 194.9 199.1 203.9 208.7 213.3 217.8 222.9 225.4 228.1 229.5 232.5 236.9 241.2 242.6 244.7 245.8 246.2 248.2 249 249.9 251.3 250.4 249.1 249.4 249.2 249.6 249.4 248.1 247.2 246.4 244.7 242.9 241.8 240.9 240.6 240.9 241.1 240.8 240.2 239.4 240.4 241 238.5 236.1 233.5 232.1 230.8 230.7 230.4 228.7 226.6 224.8 224.6 222.3 219.3 215.7 211.9 207.1 201.6 195.6 189.6 183.6 179.8
155.5 154.8 153.6 162.1 171 179.9 185.5 190.2 191.2 191.6 191.7 191.6 191.7 192.6 194 197.7 201.5 206 211.5 217.7 223.6 228.3 230.9 235.5 239.8 247 252.8 252.5 251.3 251.2 251.7 253.6 254.1 253.9 252.7 251.9 251 250 249.8 249.9 250.2 248.9 247.7 246.5 246.1 244.6 242.2 240.7 239.3 239 240.1 240.6 241 240.4 239.7 239.5 239.7 237.1 234.4 232.9 232.1 230.7 230.6 230.1 228.1 226 224.2 222.7 220.8 218.2 215.3 211.9 208.1 203.9 197.8 191.8 185.8 181.5
156.5 155.6 158.2 166.5 175.7 184.1 190.8 194.5 194.7 194.9 195.1 195.3 195.8 197.3 198.8 201.4 204.2 208.9 217.6 225 229.9 236.5 242 250.7 260.3 260.2 259.8 258.4 257.4 256.8 257.2 257.7 257.8 257.4 254.7 253.2 252.1 251 251 250.7 248.8 247.5 246.2 244.8 243.6 242.4 241.2 239.6 236.5 235 236.2 239.8 241 240.4 239.8 239.5 237.8 235.4 233.9 232.5 231.6 230.7 230.6 229.7 227.8 226 224.6 222.5 219.3 216.7 214.1 211.5 208.1 204.2 200 194.5 188.9 183.3
156.9 156.2 162.2 171.6 179.8 187.7 195 199.1 199.3 199.5 200 200.9 201.8 203.1 204.7 206.5 210.9 215.2 226.9 239.3 244.8 252.5 255.9 263.8 263.1 262.6 261.1 259.8 258.9 259.2 259.4 259.7 259.6 259.3 256.6 254.8 253.7 251.3 250.9 249.1 246.1 243.2 240.8 239 237.3 236.2 235 234.2 232.4 231.1 233.1 237 241 240.8 240.5 239.6 236.8 234.6 233.3 232 231 230.7 230.7 230 227.8 225.9 225 222.5 219.3 216.6 214 211.1 207.9 204 200.2 195.9 190.7 185.9
158.1 158 167.1 174.9 182.8 191.5 200.2 203.7 204.2 205.1 206 206.9 207.9 209.3 211.2 215 220.7 228.7 239.1 251 257.1 260.4 264.8 265.7 264 262.6 260.1 259.2 259 259.1 259.3 259.6 259.6 259.4 258.3 256.1 254.1 251.7 250.2 245.6 242.1 239.2 236 233.2 231.4 229.9 228.7 228.2 228.2 227.9 228.4 232.7 235.9 238 239 237.4 234.3 232.3 230.9 230.5 229.9 230.7 230.8 230.2 228 226.1 225.2 222.5 219.3 216.5 213.6 210.5 208.1 205.2 201.4 198.3 194.7 190.4
158.1 161.9 170.4 177.9 186.9 197.9 205.7 209.6 210.6 211.7 212.7 213.8 214.8 217.1 218.7 226.7 233.2 243.4 250.5 256.2 260 262.4 265 265.5 264.9 262.5 259.7 259.2 259.1 259 259.2 259.5 259.5 259.4 257.6 254.7 253 251.1 247.4 242.7 238.7 235 231.4 227.6 225.6 223.7 222.6 222.5 221.8 220.8 221.2 225.9 229.4 232.1 232.8 232.4 230.7 228.8 226.8 226.3 228.5 230.7 230.3 229.8 227.8 225.3 223.8 221.2 218.6 216.3 213.1 210.9 209.4 206.8 204 201.5 198.3 195.5
160.3 164.6 173 182.2 193.3 204.3 210.2 213.7 217.1 218.1 219.1 220.2 222.5 227.3 233 237.1 244.3 251.3 255.4 258.3 260.3 262.3 263.3 264.2 264.2 261.6 259.4 259.3 259.2 259.1 259.1 259.4 259.5 259.5 257 254.2 251.1 247.3 243.5 239 234.6 229.8 225.4 222.2 219.9 218 217 217.1 216.2 215.3 214.7 217 221.2 222.7 223.3 222.8 221.4 220.6 220.7 220.4 219.9 222.6 224.4 225 224.5 223 220.8 218.4 215.8 214.7 213.8 211.7 210.7 208.3 206.2 203.3 200.7 199
162.5 167.6 173.9 185.8 200.7 209.4 213.9 217.7 221.3 224.7 225.7 227.4 234.9 243.6 246.2 247.4 252.1 255.2 257.3 258.1 260 260.5 261.3 262.7 262.9 261.3 259.1 259.3 259.3 259.2 259.1 259.3 259.4 258 255 251.6 248.1 243.2 237.3 232.6 226.3 220.5 217.7 216.8 214.5 212.8 211.9 211.6 210.8 210.2 209.7 210 212.5 213 214.3 214.5 214.1 213 212 211.8 212.7 213.9 216 217.6 219 218.8 216.3 214.4 213.6 213.1 212.4 211.5 211.1 209.9 207.3 204.8 203.1 201.4
166.6 171 177.9 190.6 205.4 213.1 218 221.8 225.7 230 237.9 249.4 253.9 255.5 254.6 253.6 254.5 257.3 258.1 258.7 259.3 259.9 260.4 261 261.6 261.1 258.5 258.9 259.1 259.2 259.2 259.2 257.8 255.4 251.5 247.7 243 236.7 229.7 225.7 220.5 216.4 213.7 211.8 210.1 209.2 208.8 207.5 207.3 207 206.7 206.1 206.2 207.5 207.5 207.3 207.2 207 205 205.1 206.8 208.4 209.1 210.2 211.5 211.2 210.7 210.1 210.8 210.7 210.2 210.6 210.2 208.4 205.9 204 202.3 201.1
170.8 175.9 183.7 195.3 210.7 216.6 222.5 228.2 235.7 247.2 256.6 261.5 263.3 261.8 259 257.2 256.3 258.3 258.9 259.1 259 259.9 260.5 260.6 261.3 260.2 258.2 258.4 258.8 258.9 258.9 256.9 254.7 251.6 246.1 239.5 233.6 227.4 221.9 218.3 215.6 212.6 209.8 207.7 206 205.6 205.3 205 204.2 203.8 203.9 203.2 202.8 203.2 203.3 203.5 203.8 202.4 201.4 201 201.2 202.3 203.4 203.5 203.3 203.3 203.8 204.3 205.2 206.3 205.7 206 205.9 204.5 203 202 201.4 200.9
176.7 182.9 190.8 202.1 214.4 220 225.8 234.6 250.4 264.1 266.9 267.4 265.8 264.3 261.4 259.6 258.2 259.1 259 258.8 258.7 259.5 260.6 260.7 260.7 259.2 257.7 257.6 257.8 257.2 255.3 253 250 245.7 238.9 230.9 225.1 221.6 217.2 213.4 210.4 208.5 206.7 203.8 202.2 201.8 200.5 199.5 199.5 199.4 200.3 200.8 199.7 199.9 200.4 200.7 199.1 197.8 196.8 196.8 197.9 199.1 199.3 199.2 198.4 197.2 197.6 198.1 199.3 200.3 200.6 200.8 200.8 200.6 199.7 198.9 197.8 196.7
184.7 190.7 196.8 210.5 218.9 224.4 230.3 243.6 261.2 268.6 268.5 268.1 266.7 265.5 263.2 261.9 260 258.9 258.7 258.6 258.5 259.1 259.2 259.5 258.1 256.2 253 253.6 251.4 250.6 248.8 245.1 239.5 235 228.1 222.8 218.1 215.6 212.9 209.7 207.2 205.6 203.8 199.9 198.6 197.8 197 195.8 195 194.9 195.9 196.9 198.3 197.4 197.5 195.9 194.3 193.2 192.1 192.3 193.2 195.2 195.3 194.5 193.5 192.3 191.5 192.2 193 192.5 193.1 193.8 194 194.1 194.4 193.7 193.2 192.2
192.8 199.3 207.5 217.4 222.2 227.5 233.1 250.2 268.1 270.1 269.5 268.8 267.8 266.7 265.2 262.8 260.9 259.4 258.6 258.4 257.8 257.1 257 255.9 254.5 251.2 247.9 244.8 241.3 238.2 234.8 230 227.1 226.7 222.3 217.8 212.8 210.7 208.8 206.3 204.1 202.5 200.6 197.4 195.5 194.7 193.1 192.2 191.3 190.5 191.8 192.2 193.1 194.4 192.8 191.1 189.6 188.6 187.5 188 189.1 191.1 191.6 189.6 188.6 187.4 186.1 185.5 185.5 185.6 186.1 186.6 186.5 186.4 187.1 187.7 187.6 187.4
201.4 208.6 216.7 222.2 226.3 230.6 237.5 257.9 269.9 270.5 270.1 269.2 268.1 267 265.7 263.3 261.8 260.3 258.2 256.6 255.8 254.8 251.3 250.5 246.9 242.1 237 234.1 230.7 227.3 222.7 220.9 219.9 219.2 216.5 211.2 209.7 207.4 205.1 202.9 200.6 198.1 195.6 193.2 193.4 190.8 189.5 188.2 186.9 186.2 187 187.1 189.3 189.7 188.7 186.4 185 183.9 183.4 183.7 185.1 186.3 187.2 186.3 184.6 182.6 181.4 180.4 180.1 179.7 180.5 181.6 181.1 179.9 180.1 180.6 180.7 180.6
210.1 217.1 222.2 227.4 231.4 235.5 242.7 264.1 272.4 272.3 270.7 269.5 268.3 267.1 266 264.2 261.9 259.2 256.4 253.1 251.4 249.2 242.4 239.6 236.4 232.3 228 225.7 222.7 219.8 217.7 215.8 214.2 212.6 211 209 206.9 204.8 202.7 200.2 197.2 194.6 192.2 189.8 188.3 185.8 184.6 183.3 182.6 182 181.2 182.7 182.7 184.2 185.8 183 181.1 180.3 180.1 180.7 181.7 183.7 184.7 183.4 180.8 178.2 176.7 175.5 175.1 174.7 174.3 174.3 174.4 174 174.6 174 173.7 174.1
217.4 223.6 228.5 232.2 235.9 239.6 251.9 270 275 273 271.1 269.9 268.7 267.5 266.2 263.6 260.9 258.1 254.7 251.3 246.6 240.9 233.8 229.8 227 224.1 222.1 219.8 218.1 216.8 215.6 212.5 211.5 210.4 208.2 206.8 205.2 202.9 200.7 197.4 194.1 191.5 188.9 186.3 184.7 182.7 179.7 179.3 179 178.7 176.8 177.7 177.7 178.3 177.9 179.2 177.6 176.7 176.9 177.3 177.6 178.7 177.7 177.4 176.3 174 172 170.8 170.4 170.3 170.1 169.4 168.1 168.1 168.7 168.1 168 168
224.5 229.5 234.1 237.5 240.9 244.8 261.8 271.6 275.5 273.5 271.6 270.3 269.1 267.9 265.7 263.2 260.6 257.3 253 248.6 243.1 234.1 227.7 224.4 221.8 219.5 217.9 216.6 215.3 214.1 212.8 211.4 209.6 207.5 205.4 204.1 202.3 200.5 197.5 194.7 191.4 188.5 185.6 182.5 181.2 180 176.7 175.2 175.5 175.7 172.3 172.2 172.3 171.8 171.6 173.2 173.8 173.1 173.3 173.6 173.9 172.3 170.5 171.4 170.8 169.3 167.3 166.5 166.2 166 166.1 165 163 163.1 164.7 163.6 162.6 162.7
230.9 235.6 239.3 242.7 247 255 271.8 276.2 275.8 274 272.1 270.7 269.5 267.7 265.2 262.7 260.3 255.6 249.9 245.5 239.6 231.4 224 220.9 218.5 215.8 214.5 213.8 212.5 211.3 209.8 208.2 206.7 204.6 202.7 201 199.1 196.3 193.3 190.4 187.5 185.1 182 178.9 177.7 177 173.7 171.4 171 171.8 168.5 166.5 166.2 166.5 167.1 168.4 169.3 169.6 169.6 170 170.1 168.5 165.5 165.4 165.3 163.8 162.8 162.5 162.1 161.8 161.6 159.6 159.1 159.5 160 158.9 159 158.4
236.2 240.1 243.9 248 253 267.8 276.7 276.9 276 274.5 272.6 271.1 269.7 267.2 264.8 262.5 259.3 254.3 248.6 242.2 236.2 229.9 221.8 217.5 214.9 212.1 210.1 210 209 207.5 205.9 204.6 203.7 201.7 199.7 197.7 195.1 192.1 189 186.1 184.3 182.2 179.3 176.4 175.7 174.8 171.3 169.4 168.3 167.5 164.9 163.6 162.9 163 163.2 163.6 164.8 165.1 165.9 167.1 165.1 163.5 161.7 160.4 160.1 159.7 159.2 158.8 158.5 158.1 157.4 156.2 156.3 155.9 155.8 155.9 155.9 155.1
240.8 244.7 248.5 252.4 262.6 274.3 277.9 277.1 276.2 274.9 273.1 271.6 269.2 267 264.7 262.5 258 253 247.4 240.6 233.5 227 220.3 215.1 211.2 208.3 205.7 205.3 203.9 203.4 202 201 200.4 197.7 195.9 194 190.9 187.8 184.7 183 181.7 180.4 176.8 173.8 173.2 172 168.3 164.6 164.9 165.1 163.8 161.1 160.5 159.9 160.1 160.3 160 161.8 163.4 163.9 160.5 159.4 157.8 156.8 157 155.5 154.1 153.8 153.9 154.1 151.5 151.5 151.6 151.8 152.8 152.8 152.8 152
245.2 249.4 253.2 261.6 274.3 278.9 278.1 277.2 276.3 275.3 273.4 271.4 269.2 266.9 264.7 261.8 256.8 251.8 246.2 239.3 232.9 225.6 219.1 214.7 210.8 207 201.9 200.7 198.5 198.4 197.3 195.3 194.8 192.8 190.7 189.3 187.3 184.2 182.3 181.1 179.4 177.9 175.4 171.3 170.6 169.1 166.3 163.3 161 160 158.6 157.4 156.8 155.8 155.9 155.3 155.5 156.7 156.8 156.3 156.7 156.6 154.9 153 152.3 150.3 149.2 149.3 149.7 148.4 146.8 146.8 146.9 147.3 148.9 150.1 148.9 147.9
250 254 263.2 275 280.4 279.4 278.6 277.7 276.2 274.7 273 271.1 269.1 266.9 264.7 260.5 255.5 250.5 244.8 237.9 231.3 224.9 219.4 215.1 211.2 207.4 202.4 197.4 194.7 192.4 191.4 191.9 191.1 189.3 187.2 185.7 183 180.6 180.5 179.5 177.8 175.9 174 169.4 166.9 165 162.2 160.1 159.1 157.3 155 154.7 154.7 154.3 154.7 154.1 154.6 154.3 154.1 154.3 154.9 153.8 151.9 149.8 149.5 149.6 150.7 149.6 149.1 147.4 145.6 144.2 144 144.1 144.2 146.7 145.3 142.9
254.7 262.9 277.1 280.4 280.5 279.9 278.7 277.1 275.6 274 272.5 270.6 268.7 266.7 264.3 259.4 254.4 248.6 242.3 236.1 230.4 225.2 220 215.9 211.8 207.8 203 199 195.5 191.3 188.8 187.5 187.3 186.7 184.4 183.3 181.2 179.3 179 176.8 174.9 173 170.9 167.5 164.6 162.9 161.3 159.7 159.2 159.3 158.1 158.9 158.6 157.2 156 155.4 154.8 154.3 153.9 153.7 153.7 151.4 149.5 149.4 154.6 156.2 156.3 155.5 154.4 154.1 152.5 149.1 145.8 145.1 145.5 144.4 144.1 142.3
