data/410000-240000.asc
ncols 200
nrows 200
xllcorner 410000
yllcorner 240000
cellsize 50
[rows 0 to 37 of 200, columns 0 to 84 of 200]
49.8 49.4 49 46.7 48.3 48.9 49 48.9 48.8 48.6 48.7 48.8 48.6 48.5 48.5 47.9 47.2 46.7 46.1 44.9 43.5 42.2 41 40 39.5 39.3 38.8 38.3 37.6 37.2 36.9 36.7 36.7 36.7 36.6 37.3 37.7 38.8 40.2 40.7 40.1 39.5 39 39.7 43.4 46.7 48.1 49.2 48.9 48.2 47.4 46.4 45.3 44.2 42.6 40.5 39 38.3 37.3 36.3 35.9 36.5 37.4 38.1 38.4 38.9 39.1 38.6 37.8 37.1 36.4 36.8 37.5 38.2 38.9 39.6 40.5 42.3 43.9 45.4 46.4 46.2 45.4 44.9 44.8
49 48.8 48.1 48 48.9 48.4 48.3 48.2 48.1 47.9 47.9 47.8 48 47.7 47.1 46.4 45.8 45.1 44.5 43.7 42.6 41.4 40.2 39.1 39.1 39 38.6 38.3 37.5 37.4 37.2 37.2 37 36.7 37 37.7 38.4 39.6 41.2 41.1 40.3 39.6 39.4 41.5 44.1 47.1 50.1 50 49.4 48.5 47.6 46.4 45.1 44 42.3 40.7 40.7 38.4 37.4 36.6 36.7 38 38.9 39.7 40.2 39.9 39.8 39.5 38.6 37.6 36.6 36.6 37.2 37.8 38.5 39.1 40 41.2 42.9 44.7 46.1 45.4 44.3 43.8 44
49.2 48.8 48.1 48.3 48.6 48 47.9 47.8 47.6 47.3 47.2 46.8 46.9 46.4 45.8 45.2 44.6 43.9 43.3 42.5 41.9 40.9 39.7 39 38.8 38.5 38.3 38 38.1 38.1 37.9 37.3 36.8 37.1 37.5 38.6 39.3 40.7 42.2 41.1 40.2 40 40.9 43 44.9 46.4 49.2 49.8 49.8 48.7 47 45.9 44.6 43.4 42 40.6 39.1 38.1 37.6 36.9 38 39.2 40.2 41.2 41.5 41.1 40.6 39.6 38.6 37.6 36.5 36.8 37.4 38 38.6 38.8 39.3 40.5 42 43.8 45 44.6 42.8 42.9 43.5
49.6 49 48.3 47.8 48 47.6 47.5 47.3 47 46.6 46.2 46.1 45.5 45 44.5 44 43.4 42.8 42 41.6 41 40 39 38.6 38.1 37.8 37.5 37.6 37.8 37.8 37.8 37.2 36.8 37.7 38.1 39.5 40.9 41.7 41.9 41.1 40.7 41.3 42.4 44.5 46 47.4 49.7 50.1 49.8 48.8 46.8 45.1 44 42.9 41.5 40.4 39.5 38.4 37.8 37.8 38.7 40.3 41.3 42.4 42.5 41.9 40.5 39.5 38.5 37.5 36.5 36.9 37.5 38.1 38.7 38.6 38.8 40.4 41.3 42.4 43.5 43.8 42.6 42.7 43
49.9 49.2 48.6 48.1 47.2 46.8 46.4 46.2 46 45.6 45.2 45.1 44.3 43.6 43.3 42.9 42.4 41.6 41.2 40.8 40 39.1 39.1 39 38.2 37.4 37 37.3 37.5 37.5 37.6 37.1 37.1 38 38.6 39.9 41.6 41.9 41.8 41.6 41.8 42.6 43.9 45.6 47 48.4 50.6 50.4 49.7 48.9 46.6 44.3 43.3 42.3 41.1 39.8 39.9 38.8 38.4 38.6 39.4 41.3 42.4 43 42.7 41.5 40.3 39.4 38.4 37.4 36.5 37 37.8 38.4 38.6 38.6 38.9 39 39.8 40.8 41.9 42.9 42.5 42.1 42.4
50.2 49.4 49 48.3 46.6 45.9 45.4 45.1 45 44.5 44.2 44 43.5 43.1 42.8 42.2 41.7 40.9 40.4 39.9 39.1 39.1 39.2 39.3 38.7 37.8 37.2 37 37.1 37.2 37.3 37 37.4 38.3 39.1 40.3 41.2 42.2 42.3 42.4 42.6 43.9 45.3 46.7 48.1 49.6 51.2 51.5 50.3 48.9 46.4 44.8 43.4 41.9 40.5 40.2 39.3 39.1 39.3 39.5 40.3 42.4 43.3 43.3 42.9 41.4 40.4 39.4 38.3 37.3 36.5 36.6 37.8 38.6 38.7 38.7 38.9 39.1 39.3 40.1 41.2 41.7 41.9 41.5 41.9
50.8 50 49.2 48 46.2 45 44.5 44.1 44.1 44.3 43.7 43.1 42.9 42.6 42.3 41.7 41.1 40.5 39.5 39.1 39.1 39.2 39.3 39.4 39.1 38.3 37.8 37.3 37 36.9 37 36.9 37.7 38.6 39.4 40.5 41.7 42.6 42.7 42.9 43.4 44.6 46.4 47.9 49.4 51.7 53 53.8 51.9 49.4 46.6 44.8 43 41.4 39.9 39.9 39.8 39.9 39.8 39.8 41.4 43.4 43.6 43.7 42.8 41.3 40.4 39.3 38.2 37.2 36.6 36.7 37 37.9 38.1 38.2 38.3 38.9 39.9 40.3 40.6 40.6 40.9 40.9 41.3
51.2 49.9 48.6 47.4 46.2 44.2 45 44.2 44.6 43.9 43.4 42.7 42.3 42.1 41.8 41.2 40.6 40 39.4 39.2 39.1 39.3 39.4 39.5 39.6 38.8 38.3 37.7 37.5 37.3 37.2 37.1 38.1 39.3 40.6 40.9 42.1 43 43.2 43.4 43.7 44.6 46.9 48.7 50.9 54.2 55.2 56 53.2 49.7 46.9 44.9 43.6 42 40.4 39.6 39.6 39.5 39.5 39.5 42.5 44.7 44.9 44.1 42.6 41 40.2 39.2 38.1 37.1 36.7 36.7 36.7 36.7 37.1 37.4 37.7 38.2 38.1 39.7 39.9 39.9 39.9 40.2 40.8
51 49.8 48 46.8 45.7 45.8 44.2 45 43.8 43.3 42.8 42.3 41.8 41.6 41.7 41.4 40.7 39.9 39.5 39.4 39 39.2 39.4 39.6 39.7 39.3 38.6 38.2 38.1 37.9 37.7 37.6 38.3 39.1 40.1 41.3 42.6 43.4 43.7 44 44.4 44.9 47.1 49.4 52.1 55.3 57.1 55.3 52.7 50 47.2 44.7 43.4 42.1 40.9 39.6 39.1 39.1 39.2 40.4 43.5 45 44.9 44 42.5 40.9 39.3 38.5 37.8 36.9 36.7 36.9 37 37 36.8 36.8 36.9 37.4 38.3 39.4 39.7 39.7 39.7 39.7 40.4
50.9 49.7 48 46.7 45.4 45.8 45.4 44.1 43.1 42.7 42.2 41.7 41.3 41.2 41.4 41.6 41.2 40.8 40.1 39.6 39.2 39.1 39.3 39.5 39.6 39.6 39 38.8 38.6 38.4 38.2 38 38.5 39.4 40.1 41.5 42.7 43.5 44.4 45.2 45.5 46 47.6 49.8 52.3 54.9 56.7 56.3 52.5 50.3 47.5 44.7 43.2 42 41.5 41.1 39.3 39 39 41.3 44.3 45.8 45.2 43.9 42.5 40.6 38.8 38.1 37.4 36.7 37.1 37.3 37.4 37.3 37.1 36.9 36.9 37.3 38.1 39 39.4 39.4 39.4 39.5 40.3
49.7 48.6 47.6 46.4 45 45.1 44.5 43.3 42.5 42 41.5 41.1 40.8 40.9 41.1 41.3 41.4 41 40.6 40.2 40.6 39.5 39.1 39 40.7 39.8 39.5 39.3 39.1 38.9 38.7 38.6 38.8 39.7 40.1 41.4 42.7 43.3 44 44.6 45 46.1 47.6 50 52.3 54.6 56.1 54.6 51.6 49.2 47.2 45 43 42.4 41.4 40.7 40.3 39 39 41.6 44.8 45.6 44.9 42.7 40.9 40.3 39.3 38.7 38.2 37.8 37.3 37.7 37.8 37.6 37.4 37.2 37.1 37.2 37.6 38.2 39 39 39.1 39.1 40.8
48.3 47 45.6 45.8 44.7 43.8 43.5 42.4 41.9 41.4 41.3 40.9 40.3 40.4 40.6 40.9 41.4 41.5 41.2 40.8 41.8 41.5 41.2 40.1 41.1 39.9 39.9 39.7 39.5 39.3 39.1 38.9 38.6 39.5 40.3 41.6 42.7 43.2 43.7 44 44.1 46.1 48.3 49.9 51.9 54.1 54.6 53.2 50.7 48.4 46.5 44.6 43 41.8 40.7 40.2 39.8 39.4 39.6 41.6 45 45.9 44 41.9 39.9 39 39.4 39.3 39.2 38.8 38.4 38 38.1 37.8 37.5 37.2 36.9 37 37.2 37.7 38.3 38.5 38.6 38.7 39.8
46 44.6 44.1 44.5 43.8 43.1 42.4 41.8 41.8 41.8 41.2 40.5 40 40.1 40.4 41.1 41.6 42.1 41.9 41.5 42.2 41.9 41.7 41.4 41 40 39.7 39.9 39.8 39.6 39.4 39.2 38.7 38.8 40.1 41.9 42.6 43.3 44 44.2 44.7 47 49.7 51.5 52.8 54.4 53.8 52.1 50.3 48.3 46.6 45 43.3 41.9 41.2 40.7 39.6 39.4 41.2 42.5 45 45.3 43.4 41.2 39.2 38.9 39 39.1 39 38.9 38.8 38.6 38.5 38.1 37.8 37.4 37 37.2 37.3 37.5 37.5 37.9 38 38.4 39.3
43.9 43.5 43 43.2 42.5 41.8 41.2 40.9 42 41.4 40.6 39.9 40.1 40 40.8 41.4 41.9 42.4 42.6 42.2 42.6 42.4 42.1 41.8 40.9 40 39.5 39.7 39.8 40 39.8 40 39.1 38.7 40.3 41.4 42.4 43.4 44 44.8 46 48.4 51 53.3 54.6 55.2 54.9 52.7 50 48.6 47 45.3 43.7 42.2 42 41.7 41.3 41.1 41.9 43.6 45.3 44.9 42.8 40.7 39 38.8 38.7 38.9 38.8 38.7 38.6 38.6 38.9 38.6 38.1 37.7 37.4 37.6 37.7 37.9 37.9 37.7 37.6 38.1 38.5
42.8 42.4 41.9 41.9 41.2 40.6 40.7 41.1 40.2 39.9 39.7 40.7 40.4 40.6 41.1 41.6 42.1 42.6 43.2 43 43.1 42.8 42.5 41.9 40.9 40 39.4 39.2 39.2 39.4 40.4 40.6 39.4 38.5 40.3 41.2 42.2 43.2 44.1 44.8 47 49.9 52.4 55 56.4 55.8 55.7 52.5 49.7 48.3 46.9 45.6 44 42.5 42.3 42 41.8 41.6 41 42.8 45.2 44.9 42.6 40.2 38.9 38.8 38.6 38.6 38.6 38.5 38.5 38.5 38.9 38.9 38.5 38.1 37.8 38 38.1 38.1 38.3 38.3 37.9 37.6 37.9
41.7 41.2 40.8 40.5 40.1 40.5 40.9 41.3 39.4 39.1 40.1 41.4 40.8 41.2 41.7 42.1 42.5 42.9 43.4 43.8 43.5 43.1 42.7 41.9 41 40.1 39.4 39.1 40.7 41.5 41.7 40.9 39.9 39.3 40.5 41.5 42.3 43.1 44 44.9 47.5 50.6 53.6 55.9 57.6 56.8 54.4 51.7 49.3 48 46.6 45.2 43.9 42.9 42.7 42.4 42.2 42 41.9 43.9 45.4 44.9 42.7 40.6 39.1 38.8 38.6 38.4 38.4 38.5 38.5 37.9 38.9 39.1 38.9 38.5 38.2 38.4 38.4 38.6 38.8 38.8 38.5 38.2 37.8
40.5 40 39.6 39.6 40 40.4 40.9 41.5 39.9 39.3 39.8 41.7 40.8 41.6 42 42.4 42.9 43.3 43.8 43.9 43.5 43.1 42.7 41.8 40.9 40.1 39.5 39.4 39.6 41.2 41.8 41.4 40.5 40 41 41.5 42.2 43 43.8 44.4 47.6 50.7 53.7 55.7 57.2 56.5 54.5 51.6 49.3 47.7 46.2 44.9 43.7 43.1 42.8 42.7 42.6 42.4 43.2 44.6 45.5 45 43.2 41.1 39.4 39 38.8 38.5 38.4 38.6 37.1 38.6 38.9 39.1 39.2 38.8 38.6 38.8 38.9 39 39.2 39.4 39 38.7 38.3
40.4 41 39 39.2 39.5 40 40.8 41.4 39.8 39.2 39.5 39.8 40.4 41.8 42.3 42.7 43.2 43.4 43.7 43.7 43.5 43.1 42.7 41.9 40.9 40.1 39.7 40.2 40.6 41 41.5 41.8 41.3 40.6 41.2 41.7 42.2 42.7 44 45.1 47 49.8 52.6 55 55.6 55.9 54.3 51.2 49.2 47.7 46 44.7 43.8 43.4 43.1 42.9 42.7 42.9 43.9 45.1 45 44.6 43 41.4 39.8 39.2 39 38.9 38.9 39.1 38.4 38.8 38.9 39.1 39.3 39.2 39 39.1 39.3 39.5 39.7 39.9 39.6 39.2 38.8
38.9 38.7 38.7 38.8 38.9 39.6 40.3 40.9 40.8 39.4 39.1 39.3 40.9 42.2 42.6 42.9 43.1 43.4 43.6 43.5 43.3 43 42.7 41.9 40.9 40.3 40.7 41.1 41.6 41.9 41.3 40.7 39.9 40 41.3 39.9 40.4 41.7 43.4 45.3 46.7 49.3 51 52.7 54.7 54.8 53.2 50.5 48.8 47.1 45.3 44.1 44.1 43.7 43.4 43 42.9 43.4 44.3 45.2 45.9 44.5 42.8 41.2 39.9 39.5 39.5 39.4 39.4 39.3 39.1 38.8 38.9 39.1 39.3 39.5 39.4 39.6 39.8 40 40.2 40.3 40 39.6 39.2
38.5 38.3 38.2 38.3 38.4 38.7 39.3 39.9 40.4 40.7 40 40.3 41.6 42.5 42.7 42.8 43 43.3 43.5 43.4 43.1 42.8 42.6 41.9 40.9 41.1 41.6 42.1 42.6 41.9 41.1 39.9 39.1 39.7 39.6 39.5 40.7 41.3 42.1 43.9 46.2 48.3 50.1 50.8 52.9 52.9 51.7 49.8 48.7 47.1 45.2 44.2 44.1 43.8 43.6 43.3 43.2 44 44.8 45.2 45.9 44.6 42.8 41.1 40.1 39.9 40 39.9 39.9 39.6 39.8 39.2 39 39.1 39.3 39.5 39.7 39.9 40.1 40.2 40.4 40.3 40.1 40 39.6
38.1 37.8 37.7 37.8 37.9 38.1 38.5 39 39.5 40 40.6 41 41.8 42.4 42.6 42.8 43 43.2 43.4 43.2 42.9 42.8 42.6 42.5 41.3 41.6 42.2 42.7 42.5 42.1 41.5 40.3 39 39.4 39.3 40.4 41.2 41.6 42.7 44.1 45.3 47.6 49.8 52 52.6 52.8 52.8 51.7 49 47 45.1 44.5 44.1 43.9 43.6 43.5 43.9 44.7 45.2 45.3 45.9 44.7 42.9 41.6 40.3 40.2 40.2 40.3 40.1 40.3 40.7 39.8 39.1 39.3 39.6 39.8 39.9 40 40.2 40.4 40.4 40.9 41.1 40.4 39.4
37.7 37.4 37.4 37.6 37.8 38.1 38.4 38.9 39.5 40 40.5 41.1 41.7 42.3 42.5 42.7 42.9 43.1 43.3 43 42.9 42.8 42.6 42.5 42.1 42.1 42.5 42.4 42.2 41.9 41.5 40.9 40 39 39 39 40.3 41 42.2 43.7 45.2 47.8 50.7 50.6 51.4 52.1 52.3 51.1 49.4 47.3 45.1 44.5 44.4 43.9 44 44.2 44.6 45.3 45.8 45.6 45.8 44.7 43.4 42.2 40.9 40.1 39.5 39.5 39.9 40.5 40.8 41 40.2 40.1 40.4 40.6 40.6 40.5 40.6 40.9 41.2 41.6 41.6 40.8 39.7
37.3 37.4 37.5 37.6 37.9 38.1 38.4 38.8 39.3 39.8 40.4 40.9 41.6 42.2 42.4 42.6 42.8 43 43.1 43 42.9 42.8 42.6 42.5 42.4 42.3 42.2 42.1 41.9 41.6 41.1 40.4 39.8 39.3 39.6 39.7 39.7 40.8 41.7 43.2 44.8 47.8 48.5 49.5 50.5 51.4 52 50.8 49.1 48.9 47.4 45.7 46 45.3 44.8 44.9 45.3 45.8 46.6 46.6 46.3 45.1 43.8 42.4 41.3 40.5 39.9 39.5 39.3 40.3 40.7 40.5 40.8 40.9 41.1 41.1 40.9 40.9 41.1 41.4 41.7 41.9 41.7 41.6 40.8
37.4 37.5 37.6 37.7 37.9 38.2 38.5 38.7 39.2 39.7 40.2 40.7 41.5 42.1 42.3 42.6 42.9 43.1 43 42.9 42.7 42.6 42.5 42.4 42.2 42.1 41.9 41.9 41.7 41.3 40.6 39.9 40 40.2 40.5 40.4 40.2 40.5 41.4 42.8 45.1 46.4 47.3 48.3 49.2 50.2 50.8 50.6 50.9 50.7 49.7 47.6 47.5 46.6 45.8 45.8 46.4 46.9 47.6 47.3 46.5 45.3 43.9 42.6 41.8 41.1 40.4 40.5 41.5 41.8 41.1 40.6 40.5 40.7 40.7 41.3 41.2 41.3 41.6 41.9 42.2 42.1 41.9 41.6 41.4
37.5 37.6 37.7 37.8 37.9 38.2 38.5 38.8 39.1 39.5 40 40.5 41.2 42.1 42.4 42.7 42.9 43 42.8 42.7 42.6 42.5 42.4 42.2 42 41.9 41.7 41.6 41.4 40.8 40.8 40.9 41.1 41.2 41.5 41.3 40.9 40.4 41 42.5 43.7 45 46 47 48 49 50.6 52 52.5 53.1 52.5 51.3 49 48 47.9 47.6 47.5 48.1 48.2 47.5 46.3 45.1 43.9 43.1 42.4 41.6 41.2 42.2 43.1 42.4 41.6 40.9 40.7 40.6 40.9 41.4 41.6 41.8 42.1 42.3 42.3 42 41.7 41.5 41.2
37.7 37.8 37.8 37.9 38 38.3 38.5 38.8 39.1 39.4 39.8 40.3 41.5 42.1 42.4 42.7 42.9 42.8 42.7 42.6 42.5 42.3 42.2 42 41.9 41.7 41.5 41.4 41.5 41.6 41.8 42 42.1 42.3 42.3 41.8 41.2 40.7 40.4 41.6 42.9 44.2 44.9 45.8 46.9 48.2 49.9 51.5 53.9 56.2 55.7 54.4 52 50.9 49.9 49.6 49.3 49.3 48.7 47.8 46.2 44.7 43.9 43.4 42.9 42.1 42.5 42.6 42.2 41.7 41.4 41 40.8 40.7 41.2 41.8 42 42 42.3 42.6 42.3 42 41.7 41.4 41.1
38 38.1 38.1 38.2 38.3 38.3 38.6 39 39.3 39.7 39.7 40.5 41.5 41.7 42.1 42.6 42.8 42.7 42.5 42.4 42.2 42.1 42.1 42 41.8 41.7 41.5 41.5 42 42.2 42.5 42.7 42.9 43 42.7 42.2 41.8 41.7 41.5 40.6 42 43.2 43.9 45.1 46.4 47.2 48.8 50.3 52.8 55.6 57.8 56.4 55.7 54.8 52.1 51.8 51.4 50.6 49.6 48.4 46.8 45.6 44.4 44.2 43.7 43.1 42.9 42.6 42.1 41.8 41.4 41.1 40.8 40.5 40.9 41.5 42.5 42.5 42.6 42.6 42.3 42 41.7 41.4 41.1
38.3 38.4 38.4 38.5 38.6 38.5 38.7 39 39.4 39.9 39.8 39.9 40.7 41 41.4 41.9 42.2 42 41.9 41.8 41.8 41.9 42 42 41.8 41.7 41.5 42 42.5 42.7 43 43.2 43.5 43.7 43.7 43.5 43.4 43.2 43.1 42.3 40.9 42.1 42.9 44.1 45.9 46.2 47.5 49.1 50.6 53.2 56.1 57.2 57.6 57 54.9 53.9 53.1 51.9 50.5 49.3 48.1 47.1 45.8 45.5 44.9 43.5 43.2 42.8 42.3 41.8 41.5 41.2 40.8 40.5 41.3 41.5 41.8 42.3 42.7 42.6 42.3 42 41.7 41.4 41
38.6 38.7 38.7 38.9 38.9 38.9 38.8 39 39.5 39.7 39.6 39.5 40 40.2 40.5 41 41.6 41.5 41.5 41.5 41.6 41.7 41.8 41.9 41.8 41.7 41.8 42.5 43 43.2 43.5 43.7 44 44.1 43.9 43.9 44 44 44 43.7 41.4 41 42 43.1 43.8 44.6 46.2 47.8 49.4 50.7 52.9 55.1 56.9 57.7 56.7 55.3 53.9 52.5 51.3 50.3 49.7 48.5 47.2 45.6 44.1 44.3 43.7 43.1 42.6 42 41.6 41.2 40.9 40.8 41.5 41.8 41.8 42.3 42.7 42.6 42.2 41.9 41.6 41.3 41
38.9 39 39.1 39.3 39.2 39.2 39.1 39.1 39.2 39.1 38.9 39 39.2 39.3 39.7 40.3 41 41.2 41.3 41.3 41.3 41.4 41.5 41.6 41.7 41.7 42.3 43 43.4 43.7 43.9 44.2 44.4 44.4 44.2 44.1 44.2 44.2 44.1 43.1 42.4 41.9 41.5 42 42.7 43.9 45 46.7 48.5 49.4 50.2 52.1 55.6 57.1 56.7 55.8 54.4 53.2 52.1 51.1 50.4 49.3 47.5 46.3 44.9 45 43.9 43.4 42.9 42.3 41.8 41.3 40.9 41 41.5 41.8 42.2 42.4 42.7 42.5 42.1 41.8 41.6 41.5 41.5
39.6 39.2 39.5 39.6 39.6 39.5 39.6 39.8 39.8 40 40.3 40 40.1 40.2 40.3 40.4 40.6 40.8 41 41 41.1 41.2 41.3 41.4 41.6 42 42.3 43.3 43.9 44.1 44.4 44.6 44.8 44.8 44.6 44.3 44.3 44.2 43.8 43.2 43.1 42.8 42.5 41.9 42.1 43.2 44.4 45.8 47.2 48 48.7 50 53.1 56.2 56.6 56.2 55.2 54 53.1 52.2 50.4 49.6 48.3 46.9 45.6 45.7 44.2 43.7 43.1 42.6 42.1 41.5 41 41.1 41.5 41.8 42.2 42.5 42.7 42.4 42.3 42.2 42.1 42 41.9
41.4 40.6 39.8 39.9 40 40 40.4 41.2 41 41.2 41.2 41.1 41 41.1 41.2 41.3 41.5 41.3 41.1 40.9 40.9 41 41.3 41.9 42.5 42.7 42.9 43 43.7 44.2 45 45.7 45.3 45 44.9 44.7 44.4 44.2 43.9 43.8 43.8 43.6 43.3 42.5 42 42.3 43.6 45.3 45.8 46.7 47.8 49.3 51.1 54.2 57.2 57.5 56.8 56.1 54.7 53.4 52 50.4 49.4 48.1 46.7 44.3 44.6 44 43.5 42.9 42.4 41.8 41.2 41.2 41.6 42 42.3 42.7 42.7 42.5 42.4 42.2 42 41.8 41.6
43.1 42.4 41 40.6 40.6 41.2 42.1 43.2 43.5 42.4 42.2 42.4 42.9 42.7 42.4 42.8 42.8 42.1 41.9 41.6 41.9 42.2 42.2 42.8 43.1 43.3 43.3 43.4 43.6 44.1 45 45.7 45.5 45.1 45 44.7 45 45.1 44.8 44.8 44.7 44.4 44.3 43.7 42.7 42.2 43.1 44.4 44.4 45.7 47.2 48.6 50 52.2 56.2 59.1 58.7 58.4 56.7 54.5 52.8 51.3 50.4 49.1 47.2 44.5 44.5 44.5 44 43.4 42.7 42 41.4 41.4 41.9 42.3 42.8 43.2 42.9 42.7 42.5 42.3 42.1 42 41.8
45 43.7 42.5 42.4 43.3 44 44.6 45.8 46.1 44.7 43.6 45.3 44.9 44.4 43.9 44 43.6 43 42.4 42.4 42.5 42.8 43.3 43.6 43.6 43.7 43.7 43.7 43.8 44.3 44.4 45 45.2 45.4 45.1 45.5 45.9 46.1 45.8 45.8 45.6 45.2 44.8 44.4 43.6 42.6 43.5 44.4 44.4 45.2 46.4 47.7 49.2 50.7 54.7 59.5 59.9 60.1 57.9 55.8 53.7 52.1 51.2 50.2 47.6 45.1 44.4 44.6 44 43.4 42.8 42.1 41.7 41.6 42.1 42.4 42.7 43.2 43.1 42.9 42.7 42.5 42.3 42.1 41.9
46.1 45.2 44.3 44.5 46 46.5 47.2 47.3 46.7 46 45.5 45.8 45.5 45.1 44.8 44.6 44.3 43.9 43 42.7 42.6 43.1 43.7 44 44 44 44 44.1 44.2 44.6 44.3 44.5 44.9 45.3 46 46.4 46.8 47.1 46.9 46.7 46.3 45.9 45.5 45.1 44.5 43.4 43.2 44.1 44.4 44.7 46 47.2 48.3 49.8 52.4 56.6 60.8 61.4 60.3 57.9 55.5 54.1 52.6 50.6 48.1 45.9 44.9 46.1 45 44.7 43.7 42.9 42.1 41.6 41.7 42 42.4 43 43.3 43 42.9 42.7 42.5 42.3 42.1
47.1 46 45.2 46.6 48 48.7 48.9 48.5 47.7 47 46.8 46.6 46.4 46 45.7 45.5 44.7 44.4 43.8 43.4 43.3 43.8 43.8 43.8 44.4 44.4 44.4 44.5 44.6 44.5 44.5 44.8 45.2 46.1 46.9 47.5 47.7 48 47.8 47.4 47 46.5 46 45.4 45.2 44.4 43 43.2 43.7 44.2 45.3 46.4 47.6 48.7 51.6 54.2 58.6 61.8 60.2 58 55.7 54.4 52.7 50.6 48.5 46.3 46.2 47.1 45.4 45.4 44.4 43.4 42.7 42.2 41.7 41.7 42 42.7 43.4 43.2 43 42.8 42.6 42.5 42.3
48.1 47.7 47 48 48.9 49 49 49.1 48.6 48.2 48 47.3 47.2 46.9 46.6 46.1 45.3 44.8 44.3 43.6 43.8 44.2 44.3 44 44.9 44.8 45.3 45 44.7 44.5 44.8 45.1 45.9 46.9 47.7 48.6 49 48.9 48.4 47.8 47.3 46.8 46.3 45.7 45.6 44.8 43.6 42.9 43.4 43.8 45 45.5 46.2 47.5 49.6 52.4 57.4 59.7 59.2 57.9 55.6 54.5 52.5 50.5 48.4 46.3 47.2 48 46.8 46.2 45 43.9 43.3 42.8 42.3 41.8 41.8 42.5 43.2 43.4 43.2 43 42.9 42.7 42.6
49.3 49.5 48.6 49 49.5 49.4 49.3 49.6 49.3 49.3 48.8 48 48 47.8 47.4 46.7 45.9 45 44.5 43.9 43.8 43.9 45.3 45.2 46.7 47.3 47.5 47.2 46.4 46.3 46.3 46.2 46.8 47.6 48.4 49.1 49.5 49.1 48.8 48.1 47.6 47.1 46.6 46 45.8 44.8 44.2 43.1 43.2 44.1 45.1 44 44.7 45.9 49 52.1 57.3 59 59.7 58.4 56 54.2 52 50 48.1 46.9 48.1 48.9 48.5 47.6 45.8 44.5 44 43.5 43 42.6 42.5 42.7 43.1 43.5 43.4 43.2 43.1 42.9 42.8
