data/410000-500000.asc
ncols 200
nrows 200
xllcorner 410000
yllcorner 500000
cellsize 50
[rows 140 to 174 of 200, columns 0 to 78 of 200]
318.3 316.5 314.5 312.3 309.8 307.8 305.3 303.8 300.8 297.7 293.8 292.5 292.6 291.8 290.7 289.6 288.5 286 284 282.5 280.7 277.2 277.1 276.6 270 256.3 248.6 234.9 217.9 212.9 227.5 230.4 236.7 254.4 261.7 266.6 274.5 282.3 289.4 297 303.2 308 312.1 315.3 317.8 319.2 320.6 322.6 324.2 326.6 329 329.8 331.1 331.5 332.1 332 330.9 329.8 328.5 327.3 325.6 321.6 321.3 321.4 316 313 309.6 306.5 302.6 300.1 295.8 292.4 291.3 290 287.1 285.8 286.8 287.3 286.7
317.8 316.1 314.2 312.1 309.9 307.8 305.7 303.3 300 296.9 294.9 295.9 296.1 296 295.3 294.6 293.8 291.7 289.5 288.8 286.7 285.2 283.6 280 272.7 259.8 246.6 235.4 221.9 213.3 217.1 228.9 251.8 264.6 269.6 269.7 274.8 278.8 283.9 295.7 302.4 307.8 309.9 313.2 315.7 316.7 318.1 319.7 321.4 322.7 324.8 326 327.4 330.1 331.7 332.3 331.5 330.3 328.4 326.2 323.9 320.5 321.1 322.4 317.5 313.7 310.5 307.5 304.2 301.8 297.3 294.3 291.5 289.6 288.7 288.6 288.6 289.4 289.1
317.1 315.6 313.9 311.5 309 306.8 304.6 301 300.1 299.2 298.8 299.6 299.4 299.3 299.8 299 298 295.5 294.2 292.9 290.2 286.1 284 277.8 268.1 256.1 245.3 233.7 212.3 211 220.1 238.5 259.4 272.3 277.5 281.7 284.7 289.8 295.1 297.6 302.8 307.2 309.6 311.5 313.1 313.6 314.6 316.2 317.9 319.7 321.5 324.7 327.1 328.7 330.4 331.2 330.1 328.2 326.8 324.9 322.9 320.3 317.9 322.2 318.5 314.4 310.8 307.3 303.5 300.2 297.2 295.4 293.3 292.8 292.6 292 292.1 292.9 292.7
316.2 314.7 312.7 310.1 307.8 306.3 304.5 303.3 303.3 302.8 302.8 303.4 303.6 303.5 303 302.6 300.3 297.9 296.1 293.8 290.1 286.1 280.7 273.3 261.3 240.7 232.9 221.8 207.9 211.2 229 242.4 268.7 281.4 286 289.5 292.5 295.2 298.2 300.5 303.4 306.7 308.2 308.8 308.7 309.3 311.8 314.3 316.8 318.3 320.1 323.8 326.9 327.5 328.5 328.3 327.2 326 324.6 323.1 321.3 318.7 316 319.8 318.4 314.7 311.3 308.2 304.3 301.9 301.5 299.3 298 297.9 297.5 296 296.6 297.1 296.3
314.1 312.7 310.5 310.3 308.5 307.1 307.3 307.4 307.4 307.7 307.9 308.2 308.4 307.7 306 304 301.7 298.9 296.5 294.5 291.1 285.9 280.4 274.6 248.5 241.2 229.3 216.2 206.3 216.3 232.3 247.1 274.8 286 293.2 295.2 296.4 297.5 299.1 301.1 302.9 304.5 304.5 304.5 304.3 306 309.7 312.7 315.1 316.6 318.7 321.4 323.8 324.7 325.7 325.8 325.2 324.2 323.8 322.5 320.8 317.6 314.2 317.9 318.2 315.3 312.6 308.8 305.6 304.3 303.4 302.5 301.4 301 300.6 300.3 301 301.4 301.2
312.8 310.7 310.9 311.3 311.4 310.9 311.9 312.2 311.2 311.6 312.1 311.7 311.3 309.5 307.3 305 302.5 299.4 297.3 295.1 292 287.7 283.2 277.1 248.9 239.3 227.2 212.3 204.2 214.9 232.3 253.1 272 285.6 293.5 295.4 296.2 297.5 298.8 299.1 298.8 299.7 299.7 299.7 299.6 302.1 306 308.9 311 312.6 314 316.1 318.1 319.2 321 321.6 321.7 321.8 322.3 321.9 320.6 318.1 311.3 314.7 316.1 315.2 313.7 310 307.6 306.3 305.3 305.1 305.2 304.9 304.6 304.7 305.6 305.6 305.5
314.1 314.6 314.8 317.6 316.9 317.2 316.7 315.1 315 315.2 314.8 312.7 311.3 309.5 307.3 305.8 303.7 301 298.8 296.7 293.9 289.8 285.2 276.6 262.6 235.8 223.2 211.3 202.6 217.2 228.6 244.8 266.4 277.3 292.5 294.3 294.8 295 295.7 295.3 294.9 294.9 295.2 295.6 296 298.5 300.9 302.6 304.8 307.9 309.3 311.3 313 313.8 314.9 316.4 316.6 318.3 319 319 318.7 317 309.1 312.9 314 314.6 314.8 312.3 309.9 308.9 308.1 308.8 308.8 308.9 308.6 308.7 308.9 308.7 309
319 320.3 320.7 320.7 320.3 320.2 319.8 319.2 318.5 317 315.1 312.5 310.9 309.4 307.9 306.4 305 302.3 300 298 294.9 291.7 287.2 279.2 265.6 236.4 228 213.6 203.4 217.2 230.7 235.6 257.7 267.7 288.8 291.5 292.3 292.4 292.2 291.8 291.5 290.8 291.1 291.5 292.8 295 297.3 298.9 300.4 302.7 304.6 306.4 307.8 308.7 309.7 311.1 311.9 313 313.8 314.9 315 314.2 308.2 311.9 312.7 314 315.2 314.8 312.7 312.4 312.3 312.1 311.8 311.5 311 311.2 311.2 310.4 309.4
323.2 324.3 324.5 323.1 322.7 322.6 322.1 320.5 318.8 316.5 314.2 311.7 309.8 308.3 307.2 306 304.4 302 300.5 299 296.6 293.5 290.2 281.8 267.8 242.9 225.2 212.6 199.4 212 227.7 234.2 247.7 262.5 282.9 288.9 289.7 289.9 289.2 288.5 288.1 287 286.7 287.3 289.9 292.3 294.9 296.3 297.6 300.2 301.4 302.3 303.5 305 306.3 306.8 308 309.2 310.4 310.7 311.2 310 308.2 311.7 313.5 314.9 315.8 316.6 315.4 315.1 315 314.8 314.4 313.8 313.5 313.6 313 312.4 310.6
327.1 327.8 328.9 327.1 326 323.4 321.3 318.7 316.6 314.1 312.3 309.9 307.9 306.7 305.6 304.5 302.8 299.8 299 298.5 297.5 296 294.8 282.6 271.5 250.5 226.2 214.7 200.9 208.7 225.4 227.8 241.3 256.2 275.7 285.9 286.9 287.7 287 285.8 284.6 283.1 281.4 286.6 288.9 290.3 292.5 294 295 297.4 298.7 300.1 300.8 301.9 303 304 305.4 307 307.3 306.7 306.7 304.4 310.1 310.7 312.4 314.7 315.9 316.7 317.4 317.3 317.6 317.2 316.6 316.2 316 315.4 314.7 313.9 314
330.6 331.7 331.1 329 326.6 321.6 318.2 315.6 313.7 311.6 309.3 306.4 303.9 303.3 303.3 302.4 299.4 296.9 295.8 295.1 294.9 294.3 292.5 283.2 274.8 256.4 228.5 219.1 199.9 206.4 213.9 221.8 229.3 249.1 261.1 279.5 281.8 284.2 284.1 283.1 279.9 269.4 282.8 285.8 287.4 288.9 290.7 291.7 293.1 295.2 296.5 297.8 298.4 299.3 300.5 302 303.6 304.9 305 302.2 304.2 306.1 309.7 310.6 310.6 312.1 314.4 315.2 316.1 316.8 318 317.5 317.4 316.8 316 315.9 315.2 315.7 316.5
328.7 328.8 329.2 326.6 321.5 316.9 314 312.6 310.6 307.8 305.4 302.1 300.4 300 299.7 298.8 295.8 294.1 292.9 291.8 291.8 292 289.1 283.8 276.7 261.8 234.1 228.1 207.6 197.3 202.3 210.3 217.8 230.5 247.4 252.3 253.6 260.6 268.8 270.2 266.7 271.6 281.9 284.6 286 287.3 288.7 289.9 291.1 292.9 293.5 295.5 296.3 297.4 299.2 300.7 302.8 303.1 299.2 302.8 306.3 307.6 307.7 308.7 309.2 309.5 311.8 313.6 314.6 315.2 315.8 316.2 315.5 315.4 315.5 315 315.8 316.6 315.4
326.2 325.7 325.2 322.4 317.8 315.6 312.5 310.4 308.5 305.8 302.5 299.2 297.7 296.3 295.3 294 292 290.9 289.7 288.5 288.5 289.2 286.6 281.9 277.6 265.8 242 233 217.9 199.7 192.9 199.1 210 220.1 227.1 232.4 237 243.6 249.9 251.9 244.6 270.5 282.4 284.1 285.4 286.7 288 289.4 289.7 291.5 292.1 293.2 295.1 296.2 298.1 300.1 302 302.1 297.7 301.9 305.8 305.9 306 306.2 306.8 307.6 308.9 311.4 312.4 312.7 313.1 312.9 313.3 313.2 312.8 313.3 314.5 312.8 311.3
323.8 323.1 322 318 316.2 314.1 311.4 309.5 307.9 304.6 301.2 295.3 292.3 292.1 291.5 289.9 287.7 285.8 285.1 284.4 285 284.6 282.1 278.6 277.1 267.2 246.7 229.7 220.7 209.2 199.7 194.4 205.5 215.4 217.5 216.4 222.8 230 236.9 237.2 255.4 275.9 284.5 284.6 285.6 286.8 288.1 289 289.3 289.7 290.8 291.8 293.3 295.1 297.3 299.2 300.3 291.7 301.4 303.4 303.7 304.2 304.3 304.4 304.8 305.7 306.9 308.8 309.9 310 310.2 309.5 310.5 310.7 310.9 312 312.5 310.1 307.1
321.5 320 319.1 316.7 314.3 312.4 310.1 308.3 305.3 302.9 300.2 296.2 290.7 288.6 288 286.1 283.9 282 281.2 280.6 280.8 280.6 279 276.4 275.7 262.4 250.4 226.9 215.8 211 199.5 190.1 204.2 204.8 216.5 224 229.5 235.1 238.4 248.3 260.2 273.7 279.9 284 286 287.3 288.7 288.5 288.8 288.3 289.2 290.5 292.5 294.4 295.9 291.9 282.1 297.3 301 301.6 301.6 302.2 302.7 303 302.9 303.8 304.9 305.9 306.5 305.5 306.4 307 307.3 309.1 309.8 308.5 307.5 306 303.3
321 317.8 316.4 315.5 313.1 310.6 308.8 306.4 303.7 301.2 298.5 295.4 291 287 284.2 282.3 280.3 278.4 277.1 276.2 276.1 275.9 275.7 272.5 263.9 253.9 231.7 215.9 210.4 204.9 193.2 190.4 200.7 210.1 221.2 229.4 235.6 242.7 252.5 255.7 261.8 269.5 278.7 284.7 287.5 288.5 288.3 287.7 287.7 288.3 288.4 288.9 290 292.4 285.9 268.5 294.9 298.7 299.3 299.6 299.5 299.9 300.7 301.2 301.4 301.7 302.1 302.7 302.6 302 302.6 303 304.3 306.4 306.2 303.7 301.7 301.6 299.8
321.1 317.4 314.5 313.6 311.6 309.1 306.8 304.3 301.4 299 296.5 293.1 289.3 286 282.5 277.6 276.6 274.7 272.5 271 269.2 269.1 267.8 257.1 243.9 223.3 213.1 209 203.2 198.2 186.3 193.4 202.8 214.4 222.3 230.8 242.9 255.2 265.1 273.6 280 283.2 285.7 288 289.2 289.1 288.3 287.4 287.1 287.4 287.3 287.8 289.4 290.2 268.5 266.2 295.6 297.1 297.5 297.5 297.5 297.5 298 297.9 298.5 299.4 299.4 299.5 299.4 299.3 300 301 301.8 302.9 303 300.6 299.6 298.5 297
320.2 317.8 315.1 311.3 309.5 307 303.9 301.3 298.2 296.3 294.6 291.5 288.3 284.1 280.4 276.3 268.7 269.5 267.2 264.6 261.7 258.7 246.1 231.3 214.6 209.5 204.7 199.2 191.1 191.5 183 198.9 211.3 218.6 225.8 236.8 254.7 270.8 285.4 289.4 290.5 290.3 290.4 290.2 290.6 290.3 288.2 286.9 286.7 286.9 285.8 287 288.9 288.5 256.1 265.5 293 295.1 295.4 295.4 295.1 294.8 294.6 294.7 295.4 296.7 297.4 297.7 297.1 295.3 296.6 297.2 298 299.4 299.2 297.9 297.3 296.1 294.6
318.1 315.6 313.5 312.1 308.7 304.9 301.6 298.4 295.6 294.4 292.7 290.6 287.1 283.3 279 274 269.4 261 259.2 256.8 248 238.5 222.3 205.6 203.1 200.9 192.5 179.9 180.1 181.1 196.5 209.8 217.7 223.3 234.6 250.6 268.6 288 292.3 293.4 292.4 291.6 291.3 291.2 290.7 290.1 288.4 286.3 285.7 285.2 285.5 285.3 286.5 285.5 252.1 253.8 272.5 292.7 293.6 294 293.5 293.1 292.6 292.8 294.3 295.4 296 294.6 292.2 289.9 290.3 290.5 288.8 290.9 284.4 291.1 294 294.5 293.8
315.2 312.9 311 309.3 307.1 304 300.7 297.2 294.4 292.2 290.8 289.3 285.7 281.9 277.3 272 265.9 259.5 255 243.4 224.5 214 200.5 196.6 193.7 188.4 176.5 177.3 184.4 194.5 206.7 217.1 224 232.4 246.3 261.7 285.1 290.6 292.2 292.6 292.3 292.1 291.9 290.7 289.5 289.8 288.9 286.7 283.8 279.1 284 282.9 283.7 284.9 257.9 239.2 253.3 269.3 290.9 291.1 292 291.6 287.8 291.9 292.9 292.9 289.6 285 273.4 268 264.3 251.3 241.1 254.9 260.3 257.8 261.8 278.2 279.1
310.5 308.5 307.2 305.5 303.7 301.7 299.2 296.3 292.4 290.5 288.8 286.9 284.3 279.9 274.1 267.9 261.4 256.7 251.8 229 206.5 194.3 192.3 187.5 184.2 177.8 174.1 183.4 193.7 204.1 214.6 220.4 232.3 243.9 259 281 288.2 290 290.5 291.2 290.5 290.7 290.4 289.5 288.4 289.2 289.1 286.2 283.4 276 280.1 277.8 281.5 283.1 260 234.1 236.3 252.3 281.6 272.6 272 277.8 270.2 260.6 267.2 281.5 262.2 248.4 234 228.6 223.8 223.2 225 221.6 218.5 221.4 225.7 225.3 229.9
305.8 303.3 301.6 300.6 299.2 297.1 294.7 292.3 288.9 285.5 284 283.1 281.3 277.8 270.7 263.9 257.6 253.1 248 219.5 199.5 187.9 186.4 181.9 178.1 173.5 175.2 188.3 198.9 208.8 217.5 229.6 239.2 258.9 270.5 289.1 288 289.5 289.8 289.3 288.3 288.3 288 287.3 287.2 287.8 287 284.6 281.7 277.4 271.9 265.7 279 279.9 244.7 229.3 227.2 242.5 254.8 252.4 251.3 252.5 249.1 247.6 246.7 247.4 239.9 223.6 214.3 214 210.3 215.4 216.3 213.4 215.4 219.2 217.8 218.4 220.9
300.2 297.4 295.9 294.9 293.8 291.6 289.7 287.3 283.9 282.2 280.2 279.4 277.4 273.9 268.7 262 254.5 247.3 234.8 213.4 195.4 186.1 180.4 176.6 172.3 171.8 181.6 193.4 203.1 214.5 227.5 240.7 266.1 280.4 288 288.9 289.1 288.9 289 288.5 287.2 286.1 285.8 285.8 285.7 285 283.8 281.9 278.6 272.8 248.1 259.2 267.7 262.1 240.8 221.3 214.7 226.6 231.4 229.7 222.4 221.7 222.1 222.9 227.1 225.8 218.7 210.4 213 204.5 204.2 200.2 202.7 206.7 208.1 206.5 208.8 209.5 208.7
295 291.9 290.7 289.5 288.3 286.4 284.5 282.6 280.3 277.8 275.1 275.6 274.2 270.9 266 260.5 251.7 242.7 220.5 207.2 193.4 183.9 177.9 174.3 171.1 176.8 186.8 197.4 208 219 229.2 258.3 282.7 287.1 287.9 288.2 287.6 287.8 287.8 287.6 286.3 284.9 284.1 283.4 282.9 282.1 281.1 277.8 267.4 251.6 240.8 244.7 246.9 240.3 236.6 210.4 197.7 204.5 211.3 210.6 205.6 203 208.4 209.4 209.9 208.9 203 203.6 204 196.1 194 193.6 194.7 195.3 196.6 194.4 194.2 193.6 199.2
288.9 286.4 285.5 284.4 283.2 281.3 280.3 279 276.6 274.4 272.4 271.9 270.5 266.9 262.8 259.9 250.7 238 216.4 205.6 193.1 181 176.7 175.3 167.2 178.1 189.3 199 209.3 218 238.1 259.9 279.9 287.5 287.4 287.7 286.6 286.1 286.2 286.4 284.7 283.3 282.1 281.5 280.8 279.7 276.6 260.8 251.6 237.9 225.5 229.7 227.6 225.5 215.4 212.5 193.8 199 205 198.8 199.6 200.2 199.5 198.2 195.3 195.1 196.1 197.3 194.8 179.2 179.3 182.6 182.9 177.8 172.7 172.1 171.5 175.1 181.7
284.9 282 280.5 279.5 278.8 278.1 277.1 275.3 272.5 270.3 268.2 267.5 265.1 253 249.9 256.4 239.1 231.4 211.4 200.9 187.5 178.3 175.3 170.8 171.1 179.5 185.4 197 209.3 217.9 241.9 256.8 270.8 284.3 286.5 286.8 285.6 285.2 285.3 285 282.8 281.3 280.4 280.1 278.9 276.7 271.1 252.5 238.2 224.3 207.4 205.8 213.9 210.5 202 201.1 190 188.9 193.2 188.7 191.6 191.1 190.5 189.7 191.1 190 188.3 187 185 172.8 173.6 171.3 167.1 163.4 161.9 161.7 161.1 167 167.5
281.2 278.7 277.2 275.8 274.9 274.3 273.8 271.9 269.5 266.1 264.2 262.2 243.6 234.8 232.1 225.4 227.4 212.1 202.5 193.7 181.3 175.3 174.4 169.5 168.7 176.3 182.6 192.2 206.3 215.8 230.5 246.6 258.1 262.9 276.7 285.3 284.7 284.6 284.4 283.6 281 279.3 278.6 279.3 276.9 269.5 246.8 237 230.1 210.7 204.1 201.6 196.7 198 194.9 189.5 185 183.6 182 182.7 184.8 185.2 183.2 180.7 184.5 185 179.6 177.9 174.8 164.9 159.5 155.7 149.7 151.5 152.3 152.1 151.4 150.6 156
277.6 275.9 274.5 272.9 272.3 271.7 271.2 269.7 267.7 264 257.9 247.3 230.1 217 212.4 204.6 201.9 198.4 194.8 183.4 174.6 172.7 174.1 173.7 163 175.6 180.8 195.4 201.2 209 214.5 218 223.6 229.5 248.9 254.1 259.4 269.1 272 277.6 279 277.6 278 276.9 263.3 239.6 235.6 229.9 210.9 199.5 191.8 192.9 185.9 183.9 183.1 181.4 177.1 169.5 167.4 170.3 175.6 171.9 171.8 172.1 173.7 168.1 165.9 162 155.6 157.4 147.3 140.4 136.3 138.6 144.1 146.6 150.8 149.3 148.1
274.2 272.8 271.2 270.3 269.9 269.5 269.6 268.3 266 262.4 257.7 245.6 229.5 213 203 196.2 191.4 189.3 183.5 173.9 170.7 171.1 173.7 176 158.3 172.5 183.3 192 196.1 198.9 200.5 204.9 210.9 211.2 214.9 217.9 222 224 237.3 248.2 265.5 276.5 265.1 249.5 239 231 219.1 206 198.1 190.1 193.2 184.9 180.2 172.3 171.7 169.4 163.4 159.2 159.1 161.8 161.6 161 162.4 161.9 157.6 155.7 152.1 143.2 141 139.4 142.8 138.7 137.2 138.9 134.8 137.6 140.7 141.3 144
271.3 269.8 268.4 268.2 267.9 268.1 268.4 267.1 265.8 263.5 261.4 251.7 232.7 211.7 196.8 191.5 182.6 180 174.9 170.8 170.6 171.7 174.5 175.1 155.8 170.2 185 188.3 190.5 193 195.1 198.1 199.4 201.4 202.6 205.1 205.5 209 206.5 216.6 233.1 240.9 232.5 220.8 210.5 210 203.3 198.4 188 187.1 185.1 176.9 171 166.3 159.2 155.7 154 152.9 152.5 149.8 146.9 143.8 147.7 148.2 147.6 142.8 136 132.5 130.5 132.7 130.6 127.6 120.5 120.9 120.2 126.2 129.1 131.2 133
268.7 268.1 267.6 266.8 266.1 267.1 267.9 267.5 266.3 264.6 262 254 231.1 209.7 193.2 182.9 177.4 174.5 171.6 170.8 170.3 171.7 174.5 176.1 153.9 174.8 179.7 182.1 181.8 183 184.9 185.4 185.6 183.2 182.8 184.7 190.9 196.3 197.5 200.1 204.7 208.6 207 202.7 203.1 200.1 193.3 190.8 186.1 178.8 170.9 165.8 162.1 154.6 153.3 150.6 147.4 148.8 147.4 147 142 138 136.7 135.3 130 125.5 126.6 123.6 117.9 118 117.7 117.9 116.8 116.8 116.8 116.6 119.8 120.4 120.5
266.6 267.5 267.6 266.6 266.2 266.9 267.3 266.9 266.4 265.4 262.2 256.8 235.1 208.9 193.1 182.1 175 172.1 170.8 169.3 169.3 170.5 173.8 174.6 158.3 153.4 173.2 174.2 173.6 173.3 173.5 174.3 175.7 175 169.6 163.2 163.7 169.3 186.5 190.3 193.4 192.2 195.2 197.9 196.2 196.1 186.9 177.8 172.3 166.5 154.7 151.2 147.6 149.2 146.3 144.7 144.2 144.4 144 141 139.9 137.4 137.7 135.9 133.4 124.9 119 117.4 116.9 118.4 117.5 117.8 117.2 116.6 116.3 116.7 114.5 114 116.7
265.8 268 267.7 266.4 266.3 266.7 266.7 266.4 266.3 264.8 263.1 258.3 240.9 213.7 196.2 184.5 175.3 170.6 169.7 167.9 167.7 168.6 169.8 170.1 168.1 159.8 151 154.2 157.8 158.5 163.4 166.5 165.4 163.4 156.5 159.3 157.2 151.3 150.5 162.5 174.5 175.9 183.8 187.4 184.1 178.9 170.9 160.3 153.2 147.8 140.6 141 141 142 142.2 139.8 138.6 135.9 134.4 135 132 133.5 134 130.4 119.5 116.9 116.7 119.3 118.7 116.9 116.6 116.4 116 117.5 114.9 114.6 116.6 115 114.8
263.7 267.5 267 264.9 266.5 266.6 266.3 266.4 266.4 265.2 264.6 262.7 245.1 220.4 201.5 186.3 173.7 169.7 168 167.8 166.1 165.2 164.1 164.5 164.3 163.8 156.1 150 141.7 149.7 155.9 159.9 158 154.7 145.5 147.2 147.2 143.5 138.8 139.4 147.6 155.7 166.2 166.9 163.5 156.9 149.4 143 136.7 134.6 132.8 133.6 136.5 138.7 138.3 134.8 131.8 129.5 128.2 126.2 125.1 124 120.5 117.3 118.1 119.5 119.2 118.6 118.7 118.7 118.4 116.9 116.2 115.3 119.7 117 116.3 116.1 115.4
259.7 261.1 259.5 265.7 266.6 266.7 266.9 266.8 266.5 265.5 265 264.7 252.9 225.4 203.2 184.5 171.1 166.4 165.3 165.8 165.8 164.1 161.7 159.9 160.1 161 161.1 158.8 146 140.4 139 153.7 151.5 143.4 136.6 137.4 131.2 127.6 127.3 124 131.5 144.2 145.1 144.4 141.3 135.7 132.6 126.2 125.4 127.2 127.8 132.5 132.6 129.1 128.7 128 124.2 122.6 121.8 118.9 118.5 117.7 119.3 120.6 120.8 120.1 119 118.5 118.5 118.4 118.4 118.4 118.7 124.4 125.1 124.5 120.7 117.6 115.5
