data/410000-440000.asc
ncols 200
nrows 200
xllcorner 410000
yllcorner 440000
cellsize 50
[rows 105 to 139 of 200, columns 80 to 159 of 200]
333.8 328.6 325.9 320.2 315.4 310.4 305 302 299.4 296 292.2 287.8 281.9 280.8 276.3 274.5 270.1 261.4 250.5 246 238.3 231.4 224.1 217.2 211 204.4 195.9 189.8 182.7 175 167.1 160.4 155.1 150.1 144.2 137.4 129 122.9 120.3 116.9 115.4 113.3 113.7 110.4 109.1 108.5 108.3 108.9 106.2 107.3 106.8 105.9 104.5 103.9 103.4 103.7 104.2 103.6 100.4 99.1 98.8 97.4 96 96.2 98.1 103.2 105.5 104.9 104.4 107.7 111.4 112.7 114.2 112.1 108.7 117.8 121.2 112.7 108.7 97.1
336.8 333.3 329.5 324.1 318.8 312.5 305.6 301.1 297.5 293 290.1 285.9 278.9 278.9 281.3 271.2 268 264.1 256.7 249.9 241.8 235.2 227.6 220.3 215.1 210.5 204 196.5 188.4 180.3 173.1 165.6 157.2 151.7 144.9 136.4 129.9 125.1 121.2 118.6 116.9 116.7 115.8 113.9 110.5 110.1 110.4 110.3 109.3 108.7 108.7 107.4 106.2 105.8 105.7 106.2 105.9 103.2 101.9 100.5 101.9 102.4 99.4 98.1 98.7 103 105.9 106.4 105.9 107.2 110.8 109.8 111 110.2 108.3 114.3 120.3 120.8 118 114.5
341.9 337.5 333 328 322.7 317.3 310.3 302.9 298.4 293.3 286.9 282.1 278.9 278.9 279.1 270.8 268.5 263.5 258.5 253.9 248.7 239.3 230.4 224.3 217.6 212.7 205.6 200.4 194.1 187 180.6 174.1 166.1 156.4 146.3 137.6 131.1 126.7 123 120.6 121.5 120 117.7 116.6 115.1 112.2 112.1 111.7 110.8 110.4 111.2 109.9 108.6 109.2 108.6 109.3 109 106.9 105.6 102.5 102.4 103 103.9 103.8 101.9 102.6 106 107.5 108.6 109.3 111.3 109.7 109.1 109.6 109.4 109.5 112.2 116.8 118.1 117.4
344.4 341.5 336.6 331 327.9 321.7 315.1 307.7 301.8 297.3 290.5 283.6 278.9 278.9 274.2 270.7 267.8 263.5 259.2 254.8 248.4 242.8 238.5 227.4 217.3 211.8 205.9 199.6 195.2 191.1 185.1 178 172.1 163 153.2 143.3 133.5 128.7 124.8 122.7 125.8 126.8 123 119.2 118.5 116.5 115.2 115.1 114.4 114.3 112.7 110.6 110.5 111.2 111.6 110.4 113.8 111.2 107.9 106.1 105 103.6 104.6 105 103.1 104.6 106.6 108.6 109.5 111.1 111.6 110.5 110.2 109.2 108.8 108.7 106.6 110.1 113.8 115.5
343.5 341.7 338.9 335.1 329.8 325.4 318.8 313.6 307.5 300.6 293.2 287.5 278.9 278.9 271.9 265.2 263.3 261.4 259.3 254.2 248.1 244.5 240.5 234.2 225.6 215.9 210.9 202.5 196.1 192.4 187.3 180.2 173.7 168.1 159.8 150.9 136.9 132.1 128.3 130 126.3 128.4 129.6 122.9 121.4 121 118.6 118.4 117.7 116.3 114.2 113.5 113.8 114.2 114.1 112.5 112.8 111.6 112.8 111.8 108.9 106.3 105.3 105.6 105.2 104.8 107.2 107.9 108.6 109.2 110.8 111.1 110.5 109.6 100.6 96.7 99.8 97.7 95.9 94.4
340 338.7 336.7 334.2 331.2 327.4 321.7 319.5 313.8 308.2 298.6 290.6 285.1 278.4 273.8 268.3 263.9 259.1 254.5 251.4 247.8 245 239.5 234.2 228.1 224 216.6 208.4 205 200.3 190.6 181.5 175.2 166.5 156.1 145.5 146.2 140.8 134 134.7 129.7 129.6 131.3 128.6 127.5 126.8 123.1 122.2 120.2 117.8 116.8 116.5 118.1 118.8 119.1 117.6 116 111.5 111.9 112.6 111 107.8 108.3 108.9 107.7 106.3 107.5 107 108 108.9 109 109 109.2 109 102.1 103.2 100 96.7 91.5 89.7
335.5 334.6 332.7 330 328.7 326.6 323.8 321.9 319.9 313.8 305.6 295.8 289.6 282.2 276.4 270.2 264.5 260.5 254.7 250 242.9 236.8 232.1 227.5 225.2 221.5 216.9 210.3 206.7 205.8 195.9 186.3 172.4 158.9 159.8 157.6 150.7 147.4 142.2 137 140.4 140.6 134.8 131.2 131.2 130.6 127 123.7 121 122.5 120.5 120.4 122.5 122.1 122 120.3 118.2 115.2 111.7 111 109.8 110.8 111 111 109.9 108.8 108.8 107.3 107 109 109.1 109.2 108.7 106.8 106 105.3 107.9 109.7 117 115.2
331.1 329.9 327.9 327.5 326.2 325.1 322.5 320.6 318.1 317.9 312 303.7 295.7 287.8 280.4 274.3 268.1 262.6 255.7 250.9 245.2 239.5 230.5 223.3 218.6 215.8 209.6 206.7 200.6 198.8 194.1 185.8 179.4 175.1 172.4 166.2 159.4 153.6 148.2 144.3 141.8 143.4 139.3 134.5 134.6 132.6 128.2 123.8 125 126.2 125.7 123.7 124.2 124.2 124.7 122.8 120.3 117.7 115.2 112.9 111.7 111.9 113.2 112.9 111.1 111 109.7 107.5 107.7 108.2 109.1 108.1 108.7 109.8 110 107.6 106.4 108.5 111.6 117.5
327.4 325.5 324 323.7 323.4 322.4 321.2 318.5 316.5 316.4 313.8 308.7 302.6 294.7 285.8 278.4 272 265.2 258.6 252.2 246.7 241.3 235.6 229.6 223.2 221.2 217.3 210.5 208.8 204.9 197.3 192.9 190.1 183.6 179.7 173.6 166.6 161.5 155.9 151 146.2 145.1 146.8 144.2 144.1 143.9 131.1 126.4 127.2 128.1 130.1 129.8 128.9 127.5 126.4 124.9 123.4 121.4 119.1 117.3 114.6 112.8 114.4 114.4 112.2 111.1 108.6 108.5 108.7 108.9 109.4 110.1 110.8 111.5 111.8 111.6 109.9 108.8 109.5 112
323.8 322.6 320.7 320 320.1 319.6 318.7 316.3 314.6 313.9 315.1 309.9 305.6 301.1 294.1 287.1 277.5 269.9 263.8 257 251.2 244.3 238.9 232.4 227.2 223.9 218.6 213.6 210 205.8 200.2 196.4 194.5 189.2 184.2 176.8 171.3 166.6 161.1 155.7 150.8 149.1 151.2 149.8 147.7 145.2 133 130 129.4 131.3 134.5 135.2 134 132.8 132.3 128.3 127.1 125.6 123.3 121.5 120.1 116.7 113.4 114.3 112.3 111.3 110.4 109.9 110.1 110.2 110.6 111.5 112.2 112.8 113 112.9 113.2 113.6 110.3 110.3
320.4 319 318.3 317.6 316.5 316.6 315.9 313.7 312.2 311.5 311.3 309.4 306.1 303.1 299.1 293.3 284 278.3 269 261.7 257.2 249.3 242.7 236.1 231.7 225.7 220.1 215.5 213.6 206.8 203.1 200 198.4 192.6 185.4 179.9 174.8 169 164.2 160.4 155.5 151.8 150.8 147.7 144.5 139 135.3 132.5 132.2 135.9 139.2 139.2 138.1 136.8 135.7 135.6 133.3 131.5 127.6 125.5 122.1 120.1 118.3 115 114 113.4 112.4 111.3 111.5 111.5 111.7 112.6 113.5 113.3 112.8 113.1 114.8 112.9 110.6 111.6
317.6 316.2 316 315.5 314.9 313.6 313.1 312.1 310.9 310.3 310.1 309.5 306.7 302.9 298.7 294.5 288.5 283.4 277.3 270.7 265.2 257 250.2 244.4 237.6 232.1 226.8 221.2 216 210.4 207.5 205.2 203.9 196.8 188.8 183.4 178.6 169.7 168.7 164.9 159.2 154.3 151.3 149.4 147.7 144.4 141.9 136.7 136.1 140.7 144.2 140.8 139.2 139.2 138.6 137.7 136.9 135.2 132.2 128.3 123.9 120.1 118.1 116.5 115.5 115 114.4 112.6 112.8 113.3 113.3 113.9 114.9 115.6 115.1 114.6 113.8 110.8 110.9 111.2
314.8 313.5 313.2 313 312.8 312 310.7 310.6 309.7 309.1 308.9 308.4 308.6 306.4 303.3 295.1 287.2 281.4 276 271.7 264.7 259.5 254 249.9 244.1 243.2 237.6 230.7 223.6 222.1 220.3 214 206.8 201.9 190.3 189.8 183.2 177 171 167.7 163.7 159.6 154.6 151.3 149.7 147.7 146.5 144 145.4 147.1 146.1 144.5 142.1 142.6 142.4 140.6 138.4 136.2 132.9 129.1 125.9 122.5 120.4 119.7 118.2 117.7 117.2 115.9 115.3 115.1 115.2 115.1 116.2 117.4 117.2 116.2 113.1 111.5 111.9 113.7
311.9 310.7 310.5 310.2 310 309.8 309.3 308.7 308.2 307.3 306.1 307.1 308.3 304.8 300.5 290.1 282.8 278.2 272.9 267.2 263.2 258.5 253.5 251.7 247 244.4 241.6 236.7 235.6 230.9 223.6 215.8 210.1 201.5 195.9 194.1 188.1 182.7 176.9 171.1 167.1 163.7 159.5 154.2 151.7 149.7 148 146.5 146.9 146.2 144.8 144.5 143.2 144.2 145 143.8 141.1 136.8 131.4 128.2 125.1 123.5 122.4 121.8 121.2 120.7 120.2 118.9 117.1 116.9 116.7 116 116.8 117.4 118.3 115.4 112.4 112.1 113.1 117.9
308.7 308 307.5 307.1 306.7 306.3 306.2 305.7 305.1 304.2 302.5 303.3 304.3 299.4 291.4 285.9 281.9 276.2 271.3 266.7 263.4 259.1 253.3 249.4 246.3 243.4 241.3 240 236.5 232.2 228.6 219.9 215.6 209.4 202.1 197 191.6 186 181.8 176.9 171.8 166.2 162.7 160.1 155.7 152.5 149.7 148.7 148 146.6 145.1 144.6 142.6 141.2 142.7 144.4 142.6 135.7 129.3 128.1 127.3 125.6 125.1 125.5 124.5 122.9 122.2 120.9 120 118.2 117.7 116.9 117.9 117.4 117.6 116 114.2 113.9 114.6 121
305.4 304.9 304 303.6 303.2 302.9 302.9 302.6 301.9 300.9 300.1 298.3 297.3 288.9 285.6 282.9 278 272.8 269.4 265.9 262.7 259.7 254.9 254.1 247.1 244 240.4 237.9 235.5 231.7 229.3 225.1 220.2 214.6 207.6 199.3 195.9 190.5 186.2 182.6 178.2 172 165.8 162.9 160.3 157.3 154.2 151.3 148.8 146.9 145.5 144 142 140.2 137.9 139.5 137.8 133.4 133.9 130.8 130.7 129.3 129.5 129 128.2 126.7 124.6 122.7 121.4 120.1 119.2 118.7 118.6 117.6 120.4 119.7 119.2 116.1 119.6 122.3
302.5 302.2 300.9 300.1 299.7 299.6 299.5 299.1 297.7 296.4 294 290.9 290 285.3 283.7 281.2 277.8 274.2 269 266.4 263.3 259.7 256.2 254.4 247.4 243.4 239.6 237 235.4 233.9 230.9 226.9 223.8 218.3 211.4 205.4 200.1 195.2 191.5 189.1 185 177.9 172.1 168.1 164.7 161.4 158.5 154.9 151.3 148.8 146.3 143.7 141.8 140.3 138.3 136.2 134.5 139.3 140.6 137.6 134.7 133.6 133.5 132.4 130.8 131.6 130.4 127.6 124.9 123.4 121.5 120.9 121.1 119.5 120.9 124.2 123.2 116.8 120.6 123.5
300.9 299.5 298.2 296.8 296.3 295.9 295.4 294.4 293.2 291.2 288.9 287.8 288.5 284.4 283.2 280.6 277.8 275.8 272.3 270.1 265.3 261 257.5 253.2 249.4 245.7 243.2 239.7 237.9 234.5 232 230.2 227.2 221.9 216.3 210.7 204.9 200.2 197.8 195.1 193.8 187.8 182.1 176.7 170.9 166.5 162.7 158.4 154.4 151.3 148.1 145.1 142.5 141.5 140 138.6 137.6 139.2 140.4 139.8 139.4 137.9 136.4 134.8 134 134.2 133.9 132.7 130.9 128.1 125.2 123.7 124.1 125.1 124 125.6 124.2 117 121.8 124.7
298.7 296.4 295 293.5 292.2 292.1 290.9 289.6 288.6 287 286.4 285.5 286.5 285.7 284.4 281.9 279.3 276.7 274.3 271.2 268.2 264.7 259.9 256.3 252.9 250 247 241.6 238.4 234.7 232.1 227.4 225.7 222 218.8 217 214 209.1 206.3 203.8 202.4 196.5 191.4 186.2 180.8 174.9 170 164.2 159.7 153.7 150 146.8 144.1 142.8 141.9 140.5 140.1 140.8 140.6 140.3 140.5 140.1 138.6 137.2 136.7 136.2 135.6 135 132.1 130.3 128.4 126.2 126.9 127.3 126.8 126.6 121.2 122.6 125.3 127.3
295.6 293.4 291.6 289.6 287.7 287.3 286.9 285.9 284.8 283.4 283.4 283.7 284.2 285.6 284.9 283.3 281.4 278.9 276.4 274.5 271.4 268.5 265 259.7 256 253.2 248.9 243.8 236.6 230.8 228.7 225.6 222.4 221.2 219 216.3 214.1 213.2 211.4 210.2 209.2 203.3 198 193.8 189.4 184.7 179.2 172.7 165.6 157.9 152.2 149 146.4 144.5 143.4 142.3 141.7 141.5 141.1 140.9 141 140.7 140.2 138.3 137.6 137 136.4 135.4 133.8 132.5 131 129.2 129.1 128.9 128.8 127.9 125 122.9 127 130.3
293.5 290.9 288.6 286.4 284.4 283.5 283.1 282.5 282 281.5 281.2 281.1 282.4 284.3 286 284.5 281.5 280.6 278.4 276.4 273.8 271.1 266.7 262.6 257.2 254.5 249.6 244.5 239.6 232.1 224.5 222.6 219.5 217.4 218.3 215.8 212.2 211.1 210.2 210 209.7 207.5 202.6 198 194.3 191.5 186.8 180.3 172.3 164.1 156.2 152 150.3 148.6 145.8 144.3 143.8 142.1 141.3 141.2 141.3 140.7 140.1 139.4 138.7 138 137.1 136.4 135.5 134.5 133.3 132.4 131.9 131.4 130.8 130 127.2 122.2 124.7 131.8
290.9 288.5 286.2 283.8 281.5 280.5 280.1 280.1 280.2 279.8 279.5 279.2 280.3 282.7 285.2 284.4 281.3 279 277.7 275.4 273.1 270.9 266.6 263.3 260.2 257.5 254.1 247.2 242.7 238 231.7 224.3 217.8 215.2 213.9 213.7 210.5 210.7 209.1 208.6 208.2 206.4 203.1 198.7 196.1 193.2 190.2 186.6 179.7 171.3 165.1 158.5 154.3 152.5 149.5 146.7 145.3 143.5 141.8 141.4 141.6 141.8 141.9 141.2 140 138.9 138.1 137.2 136.1 135.9 135.7 135.5 134.6 133.5 132.7 131.9 129.6 127.3 126.1 127.3
288.5 286.2 283.9 281.6 279.7 277.9 277.1 277.2 277.3 277.3 277.4 277.5 278.6 279.9 281.5 282.2 278.3 276 274.1 273.4 271 269.3 267.2 263.4 261.4 258.5 253.6 249.6 246.6 243.3 234.8 229.9 224.6 217.6 215.3 214.7 211.5 208.2 207.4 206.8 206.8 206.5 205.4 199.5 196.7 194 191.2 188.7 184.6 179.5 174.6 169.9 164.7 159.2 153.1 149 146.7 144.9 143.7 142.1 141.9 142.2 142.6 142 140.8 140 139.3 138 137.7 137.4 137 136.3 135.8 135.4 134.4 133.2 131.7 130.3 130.5 125.9
286.3 284 281.8 279.7 277.9 276.1 274.8 274.3 274.4 274.5 274.4 274.1 274.8 274.9 276.7 278.8 275.1 272.7 271.4 271 271.9 271.2 269.9 267.5 264.5 261.3 255.7 251.3 247.3 243.5 235.4 231.2 227.3 221.4 216.4 214.3 213.3 209.5 206.3 205.6 205.2 205.3 206.5 204.2 200.2 195.8 192.1 190.7 188.9 185.5 183.2 176.4 172.6 166.7 160.3 152.6 149.2 145.6 145.8 143.8 143.5 143.2 143.5 142.6 142.3 141.8 141.4 138.7 138.7 138.4 138 136.9 136.4 136.1 135.8 134.7 133.3 132.5 132.3 127.5
284.1 281.9 279.8 278 276.1 274.2 273.3 271 271.3 271.1 270.8 270.5 270.4 272.1 273.6 275.1 272.6 270.3 269.2 269.8 272.1 274.2 273.8 271.9 267.8 263.2 258 249.7 245.3 240.6 235.6 232 228.2 224.2 218.9 215.5 213.3 211.5 208.2 206 205.4 203.7 204.8 203.9 202.7 197.4 194.3 192.8 191.3 189.2 186.7 184.2 175.8 174.6 166.7 162.9 155.4 150.2 148 146.8 146.3 146.4 146.8 147.2 146.8 146 142.9 139.8 139.3 139.4 138.9 137.5 137.3 137.3 136.8 135.7 134.7 133.9 133 132.2
281.9 279.8 277.9 276 274.1 272.7 271.8 270.9 267 268 267.8 267.7 267.9 269.1 270.6 271.9 271.7 267.5 267.9 269.5 271.6 274.1 277.1 277.4 275.4 269 261.7 254.5 248.7 242.6 237.4 233.9 229.3 225.4 220.5 215 211.8 213.3 211.9 208.5 205.3 204.9 204.1 203.6 204.1 199.9 196.9 195.5 193.9 191.3 188.8 183.6 183.9 180.3 171.3 164.8 160 155.7 151 149.2 148.6 148.7 148.7 148.6 148.4 146.7 143.9 140.5 139.9 140 139.4 138.2 138.5 138.5 137.7 136.9 136.2 135.6 134.9 133.4
279.4 277.9 276 274.1 272.2 271.2 270.1 268.7 266.7 265.2 265.2 265.1 265.5 266.5 268.5 270 268 265.7 267.2 269 270.7 273.1 277.1 281.7 284.1 278 270.6 262.7 253.5 246 241.4 237.1 231.4 226.2 221.4 217.5 210.6 212.4 213.5 211.8 208.6 207.7 206 204.6 204.5 203.3 199.7 198.1 196.5 193.6 190.3 187.6 185.1 182.5 179.3 169.3 161.1 157 153.1 150.9 149.2 148.4 148.6 148.8 148.4 147.4 144.6 141.2 140.7 140.4 139.7 138.8 139.3 139.7 139.2 138.6 137.9 137.3 136.7 135.7
278.8 275.9 274 272.2 270.7 269.3 268.2 266.9 264.7 262.2 261.6 262.7 264 265.3 266 267.1 266 264.6 266.4 268 269.5 271.3 273.8 276.4 281.9 279.5 276.1 268.4 258.9 249.3 243.9 237.2 232.1 227.3 222.7 218.4 215 210 210.1 210.1 210.4 209.2 207.7 206.3 203.7 202.3 202.7 200.7 198.8 194.6 191.2 188.9 186.1 182.9 180.2 177.7 171.7 160.1 155.7 153.1 151.3 150 149.6 149.2 148.7 147.9 144.2 141.7 140.8 140.3 139.8 139.5 139.6 139.7 139.5 139.3 138.8 138.2 137.6 136.6
278.2 275.3 272.7 270.2 268.9 267.6 266.3 265 262.6 260.1 258 259.9 261 262.3 262.9 263.5 264.1 263.6 263.2 264.5 267.1 268.3 270.5 272.9 278.2 277.8 275.9 269.3 262.2 253 246.2 239.5 234.5 229.1 224.1 219.1 215.9 212.5 209.2 207.5 209.1 208.6 207.2 205.5 206 204.5 201 202.5 199.2 195.1 192.1 189.8 187.6 184.8 180.6 175.9 172.3 167.5 160.1 154.3 153.4 152.9 152.6 152.6 151.5 147.1 143.4 141.8 142.1 141 140.7 140.1 139.5 139.6 139.5 139.3 139 138.8 138.4 137.4
277 274.6 271.6 269.3 267.4 265.6 264.3 263 260.4 258 256.1 256.5 257.9 259.3 260.4 260.4 262.2 261.7 259.7 261.9 262.7 263.4 266.3 269.1 274.8 277 275.3 270.5 264.2 256.7 249.2 241.9 236.3 230.9 225.9 220.8 216.9 214.1 211.1 206.1 206.1 206.7 207.2 205.9 204.4 205.5 205.4 198.2 195.2 193.4 193.1 189.8 186.5 185.8 182.2 175.5 170.4 167.2 164.8 159.9 158.1 156.3 155.4 154.5 153.9 150.9 147.3 145.1 143.6 142.5 141.7 141.1 140.6 140 139.4 139.1 138.8 138.5 139.4 138.9
275.1 272.8 269.9 268.5 267.4 263.9 262 260.7 257.9 256.1 254.2 252 254.5 256.3 257.7 257 257.7 258 257 257.6 258.1 260.6 261.8 264.5 268.4 271.8 273.2 270.6 268 258.1 250.1 243.7 237.8 232.6 227.5 222.5 217.9 214.8 211.4 209 206.2 204.9 204.3 204.4 200.6 202.2 204.9 205.2 200.6 194.6 192.5 188.8 187.4 185.4 182.7 176.6 169.5 165.1 161.4 161.8 159.8 157.9 155.9 155.4 154.6 152.1 148.4 147.5 145.3 143.5 142.8 141.7 141.2 140.6 139.6 138.5 138.9 139.3 139.5 138.9
273.8 271.1 269 267.6 265.1 262.8 259.6 258.3 255.9 254.1 252.2 250.4 250.7 251.8 253.3 252.5 253.7 253.9 254 254.3 255.5 257.7 258.6 262 264.7 270.2 270.4 269.7 266.1 257 250.2 244.9 239 233.7 229.5 225.3 221.3 216.2 213.1 211.7 209.5 207.4 201 201.6 205.5 206.2 200.5 198.5 198.4 199.5 196.3 189.8 183.9 183.3 180.9 177.4 173.5 168.9 165.5 163.2 160.9 159.1 157.1 155.3 153.1 150.6 149 147.5 145.9 144.6 143.8 142.9 141.9 141.2 140.2 139.2 139.2 139.5 139.3 138.6
271.7 270 267.9 265.7 262.8 260.5 258.2 255.9 253.9 251.9 250 248.1 247.9 248.9 249.6 248.2 249 250.2 252.8 256.3 253.1 255.5 256.8 260.1 263.2 267.7 268.3 267.6 263.3 255.6 250.4 245 240 235.6 231.2 226.7 222.7 218.9 215 212.8 211.7 210.6 208.5 202.4 199.1 199.3 204.6 199.8 192.3 191.8 193.9 193.9 188.4 183.3 181.4 177.9 174.8 171.4 168.6 165.7 162.7 160.3 158.7 157.2 155.6 153.3 151.6 150.2 147.1 145.4 144.9 144.1 143.1 141.9 141 140 139.8 140.1 139.1 138.4
270.6 267.8 265.7 262.7 260.9 258.6 256.4 254 251.6 249.7 247.7 245.8 245.6 245.1 245.5 245.4 246.8 247.8 247.7 252.7 254 251.9 254.3 257.4 261.6 267.7 266.1 264.2 257.8 253.5 249.1 244.7 240.7 236.8 232.3 228 224.1 220.4 216.6 213.3 211.9 211.1 210.4 210.7 209.6 201.4 193.9 195.1 198.4 191.9 190.2 191.5 190.6 187 183.9 179.3 174.8 170.9 167.6 166 163.5 162.2 161 158.5 157.2 155.8 153.1 150.8 148 146 145.5 144.9 143.6 142 140.5 140.3 139.8 139 138.9 139.1
269.4 266 263 259.6 258.7 257.5 255 252.2 249.6 247.5 245.5 243.6 242.2 241 242 242.2 243.9 245.7 243.7 249.9 253.6 249.9 252.7 255.6 259.4 267.7 265.5 261.5 256.1 252.6 248.2 244.3 241.4 237.9 233.5 229.3 225.5 221.8 218.1 214.1 212.3 211 209.8 210 211 209.8 202.9 194.6 191.6 193.9 191.1 189.4 188.2 188.5 184.8 178.5 173.4 170.5 168.3 166.7 164.7 163.6 162.1 159.4 157.7 156.1 153.7 151.2 148.6 146.5 145.8 145.2 144 142.3 140.6 139.1 138.4 137.3 137.2 137.5
