data/410000-550000.asc
ncols 200
nrows 200
xllcorner 410000
yllcorner 550000
cellsize 50
[rows 0 to 34 of 200, columns 0 to 78 of 200]
236.7 237 236 235 231.5 229.2 226.1 223.6 219.3 217.8 216.5 215.7 215.7 215.2 214.3 212.6 211.3 208.5 206.3 202.4 197.4 194.5 194.4 189.9 188.6 193.9 198.8 201.2 203.3 205 207.4 210 212.8 217.4 220.4 222.9 225.5 229.5 233.6 237.5 240.1 239.7 239.6 240 240.2 241.2 243.1 246 246.3 246.9 247.1 246.2 244.6 242.8 241 239.2 237.2 234.9 231.4 228 223.1 218.5 214.2 210.8 207.3 202.5 199.3 197.9 195.9 192.8 190.2 186.5 181.3 176.9 173.5 170.9 168.3 165.3 162.7
240.9 238.7 235.4 233.8 230.3 229.3 225.7 223.4 222.5 221.2 219.4 218.8 218.4 217.6 217 215.6 213.7 211 208.8 206 201.8 204.4 198.8 192.3 189.7 192.2 197.9 203.4 206.3 208.5 211.5 214.9 219.6 223.2 225.2 228 230.5 234.2 239.5 241.9 243.9 244.3 244.7 244.5 245.2 245.6 245.3 245.9 246 246.3 245.9 245.6 244.3 242.6 241 238.8 236.6 233.8 230.6 227.2 222.9 218.4 214.2 210.5 204.8 201.7 198.9 197.2 194.4 192.2 189.4 185.5 179.9 176.3 175.2 172.1 169.7 164.8 162.9
242.7 240 237.2 234.6 232.4 230.3 229.3 228.6 228.4 226.3 224.9 223.9 222.7 221.5 220.1 218.8 217.4 215.9 213.6 212.3 210.3 207.4 202.7 199.4 195.1 194 195.8 201.9 206.6 212.7 217.2 220.6 223.9 226.6 229.7 232.6 236.8 239.7 243.4 245.2 246.2 245.6 246.5 247.9 248.3 247.7 246.1 245.5 245.6 245.5 244.9 244.8 243.1 241.1 239.4 237.4 234.9 231.1 228 225.4 222.4 220.6 215.8 211.9 206.8 202.7 198.9 194.8 191.8 189.5 186.8 180.9 175.3 173.5 172.8 170.4 168.6 165.1 163.1
245.4 242.5 240.1 238.3 237.7 237 235.8 235.6 234.3 232.3 230.6 229.5 228.3 227 225.6 224.2 222 221 220.1 218.2 214.2 209.7 209 206.1 202.2 200.6 197.8 206 210.8 214.8 220.7 225.3 227.2 230.7 234.1 238.5 244.4 246.1 247.1 247.3 247.9 248.2 249.1 250.5 250.6 249 247 245.1 245.2 245.3 244.9 244.1 242.3 240.4 237.8 235.5 232.1 228.4 225.2 222.6 220.8 221.5 220.8 213.9 208.3 205 200 194.7 191.4 186.1 177.8 176.1 170.8 168.6 168.6 168.6 167 165.5 162.7
244.6 243 242.4 243.7 244.6 244.1 242.3 240.5 238.7 237.3 235.8 234.3 233.8 232.5 231.1 229.6 226.6 225.4 224.7 224.1 222.1 218.5 216.3 213.6 210.1 210.1 203.3 205.4 217.2 222.3 221.7 227.9 230.6 234 237.7 243.8 249.4 251.1 250.7 250.3 248.9 249.1 250.8 251 251 249.8 246.8 244.9 244.9 244.9 244.4 243.1 241.5 239.1 236.3 233.4 229.6 226.5 223.3 219.9 221.1 221.2 221.3 216.4 209.5 205.2 200.4 194.7 190.1 185.1 176.5 173.3 168.2 165.1 165.6 166.5 166.3 163.5 161.5
247.8 248.2 249.3 249.9 249.4 246.7 244.2 242.4 241.7 240.6 239.3 239.3 238.9 237.9 236.5 234.7 231.5 230 229.4 228.7 227.8 225.9 224.1 220.5 217.5 218.2 215.9 207.1 216.8 226 227.5 228.3 233.9 237.6 242.3 247.6 252.5 253.1 252.4 251.6 250.7 249.1 249.9 250.7 251 249 246.3 244.8 244.1 243.7 243.5 242 240.4 237.6 234.2 231.4 228.8 226.5 223 219.6 219.3 221 221.7 218 209.2 203.4 196.9 191.3 187.1 181.9 176.4 171.2 167.7 165 164.1 163.8 163.5 161 159.7
254 255.3 256 253.2 249.8 247.1 245.3 244.2 243.6 243.1 243.5 243.7 244.7 243.6 241.5 240.1 237.2 234.5 234.1 232.9 231.8 230.4 228.7 225.2 222.8 224.3 225.6 213 218.4 225.7 230.9 230.8 235.8 240.5 246.2 250.6 253.3 253.8 253.2 252.4 251.3 249.4 249.6 251 250.2 248.1 245.6 244.7 242.6 241.7 241 239.6 238.1 234.8 231.7 230.2 227.9 225.9 223 220.5 214.3 218 220.3 215.9 207.9 199.7 192.9 187.6 183.3 177.2 173 169 166.4 165.3 163.2 160.5 158.5 157.8 157.1
256.4 256.3 255.2 252.6 249.5 247.4 246.2 245.8 246.1 245.7 247 249.4 250.3 248.7 245.8 243.2 241.1 238.7 236.6 234.9 233.2 232.5 231.4 230.4 227.2 226.8 227 221 220.8 227 231.3 234.4 238.3 244 249.9 252.6 254.2 255.1 253.8 252.7 251.6 250.9 250.3 251 249.8 247 245.8 243.6 241.1 240.2 238.9 238.1 236.3 233.1 230.2 228 225.8 223.9 221.3 218 213.3 210.8 210.7 208.3 203.5 194.9 188.6 184.2 179.6 174.6 170.7 166.8 164 165.1 163 159.5 155.2 155 154.7
255.5 255.9 255.5 251.4 249.6 248.2 247.3 247.3 248.5 248.8 251.2 253.2 253.8 251.3 248.4 245.6 242.5 239.8 237.4 235.6 233.7 232.1 231.3 231 229.3 229.3 227.7 225.9 222.3 228 234.5 238.2 242.1 247 251.2 254.5 256.1 256.1 255.8 254.7 253.6 252.2 250.5 249.8 248.2 245.5 244.2 241.9 239.4 238 236.8 236.4 234.6 231.9 229.6 226.9 223 220.8 218.2 214.9 212.1 207.4 203.3 200.4 196.4 191.5 184.5 181.3 178.5 174.3 171.4 167.8 164.4 161.3 160.2 157.3 153.4 151.3 151.2
254.4 255.6 255.3 251.8 249.7 248.7 248.1 248.7 249.7 251.2 253 255.6 256 253.5 250.6 247.4 244.3 241.3 238.5 235.8 234 232.4 230.4 229.7 229.4 229.4 227.8 225 224.2 229.7 237.5 241 243.6 247.2 251.8 254.3 256.1 256.1 256.1 255.8 254 252.6 250.9 249 247.3 245.1 242.8 240.7 238.2 235.7 234.7 234.3 233.3 231.3 229.1 226.4 221.2 217.7 214 212.6 209.6 207.1 202.1 197.6 192.5 188.2 183 179.7 177.9 174.7 170.4 166.3 162.3 159.4 156.8 154.3 152.5 150.1 148.6
252.2 253.4 253.5 253.6 250.6 248.7 247.8 248.1 248.8 252.4 255.3 254.7 255.4 255.8 252.5 249.3 246.1 243 239.5 235.9 233.8 231.6 229.8 228.8 227.7 227.4 226.1 225.7 227.1 232 237 240.3 242.9 246.7 250.9 253 255.5 256.1 256.1 256.1 254.6 253 251.2 249.3 247.1 245.8 243.2 240.1 237.9 235.3 233.5 232.1 231.1 229.7 227.9 225.5 223 220.4 217 213.4 209.5 204.8 200.3 195.5 189.9 185.6 181.9 178 176 172.2 168.9 164.2 161 159.7 158.3 155.7 153.2 150.7 149.2
250.1 250.7 250.9 251.4 250 248 246.7 246.8 248.1 251.9 255.2 255.4 255.9 255.9 254.1 250.9 247.7 244.3 240.5 237.2 233.7 231.5 229.3 228 226.4 226 225.8 226.6 229.8 232.3 237 241.2 243.5 247.3 250.4 252.7 254.9 256.1 256.1 256.1 254.6 252.9 251.6 250 247 244.1 242.6 240.4 238.3 235.2 233.3 231.7 229.5 226.4 225.6 223.9 222.1 221.2 218.5 214.2 209.9 205 198.5 193.3 188.2 184.2 180.4 176.3 174 170 169.7 171.3 168.6 164.9 160.8 154.9 154.1 151.9 150.6
247.9 248.2 248.5 248.7 248.5 247.2 245.4 244.6 246.4 249.6 252.8 256.1 256.1 256.1 255.1 251.9 248.8 245.4 241.9 238.5 234.8 231.4 229.1 227.5 226.1 225.2 224.2 224.8 229.3 233.7 235.3 240.3 244.2 247.9 250.4 252.6 254 255.9 256.1 256.1 256.1 253.4 252 249.9 246.4 244.2 242.3 239.8 237.4 234.7 232.8 231.3 228.6 224.7 221.6 221.8 220.2 218.6 216.6 212.9 209.7 205.5 200.2 193.5 188.1 184.2 179.6 179.6 175.3 169.9 172.5 177 176.4 170.6 162.4 157.5 155.6 153.8 152.6
245.6 245.4 245.8 246.5 246.6 245.7 244 243.9 244.3 247.2 250.5 253.7 256.1 256 256.1 253.3 249.8 246 242.3 238.6 235 231.8 229.5 227.8 226 225.8 223.7 223.9 228.4 236 235 236.6 240.9 248 250.9 250.8 251.5 254 255.7 255.8 254.1 251.5 250.5 248 245 243 240.9 238.6 236.3 234.5 232.4 230.8 228.5 226.2 221.5 214.8 216.7 215.2 213.4 212.2 209.8 205.6 199.1 192.6 188.7 184.4 180.6 175.3 171.9 168.4 169.4 172.8 174 172 166.6 163.8 159.5 157.2 154.9
244 243.1 244 245.4 244.8 244.2 243.7 243.6 243.7 245 248.7 252.6 255.8 255.7 256 254.7 250.9 246.8 242.1 238.8 235.3 232.4 229 227.4 225.8 224.5 223 222.3 224.2 233.3 236 234.2 236.9 245.1 248.1 247.2 248.9 251 252.4 252 249.9 247.6 247.2 245.5 242.8 240.9 239.6 237.8 235.5 233.2 231.9 230.2 227.3 224.4 222 217.5 212 210.6 212.7 210.8 207.7 201.9 196.4 190.6 187.4 182.5 176 172 168.5 165.3 164.7 166.2 166.1 163.7 165.9 164.2 161.2 160.1 155.2
242.2 241.3 241.8 242.9 243.4 243.2 243.2 243.2 244.1 245.5 247.6 249.8 252.5 255.8 256 254.5 250.6 246.5 242 238.3 235.6 232.4 228.1 226.1 224.5 222.7 221.2 220.5 222.6 227.6 233 234 233.6 239.2 242.5 242.9 245 247.2 248.1 247 245.7 244.1 242.8 241.6 240 238 236.1 235.9 234.6 231.8 230.3 228.6 225.9 222.8 219.8 216.8 214.7 209.6 207.2 202.7 199.8 199.2 194.2 188 182.7 174 171.6 169.3 165.8 162.5 160 160 159.3 159.2 157.8 156.1 154.8 155.8 155.9
240.3 238.9 239.2 240.3 241.5 242.1 242.1 241.9 241.9 243.3 245.2 247.2 250.2 253.6 256.1 253.7 250.4 246.2 242.8 239.1 235.9 231 228.3 226.1 224.1 221.5 220.5 219.3 220.9 225.8 229.5 230.2 229.4 228 232.5 236.2 238.3 238.4 239.3 240.3 239.8 240.6 239.8 238.6 237.2 235.1 233.1 231.4 229.8 229.2 228.8 226 222.9 220.3 217.5 214.3 214.4 213 213.5 211.5 204.4 198.7 192.7 187.4 179 175.1 172.1 169.4 164 161.1 159.1 158.9 158.5 159 155.6 154 155 153.9 155.5
236.6 235.7 236.6 237.6 238.7 239.6 240.2 239.8 239.2 240.6 242.7 244.6 247.7 250.3 253.1 252 250.7 247.4 244 240.3 236.7 232.6 229.3 227 224.3 221.6 220.3 219.2 219 222.5 226.1 227.1 225.9 225.3 223.1 228.4 229.7 229 229.7 231.4 232.5 234.5 236.5 235.9 234.1 231.5 230.8 230.7 228.7 226.5 226.2 224.7 220.7 219.1 217 215.9 216 215.2 215.6 213 206.4 196.8 190.3 185.7 179.7 177.2 175.3 172.3 165.4 161.9 159.2 159.3 159.9 161.2 159.7 154.1 156 153.9 154.1
235.1 233.2 233.9 234.7 235.4 236.1 236.9 237.2 237.6 238.9 240.2 241.8 244.4 246.8 249.2 251 250 247.6 244 240.5 237.1 233 229.2 226.3 223.3 220.8 220.7 218.5 217.3 219.3 222.2 224.7 223.9 221.7 219 220.5 223 222.7 222.7 223.1 224.2 228.7 231.7 228.4 225.1 224.7 224.6 224.4 224.2 223.3 222.6 221.7 220 218.5 216.7 216.2 215.1 213.5 213.9 211.8 207.1 201.9 192.9 186.2 182.3 180.6 179 175.2 170.7 165.7 163.3 162.2 164.8 165.8 161.9 154.8 155.5 155.8 153.2
232.9 231.3 231.7 231.6 231.3 232.1 232.9 233.4 234.4 236.2 237 237.5 238.9 240.4 242.1 244.5 246.3 246 243.9 240.6 237.5 233.6 230.4 227.4 224.6 221.5 219.7 214.3 215.5 217.3 218.1 219.7 219.2 218.6 217.2 214 217.7 218.2 217.8 218.2 218.6 223.2 226.1 221.1 217.8 217.7 217.6 219.5 219.9 219.5 219.5 219 217.9 216.6 214.5 213.9 212.8 210.6 210.1 209.3 206.8 206.1 199.6 192.8 187.7 184.3 181.6 177 172.4 168.8 167.1 166.2 167.3 167.2 163.7 157.1 157.1 157.3 156
230.4 229.5 228.9 228.5 228.2 227.6 227.5 228.7 230 231.9 233.1 233.6 235.1 235.1 235.1 237.6 240.8 242.5 242.3 239.9 238.2 236 231.3 228.2 225.6 223 221.2 215 213.7 214.7 215.7 215.7 215.1 215.2 214.8 214 212.5 213.5 214.8 214.4 214.6 215.5 214.8 214.2 212 211.4 210.2 211.3 213.9 215.4 216.4 216.9 214.6 211.1 209.2 210.2 210.7 207.1 205.5 204.7 203.5 202.2 199.4 196.1 193 186.8 182.9 178.3 174.3 170.7 169.6 169.2 169.5 167.6 162.2 160.3 160.8 160.9 160.9
226.9 225.8 225.1 224.4 223.7 222.7 222.1 223.1 225.6 227 227.4 229.2 230.2 230 229.8 230.8 233.7 236.9 238.7 238.4 237.9 236.5 233 228.5 225.8 223.3 220.8 215.5 212.5 209.6 210.1 211.7 211.6 212.1 211.4 211.3 210.9 209.7 208.8 209.2 209.6 208 206 206.1 207.2 206 204.4 204.5 206 206.6 209.4 209.1 207 205 205.5 205.9 205.4 204.1 201.8 200.4 199.3 198 196.4 194.3 192.6 188.1 183.3 178.7 174.8 171.2 168.9 167.7 165.9 164.6 162.6 161.2 161 161.1 160.3
224 222.4 221.2 220.3 218.8 217.8 217.1 216.5 217.8 219 220.3 222.7 224.7 224.5 224.4 224.5 225.6 228.9 232.1 234.2 235.4 235 231.8 228.2 225.4 222.6 221.6 218.4 215.8 210.6 210 208.6 207.9 207.5 208.3 207.4 207.2 205.6 203.2 201.6 202.8 201.5 198.6 197.4 199.5 199.9 198.6 199.1 199.9 200 201.4 200.3 199.5 200.7 201.6 202 201.4 200.2 199.2 197.7 196.5 194.4 193.7 192.3 190.6 187.3 184.8 179.8 175.1 171 168.2 166.9 166.1 165.2 163.3 161.9 160.9 159.3 157.1
222 220.3 218.2 215.7 213.7 213.5 211.6 211.4 210.3 211.2 212.1 214.2 216.1 217.3 217.1 218.5 219.5 221 226.1 226.6 229.2 229.9 229.2 226.5 224 221.8 218.9 216.1 214.8 210.8 209.1 206.5 204.5 204.5 206.1 205.5 202.1 200.2 197.5 194.3 195.2 193.9 191.4 191.3 192.1 194.5 193.7 194.2 193.2 193.2 193.8 194.5 194.7 195 196 197.3 196.1 195.7 195 194.1 193.3 191.6 191.3 190.8 189.7 187.3 184.2 180 174 169.9 167.6 166.4 165.9 166 164 161.9 158.7 156.5 154.5
218.9 217.4 215.1 213.1 209.9 209.1 208.5 208.1 206.6 205 204.8 205.6 207.1 208.7 209.4 210.5 211.2 213 215.1 217 220.8 222.7 224 224.1 222.2 219.5 216.6 213.8 211.5 209.1 207.5 206.6 205.8 204.3 201.3 203.2 197.6 194.7 191.8 188.2 189.4 188.7 185.4 185.3 186.2 188 188.5 188.7 187.7 188.3 189.7 190.4 190.6 190.7 190.8 191.3 191.6 191.3 190.6 189.3 188.9 188.7 189 189.2 188.3 185.8 182.9 178.8 173.7 169.2 166.8 165.7 164.6 164.1 163.2 160.8 154.5 154 151.4
215.6 213.8 212 210.1 208.3 205.7 206.2 205.5 203.9 201.8 199.9 199.8 198.8 201.1 202.1 202.8 204.3 206.3 208.1 210.3 211.8 215.1 217.4 219.3 218.8 216.6 214.4 211.6 208.5 206.6 204.9 203.9 204.1 203 200.5 200.2 197.3 194.5 194.3 190.4 187.1 184.4 182.4 179.9 181.3 182.1 183.4 183.3 182.5 183.9 186.4 186.7 186.9 186.1 185.7 186.1 186.7 186.8 186.3 187.1 187.1 187.6 187.8 187.7 186.5 183.9 180.9 178 173.7 169 167 163.4 160 159.8 160.6 157.6 152.8 150.2 146.9
211.8 210 209.1 208.3 206.3 203.6 201.3 202.3 200.6 196.6 194.8 194.5 193.4 194.4 194.8 196.4 197.9 199.6 202 205.6 205.9 204.5 207.3 211.4 213.2 211.9 211 209.6 205.4 202 199.9 199.6 200 198.9 196.8 198.1 195 195 191.7 189.9 187.6 184.1 181.2 178.3 175.2 176.5 177.6 177.7 177.2 177 179.7 181.6 181.9 180.6 180.9 181.7 182.4 182.3 182.6 183.4 185.2 186.4 186.8 185.9 184.2 181.2 178.2 176.6 173.6 169 165.3 162.2 160.9 159.7 158.6 155.4 149.9 146 143.8
208.7 207.8 206.8 205.9 204.5 201.6 197.9 197 197.2 194.8 192.6 191.7 191 191 189.5 192.5 192.2 193.3 195.5 199 200.6 199.2 200.2 200.8 203.9 203.3 204.2 203.4 198.2 196.1 194 194.1 194.3 192.8 191.5 194.3 190.8 189.1 186 184.8 183.7 181.4 178.4 174.2 170.8 171.1 172.1 172.4 172.4 172.7 174.6 176.7 176.8 175.1 175.9 176.7 177.5 178.4 178.5 179.2 181.1 183.1 183.4 182.7 180.4 177.6 174.8 173.7 172.1 167.9 164.3 162.7 161.9 161 156.8 151.5 147.1 144.3 144.3
206.2 205 204.1 202.9 200.9 198 196 193.7 193.1 192.6 191.5 190.1 188.9 188.1 188.5 188.8 188.3 190.3 191.1 194 195 195.5 195.7 195.8 195.5 195 194.5 193.1 190.2 188.8 187.3 185.5 185.9 184.9 185.3 183.3 181.6 180.8 180.4 179.5 178.4 177.2 174.5 172.3 169.9 167.6 169.6 168.7 168.7 169.5 171.2 172.3 172 171.5 171.7 172.1 172.2 173.8 174.4 175.3 177.1 178.5 178.7 178.6 177 174.3 172.2 170.3 168.2 166.2 163.8 162.8 161.9 160.9 158.1 153.1 147.8 145.1 145.9
204.1 202.4 201.2 199.4 197.5 194.4 193.1 191.3 189.4 188.8 187.9 186.9 185.7 184.8 186 186.8 185.6 185.3 187.5 189.6 190 190.3 190.8 190.7 190.1 189.2 187.8 186.7 183.1 182.9 183.1 182.6 182.2 182.4 180.5 176.4 174.9 174.2 173 172.8 172.6 171.8 171.3 168.8 167.6 164.5 167.2 166.8 167.3 167.7 168 168.8 168.6 168.5 168.8 168.3 168.3 169.4 171.6 172.5 173.3 173.9 174 173.7 172.9 171.2 170 168.1 166.1 164 162.9 162.1 161.1 160.1 157.2 152.7 149.6 149 149.1
202 200.2 198 196 194.1 192.4 190.7 189.2 187.8 184.8 183.7 183.2 182.4 180.7 180.5 180.8 180.8 179.9 182.7 183.6 184.5 185.1 185.8 185.6 184.7 183.2 181.5 178.9 178.2 178.5 180.3 181 180.6 178.9 174.8 171.3 170.5 169.2 166.7 166.5 168 167.6 167 165.6 164.6 163 164.2 165.5 166.1 166.7 167 167.2 167.3 166.6 166 165.4 165.4 167.4 169 169.4 169.9 169.8 169.6 169.2 168.5 167.4 166.9 165.9 164 162.2 161.8 161 159.5 156.7 154.9 151.8 149.4 149 150.5
199.5 198 195.7 193.6 191.3 190.5 188.9 187.6 186.3 183 180.2 180.9 179 175.5 172.8 174.2 175.1 176 177 177.3 177.7 178.8 179.8 179.9 178.6 176.5 173.9 172.8 172.8 173.1 172.6 173.9 173.4 170.8 166.3 166.3 166.4 164.4 162.6 162.5 162.8 163.7 163 162.7 161.4 159.7 159.2 160.9 162.7 164.9 165.9 165.9 165 162.2 160.4 162.8 166 165.8 166.8 167.1 166.3 166.3 166.6 166.7 165.7 163.1 163.1 162.6 161.6 160.5 159.3 157.8 155.5 153.8 152.6 150.8 149.4 148.2 147.8
194.9 194.1 193.3 191.6 189.9 187.7 186.3 185.4 183.9 181.2 177.4 176.5 176.7 174.7 172.1 164.9 169.3 171.2 170.7 170.6 170 170.8 172.5 172.8 172.7 169.8 169.1 168 165.8 164.9 163.8 163.8 163.5 161.6 160.3 161 161.1 159.6 158.4 158.5 159.5 159.5 159.7 159.4 159.1 158.5 157.6 156.8 157.6 160.5 162.6 161.6 157.8 156.3 155 159.2 163.7 163.6 165.1 165.7 165.1 163.4 161.8 160.4 157.9 158.3 158.1 158 156.9 155.8 154.8 153.5 152.3 150.9 149.6 149.5 148.2 146.8 145.2
191 190.1 189.3 189.9 187.6 184 182.4 181.6 179.8 177.9 175.6 171.7 175.5 172.9 170.3 165.8 162.4 164.1 163.9 163.9 163.2 163.7 165.1 167.6 168.4 166.3 164.7 164.1 163 161.7 159.4 156.3 154.7 154.2 155 154.6 154.9 155.5 154.3 153.8 154.5 154.5 154.3 155.5 157.2 156.3 155.4 155.3 154.4 154.9 157.3 156.8 153.6 152 152.7 158.1 160.1 160.3 161.6 162.7 162.2 160.1 158.4 156.8 154 154.6 154.1 153 152.2 151.2 151.7 150.1 149.6 148.9 148.9 148.9 146.6 145 143.5
189.4 187.5 185 184.5 183.1 179.7 179.2 177.3 177.8 176.8 175.8 170.6 171.6 171.6 169.1 164.2 155 156.9 157.4 157 156.7 157.9 159.8 162.3 162.4 162.4 161.6 161 159.6 157.9 156.2 153.4 149.7 148.3 149.4 148.8 149.1 149.6 149.8 148.8 148.6 148.7 148.8 151.1 155.1 156.1 156 153.9 153.9 154.2 153.4 152.3 150.1 148.1 152.2 154.8 157.5 158.8 159 159.2 159.8 158.8 157 155.3 153 152.1 150.3 148.3 147.5 147.4 148.6 145.6 150 148.9 148.9 149.8 146.1 144 141.2
