data/410000-530000.asc
ncols 200
nrows 200
xllcorner 410000
yllcorner 530000
cellsize 50
[rows 0 to 34 of 200, columns 0 to 78 of 200]
305.9 308.7 309.8 309.7 308.9 308 307.7 308 309 309.2 309.3 309.5 309.7 309.5 309.4 309.1 308.9 309.3 309.6 307.6 306.4 305.8 305.6 305.6 305.8 307.2 308.4 308.4 308.4 307.6 308.3 308.1 307.9 308.3 306.7 305.4 304.4 304.5 304.4 303.9 303.6 302.4 302.6 302.8 302.7 302.5 301.2 300.3 299.3 298.4 297.7 296.3 294.9 294.8 295 295.2 295.7 297.4 298.8 299 297.6 296 293.7 291 288.6 286.2 284.4 282.4 280.1 280.1 277.5 274.2 269.9 265.4 260.9 257.9 255.9 254.2 252.8
303.4 306.3 307.7 308 307.8 306.2 305.1 305 305.9 306.9 307.9 309.3 310.1 309.4 309 308.6 308.6 309 307.8 307.4 306.8 306.1 306.8 306.4 307.8 309.4 310.3 310.1 309.8 310 311 309 309 308.4 306.8 305.8 305.8 305.9 305.7 305.5 305.5 305.2 305.1 304.5 304.2 303.5 302.1 300.5 299.3 298.8 298.1 296 295.8 295.5 295.5 296.1 296.9 298.9 299.3 297.1 295.1 292.6 288.7 285.8 283.1 280.4 277.6 275.1 272.7 270.2 268.3 264.9 261.9 259 257.2 254.6 251.4 249.4 248
300.5 302.9 304.6 305.5 305.8 304.5 303 302.8 303.6 304.6 305.5 306.9 309.1 309.3 309.2 309 308.7 309.1 308.9 308.5 308.1 307.5 306.6 306.8 307.4 308.1 310 311.3 311.1 310.6 312.1 309.4 308.9 308.7 307.7 307.6 307.4 307.3 307.2 307.2 307 306.8 306.4 306.3 305.9 304.5 303 301.4 299.7 298.4 297.2 296.8 296.4 296 297.1 297.8 299.7 299.7 298.1 294.7 291.2 287.5 283.7 280.7 278 275.6 273.2 270.3 268.4 265.3 261.9 260.1 258.1 255.8 253.6 251.4 247.8 244.5 242.9
298.1 299.3 301 302.1 302.3 302.3 300.8 300.8 301.3 302.2 303.1 304.5 307.8 309.1 309.6 309.5 309.2 309 308.8 308.4 307.9 307.5 306.6 306.5 306.6 307.2 308.7 310.6 311.4 312.2 311.3 309.2 311.2 307.7 308.3 308.3 308.2 308.2 308.3 308.2 308 307.3 306.5 306.5 305.3 303.6 302.7 301.6 299.9 298.7 297.5 296.8 296.9 296.6 297.9 298.6 300 298.5 295.1 290.6 286 282.3 278.7 275.7 273 271 269 267.2 264.9 262.1 260 256.7 253.3 250.5 248 245.6 242.6 240.3 237.8
291.3 295.3 298 299.5 298.9 298.5 298.5 298.6 299 299.8 300.5 302.2 305.6 308 309.2 309.8 309.5 309.1 308.5 308.1 307.7 306.9 305.2 304.9 305.3 305.8 307 309.2 311.8 311.7 309.8 309.9 309.5 308.5 308.7 308.6 308.7 308.7 309.3 309.2 308.7 307.8 307 305.9 304.6 303.4 302.2 301.4 300.3 299 297.8 296.9 296 295.5 295.1 295.3 296.2 294.1 290.6 286 281.8 278.8 275.1 271.6 269.4 267.7 266 264.3 261.7 259.7 257.5 253.7 249.3 245.8 242.8 240.4 237.9 235.8 232.1
291.3 289.7 295.3 297 296.3 296.3 296.4 296.5 296.6 296.5 297.3 298.9 301.9 305.5 308 309 309.1 308.6 307.9 307.4 307 305.4 304.4 303.2 303.1 304.9 305.1 306.2 309.5 309.1 310 309 308.4 308.9 308.9 308.5 308.7 308.7 309.5 310.1 309.2 308.3 306.5 305.8 304.6 303.4 302.2 301.5 300.4 298.3 296.2 294.6 293.5 292.9 292.5 292.4 291.6 289.4 285.6 281.3 278.1 275.2 272 269.2 267.4 265.5 263.7 261.9 260 257.3 255 250.8 246.2 242 238.1 235.6 233.5 230.7 227.7
290.3 290 289.8 294.7 294.8 294.4 294.4 295.1 295 293.6 294.2 296.8 299.6 301.4 306.4 308.1 308.2 308.1 307.2 306.8 305.6 304.9 304.1 302.1 301.7 302.1 302.7 305.2 306.4 307.7 308.7 309.5 310.1 310.2 309.2 308.5 308.5 309.2 309.6 310.4 309.5 307.7 306.4 305.7 304.6 303.4 302.2 300.7 298.4 296.3 294.7 293.1 291.8 290.6 290.3 289.5 287.7 284.2 280.8 278 274.9 272 269.4 267.5 265.6 263.7 262 260.6 258 255 252.4 247.9 243.2 239.1 235.7 233.8 231.2 226 224.7
280.5 285.5 288.8 292.2 293.1 292.1 292.6 293.6 293.4 291.6 292.3 295 296.9 298.7 302.6 306 307.1 307.2 306.6 305.9 305 304.1 303.4 302.6 301.1 301.5 300.7 301.9 304.5 306.4 308.3 310 311.6 312 311.7 310.2 310.3 310.3 309.3 310.2 309.3 307.8 306.4 305.7 305.8 304.4 302.1 299.4 297.2 295.3 293.7 292 290.4 289 288.2 287.1 284.2 281.2 278.5 275.7 272.4 270 267.6 265.7 263.8 261.9 260.3 258.3 256.6 253.8 248.6 243.9 240.2 236.3 233.7 231.4 228.5 225.8 223.7
276.7 281.7 286 288.8 289.4 289.5 289.8 290.6 290.2 288.4 290.6 293.9 296.9 297.7 299.3 301.3 303.2 303.3 304.1 304.8 304 303.1 302.8 301.8 300.5 300.2 299.3 299.9 302.5 305.1 307.2 309.6 311.8 314.5 313.8 312.8 312.9 312 310.7 309.9 308.8 308 307.2 307.8 305.8 302.9 301.1 299 297.1 295.1 293.1 291.4 289.7 287.9 286.9 284.2 281.5 278.9 276.1 273.4 270.3 267.8 265.7 263.9 262 260.1 258.2 255.8 253.3 249.8 243.8 239.1 235.8 232.5 230.5 227.7 225.9 223.6 221
273.2 278.7 282.8 284.8 286.1 287.2 286.9 286.8 286.2 286 288.7 292.8 293 294.2 295.9 298.1 299.3 299.7 300.4 301.4 302.5 302.4 302 300.3 299 297.8 298.4 298.1 300.2 304.8 307.5 310.5 313.2 315.2 315.5 313.7 312.5 312.5 311.4 309.8 309 308.3 308.5 307.1 304 301 301.1 299.1 297.2 295.2 293.1 291.1 289.3 287.6 285.7 282.6 279.1 276.5 273.8 271.1 268.4 265.8 263.6 262.4 260.7 258.7 256 252.4 249.1 244.1 238.8 234.5 231.2 228.4 226.4 224.9 224.1 223.7 222.6
269.8 276.4 280.4 281 282.5 281.5 282.1 282.8 282.8 282.7 284.3 288.4 288.3 289.7 290.6 293.2 295.7 295.9 296.5 297.2 299.2 301 301 299.3 297.8 297.1 296.7 296.9 301 304.1 307.4 311.4 315.6 316.3 315.8 313.2 311.5 313.1 312.3 310.9 310.1 308.7 308.4 306.6 304.4 301.3 300.8 299.3 297.4 295.2 293.1 291.1 289 287 284.1 281.2 278.2 275.1 271.9 269.3 266.8 264.3 262 260.4 261.3 258.3 256 249.2 243.6 237.7 237.6 236.8 235.6 233.4 229.8 228.9 227.7 226.8 225.9
267.4 273.9 277.7 278.1 277.8 275.5 275.4 276.1 275.8 276.3 279.2 282.2 284.3 285.7 286.5 288.1 290.3 291.5 292.3 293.4 296.3 298.7 300.4 299.7 298 295.5 293.4 294.8 299.4 302.9 307.1 312 316.7 316.7 315.2 313.1 311.4 311.3 312 311.8 310.5 308.8 307.4 305 303.3 302.6 299.7 298.6 297.2 295.3 293.2 291.1 289.6 288.9 286.2 282.8 279 275.2 272.1 268.7 266.2 264.1 261.6 264.1 265.5 262.9 257.7 248.8 240.1 242.4 244.7 246.1 245.7 244.7 243.3 241.1 237.7 236.8 234.2
262.8 269.6 272.9 272.9 272.5 269.5 268.9 268.7 271.1 271.8 275.6 278.6 280 281.3 282.4 284.5 286.9 287.6 288.3 289.8 291.9 294.6 297.7 298.6 297 294.4 291.7 291.9 296.5 301 304.1 309.6 314.8 316.3 314.5 312.5 311.9 311.9 312.1 313.2 311.8 308.8 305.9 304.1 302.3 300.1 298.2 296.6 295.2 293.8 292.4 291.2 290.2 288.6 286.1 283.3 280 276.1 272.4 269.3 266.1 264.1 263.4 266.6 267.2 264.9 260.2 249.3 242 246.3 249.7 252.1 254.4 255.3 253.6 250 246.7 245.1 243.2
257.4 263.8 268.2 267.9 266.7 265.2 264 264.1 265.6 267.9 271.6 274.4 275.7 277.5 280.2 282.5 284.8 285.6 285.6 286.4 288.1 290.8 293.7 296.7 295.6 293.4 290.5 288.3 292.8 297.2 301.5 305.2 309.2 311.8 310.7 310.9 312.2 312.6 314 314.8 312.6 308.4 304.7 302.6 300.8 298.8 297.6 295.7 294.1 292.6 291.2 289.5 287.7 286.1 283.5 281.5 279.8 276.7 272.9 269.5 267.5 264.4 260.8 263.4 266.9 263 258.2 250.5 243 248.5 253.4 256.8 259.5 259 257.2 255.2 253.2 251.4 249.9
251.3 258.3 261.8 263.4 263.4 262.2 261.1 260.2 261.9 263.9 267 271.3 273.3 274.2 276.6 279.2 281.5 282.8 282.8 284.1 285.3 288.1 291.4 294.5 295 293.2 290 285.9 289.6 293.8 298.8 301.7 305 306.8 307.9 308.3 310.7 312.1 314.1 314.9 312.1 306.4 303.7 301.2 299.2 297.8 296.5 294.8 293.2 291.4 289.4 287 285.2 283.2 281.6 280.2 278.4 276.2 273.4 270.4 267.3 266.1 263.6 259.7 262.2 259.8 255.4 249.9 243 248.5 256.1 260 262.4 261.2 259.5 257.7 256 254.7 253.6
248.7 253.3 255.7 257.3 260.5 260.1 259.8 257.6 258.3 259.4 261.1 265.2 269.4 270.9 274.5 275.8 276.9 279 280.7 282.1 283.5 285.8 289.7 292 292.7 293.3 290.7 286.4 287.2 289.2 292.9 297.3 300.2 302.7 303.6 305.1 307 310.3 311.7 311.8 309.5 305.3 302.4 300.2 298.6 297.2 295.4 293.3 290.6 289.1 286.7 283.7 281.5 281 280.2 278.2 276.5 274.3 271.7 269.6 268.2 265.7 263.2 259 258.3 255.9 250.6 245.7 244.8 251.5 257.7 260.7 263.6 262.6 261.6 260.1 259 257.7 257
242.9 248.2 249.7 251.1 257.4 256 256.8 255.8 255.6 256.8 258.2 260.7 264.3 269.1 272.6 274.1 273.7 275.5 278.1 280.5 282.4 284.8 287.9 289.6 290.1 290.8 289.6 283.1 283.3 285 287 291 295.5 299.8 301.1 301.2 303.3 305.6 306.5 307 306.6 303.9 301.2 299.5 298 296.2 294.2 292 286.9 285.3 284.2 282.3 279.4 278.1 276.3 274.5 274 271.9 269.3 267.8 264.8 262 259 256.2 254.5 248.6 247.9 248.2 250.9 255.9 259.9 261.4 263.6 264.4 263.3 262.4 261.5 261 261.1
236.3 240.4 242.2 245.6 248.5 252.8 253.5 251.6 252.8 255.8 255.8 257.4 260.3 265.6 268.2 270.5 270.6 271.9 274.5 278.3 281.1 283 285.6 288.1 289 289.6 285.4 277.7 281.5 282.6 283.3 285.6 290.7 293.6 295.8 299.3 299.6 301.4 302.6 303.3 302.7 301.6 300.1 298.4 296.3 293.5 293.3 291.4 281.6 278.7 279.7 278.3 275.5 274 272.2 270.4 270.2 268.7 266.7 265.3 262.1 260.7 260.5 258.5 255.9 254.4 254.5 255.4 257.6 260.2 262 263.2 263.6 264.5 265.4 264.7 264.5 264.7 264.7
230.2 232.9 238.5 240.7 243.6 248.8 251.2 248.3 250.3 252.2 254.4 255.6 258.3 261.1 263.7 266.3 266.8 268.4 272.2 276.9 279.1 280.8 282.6 285.9 288.1 287.7 283.3 275.6 280.5 281.7 281.7 282.5 284.5 289.2 290.8 293.6 296.5 297.6 299.4 300.7 300.9 300.3 298.7 296.9 287.4 284.9 283.6 282.9 284.7 286.7 277.3 275.2 274.2 273.1 271.9 271 269.9 267.9 265.6 265 265.7 266.7 266.4 265.4 262.7 262 261.1 260.7 261.5 262.7 264.3 264.9 265.3 266.4 267.8 268 268.1 268.5 268.1
225.6 229.9 232.3 235 238.6 243.3 246 244.8 245.6 249.3 252 253.7 255.4 257.8 259.8 261.7 264.6 267.8 271.9 276.1 277.8 279.3 281.9 285.2 287.3 287.3 283.7 273.3 279.1 279 279.4 280.1 282.1 285.9 287.7 288.3 290 293.9 297.8 300.2 300.5 299.5 298.4 294.7 296.1 294.4 291.5 290.9 289.5 287.9 281.1 282.3 282.3 281.1 278.6 277 275.6 273.8 272.6 270.7 271.7 272.4 272.6 270.5 269.1 267 265.2 264.7 264.9 264.8 266 266.5 267.4 269 270.6 270.1 270.2 270.8 271.9
223.5 226 228.6 231 235.7 238.1 239.4 242 243.9 250.2 251.2 251.8 253.5 255.9 258.3 261.9 265 268.5 273.3 276.8 277.9 278.2 281.5 284.6 286.2 286.5 285.7 276 271.9 273.7 276.3 277.9 279.5 282.1 284.3 284.6 286.6 290.8 296.5 300.6 300.7 300.7 300.1 299 298.5 296.9 295.3 293.4 291 288.9 287 287.9 288.8 287.5 285 282.4 281 279.2 278.2 276.7 276.2 276 275.6 273.4 271.4 269.9 268.8 268 268 267.9 267.9 268.8 269.7 270.7 271.7 271.9 273.6 275.8 276.9
221.4 224.3 226.9 229.5 233 234 236.8 239.4 242.5 250.1 253.2 251.5 253.3 256 260.9 265.6 268 269.8 274.3 275.6 275.9 277.4 280.9 283.2 284.4 285 283.9 281.9 271.1 269.3 273.9 275.6 277 278.4 279.8 282.4 286.2 290.7 295.3 300.6 302.4 303.5 302.3 300.6 299.8 299.1 297.8 295.1 292.4 290.4 290 290.9 291.4 290.1 287.8 285.8 284.8 283.8 282.6 280.9 279.1 278.1 277.5 275.1 273.6 273.4 271.7 270.9 271 271 271 271 271.7 271.6 273.3 274.9 275.6 279.8 280.8
215.2 224.3 225.9 228.3 230 231.9 234.8 237.3 241.6 247.3 252.2 249.5 253.9 256.4 263.6 269 270.8 272.6 274.5 274.3 274.8 275.9 278.9 281 282.3 282.8 282.1 282 275 267.5 270.2 273.4 276.2 278.6 279.6 281.7 287.1 291.1 295.3 299.5 304.7 304.8 303.9 302.2 301 300.5 299.3 297.5 294.8 292.1 292.7 293 293.3 292.4 290.6 288.6 287.4 286.3 284.9 283.9 282.6 281.1 279.1 277 277 277 276.1 275.5 275.3 275.3 275.1 274.7 273.7 274.5 276.2 277 278.3 282.3 283.3
216.6 224.1 224.8 225.7 228.8 230.8 233.8 237 240.1 245.2 246.4 248.1 254.8 258.8 266.2 272 275.5 276.5 275.1 274.2 273.8 274.1 276.1 278.2 278.9 279.2 279 278.5 272.3 265.1 267.3 273.6 276.4 278.6 284 288.4 290.8 293.5 296 300.2 304.1 305.3 305.3 303.9 302.3 301.1 299.7 298.5 298.4 295.7 295.4 295.2 294.5 294.1 293.2 291.4 290 288.7 287.5 286.7 285.6 282.9 280.6 279.6 280.4 280.7 280.4 280.2 279.8 279.4 279 278.1 277.3 277.1 278.1 280.2 282.5 285.1 286.4
218.1 221.4 224.6 226 227.9 230.6 232.7 236.1 238.6 238.5 243.9 249.4 254.6 260.8 267.9 273.3 277.3 277.5 275.5 274.6 273.8 272.2 272.8 273 273 274.4 274.9 272.2 268.3 263.3 268.7 274.8 277.1 283.9 290.6 293.4 293.2 295.8 298.4 302.9 305.4 306.7 306.2 305.3 303.4 301.6 300.2 299 298.8 298.5 297.8 296.6 295.5 295.1 294.7 294.1 292.6 291.3 290.3 289.1 287.5 284.8 284.2 283.3 283.2 283.3 283.2 283.7 283.6 283.3 282.5 282 281.5 281.4 281.6 283.4 285.9 287.7 288.7
217.1 211 223.2 224.5 225.8 227.5 229.4 232 233.2 241.1 245.1 249.1 254.6 262.7 268.1 272.7 274.3 276.4 276.3 275 274.2 272.7 270.7 268.7 267.1 267 267.9 267.6 264.3 263.8 270.8 275.8 281.6 287.5 292.6 293.6 295.5 300.9 301.3 306 307.2 307.9 306.6 305.7 304.4 302.6 301.5 300.8 300.4 300.5 299.8 299.1 298.5 297.7 296.9 296.1 294.9 293.5 292.1 290.8 289.4 287.2 287.4 287 286.2 286.2 286.7 287 286.8 286.6 286 285.5 285.2 285.6 286.1 287.2 289 290.7 290.7
219.2 210.9 217.1 220.9 222.3 222 226.3 230.2 235.1 240.2 245 250 256 263.8 267 269.7 272.7 273.8 274.9 274.8 274 273 271.3 268.1 266.6 266.4 265.3 264.7 264.2 267.7 273.9 277.7 283.8 288.6 292.1 294.9 301 301.2 304.2 307.8 307.9 308.5 307.2 306.1 305.3 303.8 303.3 303 302.6 302.4 302.4 302 301.5 300.6 299 297.4 296.4 295.2 293.4 292 291.2 290.2 290 290.4 289.6 289.4 289.9 290.4 289.4 289.1 288.7 288.2 288.5 288.9 289.5 291.3 292.8 294.3 294.8
222.8 218.8 208.1 218.4 218.3 221.2 226.4 229.9 234.9 240 245 250.2 257.1 262.8 265.5 266.8 268 270.3 272.2 272.5 272.4 271.3 269.3 266.5 265.2 264.7 261.1 259.5 263.6 269.6 274.4 279 284.2 288.6 291.4 294.5 297.6 301.1 304.6 309.1 309.7 308.9 307.7 306.5 305.7 305.5 305.9 305.4 305.7 306.5 306.7 305.7 303.3 301.6 300.1 298.8 297.9 296.4 294.8 293.2 292.8 292.8 292.7 293.2 293.1 292.7 293.2 293.8 292.8 291.9 291.4 291.4 291.8 292.2 293.5 294.4 296.6 298.8 298.3
223.1 221.2 213.9 208.5 214.9 218 223.1 228.1 232.6 237.9 242.9 248.5 254.8 259.9 261.8 262.9 264.1 265.8 265.7 269.2 269.4 267.9 266.6 264 262.9 262 255.8 256.7 262.3 266.8 272.7 278.3 283 287.7 289.9 293 296.7 300.1 304.2 308.4 309.5 308.9 307.8 307.1 306.9 307.8 309.7 309.4 310.1 311.6 309.5 307.4 305.5 303.2 301.4 300.3 299.4 297.6 295.7 295.2 295.1 295.3 295.4 296.1 296.3 296.2 296.6 297.2 296.6 296.8 295.9 294.7 295.3 295 295.9 296.9 298.9 300.6 299.8
222.3 220.9 219.1 212.6 206.1 214.1 219.3 224.6 229 233.8 239.7 244.3 248.8 253.5 257.1 258.9 260.6 261.5 261.8 262.4 262.2 262.2 260.9 258.9 257.8 255.6 252.2 256.7 262.7 267.5 271.8 276 280.1 285.5 288.3 291.8 295.5 298.9 304.1 309.5 309.4 308.4 306.8 306.8 307.7 309.5 311 311.9 312.4 311.1 309.2 307.3 306.5 305.7 304 302.3 300.8 298.7 298.2 298.4 297.8 298.2 298.6 300 300.1 300.2 300.8 303.8 305 305.6 304.5 302.9 300.9 298.4 299.2 299.8 301 301.6 300.3
221.5 219.7 217.8 215.1 202.9 209.2 215.7 221.2 225.2 229.6 234.1 237.6 240.9 244.5 248.3 253.2 256.7 256.3 255.6 255.6 255 253.5 252.2 254.5 252.1 251.7 251.7 258.4 264.1 271.2 277.1 280.4 282.2 285.3 288.8 289.7 295.5 299.2 303.4 308.5 308.6 307.3 305.9 305.7 306.2 307.9 307.8 307.3 307.1 306.9 307 307.2 306.4 306.4 306.2 305.2 303.8 303.1 302.9 301.6 300.7 300.9 302.1 304 303.3 304.2 306.4 309.4 312 312 309.6 308 304.8 301.8 301.6 300.4 300.5 300.9 299.8
219.4 218.6 216.4 214.1 211.5 206.8 212.3 217.5 221.5 225.2 228.3 231 231.8 235.8 238.3 243.7 247.7 248.7 248.9 247.4 244.6 243.7 251.7 251.3 250.7 248 257.4 264.6 269 276.2 280.6 282.9 284.4 288.3 290.4 291.5 294.4 299 302.2 304.8 306.5 305.4 304.2 303.9 303.7 303.8 302.9 302.3 303 303.4 303.2 302.8 303.1 303.3 304.4 306 306.2 307.3 307.6 306.9 305.7 306.4 305.5 306.5 306.7 307.1 308.3 312.4 311.7 311.8 309.9 306.5 303.7 300.7 299.5 298.4 298.4 298.2 297.5
217.1 216.3 214.7 212.9 209.9 201 206.6 211.2 215.7 218.2 221.9 223.2 226.4 229.3 230.7 232.6 236.4 239.6 239.5 237.9 236.7 242.1 248.5 249.3 244.7 253.6 262.8 268.3 272.8 278.8 281.8 283.6 286 289.7 290.8 291.1 292.9 297.2 300.8 300.7 301.6 300.7 300.1 299.4 298 297.4 297.5 297.5 298.4 299.5 299.6 300 300.3 300.5 301.9 304.1 306.1 308.4 308.5 308.1 307 306.6 306.5 305.9 305.7 306.9 309.8 311.9 309.9 306.2 304.2 302.4 299.7 298.9 297.7 296.6 295.9 295.8 294.4
214.8 214.5 213.7 211.7 209.4 205.7 201.7 205.9 209.9 212.9 215.8 218.7 220.9 222.5 224.4 226.2 228.7 230.8 231.9 232 236.3 244 248.9 244.7 243.5 259.6 266.3 269.7 274 280.9 284.2 284.2 286.7 289.3 289.9 290.9 291.5 293.2 293.8 294.9 294.3 293.4 292 291.2 290 289.7 290.2 291.5 292.8 294.6 296.7 297.2 297.4 297.8 298.9 300.8 303.3 305.8 307.7 307.3 306.4 306.1 305.7 304.9 304.6 305.6 306.3 307.5 303.4 301.9 300.6 299.3 297.3 296.7 294.9 293 292.6 291.5 294.2
215.1 214 212.4 209.9 207.4 204.9 199.1 202 204.3 206.6 210.1 212.3 214.1 215.8 217.6 219.5 222.3 223.4 224.7 231.7 237.7 244.6 245.4 237.1 249.8 261.5 268.3 271.6 275.2 281.7 284.2 283.5 288.6 289.4 290.1 289.2 288.3 288.1 287.5 286.8 286.7 285.6 284.3 283.5 283.5 283.8 284.7 286 287.7 290 292.4 294.3 294.5 295.4 296.5 297.6 299.7 301.6 304.3 305.8 305.8 305.3 304.7 304 303.7 303.6 303.6 303.1 302.1 300.7 299.5 298.3 296.8 295.5 293.4 292.3 290.7 289.9 289
