data/410000-1160000.asc
ncols 200
nrows 200
xllcorner 410000
yllcorner 1160000
cellsize 50
[rows 152 to 189 of 200, columns 84 to 167 of 200]
-0.7 -0.7 -0.7 -0.7 -0.7 -0.7 -0.7 -0.7 -0.7 -0.7 -0.7 -0.7 -0.7 -0.7 -0.7 38 44.3 45.8 47.4 51.3 56.1 -0.7 -0.7 -0.7 -0.7 -0.7 -0.7 -0.7 -0.7 14 -0.7 -0.7 -0.7 -0.7 -0.7 -0.7 -0.7 -0.7 -0.7 -0.7 -0.7 -0.7 -0.7 -0.7 -0.7 -0.7 -0.7 -0.7 -0.7 -0.7 -0.7 -0.7 -0.7 -0.7 -0.7 -0.7 -0.7 -0.7 -0.7 -0.7 -0.7 -0.7 -0.7 -0.7 -0.7 -0.7 -0.7 -0.7 -0.7 -0.7 -0.7 -0.7 -0.7 -0.7 -0.7 -0.7 -0.7 -0.7 -0.7 -0.7 -0.7 -0.7 -0.7 -0.7
-0.7 -0.7 -0.7 -0.7 -0.7 -0.7 -0.7 -0.7 -0.7 -0.7 -0.7 -0.7 -0.7 -0.7 -0.7 37.2 52 55.7 54.8 57.1 59.7 -0.7 -0.7 -0.7 -0.7 -0.7 -0.7 -0.7 -0.7 20.2 15.8 14.7 14.4 -0.7 -0.7 -0.7 -0.7 -0.7 -0.7 -0.7 -0.7 -0.7 -0.7 -0.7 -0.7 -0.7 -0.7 -0.7 -0.7 -0.7 -0.7 -0.7 -0.7 -0.7 -0.7 -0.7 -0.7 -0.7 -0.7 -0.7 -0.7 -0.7 -0.7 -0.7 -0.7 -0.7 -0.7 -0.7 -0.7 -0.7 -0.7 -0.7 -0.7 -0.7 -0.7 -0.7 -0.7 -0.7 -0.7 -0.7 -0.7 -0.7 -0.7 -0.7
-0.7 -0.7 -0.7 -0.7 -0.7 -0.7 -0.7 -0.7 -0.7 -0.7 -0.7 -0.7 -0.7 -0.7 -0.7 37 52.9 61.1 61.6 62.9 64.9 64.7 -0.7 -0.7 -0.7 -0.7 -0.7 -0.7 -0.7 16.7 20.6 19.8 21.8 -0.7 -0.7 -0.7 -0.7 -0.7 -0.7 -0.7 -0.7 -0.7 -0.7 -0.7 -0.7 -0.7 -0.7 -0.7 -0.7 8.5 -0.7 -0.7 -0.7 -0.7 -0.7 -0.7 -0.7 -0.7 -0.7 -0.7 -0.7 -0.7 -0.7 -0.7 -0.7 -0.7 -0.7 -0.7 -0.7 -0.7 -0.7 -0.7 -0.7 -0.7 -0.7 -0.7 -0.7 -0.7 -0.7 -0.7 -0.7 -0.7 -0.7 -0.7
-0.7 -0.7 -0.7 -0.7 -0.7 -0.7 -0.7 -0.7 -0.7 -0.7 -0.7 -0.7 -0.7 -0.7 -0.7 33.3 50.8 64 68.1 69.1 70.5 68.6 59.7 -0.7 -0.7 -0.7 -0.7 -0.7 8.8 25.9 23.1 19.8 20.8 24.3 22.3 14.5 -0.7 -0.7 -0.7 -0.7 -0.7 -0.7 -0.7 -0.7 -0.7 -0.7 -0.7 11 11.8 -0.7 -0.7 -0.7 -0.7 -0.7 -0.7 -0.7 -0.7 -0.7 -0.7 -0.7 -0.7 -0.7 -0.7 -0.7 -0.7 -0.7 -0.7 -0.7 -0.7 -0.7 -0.7 -0.7 -0.7 -0.7 -0.7 -0.7 -0.7 -0.7 -0.7 -0.7 -0.7 -0.7 -0.7 -0.7
-0.7 -0.7 -0.7 -0.7 -0.7 -0.7 -0.7 -0.7 -0.7 -0.7 -0.7 -0.7 -0.7 -0.7 21.1 34.3 50.9 66.4 72.1 72 69.5 69 61.2 55 48 45 42.6 41.6 43.1 36.3 29.7 25.5 25.8 26 24.5 18.5 -0.7 -0.7 -0.7 -0.7 -0.7 -0.7 -0.7 -0.7 -0.7 -0.7 -0.7 -0.7 11.4 11.5 2 -0.7 -0.7 -0.7 -0.7 -0.7 -0.7 -0.7 -0.7 -0.7 -0.7 -0.7 -0.7 -0.7 -0.7 -0.7 -0.7 -0.7 -0.7 -0.7 -0.7 -0.7 -0.7 -0.7 -0.7 -0.7 -0.7 -0.7 -0.7 -0.7 -0.7 -0.7 -0.7 -0.7
-0.7 -0.7 -0.7 -0.7 -0.7 -0.7 -0.7 -0.7 -0.7 -0.7 -0.7 -0.7 -0.7 -0.7 34.6 37.7 49.1 65.6 76.3 78.9 75.7 71.4 66.9 60.9 55.4 49.8 47.4 47.9 47.6 45.6 36.8 31.9 27.4 26.4 22.5 17 -0.7 -0.7 -0.7 -0.7 -0.7 -0.7 -0.7 -0.7 -0.7 -0.7 -0.7 -0.7 14.9 14.2 -0.7 -0.7 -0.7 -0.7 -0.7 -0.7 -0.7 -0.7 -0.7 -0.7 -0.7 -0.7 -0.7 -0.7 -0.7 -0.7 -0.7 -0.7 -0.7 0.4 -0.7 -0.7 -0.7 -0.7 -0.7 -0.7 -0.7 -0.7 -0.7 -0.7 -0.7 -0.7 -0.7 -0.7
-0.7 -0.7 -0.7 -0.7 -0.7 -0.7 -0.7 -0.7 -0.7 -0.7 -0.7 -0.7 -0.7 -0.7 42.8 40.6 49.4 64.1 74.6 81.4 80 74.3 69.1 65.5 60.9 56.7 53.5 53.4 52.7 50.5 44.3 36.5 30.4 27.9 25.3 25.5 22.7 -0.7 -0.7 -0.7 -0.7 -0.7 -0.7 -0.7 -0.7 -0.7 -0.7 -0.7 -0.7 -0.7 -0.7 -0.7 -0.7 -0.7 -0.7 -0.7 -0.7 -0.7 -0.7 -0.7 -0.7 -0.7 -0.7 -0.7 -0.7 -0.7 -0.7 -0.7 -0.7 9.6 -0.7 -0.7 -0.7 -0.7 6.8 -0.7 -0.7 -0.7 -0.7 -0.7 -0.7 -0.7 5.6 7.3
-0.7 -0.7 -0.7 -0.7 -0.7 -0.7 -0.7 -0.7 -0.7 -0.7 -0.7 -0.7 -0.7 -0.7 -0.7 44.6 49.2 61 68.7 78.4 81.7 76.7 69.9 67.8 64.6 61.6 58.3 56.9 55.9 54.2 50.5 42.7 33.8 30.9 30.9 31 28.2 23.6 -0.7 -0.7 -0.7 -0.7 -0.7 -0.7 -0.7 -0.7 20.7 27 -0.7 -0.7 -0.7 -0.7 -0.7 -0.7 -0.7 -0.7 -0.7 11 11 -0.7 -0.7 -0.7 -0.7 -0.7 -0.7 -0.7 -0.7 -0.7 -0.7 11.1 -0.7 -0.7 -0.7 9.5 8 -0.7 -0.7 -0.7 -0.7 -0.7 -0.7 -0.7 -0.7 13
-0.7 -0.7 -0.7 -0.7 -0.7 -0.7 -0.7 -0.7 -0.7 -0.7 -0.7 -0.7 -0.7 -0.7 -0.7 43.2 47.1 51.2 61.8 76.7 82.7 80.2 71.8 69.9 66.6 63.2 60.6 59.1 58 56.1 52.8 49.3 38.1 35.5 38 37.4 32 26.5 -0.7 -0.7 -0.7 -0.7 -0.7 10.6 -0.7 -0.7 27.1 31 24.4 -0.7 -0.7 -0.7 -0.7 -0.7 -0.7 -0.7 -0.7 11 11.1 -0.7 -0.7 -0.7 -0.7 -0.7 -0.7 -0.7 -0.7 -0.7 -0.7 6.7 12 -0.7 -0.7 11.1 10.6 6.9 -0.7 -0.7 -0.7 7 -0.7 -0.7 -0.7 17.4
-0.7 -0.7 -0.7 -0.7 -0.7 -0.7 -0.7 -0.7 -0.7 -0.7 -0.7 -0.7 -0.7 -0.7 -0.7 -0.7 -0.7 47.4 51.9 68.8 80.3 80 72.5 69.5 67.1 65.1 62.6 61.2 60.1 58.1 55.9 52.1 42.1 39 40.7 38 29.4 21.1 -0.7 -0.7 -0.7 -0.7 12.6 21 16.6 22.9 28.3 31 27.5 18.7 -0.7 -0.7 -0.7 -0.7 -0.7 -0.7 3.1 11.4 11.4 -0.7 -0.7 -0.7 -0.7 -0.7 -0.7 -0.7 -0.7 -0.7 -0.7 1.1 8 -0.7 -0.7 10.6 10 11.7 11.6 2.3 10.9 11.8 11.5 -0.7 21.8 19.3
-0.7 -0.7 -0.7 -0.7 -0.7 -0.7 -0.7 -0.7 -0.7 -0.7 -0.7 -0.7 -0.7 -0.7 -0.7 -0.7 -0.7 -0.7 47.3 55.8 61.5 70.6 69.8 67.7 65.7 63.7 63.5 62.9 61.9 60.1 56.4 52.2 47.1 41.8 39.5 33.9 25.3 5.8 -0.7 -0.7 -0.7 13.4 17.4 21 24.6 28.1 31.3 30 25.5 16.3 -0.7 -0.7 -0.7 -0.7 -0.7 -0.7 7.7 12.6 13.6 -0.7 -0.7 -0.7 -0.7 -0.7 -0.7 -0.7 -0.7 -0.7 -0.1 0.8 0.8 -0.7 -0.7 3 10.4 11.2 12.4 13.8 18.3 16.7 17.2 19.8 26.4 30.1
-0.7 -0.7 -0.7 -0.7 -0.7 -0.7 -0.7 -0.7 -0.7 -0.7 -0.7 49.2 -0.7 -0.7 -0.7 -0.7 -0.7 -0.7 21.9 47.2 56.5 60.5 64.1 64.9 63.2 63.1 64.1 63.9 62.3 60.7 57.3 53.8 49.8 45 39.1 31.8 22.5 10.6 9.4 19.5 20.7 18.5 19 22 25.5 28.5 30 26.4 20.3 14.4 10.2 -0.7 -0.7 -0.7 -0.7 1.4 9.7 11.5 11.5 1.3 -0.7 -0.7 -0.7 -0.7 -0.7 -0.7 -0.7 -0.7 0.3 0.9 5 -0.7 -0.7 2.8 7 12.4 15.9 19.2 22 20.1 19.4 22.8 30.1 29.8
-0.7 -0.7 -0.7 -0.7 -0.7 -0.7 -0.7 -0.7 -0.7 -0.7 46.1 46.8 45.7 45.8 47.4 -0.7 -0.7 -0.7 9 42 51.7 55.7 59 60.5 60.7 62.8 64.3 63.8 62.6 60.4 57.3 54.3 51.4 47.1 40.4 30.1 20.5 16.4 17.6 20.9 20 18.2 16.4 21 21.3 22.5 25.1 21.6 16.6 10 -0.7 -0.7 -0.7 -0.7 -0.7 4.7 9.9 10.2 9.5 2.4 -0.7 -0.7 -0.7 -0.7 -0.7 -0.7 -0.7 -0.7 -0.7 3.1 7.4 10.7 3.9 2.5 8.8 12 15.9 20.3 26.3 29 24.9 28.6 30 29.6
-0.7 -0.7 -0.7 -0.7 -0.7 -0.7 -0.7 -0.7 -0.7 -0.7 -0.7 45.5 44.6 43.5 45.2 44.8 41.8 30 33.6 32.8 43.5 49.5 52.7 56 59.7 61.2 62 62.3 61.6 58.4 54.8 52.4 50.6 46.3 42 33 23.7 20.8 19.9 19 17 18.2 15.4 19.7 19.6 17.8 16.5 13.7 11.9 6.5 -0.7 -0.7 -0.7 -0.7 -0.7 6.6 10.3 11 8.2 4.3 -0.7 -0.7 -0.7 -0.7 -0.7 -0.7 -0.7 -0.7 -0.7 3.8 7.6 11 7.6 2.4 5.6 10.8 14.3 21.8 28.9 30.8 29.9 30 29.8 26.7
-0.7 -0.7 -0.7 -0.7 -0.7 -0.7 -0.7 -0.7 -0.7 -0.7 -0.7 -0.7 47.5 45.8 48 48.7 47.2 40.6 36.9 38.1 40.3 45.2 48.8 51 53.9 53.9 55.3 57.1 55 51.3 51.8 49.6 49.9 46.2 42 35 26 20.6 22 20 18.2 18.2 18.2 16.6 11 10.6 8.4 6.1 8.8 5.2 -0.7 -0.7 -0.7 -0.7 3.4 7.6 9.8 10.7 7.5 2.6 -0.7 -0.7 -0.7 -0.7 -0.7 -0.7 -0.7 0.5 2.2 6.1 9.5 11 9.1 0.3 1 11 12.7 21.4 26.7 28.5 29.6 29.7 27.2 23.2
-0.7 -0.7 -0.7 -0.7 -0.7 -0.7 -0.7 -0.7 -0.7 -0.7 -0.7 -0.7 4.4 49.5 52 51 50.1 43.4 39.3 38.8 40.2 43.1 45.7 47.1 48.6 49.7 47.1 48.6 48.8 48.4 50.5 49.4 49.8 46.8 42.6 37.4 27.7 19 19 19.6 18.8 17.9 18.2 11.6 10.5 9.4 7.4 3.3 0.8 -0.7 -0.7 -0.7 -0.7 -0.7 3.2 7.4 9.9 10.6 7.3 6 -0.7 -0.7 -0.7 -0.7 -0.7 -0.7 -0.7 1.5 5.3 8.2 10.3 11 11.1 1.8 0.8 1.3 8.1 16.7 17.6 20.7 24.5 22.7 21.5 21.4
-0.7 -0.7 -0.7 -0.7 -0.7 -0.7 -0.7 -0.7 -0.7 -0.7 -0.7 -0.7 53.1 52.1 51.3 51.1 49.5 44.6 40.1 39.4 39.3 41.6 43.4 43.2 43 40.9 41.6 42.6 44.1 44.6 46.9 49.4 49.8 47.8 43.4 39.4 30.4 22.4 19 19 20.8 18.6 18.2 12.4 11 10 9.4 6.8 2.3 -0.7 -0.7 -0.7 -0.7 -0.7 0.6 5.2 9.7 11 9 10 -0.7 -0.7 -0.7 -0.7 -0.7 -0.7 -0.7 3 6.2 8.1 10.8 11 11 1.7 -0.7 0.2 4.9 9.8 14.2 17.5 19.4 20.2 20.4 19.1
-0.7 -0.7 -0.7 -0.7 -0.7 -0.7 -0.7 -0.7 -0.7 55 55 54.8 53.1 50.5 51.5 50.7 48 43.7 40.6 39.2 39.2 39.3 39.6 38.5 38.9 38.9 39.3 38 39.1 41.1 43.4 46.8 48.3 45.8 42.7 41.2 33.6 27.5 22 19 19.8 20.9 15.2 13.6 11.5 11.4 10.2 11 6.9 0.8 -0.7 -0.7 -0.7 -0.7 -0.7 -0.7 11 9.7 9 11 6.7 -0.7 -0.7 -0.7 -0.7 -0.7 -0.7 2.8 4.9 6.9 10.6 10.6 8.4 -0.7 -0.7 0.2 1.7 9.4 11.7 13.8 16.1 16.8 16.9 19.1
-0.7 -0.7 -0.7 -0.7 -0.7 -0.7 -0.7 -0.7 55 54.5 53.3 51.9 50.5 48.7 50.7 49.3 45.6 41.9 39.3 36.4 35.4 34.4 34.1 33.9 34.7 34.4 34.2 34 35.5 38.2 39.6 41.6 43.8 43.1 41.6 40.3 35.6 29.8 25.6 22.3 23.7 25.1 21.1 16.2 14.3 11.5 11 11 10.2 3.1 -0.7 -0.7 -0.7 -0.7 -0.7 -0.7 5.3 10 9.2 9.8 11.4 11 -0.7 -0.7 -0.7 -0.7 -0.7 -0.7 2.2 4.3 4.8 2.1 -0.7 -0.7 -0.7 0.6 5.8 10.5 11.4 12.2 13.5 13.6 18.1 19.4
-0.7 -0.7 -0.7 -0.7 -0.7 -0.7 -0.7 6.6 55 51.9 50.2 49.6 48.9 45.3 46.6 45.2 43.5 40 35.8 32.9 31 30.1 29.3 28.9 31.1 30.7 30.2 29.6 31 33.7 34.2 35.4 39.1 39.3 41.4 38.9 38.9 35.8 28.7 26.5 28.4 30.2 27.2 18.9 15 10.9 10.8 11 10.2 -0.7 -0.7 1.8 -0.7 -0.7 -0.7 -0.7 2 6.5 9.8 10.8 14 12.9 -0.7 -0.7 -0.7 -0.7 -0.7 -0.7 -0.7 -0.7 -0.7 -0.7 -0.7 -0.7 -0.7 1.3 5.1 10 11.6 11.8 12.4 15.4 17.9 19.4
19.9 -0.7 -0.7 -0.7 -0.7 -0.7 -0.7 -0.7 49.2 49.9 47.4 45.8 42.2 39.8 39.3 39.7 40.5 36.4 32.5 28.6 26.4 25.6 25.1 26.4 27.3 28.4 28.4 28.6 28.1 29 29.4 29.7 31.5 34.4 37.6 40.5 40.5 39.2 35.1 29.2 29.5 31.1 31.2 19.9 15.2 11.3 11 11 8.8 -0.7 -0.7 4 5.1 -0.7 -0.7 1.9 5 7.6 9.5 10.5 15.8 13.6 -0.7 -0.7 -0.7 -0.7 -0.7 -0.7 -0.7 -0.7 -0.7 -0.7 -0.7 -0.3 -0.7 -0.7 4.6 9.5 11.7 12 12 12.8 15.7 19.1
-0.7 -0.7 -0.7 -0.7 -0.7 -0.7 -0.7 -0.7 26.3 47.1 40.7 40.5 36.7 36.1 33.3 33.3 33.5 31.1 26.9 22.8 20.6 20.5 21.1 22.9 24.2 25.5 26.4 25.8 25.2 24.6 24.5 24.8 26.8 30.2 33.7 38.4 41 41.2 41 35.1 30.7 31.8 31.7 28.7 15.7 9.8 10.1 10.8 5.6 -0.7 -0.7 3.3 8.7 3.5 2.6 3.4 7 9.4 9.1 9 12.8 14.1 -0.7 -0.7 -0.7 -0.7 -0.7 -0.7 -0.7 -0.7 -0.7 -0.7 -0.7 0.6 0.3 1 8.8 12.5 12.7 12.5 12.6 12.3 13.8 17.6
-0.7 -0.7 34.8 34.4 -0.7 -0.7 -0.7 -0.7 2.6 42.2 37.9 30.9 28.4 30.2 31 26.9 25 22.9 21.7 19 18.5 18.4 20 20.4 22 23.7 23.7 22.9 22.2 21.8 21.1 20.6 23.1 26.8 30.4 36.8 40.8 40.9 40.5 39.8 34.6 32.5 32.2 29.8 16.9 10.7 10.4 6.5 1.2 -0.7 -0.7 6.4 11 9.3 5.4 5.1 6.7 12.3 7.8 9.6 11.4 11.1 -0.7 -0.7 -0.7 -0.7 -0.7 -0.7 -0.7 -0.7 -0.7 -0.7 -0.7 6 3.6 4.6 10.9 18 18.4 17.4 17.3 15.9 13.1 12
-0.7 -0.7 -0.7 6.1 -0.7 -0.7 -0.7 -0.7 -0.7 -0.7 9 13.9 24.8 25.9 26.2 21.5 18.8 19 18.6 18.2 17.9 18.1 19 19.3 20.4 21.6 20.9 20.1 19.4 19.6 20 19 20.2 23.6 26.7 33.1 37.1 37.6 39.6 40.3 35.3 32 31.5 29.3 19.4 16.8 8 4.7 1.7 1.8 3.7 9.3 10.5 9.2 11 7.1 7.2 9 7.3 1.3 -0.7 -0.7 -0.7 -0.7 -0.7 -0.7 -0.7 -0.7 -0.7 -0.7 -0.7 -0.7 8.3 10.6 7.6 3.7 8.2 20.1 19.7 20.3 19.8 16.4 13 14.5
-0.7 -0.7 -0.7 -0.7 -0.7 -0.7 -0.7 -0.7 -0.7 -0.7 -0.7 -0.7 21 22.3 21.9 19.7 18.3 18.7 18.7 17.9 18.1 17.7 18.1 20.4 21 21 20.6 19.6 19.1 20.3 20.8 19.6 18.4 19.5 23.4 27.7 30.8 30.9 34.1 36.9 32.6 29.3 30.7 28.6 22 20.9 9.7 7.4 5 5.5 7.7 10.7 11 11 10.9 9 9 8 6.5 1.7 -0.7 -0.7 -0.7 -0.7 -0.7 -0.7 -0.7 -0.7 -0.7 4.9 10.7 8.8 11.8 13.1 10.1 5.6 6.7 13.4 21 19.3 18.2 15.1 12 13.2
-0.7 -0.7 -0.7 -0.7 -0.7 -0.7 -0.7 -0.7 -0.7 -0.7 -0.7 -0.7 20.4 19.2 16.1 13.8 16.5 18.4 19 18.6 18.1 18 18.9 20.2 21 21 21 21 19 19 19.1 19 15.4 11.7 14.3 21.5 24.2 24.5 27.2 28.3 27.8 28.1 29.8 27.5 22.6 20.8 16.2 8.7 8.3 9.1 9.2 10.3 10 9.8 9.2 11.1 10.4 9 9.4 5.2 -0.7 -0.7 -0.7 -0.7 -0.7 -0.7 -0.7 -0.7 7.1 8.7 10.3 13 16.7 17.5 12.9 9 5.4 9.2 20.7 19.1 15.9 12.2 10.6 11.1
-0.7 -0.7 -0.7 -0.7 -0.7 -0.7 -0.7 -0.7 -0.7 -0.7 -0.7 -0.7 22 14.8 10 10.5 14 18.8 21 20.6 19.7 18.4 19.3 20 21 21 21 21 19 19 18.9 17.7 13.6 10.7 8.8 9.9 12.8 16.5 19 20.7 23.2 22.9 25 23.5 22.2 19.1 18.9 12 13.3 11.3 10.1 9.8 8.7 8.4 8.6 13.2 17.2 14.4 16.1 12.2 -0.7 -0.7 -0.7 -0.7 -0.7 -0.7 -0.7 9.9 11 10.4 12.1 15 18.5 21 17.1 13.6 10.1 8.3 14 17.6 13.7 9.2 9.8 11
-0.7 -0.7 -0.7 -0.7 -0.7 -0.7 -0.7 -0.7 -0.7 -0.7 -0.7 -0.7 -0.7 -0.7 6.5 9.8 14.6 19.8 21.5 21.6 21.6 19.3 19.7 19 20.8 21 21 20.4 19 19 19 18.6 15.2 12.2 9.8 9.5 9.1 9 12.7 16.1 18.5 18.3 20.5 18.9 20.7 18.8 19 18.9 19.8 16.1 11.6 9.1 7.9 9 9 15 21 20.1 21 21 10.5 -0.7 -0.7 -0.7 -0.7 -0.7 -0.7 11.1 11.2 12 15.1 18.2 19.8 20.9 20 19.7 15.4 9.5 10.6 13.8 11.7 9.2 8.4 9.6
-0.7 -0.7 -0.7 -0.7 -0.7 -0.7 -0.7 -0.7 -0.7 0.8 -0.7 -0.7 -0.7 -0.7 1.6 8.3 15.1 20.4 22.9 24.5 24.7 21.4 19.1 19.2 19.5 20.4 21 20.1 19.3 20.1 20.4 19.3 18 15.4 12.2 9.1 9.3 9.2 9.3 11 11.4 13.7 15.6 17 18.7 18.5 18.6 18.8 19.6 17.9 11.9 9 9 9 7.9 16.9 21 20.6 20.5 22.7 12 -0.7 -0.7 -0.7 -0.7 -0.7 -0.7 -0.7 12.6 14.8 17.6 20.3 19.7 19.1 19.3 17.8 17.6 12 11.3 11.3 8.7 -0.7 -0.7 -0.7
-0.7 -0.7 -0.7 -0.7 -0.7 -0.7 -0.7 -0.7 -0.7 -0.7 -0.7 -0.7 -0.7 -0.7 -0.7 8.2 15.9 21.9 27.5 26.9 26.6 22.9 21.2 20.1 20.5 20.9 20.7 20.9 20.7 21.7 22.2 21.6 20.7 18.6 15.3 11.6 9.5 9.3 9.4 10.1 9.1 10.3 12.5 14.8 16.6 18.4 18.6 18.9 19 19.2 15.2 9 9 9 9.9 17.5 21 21 19.8 21.3 12.5 -0.7 -0.7 -0.7 -0.7 -0.7 -0.7 -0.7 11 16.5 19.6 21 21 19.7 17.6 15.1 15.2 11.9 9.8 8 -0.7 -0.7 -0.7 -0.7
-0.7 -0.7 -0.7 -0.7 -0.7 -0.7 -0.7 -0.7 -0.7 -0.7 -0.7 -0.7 -0.7 -0.7 -0.7 8.3 16.1 22.3 29.6 29.6 28.8 25.1 22.4 22.1 21.9 22.2 21.9 21.5 22.3 23.4 24.5 24.8 23.5 21.8 17.7 13.5 10 9.3 9.8 9.3 9.3 9.1 10.2 12.5 14.8 17.7 18.8 18.9 19.2 19.6 15.5 9 9 9 11.1 17.9 20.5 22.7 22.6 19.4 8.8 11 -0.7 -0.7 -0.7 -0.7 -0.7 3.1 7.8 16 20.8 20.4 21 18.6 15.1 12.7 12.5 11.6 -0.7 -0.7 -0.7 -0.7 -0.7 -0.7
-0.7 -0.7 -0.7 -0.7 -0.7 -0.7 -0.7 -0.7 -0.7 -0.7 -0.7 -0.7 -0.7 -0.7 -0.7 10.4 17.2 22.1 31 33.7 30.4 26.4 23.5 23.3 23 23.2 23.7 23.5 24.5 25.6 27 28.1 28 25.5 21.9 18.2 14.3 9.3 9.3 9.3 9.3 9.3 10 10.5 13.7 16.9 19.5 20.7 19.8 19.2 17.1 9 9 9 12.3 18.4 23.2 29.2 29.6 19.1 11.2 10.1 10.8 7.5 4.7 4.5 3.3 6 9 16.2 20.5 19.4 18.5 15.4 12.3 9.9 10.7 11.6 -0.7 -0.7 -0.7 -0.7 -0.7 -0.7
-0.7 -0.7 -0.7 -0.7 -0.7 -0.7 -0.7 -0.7 -0.7 -0.7 -0.7 -0.7 -0.7 -0.7 1.3 9.9 17.4 22.5 31.6 36.3 32.5 26.1 23.8 23.5 23.6 23.8 24.5 25.3 26.6 27.7 29.2 30.6 32.4 31.2 28.2 24.4 19.3 12 9.3 9.3 9.3 9.3 10 9.6 11.7 16.3 19.8 21 21 19.6 19.5 9 9 9 12.6 18.9 26.1 31 28.9 20.8 16.5 14.9 16.4 12.9 10.6 8.3 6.4 6.9 9 15.5 19 19.6 18.4 14.6 10.9 9.6 10.8 -0.7 -0.7 -0.7 -0.7 -0.7 -0.7 -0.7
-0.7 -0.7 -0.7 -0.7 -0.7 -0.7 -0.7 -0.7 -0.7 -0.7 -0.7 -0.7 -0.7 -0.7 -0.7 3.2 17 23.9 32.8 38.3 33.1 26.6 24.2 24.3 24.3 24.5 25.3 26.9 28.5 29.8 31.5 33 35.5 35.8 33.5 29.9 22.3 14.8 9.9 9.3 9.3 9.1 8.4 10.8 8.5 13.4 20.7 22 21.8 21.3 19.4 12.7 9 9 13.6 19.6 30.5 29.6 28.1 21.4 19.6 19.2 22.6 18.3 14.9 11.4 9.6 9.9 9 13.7 19.8 20.3 16.8 13.2 9.7 8.8 9.4 -0.7 -0.7 -0.7 -0.7 -0.7 -0.7 -0.7
-0.7 -0.7 -0.7 -0.7 -0.7 -0.7 -0.7 -0.7 -0.7 -0.7 -0.7 -0.7 -0.7 -0.7 -0.7 3.9 7.7 13.3 34.3 36.2 31.8 27.4 24.9 25 25.2 25.3 26.7 28.5 30.4 32.1 33.9 36.6 38.6 39.7 38.2 34.4 28.6 18.8 13.1 9.3 9.3 9.3 5.1 5.3 5 10.8 21 22.1 22.8 22.3 21.2 18.7 10.5 9 12.7 20 30.3 30.4 28.4 23.4 20.3 21.3 29.1 26.1 20.7 15.3 13 11.3 9.4 14.3 20.5 21 16.1 11 6.1 3 0.9 -0.7 -0.7 -0.7 -0.7 -0.7 -0.7 -0.7
-0.7 -0.7 -0.7 -0.7 -0.7 -0.7 -0.7 -0.7 -0.7 -0.7 -0.7 -0.7 -0.7 -0.7 -0.7 -0.7 -0.7 -0.7 -0.7 -0.7 -0.7 10.5 25.6 25.7 27.1 23.9 26.3 27.5 30.8 30.5 35.9 39.9 40.3 40.5 41.4 38.2 32.9 25.7 16.5 11.3 9.8 9.3 1.8 1.1 2.7 9.5 16.7 19.7 21.6 23.2 21.8 21.1 16.4 9 11.7 19.6 29 31 29 28.9 27.3 28.9 30.3 30.9 23.9 19.2 17 13.6 10.7 11.5 21 21 16.6 10.1 4.3 -0.7 -0.7 -0.7 -0.7 -0.7 -0.7 -0.7 -0.7 -0.7
-0.7 -0.7 -0.7 -0.7 -0.7 -0.7 -0.7 -0.7 -0.7 -0.7 -0.7 -0.7 -0.7 -0.7 -0.7 -0.7 -0.7 -0.7 -0.7 -0.7 -0.7 28.9 26.9 24.9 25.1 24.5 23.9 28.2 30.2 34.3 38.3 40.9 42.1 43.2 44.9 42.5 37.9 32.3 25.9 15.7 9.5 10.4 2 0.9 0.8 1.7 10.4 14.6 19.2 22 22.1 21.8 20.6 13.7 15.9 20.6 26.7 30.8 30.3 29.7 30.5 29.8 29.7 31 25.8 20.7 21 17.4 11.9 9.2 17.3 20.5 16.8 10.3 5.5 -0.7 -0.7 -0.7 -0.7 -0.7 -0.7 -0.7 -0.7 -0.7
-0.7 -0.7 -0.7 -0.7 -0.7 -0.7 -0.7 -0.7 -0.7 -0.7 -0.7 -0.7 -0.7 -0.7 -0.7 -0.7 -0.7 -0.7 -0.7 -0.7 -0.7 29.2 26.2 22.8 -0.7 21.3 22.8 25.7 29 32.3 38.4 41.1 42.9 45.7 48 48.2 45.4 36 31.3 20 12.8 9.8 2.7 0.8 -0.7 -0.7 -0.7 4.6 12.3 17.7 22.2 26.4 24.8 18.9 18.3 19.5 24.2 29.7 30.7 30.2 29.4 31 31 30.5 26.3 23.6 21.6 20.3 15.7 10.3 12 16.9 12.8 10.4 5.9 -0.7 -0.7 -0.7 -0.7 -0.7 -0.7 -0.7 -0.7 -0.7
