data/410000-530000.asc
ncols 200
nrows 200
xllcorner 410000
yllcorner 530000
cellsize 50
[rows 140 to 174 of 200, columns 0 to 78 of 200]
154.4 153 149.4 146.6 147.6 148.4 148.6 149.3 152 155.3 158.5 161.4 163.9 166.2 168.5 171.5 174.4 176.3 178.6 181.5 183.3 183.8 186 187.4 188.6 188.8 188.9 190 191.9 191.1 188.6 186 182.9 179.8 175.3 170.5 164.5 159.6 154 148.4 142.8 137.2 132.7 128.7 125.3 119.6 115.3 108.8 103.3 103 103.3 101.3 103.2 105 106.2 106.4 107 108.3 113.5 117.9 122.2 126.4 130.6 135.7 139.7 142.5 146.8 151.4 156.6 165.4 174.9 174.8 175.1 173.9 173.7 174 173.7 173.6 173
156.9 155.4 153.9 152 147.7 146 144.9 145.4 147.5 150.6 153.7 156.9 159.5 161.9 164.2 166.6 169.1 171.4 173.9 176.3 179.1 180.9 182.1 183.3 184.2 184.4 185.1 185.4 186.5 186.7 187 184.7 181.6 178.6 175.3 171.4 166.7 161.5 157 151.3 145.6 140.1 135.1 131.5 128.5 124.7 119.7 113.9 105.4 102.9 103.2 101.2 103 104 104.5 105.2 105.9 106.6 111 115.4 119.7 123.8 128 131.4 134.7 138.5 141.7 146.5 152.3 160 169.1 176 176.4 175.1 174.1 174.9 175.2 174.4 173.5
160.1 158.3 157 155.1 154 151.6 147.1 145 143.1 144.3 146.7 151.6 156.2 158.5 161.1 163.6 165.4 167.6 170 172.4 173.7 175.6 177.9 179.2 179.8 179.9 179.7 179.5 180.2 181.3 181.8 181.3 179.4 176.6 174.1 171.5 167.1 163.2 159.2 154.5 148.8 143.2 138.3 134 130.4 127.4 122.6 118.6 109.1 103 103.1 102.5 102.5 103.5 104 104.5 105 105.8 107.8 112.9 117.1 121.1 124.9 128.8 130.8 134.8 137.9 142 148.5 156.2 165.6 174.6 177.8 176.3 176.3 176.1 175.7 174.7 173.8
163.4 161.5 159.7 158.6 157.5 155.4 152.2 149.7 145.3 141.8 142.2 146.2 152.5 156 158.4 160.8 162.5 163.8 166.3 168.7 169.6 170 171.9 173.9 174.6 174.7 174.7 174.5 174.9 175.9 176.7 176.1 175.4 173.5 171.6 169.5 167.5 164.5 160.8 156.4 151 146.1 141.6 137.2 133.3 129.7 126.2 122 116.5 106.3 102.6 101.8 102.7 103.6 104.1 104.5 105 104.9 105.9 110.1 114.5 118.3 122.3 126 128.4 131.1 134.5 138.1 144.2 153.7 162.4 172.6 178.3 178.8 178.2 177.2 175.9 174.6 173.9
166.3 164.4 163.4 162.3 160.9 159.1 156.6 153.7 148.9 143.3 140.7 141.4 147 154.2 155.5 157.9 159.7 160.8 162.5 164.2 165 165.5 165.8 167.3 168.2 168.4 169 170.1 170.7 170.7 170.9 170.5 170.4 169 167.5 166.4 165.2 163.4 161 157 152.9 148.2 144.6 140.5 136.1 132.9 129.7 125.5 121.1 111.4 102.1 100.6 102.8 103.9 104.1 104.5 104.2 103.2 104.7 105.9 111.2 115.9 119.6 123.2 125.6 128.3 131.6 135.5 141.4 151.2 159.1 168.3 177.5 179.8 177.6 176.2 174.9 174.2 173.6
170.1 168.5 167.2 165.4 163.6 162 160.7 158.6 154.4 145 141.2 139 142.7 153.4 154.4 155 156.8 157.8 158.4 159.2 160.3 161 161.1 162.2 162.5 163 164.4 165.2 165.4 164.9 165 164.5 164.7 164.1 162.6 160.9 159.8 159.8 158.8 156.6 153.2 149 144.8 141.3 137.8 135.8 132.3 128.1 122 119 101.6 101.2 103.2 103.6 103.9 104 100.7 100.5 101.5 105.5 105.2 113.1 117.1 120.4 123.5 126.3 128.9 133.1 137.8 146.6 153.8 163.2 173.9 178.9 177.5 175.5 173.9 173.4 173.7
172.9 173 171.3 168.8 166.2 165.3 164.3 162.6 159.8 151.2 141.8 138.1 145.8 153.8 153.8 153.6 153.8 154.5 154.9 155.5 156.4 156.1 156.7 157.1 157.5 157.6 158.4 159 159.2 159.2 159.2 158.8 158.7 158.9 157.7 155.9 154.4 154.3 154 152.7 151.6 148.9 144.3 140.5 138.7 136.9 133.9 130.1 124.6 120.3 104 101.1 103.3 103.7 103.3 101.3 100.9 100.9 98.8 100.6 105.7 106.3 113.9 118.5 121.9 124.8 126.9 130.6 135.3 140.4 148 156.3 166.5 175.4 176.3 174.7 173.1 172.7 173.8
177.2 176.2 175.1 172.7 170.2 168.3 166.4 164.9 163.3 160.2 143 137.5 140 154.1 154.4 153.8 152.8 152 152.3 152.4 152.4 152.7 152.6 152.3 152.3 152 152.5 152.6 152.9 153.2 153.5 153.6 153.8 153.9 153.1 150.8 149.1 148.6 147.9 147 145.9 144.9 142.2 139.4 137.2 136.3 132.5 128.8 126.3 123.1 117.5 101.5 101.3 102.6 99.3 100.9 100.9 100.9 100.9 100.3 101.9 100.8 106 116 120 123.1 125.5 128.6 132.5 135.9 141.9 149 157.9 169.9 174.5 174.2 172.9 172.4 173.7
178.8 177.3 175.5 174.8 172.9 171.1 168.5 166.1 164 160.7 145.2 138.4 136.2 144.3 153 154.1 153.2 151.5 149.5 149.6 149.6 149.5 149.4 149.2 148.1 147.5 147.4 147.7 148.1 148.3 149.3 149.7 150.3 150.6 149.7 147.4 145.6 144.3 143 141.7 140.9 140.1 139 136.7 135.4 134.5 130.9 128.2 127.1 124 121.6 108.6 99.4 101.7 100.9 100.9 100.9 100.9 100.9 100.9 100.9 102.9 102 107.4 116.8 121.2 124 126.1 129.1 132.8 137.3 144.1 150 158 170.1 172.2 172.8 172.9 174.9
181.3 178 175.7 175.8 174.9 172.8 169.1 165.9 163.3 160.1 153 144.3 136.2 136.3 145.7 152.3 152.4 150.7 148.2 146.9 146.9 146.9 146.7 146.5 144.8 143.7 143 142.9 143.2 143.5 144.3 145.4 145.7 145.3 145.5 144 142.4 140.6 139.3 137.9 136.7 136.1 135.3 134.1 132.9 131.7 129 127.7 125.9 123.1 120.5 115.8 104.9 100 101.1 100.9 100.9 100.9 100.9 100.9 100.9 100.9 102.4 101.8 110.9 119.9 122.9 124.4 126 129.6 133.7 139.9 145.7 151.8 159.6 167.6 173.5 174.8 177.4
182.7 179.7 177 175.1 174.6 172.6 169.5 165.6 162.3 159.3 157.3 154 141.5 136.1 138.1 147.1 150.2 148.9 146.9 144.6 144.3 144.4 144 143.2 141.9 141.2 139.8 139 138.6 138.9 138.6 138.2 138 139 139.9 139.9 137.6 135.8 135.3 134.1 132.9 131.7 131.6 131.1 129.9 128.8 127.3 125.8 124.2 122.2 118.8 116.4 113.2 102.1 99.8 101 100.9 100.9 100.9 100.9 100.9 100.9 100.9 102.8 106.8 116.5 120.7 122.5 124.6 127 130.7 134.1 141.3 144.4 150.9 165.5 174 176.2 179.7
182.6 180 176.7 173.6 172.8 171.3 167.7 164 160.8 157.4 156.5 152.5 144.3 136.3 132.9 141 146.7 146.2 144.7 143 141.8 141.8 141.1 140.1 140.1 139.2 137.7 136.1 135.5 134.6 134.7 133.6 133.7 132 133 133.8 132.6 131 130.5 130.4 129.1 127.9 127.6 127.3 126.9 125.6 124.2 122.6 121.3 119.9 117 115.8 114.2 110.5 100.2 100.1 101 100.9 100.9 100.9 100.9 100.9 100.9 100.9 102.2 110.8 118.6 120.8 122.6 124.8 128 131 136.3 143.8 150.6 161.5 172.4 176.8 180.9
181.8 178.2 174.4 171.3 170.1 168.8 165.2 162.3 160.3 158.7 154.5 151.5 144.5 137.7 133.1 135.3 143.6 143.9 142.3 141.1 140 139.1 138.3 137.6 137.2 136.5 135.1 133.9 132.7 131.4 131.7 131.7 130.6 128.7 128.3 128.4 127.2 126.7 127.2 127.1 126 124.7 124 123.7 122.9 122.4 121.1 119.6 118.5 117 115.6 114.5 111.9 109.2 105.2 98.8 100.7 100.9 100.9 100.9 100.9 100.9 100.9 100.9 100.9 102.7 112.8 116.6 119.5 122.2 124.7 128.5 134.3 141.3 147.2 157.5 168.4 176.3 179.3
179.5 175.5 171.7 169.1 167.9 166.3 162.2 159.5 158.4 159.9 154.9 150.1 144.4 137.3 134.3 131.5 139.5 141.2 141.4 140 138.5 137 135.9 135.2 134.5 133.3 132.5 131.7 130.8 129.2 129.1 129.1 128.7 128.2 128.2 127.1 126.3 124.9 124 123.6 122.8 121.5 119.6 119.8 117.8 116.6 117.2 117 115.8 115.6 114.6 112.2 109.8 107 103.2 101.6 100.2 99.9 100.9 100.9 100.9 100.9 100.9 100.9 99.2 99.2 103.7 110.4 115 118.8 121.6 125.5 131.1 137.2 143.5 152.2 163.7 171.9 175.6
176.2 172.4 168.7 166.8 165.3 163.7 159.4 158.5 155.2 153 150.6 149.8 147.1 142.9 137.4 132 132 137.4 140.9 140.5 138.9 136.4 134.1 133.4 131.1 129.4 128.4 127.6 126.8 127 126.2 126.3 126.1 126 125.5 124.4 123.6 122.6 121.3 119.7 118.3 112.4 110.1 109.6 110.3 109.4 112.7 111.9 111.2 110 109.7 106.9 104.8 103.4 102.9 102 100.6 100.9 97.9 101.1 100.9 100.9 100.9 100.8 99.1 99.1 99.5 103.8 109.4 114.2 118.5 122.8 127.3 132.4 139.4 146.6 157.8 165.9 171.9
173 168.3 164.2 162.8 165.9 165 167 165.4 160.6 149.2 145.8 144.3 145.1 144.2 141.5 133.9 129.3 131.4 138.8 140.8 140.2 137 133.7 130.4 127 126.4 125.7 124.6 122.5 121.2 122.1 121.6 121.8 121.7 121.8 117.1 115.4 114.4 112.8 111.6 110.1 108.9 108.6 108.2 106.7 106 106.4 105.7 104.4 103.6 102.9 105.9 104.4 103.9 103.6 102 100.7 100.6 100.2 97.7 99.1 101.3 100.8 100.4 99.1 99.2 99.1 99.4 104.7 109.7 115.5 120.6 124.4 128.5 133.7 141.9 150 158.9 167.5
188 181.3 165.8 160.4 168 163.3 161.2 157.3 151.3 144.7 140.9 140.2 139.6 138.2 137 134.2 129.1 127.3 134.2 135.5 134.4 133 130.5 126 124.7 124 123.2 120.6 117.4 114.9 112.7 113.9 115.5 114.2 107.8 108.4 107.7 109 109.8 109.3 109.8 108.9 108 107.2 107 107 106.6 105.2 102.6 102.1 101.7 100.4 99 101.4 103.1 102.2 100.1 100.1 98.8 100.3 99.8 97.6 97.8 98.6 99.3 99.2 99.2 99.1 99.4 105.5 111.6 118.6 122 126 129.4 135.3 142.7 151.5 160.1
177.6 169.7 160.6 156.2 157.5 160.2 154.6 150 143.7 138.5 135.4 134 133.4 126.6 125.8 125.5 123.8 124.8 128 131 130.5 129.3 125.1 117.4 116.7 117.5 118.2 116.6 115.5 115.2 113.1 111.9 111.1 110.8 112.1 112.9 112.2 111.2 109.7 107.8 107.1 107.5 109.4 110.8 107.1 107.2 106.6 106.3 105.3 101.8 101 101.7 101.8 102.6 100.7 99.1 99.3 100.2 100.6 100.2 99.8 99.2 105.5 98.3 97.2 96.7 98.6 99.2 98.8 100.1 106.8 113.7 119.5 123.5 125.9 130.1 136.5 143.9 152.5
163.9 160 156.8 153.8 151.1 149.5 147 141.9 137 134.5 132.5 132.1 128.8 124.9 124 122.7 122.3 121.9 120.9 121 124.9 122.4 118.7 116.7 117 116.4 115.4 115.1 114.5 114.2 114.1 112 114.6 115.3 116.4 117.4 116.8 117.1 117 116.3 115.7 115.5 116.1 116.7 114.1 106.1 105.7 105.4 104.7 104.4 105.6 114.8 114.3 106.5 102.6 102.1 101.4 100.7 100.5 100.5 100.1 107.1 109.5 106.5 106 99.7 96.8 99.2 98.8 98.6 99.8 108.9 117 119.9 122.3 126.1 133 138.9 146.6
161.3 158.1 154.8 151.8 147.5 143.3 140.2 136.3 134.3 132.3 130.9 130.5 126.6 123 122.7 122.3 121.7 119.5 119.8 119.7 119.7 120.1 118.2 117.6 118.3 118.2 117.3 116.3 115.2 114.3 114.2 113.2 118.8 119.3 119.4 119.4 119.8 118.8 119 118.5 117.6 117.4 117.8 118.3 117.9 109.6 104.7 113.3 113.9 116.4 116 116 114.9 113.2 106.5 102.2 101.6 101.2 101.2 100.9 105.1 107.8 111.2 108.8 107.7 103.6 100.3 96.1 97.9 98.7 98.4 103.5 112.6 117.2 119.2 121.9 127.1 134 141.2
159.6 157 153.6 149.7 145 140.6 137 134.4 132.4 130.4 128.1 126.1 123.3 123.5 122.9 122.6 120.7 120.7 120 120.4 119.7 119.4 117.6 119.4 118.6 117.7 117.8 117 115.7 115.1 114.8 117.3 120.8 120.8 120.9 121.4 121.7 121 120.6 120.7 119.3 119.2 118.7 118.8 117.8 117.7 118.1 117.7 117.3 117 116.4 115.9 115.2 113.1 110 106.2 102.2 101.3 101 103.9 105.5 107.6 110.9 110.3 109 106.3 101.5 99.4 99 96.6 97.9 98.8 107 115 116.9 119.4 122.8 130.4 137.1
157.9 156.1 151.9 147.1 139.9 137.8 135.2 132.2 130.2 126.6 124.7 123.9 124.6 125.9 123.8 124.6 124.8 123.4 123.7 122.5 121.2 122.5 120.2 119 118.1 118.6 118.3 118.2 119.3 117 116.1 122.2 123.9 123.9 123.6 123.4 123.7 123.4 122.4 121.6 121.3 121.4 120.8 120 119.3 118.2 118.5 118 117.5 117.1 116.6 115.9 114.8 114.3 112.8 107.3 106.3 101.8 101.2 105.1 104.8 106 109.5 109.5 108.5 107.7 105.3 99 98.5 98.2 98 95.8 98.6 111.6 115.7 117.2 120.9 125.7 133.5
156.5 153.8 146.3 135.4 126.6 126.9 126.5 126.6 126.1 125.4 125 131.5 130.9 129.7 129.1 128.3 127.6 125.8 124.9 123.5 123.9 125.6 125.9 126.8 128.1 126 122.4 124.2 127.8 127 126.2 126.6 127.3 127.2 126.8 126.5 126.8 127.3 126 123.7 123.8 123.6 122.6 121.8 121.1 119.5 118.8 118.3 117.8 117.3 116.3 115.2 114.1 112.7 110.8 107.1 106.2 105.3 104.4 104.4 104 104.2 107 107.7 107.3 106.7 106.2 98.8 98.3 98 98.4 98.2 95.4 101.8 114.6 115.7 118.6 122.9 129.3
155.1 150.8 138.6 128.4 129.5 129 127.8 128.1 127.3 129.8 137.5 140.9 138.9 136.5 134.5 132.3 131.2 130.3 127.8 126.9 130.5 132.7 133.5 134 133.4 132.5 132.6 132.2 132.1 131.4 130.7 131.5 131.9 132.1 131.6 132.1 131.7 132.5 132.4 132.1 129.4 127.3 126.5 123.5 122.8 122.5 120.1 119.1 118.5 117.8 117.1 116.5 115.5 115.8 113.9 111.9 105.9 104.9 104.6 104 103.5 103.5 103.1 103.2 107.7 105.6 103.8 98 98 98 98 98.1 97.7 96.4 106.7 115 117 121.2 125.6
152.9 146.8 134 131.4 132.8 132.3 130.8 130.3 135.4 142.6 145.7 144.6 144.3 143.9 144 142 144.1 143.9 141.6 140.6 139.7 139.3 138.7 138.8 137.7 137.3 137.1 136.9 136.7 136.1 135.8 136.4 137 136.9 137 138.3 139.3 139.1 138.6 138.2 136.5 135 133.1 131.7 130.2 127.2 124.3 123 121.2 119.4 118.1 117.3 116.3 115.7 114.8 114 110 105.7 104.5 103.6 103.1 102.8 103 103.1 103.4 103.9 100 97.9 97.7 97.3 97.4 97.6 97.7 94.8 116.3 111.6 115.5 119.3 123.3
147.6 140.5 134 133.5 133.9 133.4 134 139 144.5 149.2 148 147.2 148.2 149 149.5 149.9 150.8 150.3 149.3 147.9 147.2 146.3 145.4 145.6 145 143 142.1 141.9 141.7 141.4 141.2 142.4 143.4 143.5 143.4 145.4 146 146.3 145.7 145.7 144.4 143.2 141.8 141.1 141.3 136.7 134.2 131.5 127.9 125 122.3 119.1 116.8 117 115.5 113.4 111.7 108.9 104.4 103.3 102.7 102.2 102.7 104.2 102 100.9 98.6 97.7 97.3 97 96.8 97.1 97.5 95.8 117.3 110.7 114.5 116.7 120.9
140.4 136.7 134.3 134.8 135 135.1 141.9 146.6 150.3 151.2 151.6 152.1 152.7 153.6 154.1 154.8 155.8 155.4 155.2 155 154 152.8 153.5 152.3 152 150.6 149.5 147.4 146.9 147.3 148.5 148.7 151.2 151.9 152.5 155.2 157 153.9 154.9 154.6 152 150.8 149.7 149.2 150.4 148.2 147.1 143.1 139.2 135.7 132.3 128.2 124.4 120.5 118.6 116.5 114.6 112.4 106.8 103.4 102.8 102.1 102 101.4 101.2 97.9 96.9 97.3 97 96.7 96.6 96.8 97.3 97.3 117.4 115.9 107 114.4 118.1
136.6 136.1 135 135.6 139.9 145 148.8 151.9 154.8 157.1 157.6 157.9 157.8 159 160 160.2 160.8 160.2 159.9 159.2 158.1 157.6 158.5 157.6 157.1 158 157.3 156 155.7 156.7 155.7 159 160.6 161.3 162 163.9 164 163 162.2 160.6 159 157.9 156.8 158 163.3 164.9 163.2 159.6 152.9 147.1 142.1 138.1 135.2 129.4 123.6 119.5 116.2 113.8 111.7 107.6 103 102 101.4 101 100.6 97.3 96.9 96.5 96.8 96.5 96.6 96.8 96.8 96.1 112.4 114.4 112.5 112.8 115.3
137 135.9 135.1 141.8 147.7 150.6 153.8 156.8 159.7 162.5 163.7 162.7 162.5 163.6 164.7 165.5 165.1 164.6 163.5 163 162.7 162.9 163.9 164 164.1 164.8 164 164.3 164.7 165.8 165.6 168.9 170.4 171.9 172.1 171.2 170.9 168.2 166.7 165.2 163.9 164.5 164.4 166.8 168.8 169.7 168.3 165.6 162 158.3 151.5 147.1 142 137.2 131.5 125.9 121.6 118 115.6 113.2 108.4 102.4 100.7 99.4 97.6 97.3 96.6 97 97.4 96.5 96.5 96.5 95.1 96.3 99.7 110.2 110.8 109.6 113.3
134.7 140.1 147 150.5 152.9 155.4 158.6 161.7 164.6 166.2 167.9 167.4 167 167.6 168.7 169.3 168.7 168.2 168.8 169.4 168.3 168.6 169.8 171.7 171.7 173 173 173.8 176.8 178.4 179.5 180.2 181.8 183.4 184 183 180.7 174.7 168.9 167.4 167.6 171.4 173.9 175.4 175.7 174.8 173.5 170.8 167.2 162.7 158.8 153.8 147.3 144.8 138.8 133.1 127.5 123.1 119.6 116.7 113.9 109.6 103 99.2 96.8 97.1 96.8 96.2 96.6 96.3 96.3 96.1 95.5 96 95.6 105 109.5 110.5 108.7
149.1 151 153.4 155.4 157.2 159.7 163 166.5 168.5 169.6 171.1 172 171.8 172.3 172.3 172.5 172.8 173.6 174.5 175.2 174.7 175.1 176.6 179.1 179.7 179 184.8 186.7 188.8 190.1 189.5 191.3 190.9 189.7 188.8 187.7 184.9 181.9 176.8 172.5 176 178.4 179.5 180.2 178.5 178.1 178.7 176.6 173.1 168.5 164.1 158.6 155.9 150.9 144.6 137.3 133.2 129.5 124.9 120.8 116.8 114 111.7 104.7 96.9 96.9 97.2 96.3 96.8 96.3 96.3 95.2 96 95.8 95.3 95.9 103.4 109.2 109.8
155.4 157.3 160 161.5 163.3 166.4 168.4 171.5 172.6 173.6 174.9 175.4 176.5 177.1 177.5 178 178.2 179.6 180.8 181.5 182.6 184.2 186.3 187.7 189.9 193.7 196.3 197.2 197.3 196.5 195.6 195.1 194.2 192.6 191.9 190.8 188.8 185.9 183.1 179.5 182 182.3 182.1 182.3 181.2 181 181 179.6 176.1 172.6 168.3 163.8 160.8 155.6 145.8 142.6 138.9 134.8 130.4 126.1 122.2 118 114.1 108.8 101.3 96.8 96.6 95.8 96.5 96.3 94.9 94.5 94.7 94.8 94.8 94.8 95 99.4 107.1
161.5 163.6 166.6 167.7 169.7 171.8 173.5 175.7 176.6 177.6 178.7 179.7 181.4 182.1 182.6 183.3 184.3 186.1 189.4 191.2 192.9 195 197.2 199.4 201.3 201.6 202.2 200.9 199.6 198.8 198.6 197.9 196.5 194.2 193.7 193 192.2 189.5 187.2 185.9 186.3 186.3 185.2 183.7 182.2 182.7 180.8 178.5 176.3 173.5 171.7 169.6 164.9 159.7 151.5 146.5 143.7 138.7 135.3 130.4 126.8 123.6 119.7 114 105.6 97.2 96.5 95.8 95.7 94.3 93.6 95.7 95.4 95.1 94.8 94.5 94.6 94.9 94.2
168.1 170.6 172.3 173.2 174.6 176.4 178.4 179.8 180.6 181.7 183.6 185.9 187.1 188.4 189.4 190.5 193.8 195.6 195.9 198 200.7 203.7 205 205.4 205.6 206 206 204.7 203.3 201.1 200.6 199.8 198.5 196.5 194.7 193.9 193.3 190.8 190.3 189.8 189.3 189.2 187.8 186.3 185.1 184.8 183.8 182.3 180.7 179.1 175.9 173.2 170.7 165 157.2 147.3 144.6 142.4 138.9 134.5 130 127 121.7 115.7 108.8 99.4 96.4 96 95.6 94.6 93.8 95.5 95.2 94.9 94.6 94.3 94.2 94.5 94
175.6 175.6 176.6 178 179.2 181.6 183.7 186.5 187.1 190.6 192.3 194.7 195.8 196.7 198.2 199.5 200.7 202.1 203.8 205.4 208.4 208.9 208.2 208.4 209.2 209.4 209.5 208.3 207 205.9 203.2 203.8 203.8 200.9 198.3 196 195 193.5 192.8 192.1 191.6 192.1 191.2 188.6 187.9 188.4 187.2 184.8 182.9 182.5 180.1 174.7 172.4 166.6 160.6 154.3 147.9 143.5 140.2 136.6 131.7 127.4 122.9 117.9 111.7 102.4 99.2 95.4 93.7 92.9 95.1 95.3 95.1 94.8 94.5 94.2 93.9 93.9 94
