data/410000-230000.asc
ncols 200
nrows 200
xllcorner 410000
yllcorner 230000
cellsize 50
[rows 0 to 34 of 200, columns 78 to 155 of 200]
204.7 210.5 221.3 221.1 218.7 216.8 212.8 207 201.6 195.4 192 190.7 191.2 192.4 193.9 188.9 180.2 174.5 169 164.6 160.2 158.1 156.7 155.6 156.3 157.3 158.4 159.3 159.6 160.1 161 160.2 159.2 158.2 157.1 156.4 155.8 155.2 152.7 150.2 147.6 145.1 142.5 140 137.4 134.9 132.3 129.4 127.1 126 124.9 123.8 123 122.1 121.5 121 120.8 120.7 120.6 121.4 122.4 123.3 123.8 126.1 129.2 131.7 133.9 135.2 136 137.1 138.4 139.8 141.1 142.5 140.4 138.1 140.8 144
209.2 216.2 222.2 221.4 220 218.1 216.1 209.5 203.8 199.2 198.1 197.6 198.8 199.5 195 188 180.6 173.8 168.5 163.6 158.9 158.2 156.6 154.9 155.1 156.1 157.2 158.3 159.3 159.8 160.4 160.1 159.1 158.1 156.2 155.5 155.1 154.2 151.7 149.2 146.7 144.2 141.6 139.1 136.7 134.2 131.6 128.9 127.3 126.2 125.1 123.9 123.6 123.6 123.4 123 120.5 120.7 120.3 121.4 122.4 123.4 124.7 126.3 128.5 130.4 131.6 132.1 134 135 136.4 137.7 139.4 139.6 137.2 134.7 138.5 142
213.2 223.6 223.3 222 219.5 218.1 216.7 213.1 207.4 203.2 203.2 203 204.1 199.3 193.2 186.5 179.5 173.4 168.5 163.7 161.1 159.1 156.3 154.6 153.6 154.9 156 157.1 158.2 158.9 159.7 160 159 157.1 155.2 154.5 154.1 152.8 150.3 147.8 145.2 143 140.4 138.1 135.7 133.2 130.7 128.5 127.5 126.4 125.4 124.5 125.2 126.7 127 126 123.4 120.1 120.1 120 121 122.1 124.5 126.3 127.4 128.8 128 129 130.9 133.1 134.3 136.2 137.1 136 133.3 132.5 137.9 139.2
217.5 225 223.6 221.5 218.9 217.2 215.8 214.7 211.1 206.5 207.2 207.8 203.6 198 192.1 185.3 178.9 173.8 168.9 164.2 162.8 158.2 155.8 153.7 152.4 153.6 154.8 156.2 156.6 157.5 158.2 159.8 158.1 156 153.8 153.5 153.2 150.7 148.9 146.3 144.1 141.7 139 136.8 134.7 132.2 130.1 128.9 128.2 127.7 126.4 126.4 128.9 130.4 130.8 129 125.9 121.8 120.1 119.4 119.5 120.4 123.2 124.5 125.7 127.3 127.5 125.7 128 130.9 133 134.6 133.2 131.7 128.9 131.6 136.6 136.2
226.4 225.7 223.6 221 218.4 216.2 214.8 213.5 211.9 209.7 208.1 205.8 203.6 198 191.2 184.6 178.6 173.8 169.1 166.9 166.2 161.3 156.8 152.5 151.4 151.5 153.7 155.9 156.8 157 157.2 156.8 155.4 153.5 152.5 152.4 152 148.9 146.8 144.9 143 140.5 137.8 135.4 133.5 131.9 129.8 129.1 128.5 127.9 127.3 128.1 129.8 133.6 133.3 130.5 127.1 123.7 119.8 119.1 118.9 119.1 120.8 122.6 123.9 127 126.1 125.1 128 129.8 131.1 131.2 129.6 127.7 127.2 131.8 132.5 131.5
224.6 223.7 222.4 220.5 218 215.4 214 212.3 210 206.7 204.1 201.4 199.4 195.9 189.1 183.4 177.8 172.7 171.1 171.2 171.1 168.6 160.3 154.9 151.8 149.8 151.1 154.4 157.1 156.6 156.1 155.3 154.5 153.5 151.5 151.1 150.7 148.7 146.7 144.7 142.4 139.5 137 134.8 132.9 131.3 130 129.2 128.5 127.7 128.5 130.4 131.2 134.7 133.6 131.1 127.6 124.2 120.6 119.4 119.3 119.2 118.7 119.9 121.8 122.9 122.4 123.7 125.6 127.4 128.2 127.5 126.2 124.2 125.8 129 128.3 127.1
222.9 221.7 220.7 218.6 216.7 214.7 212.7 210 206.2 202.8 200.1 196.5 193 189.8 186.1 180.4 176 174.7 176.2 180 176.4 170.7 164.2 157.9 152.2 149.7 148.6 151.9 154.2 154.2 154.4 155.3 155.5 152.2 150 150.8 149.9 148.5 146.8 144.7 142.1 139.5 136.8 134 132.2 130.7 130 129.2 128.4 127.6 129.7 131.2 132 135.1 134 132.1 128.2 125 122.1 119.9 119.1 118.7 118.1 118.2 119.3 119.6 120.6 121.3 123.1 124.9 124.9 123.5 122.8 122.9 123.5 125.5 124.8 124.6
221.4 220 218.8 216.8 214 211.4 209.7 206.7 203 199.2 195.3 191.6 187.7 184.4 181.1 177.5 173.8 176.7 182.3 185.8 179.7 172.6 166.3 158.9 153.4 149.9 146.6 148.7 151.7 152 153.1 154.2 155.1 150.4 148.2 149.4 149.4 148 146.6 144.7 142 139.2 136.3 133.5 131.1 130.1 129.6 129 128.2 128.3 130.6 132.3 134.9 135.3 134.9 133 128.8 125.7 122.5 120.3 118.7 118.2 117.5 116.9 117.1 117.5 118.6 119.1 120.5 122.3 121 119.5 120.4 121.3 121.9 122.5 122.7 122.4
219.5 218.6 216.3 213.2 210.1 207.3 205.4 203.5 199.6 195.3 191.1 186.3 182.7 179.1 176 172.3 172.4 177.3 183.7 186.4 178 171 165.6 157.6 153.2 149.6 146.6 145.3 148.8 150.7 151.8 152.8 152.8 148.2 146.5 147.7 149 147.6 146.2 143.8 141.4 138.7 135.9 133.1 130.2 129.1 128.6 128.3 128.1 128.8 132 134.8 137.2 137.1 134.8 132.3 129 125.4 122.2 120.2 119.1 117.8 117.3 116.8 115.9 115.9 116.5 117.3 118.4 119.6 119 119.1 119.7 119.7 119.9 120.8 121.3 120.9
218.5 215.9 213.2 210.4 207.1 203.8 201 201.2 196.6 191.6 186 181 177.3 173.9 170.9 168 171.6 177.4 182.8 181 172 166.9 161.9 156.6 152.1 150 148.7 146.3 146.9 148.7 150.2 151.3 149.7 146.5 145.6 146.2 147.4 147.2 145.5 142.2 139.6 137.4 134.9 132.2 129.5 128.1 127.6 127.1 126.9 128.2 131.7 134.9 136.9 136.8 134.5 130.9 126.6 122.6 121 120.1 119.4 117.5 116.9 116.7 115.8 114.9 114.3 115.5 116.7 117.8 118.7 119.1 119.3 119 118.8 119.4 119.5 118.9
213.6 211.4 210.2 207.5 204.2 200.9 195.8 196.1 191.8 186.6 181.7 176.3 171.9 168.9 165.7 165.5 171 177.9 178.8 174.1 168.4 163.4 158.6 153.9 149.8 149 149 146.9 144.4 146.4 148.3 148.9 146.9 144.8 144.8 145.2 146 146.8 143.9 140.7 137.7 135.5 133.3 131.1 128.5 127.4 126.5 125.9 125.9 127.3 128.9 131.7 133.2 132.6 130.4 127.7 123.4 121.7 120.8 119.8 117.7 117 116.7 116.2 115.3 114.4 114 114.1 115.3 116.3 117.2 118 118.4 118.1 117.7 118.3 118.6 118.6
208.1 206.7 205.6 204.5 201.4 197.6 191.3 189 187.3 183.1 178.2 172.6 167.7 164.6 163.3 165.6 171.1 178.4 174.2 169.8 165.1 160.4 155.6 150.9 146.9 147.4 148.2 146.1 143.9 145.7 147.4 147.8 147.6 144 142.7 143.6 145 144.7 142.1 139.1 136.1 133.6 131.3 129.1 127.5 126.7 125.8 124.9 124.8 125.6 125.3 127.3 128.2 127.7 125.7 123.3 122.3 121.1 120.3 119.5 118.2 118.3 116 115.7 114.9 114.3 114.1 113.5 113.9 114.8 115.5 116.2 116.8 116.4 115.8 117.4 118.8 118.4
204.7 202.7 201.9 201.1 198.8 193.1 186.8 182.5 181.3 178.5 174.7 169.3 164.7 160.9 159.9 165.7 171.7 172.5 168.3 164.6 160.9 156.7 152.2 147.7 146.9 146.6 147 144 143.2 144.5 145.9 147.1 146.5 143.1 140.4 141 142.9 144 140.1 137 134.4 131.6 129.6 127.8 126.5 125.8 125.2 124.6 124.3 123.8 123.3 123.4 123.8 123.7 122.4 121.8 121.2 120.5 119.7 118.9 118.4 118.7 115.4 115.2 114.6 114.7 114.1 113.6 113.1 113.7 113.6 113.6 115 115.2 114.1 116.3 117.7 117.6
200.9 197.4 197.4 197.3 197.1 191.2 184.1 178.9 175.5 173 169.7 165.5 161.1 158 159.4 164.8 168.2 167.3 163.6 160 156.4 152.5 148.1 146.8 146.3 146.1 144.4 141.6 142.5 143.8 143.6 145.8 145.8 142.3 139.2 136.6 141.4 144.5 143.6 138.3 133.5 130.9 128.7 127.1 125.9 125.1 124.5 124 123.6 123.2 123.2 123.3 123.4 122.5 121.2 120.6 120.1 119.6 119.2 118.9 120.4 122.9 120.3 120.3 114.7 114.7 114.4 114.1 113.2 112.7 112.4 113.2 113.9 114.1 114.7 115.2 116 116.9
197.7 193.2 191.8 192.5 194.9 189.7 183.1 176.3 170.7 167.5 164.3 161.3 158.8 156.9 156.3 159.9 162.1 161.7 159 155.4 151.8 148.2 146.6 146 145.5 144.9 142.3 141 144.4 143.9 142 145.6 144.8 141.8 138.4 135.6 139.9 142.8 141.8 137.9 133.1 130.8 128.2 126.4 125.3 124.5 123.9 123.4 123.1 123.1 123.2 123.3 123.3 122.8 121.1 120 119.5 119 118.6 118.6 118 117.3 117.3 116.6 116.3 115.8 114.8 114.1 113.1 111.9 111.5 112.4 112.8 112.9 113.5 113.9 115.4 116.7
193 189.4 186.3 188.5 188.3 183.7 181.1 174.4 169.4 165.7 161.7 158.6 156.7 154.8 152.7 154.5 155.8 155.3 153.8 150.7 147.2 145.6 144.6 144.2 143.7 143 140.9 140.9 141.7 140.3 139.8 139.8 138.4 137 135.5 134.3 135.5 136.8 136.8 134.5 132.5 129.5 127.8 125.7 124.7 123.9 123.2 123 123 123.1 123.1 123.2 123.2 123.1 121.4 119.4 118.9 118.8 118.8 118.7 118.1 117.3 117.6 116.3 116.1 115.6 115.6 114.2 113.2 112 111.6 111.6 111.7 111.6 111.6 112.5 114 115.5
189.5 184.7 181.8 183.1 181.8 178.5 175.1 171.3 166.1 162.2 158.2 155.8 154.2 152.6 150.6 149.6 149.5 148.9 147.4 146.2 145.2 144.1 142.7 142.2 141.8 141.2 140.1 138.4 135.4 135.4 135.7 135.3 134.7 134.2 133.5 132.9 132.3 131.8 131.5 129.1 128.9 128.3 126.8 126.1 125.1 124.2 123.4 122.9 123 123 123.1 123.1 123.1 123.1 121.7 119 119 119 118.9 118.9 118.3 117.4 116.7 116.5 116.1 115.5 115.3 114.9 113.6 112.5 112.4 112.2 111.3 110.4 109.7 111.3 112.4 112.6
188.3 184.5 180.1 178.3 176.2 173.2 170.2 166.7 162.1 158.7 155.3 153.2 151.3 150 149.2 148.7 146.9 144.6 144.1 144.1 143.8 142.6 141.3 140.1 140.1 139.8 138.8 138 135.7 136.2 135.9 135.2 134.4 133.4 132.8 132.4 132.1 131.7 131.4 129.5 128.4 128.1 127.5 127.8 126.3 125.4 124.6 123.4 122.9 123 123 123 123.1 123.1 121.5 119.1 119.5 119.2 119.1 119 118.4 117.7 117.2 117 116.3 115.5 115 114.6 114.2 113.2 113 112.3 111.5 110.5 109.4 109.6 110.1 110.6
187.4 187.4 181.9 179 173.5 168.4 164.9 161.5 158.1 155.2 152.6 150.5 148.7 148.5 148.3 147.3 145.2 143.4 143.1 142.4 142 141.3 140.5 139.5 139.3 138.8 138.3 137.9 137 137 136 135.1 134.3 134.5 133.4 132.9 132.4 132.3 131.8 129.8 127.9 131.3 128.8 129.6 128.4 127.5 125.9 124.6 123.4 122.9 123 123 122.9 122.9 121.5 119.1 119.5 119.7 119.4 119.2 118.6 118.6 118.6 117.8 117.2 115.5 115 114.5 114.1 113.7 113.3 112.5 111.7 110.6 109.7 109.3 109 108.9
184.7 190.4 183.7 178 171.7 165.4 161.4 158 155.6 152.2 150.6 148.8 147.4 146.8 146.6 146.2 144.9 143 142.1 141.4 140.8 140.8 140.3 139.6 139.2 138.6 140.8 140.9 140 137.4 136.5 135.8 136 134.9 133.7 133.7 134.5 135.2 135.5 137.3 135.3 134.6 134.6 135 133.8 131.6 128.4 126.4 125 123.1 123 123 123.1 123 122.9 120.5 120.3 120.2 120.1 120.1 119.3 119.3 119.3 118.2 116.4 115.5 115 114.6 114.2 113.9 113.3 112.8 111.8 111 110.1 109.8 109.5 109.1
181.1 183.2 178.2 173.3 167.8 162.8 159.2 156.6 155.4 152.5 149.8 147 146.1 145.3 144.8 144.6 144.1 142.1 141.8 141.6 140.9 140.5 140.3 139.6 143.5 142.7 143.3 143.9 143.3 141.7 140.1 139.4 137.7 135.1 134.1 135.2 136.9 138.1 139 139.9 139.8 140 140.5 140.5 136.9 133.2 129.4 127.1 125.3 123.6 123.2 123.2 123.2 123.1 123 122.4 121.5 121.8 121.2 120.8 120 119.5 118.6 117.7 116.1 115.5 115.1 114.8 114.4 113.8 113.1 112.9 112.3 111.5 110.5 110.3 110 109.7
178.3 176.8 172 167.2 163.5 160.2 157.4 156.2 155.1 153 149.9 146.2 144.8 144 143.1 142.3 142.6 142.3 142 141.6 141.3 140.9 140.9 145.1 145.4 145.7 146.1 146.6 146.5 146.1 144.5 141.8 137.7 135.5 135.6 137.8 139.8 140.3 141 141.9 142.5 142.8 143.2 141.5 138 134.3 130.5 127.4 125.4 124.1 123.5 123.3 123.3 123.2 122.9 122.5 122.4 122.1 120.9 120 119.6 119.2 118 117.1 116 115.7 115.4 114.9 114.3 113.6 113 112.7 112.6 111.9 111 110.8 110.5 110.2
170.9 170.1 165.7 162 159.9 158.2 157.1 155.9 154.8 153.6 150 146.1 144.4 143.1 143.5 143.7 144.2 144.7 146 146.1 145 142.3 147 148 148.2 148.6 148.8 147.2 146.4 147 145.6 141.9 137.5 137.8 139.2 140.7 141.7 142.3 142.5 143.2 143.7 144 143.6 142 138 134.1 130 127.3 125.5 124.5 123.8 123.6 123.3 122.9 122.6 122.3 122.2 121.9 120.1 119.2 119.3 119.4 118.3 117.2 118 116 115.4 114.8 114.1 113.5 112.8 112.6 112.5 112.2 111.5 111.3 111 110.7
164.2 162.7 160.7 159.3 157.9 157.2 156.5 155.6 154.7 151.3 149.4 146.1 146 146.1 146.6 146.9 147.5 148.6 150.6 150.6 148.5 143.8 146.9 149.7 148.7 147.8 146.4 145.9 145.6 144.3 143 139.8 140.3 140.4 141.3 142.8 143.5 144.2 144.5 144.6 144.5 144 143.3 141.5 137.7 133.6 129.3 127.3 125.8 124.9 124.1 123.7 123.3 123 122.7 122.3 121.2 120.3 119 119 119.1 119.3 118.5 117.5 117.1 115.9 115.3 114.6 114 113.3 112.7 112.5 112.3 112.2 111.9 111.7 111.5 111.4
162.3 160.6 159 157.6 156.6 156.3 155.8 154.8 152.3 148.6 147.5 149.1 150.9 149.7 149.7 150.1 150.7 151.4 151.8 151 148.9 145.5 144.6 146.4 146.3 146.4 146.7 146.6 146.2 144 142.2 141.7 143 143.3 143.7 144.6 145.2 145.2 145.1 144.9 144.3 143.2 142.6 141 137.1 132.9 129 127.4 126.3 125.4 124.6 124.3 124 123.7 122.8 121.9 120.9 119.5 118.7 118.8 118.9 119 118.7 118 117.8 117.1 116.4 115.6 114.8 114 112.9 112.3 112.1 112.1 112.2 112 111.6 111.4
161.1 159.1 157.4 156.1 155.7 155.2 153.7 151.7 148.9 149 149 151.4 153.9 154.2 153.3 153.9 153.2 152.3 150.5 148.5 147.4 145.4 144.6 145.5 146.3 146.7 147 147.3 147.7 145.9 143.6 144.2 145.4 145.9 145.7 145.7 145.7 145.3 145.2 144.9 144.2 143.2 141.7 140.2 136 132.2 129 127.9 126.7 125.8 125.3 125 124.1 123.2 122.3 121.4 120.6 119.5 119.2 119.5 119.6 119.8 119.8 119.4 119.3 117.7 117.5 116.6 115.7 114.5 113.2 112.2 112.2 112.4 112.6 112.1 111.7 111.4
160 158.9 158 155.9 153.3 151.7 149.2 149.9 150.6 150 151.5 154.7 156.8 156.9 155.1 153.6 151.9 150.5 149 148.1 147.3 145.7 144.9 145.6 146.7 146.8 146.9 147.7 148.4 147.6 145.9 148.7 149.3 148.6 147.9 147.2 146.5 145.5 145.6 145.6 144.6 143 140.7 138.5 135.5 131.7 128.9 128.1 127.2 126.3 125.8 125 124.1 123.2 122.3 121.4 120.6 119.6 120.5 122 122.5 122.7 122.5 122 121.6 119.3 118.5 117.1 115.7 114.5 113.5 112.3 111.8 112.3 112.5 112.3 111.8 111.1
159.2 158.8 156.9 153.5 152 152 152.3 153.1 154 154 154.2 157.8 158.2 157 155.7 154.3 152.6 153.6 152.6 151.1 150.2 148.7 147.6 146.9 146.8 146.7 147.4 148.1 148.7 149 148.4 150.7 150.1 149.4 148.9 148.4 147.8 146.2 145.5 145.7 144.1 142.5 139.9 136.6 132.7 129.6 128 127.6 127.2 126.8 126 125.2 124.4 123.5 122.6 121.7 121.9 121.5 122.8 124.2 124.8 125.4 125.1 123.6 122.3 120.4 118.3 116.9 115.7 114.2 112.8 111.3 110.4 110.9 111.7 112.4 111.2 110.5
160.8 157.4 154.1 153.1 153.9 155 155.6 156.4 157.3 158 157.3 158.3 158.8 157.6 156.5 156.6 155.6 155 153.9 153.4 153.4 152 150.7 150 149.8 149.9 149.1 148.7 148.7 149 149.8 150.8 150.8 150 149.5 149 148.3 146.9 145.2 144.5 142.2 139.8 136.7 134.5 130.2 129 128.8 128.4 128 127.4 126.4 125.4 124.7 123.8 122.9 122.6 123.1 124.5 126 126.5 126.6 126.1 125.5 123.8 121.8 119.9 117 116.3 114.8 113.3 111.9 110.4 109.1 110 110.9 111.5 110.6 109.9
159.9 155.4 154.3 154.8 155.9 157.9 158.9 159.5 159.7 159.5 158.6 158.6 159.3 158.5 159 159.4 158.1 156.6 156 157.8 159.6 158.6 157 155 153.1 152.4 151.7 150.9 150 149.8 150.1 150.8 150.9 150.9 150.1 149.6 148.6 146.3 143.3 140.2 137.7 135.7 134 132.8 129.9 129.1 129.1 129.4 128.9 128.2 127.2 126.2 125.2 124.2 123.9 124.6 126.3 128.6 129.8 130.4 130.7 128.9 126.4 123.8 121.8 119.9 117.8 115.6 114.2 112.8 111.5 110.1 109 109.4 110.2 110.2 109.6 109.1
155.5 155.7 156.2 156.8 158 160.1 161.1 161.3 161.5 161 160 159.4 161.2 161.9 162.7 163.3 160.8 161.3 163 164.6 165.9 164.9 163.1 161.2 159.4 156.1 153.5 152.5 151.5 151.2 151.3 151.1 150.9 150.9 150.7 150 147.4 144 140.9 138.8 139.1 138.4 137.9 135.9 131 129.6 130.1 131.2 130.7 129.2 128.4 127.6 126.8 126 126.4 127.6 130.6 133.2 134.6 135.6 134 130.1 126.1 123.5 121.4 119.4 117.3 115.5 114 112.6 111.3 109.9 108.8 109.2 109.6 109.2 108.7 108
155.2 158.1 158.3 158.8 160 161.5 162.7 164 163.8 163.5 164.1 166.3 168.6 168.6 168.5 167.3 166.9 168.5 169.5 171.2 172.7 172.6 169.4 167.6 165.2 161.4 158 154.3 153.1 152.8 152.8 152.5 152.1 151.7 150.9 147.2 144.1 140.9 141.7 143.1 144 143 140.6 136.8 134.6 134.9 133.5 135.1 135.7 133.2 131.6 130.2 128.7 127.9 128.7 131.6 134.4 137.8 138.7 137.3 133.9 129.8 125.8 123.2 121.2 119.2 117.2 115.7 113.8 112.4 111 109.6 108.6 109.2 109.5 108.4 107.8 107.5
158.1 160.4 160.7 160.9 161.8 163 165.5 169 169.3 169.5 170.3 172.8 175 176.2 175.8 172.5 173.4 174.9 176.5 177.7 179.4 180.4 177.8 174 170.6 165.8 162.2 158.6 154.9 154.5 154 153.4 152.3 150.6 146.8 145.6 145.9 145.4 146 147.4 147.2 144.2 140.3 136.6 134.1 139.1 137.8 140.4 140.1 137.6 135.1 133.3 131.9 129.9 131.3 135.5 138.4 141.1 139.8 137.7 133.9 129.8 125.6 123 121 119.1 117.1 115.1 113.5 112.1 110.9 109.6 108.6 108.6 108.3 107.6 107.1 106.9
159.4 162.7 163 163.5 165.4 166.6 170.1 173.6 175.9 175.7 176.3 178.8 181.3 183.7 181.3 178.3 179.2 180.9 182.9 184.5 185.9 186.7 183.9 181.2 175.4 170.2 165.8 160.6 156.9 155.5 154.8 152.9 151.1 148.8 147.6 148.7 149.7 149.8 149.7 149.7 148.9 144.3 139.5 135.3 138.1 142.9 139.8 142.9 143.9 141.8 139.4 136.9 135 133.9 133.5 137.6 141.9 142.8 140.7 137.6 133.8 129.8 124.9 122.2 120.3 118.4 116.5 114.6 114.6 111.9 110.6 109.7 108.7 108 107.5 107 106.5 106.3
160.7 164.8 165.2 166.8 168.7 170.5 174.6 179.9 182.6 181.8 182.4 185 187.7 189 186.9 184.5 184.1 186.4 187.3 189.3 190.9 189.6 186.4 183 176.8 170.1 164.3 160.1 158 156 154.1 152.2 150.5 148.5 150.1 151.7 153.1 153.1 152.7 151.3 148.7 143.9 139.1 134.8 141.4 146.7 143.3 142.9 146.7 145 143.3 140.5 138.5 136.9 137.1 141.6 145.2 144.8 141.2 137.5 133.8 129.5 124.2 121.5 119.6 117.7 115.7 113.7 112.6 111.5 110.4 109.4 108.5 108.2 107.3 106.7 106.3 105.8
