data/410000-230000.asc
ncols 200
nrows 200
xllcorner 410000
yllcorner 230000
cellsize 50
[rows 140 to 174 of 200, columns 0 to 77 of 200]
286.3 287.4 287.4 286.3 285.2 283.6 281.9 279.8 277.7 274.9 272.4 269.9 267.2 264.6 262.4 260.5 258.4 256.1 255.2 254.9 254 252.7 252.4 252.2 254.8 257.5 259.6 258 259.3 262.2 266.3 266.5 267.6 268.2 266.7 265.2 264 267.7 271 273.2 273.5 273.9 274.1 274.2 274 274.1 274.2 272.8 271.9 272.6 273.2 273.1 272.7 272.3 271.5 270.7 269.9 269.3 268.6 267.6 266.6 265.4 264.5 264 263.3 261.9 260.4 258.6 254.3 251.4 249.5 245 240.3 233.9 226.1 218.9 214.7 212.7
289 289.8 288.6 287.5 285.9 284.2 282.1 279.9 277.5 273.5 270.1 267.5 265 262.8 261 258.9 257.4 256.2 253.9 250.7 249.4 249.2 249.8 249.1 250.8 253 254.8 253.2 256.2 259.6 260.3 260.4 262.5 262.4 260.8 259.4 259 263.5 266 268.4 268.1 268.6 269 269.2 269.1 268.7 270 271.1 270 270.6 270.8 270.8 270.3 270 269.9 269.6 268.7 268.4 267.9 266.9 265.9 264.8 264.2 264.1 263.9 263.1 261.5 259.7 257.9 255.6 253.6 251.2 247.1 241.9 235.1 228.1 221.8 217.5
291.1 291.1 290.2 288.1 286.5 284.4 282.2 280.1 277.1 273.2 269.2 265.6 262.7 262 260.1 258.4 258.8 257.5 255.7 254.1 252.3 250.9 249.4 246.1 245.8 247.6 249.5 251.2 253.9 256.3 255.8 255.9 257.8 257.3 256 254.8 255.5 258.7 261.3 263.4 262.8 263.2 262.9 262.5 263.4 263.8 265.1 266.5 267.8 268 268.2 268.2 267.7 267.3 266.7 266.4 267.1 267.5 267.2 266.2 265.2 263.8 263.9 263.8 263.6 263.4 262.7 261 259.3 257.7 256.2 254.7 251.5 248.5 244.6 238.1 232.1 227.3
291.7 291.5 290.8 288.7 286.6 284.5 282.3 280.2 276.8 272.8 268.9 265.7 264.6 263.9 263.1 261.5 261.1 260.2 258.8 257.2 255.3 254.7 252.1 251.2 246.8 243.8 244.6 247.4 250.8 251.7 251.3 251.6 253.8 252.7 251.4 250.2 251.9 254.9 257.3 258.8 258.2 256.5 255.6 254.8 257.1 259.6 260.7 262.1 263.3 263.9 264.1 263.6 263.1 262.7 263 262.7 264.4 266.2 266.2 265.3 263.9 262.5 261.4 262.4 263 262.6 262.3 261.9 260.8 259.2 257.9 256.8 255.6 253 250.1 247.1 240.5 236.7
292.2 291.9 290.6 288.9 286.7 284.6 282.4 280.3 276.5 272.5 270.5 268.7 267.5 265.9 265 264 262.9 261.8 259.9 257.9 255.8 254.3 252.4 251.3 249 245.6 242.3 242.7 244.8 247.1 246.6 247.6 249.5 248.2 246.8 245.5 247.9 250.8 253.6 254.8 253.1 251.3 249.2 248.1 253.9 257.5 257.3 257.7 258.8 259.8 259.5 259.1 258.6 258.1 258.2 259.5 260.7 262.2 262.3 262.1 262.2 261.1 259.7 259.9 261.3 261.2 260.9 260.6 260.7 261 260 258.8 257.7 256 254.3 251.7 248.6 244.4
292.6 292.1 291.1 289.4 287.1 284.8 282.5 280.1 277.2 275.4 273.5 271.7 270.1 268.6 267.1 265.5 263.4 261.4 258.7 256.6 254.2 251.6 250.2 248.3 245.6 243.9 241.7 238.9 239.6 241.8 240.8 242.4 244.3 243.7 242.3 242.1 245.3 248 249.6 250.4 248.5 246.3 244.3 246.3 251.5 255.7 255.7 253.5 253.5 254.6 254.9 254.5 254.1 253.6 253.4 255.5 257.9 258.7 258 257.8 257.6 257.5 257.8 257.3 259.3 259.6 259.3 259.9 260.1 260.5 260.8 260.9 259.8 258 256.8 255.3 253.4 251.3
292.7 292.2 291.6 290 287.6 285.3 283 280.7 278.2 276.1 273.9 271.8 270.2 268.9 267.3 265.1 262.9 260.9 258 255.2 252.3 249.3 248.9 246.9 246 246.4 245.5 244.1 241 238.3 237 237 238.9 239.8 238.5 239.1 242.7 244.9 245.5 245.3 243.9 241.7 239.5 245.4 249.7 254.1 251.8 249.1 248 249 250.1 249.8 249.4 249 249.1 251.9 254.7 255.1 253 252.9 252.9 253 252.9 254.1 257.1 258.4 259.1 259.4 259.6 259.9 260.1 260.4 260.8 260.4 259.2 257.4 255.4 254.3
292.8 292.3 291.8 290.5 288.1 285.8 283.6 281.3 279 276.3 273.7 271.5 269.4 268.5 266.8 264.2 262.2 259.8 255.6 254.8 253.8 252.5 251.3 249.5 249.8 249.7 247.4 245.8 244.4 241.6 239.5 237.1 234.4 233.2 233.7 236 239.4 239.6 239.2 239.6 238.5 236.8 238 244.8 248.7 251 248.7 245.9 244 244.4 244.8 245 244 243.1 245.6 249.4 252.1 251.5 249.1 247.9 247.9 247.9 247.8 250.1 253 256 258.5 258.8 259.1 259.3 259.4 259.8 259.9 260.3 260.8 259.4 258.5 257.2
292.3 292.2 291.5 290.9 288.6 286.2 284.3 281.9 279.6 277.2 274.8 271.6 269.1 267.6 264.2 262.9 260.4 259.5 258.4 257.8 256.8 255.5 254.3 253.1 252.1 251.2 248.8 247.1 246.1 244.6 242.8 241 238.6 235.9 232 231.6 232.5 232.6 232.9 233.8 233.2 232.1 235.9 241.5 244.9 246.6 245.7 242.6 240.3 240.7 241.3 240.5 238.5 238.2 243 245.6 247.1 246.7 245.2 243.1 242.9 242.5 242.7 246.4 249.4 252.4 254.6 257 258.5 258.7 258.8 259 259 259.4 260 260.8 260 259
291.5 291.7 291.3 290.9 289.1 287.1 284.9 282.6 280.2 277.9 275.5 273.2 270.1 266.9 264.6 264.1 263.5 262.6 261.3 260.3 259.2 257.7 256.2 254.8 253.6 252 250.3 248.4 246.6 243.7 241.8 240.5 239.4 236.7 233.1 231 229.5 228.1 227 227.6 228 228.5 233.1 237.5 242.6 242.9 241.5 240.2 235.7 235.6 237.6 237.2 234.7 237.1 240.9 243.6 243.3 242.5 240.8 239.1 236.1 234.7 238.4 242.7 245.7 248.5 250.8 253.6 255.4 257 258 258 258.1 258.2 259.1 259.7 260.2 259.7
291.2 291.5 291.4 290.7 289.5 287.9 285.5 283.2 280.8 278.5 276.1 273.8 271.4 268.8 267.5 265.9 264.9 263.4 261.5 260.4 259.8 258.8 257 254.8 253.5 251.8 250.2 247.9 245.8 242.7 240.8 239.1 238.3 235.3 236.2 237.2 236.4 234.6 231.4 228.5 225.9 225.6 228.6 233.7 238.8 239.8 238.6 236.6 233.1 232.8 233.8 233.2 233.3 236.7 239.1 239.4 238.8 238.5 237 235.3 231.8 230.5 234.3 238.6 242.1 244.5 247.7 250.3 252 253.7 255.1 256.2 256.8 257.3 257.7 258.2 258.7 258.8
291.3 291.7 291.7 291 290.8 288.8 286.6 284.4 282.1 279.9 277.7 275.4 273.1 271 268.9 267.3 265.9 264.2 262.2 260.6 259.9 257.1 255 252.7 251.9 250.8 249.2 245.7 244.5 242 239.8 238.3 238.5 239.2 239.6 238.5 237.4 236.1 234.5 232.9 231 227.3 223.9 229.1 236 237.3 236.2 232.8 230.6 229.2 229.7 228.8 231.7 234.3 236.1 235.4 234.7 234.1 233.2 231.2 227.1 226 231.6 234.8 238.4 241.4 244.6 246.9 248.6 250.4 251.6 252.7 254.2 255.3 256 256.6 257.2 257.7
291.2 291.7 291.7 291.4 291.1 289.4 287.2 285 282.7 280.5 278.2 275.9 273.6 271.7 269.9 267.3 266.7 265 263 261.1 258.9 255.4 253.2 250.4 249.9 249.8 246.5 244 243 242.3 242 242 242 241.2 240.6 239.6 238.4 237.2 235.8 234.6 232.6 229 224.3 226.8 232.4 234.8 232.5 231 229.4 227.3 225.6 225.4 230.7 231.9 231.9 231.3 230.6 229.9 229.2 226.2 223.6 227.4 230.6 233.1 235.2 239.1 241 242.2 243.5 245.1 248.1 249.6 251.7 253.1 253.7 254.3 254.9 255.4
289.5 291.3 291.5 291.2 291.1 289.3 287 284.8 282.6 280.4 278.1 275.9 273.7 271.1 268.5 265.7 264.9 264.3 261.7 259 256 254.1 252.9 250 250 249.9 248.2 247.3 246.1 245.2 245.2 244.5 243.3 242.5 241.7 240.5 239.3 238 236.5 234.5 231.5 228.1 224.2 223 227.4 230.9 231.4 230 228.3 226.1 221.9 225.7 226.8 226.7 225.9 225.3 224.8 224.2 223.3 220.6 218.8 226.9 230.8 228.9 232.2 234.4 236.2 237.2 238.2 240.7 244.5 247 249.2 250.8 251.4 251.9 252.5 253.1
286.9 290 291.3 291.1 291.1 289.1 286.8 284.6 282.4 280.2 277.9 275.7 273.4 270.4 267.4 264.4 262.3 260.5 258.9 257 255.1 255.2 255.6 253.7 251.4 251 250.5 249.2 248 247.2 246.5 245.3 243.7 243 241.7 240.3 239 237.7 235.8 233.4 230.4 227.5 224.1 218.5 222.2 224.5 225.3 226.7 227.4 224.8 219.6 221.3 221.2 221.1 220.2 219.1 218.6 218.1 216.7 214.7 216 222.3 224.7 225.2 227.9 229.6 231.3 232.3 234.5 238.1 241.9 244.2 246.6 248.1 248.7 249.3 249.9 250.5
288 289.6 291.1 291.1 291.1 288.9 286.7 284.4 282.2 280 277.8 275.6 273.3 271.3 268.6 265.9 262.9 261.8 261 259.3 257.4 257.3 256.5 255.1 254 252.1 251.4 250.5 249.3 248.5 247.2 245.7 244.2 243.1 241.6 240 238.7 237.2 235.2 231.7 228.8 225.8 219.8 216.1 216.2 218.1 219.7 221.7 222.8 222.6 217.4 216 216.6 215.6 214.6 213.2 212.4 211.5 210 208.6 211.2 211.8 218.6 215 222.6 225.7 226.6 228.8 231.9 235.6 239.3 241.5 244.4 245.4 246 246.6 247.2 247.8
289 291 291.1 291.1 290.9 288.7 286.5 284.4 282.2 280 277.9 275.7 273.2 271.2 269.5 267.2 264.8 263.9 262.9 261.6 259.7 258.4 256.2 254.6 253.6 252.6 251.7 250.7 249.5 248.6 247.1 245.8 244.5 243 241.5 239.9 238.5 236.3 232.9 229.2 225.7 222.7 223.7 222.4 218.1 215.5 214.4 216.6 218 217.5 214.2 212.9 211.8 210.6 209.1 207.3 207 206.9 206.2 205.6 206.3 211.9 213.5 213.3 214.7 218.1 224.7 228.7 230.5 233 236.5 240.4 241.6 242.6 243.3 243.9 244.5 245.1
290.8 291.2 291.2 291.2 290.6 288.8 286.6 284.5 282.3 280.1 278 275.7 273.2 270.8 269.1 267.4 265.3 263.7 262.2 260.7 258.4 257.8 255.9 254.7 253.2 252 251.2 249.9 248.1 247.6 246.9 245.6 244.3 242.3 240.6 239 234.8 232.3 229.1 227 226 227.1 228.2 227.3 224.5 222.6 216.7 214.6 213.1 212.6 211.8 211.1 210.6 211.1 212 213.4 214.5 214.2 211.9 211.4 207.8 204.3 205.7 216.3 222.4 226.6 229.3 231.4 232.9 234.9 236.3 238.2 238.8 239.8 240.6 241.2 241.8 242.1
291.1 291.2 291.3 291.1 290.2 288.9 286.7 284.5 282.4 280.2 278 275.6 273.1 270.7 268.7 267 264.1 261.9 259.9 259.1 255.5 254.8 254.7 254.3 251.6 250.5 248.1 247.8 246.6 246.1 246.1 245.4 244.1 241.8 237.6 235 230.1 229.5 229.9 232.1 232.8 232.3 230.4 228.6 226.4 225 219.1 217 215.6 217.2 216.9 217.5 213.6 218.4 220 221.1 221.4 220.7 218.8 216.8 212.2 206.9 203.8 213.4 226.2 228.3 231.3 232.9 234.7 236.2 237.4 237.8 237 237 237.9 238.5 239 238.9
291.1 291.1 291.2 291.1 289.8 288.4 286.8 284.6 282.5 280.3 278 275.5 273.1 270.6 268.3 266.3 263.3 260.7 259.1 258.3 255.1 254.5 253.5 250.5 249.1 247.2 244.4 244.4 244.5 243.6 243.2 242.5 239.9 234.9 235.5 234.1 234.6 236.1 237.4 236.3 235.1 233.5 231.7 229.8 228.2 226.1 221.8 220.2 220.1 221.3 223.4 220.9 219 223.6 223.9 224.2 224.4 223.7 223.1 219.5 214.7 208.9 201.9 203.2 215.5 228.1 232.5 234.4 236.1 236.8 237 237.9 237.1 235.9 235.1 235.8 235.8 235.7
291.1 291.1 291.1 291.1 289.4 288 286.7 284.7 282.6 280.4 277.9 275.5 273 270.5 268.1 265.5 263.3 261.3 260.8 260.3 259 257.6 255.8 254.6 251.6 251 248.9 247 245.5 241.1 240.6 239 238.4 238.8 241.6 241.6 241.3 239.6 238.2 237.1 235.9 234.4 232.8 231 229.3 225.3 223.9 223.7 224.5 225.3 226.3 219.9 221.9 225.5 225.7 225.8 225.7 224.9 224.3 222 217.6 212.7 206.1 199.6 205.1 223.3 231 234.6 235.9 236 236.2 237.3 237.5 236.1 234.3 232.6 232.9 232.9
291.1 291 290.9 290.2 289 287.5 286.2 284.8 282.6 280.4 277.9 275.4 272.9 270.4 268 267 265.4 263.4 262 261.5 260.1 258.2 255.7 254.2 252.8 251.7 250.8 247.9 245.3 240.9 239.2 241.5 244.5 246.3 246.2 244.5 242.7 240.9 239.4 237.8 236.6 235.1 233.7 231.4 228.3 227.6 227.5 226.9 227.4 226.4 223.9 220 223.2 226.5 227 227 226.8 225.9 225.3 224.1 219.8 216.4 209.8 203 198.6 213.6 230.1 234 236 235.6 235.4 236.6 236.4 234.2 232.3 228.6 230.3 230.4
290.9 290 289.4 288.6 287.5 286.9 285.8 284.5 282.7 280.3 277.7 275.1 272.5 270.2 268 266.9 266.6 265.5 263.8 262.6 260.2 257.6 255 251.8 250.4 250.2 248 245.1 243.3 242.2 244.1 247 247.5 248.3 247.2 245.6 244.1 242.3 240.9 239.1 237.4 235.9 234.3 232.4 230.5 229.5 229.6 229.7 229.2 225.7 224.1 223.7 224.5 228 227.5 228.3 227.9 227 226.3 225.1 222.3 218.7 213.3 205.6 199.6 206.3 228.8 233.8 235.4 235.2 234.8 234.8 232.9 231.5 229.9 225.7 228.9 230.7
289.2 288.8 288 287.1 286.3 285.6 285 284 282.5 279.9 277.3 274.7 272.5 270.3 268 266.9 266.2 266.2 265.8 262 259 256.4 252.9 249.8 249 249.2 245.4 244.8 246.1 246.9 249 249.4 249.6 248.6 247.6 246.5 245.1 243.6 242.2 240.8 239.4 237.7 236.5 234.8 232.8 231.4 231.5 230.7 228.4 227.4 226.6 227.1 228.1 229 228.1 229.3 228.9 228.1 227.3 225.6 223.8 221.1 214.7 206.1 198.9 206.1 226.4 233.6 234.8 234.6 233.1 232.4 228.9 227 222.2 225.6 231 232.2
287.3 287.2 286.6 285.7 285 284.3 283.7 283 282 279.4 276.9 274.7 272.5 270.3 268 267 266.3 265.8 265.4 261.7 258.1 254.8 253.4 252.5 251.3 250.1 247.7 248 248.8 249.4 250.2 251 250.5 249 248 246.9 245.7 244.5 243.1 241.7 240.6 239.5 238.4 237.1 235.2 233.3 232 230 229.6 230 229.4 229.1 229.9 230.4 230.5 229.6 228.9 227.7 226.4 224.9 223.2 218.2 211.6 202.9 198.4 213.1 228.1 234 234.8 233.3 231.3 228.6 225 218.2 222.6 230.2 231.5 232.3
284.8 285.3 284.7 284.4 283.7 283.1 282.4 282.2 281.5 279.2 277 274.7 272.5 270.3 268.1 267.1 266.3 265.6 265 261.4 258.2 256.6 256 254.7 253.5 252.3 251.1 251 250.7 250.6 251 251.8 251.3 249.7 248.5 247.4 246.2 244.9 243.8 242.3 241.3 240.2 239.1 238 235.3 233.6 231.6 231.8 232 232.1 231.4 230.8 230.5 230.4 230.3 229.1 227.9 226.6 225.4 224.2 221.3 216.3 208.4 199.9 201.6 221 232.4 234.2 234.7 231.2 228.8 223.8 217 217.8 227.7 232.1 231.5 232.3
281.8 281.6 282.1 282.1 282.1 282.2 282 281.8 281.3 279.2 277 274.8 272.5 270.3 268.1 267.1 266.4 265.7 264.9 263.1 261.2 260.1 258.2 256.5 255.2 254 253.1 252.7 252.5 252.3 252.2 252.6 252 250.8 249.3 247.9 246.7 245.5 244.3 243 241.9 240.9 239.8 238.7 235.2 234.1 234.2 234.3 234.6 233.6 232.8 232.2 231.8 231.6 230.5 228.6 226.8 225.6 224.3 223.5 218.9 213.8 205 197.1 202.4 220.3 230.7 234.1 233.3 229.9 226.4 220.6 209.7 221.1 230 232.9 232 232.1
278 278.1 278.7 279.3 280.3 281.9 281.7 281.6 281.1 279.1 277 274.8 272.6 270.3 268.1 267.2 266.5 265.6 264.8 264.4 262.8 261.2 260 258.8 257 255.7 255.1 254.6 254.3 254.1 254 253.4 252.7 251.8 250 248.5 247.1 246 244.9 243.8 242.4 241.5 240.5 239.4 236.4 236.7 236.8 236.9 236.1 235.1 234.2 233.7 233.1 232.4 230.8 229 227.1 225.2 223.3 219.9 214.7 208.1 201 195.2 194.5 206.5 216.9 223.3 228.1 227.6 223.4 212.2 211.9 224.5 230.2 231.8 230.6 230.7
273.7 274.5 275 275.3 278.8 280.6 281.3 281.2 280.8 278.9 276.9 274.8 272.6 270.4 268.1 267.2 266.5 265 264.6 263.7 262.4 261.5 260.4 259.2 257.9 256.6 256.3 256 255.6 254.7 253.7 252.9 252.3 251.3 250.1 249 247.6 246.5 245.4 244.3 243 242 241.1 240 239.3 239.3 239.1 238.3 237.6 236.7 235.7 235.1 234.3 232.6 231 229.3 227 224 221.1 214.7 209.5 208.7 203.6 198.2 196 195.7 201.5 206.8 212.5 216.4 214.1 204.4 213.9 223.6 229 228.6 228.4 227.9
270.4 271 270.5 272.4 278.4 279.5 280.8 280.9 280.6 278.5 276.6 274.6 272.5 270.4 268.2 267.3 265.8 264.9 263.9 263 262.1 261.5 260.7 259.3 257.4 256.3 256 255.6 254.7 254.3 253.4 252.5 251.8 250.7 249.9 249.4 248.2 247 245.9 244.8 243.7 242.6 241.6 241 241.6 240.8 240.1 239.2 238.3 237.9 237.3 236.5 234.5 232.6 231.1 228.3 223.9 220.7 220.4 220.1 218.1 214.3 208.5 203.5 201.8 198.1 193.9 193.7 195.3 200.9 206.3 201.9 215.5 224.4 225.3 224.8 225.3 225.2
267 266.7 269.2 273.3 277.3 279.6 280 280.2 280 278.2 276.2 274.3 272.4 270.3 268.2 266.6 265.2 264.1 263.1 262.2 261.3 261.1 260.6 258.7 256.8 256 255.7 254.8 253.9 253.5 253 252 251.4 250.2 249.7 249.3 248.6 247.7 246.7 245.4 244.2 243.1 241.5 242.5 242.4 241.8 241 240.1 239.1 238.4 238 236.7 234.7 232.6 230.3 228.4 227.1 226.6 225.7 224.1 221.7 218.5 213.7 212.4 209.6 206.1 202.2 199.8 196 193.8 195.2 203.2 211.8 220.2 220.1 219.6 218.4 218
261.7 265.3 269.2 273.6 277.4 279.5 279.6 279.6 279.5 277.8 275.4 273.3 271.3 268.8 266.4 265.4 265 262.6 261.7 260.8 258.7 258.8 258.5 258.2 256.3 255.7 254.9 253.9 253 252.6 252.3 251.7 250.9 250 249.6 249.2 248.8 248 247.2 246.3 245.1 242.8 242.3 243.2 242.9 242.5 242 241 240 238.8 237.4 236.2 234.9 233.8 231.6 230.3 230.6 229.7 228.3 227 225.4 223.5 221.1 220 217.3 213.5 209.5 205.7 200.4 196.6 193.2 197.6 204.5 208.7 208.8 207.8 206.5 203.8
260.5 264.1 269.3 273.9 277.7 279.4 279.9 280.2 279.8 277.4 273.7 271.7 269.6 266.9 264.5 264.4 264.4 262.9 260.2 258.2 256.2 256.2 255.6 256.6 255.7 255 254 253.1 252.2 251.8 251.4 251.1 250.5 249.8 249.5 248.9 248.2 248.6 247.8 246.8 245.1 242.7 243.1 243.6 243.3 242.9 242.5 241.8 240.2 238.5 237 236.7 236.2 235.7 234.7 234.1 233.3 232 230.6 229.5 228.5 227.5 225.4 223.6 221.8 219.1 215 210.1 205.1 202.1 199.5 195 194.2 197 197.6 196.6 195.1 192.2
265.3 268.4 272 275.2 277.4 279.8 280.9 280.6 280.3 276 272.3 269.9 267.9 265.5 262.6 263.4 263.5 263.2 260.3 257.8 255.7 252.3 252.8 253.9 255 254.2 253.2 252.2 251.3 250.9 250.6 250.2 249.6 249.1 248.4 247.7 247.7 248.3 248.2 247.1 245.4 245.3 244.5 243.8 243.4 243.1 242.7 241.6 240.3 238.7 237.6 237 236.7 236.4 236.2 236 235.2 234.2 232.9 231.7 230.4 229.4 228.4 227.3 225.1 222.5 218.2 214.5 213.2 210.7 208.1 203.7 201.5 198.6 197.5 197.9 197.2 194.9
268.2 271.6 275.2 278 280.3 281.6 282 281.2 280.8 276.9 272.7 269.3 267.1 264.3 260.5 261.5 263.2 263.9 261.6 258.6 256.5 254.6 250.7 250.3 253.1 253 252.2 251.3 250.4 250.1 249.5 248.6 247.9 247.5 247.1 246.4 246.7 246.8 246.9 247 246.5 245.5 244.7 244 243.6 243.2 242.3 241.1 240.1 239.2 238.2 237.3 236.9 236.7 236.5 236.4 236.2 236 234.8 233.3 232.3 231.3 230 228.8 228.2 225 222.6 222.1 221.2 219.2 217.1 214.6 213 212 211.3 210.9 209.7 207.8
