data/420000-1170000.asc
ncols 200
nrows 200
xllcorner 420000
yllcorner 1170000
cellsize 50
[rows 0 to 36 of 200, columns 0 to 84 of 200]
-0.9 -0.9 -0.9 -0.9 -0.9 -0.9 -0.9 -0.9 -0.9 -0.9 -0.9 -0.9 -0.9 -0.9 -0.9 -0.9 -0.9 -0.9 -0.9 -0.9 -0.9 -0.9 -0.9 -0.9 -0.9 23.2 22.4 19 15.5 12 11.2 11.2 11.2 11.9 18 28.7 40.7 41.8 42.1 42.5 42.1 39.9 38.3 38 37.9 38.1 37.7 37.3 38.1 38.8 40.1 38.2 33.3 27.7 24 30.7 36.7 31.4 24.5 22.9 22.6 25.1 27.5 27.8 26 20.4 9.4 -0.9 -0.9 -0.9 -0.9 -0.9 -0.9 -0.9 -0.9 -0.9 -0.9 -0.9 -0.9 1.3 8.3 15.3 22.5 27.6 27.8
-0.9 -0.9 -0.9 -0.9 -0.9 -0.9 -0.9 -0.9 -0.9 -0.9 -0.9 -0.9 -0.9 -0.9 -0.9 -0.9 -0.9 -0.9 -0.9 -0.9 -0.9 -0.9 -0.9 -0.9 -0.9 -0.9 21.5 18.2 15.4 12.5 11.2 11.6 12.4 13.1 18.3 29.8 39.2 39.6 40.1 40.5 40.7 40.4 40.1 39.7 39.9 40.2 40 41 42.2 41.6 40 39.6 35.6 29.4 26.3 34.1 39.7 36.6 27.8 24.6 23.6 26.4 29 31.1 29.5 24.6 17.3 -0.9 -0.9 -0.9 -0.9 -0.9 -0.9 -0.9 -0.9 -0.9 -0.9 -0.9 -0.9 4.8 13.1 20.1 27.1 30.8 29.7
-0.9 -0.9 -0.9 -0.9 -0.9 -0.9 -0.9 -0.9 -0.9 -0.9 -0.9 -0.9 -0.9 -0.9 -0.9 -0.9 -0.9 -0.9 -0.9 -0.9 -0.9 -0.9 -0.9 -0.9 -0.9 -0.9 20.3 17.9 14.9 12.4 12.6 15.3 16.5 15.2 19.1 28.2 37 37.5 37.9 39.1 41.5 42.1 41.8 41.5 41.8 42.3 43.8 45.2 46.5 45.8 42 40.2 37.6 33.1 31.4 38.5 41.8 39.6 34.4 31.7 29.9 28.1 30.7 33.7 33.1 29.4 21.6 11.1 -0.9 -0.9 -0.9 -0.9 -0.9 -0.9 -0.9 -0.9 -0.9 -0.9 3.7 8.2 15.2 24.9 31.3 30.4 29.8
-0.9 -0.9 -0.9 -0.9 -0.9 -0.9 -0.9 -0.9 -0.9 -0.9 -0.9 -0.9 -0.9 -0.9 -0.9 -0.9 -0.9 -0.9 -0.9 -0.9 -0.9 -0.9 -0.9 -0.9 25.6 24.9 20.1 17 14.3 14.5 16.8 19.6 22.1 20 17.8 26.1 34.9 35.9 37.2 39 41.7 43.8 43.5 43.4 44.5 46.4 48.2 49.2 50.2 47.9 44.1 41.5 38.9 37.1 37.3 40.6 42.8 41.9 40.7 38.9 37 32.7 32.7 35.3 32.9 31.2 24.9 15.2 -0.9 -0.9 -0.9 -0.9 -0.9 -0.9 -0.9 -0.9 2.7 5.4 7.2 11.4 16.5 26.9 30.9 30.2 29.6
-0.9 -0.9 -0.9 -0.9 -0.9 -0.9 -0.9 -0.9 -0.9 -0.9 -0.9 -0.9 -0.9 -0.9 -0.9 -0.9 -0.9 -0.9 -0.9 -0.9 -0.9 -0.9 -0.9 -0.9 11.3 27.3 22.6 17.8 15 17.7 20.3 22.7 25.4 24.2 21.1 26.9 32.9 35.3 36.7 39.3 42 44.6 45.3 47.8 50.1 52.3 53.3 53.2 52.6 50.8 46.2 42.5 38.9 38.1 40.2 43.9 46.3 46.4 47.1 46.1 41.8 37.3 35.3 35.6 33.7 31.8 25.7 16.7 -0.9 -0.9 -0.9 -0.9 -0.9 -0.9 -0.9 -0.9 -0.9 7.2 7.8 11.9 18.1 24.8 30.5 29.1 27.7
-0.9 -0.9 -0.9 -0.9 -0.9 -0.9 -0.9 -0.9 -0.9 -0.9 -0.9 -0.9 -0.9 -0.9 -0.9 -0.9 -0.9 -0.9 -0.9 -0.9 -0.9 -0.9 -0.9 -0.9 -0.9 25.4 21.8 16.7 17.8 20 21 22 22.8 23.4 21.7 26.3 30.9 34.4 36.5 39.1 41.7 44.7 48 51 53.8 57.3 58.2 57.3 54 51.5 47.2 43.2 39.5 40.5 43 46.5 49.5 49.6 51 50.4 47 44.4 39 38 35.5 33.1 27.3 19.1 9.1 2.8 -0.9 2.2 4.2 7.6 13.5 -0.9 5.2 11.8 12.2 13.3 19.8 26.9 30.9 30.3 28.8
-0.9 -0.9 -0.9 -0.9 -0.9 -0.9 -0.9 -0.9 -0.9 -0.9 -0.9 -0.9 -0.9 -0.9 -0.9 -0.9 -0.9 -0.9 -0.9 -0.9 -0.9 -0.9 3 -0.9 -0.9 24.4 20.8 17.8 18.8 21.9 25.7 25.1 23.9 23.3 22.6 25.3 30.5 33.5 34.8 39 42.1 44.9 48.6 52.7 55.2 57 59.4 58.9 56.5 52.7 48.7 44.8 41.4 41.8 46.7 49.7 51.6 53.3 54.5 53.8 53.7 51 43.9 41.9 39.7 35.1 28.6 21.1 10.8 4.7 -0.9 5.5 8.1 10 12.9 6.9 11.5 16.5 17.8 19.8 22.3 29.5 31.4 30.9 30.3
-0.9 -0.9 -0.9 -0.9 -0.9 -0.9 -0.9 -0.9 -0.9 -0.9 -0.9 -0.9 -0.9 -0.9 -0.9 -0.9 -0.9 -0.9 -0.9 -0.9 -0.9 -0.9 -0.6 -0.9 2.1 25.9 20.5 17.7 18.6 21.7 30 28.4 26.4 26.5 26.2 25.9 29.3 31.9 33.3 36.6 42.2 45 48.6 52.1 54.6 57.1 59.8 57 55.5 53.9 49.6 44.9 41.8 43.5 48.6 49.9 50.8 53.7 56.6 58.6 58.9 54.7 48.5 45.1 42.5 37 29.6 22 13.8 7.4 5 7.8 11 15.2 15.7 12.6 18.2 22.1 24.8 27.4 28.6 32.3 31.9 31.3 30.5
-0.9 -0.9 -0.9 -0.9 -0.9 -0.9 -0.9 -0.9 -0.9 -0.9 -0.9 -0.9 -0.9 -0.9 -0.9 -0.9 -0.9 -0.9 -0.9 -0.9 -0.9 -0.9 -0.9 -0.9 28.9 24.3 19.7 18 17.7 25 29.5 29.1 30.5 32.9 31.9 30.8 29.7 31.2 32.9 36.7 40.4 45.1 47.1 49.7 51.5 54 55 55.8 53.4 53.2 49.4 44.7 41.9 43.9 47.8 46.9 48.5 51.5 53.9 56.1 57.9 56.3 51.7 46.9 44.6 37.6 30.1 22.4 15.4 9.6 6.6 9.7 12.6 16.5 16.7 16 21.7 27.9 32.4 34.4 34.5 33.4 32.3 30.9 30
-0.9 -0.9 -0.9 -0.9 -0.9 -0.9 -0.9 -0.9 -0.9 -0.9 -0.9 -0.9 -0.9 -0.9 -0.9 -0.9 -0.9 -0.9 -0.9 -0.9 -0.9 -0.9 -0.9 28.7 28.8 24.3 20.5 17.5 17.9 26.3 29.2 29.3 32.6 38.4 35.4 33.9 32.1 31.4 32.3 35 37.3 39.5 44.4 48.5 50.3 50.5 51.9 53 52.1 51.6 49.3 45.3 42.2 45.8 47.1 46.1 46.4 49.6 51.9 53.7 54.9 56.2 52.6 48.8 44.1 38.1 31 23.5 16 10 7.1 9.8 13 15.9 16.4 18.1 26 33.7 37.5 38.1 38.1 35.6 34.7 33.6 32
-0.9 -0.9 -0.9 -0.9 -0.9 -0.9 -0.9 -0.9 -0.9 -0.9 -0.9 -0.9 -0.9 -0.9 -0.9 -0.9 -0.9 -0.9 -0.9 -0.9 -0.9 -0.9 -0.9 23.7 27.1 24.8 21.3 19.9 18.2 23.4 27.8 31.1 35.9 40.3 39.3 36.5 34.3 31.3 31.9 34.4 36.6 39.8 45.9 51.4 51.4 51.3 50.5 50.6 50.9 49.6 46.6 44.1 43.9 46.4 46.1 46.1 46.2 47.9 49.1 50.3 51.6 53 53 47.8 42.5 36.7 30.5 24.3 17.1 10.4 9.2 11.4 14.5 16.5 18.3 20.5 27 35.3 38.6 39.5 39.9 37.8 35.3 36.1 34
-0.9 -0.9 -0.9 -0.9 -0.9 -0.9 -0.9 -0.9 -0.9 -0.9 -0.9 -0.9 -0.9 -0.9 -0.9 -0.9 -0.9 -0.9 -0.9 -0.9 -0.9 -0.9 -0.9 28 27.5 -0.9 22.7 24 25.1 22.8 32.4 34.9 36.9 35.9 37.9 36.6 35.4 31.6 31.8 34.1 38.4 42.4 47.8 52.4 54.7 54.4 50.5 50.9 51.3 48.5 46.4 44.8 44.2 45.4 46.1 46.1 45.2 46.6 47.9 49.2 50.5 50.9 49.8 46.2 41 35.3 29.1 22.9 16.7 10.9 11.3 11.6 13.8 16.1 19.2 22.4 27.1 34.9 38.9 39.1 39 38.2 36 35.7 32.9
-0.9 -0.9 -0.9 -0.9 -0.9 -0.9 -0.9 -0.9 -0.9 -0.9 -0.9 -0.9 -0.9 -0.9 -0.9 -0.9 -0.9 -0.9 -0.9 -0.9 -0.9 -0.9 -0.9 30 29.5 -0.9 21 23.5 27.3 26.6 29.2 35.4 35.8 35.5 34.9 34.4 37.2 30.7 31 35.3 40.3 45 49.9 52.3 54.3 53.8 53.7 51.1 51 48.8 46.4 43.7 43.2 45.1 46.1 46.1 44.2 45.5 46.8 48.1 48.1 47.8 46.3 43.3 39.5 33.9 27.7 21.5 16.4 12 11.8 11.9 13.1 15.7 19.6 23.4 28.5 35.1 37.8 37.8 38.4 38.9 37.2 35.6 32.5
-0.9 -0.9 -0.9 -0.9 -0.9 -0.9 -0.9 -0.9 -0.9 -0.9 -0.9 -0.9 -0.9 -0.9 -0.9 -0.9 -0.9 -0.9 -0.9 -0.9 -0.9 31.4 32.6 32.5 32.2 28.1 20.9 23.5 26.9 27.5 24.3 29.8 33.2 35.1 32.8 30.8 29.8 29.8 30.4 36 41.6 46.8 51.7 50.6 52.5 52.1 52 51.9 51 47.9 44.8 42.7 42.7 44.9 45.9 44.9 43.1 44.4 45.7 45.3 45 44.7 42.9 39.9 36.9 32.5 27 22 17.1 13 12.8 12.6 12.5 16.1 20.3 24.3 28.5 33.4 36.7 37 37.7 38.2 37.5 33.9 30.2
-0.9 -0.9 -0.9 -0.9 -0.9 -0.9 -0.9 -0.9 -0.9 -0.9 -0.9 -0.9 -0.9 -0.9 -0.9 -0.9 -0.9 -0.9 -0.9 -0.9 29 31 33.5 34.1 33.8 31.8 25.8 23.6 23.9 23.9 23.9 23.9 30.6 33.9 31.2 30.6 29.7 29.1 32.5 37.7 43.4 48.7 53.5 50 50.7 50.4 50.3 50.2 50.9 47.8 45.3 43.9 43 44.1 44.2 42.8 42 42.9 42.5 42.2 41.9 41.5 39.5 36.5 33.5 30.5 25.6 20.3 15 14.8 14.6 14.4 13.9 15.9 19.4 22.6 25.9 31.6 35.6 36.1 37.4 38.7 37.4 32.3 28.5
-0.9 -0.9 -0.9 -0.9 -0.9 -0.9 -0.9 -0.9 -0.9 -0.9 -0.9 -0.9 -0.9 -0.9 -0.9 -0.9 -0.9 7.9 -0.9 -0.9 -0.9 19.9 35.3 36 34.2 33 28.7 23.9 23.9 23.9 23.9 23.9 29.1 30.7 31.2 30.6 30 30.1 35 39.9 45.1 50.5 52.8 49.4 48.9 48.7 48.7 49.2 49.5 48 45.8 43.7 42.3 42.5 41.1 39 40 39.7 39.4 39.1 38.7 38.4 36.1 33.3 30.7 27.5 23.3 18.2 15.8 16.5 16.8 16.7 15.2 16.4 19.5 23.1 27.2 27.7 35.2 39.3 40.6 40 36.5 32.4 29.7
-0.9 -0.9 -0.9 -0.9 -0.9 -0.9 -0.9 -0.9 -0.9 -0.9 -0.9 -0.9 -0.9 -0.9 -0.9 -0.9 -0.9 -0.9 -0.9 -0.9 -0.9 29.7 32.9 35 34.2 32.6 26.2 24.3 23.9 23.9 23.9 23.9 26.1 30.1 30.3 29.9 29.5 34.6 39.7 43.8 47.7 52.3 52.8 48.7 47 47.2 47.8 48 48 47.3 45.3 43.3 41.5 39.6 37.1 34.4 36.3 36.1 35.8 35.6 35.4 35.4 33.1 30.5 28.1 24.4 20.7 16.7 17.8 18.2 18.7 18.8 16.6 17.8 19.5 23.1 26.5 27.5 31.9 41.6 42.1 40.2 37 33.5 31.1
-0.9 -0.9 -0.9 -0.9 -0.9 -0.9 -0.9 -0.9 -0.9 -0.9 -0.9 -0.9 -0.9 -0.9 -0.9 -0.9 -0.9 -0.9 -0.9 -0.9 25 25.8 30.7 30.8 30 27.6 23.9 23.9 23.9 23.9 23.9 23.9 25.7 31.4 31.2 28.9 28.5 38.1 44.5 49.3 52.6 50.4 52.4 50.8 47.7 46.3 46.3 46.2 46.1 44.9 41.7 38.5 37.3 38.2 35.5 32.2 32.6 33.1 33.6 34.3 34.1 32.4 30 27.8 25.1 21.4 17.7 18.4 19.7 20.3 20.8 20.6 18 19.1 21.2 24 27.2 27.6 27.7 39.5 43.4 41.6 36.9 35.1 32.8
-0.9 -0.9 -0.9 -0.9 -0.9 -0.9 -0.9 -0.9 -0.9 -0.9 -0.9 -0.9 -0.9 -0.9 -0.9 -0.9 -0.9 -0.9 -0.9 31.4 23.6 24.4 28.2 28.2 26.1 23.9 23.9 28.2 23.9 23.9 23.9 23.9 25.8 26.1 33.1 30.1 29.3 39.4 47.9 51.7 51.9 53.5 50.8 54.1 51.9 46.7 44.1 42.9 43.1 42.7 37.5 34.1 32.8 33.2 33.8 32.1 32.5 33.2 33.1 32.8 31.6 29.1 26.7 25 24.1 20.1 18.1 20.2 22.1 22.3 22.4 22.4 17.7 20.4 23.7 27.7 30.8 32.2 30.4 35.6 39.7 36.6 36.6 35.4 34.4
-0.9 -0.9 -0.9 -0.9 -0.9 -0.9 -0.9 -0.9 -0.9 -0.9 -0.9 -0.9 -0.9 -0.9 -0.9 -0.9 -0.9 -0.9 -0.9 -0.9 23.6 23.6 24.7 27.9 25.8 23.9 23.9 24.1 23.9 23.9 23.9 23.9 23.9 23.9 24.2 24.1 30.8 37.5 43.7 47.9 50.6 53.5 52.6 53.1 52.7 47 44.5 42 39.6 37.5 33.2 32.1 32.1 32.1 32.2 32.2 32 31.7 31.5 30.8 28.3 25.9 23.5 21.7 22.8 22.1 20.7 22.2 24.2 25.6 24.7 23.8 20.3 22.3 25.9 29.9 34.2 37.7 37.2 35 32.5 30.1 33.1 33.4 33.1
-0.9 -0.9 -0.9 -0.9 -0.9 -0.9 -0.9 -0.9 -0.9 -0.9 -0.9 -0.9 -0.9 -0.9 -0.9 -0.9 -0.9 -0.9 -0.9 -0.9 27 23.6 23.6 25.9 26.9 25 23.9 23.9 23.9 23.9 23.9 23.9 23.9 23.9 25.4 28 31.7 37.2 42.8 48.2 52.5 55.4 52.1 54.5 51 46 42.4 39.3 36.3 33.6 30.9 30.5 30.4 30.9 30.9 30.9 30.4 30.2 29.9 27.5 25.1 22.7 20.2 19.8 21.8 23.2 23.5 24.2 26.2 28.5 27.5 25.9 20.6 22.8 27.2 31.5 35.8 39.9 40.2 37.4 36.6 30.2 29.9 31.8 31.8
-0.9 -0.9 -0.9 -0.9 -0.9 -0.9 -0.9 -0.9 -0.9 -0.9 -0.9 -0.9 -0.9 -0.9 -0.9 -0.9 27.3 24.8 32.1 28.6 28.6 24.9 24.1 25.7 27.8 27.8 26.4 23.9 23.9 26 27.1 26.7 25.3 24.2 27.3 31.1 35.5 40.9 46.3 50.5 54.2 56.7 52.4 55.3 49.8 45.5 41.2 36.9 32.9 30.1 28.4 28.7 29.6 29.6 29.6 29.4 28.8 28.6 26.7 24.3 22.5 20.8 19.1 19.1 20.8 22.5 24.1 25.3 26.1 26.3 26.5 25.1 21.7 24.6 28.5 33.4 36.3 40.8 42.6 39.7 36.5 32.1 29.9 30.1 30.6
-0.9 -0.9 -0.9 -0.9 -0.9 -0.9 -0.9 -0.9 -0.9 -0.9 -0.9 -0.9 -0.9 -0.9 -0.9 -0.9 31.4 39.1 35 28.6 28.6 28.9 26.3 27.5 29.7 29.7 27.3 26.2 27.5 29.7 31.3 32.2 31.5 29 28.6 32.7 36.8 41.5 45.8 49.6 54.3 57.1 52.6 53.6 49.3 45 40.7 36.4 32.1 28.2 28.2 28.2 28.3 28.3 28.3 28 27.5 26.9 25.2 23.5 21.8 20.1 18.3 18.6 20.4 22.1 23.7 25 25.4 24.6 23.7 22.8 22.5 26.3 31.6 35.1 35.9 40.4 39.8 37.8 34.8 31.6 29.9 29.9 31.8
-0.9 -0.9 -0.9 -0.9 -0.9 -0.9 -0.9 -0.9 -0.9 -0.9 -0.9 -0.9 -0.9 -0.9 -0.9 -0.9 -0.9 41.5 35.3 30.6 30.4 30.6 29.6 29.2 31.9 35.4 30.4 30.4 31 31.5 34.9 35.1 35.3 32.5 28.6 31.8 35.9 40 44.1 47.7 51.7 55.2 50.8 51 47.4 43.8 40.2 35.9 31.6 28.2 28.2 28.2 28.2 28.2 28.2 28.2 27.7 27.4 25.9 23.8 21.7 19.5 17.3 18.1 19.9 21.6 23.3 24.5 25.7 26.1 25.2 24 23.2 26.2 33.6 36.8 35.5 38.4 36.8 35.6 34 31.7 29.9 30 30.3
-0.9 -0.9 -0.9 -0.9 -0.9 -0.9 -0.9 -0.9 -0.9 -0.9 -0.9 -0.9 -0.9 -0.9 -0.9 -0.9 -0.9 42.9 38 34 34.7 35.2 33.5 31.6 36 41.3 38.5 35.5 32.9 32.8 33.4 34.5 35.4 32.9 28.6 30.9 35 39.1 42.3 44.3 48.3 49.5 47.3 48.1 44.5 40.8 37.2 33.6 30 28.2 28.2 28.2 28.2 28.2 28.2 28.2 28.1 27.6 25.3 23 20.7 18.5 16.3 17.7 19.4 21.1 22.9 24.1 25.3 26.5 26.8 25.1 24.7 27.2 33.6 37.6 36.9 36.4 36 35.1 34.1 32 29.7 29.1 29
-0.9 -0.9 -0.9 -0.9 -0.9 -0.9 -0.9 -0.9 -0.9 -0.9 -0.9 -0.9 -0.9 -0.9 -0.9 -0.9 45.6 44 41.2 38.5 38.6 37.8 37 36 39.2 45.5 44.7 40.6 36.2 33.7 29 30.9 31.5 31.9 29 30.1 34.4 37.2 39.2 42 44.3 46.9 45.4 44.8 41.5 37.9 34.9 32.6 30.7 28.9 28.2 28.2 28.2 28.2 28.2 28.2 28.2 27.2 24.9 22.6 20.4 18.2 15.8 16.5 18.2 19.8 21.6 23.7 24.9 26 27.2 26.4 26 30.5 35 37.6 37.2 36.6 36 32.9 30.2 32.2 27.8 27.8 27.7
-0.9 -0.9 -0.9 -0.9 -0.9 -0.9 -0.9 -0.9 -0.9 -0.9 -0.9 -0.9 -0.9 -0.9 -0.9 53.9 50.6 -0.9 43.1 42 41 40.3 39.5 38.7 42.4 45.4 46.1 40.7 38 35.7 29.2 27.6 28.2 28.7 29.2 29.7 32.7 35.8 39 42.3 44.6 45.7 44.3 42.3 39.9 37.4 35.3 33.3 31.5 29.9 28.5 28.2 28.2 28.2 28.2 28.2 28.2 27.4 25.3 23.1 21 18.4 15.8 15.6 16.6 18.2 20.3 22.4 24.6 26.3 26.6 26.2 25.3 29.8 34.3 38.1 37.5 36.6 35.6 29.6 26 28.9 26.4 26.5 26.5
-0.9 -0.9 -0.9 -0.9 -0.9 -0.9 -0.9 -0.9 -0.9 -0.9 -0.9 -0.9 -0.9 -0.9 -0.9 -0.9 -0.9 -0.9 -0.9 0.9 25.8 43.3 42.7 41.6 44.1 45.4 42.7 38.6 34.8 33.5 27.4 25.1 25.8 28.9 30 29.8 32.9 36.1 39.3 42.6 44.8 44.6 42.9 41.4 39.9 37.7 35.7 34 32.6 31.2 30 28.5 28.2 28.2 28.2 28.2 28.3 28 25.8 23.5 21 18.4 15.8 15.4 15.5 16.8 18.9 21.2 23.6 26 27.6 26.1 25.7 29.1 34.6 38.8 37.9 37.5 31.6 27 26.2 26 26 26 26
-0.9 -0.9 -0.9 -0.9 -0.9 -0.9 -0.9 -0.9 -0.9 -0.9 -0.9 -0.9 -0.9 -0.9 -0.9 50.6 48.8 45.4 44.8 45.9 46.6 47.6 48.2 46.6 45.2 43 39 34.9 29.9 26.4 23.6 23.2 26 29.7 33 31.9 33.7 36.4 39.7 42.9 44.9 43.1 41.4 40 39.3 38.1 36.7 35.2 33.9 32.6 31.3 29.9 28.2 28.2 28.2 28.1 28.3 28.5 26.1 23.5 21 18.4 15.8 15.3 15.3 17 19.5 21.9 24.3 26.8 28.1 28.4 25.8 29.1 35 39.6 37.2 32 26.5 25.1 25.2 26.1 26 26 25.3
-0.9 -0.9 -0.9 -0.9 -0.9 -0.9 -0.9 -0.9 -0.9 -0.9 -0.9 44.6 48 50.1 49.8 49.3 45.9 40.8 40.8 40.8 45.4 45.8 45.7 45.4 43.3 40.5 36.7 31 26.3 23.3 22.4 24.3 27 29.6 32.3 34 35.8 37.6 40 43.3 44 41.5 39.9 39.1 38.8 38.9 37.9 36.6 35.3 34.4 32.5 30.7 29 28.2 28.2 27.9 27.2 27.4 25.6 23.3 21 18.4 15.8 15.1 15 17.4 20 22.5 25.1 27.9 29.1 30.1 31 32.8 35.7 37.7 34.5 26.7 23.4 24.5 27.4 30.2 28.1 26.4 23.7
-0.9 -0.9 -0.9 -0.9 -0.9 -0.9 -0.9 -0.9 -0.9 -0.9 45 50.8 50.9 50.4 48.2 45.8 41.9 40.8 40.8 40.8 40.8 43.1 44.3 44.3 41.7 37.8 33.8 28.2 23.8 22.1 22.5 26.2 29.7 32.3 34.4 35 37.1 39.3 41.4 43.6 42.5 40 38.9 38.7 38.5 38.5 39.1 38.8 36.6 35.6 33.5 31.3 30.3 29.2 28.5 26.4 25.4 25 24.3 22 19.8 17.5 15.3 14.8 15.1 17.9 20.6 23.6 26.4 29.2 29.8 30.9 28.9 27.8 33.3 33.1 28.9 25.5 22.4 25.4 28.6 31.7 31 28.3 25
-0.9 -0.9 -0.9 -0.9 -0.9 -0.9 -0.9 -0.9 -0.9 -0.9 46.7 50.7 50.7 48.5 46.4 43.9 40.8 40.8 40.8 40.8 40.8 40.8 43.8 44.4 41.2 37.3 32.8 28.1 22.4 20.5 23 27 31 34.9 36.3 35.9 38.1 40.2 42.2 42.1 40.4 38.9 38.6 38.4 38.2 38.1 38.1 37.9 35.9 34.8 32.8 31.4 30.7 29.4 27.3 25.8 23.7 22.7 22.5 20.7 18.5 16.2 14.1 13.9 15.6 18.4 20.8 23.5 26.8 29.8 30.2 30.2 27.1 28.1 31.3 28.2 25.6 23.1 21.6 24.2 27.8 31.4 31.4 29.9 28.4
-0.9 -0.9 -0.9 -0.9 -0.9 -0.9 -0.9 -0.9 -0.9 41.1 45 49.3 48.8 46.7 44.6 42.4 40.8 40.8 40.8 40.8 41.1 42.4 45.1 43.6 40.6 36.1 31.7 28.8 21.6 21.6 23.8 27.6 31.6 35.3 37.4 36.9 39 39.5 39.3 39.1 38.8 38.9 38.5 37.5 37 36.7 36.6 36.5 34.9 33.6 31.7 31.1 30.2 29 26.7 24.6 22.6 21 20.1 19.5 17.2 14.9 13.1 12.8 16 19.6 21.3 22.5 26.4 29.4 30.3 30.3 27.8 27.7 29.2 24.9 25.5 22.9 20.8 23 26.9 30.7 32.1 29.5 26.8
-0.9 -0.9 -0.9 -0.9 -0.9 -0.9 -0.9 -0.9 -0.9 40.4 44.8 47.1 45.8 45.5 44.4 43.2 41.8 44.3 46.2 46.9 44.1 43.6 44.1 40.1 37 33.8 30.4 26.2 19.7 22 25.3 28.5 31.6 32.9 35.4 36.5 37.3 37.8 38.4 39 39.9 39.4 37.6 36.3 35.4 35.2 35.1 35 34 32.4 31.4 30.6 29.8 28.6 26.2 23.7 21.9 20 18.3 17.4 15.9 13.6 12.2 11.8 16.1 20.5 22.6 23.9 26.3 28.3 29.7 28.8 27.4 28 26.3 22.9 23.4 22.8 20.8 20.8 25.4 29.1 29.1 24.9 23.8
-0.9 -0.9 -0.9 -0.9 -0.9 -0.9 -0.9 -0.9 -0.9 40.3 44.3 43 41.7 40.5 40.1 39.8 41 45.6 50.4 50.8 47.1 44.3 43.2 38.9 34.6 29.5 26.1 21.6 17.6 23.3 27.2 29.6 28.8 30.8 32.3 33.7 36.2 37.5 38.5 39.4 40.4 39.3 37.4 35.1 33.8 33.7 33.6 33.5 33 31.8 31 30.2 29.4 28.1 25.6 23.2 20.8 18.9 17.3 15.7 14.6 12.5 11.2 11.7 16 20.2 23.7 25.3 25.7 27.5 29.3 28.3 27 26.7 23.2 21.6 22.6 22.6 21.7 17.7 23.7 28.9 27 22.8 -0.9
-0.9 -0.9 -0.9 -0.9 -0.9 -0.9 -0.9 -0.9 39.1 40.5 40.2 38.9 37.6 36.1 35.1 34.8 37.3 42.7 48.1 50.2 50.1 45.4 42.2 39.3 36.6 26.8 21.1 17.9 15.7 22.1 26.4 26.2 25.2 27.6 29.6 31.4 33.4 36.3 37.4 38.4 38.9 39.2 37.3 35 32.8 32.5 32.3 32.1 31.9 31.3 30.5 29.8 29 27.5 25.1 22.6 20.1 18 16.3 14.6 13 11.5 9.7 11.5 15.5 19.4 23.4 26.1 26.4 27.2 27.9 28.2 27.2 25.6 22.8 22.5 22 21.5 21 17 18.6 23 19 17.6 -0.9
-0.9 -0.9 -0.9 -0.9 -0.9 -0.9 -0.9 39.5 41.3 40.1 36.7 35 33.5 32.1 30.3 29.3 35.2 40.9 45.5 49.6 50.3 47.7 44.3 41.7 36 24.6 17.4 15.5 14.9 17.7 24.2 23 21.8 25 27.5 29 30.9 34.4 36.3 37 37.7 38.4 37.3 35 32 30.1 29.6 29.2 29.9 30.6 30.1 29.3 28.5 27 24.5 22 19.6 17.1 15.2 13.6 11.5 8.8 8.7 11.2 15.3 19.3 23.2 25.8 25.5 24.3 24.1 24.2 27.4 24.1 21.9 20.1 19.1 18.7 17.9 16.4 16.5 16.4 15.5 14.5 -0.9
