data/420000-1150000.asc
ncols 200
nrows 200
xllcorner 420000
yllcorner 1150000
cellsize 50
[rows 38 to 75 of 200, columns 0 to 85 of 200]
12.4 -0.7 -0.7 -0.7 -0.7 -0.7 -0.7 -0.7 -0.7 -0.7 -0.7 -0.7 -0.7 -0.7 -0.7 -0.7 -0.7 -0.7 -0.7 -0.7 53 34.9 12.8 21.8 -0.7 -0.7 -0.7 -0.7 -0.7 -0.7 -0.7 -0.7 -0.7 20.6 28.6 41.7 41.4 33.7 29 19.9 5 -0.7 -0.7 -0.7 -0.7 -0.7 -0.7 -0.7 -0.7 -0.7 -0.7 -0.7 -0.7 -0.7 -0.7 -0.7 -0.7 -0.7 -0.7 -0.7 -0.7 -0.7 -0.7 -0.7 -0.7 -0.7 -0.7 -0.7 -0.7 -0.7 -0.7 -0.7 -0.7 -0.7 -0.7 -0.7 -0.7 -0.7 -0.7 -0.7 -0.7 -0.7 -0.7 -0.7 -0.7 -0.7
42 44.3 36.7 -0.7 -0.7 -0.7 -0.7 -0.7 -0.7 -0.7 -0.7 -0.7 -0.7 -0.7 -0.7 -0.7 -0.7 -0.7 40.7 55.7 53.7 49.5 39.3 34.3 26.7 21.8 -0.7 -0.7 -0.7 -0.7 -0.7 -0.7 -0.7 21.8 25.8 34.8 39.6 30.1 29.5 19.9 -0.7 -0.7 -0.7 -0.7 -0.7 -0.7 -0.7 -0.7 -0.7 -0.7 -0.7 -0.7 -0.7 -0.7 -0.7 -0.7 -0.7 -0.7 -0.7 -0.7 -0.7 -0.7 -0.7 -0.7 -0.7 -0.7 -0.7 -0.7 -0.7 -0.7 -0.7 -0.7 -0.7 -0.7 -0.7 -0.7 -0.7 -0.7 -0.7 -0.7 -0.7 -0.7 -0.7 -0.7 -0.7 -0.7
32.8 35 39.9 34.4 -0.7 -0.7 -0.7 -0.7 -0.7 -0.7 -0.7 -0.7 -0.7 -0.7 -0.7 0.7 31.1 53.5 54.9 53 51.5 43.7 33 26.5 20.3 14 4.1 2.1 -0.7 0.7 7.5 15.7 19.8 20.1 18.9 30.6 31.5 30.3 30.9 19.7 11.1 -0.7 -0.7 -0.7 -0.7 1 -0.7 -0.7 -0.7 -0.7 -0.7 -0.7 -0.7 -0.7 -0.7 -0.7 -0.7 -0.7 -0.7 -0.7 -0.7 -0.7 -0.7 -0.7 -0.7 -0.7 -0.7 -0.7 -0.7 -0.7 -0.7 -0.7 -0.7 -0.7 -0.7 -0.7 -0.7 -0.7 -0.7 -0.7 -0.7 -0.7 -0.7 -0.7 -0.7 -0.7
21 23.7 25.8 29.9 30.1 31.3 31.1 7.4 12.9 6.1 -0.7 -0.7 -0.7 -0.7 -0.7 25.2 47.4 54.5 53.9 51 47.8 38.3 31.3 22.6 16.1 10.5 8.9 8.6 14.9 12.9 19.1 21.7 21.4 19.1 19.1 24.1 30 30.9 29.8 28.9 21.4 15 -0.7 -0.7 -0.7 7.4 6.1 -0.7 -0.7 -0.7 -0.7 -0.7 -0.7 -0.7 -0.7 -0.7 -0.7 -0.7 -0.7 -0.7 -0.7 -0.7 -0.7 -0.7 -0.7 -0.7 -0.7 -0.7 -0.7 -0.7 -0.7 -0.7 -0.7 -0.7 -0.7 -0.7 -0.7 -0.7 -0.7 -0.7 -0.7 -0.7 -0.7 -0.7 -0.7 -0.7
12.2 13.8 15.5 18 20.6 25.1 27.2 25.3 22.8 22.6 30.2 31.7 31.5 34 42.7 43.6 47.6 51.2 51.6 48.9 41.8 35.7 29.7 20.8 20 12.7 9 15.4 21 21.3 20.4 21.2 21.3 19.1 19.1 24.2 29.5 30.6 34 36.7 33.1 16.8 8.4 8.4 8.6 10 -0.7 -0.7 -0.7 -0.7 -0.7 -0.7 -0.7 -0.7 -0.7 -0.7 -0.7 -0.7 -0.7 -0.7 -0.7 -0.7 -0.7 -0.7 -0.7 -0.7 -0.7 -0.7 -0.7 -0.7 -0.7 -0.7 -0.7 -0.7 -0.7 -0.7 -0.7 -0.7 -0.7 -0.7 -0.7 -0.7 -0.7 -0.7 -0.7 -0.7
6.9 8.1 9.6 12.2 16.1 19.3 19.8 19.7 21.5 25.6 30.9 33.7 36.7 38 42.1 45.8 49.5 49.6 48.4 42.7 37.1 31.8 26.6 20.5 20.5 17 13.6 20.8 21.7 21.8 20.6 19.1 20.4 19.2 19.1 15.7 26.5 40.3 41 41 40.2 17.7 10.3 9 10.6 7.6 -0.7 -0.7 -0.7 -0.7 -0.7 -0.7 -0.7 -0.7 -0.7 -0.7 -0.7 -0.7 -0.7 -0.7 -0.7 -0.7 -0.7 -0.7 -0.7 -0.7 -0.7 -0.7 -0.7 -0.7 -0.7 -0.7 -0.7 -0.7 -0.7 -0.7 -0.7 -0.7 -0.7 -0.7 -0.7 -0.7 -0.7 -0.7 -0.7 -0.7
5.5 5.1 7.3 10.5 13.4 14.1 15.9 18 20.9 26.8 30.4 32 33.2 37.6 40.5 45.1 48.8 46.2 43 38.1 32.4 27.7 22.8 19.8 20.3 19.2 21.5 23.3 22.8 20.9 19.7 19.1 19.1 19.1 19.1 19.1 20.5 30 34.1 35.6 30.2 17.9 11.2 8.7 10 -0.7 -0.7 5.6 -0.7 -0.7 -0.7 -0.7 -0.7 -0.7 -0.7 -0.7 -0.7 -0.7 -0.7 -0.7 -0.7 -0.7 -0.7 -0.7 -0.7 -0.7 -0.7 -0.7 -0.7 -0.7 -0.7 -0.7 -0.7 -0.7 -0.7 -0.7 -0.7 -0.7 -0.7 -0.7 -0.7 -0.7 -0.7 -0.7 -0.7 -0.7
5.5 5.2 5.3 7.1 8.8 10.6 12 14.2 20.3 21.7 23.6 27.6 30.1 34.9 38.9 41.2 41.1 41.3 35.6 30.6 28.7 23.9 19.5 19.6 19.8 27.4 30.3 28.5 29.2 19.4 19.8 18.8 19.1 20.1 20.3 19.8 20.2 19.3 20.4 19 15.6 9.4 5.6 3.3 -0.7 -0.7 -0.7 -0.7 -0.7 -0.7 -0.7 -0.7 -0.7 -0.7 -0.7 -0.7 -0.7 -0.7 -0.7 -0.7 -0.7 -0.7 -0.7 -0.7 -0.7 -0.7 -0.7 -0.7 -0.7 -0.7 -0.7 -0.7 -0.7 -0.7 -0.7 -0.7 -0.7 -0.7 -0.7 -0.7 -0.7 -0.7 -0.7 -0.7 -0.7 -0.7
5.5 6.3 6.9 7.6 8.2 8.8 8.9 10.1 12.7 15.6 17.1 22.1 27.4 32.5 36.4 37.5 36 35.1 30.5 29 27.2 22.5 20.1 20.8 21.3 32.2 30 29.6 29.2 25.5 20.6 19.3 19.7 26.1 29.7 26.8 29.2 14.5 16.9 15.1 10.6 10 3.2 2.2 -0.7 -0.7 -0.7 -0.7 -0.7 -0.7 -0.7 -0.7 -0.7 -0.7 -0.7 -0.7 -0.7 -0.7 -0.7 -0.7 -0.7 -0.7 -0.7 -0.7 -0.7 -0.7 -0.7 -0.7 -0.7 -0.7 -0.7 -0.7 -0.7 -0.7 -0.7 -0.7 -0.7 -0.7 -0.7 -0.7 -0.7 -0.7 -0.7 -0.7 -0.7 -0.7
6.8 7.5 8.2 8.8 9 9 8.8 8.3 8.2 8.9 13.2 18 26.5 31.3 33.1 34.3 32.7 30.8 28.7 28.9 28.9 22.6 20.8 20.9 26.4 29.7 30.2 27.6 25.6 22.6 19.8 20.1 22.4 28.5 30.6 30.7 25.1 14.5 17.2 16.6 12.7 10.2 5.2 4 2.5 -0.7 -0.7 11.3 -0.7 -0.7 -0.7 -0.7 -0.7 -0.7 -0.7 -0.7 -0.7 -0.7 -0.7 -0.7 -0.7 -0.7 -0.7 -0.7 -0.7 -0.7 -0.7 -0.7 -0.7 -0.7 -0.7 -0.7 -0.7 -0.7 -0.7 -0.7 -0.7 -0.7 -0.7 -0.7 -0.7 -0.7 -0.7 -0.7 -0.7 -0.7
8.5 8.8 9 9 9 9 8.6 8.2 8.3 8.7 11.7 17.9 24.8 29 30.7 31.5 30.9 27.2 24.8 28.3 29.7 24 20.5 23.2 30 30.3 28.8 24.8 22.3 20 19.2 21.2 26.1 29.4 29.3 30.9 23.9 14.5 21 18.4 16.2 13.1 10.4 8 11.7 12.8 11.3 11.4 9 8.2 -0.7 -0.7 -0.7 -0.7 -0.7 -0.7 -0.7 -0.7 -0.7 -0.7 -0.7 -0.7 -0.7 -0.7 -0.7 -0.7 -0.7 -0.7 -0.7 -0.7 -0.7 -0.7 -0.7 -0.7 -0.7 -0.7 -0.7 -0.7 -0.7 -0.7 -0.7 -0.7 -0.7 -0.7 -0.7 -0.7
10.1 10.4 9 9 9 8.9 8.5 8.4 8.6 8.8 12.2 18.8 23.2 25.8 28.3 28.3 25.7 23.3 21.8 21.1 30.2 24.8 19.1 25.4 30.9 30.7 28.1 24.2 20.4 19.9 22.3 25.2 29.2 29.8 37.5 38.7 28.5 17.5 19.1 18.9 17.4 14.8 14 11.7 20 20.2 13.2 10 10.1 12.3 12.1 -0.7 -0.7 -0.7 -0.7 -0.7 -0.7 -0.7 -0.7 -0.7 -0.7 -0.7 -0.7 -0.7 -0.7 -0.7 -0.7 -0.7 -0.7 4.3 21.6 30.5 30 -0.7 -0.7 -0.7 -0.7 -0.7 -0.7 -0.7 -0.7 -0.7 -0.7 -0.7 -0.7 -0.7
11.6 11.6 9 9 9 8.8 8.6 8.6 8.8 9.1 10.8 16.3 20.8 21.1 21.8 21.7 19.1 20 19.5 16.6 20.6 18.3 19.1 24.5 30.4 29.7 27.8 23.6 20.2 20.4 30.5 29.3 30.6 35.4 39.5 39.4 33 24.4 19.8 19.1 19.5 19.9 19.5 21.4 31.9 23.9 16.5 8.9 -0.7 -0.7 -0.7 -0.7 -0.7 -0.7 -0.7 -0.7 -0.7 -0.7 -0.7 -0.7 -0.7 -0.7 -0.7 -0.7 -0.7 -0.7 -0.7 -0.7 -0.7 28.1 30 26.5 29.3 30.5 -0.7 -0.7 -0.7 -0.7 -0.7 -0.7 -0.7 -0.7 -0.7 -0.7 -0.7 -0.7
13.4 13.5 9.4 9 9 8.8 8.8 8.8 9.3 12.4 13.3 11 19.3 18.7 19 18.4 19.1 19.1 19.1 19.1 19.1 19.1 19.1 20.4 28.9 28.1 29.8 26.5 22.6 25.3 34.4 32.9 35.6 39.7 39.1 41 32.2 25.9 22.4 20.9 23.9 23.7 29 30.3 30.8 40.7 27.7 20.5 -0.7 -0.7 -0.7 2.3 -0.7 -0.7 -0.7 -0.7 -0.7 -0.7 -0.7 -0.7 -0.7 -0.7 -0.7 -0.7 -0.7 -0.7 -0.7 4.9 17.7 30.7 30.5 29.5 30 30.2 29.6 -0.7 -0.7 -0.7 -0.7 -0.7 -0.7 -0.7 -0.7 -0.7 -0.7 -0.7
14 14.6 11 10.5 9.5 9 9 9.6 12.7 14.3 17.2 16.9 14.6 15.8 17.7 18.6 16.9 19.1 19.1 19.1 19.1 19.1 19.1 19.1 19.1 20.5 21.5 26.3 27.4 29.1 39.8 39.9 32 37.4 39 39.4 33.8 28.8 25.6 24.2 27.6 30.4 34.3 45.5 40.9 40.4 39.9 31.4 -0.7 -0.7 -0.7 -0.7 -0.7 -0.7 -0.7 -0.7 -0.7 -0.7 -0.7 -0.7 -0.7 -0.7 -0.7 -0.7 -0.7 6.4 1.1 12.4 22.1 36.1 49.6 33 36.6 31.1 28.7 18.9 -0.7 -0.7 -0.7 -0.7 -0.7 -0.7 -0.7 -0.7 -0.7 -0.7
14.7 16.9 15 13.3 12 11.3 11 9.6 15.4 14.8 17.5 19.1 15.5 14.9 15.2 16.7 15.4 19.1 19.1 19.1 19.1 19.1 19.1 19.1 19.1 21.5 24.6 27.1 29.3 30 43.3 50.9 34.1 31.9 37.6 39.6 34.2 29 29.1 27.9 29.5 31.5 35.8 50.4 61.1 44.3 44.5 41 33.4 -0.7 -0.7 -0.7 -0.7 -0.7 -0.7 -0.7 -0.7 -0.7 -0.7 -0.7 -0.7 -0.7 -0.7 -0.7 -0.7 -0.7 -0.7 -0.7 13.9 25.2 35.4 40.8 40.3 38 24.6 17.5 -0.7 -0.7 -0.7 -0.7 -0.7 -0.7 -0.7 -0.7 -0.7 -0.7
15.7 18.4 19 17.1 15.8 15.5 14.8 13.7 14.2 16.6 17.8 16 15 15.6 17.9 19.1 19.1 19.1 19.1 19.1 19.4 20.8 19.1 19.5 21 20.7 29.5 29.2 29 32.5 39.9 39.4 38 37.7 40.3 41.5 38.6 35.5 33.2 30.1 29.3 32.3 39.9 52.5 61 57.4 51.7 39.2 22.3 -0.7 -0.7 -0.7 -0.7 -0.7 -0.7 -0.7 -0.7 -0.7 -0.7 -0.7 -0.7 -0.7 -0.7 -0.7 -0.7 -0.7 -0.7 -0.7 8.3 22.5 30.4 32.1 40 40.5 27.7 17.2 -0.7 -0.7 -0.7 -0.7 -0.7 -0.7 -0.7 -0.7 -0.7 -0.7
16.9 19.1 19.2 19.5 19.2 18.7 18.6 18.1 15.5 15.9 15.9 15.9 15.9 16.7 17.3 18.9 19.1 19.1 19.1 19.4 21.3 23.9 20.5 20.7 19.8 20.4 26.5 29 31.3 36.3 40 40.2 39.6 43 42.2 43.4 42 40 40.5 38.5 38.2 38 47.4 54.7 63.4 62.3 60.1 53.7 9.8 -0.7 -0.7 -0.7 -0.7 -0.7 -0.7 -0.7 -0.7 -0.7 -0.7 -0.7 -0.7 -0.7 -0.7 -0.7 -0.7 -0.7 -0.7 -0.7 -0.7 -0.7 23.5 23.9 31.7 31.7 22.5 17.3 10.5 -0.7 -0.7 -0.7 -0.7 -0.7 -0.7 -0.7 -0.7 -0.7
18.1 19.2 19.1 19.2 19.1 19.3 20.1 19.4 16.8 16.8 16.8 16.8 16.8 17.9 18.5 19.1 19.1 19.1 19.1 21.3 28.1 30.6 26.1 21.9 21.4 23.3 27.5 30.6 34.8 41.1 40.5 42 47.5 51.1 47.2 44.6 43.5 42.3 41.5 39.4 40.1 42.3 52.3 58 68 68.9 62.1 52.2 21.9 -0.7 -0.7 -0.7 -0.7 -0.7 -0.7 -0.7 -0.7 -0.7 -0.7 -0.7 -0.7 -0.7 -0.7 -0.7 -0.7 -0.7 -0.7 -0.7 -0.7 -0.7 9.1 6.1 20.2 19.6 18.1 14.4 9 -0.7 -0.7 -0.7 -0.7 -0.7 -0.7 -0.7 -0.7 -0.7
20.4 20.5 19.9 20.7 21.3 20.5 19.2 18.3 17.8 17.6 17.7 17.7 17.7 19.1 19.7 19.1 19.6 16.6 19.1 22.7 29.3 29.1 29.5 25.2 26.4 28.7 28.9 33.5 42 49.9 52.5 51.6 54.2 59.5 54.1 48.7 46.8 46.3 46.3 43.3 40.3 48.8 60.2 65.3 69 69 62.6 45.8 -0.7 -0.7 -0.7 -0.7 -0.7 -0.7 -0.7 -0.7 -0.7 -0.7 -0.7 -0.7 -0.7 -0.7 -0.7 -0.7 -0.7 -0.7 -0.7 -0.7 -0.7 -0.7 -0.7 10.5 20.2 20.1 19.8 16.6 9.7 -0.7 -0.7 -0.7 -0.7 -0.7 -0.7 -0.7 -0.7 -0.7
20.3 22 23.4 23.2 22.8 21.7 20.3 19.3 18.7 18.4 18.5 18.6 18.6 20.3 19.8 20.6 23.4 21.5 21.8 25.4 29.6 29.1 30 28.6 29.3 28.7 30.8 37.8 53.2 59.9 67.1 62.3 61.7 62.5 62.3 57.3 52.9 49.7 50.7 49.2 40.6 53 68.1 70.7 70.9 67.1 57.3 36.4 21.9 -0.7 -0.7 -0.7 -0.7 -0.7 -0.7 -0.7 -0.7 -0.7 -0.7 -0.7 -0.7 -0.7 -0.7 -0.7 -0.7 -0.7 -0.7 -0.7 -0.7 -0.7 -0.7 17.4 21.1 23.8 27 23.5 16.1 -0.7 -0.7 -0.7 -0.7 -0.7 -0.7 -0.7 -0.7 -0.7
22 26 28.3 25.8 24.3 22.8 21.8 20.2 19.6 19.3 19.1 19.1 19.3 20.9 20.7 25.3 27 26.3 27.7 28.4 30.6 29.6 29.6 29.5 29.3 29.9 31.9 42.5 61.1 71.1 74.5 75.3 72 73.9 71.8 65.3 59.1 55.2 50 44.1 42.4 53.6 66.5 71.5 71.1 64.8 51 35.4 25.8 -0.7 -0.7 -0.7 -0.7 -0.7 -0.7 -0.7 -0.7 -0.7 -0.7 -0.7 -0.7 -0.7 -0.7 -0.7 -0.7 -0.7 -0.7 -0.7 -0.7 -0.7 16.8 25.6 29.7 32.8 35.2 33 26.1 -0.7 -0.7 -0.7 -0.7 -0.7 -0.7 -0.7 -0.7 -0.7
25.4 29.3 29.5 28.7 26.4 25.3 24.3 22.3 20.6 19.8 20.2 20.7 20.2 20.1 26.9 30.7 29.1 28.9 30.5 30.9 30.9 30.3 29 29 29 29 30.9 45 62.2 80.2 80.8 82.3 81.4 81.4 80 75.5 69.5 61.5 51.9 42.4 46.3 50.1 58.4 64 64.5 52.5 38.3 29.6 16.6 -0.7 -0.7 -0.7 -0.7 -0.7 -0.7 -0.7 -0.7 -0.7 2.6 3.4 -0.7 -0.7 -0.7 -0.7 -0.7 -0.7 -0.7 -0.7 -0.7 6.4 17 26.4 33.8 40 39.2 37.2 30.6 -0.7 -0.7 -0.7 -0.7 -0.7 -0.7 -0.7 -0.7 -0.7
29.3 29.2 29.4 30.4 28.2 28 26.8 24.6 22.2 20.5 20.7 20.4 20.5 21.4 27.3 30.6 29 30.8 30.9 30.9 29.2 30.1 30.3 29 29 29 33.1 46.9 59.9 78 81.6 85.9 80.6 79.6 79.6 78.6 75.9 63.4 52.1 47.9 50.7 50.9 51 52.8 50 37.5 28.9 23.2 10.8 15.2 13.1 -0.7 -0.7 -0.7 -0.7 -0.7 -0.7 21.1 21.3 13.4 -0.7 -0.7 -0.7 -0.7 -0.7 -0.7 -0.7 -0.7 -0.7 3.4 15.1 23.5 30.2 33.6 34.3 33.1 26.9 -0.7 -0.7 -0.7 -0.7 -0.7 -0.7 0.3 8 -0.7
30.3 29.7 29.5 30.3 30.1 30.7 30.3 26.6 23.1 21.6 22.4 25.1 25.7 29 30.1 29.2 30 30.8 29 30.8 29 29 29.8 29.5 29.2 30.3 41 49.2 61.5 73.1 82.7 89.4 82.9 80.1 80.3 75.5 70.2 57.4 50.3 48.7 49 50.7 50.9 41.8 37.5 31.6 22.8 17.1 16.3 21.3 19.7 14.3 -0.7 -0.7 -0.7 -0.7 -0.7 29.2 33.2 29.5 -0.7 -0.7 -0.7 -0.7 -0.7 -0.7 -0.7 -0.7 -0.7 0.6 14 19.5 23.5 27.1 23.2 21.3 9.1 -0.7 -0.7 -0.7 -0.7 -0.7 -0.7 8.2 8.4 11.3
31.1 30.6 30.5 31.6 32.9 31.4 30.8 27 25 24.7 26.3 29.3 29.9 30.9 30.9 29.5 29 30 30.2 29 29 29 29 29.1 30.5 36.4 45.8 52.7 59.8 67.2 79.3 90.9 89.6 84.4 79.4 75 69.3 59.3 53.3 50.1 48.8 50 50.2 43.1 32.2 30.3 20.8 15.2 20.7 29.3 21.9 19.6 17.8 -0.7 -0.7 -0.7 12.7 31.1 40.5 41.7 35.2 -0.7 -0.7 -0.7 -0.7 -0.7 -0.7 -0.7 -0.7 -0.7 8.2 13.3 16.4 22 19.1 9.5 0.7 -0.7 -0.7 -0.7 -0.7 -0.7 8 10.8 9.6 9.8
31.7 31.5 32.6 34.7 35.9 33.9 31.8 28.8 27.9 29 29.5 30.2 31.5 31.4 30 29 29 30.5 32.2 34 32 32.3 32.3 35.1 36.7 40.4 49.1 53.8 58.6 64.4 75.3 85.2 90.7 89.1 83.9 75.2 67.2 60.3 54.1 49.6 49.2 49.8 50.9 42.4 31.7 28.8 20.1 18.2 20.5 27.3 20.9 19.1 22.5 23.9 14.5 8.4 15.9 34.8 47.4 48.7 44.1 33.1 -0.7 -0.7 -0.7 -0.7 -0.7 -0.7 -0.7 -0.7 -0.7 -0.7 10.6 21.1 16.3 -0.7 -0.7 -0.7 22.2 22.1 21.7 18.3 6.6 10.9 10.7 14
33.1 33.2 36.2 38.4 39.2 36 32.8 30.6 28.7 30 30.2 31.6 32.9 30.7 29.8 29.6 30.3 33.4 37.7 39 37.6 35.1 37.3 41.5 42.6 43.3 50.1 55.9 60.9 66.5 74.1 81.3 87.1 89.3 87.6 76.9 66.9 60.2 54.5 50.7 52.1 54.7 52.6 45 38.3 34.5 26.6 21.7 19.6 20.7 19.5 19.9 26.7 38 35.3 23.1 18.7 29.2 41.6 43.3 44.6 37.6 -0.7 -0.7 -0.7 -0.7 -0.7 -0.7 -0.7 -0.7 -0.7 -0.7 0.8 10.5 11 -0.7 -0.7 -0.7 22.3 23.5 28.9 21.4 9.9 8.2 11 17.3
36.5 36.9 39.3 39.5 40.2 37 33 29.3 30.2 30 31.6 33.6 33.8 32.1 29.1 31 32.4 34.7 40.2 40.8 39.6 38.7 42.7 48.9 51.1 49.8 52.9 58.4 66 71.6 75.7 79.1 83.8 86.8 85.2 76.9 61 57.9 57.6 54.3 56.7 59.4 56.4 50.4 41 39.3 29.8 26.9 26.6 19.7 21 28.8 34.9 46.7 48.8 41.1 27.7 33.1 39.1 45.9 42.8 -0.7 -0.7 -0.7 -0.7 -0.7 -0.7 -0.7 -0.7 -0.7 -0.7 -0.7 -0.7 -0.7 -0.7 -0.7 -0.7 -0.7 -0.7 22.9 33.2 34.2 22 14.5 15.5 21.5
43.7 45.6 48 46.4 42.5 38.9 36.7 34 33.9 33.5 31.3 32.6 34.5 34.1 32.4 32.4 34.1 36.3 39.4 40.2 40.4 43.2 48.2 53.4 56.7 55.9 56.4 59.8 70.8 76.8 79.6 79.4 80.2 81.7 78.5 62.7 58.1 58.4 57.9 58.6 59.7 64.9 61.3 56.9 46.5 39.9 37.6 37.1 30.6 23.7 29.9 39.8 44.5 49 51.7 46.9 38.4 45.5 48.6 50.3 54.3 -0.7 -0.7 -0.7 -0.7 -0.7 -0.7 -0.7 -0.7 -0.7 -0.7 -0.7 -0.7 -0.7 -0.7 -0.7 -0.7 -0.7 -0.7 18.6 30.3 39.3 27 22.9 19.3 26.5
55 55.9 55.6 53.2 47.2 42.1 39.4 39.5 38.8 37.9 34.3 32.2 34.9 37.6 36.8 35.5 36.7 38.9 40.6 49.4 50.2 50.1 52.7 56.7 60.3 60.8 59.9 65.2 75 80.4 80.3 79.1 78.8 78.7 70.5 64.8 61.8 60.4 61.7 62.9 64.1 74.5 73.9 65.5 59.3 47.6 45 44 39.3 28.7 34.2 46.2 51.6 55.1 59.1 55.3 47.3 56.3 60.7 58 60.3 44.4 15.8 -0.7 -0.7 -0.7 -0.7 -0.7 -0.7 -0.7 -0.7 -0.7 -0.7 -0.7 -0.7 -0.7 -0.7 -0.7 -0.7 20.2 27.6 30 35.1 29.6 26.2 32.6
64.9 66.1 63.9 60.4 52.2 48.9 46.7 45.7 43.9 42.7 38.2 37.3 38.8 40.6 41.4 39.8 39.7 39.9 44.9 50.7 52.7 52.8 55 58.2 62.3 68.2 68 70.5 75.4 80 79.5 79.1 78.2 78.8 78 73.4 71.9 71.1 68.8 70.4 68.7 78.4 80.9 68.3 61.4 52.4 50.3 46.2 41.3 34.6 35.9 50.2 54.8 59.2 62.6 59.4 55.9 67.8 71.2 66.7 65.6 46 23 19.1 11.8 -0.7 -0.7 -0.7 -0.7 -0.7 -0.7 -0.7 -0.7 -0.7 -0.7 -0.7 -0.7 -0.7 21.5 31.5 35.6 39.6 40.5 36.1 29.4 34.1
72.5 74.5 71.9 67.4 61 57.5 55.9 53.6 51.2 51.4 46.5 44.7 45.3 45.9 47.7 44.2 39.5 40.5 47.6 53.1 59.2 59 58.8 60 70.2 70.6 72 75.3 79.7 78.5 78.7 80.1 81.5 79.1 80.4 79 81.4 80 75.4 78.8 76.9 78.7 78.4 67.4 61.2 59.8 56.9 49.7 44.9 39.8 38.5 44.6 52.2 59.5 66.3 65.7 59.4 78.1 79.4 77.6 71.6 54.6 29.5 26.3 19.4 -0.7 -0.7 -0.7 -0.7 -0.7 -0.7 -0.7 -0.7 -0.7 -0.7 -0.7 -0.7 -0.7 28.7 40.7 47.8 50.4 48.4 43.2 36.7 35.3
79.1 81.3 80.5 76.8 70.7 66.7 62 59 58.3 57.9 54.6 52.7 52.1 51.7 50.5 50.9 44.4 41.6 48.8 52.5 55.3 56.2 59.9 69.6 69.5 70.5 75.3 80.2 78.8 78.8 84.3 90.9 88.9 87.8 84.6 80.3 86.9 92.4 86.7 84.8 86.5 81.7 72.5 69.2 65.1 61.2 58.2 50 46.7 40.8 38.7 38.7 43.4 57 71.3 69 68.4 81.5 88.5 90.5 84.9 73.2 44.3 32 30.1 19.7 -0.7 -0.7 -0.7 -0.7 -0.7 -0.7 -0.7 -0.7 -0.7 -0.7 -0.7 -0.7 36.8 48.2 56.5 58.9 53 50.2 39.1 41
82.7 88 88.9 86 79.7 72.9 67.7 64.5 65 66.4 65.4 62 57.7 55.8 53.7 51.9 50.1 48.8 49.4 50 49.7 49 61.3 70.2 69 71.2 76.5 79.6 83.3 87.2 94.2 101.3 98.8 93.5 89.8 87.5 94.8 103.6 103.1 91.9 94.8 90.6 79.3 69.2 70.1 65.1 59.6 48.8 44 40.2 38.7 38.7 38.7 46.9 65.2 71 74.2 83.4 90.9 95.2 92.5 77.2 53.3 42.2 32.9 23 10.1 -0.7 -0.7 -0.7 -0.7 -0.7 -0.7 -0.7 -0.7 -0.7 -0.7 21.3 37.5 49.7 57.6 59.3 53.2 45.4 38.5 39.9
86 93.3 96.4 94.3 86.2 77.6 72.4 71.3 69.8 70.9 70.8 67.1 62.4 59.4 57.2 52.5 49.4 47.5 48.2 48.9 48.7 50.3 60.7 69.6 71.1 74.8 83.2 90.3 95.7 99 102.3 103.6 101.3 96.5 90.5 89.2 101.7 109.3 109.7 104.8 100.3 95.1 86.6 73.9 70.7 65 58.3 50.7 47.6 38.9 38.7 38.7 38.7 42.6 58 70.2 76.1 80.5 79 82.5 86.7 73.4 64.7 54.5 47.4 31.3 19 16.7 -0.7 -0.7 -0.7 -0.7 -0.7 -0.7 -0.7 -0.7 -0.7 23.3 35 45.4 50.3 49.4 43.9 37.2 35.9 38.3
88.7 95.2 100 100.9 90.4 82.3 77.3 73.8 70.8 70 69.9 70.9 64.4 61 57.4 52.3 48.8 46 47.1 48.6 50.8 56.3 65.6 74.5 80.3 84.6 96.2 103.4 105.2 108.6 111.5 107.3 100.4 94.4 93.4 96.3 103.6 109.6 110.9 106.7 102.2 96.3 88.4 77.8 74.9 68.1 57.4 51.3 50.9 40.4 38.7 38.7 38.7 38.7 51.6 64.6 73.7 79.4 79 84.8 95.9 84.2 77.1 69.8 62.6 48.6 33.6 26.6 -0.7 -0.7 -0.7 -0.7 -0.7 -0.7 -0.7 -0.7 -0.7 22.8 37.2 41.9 42.8 37.7 32 30.2 30.8 34.3
89.6 95.4 100.6 99 91.3 89 81 75.1 70.1 69.5 69.2 64.1 60.9 59.9 55.7 51.5 49.6 49.2 49.4 53.4 57.7 62.9 73.2 81.3 89.8 98.1 105.4 111.3 114.1 118.5 121.1 112.9 101.4 96.9 97.3 98.4 100.5 103.1 102.1 101.4 99.8 93.7 89.4 81.4 80.9 73 59.2 53 47.4 38.7 38.7 38.7 38.7 39.9 49.1 54.8 68.8 81 86.7 100.8 102.7 101.9 87.6 84.2 71.8 65.9 49.5 32.2 -0.7 -0.7 -0.7 -0.7 -0.7 -0.7 -0.7 -0.7 -0.7 18.9 32.5 32.2 31.6 28.9 20 20.6 29.3 30.5
