data/420000-1170000.asc
ncols 200
nrows 200
xllcorner 420000
yllcorner 1170000
cellsize 50
[rows 0 to 36 of 200, columns 85 to 169 of 200]
23.5 12.1 8.4 8.6 9.5 10 10.9 12 12.8 13.3 18.5 21.8 24.8 28.2 31.2 33.8 36.4 39.1 41.7 45.6 49.6 53.8 58.6 63.6 67.2 69.5 69.8 69.6 69.1 69.5 70.2 72.8 75 76.3 77.6 79 80.2 81.4 83.1 85.1 87 88.8 90 91.4 92 92.9 94.1 97.2 102.8 108.4 114 119.1 122.1 124.1 123.1 121.7 119 115.9 109.3 103.6 101.3 101.3 103.9 110.5 117.1 126.6 130.2 132.2 132.8 133.4 130.4 127 123.4 119.8 116.7 113.7 110.5 107.3 103.9 100.6 97 93.8 91 87.9 87.2
28.1 19.3 11.7 10.1 10 9.3 10.1 11 11.9 12.9 17.1 20.3 22.6 25.5 28.7 32 34.5 37 39.5 42.7 46.7 50.7 55.7 60.3 64.7 68.3 70.6 73.2 71.5 70.9 71.6 71.7 73.9 75.3 76.3 77.4 78.5 79.2 80.2 81.7 83.2 84.7 86.1 87.5 88.9 90.3 92.2 94.9 102.4 108.9 115.5 121.9 124.2 126.6 124.7 122.2 119.8 116.1 110.9 105.5 101.2 101.3 105.5 113.6 120.8 127.6 133.8 135.7 136.2 135.3 132.2 128.2 124.2 119.4 114.8 111 108.2 105.4 102.7 99.7 95.8 92.2 88.9 85.7 85
28.8 23.1 15.9 11.5 10.6 10.1 11.3 12.2 13.2 13.8 18.2 19.9 21.3 23.3 25.6 28.3 30.9 33.4 36.1 38.4 42.2 46.4 50.9 54.2 58.7 62.7 63.7 67.8 67 65.9 67.7 67.2 65.9 66.9 74.6 76.8 77.3 77.9 79 80.2 83.5 85.2 87 89 91 93 94.4 96 101.7 109.3 116.6 120.2 123.7 124 123.4 122.3 118.2 114 110.6 105.8 101.2 102.6 107.9 116.2 124.6 132.3 135 136.2 136.1 133.6 130.1 127.4 124.2 119.3 113.7 109.7 107.2 104.7 101.2 98 94.2 90.3 87 83.8 83.2
28.3 23.5 17.6 13.5 10.9 11.4 13.3 13.4 14.4 15.5 18.4 19.5 20.5 21.9 23.6 24.7 27.3 29.9 32.4 34.7 37.6 42 45.2 48.4 52.7 56.9 59.1 61.9 61.3 61.3 62.1 66.3 67.1 68.4 74.6 75.9 76.5 77.3 78.7 81.2 84.8 88.8 90.1 92.1 94.1 96.1 97.6 99.2 100.9 108.3 114.8 118.3 120.5 123.2 123.5 121.4 116.3 110.9 107.5 103.7 101.4 103.5 108.5 117 125 131.4 133.1 134.3 133.1 129.9 127.2 125 122.7 118.4 112.8 109.3 106.8 103.5 99.6 95.8 92.5 88.6 85.1 82.1 81.5
26.3 23 19.2 15.7 12.5 13.1 14.6 14.8 14.9 16.1 18 19.1 20.1 21.2 22.1 22.9 23.8 26.4 28.8 31 33.4 36.3 39.5 42.7 46.7 50.9 52.1 55.9 55.7 60.8 62.9 66.1 68.3 69.9 73.5 75 75.6 77.1 79.7 82.2 86.1 90.1 93.7 95.2 97.2 99.2 100.7 102.4 104.1 107.3 113 115.4 117.6 119.8 120.6 117.1 113.6 109 104 100.7 100.1 102.9 106 113 121.6 128.7 131.2 132.2 129.6 127 124.7 122.5 120.2 117.3 111.9 108.9 105.8 101.9 98.1 94.3 90.4 86.9 83.2 80.3 79.9
27 23.8 19.7 16.9 15.2 16.3 17.2 16.9 15.4 16.5 17.6 18.7 19.7 20.8 21.6 22.7 23 24.6 28.6 32.3 34.8 35 35.1 37 40.7 45 46.2 49.6 57 59.4 62.5 66 69.5 71.4 72.9 74.2 75.5 78.1 80.7 83.5 87.4 91.4 95.3 98.5 100.3 102.3 103.9 105.6 107.3 109.1 110.5 112.9 115.3 117.7 120.1 114.6 109.5 105.8 101.6 98.4 99.3 102.4 105.5 109 116.5 123.7 126.5 127.2 125.3 124.2 122.3 120 117.7 115.4 111 108.1 104.3 100.4 96.6 92.7 88.9 85 81.4 78.5 78.6
29.5 24.5 21.4 19.1 18.3 19.6 20.4 17.8 17.6 17.2 16.9 17.9 19 19.9 20.4 21.5 24.2 27.1 30.1 35.2 38.2 38.1 37.9 39.6 42 44.1 46.3 49 54.4 59.2 62.6 67.3 69.3 72.3 72.2 73.9 76.5 79.1 81.7 84.8 88.7 92.7 96.6 100.6 103.4 105.5 107.1 108.8 110 110.3 110 111 113.4 115.8 118.3 115.5 109.8 104.4 99.4 98.4 98.4 101.4 104.4 107.2 111 118.7 119.6 119.1 117.8 116.7 115.6 114.5 113.4 112.3 110.4 106.6 102.7 98.9 95 91.2 87.3 83.5 79.6 76.8 76.4
29.7 27.2 22.8 21.5 21.5 22.7 22.1 18.9 19.2 18.4 17.8 17.3 18.2 18.9 19.6 21.6 25.6 29.6 34.4 38.6 42.2 42.8 43.5 44.1 44.7 45.3 48.1 50.6 55.9 59.8 63.1 66.4 69.1 70.7 72.7 74.9 77.5 80.1 82.7 86.1 90 94 97.9 101.9 105.8 108.6 110.3 110.7 111 111.2 110.9 110.4 111.6 114 116.4 116.6 110.8 105.1 99.8 98.4 98.4 99.3 101.9 104.7 107.4 110.5 111.6 111 110.3 109.2 108 106.9 107 107.7 108.2 104.3 100.5 96.7 92.9 89.1 85.3 81.5 77.7 75.4 74
29.2 29.1 22.5 22.5 23.4 24.6 25.6 22.7 20.2 19.6 19 17.8 17.2 17.7 18.4 19 25.7 32.6 39.5 43.5 46.6 46.6 46.7 46.8 47.5 48.1 49.3 52.8 56.7 60 63.4 67.1 70.1 72 74 76.1 78.5 81.1 83.7 87.4 91.3 95.3 99.2 103.2 107.1 111.2 111.5 111.7 111.9 112.1 111.8 111.3 110.8 112.1 114.5 116.9 111.9 106.1 100.3 98.4 98.4 98.4 99.5 102.3 105.2 106.1 104.2 102.7 102.5 102 102.8 103.5 104.3 105.1 105.8 101.8 98 94.2 90.4 86.6 82.8 79.7 77.6 75.5 73.4
30.3 26.1 22.5 22.5 23.1 24.1 24.6 25.4 22.6 20.5 19 16.8 16.1 16.1 18.8 22.3 27.9 35.2 43.2 47.8 51 51.1 51.2 51.3 51.3 51.4 51.5 53.7 57.4 61.1 64.8 68.5 71.3 73.6 75.3 77.4 79.5 82.1 84.7 88.7 92.6 96.6 100.5 104.6 108.8 111.9 112.4 112.6 112.9 113.1 112.7 112.2 111.8 111.3 112.7 115.1 113 107.2 101.4 98.9 98.4 98.4 98.4 100.1 100.5 100.9 99.6 97.5 97.1 100.7 100.3 100.9 101.6 102.4 103.1 99.4 95.6 91.8 88 84.2 81.9 79.8 77.7 75.6 73.5
29.7 26.6 22.5 22.5 22.8 23.6 24.5 25.7 25.4 22.2 18.9 16 15.3 14.1 20.5 25.5 32.1 39.5 46.9 52.1 55.5 55.6 55.7 55.7 55.8 55.9 54.7 55 58.8 62.5 66.2 70 72.6 75.2 77.2 78.8 80.7 83.1 86 90 93.9 98 102.2 106.4 110.6 112.6 113.3 113.6 113.8 114 113.7 113.2 112.7 112.2 111.7 113.2 114.1 108.3 103.4 101 99.4 98.4 98.6 96.7 95.3 95.7 95 93.4 93.1 96.4 100 100.5 99.9 99.7 100.5 97.1 93.2 89.4 85.6 84.1 82 79.9 77.8 75.7 73.6
29.8 26.7 23.8 22.5 22.6 24 25.3 26.5 26.2 23.8 19 15.1 14.5 17 23 29.1 35.6 43.3 51.2 56.4 60 60.1 60.2 60.2 60.3 58.4 56.2 54.5 60.2 63.9 67.6 71.2 73.8 76.4 79.1 80.8 82.3 84.1 87.3 91.4 95.6 99.8 103.9 108.1 112.3 113.4 114.1 114.5 114.7 115 114.6 114.1 113.6 113.1 112.6 112.1 113.7 109.4 105.8 103.4 101.2 99.4 98.7 96.5 94.3 91.9 90.4 89 89.4 92.7 96 99.3 100.8 100.2 99.3 95 90.8 88 86.2 84.1 82.1 80 77.9 75.8 73.7
29.1 25.8 24.2 23.1 22.6 23.8 25.3 26.8 26.2 24.9 14.1 12.6 12.2 19.4 25.8 32.1 38.9 46.9 54.8 60.2 64.5 64.6 64.7 64.1 62 59.7 57.7 55.7 61.4 65.3 69 72.4 75 77.6 80.3 82.7 84.3 85.9 89 93.2 97.3 101.5 105.7 109.9 113.5 114.1 114.8 115.5 115.7 115.9 115.5 115 114.5 114 113.5 113 112.5 110.7 108.2 105.8 103.7 100.2 98.7 96.5 94.3 92.2 90.2 84.8 85.5 89.7 92.8 95.8 98.9 100.3 97.1 93.8 90.5 88.4 86.3 84.2 82.1 79.8 77.4 75 72.6
26.8 26.3 26.2 25 23.3 23.8 25.2 26.6 25.3 23.1 11.2 11.7 13.5 18.6 26.2 33.8 41.9 50.2 58.4 65.4 69 69.1 67.7 65.6 63.2 61.2 59.2 57.2 60.9 66.7 70.5 73.6 76.2 78.8 81.5 84.1 86.3 89.9 90.4 94.9 99.1 103.3 107.5 111.7 114.2 114.9 115.6 116.2 116.6 116.9 116.4 115.9 115.4 114.9 114.4 113.9 113.8 111.9 110.1 108.7 106.3 101 98.5 96.5 94.4 92.3 90.5 86.2 80.4 84.8 89.5 94.3 99.6 99.5 97 93.9 87.3 84.7 82.3 79.9 77.5 75.2 72.8 70.4 68
28.4 28.3 28.2 26.6 26.1 24.4 25.1 26.2 23.2 18.2 12.3 11 14 16.9 23.7 32.4 41.8 51.2 60.7 69.9 73.4 71.3 69.2 66.9 64.7 62.7 60.7 58.6 60.4 67.7 71.9 74.8 77.4 80 82.7 85.3 87.1 89.5 91.4 96.7 100.9 105.1 109.2 113.4 115 115.6 116.3 117 117.6 117.8 117.3 116.8 116.3 115.8 115.5 117.9 118.1 113.1 109.4 106.9 103.5 100.3 97.6 95.1 92.8 90.5 89.9 85.5 80.4 82.7 88.3 93.4 98.1 100 96.3 89.6 86.4 80.1 77.7 75.3 72.9 70.5 68.1 65.8 63.4
29.6 29.6 29.5 27.9 27.9 25.8 23.6 25.3 19.7 13.5 10.3 11.1 14.1 17.2 22.6 31.9 41.3 50.7 61.5 70.1 73.5 73.5 70.5 68.2 66.2 64.2 62.1 60.1 59.9 67.2 73.3 76 78.6 81.3 82.7 84.4 86.4 89 92.3 97.7 102.6 106.8 111 115 115.7 116.4 117.1 117.7 118.4 118.7 118.2 117.7 117.2 119.6 122 124.3 119.3 113.7 108.6 105.3 101.8 98.3 96.2 93.2 90.8 88.3 86.1 81.3 77 77.7 81.4 85.1 89.7 92.7 88.3 84.5 82 78.4 73.1 70.7 68.3 65.9 63.5 61.1 58.7
30.7 30.7 30 28.6 26.7 24.8 21.1 17.7 15.5 9.1 9.2 11.2 15 18.8 27 33.1 40.8 53.5 64.8 69.6 73.1 72.9 68.7 66.2 66 65.6 63.6 61.6 59.6 66.7 73.7 77.4 80 82.6 83.7 84.5 86.1 89 93.6 98.7 104.1 108.6 112.8 115.8 116.5 117.1 117.8 118.5 119.2 119.6 119.1 121.3 123.6 126 128.4 124.7 117.9 111.1 106.4 103.3 99.7 96.2 95 91.9 88.9 86.5 84 80.1 75.8 74.6 76.2 79.8 82 82 81.4 79.5 77 74.5 70.1 66 63.7 61.3 58.9 56.5 54.1
31.9 31.8 30.5 29.2 26.3 22.3 19.5 16.1 9.1 7.6 10.5 13.4 16.6 21.3 30.5 37.5 42.7 52.5 63.2 69 69.8 69.5 64.7 62.1 61.9 61.8 61.6 61.4 61.1 65.3 71.2 77 81.4 83.4 85.2 86.5 88.3 90.1 95.4 101 105.1 110.3 114.5 116.5 117.2 117.9 118.6 119.2 120 119.3 120 121.4 122.7 124.1 125.5 120.4 113.6 108.7 104.2 99.7 97.7 94.2 93.7 91.2 89 85.4 81.7 78.1 74 70.9 72.5 73.8 74.3 75.8 75.4 73.7 72 69.5 67 61.4 59 56.6 54.2 51.9 49.5
33.1 32.4 31.1 27.8 25.3 20.3 16.6 10.9 5.5 8.5 11.4 14.5 18.2 24.7 34 41.9 46.3 52 58.5 64.5 66.2 65.6 60.7 58.1 57.9 57.7 57.5 57.5 58.8 63.2 69 74.8 80.6 85.3 87.1 88.9 90.8 93 99.3 103.2 108.2 111.8 116.3 117.3 118 118.9 119.8 120.1 118.2 116.9 116.8 116.7 118 119.4 120.8 116.1 111.1 106.5 102 97.5 93 92.1 92.6 93.3 90.2 86 81.5 76.1 71.9 68.9 66.4 67 68.4 69.9 70.5 67.7 66 64.3 62 59.4 54.4 52 49.6 47.2 44.8
32.8 31.3 30 28.4 23.5 17.6 12.1 8.1 7.2 9.4 12.5 15.7 19.4 23.8 33.3 44.6 47.5 52 55.9 60.1 60.4 59.7 56.7 54 53.8 53.7 54.4 55.6 57.7 61.9 67 72.8 78.6 84.2 89.5 91.5 93.4 96.4 102.7 109 112.9 116.6 118 118.7 119.6 120.5 119.3 117.4 115.5 114.4 114.4 114.3 114.1 114.7 115.9 112.4 109.4 105.1 100.5 95.8 91.2 87.9 87.8 89.4 90.1 84.5 82 76.9 71.3 67.8 64.6 63.9 62.8 64 65.2 63.5 60.7 58.3 56.6 54.4 51.9 47.4 45 42.6 40.2
31.5 28.7 28.4 27 23.1 15 10 5.3 7.6 10.4 13.4 16.7 20.3 23.3 28.9 39 48.5 49.2 50.9 54.7 54.2 53.5 52.4 50 50.1 51.3 52.5 53.7 56.7 60.8 65.1 70.9 76.7 82.3 87.8 93.9 96.1 99.8 106 112.3 118.6 120 120.2 120.4 120.4 118.5 116.6 114.7 112.8 112 111.9 111.8 111.7 111.6 111.5 111.1 107.1 103.7 99.1 94.4 90.1 86.1 84.4 83.6 84.2 80.7 78.4 76.2 71.3 68 66.3 62.2 58 58.5 59.7 59.2 56.4 53.7 50.9 48.9 46.9 44 40.4 38 35.6
29.9 27.2 25.2 24.1 19.1 13 7.2 5.7 8.5 11.2 14.1 17.3 19.9 22.3 27.3 33.6 37.2 40.3 41.6 44.2 45.4 46.4 46.7 47 48.2 49.4 50.6 52.1 55.6 59.8 64 68.9 74.7 80.3 86 92 98 103.1 109.5 115.9 121.6 121.3 120.7 120.2 117.8 115.8 113.9 112 110 109.6 109.5 109.4 109.6 109.9 109.4 109 106.9 101.8 97.7 93.1 89.1 83.7 82.3 80.6 78.8 76.6 74.5 72.4 70.5 70 68.3 63.7 58.3 52.3 54.1 55 52.2 49.4 46.6 43.8 41.2 39.4 35.7 33.3 31
30.1 26.9 22.7 20.4 17 10 5 6.1 8.4 9.7 13.6 17.4 20.5 21.8 24.5 28 28.9 31.1 32.9 34.6 39.7 41.6 42.9 45 46.3 47.5 48.6 50.8 54.6 58.8 62.9 67.1 72.7 78.4 84.2 90.1 96 101.9 109 116.5 121.3 120 119.5 118.9 116.2 113.3 111.2 109.3 107.5 107.8 108.1 108.4 108.7 108.5 108.5 107.4 106.5 101.6 96.4 91.3 85.5 81.4 78.8 77 75.2 73.2 70.3 68.2 68.2 69.4 68.6 64.2 57.9 52.1 48.3 49.8 47.9 45.1 42.4 39.6 36.8 34 31.8 28.7 26.3
29.8 26.1 21.2 18 15.9 5.4 5.4 5.5 6.4 9.3 12.6 16.9 21.5 20.9 21.5 21.3 21 29.4 34.9 37.6 33.3 36 40.4 42.6 44.3 45.5 46.8 49.5 53.6 57.7 61.9 66.1 70.7 76.4 82.3 88.1 93.9 99.4 106 113 117 117.9 118.4 117.6 114.6 111.5 108.8 106.4 106.3 107.8 106.9 107.4 107.4 107.2 107.2 106.4 103.3 97.8 92.3 87.4 82.5 79.5 76.7 73.7 71.7 68.9 66.4 64.5 65 65.8 63.5 61.5 55.7 51.2 45 43.7 44.1 40.6 37.9 35.3 32.6 29.8 27 24.2 22
28.6 24.7 20.3 15.7 11.8 4 5.4 5.4 4.5 7.8 12.1 16.4 20.4 17.5 14.7 20.2 26.9 30.7 33.6 36 37.4 38.7 37.2 40.1 42.2 43.6 45.4 48.4 52.5 56.7 60.9 65.1 69.2 74.5 80.3 86 91.7 97.2 103 109.8 113.6 114.8 115.9 116.6 115.5 111.4 105.7 102.7 100.9 104.9 105.1 102.1 102.1 103.2 103.6 102.4 98.1 93.9 89.7 84.8 81.2 77.7 74.8 71.9 69 66.3 62.9 61.1 61 62 58.8 55.6 51.9 47.9 43.6 39.3 41.5 38.8 33.8 29.4 26.8 24.1 21.5 20 22
26.7 22.5 18.4 14.2 9.4 4.8 5.4 5.4 5.4 6.2 10.4 14.2 15.4 10.8 14.4 20.2 25 29.6 32.2 34.6 37 39.1 40.1 38.7 39.9 41.7 44.1 47.3 51.5 55.7 59.9 64 68.2 72.6 78.3 84 89.5 94.9 100.4 104.3 107.8 111.3 114.6 112.5 110.3 105.7 100.5 97.4 94 97 98.1 96.4 96 97.4 97.9 97.5 93.5 89.7 86 82.2 79 75.8 72.9 70.1 67.2 64.2 61 58.5 57.4 57.9 55.1 52 48.4 45.4 42 37.9 35.6 32.5 29.4 24.3 21.3 19.2 18.8 18.6 21.8
24.5 20.4 16.3 12.8 8.8 6.2 5.4 5 5.4 4.6 7.8 10.7 12.5 9.9 14.6 19.3 24 28.5 31.6 34.5 36.7 38.8 41.7 41.5 41.9 42.7 43.3 46.3 50.5 54.6 58.8 63 67.3 71.7 77.2 82.8 88.3 93.8 99.4 104.4 108 111.6 115.2 110.2 105 99.7 96.5 91.2 87.3 87.9 88.5 88.7 89.9 91.5 92.3 92.3 88.9 85.4 81.5 77.9 75.7 74.3 71.7 68.9 66.1 62.9 59.6 57 55.7 54.3 51.7 47.8 44.6 41.6 38.5 35.2 25.6 26.5 23.3 21.1 18.1 17.6 16.8 18.6 21.7
22.2 18.3 14.2 10.2 8.3 6.6 -0.9 0.4 0.6 1.2 2.7 4.4 7.2 9.8 14.5 19.1 23.5 27.4 30.9 34.2 36.8 41.3 44.5 44.5 44.7 45.3 45.8 46.4 49.3 53.5 58.1 62.5 65.8 69.4 75.7 82.2 88.1 93.8 99.8 105.2 109.2 113.6 114 108.1 101.8 97.3 94.9 91.4 85.9 81.1 82.1 83.2 83.7 85.4 86.6 87.1 84.9 81.2 76.8 73.8 71.9 72.1 70.7 67.9 64.7 61.7 59.2 56.7 55 53.4 49.3 44.2 40.8 38 34.9 29.2 22.6 17.9 19.3 18.1 16.3 15.5 15.4 18.5 21.7
20.8 15.8 11.8 8 -0.9 -0.9 -0.9 -0.9 -0.9 -0.9 -0.9 -0.9 1.6 10 14.4 18.1 21.8 26.1 30.4 35.1 41 44.6 47.3 47.6 47.4 47.7 48.1 48.8 49.6 53.6 57.7 61.3 64.8 68.5 75.1 80.6 86.8 93.7 101 107.4 111.7 116.3 111.8 104.8 98.7 95.3 92.7 88.5 84.2 78 76.4 77.9 77.7 78.8 78.4 79.7 80.4 75.5 72.7 69.9 68.8 68.7 69.3 68.1 65.7 63.2 60.7 57.6 55.3 52.9 48.3 42.4 37.3 33.9 30.4 24.5 19 16.6 15.6 14.9 14.4 13.5 15.4 18.5 21.6
19.6 14.8 -0.9 -0.9 -0.9 -0.9 -0.9 -0.9 -0.9 -0.9 -0.9 -0.9 -0.9 8.3 12.5 16.4 20.7 25 29.5 34.4 39.6 45.5 48.9 50.5 50 50 50.5 51.5 52.3 54.8 58.8 62.5 66.2 70.4 75.9 82.1 85.5 94.3 102.5 109.5 115 113.5 106.9 100.3 96.1 93.1 88.8 84.5 80.2 75.6 68.7 71.2 72.2 70 69.7 70.2 71.9 68.9 67.2 66.2 66.4 68.4 69.8 70.3 67.1 64.6 61.8 58.6 56.2 52.9 47.1 41.2 34.2 25.5 24.6 20 16.4 14.7 13.7 13.2 12.2 12.2 15.4 18.5 21.6
20.3 13.9 -0.9 -0.9 -0.9 -0.9 -0.9 -0.9 -0.9 -0.9 -0.9 -0.9 -0.9 -0.9 10.9 15.2 19.5 23.8 28.9 34 39 43.9 47.7 49.8 50.8 51.5 53 55.1 56.8 59 61.3 64.5 68.8 74.1 80.8 85 89.5 96.5 103.6 110.6 114.4 109.5 102.3 97 94 90.8 87.5 81.5 76.3 71.9 65.6 63.3 64.5 64.1 64.1 64.1 63.4 61.6 61.6 63 65.7 68.7 70.4 71.7 68.7 66.1 62.9 59.5 56.1 52.1 46.2 37.7 29.5 27.1 20.4 16.3 14.2 12.8 11.6 11.4 10.9 12.2 15.3 18.4 21.6
21.3 -0.9 -0.9 -0.9 -0.9 -0.9 -0.9 -0.9 -0.9 -0.9 -0.9 -0.9 -0.9 -0.9 10.7 14 18.4 23.4 28.4 33.4 38.4 43.1 47.3 49.6 51.7 53.1 55.1 57 60.1 62.7 65.2 67.8 70.4 75.1 82.6 88.7 94.7 100.4 105.4 107.7 110.5 102 96.9 93.2 90.4 88.9 85.3 81.9 76.2 68.9 60.3 58.2 58.1 58.5 58.5 58.5 58.3 57.4 58.5 61.7 65.4 68.6 71.1 72.3 71.9 67.6 63.3 58.8 54.5 49.4 41.1 32.8 26.9 21.8 17.2 13.2 12.3 10.9 9.6 9.4 9.5 12.3 15.3 18.4 21.5
-0.9 -0.9 -0.9 -0.9 -0.9 -0.9 -0.9 -0.9 -0.9 -0.9 -0.9 -0.9 -0.9 -0.9 -0.9 13.4 18 23 28.1 33.1 37.9 42 45.4 50.5 53.4 55 57.1 58.6 61.8 65.5 68 70.6 74.4 80.4 85.1 91 97 99.9 103.6 109.2 98.1 93.3 91.9 90.6 89.3 88.2 84.4 80.6 76.7 68.6 59.7 55.8 53.9 53.3 53.2 53 52.9 53.9 57.1 60.7 64.6 68 70.7 72 69.8 64.5 61 56.5 51.6 44.6 37.2 27.4 22.2 17.9 14 10.8 9.6 8.8 7.7 7.6 9.8 12.3 15.4 18.4 21.5
-0.9 -0.9 -0.9 -0.9 -0.9 -0.9 -0.9 -0.9 -0.9 -0.9 -0.9 -0.9 -0.9 -0.9 -0.9 -0.9 18.4 22.8 27.8 32.6 36.7 38.7 45 49.6 54 57.1 58.8 60.2 63.1 68.1 70.9 73.6 79.5 85.7 89.6 93.5 95.2 97 99.1 90.6 89.1 89 89.8 89.6 88.7 87.2 83.1 78.8 74.5 69.3 61.5 56.2 51.4 50.1 49.9 49.8 50.4 52.6 55.9 59.7 63.6 67.4 69.8 71.5 66.7 61.3 58.2 53.8 46.8 39.8 32.4 22.4 17.3 12.8 10.3 7.7 6.7 7.2 6.2 9.2 10 12.2 15.3 18.4 21.5
-0.9 -0.9 -0.9 -0.9 -0.9 -0.9 -0.9 -0.9 -0.9 -0.9 -0.9 -0.9 -0.9 -0.9 -0.9 -0.9 18.9 22.5 27.4 30.2 32 38.4 44.4 48.7 54.9 59.6 60.4 61.7 64.5 70 73.7 78.1 84.3 91.4 94.8 95.3 90.2 87.9 84.4 85.1 86.4 88.4 90.5 91 89.3 85.5 82.6 76.7 72.5 69.2 55.2 52.5 49.1 48.8 48.7 49.1 49.8 51.3 54.7 58.6 62.5 66.1 67.5 68.3 63.6 58.3 54.6 49.6 43.2 34.2 22.4 15.5 12 9.3 7.3 5.5 6 6.6 7.1 8.8 9.6 11.6 14.8 17.9 21.1
-0.9 -0.9 -0.9 -0.9 -0.9 -0.9 -0.9 -0.9 -0.9 -0.9 -0.9 -0.9 -0.9 -0.9 -0.9 -0.9 17 21.7 23.5 25.3 31.7 38.7 43.4 49.6 58.4 62.4 61.6 61.4 65.5 70.9 77.2 85 91.4 97.1 100.2 96.4 88.3 82.1 81.2 83.2 86 89.1 92.9 93.8 91.9 87.4 81.4 78 67.8 62.9 51.5 46.8 48.2 47.4 46.2 46.8 47.5 49.2 52.5 56.9 60.6 62.3 62.2 62.5 58.2 52.9 47.1 43.8 36.1 23.5 13.8 11.8 8.2 5.8 5.3 5.1 5.6 6 6.8 8.2 9.6 11 13.8 16.8 19.7
-0.9 -0.9 -0.9 -0.9 -0.9 -0.9 -0.9 -0.9 -0.9 -0.9 -0.9 -0.9 -0.9 -0.9 -0.9 -0.9 -0.9 -0.9 18.6 24.9 32 38.1 44.3 53.1 61.8 65.1 64.2 64.7 66.2 71 80.2 89.8 98.4 100.7 102 97 86.4 79 78.3 81.2 84.9 88.4 91.8 93 92.6 89.3 82.1 73.3 61.8 58.4 51.6 46.4 46.9 46 44.5 43.5 44.8 46 49.2 53.9 58 58.3 57.1 56.6 52.4 45.9 39.2 32.3 20.4 11.4 8.1 6.3 4.2 4.3 4.7 5.2 5.5 6.8 8 9.4 10.8 12 13 15.3 18.5
