data/420000-1180000.asc
ncols 200
nrows 200
xllcorner 420000
yllcorner 1180000
cellsize 50
[rows 148 to 184 of 200, columns 83 to 165 of 200]
38.3 37.5 37.5 39.4 40.8 42.3 45.4 48.8 49.6 48.5 46.2 43.9 42 41.2 41 40.2 42.1 43.6 46 48.5 51.3 51.8 52.9 55.1 57 58.3 60.4 59.3 58.3 58.7 59 59.3 59.6 60.3 61.3 62.5 63.8 65.4 68.4 71.6 76.8 83.2 89.7 95.6 100.6 105.6 110.6 112.6 110.6 109.2 104.9 102 98.8 98 99.9 98.8 97.5 98.3 99.7 98.3 97.3 89.3 69.3 57.5 -0.9 -0.9 -0.9 -0.9 -0.9 -0.9 -0.9 -0.9 -0.9 -0.9 -0.9 -0.9 -0.9 -0.9 -0.9 -0.9 -0.9 -0.9 -0.9
39.9 37.5 38.1 40.3 40.6 40.7 43.5 47.1 48.5 48.7 46.4 44.7 43.2 41.7 41.1 40.5 44.7 46.4 48.4 50.9 51.8 51.8 53.2 55.5 58.2 61.1 64 60.9 59.7 60.1 60.4 60.6 60.8 61.3 62.3 63.6 64.8 65.8 69.2 74.2 79.3 85.7 92.6 97.9 104.2 109.2 113.9 115.1 114.5 113.6 109.3 105.3 101.4 102.2 103.7 104.6 104.9 103.3 103.8 103.2 101.5 93.3 83.2 77 76 14.5 -0.9 -0.9 -0.9 -0.9 -0.9 -0.9 -0.9 -0.9 -0.9 -0.9 -0.9 -0.9 -0.9 -0.9 -0.9 -0.9 -0.9
38.5 37.5 37.9 40.5 40.5 39.6 41.7 46.1 48 48.1 47.5 45.9 44.3 42.7 41.3 41.4 46 50.1 54 52.9 51.8 53 54.7 57.7 62.4 65.6 67.4 64.1 61.1 61.4 61.6 61.8 62 62.3 63.4 64.7 65.7 66.7 67.8 73.5 81 88.8 95.7 100.5 106.5 112.7 116.1 117.2 117 116.7 113.4 109.1 104.9 106.5 111.3 113.9 111.6 108 107.8 107.6 105.7 98.8 90.3 81.9 84.7 65 1.8 -0.9 -0.9 -0.9 -0.9 -0.9 -0.9 -0.9 -0.9 -0.9 -0.9 -0.9 -0.9 -0.9 -0.9 -0.9 -0.9
34.8 38.6 39.6 39.4 37.7 38.9 41.3 45.1 47.3 49 48.6 47.1 45.4 43.7 42.1 42.1 45.5 49.1 51.8 50.7 51.3 54 58.8 61.4 66.1 70.3 69.3 65.3 61.1 61.7 62.4 63 63.3 63.5 64.5 65.5 66.5 67.5 68.5 72.1 80.3 88.3 96.2 102.4 108.3 114.1 118.2 118.9 117.8 117.3 116.2 112.4 108.2 111.1 116.4 121.1 117 114 111.5 111.7 111 104.8 96.6 87.3 89.6 76.4 54.1 63.9 55.4 -0.9 -0.9 -0.9 -0.9 -0.9 -0.9 -0.9 -0.9 -0.9 -0.9 -0.9 -0.9 -0.9 -0.9
35.8 42 40.2 37.5 40 42.2 44.1 47.8 49.2 50 49.8 48.2 46.6 45.4 44.1 43.2 44.7 46.8 49.5 49.2 51.8 55.8 61.5 65.6 69.7 69.9 68.3 65.7 61.8 61.6 62.3 63 63.8 64.5 65.3 66.2 67 67.9 68.7 71.9 77.1 85.1 92.5 99 106 112 118.6 119.9 118.7 117.9 116.8 115.7 111.6 116.2 120.8 124.9 124.7 122.1 119.4 116.8 116.4 110.8 100.5 90.4 88.7 85.3 87.3 84.3 92.5 58.4 27.1 20.1 -0.9 -0.9 -0.9 -0.9 -0.9 -0.9 -0.9 -0.9 -0.9 -0.9 -0.9
37.9 41.1 39.7 35.5 40.4 42.6 46.5 51.9 52.1 52.3 51 49.5 48.1 46.7 45.2 43.7 44.1 45.6 47.2 49.6 52.2 57.8 63.5 68.8 70 68.8 66.4 64.7 62.5 61.4 62.1 62.7 63.4 64.1 65.6 66.2 67.1 67.9 68.8 73.2 77.5 82 89.2 96.2 103.3 109.9 114.7 117.6 118.2 118.3 117.3 116.3 115.9 119.3 122.6 128.8 132.5 132.4 129.7 124.9 121.9 118.5 106.3 94.5 88.7 87.7 93.2 88.5 92.6 100.4 91.1 76.5 38 -0.9 -0.9 -0.9 -0.9 -0.9 -0.9 -0.9 -0.9 -0.9 -0.9
39.2 39 32.7 36 40.3 46.2 51.2 55.5 54.6 53.6 51.9 50.5 49 47.6 46.1 44.6 43.5 45.6 47.8 50 54.2 60.1 65.7 68 68.8 69 66.6 64.5 62 62.3 61.6 62.2 62.8 64.1 65.5 66.7 67.3 68 70.1 74.5 78.7 83 87.9 94.8 101.7 106.9 109.5 113.1 115.2 117.7 116.6 116.8 118.5 120.2 123.4 132.2 138.4 141.3 139.1 135.4 130.3 124.9 112.1 101.3 94.4 92.7 93.3 88.8 89.9 98.7 95.4 88 74.9 43.5 -0.9 -0.9 -0.9 -0.9 -0.9 -0.9 -0.9 -0.9 -0.9
26.9 30.7 34 37 41.4 47.2 53.1 57.2 56.3 54.6 53 51.4 50 48.5 47 45.6 44.5 45.7 47.9 50.6 56.9 62.5 66 67.3 68.4 69 66.7 64.4 62.2 62.3 62.3 61.6 62.5 64 65.4 66.8 67.7 68.4 72.1 75.8 79.7 83.9 88.2 94.1 99.3 103.4 106.5 109.1 112.8 117 117.9 118.9 120 121 123.3 133.5 142.5 147 144.7 140.8 136.9 129.4 119.9 110.2 101 95.1 91.4 90 90.9 95.1 93.6 87.9 81 71.6 59.4 14.7 -0.9 -0.9 -0.9 -0.9 -0.9 -0.9 -0.9
28.6 33.2 35.7 37.3 41.9 47.2 53.9 58.4 57.4 55.7 54 52.4 50.9 49.4 48.1 46.8 45.8 45.7 47.8 53.1 58.6 62.9 65.3 66.5 67.8 68.2 67.2 64.4 61.6 62.3 62.3 62.3 62.5 63.9 65.3 66.8 68.2 71.5 75.2 78.7 82.2 85.7 89.2 92.1 95.9 100 103.4 106.1 110.6 116.9 118.3 119.3 120.4 121.8 124.3 133.3 143.5 148.5 148.9 144.9 138.5 132.9 128.5 120.1 111.4 104.6 96.6 99.4 97.7 95.4 93.6 89.1 81.7 75.1 67.8 48 40.8 35.8 -0.9 -0.9 -0.9 -0.9 -0.9
29.5 32.9 35.4 37.9 42.8 47.8 55 59 57.6 55.9 54.3 52.6 52.2 50.6 49.2 47.9 47.1 46.9 48.3 52.4 57.9 63.2 64.5 65.8 67.1 67.8 67.5 64.6 62.8 62.6 62.1 61.5 62.7 64.1 65.5 66.9 68.3 71.4 74.9 78.4 81.9 85.4 88 90.4 93.3 96.5 100.3 103.9 110.3 116.7 118.7 119.7 120.8 122.9 125.5 132.9 143.4 149.8 150.4 145 141.1 137.1 134.3 131.1 125.1 118.3 110.8 110 108 101.9 97.7 90.9 84.5 78.4 72.2 60.3 47.8 37.8 -0.9 -0.9 -0.9 -0.9 -0.9
29.6 33 35.5 38.9 43.8 48.8 55 59 58.3 54.9 52.3 51.1 52.3 53.7 51.2 49.3 48.5 48.7 49.4 50.4 55.6 61 62.4 63.7 64.9 66.8 67 65.4 64.5 63.9 63.1 62.5 62.9 64.3 65.7 67.1 68.4 71.1 74.6 78.1 81.6 84.4 85.8 88.7 91.6 94.5 97.4 103.7 110.1 116.5 119.8 120.2 121.5 124.1 126.6 132.5 141.1 148.3 149.8 145.6 143.6 141.3 138.2 136.6 133 128.2 122.6 122 122 111.7 105 100.1 91 83.4 75.7 64.6 52.3 40 25 22 -0.9 -0.9 -0.9
31.8 35.5 40.5 44 46.1 47.9 55 58.5 58.6 54.5 50.9 50.8 51.7 53.4 53.6 50.7 50.1 50.7 51.3 51.6 52.9 57.4 59.2 60.5 62.8 65.1 65.4 65.5 65.6 64.9 64.2 63.5 63.1 64.5 65.9 67.2 68.6 70.7 74.2 77.7 80.8 82.3 84.1 87 89.9 92.8 94.8 99.9 107.3 114.7 120 120.6 122.7 125.3 127 129.4 135.2 141.1 144.5 144.5 144.2 143.8 142.4 141.2 139.8 135.4 133.2 133.6 131.6 122.8 115.7 108.7 98.6 87.7 74.7 65 56.1 45.5 34.4 38.9 32.5 21.5 -0.9
31.1 37.7 43.2 48.9 47.9 47.9 54.7 57.4 57.6 52.8 50.8 50.8 51 52.3 52.3 52.4 52 52.2 52.3 53 54.4 57.2 56.1 58.4 60.7 63 64 64.4 64.7 64.5 64.4 64.1 63.4 64.7 66 67.3 68.7 70.4 73.9 77.3 78.7 80.1 82.5 85.3 88.2 90.2 92.2 96.9 103 109.2 113.8 116.1 118.4 119.9 121.6 123.3 128.1 133.9 138.1 139.7 142.1 142.4 145 147.1 145.9 143.5 144.2 143.7 138.9 128.5 118.8 111.8 102.3 89.7 76.1 65.9 57.1 48.2 41.2 44.6 41.5 31.4 -0.9
30.1 39.4 45.2 49 48.2 48.7 52 55.8 54.7 51.8 51.6 50.8 50.5 50.9 51.2 51.9 52.8 53.2 53.4 54.6 57.9 61.2 61.1 59.9 58.9 61.4 63.3 63.5 63.7 63.8 63.9 63.4 63.5 64.8 66.1 67.5 68.8 70.2 73.6 75.1 76.6 78 80.8 83.6 85.6 87.7 89.8 94.4 98.2 103.4 107.7 110.3 112.9 115 116.3 117.9 121.2 126.8 132.5 137.3 140.6 142.3 144.8 147.3 149.8 152.2 154.3 152.3 146.3 135.8 125.4 114.9 105.4 91.6 77.7 67.5 60.1 51.7 47 46 43.9 40.8 29.4
31 39.9 45.3 49.6 49.6 52.7 55.8 54.6 53.4 53.4 53.2 52.2 51.2 50.5 51 52 52.9 53.9 54.8 57.9 60.5 63 63.2 61.7 59.9 60.1 62.6 62.9 63.2 63.4 63.1 63.3 63.7 65 66.3 67.6 69 70.3 71.6 73 74.4 76.2 79 81 83.1 85.1 87.3 92 94.4 99.1 102.7 104.8 107.1 109.7 111.6 112.9 114.7 122 128.9 133.7 137 140.7 143 145.2 148.1 153.4 156.7 159.2 153.6 143.2 132.6 121.3 112.4 98.8 85.5 73.8 65.9 56 50.2 46.4 43.8 43.9 35.9
32.4 41.2 44.5 49.4 52.6 55.4 56.4 55.2 53.4 53.4 52.5 53.1 53.8 54 53.4 54 55 55.9 56.3 58.9 61.5 62.9 64 62.8 61.5 61 61.1 62.2 62.7 63 63.1 63.3 63.9 65.2 66.5 67.8 69.1 70.1 71.1 71.1 72.3 74.4 76.4 78.5 80.5 82.5 84.8 88.5 90.9 94.8 97.9 99.9 102 104.1 106.5 108.1 111.9 118.5 125.2 129.7 133.2 137.4 140.6 142.9 148 153.3 158.3 159 159.2 149.2 137.5 128.8 123.7 109.4 95.8 84.2 74.1 63 55.9 50.5 43.3 41.1 37
33.8 42.6 46.1 47.7 52.7 52.6 54 53.4 53.4 55.2 57.3 57.8 58.3 58.5 57.7 57 57.5 57.1 57.6 60.2 61.7 63 64.3 63.6 63.2 62.9 62.6 61.8 62.4 63 63.2 63.3 64 65.4 66.7 68 68.9 69.9 70.9 71.6 71.6 72.6 74.2 75.9 78 80 82.4 85 87.3 90.5 93 95.1 97.2 99.2 101.3 104.1 109.1 114.9 121.6 125.4 129.6 133.9 137.6 142.6 148 153.5 155.3 156.3 156.9 153.7 141.9 138.2 134.9 121.9 107 92.9 80 68.8 64.6 57.5 49.3 44.5 40.8
35 43 42.4 41.5 44.6 50.1 52.2 54.4 58 60.8 62.6 63.3 63.9 62.8 62.1 61.3 59.6 58.3 58.9 60.7 62 63.2 64.5 65.5 65 64.4 63.6 61.8 62 63.1 63.2 63.3 64.2 65.5 66.9 67.7 68.7 69.7 70.7 71.7 72.1 72.9 74.5 76.1 77.6 79.1 80.3 82.2 84.1 86.1 88.7 91.4 94.1 96.8 99.5 102.9 106.6 111.5 117.9 121.8 126 130.3 134.7 141.8 148.2 152.1 152.3 152.4 152.4 150.1 151.8 148.8 145.2 133.9 119.2 105.7 90.4 79.8 84.9 78.2 61.9 55.7 46.7
31.6 37 38 39 42.2 49.4 51.5 53.1 56.9 62.1 67.8 69.2 69 67.4 66.4 64.9 62.6 60 59.7 60.9 62.2 64.1 66.6 67.4 66.5 65.8 64.2 62.4 61.7 63.1 63.2 63.4 64.4 65.7 66.6 67.5 68.5 69.5 70.5 71.5 72.5 73.2 74.8 76.2 77.5 78.5 79.5 81.4 83.4 85.3 87.2 89.6 92.3 95 98 101.7 105.3 109 114 118.2 122.8 127.6 133.2 140.2 147.3 153.6 154.4 153.4 152.9 155.2 159.1 157.9 153.1 142.6 130.5 118.2 100.7 90.5 102.3 94.3 77.9 65.9 55.8
34.4 39.7 37.1 38.3 41.2 44.9 50.1 51.5 54.7 60.6 66.2 69.2 69.6 69.8 68.9 67.9 65.9 63.5 59.9 61.2 63.7 66.2 68.8 69.2 68.2 66.4 64.7 62.9 61.3 63.2 63.2 63.3 64.6 65.5 66.4 67.3 68.3 69.3 70.3 71.3 72.3 73.4 74.6 75.8 76.9 77.8 78.8 80.7 82.6 84.5 86.4 88.3 90.7 93.4 96.7 100.4 104.1 107.7 111.4 116.6 121.7 126.6 132.4 138.9 146 154.5 158.5 156.6 156.2 160.3 162.8 161.7 160.1 152.2 139.3 125.6 108.6 100.3 111.6 105 90.1 74.8 63.8
36 40.8 43.5 42.7 43.8 44.4 50.1 50.4 53 59.2 64.5 67.9 69.1 68.5 67.6 68.1 69 66.5 61.6 63.1 65.8 68.4 70.9 70.9 68.7 66.7 64.9 64 62.5 63.3 63.3 63.4 64.4 65.2 66.2 67.2 68.1 69.1 70.1 70.8 71.9 73.3 74.1 75.3 76.2 77 78 79.9 82 84.7 87.5 90.2 92.9 95.5 96.8 99.1 102.7 106.4 109.8 114.5 119.9 125.5 131.7 137.5 145.1 154.6 159.9 159.3 159.3 161.9 162.7 163.5 161.9 157.7 146.3 132.6 118.8 107 106 106.2 98.9 84.9 71.6
36 40.2 44.4 46.5 48.6 50.7 53.3 52 52.5 58.1 62.5 66.9 67.7 67.3 67.6 68.5 69.4 68.9 66.5 64.9 67.6 70.1 72.4 71.1 68.9 65.8 64.6 63.3 63.3 63.3 63.3 63.3 64 65 65.9 66.9 67.9 68.5 69.1 70.3 71.8 73.3 73.9 75 76.1 77.1 78.3 81.5 84.2 86.9 89.7 92.4 95.1 97.1 97.9 98.8 101.4 104.9 108.5 112.9 118.3 123.7 130.1 136.5 144.9 155.1 161.1 160 159.1 159.1 159.1 159.6 161.6 156.7 149.9 138.3 126.1 114.6 111.8 106.8 101.1 91.9 80.2
37.1 41.3 42.7 44.9 49.9 53.7 55.7 50.4 51.5 55.9 60.2 66 69.5 68.3 68 68.9 69.2 69.1 66.8 66.9 68.4 70.7 72.8 71.2 68.4 65 61.7 63.3 63.3 63.3 63.3 63.3 63.7 64.6 65.6 66.3 66.8 67.3 68.6 70.2 71.8 73.3 74.1 76.3 77.4 78.4 79.9 81.4 84.7 89 91.9 94.6 97.3 98.2 99 99.9 100.8 103.6 107.2 111.3 116.6 122 128.3 134.2 142.7 152.3 160.4 161.7 159.1 159.1 159.1 159.5 162.1 158.3 152.2 140.4 129.4 122 128.2 119 108.2 98.9 88.3
39.3 39.1 40.8 45.8 51.1 56 57.1 51.2 50.6 53.5 58.3 64.3 70.3 69.6 68.5 68.8 69 69.2 68.7 69.5 70.2 71.3 72.8 70.9 67.6 64.2 60.9 63.3 63.3 63.3 63.3 63.3 63.4 64 64.5 65 65.6 67 68.6 70.1 71.7 73.3 74.4 76.6 78.7 80 81.5 83 84.5 87.7 92 96.3 98.5 99.6 100.6 101.7 102.1 102.9 106.1 109.7 114.9 120.2 125.7 132.8 141.3 149.8 158.1 160.3 159.1 159.1 159.3 160.3 162.7 158.8 153.9 143.4 133.1 127.6 134.4 127.2 116.3 110 100.7
42.9 40.8 39.3 43.6 52.5 56.9 56.2 50.2 50.2 52.4 55.6 61.2 66.4 67.4 66.3 67 67.5 68.1 70.3 71.1 72 72.8 72.9 70.1 66.7 63.4 60.3 63.3 63.3 63.3 63.3 63.3 63.3 62.8 63.3 63.9 65.4 67 68.5 70.1 71.6 73.2 74.7 76.9 79.4 82.2 83.4 84.6 86.1 87.6 90.7 94.5 97.4 100.3 102.6 103.7 103.2 102.6 105.2 108.3 112.6 117.8 122.9 131.7 140.5 148.9 156.4 157.8 159.1 159.1 160.2 161.7 162.6 158.6 152.2 144.5 137.2 128.2 134.9 132.5 122.1 116.9 111.7
44.3 44.8 42.9 41.6 49.9 55.4 53.7 50.6 49.9 52.4 54.7 57.2 61.3 63.5 63.5 64.2 65 66.1 68.6 71.2 72.6 73.5 73 69.5 66 63.9 63.3 63.3 63.3 63.3 63.3 63.3 63.3 61 62.2 63.8 65.4 66.9 68.5 70 71.6 73.1 75.2 77.9 81.5 85.4 86.5 87.7 88.9 90.1 91.1 93.6 96.7 99.8 102.9 104.2 103.9 103.3 104 107.1 110.9 115.2 120.3 129.5 139 148.4 157.2 160.7 159.8 160.9 162.4 163.5 162 155.8 149.4 142.3 136.7 128.6 131.6 128.1 127.6 123.1 118
43.2 46.1 44.3 41.8 46 50.2 51.8 51.8 49.9 51.7 54.5 54.5 57.3 58.9 60.9 62.2 63.6 64.7 67.1 69.4 71.8 74.1 73.6 69.8 65.8 63.4 63.3 63.3 63.3 63.3 63.3 63.3 63.3 62.7 63.2 64.3 65.8 67.3 68.9 70.5 72.1 74 76.4 79 83.6 87.9 89.7 90.8 92 93 93.2 95.3 98.4 101.5 102.4 103.4 104.2 104 103.3 105.9 109.6 113.5 117.9 127.1 136.3 145.4 154.6 160.5 162.5 162.9 164 162 159.1 153 146.6 140.8 135.6 129.7 128.5 128 127.3 126.1 122.9
38.3 42.8 39.3 40.1 45.9 51.5 55.8 60.1 50 51.1 53.9 54.8 54.8 57.5 61 62.4 63 63.8 66.2 68.5 70.9 73.5 70.5 68.3 65.4 63.3 63.3 63.3 63.3 63.3 63.3 63.3 63.3 62.4 64.6 66.5 67.6 68.7 69.8 71.1 73 75.3 77.6 80.7 85.8 90.1 92.8 94 94.9 95.1 95.3 97 100.1 100.8 101.4 102.6 103.8 104.1 104 104.7 108.3 112.2 117 123.9 133 142.2 151.2 158.2 160.1 161.7 161 158.7 154.7 150.1 145.1 140 134.9 130.5 127.4 126.7 126 125.6 122.3
30.1 32.4 32.7 37.1 49.2 55.1 56.9 60.7 53.9 51.6 54.6 54.8 55 57.5 60.8 62.1 62.4 63 65.3 67.8 70.3 72.9 70.4 66 62.9 63.3 63.3 63.3 63.3 63.3 63.3 63.3 63.8 64.5 66.1 68.3 70 71.4 72.9 74.1 76 78 80.1 84.2 88.8 92.3 95.9 96.8 97 97.2 97.4 98.7 99.3 99.9 100.5 101.7 103.4 103.8 104.1 104.1 107 111.4 116.6 123.1 131.9 137.6 146.4 154.5 156.6 158.5 157.9 155.4 151.6 148.8 144.8 139.8 134.7 130.9 126.8 125.5 124.8 124.4 121.8
30.4 32.9 34.1 39.6 51 57.5 59.1 54.1 50.7 52.6 56.1 56.7 56.1 58.5 61.6 64.1 62.8 62.1 64.6 67.2 69.8 72.3 70 66.2 61.4 63.3 63.3 63.3 63.3 63.3 63.3 64.2 66.2 68.2 70.3 72.2 73.8 75.3 76.5 77.7 79.6 82.3 85.9 89.8 94.4 97.7 99.5 99.9 100.2 100.5 100.7 99.8 99.2 98.9 99.5 100.9 102.6 103.5 103.8 104 106.3 110.7 116.7 124.2 135.4 144.4 148.8 152.9 153.3 155.2 154.8 152.4 149.1 146.4 144 139.6 134.8 131.1 127.1 124.4 123.6 123.4 122.6
33.3 37.2 38.2 42.8 52.4 59.1 59.6 54.4 50.5 54.8 57.1 58.4 57.5 58.8 61.7 66 65.7 62 64.1 66.6 69.2 71.8 69.7 65 63.3 63.3 63.3 63.3 63.3 63.3 60.6 67.2 70.3 72.3 74.4 76 77.9 81 82.1 81.6 84.6 88.1 91.7 95.5 100 103.2 103.6 103.9 104.2 104.3 104.1 102.4 101.8 101.2 100.7 101.3 101.8 103.2 103.9 104.9 106.4 110.6 115.7 123.7 133.6 144.4 153.9 157.3 156.2 152.8 152.6 149.9 146.6 144 141.6 139.2 135 131.2 127.5 123.9 123.2 123.2 123
30.2 37.1 40.9 42.7 51.3 58.8 59.6 52.9 52.1 56.9 61.6 59.4 58.9 57.5 59.3 62.5 62.3 60.9 63.3 65.7 68.4 71 68.1 62.3 63.3 63.3 63.3 63.3 63.3 63 64.1 69.2 74.5 76.5 78.1 81.2 84.3 87.4 90.5 90.5 92.2 94.2 97.7 101.6 105.8 107.2 107.6 107.9 107.9 107.8 106.9 105.2 104.4 103.8 104.1 104.7 105 105 104.8 105.8 106.7 110.8 114.9 123.1 131.9 142.5 149.6 155.8 156.5 152.9 151.1 148.5 144.2 142 140.2 138.3 136.5 132.9 128.9 124.9 123.2 123.2 123.5
27 38.3 44.7 45 51.1 57 57.3 49.2 54.1 59.1 60.1 59.2 57.9 54.9 57.2 57.9 57.7 60.2 62.5 64.9 67.2 68.2 66.6 61.8 63.3 63.3 63.3 63.3 63.3 63.1 68 73 77.9 81.3 84.4 87.5 90.5 93.6 96.6 99.1 100.8 102.4 104.1 106.4 109 110.9 111.3 111.8 111.3 111.2 109.7 108 107 107 107.4 107.5 107.6 107.4 107.1 106.8 107.6 111 115.6 123.3 131.9 140.6 145.4 152.9 154 153 150.4 148.1 146.4 144.7 142.9 140.4 137.9 134.9 130.8 126.5 123.6 123.2 125.7
27.7 35.7 42.4 48.7 48 52.7 49.9 50.2 55 58.7 58.2 57.2 54.2 52.5 53 54.2 56.6 59.7 62.1 64.5 66.8 68.3 65.5 61.3 63.3 63.3 63.3 63.3 62.3 66.8 71.7 76.7 81.6 85.8 88.6 91.5 94.6 97.6 100.6 102.4 104.1 105.7 106 109.3 112.3 114.6 115.2 116.3 115.4 114.2 112.5 110.8 109.8 109.9 110 110.1 110.1 109.8 109.6 109.3 109 111.5 116.5 123.9 133.8 145.1 152.2 154.5 156 156 153.7 151.8 150 148.1 145 141.9 139.1 136.3 132.6 128.3 125.2 123.2 127.7
32 40.4 45.2 41.3 43.7 47.8 47.6 51.6 54.1 56.1 56 54 51.6 51.6 51.8 52.5 55.7 59.1 61.5 63.9 66.3 68.4 66 63.4 63.3 63.3 63.3 63.2 66.1 70.6 75.4 80.4 85.4 90.5 93.3 96 98.7 101.6 104.7 105.8 107.2 107.5 108.3 111.7 115.2 118.2 119.6 120.8 120.2 118.1 115.7 113.9 112.7 112.5 112.6 112.6 112.5 112.3 112 111.8 111.5 113.1 117.4 125.1 136.7 148 156.7 160.3 160.8 159.4 157.5 155.6 153.9 152.2 148.7 144.7 140.7 137.6 134 129.6 125.9 123.1 129.9
35.6 43.9 49.4 48 44.3 44.7 49.7 53.8 56.8 55 52.9 50.5 49.2 51.2 52.5 54.2 55.3 58.3 60.9 63.3 65.9 67.9 63 63.3 63.3 63.3 63.3 65.1 68.6 74.4 79.1 84.2 89.2 94.3 98 100.7 103.4 106 107.8 108.7 109 109.3 110.6 114.1 117.1 119 123.3 125.4 125.8 122.3 119 117.5 116.3 115.2 115.1 115.1 114.9 114.7 114.5 114.2 114.8 116.1 119 127.9 139.5 150.7 160.1 163.8 165.5 163.7 161.4 157.7 154.5 152.3 149.1 145.5 141.9 138.6 134.6 130.2 126.5 123.1 126.5
39.5 44.9 49.5 49.5 44.7 45.4 50.5 56.9 58.6 55.5 50 47.5 47.8 50.3 52.8 56 58.3 58 60.4 63 66 67.3 64.5 63.3 63.3 63.3 61.7 66.7 71.6 77 81.8 86.6 91.5 96.3 100.7 104 106.4 107.1 107.7 108.5 109.4 109.8 110.8 112.5 114.3 117 120.2 124.6 125.7 122.5 119.7 119.2 119 118.7 117.8 117.6 117.4 117.1 116.9 116.7 117.3 117.3 120.4 130.8 142.2 153.3 163.7 168.5 170.3 169.6 165.5 159.8 155.4 152.4 149 145.8 142.5 139.1 135.1 131 127.1 123.5 125
