data/420000-390000.asc
ncols 200
nrows 200
xllcorner 420000
yllcorner 390000
cellsize 50
[rows 105 to 139 of 200, columns 78 to 155 of 200]
396.5 396.3 393.4 390.7 387.7 384.7 381.4 376.9 373.1 369.2 363.9 359.5 356.2 355.3 358 362.7 368.1 371.3 370.9 368.6 363.5 363.4 356.5 342.3 333.2 344.7 347.2 347.8 349 345.7 344 340.8 340 337.8 335.6 333.8 331.8 329.1 326.7 326.8 331.7 341.7 348.1 352.1 355.8 358.4 357.5 355.5 353.2 350.8 347.6 345.6 346.2 345.2 344.1 340.7 337.2 333.2 329.9 326.3 322.2 318.1 313.9 308.9 303.7 298.6 312.2 320.3 329 342.6 350.4 349.6 348.8 347.9 345.9 343.5 342 340.6
395.4 396.7 394.6 390.4 388.5 386.5 383.3 378.6 374.9 370.5 366.4 362.4 358.5 356.9 357.7 359.8 362.5 366.9 371.2 371.2 368.3 366.1 362.2 357.4 354.8 354.7 354.5 352.6 350.8 349.4 346.2 344 342.4 340.6 338.5 336.5 334 330.7 328.9 334.2 344.4 353.1 355 358.5 362.7 362.8 361.3 359.4 356.4 353.4 352.1 351.1 351.3 349.5 346.7 342.9 339.5 334.6 331.5 327.3 323 318.8 314.8 309.4 303.5 307.6 317.5 326.1 338 351.9 352.1 350.9 350.5 348.7 346.1 345.4 343.2 341.1
378.3 386.3 389.2 389.1 386.6 386 383.4 379.6 375.8 371.3 367.4 363.2 360 357.6 355.8 355.8 357.5 360 363.8 366.8 366.6 365.1 363.2 360.3 357.4 356.3 355.8 354.3 353.2 351.3 349.5 346.5 344.8 343.1 341.4 339.4 336.8 333.1 333.9 341.8 355 358.1 359.9 365.1 365.7 366 364.8 362.4 358.7 356.5 356.8 355.7 354.3 352.2 348.4 344.5 340.8 335.9 332.9 327.9 323.7 319.7 315.4 309.6 305.5 318.5 325.6 331 342.7 352.6 353.1 352 350 346.9 344.9 343.2 342.1 340.4
361.3 363.5 366 367.5 368.9 368.5 371.1 371.6 374.4 372.2 367.4 364.3 361.3 358 354.5 354 354.2 354.7 355.3 356.4 357.8 357.2 357 356.4 355.1 355 355.1 354.4 353.3 352 350.8 349.5 347.2 345.5 343.5 341.4 339.1 335.6 338.3 346.9 356.6 360.7 365.3 368.5 367.7 367.7 366.9 365.3 362.3 360.7 360 358.7 356.4 353.6 349.9 346.1 341.7 337.8 333.5 329.1 324.2 320.4 318.9 316.4 312 316.6 326.6 333.5 344.9 351.8 353.1 351.7 348.7 344.3 340.1 340.3 338.8 336.1
352.9 354 354.7 354.5 353.1 353.6 353.6 354.2 354.8 358.5 363.2 362 359.6 358.3 355.2 354.5 354.2 349.8 349.8 350.3 350 349.4 348.5 348.2 346.4 347.4 348.4 349.4 350.7 351.1 350.9 350.9 349.2 347.2 345.3 343.1 340.7 338.9 343 349.6 357.5 362.5 368.5 370.4 369.9 369.6 368.7 367.2 366 366 363.8 360.4 357.6 353.9 350.3 345.9 341.5 337.7 334 329.8 324.9 322.3 321.9 322 317.2 330.9 326.5 334.1 345.7 350.5 351.4 350.3 346.9 343.2 339.8 338 334.7 332.1
348.3 348.6 347.8 344.9 344.3 343.9 342.6 342.9 343.1 345 348.2 351.6 353.9 355.9 355 353.4 352.7 349.3 348.7 347.9 345.8 344.8 342.5 342.2 339.9 340.4 340.7 341.3 342.9 345.7 350.2 350.9 349.1 347.3 345.8 345.2 342.6 341.6 344.8 351.1 357.4 363.5 369.9 373.3 373.4 372.8 370.9 369.6 368.2 367.1 365.7 362 357.9 354.5 351.1 346.9 341.7 337.8 333.9 329.8 327.8 328.4 326.9 324 323.2 330.4 332.4 342.3 348.9 350.3 350.3 347.1 344.3 340.1 336.2 331.4 326.9 321.1
344.8 343.2 340.4 336.7 336.7 335.9 332.7 331.9 333.4 333.6 337.3 339.9 341.5 344.4 347.9 351.7 352.1 350.5 350.9 347.7 343.9 342 339.6 337.9 336.6 336.4 335.3 335.4 336.7 338.1 342.2 345.1 347.4 346.4 346.3 346 343.8 344.3 346.8 351.9 357.1 363.6 370.5 375.2 376 374.6 374.8 371.7 368.9 368 366.3 362.4 358.1 354.7 351 346.6 342.3 338 333.7 329.7 334.6 332.8 329.2 325.8 330.3 331.1 337.5 349.7 351.2 350.5 347 343.9 341.4 337 332.2 326.5 319.8 314.5
342.9 339.3 337.7 334.6 332 328.7 324.7 323.7 323.8 324.9 326 328.5 331 334.5 336.8 342.2 349.5 351.5 352.3 348.9 344.7 340.2 336.8 334.7 334.1 333.6 332.5 331.7 332.3 333 334.9 338.7 343.4 346.3 346.3 345.7 345.3 343.9 347.3 351.9 356.7 362.7 370.7 375.6 376.8 376.1 376.7 374 370.8 369.6 366.8 362.9 358.5 354.7 350.6 346.3 341.7 337.5 336.5 338.3 337 332.8 330.2 328.7 330.2 333.7 340.6 351 350.7 347.8 345.1 341.8 337.6 332.9 327.8 321.5 314.6 307.6
346.2 344.3 340.1 336.8 334.2 331.7 327.1 323.2 318.5 317 318 319.5 321.9 324.5 327.6 331.9 336.5 345.8 352.2 349.6 343.6 338.5 334.6 332.4 331.6 331.1 329.9 328.9 329.1 329.2 329.5 331.4 336.4 341.8 345.1 345.3 345.9 344.1 346.5 350.6 355.1 361.2 370.5 377.2 378.6 378.3 377.2 374.3 371.9 369.7 367 363.2 358.5 354.1 349.6 345.3 343.1 342.8 341.8 341 336.6 333.7 334.3 339 334.6 338 345.2 351.2 349.7 345.7 342.6 338.6 334.3 329.4 321.1 314.1 306.2 302.5
335.8 343 339.9 336 332.8 330.2 327.4 323.4 318.6 314.6 310.5 313.1 316.8 318.1 320.7 323.1 327 333.7 348.4 347 342.4 337.4 334 330.6 329.7 328.5 327.1 325.9 326.6 326.7 326.6 327.3 330.7 336.4 340.6 343.2 344.1 343.2 344 348.2 353 359.9 370.1 377.9 379.7 379.8 377.7 374.7 372.1 369.5 366.7 362.9 358.2 353.8 349.9 348.8 346.8 345.5 344.2 339.5 338.2 342.3 342.7 339.8 338.6 343.9 350.8 351.2 350.1 344.4 340.9 336 329.1 320.3 318.4 316.6 310.1 307.2
324.5 338.9 336.7 332.3 329.1 325.3 322.4 319.9 316.5 312.9 309.1 304.8 310.8 313.4 315.8 318.1 320.9 325.6 339.4 344.2 341.8 337.6 333.7 329.7 328.3 326.4 325.1 324.3 324 323.9 323.8 324.3 327.1 332.3 337.1 337.7 339.9 339 341.3 346.2 351.7 359.2 369.8 376.9 378.5 379.1 377.3 375.6 373.8 370.8 366.6 362.7 359.5 356.3 355 353 350.9 347.3 347.3 347.2 346.3 347.7 344.6 341.5 343.9 350 354.1 351.6 346.9 341.7 338.1 331.6 331.9 329.8 326.4 322 315.4 306.7
311.3 327.8 333.4 328.5 324.1 320.5 316.4 313 310.2 308 305.1 303.4 307 309 310.5 312.8 315.3 318.5 325.9 339.2 340.6 338 334.4 329.7 327.3 324.7 323.2 321.9 321 320.8 320.9 321.4 324.3 330.4 331.8 330.9 334.7 335.6 340.4 348.6 353.6 361.7 369.5 373.7 375.7 376.9 376.8 376 374.3 370.7 367.6 366.6 365 361.5 358.9 355.7 353.9 354.5 356.5 355.1 354.3 353.1 350 350.8 353.3 355.9 354.5 352.8 346.2 343.7 341.2 338.7 336.1 333 329.7 325.4 319.7 309.2
294 307.1 316.3 325.1 321.6 315.6 310.7 306.5 303.9 301.4 296.7 298.9 307.3 306.2 305.4 306.4 308.6 311.7 316.5 331.9 336.7 335.6 334.3 330.5 327.7 324.2 320.7 319.4 318.7 318.7 318.8 318.7 322.3 326.8 327.8 327.7 330.5 337 345.7 356.8 359.7 362.6 366.4 369.6 370.9 373.2 374 374.7 372.5 369.4 370.8 371 370.4 368 365.6 362.6 361.5 364.6 366.4 366.6 366.7 362.1 360.3 360.7 359.7 357.9 354.9 354.8 352.4 350.2 347.4 344.8 341.3 337.3 333.4 328.8 323.1 304.2
285.2 284.3 286.6 297.2 310.2 309.9 304.3 300.2 295.6 293.1 286.1 289.9 296.2 301.1 300.7 301.2 301.9 304.8 308.5 315.2 330.1 332.4 330.5 329.9 327.3 324.1 320.2 317.5 316.7 316.8 317.3 316.6 319.3 322.3 325.3 324.1 329.6 337.6 347.8 360.4 363.1 363.9 364.3 366.4 367.2 367.4 369.2 370.4 369.9 372.8 376.6 379.3 378.3 376.9 374.8 374.1 374.8 378.5 379.4 376.2 374.1 372.3 369.2 364.9 363.1 360.5 358.8 360 357.8 357.3 354 350.7 347.4 342.9 340.1 334.2 316.4 315.1
295.3 286 285.3 280 283.5 287.7 291.5 289 282.3 276.2 273.2 277.2 280 285.4 290.3 294.5 295.8 297.5 299.9 303.8 311.8 322.5 328.4 326.1 323.5 321.6 318.8 316.5 314.7 314.6 315.6 314.5 316.5 318.6 320.3 321.7 328.1 337.6 347.9 360.6 365.6 363.9 364.1 363 362.8 363.7 363.8 364.2 368.8 373.4 380.3 387 387.3 387.9 386 384.3 383.7 385.6 385.9 383 380.2 376.5 372.4 368.1 364.2 361.4 360.2 362.5 361.8 360.9 358.9 357 354.2 351 346.7 339.5 325.4 320.6
309.1 302.1 294.8 291.4 281.1 275.1 272.5 268.5 266 263.6 265 260.1 265.2 269.6 275.8 282.5 288.2 290.2 292 295.1 299.5 306.2 315.7 322.5 318.6 316.4 316.3 315.4 313.9 313.1 313.5 313 313.2 314.3 314.6 320.9 326.5 336.4 347.3 362.9 366.3 365.7 363.9 360.2 360.1 363.5 360.9 361.8 366.5 371.5 377.8 382.6 387.8 393.1 394 391.4 389.6 386.1 384.1 382.2 379 376 372.9 368.6 365.1 361.8 361.2 362.3 361.4 361 359 359.6 355.5 352.1 347.9 340.9 332.2 331.4
320.3 310.4 306 304.7 306.2 303.8 297.7 290.4 278.8 276.4 272.3 264.5 261.3 254.5 256.4 264.6 273 280 284.9 287.5 289.8 294.8 301.4 310.4 316.7 313.5 311.4 310.9 311 311.3 310.2 310.3 310.5 310.8 311 318.2 323.9 334.3 345.3 361.2 366.7 366.1 363.5 360.2 358.6 360 359.3 359.1 361.6 365.2 370.3 376.4 382.5 386.7 390.9 390.4 386.7 383.8 381.4 379.7 376.7 373.7 369.9 367.3 364.3 361.3 361 360.1 358.4 358.1 357.2 356.1 354.4 351.1 347.1 342.4 340.5 339
344.8 341.4 333.8 327.3 320.6 314.2 304.3 290.7 288 280.6 280.6 279.7 279 275.4 269.5 255.7 245.3 263.4 277.9 278.9 280.5 285.7 291.1 297.9 304.4 310.8 309 307.5 306.6 308.1 308.8 308 307.5 307 304.9 314.4 321.5 331.7 342.4 357.3 366.7 367 363.6 360.3 358.2 355.2 356.3 359 359 361.3 364.9 369.9 375.6 379.6 382.6 386.3 385.9 383.9 380.3 376 374 372.4 367.8 365.9 363.6 360.7 359.4 357.5 355.5 354.4 354.2 354.3 352.8 350.3 349.2 346.9 345.4 343.7
352 346.5 340.2 333.4 326.9 320.2 307.9 300.7 297.1 293.4 293 293 293.6 285.4 276.9 265.3 255 240.4 261.6 272.3 271.7 276.6 281 287.6 294.4 300.8 304 303.2 302.7 306 307 306.3 303.9 303 300.2 309.2 317.1 327 339.1 353 364.5 365.3 364.3 360.8 358.9 356.2 353.6 354.1 356.1 357.1 359.3 363.6 368.3 371.6 373.8 376.6 380.2 382.2 380.6 377.2 374.2 370.4 367.5 364.4 363.2 360.7 359.3 358.6 358 354.6 353.9 353.6 352.1 349.5 349.3 349.4 348.9 347.2
352.6 346.6 340.5 335.1 331.6 326.4 314.8 312.7 313.9 310.3 310.7 312.9 312.4 304.6 285.2 271.5 256.1 252.6 240.8 266.1 267 264 270.7 277.8 284.4 289.6 293.1 296.3 299.8 304.8 306.2 305 302.2 298.7 293.7 302.3 312.5 320.7 332.2 348.2 360.4 364.7 365.3 363.8 360.6 357.5 354.3 351.1 351 353.6 353.6 356.5 360.9 364 364.8 367.4 371.2 372.7 375.6 377.4 375.5 372.1 368.8 365.6 363.4 361.3 359.6 358.8 358.1 357.5 354.2 353.7 352.5 351 351.1 351.7 352.4 352.1
353.6 348 343.1 341.1 337.8 333.9 329.7 326.7 326.2 328.8 331.8 329.9 322.7 315.8 307.5 288 267.6 257.7 247 245.6 263.7 265.4 259.6 269.2 275.5 280.6 284.2 288.4 299.1 304.1 305.7 304.7 301.5 297.7 290.9 294.3 305.8 314.2 325 340.4 355.8 364.2 366 364.2 361.6 358.5 355.3 351 349.9 347.4 349.6 352 354.1 357.5 359.3 360.4 362.6 364.6 367 370.6 375.1 372.1 370.5 367.7 364 361.9 360 359 357.8 355.7 353.8 353.3 353.6 353.8 356.8 358.9 359.9 361.1
355.4 351.7 350.8 347.6 344.9 341.8 340.8 341.9 344.2 342.7 339.5 333.1 325.9 320.2 312.1 304 283.4 264.3 254.4 233.7 250.8 261 255.4 258.6 265.7 271.5 277.4 282.8 295.6 301.8 304.7 304.2 300.9 296.9 290.8 288 298.5 308.1 318.5 331.9 349.1 361.8 365.7 364.6 363.4 359.2 355.3 351.6 349.6 345.2 345.9 346.8 348.7 350 352.6 354.2 355.7 358.2 360.5 363 367.2 370.5 370.9 369.6 366.1 363 360.9 359.4 358.2 356.1 354.3 354.9 357.1 358.8 364.5 367.8 367.8 366.5
358.6 357.4 356.4 354.8 354.3 354.8 356.9 353.4 351.7 346.5 340.4 333.6 326.3 319.8 312.3 304.5 296.6 278.2 256.1 243.4 233.5 250.5 250.7 248.8 257.1 263.3 269 276.4 290.2 299 302.6 302.8 299.8 295.3 290 284.7 289.5 299.1 307.3 314.3 326.3 343.7 362 363.3 361.8 359.5 355.6 352.2 349.9 346 340.5 342.4 343.4 344.3 345.5 347.4 350.9 351.7 353.4 356.3 360.2 365 370.7 371.1 369.6 365.7 363.2 361.5 359.9 358.5 357.5 360 364.1 366 370.2 371.5 370.2 368.6
363.2 363.6 364.1 365.7 371.1 370.3 364.5 358.6 353 346.8 340.2 333.7 326.7 320.4 312.5 306.5 300.1 292.5 277.6 253.5 227.6 231 243.8 240.4 252.2 254.3 263.1 271.7 282.2 296.1 300.5 301.4 297.4 293.8 287.9 282.4 283 293.8 306.7 305.9 308.4 312.4 325.3 348.2 357.8 358.7 355.6 352.6 349.6 345.3 340.8 338.2 337.7 338.5 339.1 340 342.9 346.8 348.9 350 354.1 359.1 364.9 370.9 371.3 369.6 366.4 364.5 362.5 360.5 362.3 365.4 371.9 372 372 373.1 372.4 370.6
370.4 371.8 375 381.4 377.6 371.6 364.7 359.5 352.5 345.8 339.4 332.9 326.3 319.5 312.6 307.7 300.6 295.2 285.9 274.1 245.6 226.9 229 230.7 239.8 246 257.8 266.4 276.5 293.5 298.2 298.8 295.2 291.1 286.5 281.1 277.9 283.3 291.9 308 309.6 308.3 309.4 318 339 352.5 353.1 351.2 347.6 344.4 340 335.2 333.6 334 333.9 334 335.3 337.8 341.9 344.6 349.9 353.7 358.8 364.9 372.5 373.5 370.6 368.5 365.8 364.7 366.4 372 375.8 375.2 374 375 374.4 373.9
376.8 381.7 385.7 382.3 377.5 370.9 365.2 357.9 351.2 344.7 337.8 331 324.7 318.3 311.4 306 299.8 293.5 286.7 280.2 266.6 242 219.3 222.7 233.7 245.1 251.3 260.6 271.3 289.1 295.7 296.4 293.4 288.4 283.9 279.3 273.9 277.2 288.7 296.5 302.7 305.9 306 307.6 315.5 328 351.3 349.1 345.2 341.9 338.8 335.6 330.2 330.4 330.9 330.7 330.1 332.7 335.3 339.6 346.4 350 354.2 360.2 368.5 375.9 374.4 372.2 369.2 368.1 369.9 375.4 377.7 377.4 377.1 377.4 376.1 375.8
385.1 386.8 384.2 380.5 375.8 370.4 363.7 356.4 349 342.8 336.1 329.2 323 316.9 309.7 304.3 298.7 291.7 284.8 278.2 272 258 230.6 219 229.4 236.1 243.3 253.3 266.5 287 293.4 293.5 291.2 285.6 281 276.4 270.2 268.9 275.5 280.5 285.6 292.9 296.8 303.7 306.4 308.3 340.3 345 341.5 339.2 336.1 333.2 330.1 325.2 327 326.5 325.5 328.8 330.9 334.3 341.6 346 350.4 356.2 362.6 368.5 375.6 376 373.9 372.3 372.3 377.3 380.9 379.2 378.4 380.7 379.3 377.9
387.7 387.2 384 378.4 374.2 369.4 362 354.5 347.4 341 334.9 327.9 321.7 315.5 306.9 301.8 296.9 290.2 282.8 274.8 267.8 257.2 229.1 215.7 230.6 230.5 237.3 248.3 261.4 282.7 291.2 291.1 288.8 283.9 278.5 272.1 265.2 259.9 265.9 268.6 275 279.4 283.5 288 294.4 292.3 300.7 329.2 336.8 335.9 334.7 332.1 327.7 316 322.4 320.3 322.1 323.6 327.1 331.2 339.6 343.7 347.6 352.4 359 366.3 374.5 380.9 379 376.6 375.3 377.8 380.9 380.8 380.1 380.4 379.9 379.4
384.4 385.2 382.3 377.3 372.2 367.2 360.5 352.7 345.7 339.5 334.1 327.6 321.2 313.9 305.9 299.3 295 288 280.2 272 263.3 248.9 223.2 213.4 230.8 230 232.9 242.2 256.5 278.2 287 286.1 285.3 281.3 276.8 268.4 262 251.8 257 263.8 265.6 269.4 269.6 274.3 274.9 279 286.4 297.2 328.2 330.7 330.9 329.4 326.1 314.6 315.2 313.2 317.1 317.7 325.2 329.7 334.9 339.6 344.4 349.1 355 364.2 373.8 381.9 380.4 377.9 375.5 377 380.9 380.8 382.3 382.8 382.5 382
381.4 381.6 379 375.2 371.2 364.7 358.4 351.4 344.1 337.9 332.2 325.7 319.1 312.1 305.2 297.6 291.9 286 278.7 270.7 261.8 246 226.8 209.5 227.5 229.3 227 236.8 251.1 272.1 282.7 282.1 280.4 278.3 273.7 266.6 258.9 251.6 243.3 256.1 260.2 261.5 262.8 266.5 268.6 268.9 269 283.5 299 318 325.3 325.6 322.7 315.6 293.5 300.4 312.8 316 322.8 326.5 330.4 333.8 341.4 346.3 352.7 361.5 369.5 380.9 380.1 377.1 374.2 374.1 378.9 381.9 384.4 384.9 385 384
377.2 377 375.1 371.8 367.9 361.3 355.2 349.2 342 334.9 329.4 323.5 317 310.1 302.8 295 288.5 284.3 277.3 268.3 260.3 241.7 228.4 209.6 220.3 225.8 221.6 233.5 246.9 266.6 277.9 276 275 273.5 270.2 264.9 256.7 248.7 240.4 245.4 254.2 256.9 259.8 265.3 265.5 264.4 263.9 276.8 290 297.3 306.3 317.2 317.4 301.1 277.1 292.1 306.1 315 318.8 321.6 324.1 332.8 339 343.5 350.1 358 366.2 376.9 378.1 376.6 373.8 373.9 377.2 381.9 384.7 386.1 386 385.5
374.1 373.7 371.1 367.3 364 357.3 351.3 345.4 339.8 332.8 327.2 321.3 314.9 308.1 299.9 293.3 285.9 280.8 275.2 265.7 252 242.4 228.8 210 214.8 222.6 217.8 228.5 242.7 261.7 272 272.3 269.2 265.9 264.5 261.2 255.5 247.7 239.4 233.5 244.4 249.9 254.7 259.9 260.3 261.8 260.2 264.1 275.3 287.9 291.7 286 284.8 276.5 267.6 282.8 301.4 307.6 311.1 316.6 318.4 327.7 334.7 340.1 347.1 354.7 362.7 374.3 376.4 375.6 373.6 373.3 374.6 378.9 384.4 386.8 387.5 387.4
370.5 369.9 367.4 363.7 359.3 353.3 347.2 341.9 336.7 331.3 325.2 319.3 313 305.8 297.5 291.2 283.3 276.8 271.1 264.1 247.6 239.7 229.3 212.9 210 215.4 214.5 224.9 237.8 250.5 264.3 266.2 264.7 260.1 260.4 257.7 254.2 247.5 240.3 230.4 232.2 240.9 243.9 245.4 247.4 251 249 255.1 264.2 279.6 279.3 277 273.2 263.3 262.9 278.6 294.7 302.9 306.1 309.4 317 319.9 331.2 337.8 344.7 352.1 359.6 370.3 376.2 373.9 372.6 372.2 372.7 378.9 385 388.3 389.2 389.5
366.3 366.4 363.9 360.5 355.2 349.5 343.9 339 333.5 327.6 322 316.5 309.5 302.3 294.9 288.5 280 273.1 267.9 260.9 245.3 235.8 228.7 216.5 204.2 206.8 209.3 217.6 229.9 238.9 253 258.8 258.4 255.8 252.6 252.2 249.8 245.2 239.9 231.2 227.4 231.5 236.7 240.8 241.6 244 243.2 243.2 254.9 267.6 270.5 264.1 259.6 256.2 258.3 272.3 289.5 296.9 302.8 307.7 312.9 318.2 330.1 336 342.3 349.5 358.1 368.4 373.6 372.2 372.9 369.2 372.5 379.2 385.5 389.1 390.5 391
362.5 364.4 361 356.5 351.4 346.1 340.4 335.1 329.8 324.2 318.8 312.3 306 299.9 292.7 284.4 276.1 270.4 264.8 257.3 245.2 234.8 230 217.7 205.9 199.2 204.7 212 221 229.5 237.3 247.6 252.1 250.5 247.8 246 244.7 241.5 237.8 231.7 224.4 223.7 228 237.4 238.4 229.5 234.2 233.8 244.3 252.5 256.7 248.8 250.9 248.5 252.9 266.6 282.7 294 302 306.9 311.1 317.4 327.6 334.1 339.7 345.3 355.1 367.1 371.6 370.3 368.9 368.9 372.7 379.2 385.7 391 394.4 391.5
