data/420000-420000.asc
ncols 200
nrows 200
xllcorner 420000
yllcorner 420000
cellsize 50
[rows 72 to 107 of 200, columns 81 to 161 of 200]
114.1 108.7 102.2 97.4 93.7 93 99.5 107.2 123.6 128.7 138.1 140.2 139.3 138.9 138.4 137.6 135.1 130.9 123.5 122.8 126.6 134.9 140.2 145.3 148.1 151.8 154.9 155.9 157.5 158.2 158.4 158.9 159.8 160.2 160.7 161.2 161.1 161.2 159.4 159.6 159.9 160.2 160.5 159.9 158.3 156.7 155.3 154.2 152.3 152.1 151.6 150.7 150.4 150 148.6 145.9 145.2 145.4 144.7 145 144.9 143.7 142.6 141.2 140.6 140 140.5 140.2 139.7 138.7 138 137.4 137.1 136.6 136.3 136.1 136 135.6 135.2 135 134.5
112 106.8 100.9 96.8 92.8 89.9 95.1 100.9 111.4 127.6 135.4 137.8 137.2 135.8 135.2 134.3 131.5 127.2 120.3 117.9 126.8 134.7 140.8 143.3 145.7 148.9 150.4 153.8 155.1 156 156 156.6 157.7 158.7 159.2 159.6 159.9 160.2 159.1 159.2 158.9 158.8 157.6 157.7 156.7 155.3 153.5 151.7 150.9 150.2 150.4 150.1 149.1 148.6 147.4 144.9 141.2 140.7 142.5 143.3 144 143.2 143.2 143.2 142.6 142.3 141.9 141.5 140.7 140.1 139 138.3 138.1 137.6 137.1 136.9 137 137.1 137 136.6 136.1
108.6 102 97.9 94.9 92.1 89.9 90.4 98.8 112 125.2 134.1 136.3 135.5 132.5 131.5 130.8 127.8 122.9 116.8 114.3 123.2 134.2 138.7 140.8 142.6 144.9 148 151.7 152.6 153.4 154.1 154.8 155.7 156.6 157.5 157.9 158.2 158.6 158.2 157.7 157.2 157.2 156.1 154.8 154.8 151.1 150.8 149.3 149.4 149.2 150.4 149.4 147.9 147.3 146.2 144.1 140.6 140.6 141 142.1 143.1 144.3 145.2 145 144.4 143.9 144 143.3 142.1 141.5 139.8 139.1 139.1 138.6 138.1 137.8 138.1 138.2 138.1 137.7 137.9
109.8 102.8 97.4 93.7 90.8 91.1 89.3 97.1 109.5 122.1 129.7 131.8 129.7 128 127.3 125.6 122.3 118.4 112.7 111.2 121.4 132.3 135.7 137.7 139.4 141.4 144.1 147.4 149.9 151 152.8 153.6 154.5 155.4 155.8 156.2 156.5 157.1 156.8 155.7 155 156 155.2 153.7 151.2 149 149.9 149.1 148.5 149 148.4 147.6 146.7 145.9 144.9 143.7 140.6 140.6 140.6 141.7 142.7 144.8 145.7 145.6 145.2 144.9 145.5 144.8 143.7 142.4 140.7 140 140.2 139.3 139.1 138.6 138.7 139.2 139.4 140.5 140.3
109.6 103.7 97.9 94.2 89.7 89.9 88.5 100.8 109.8 121.3 124.6 126 125.5 123.3 121.5 119 117.1 113.5 109.5 109.6 119.4 130.5 134.2 135.4 136.9 138.7 140.9 143.2 145.6 149.3 151.4 152.1 152.4 152.6 151.7 153.1 154.7 156.3 156 154.1 154.4 153.7 153.9 152.4 150.2 149 148.1 147 147.3 147.1 146.3 145.5 144.7 144.1 143.5 142.5 140.6 139.9 139.8 140.3 141.7 144.3 145.5 145.9 145.5 145.8 146 145.7 143.9 142.4 140.6 140.6 140.9 139 140.5 139.3 139.4 140.2 141.4 143.7 143.8
108.8 103.6 97.9 94.6 90.1 86.8 86.8 97.7 108.5 120.9 122.4 121.2 119.9 118.7 114.5 112.4 110.6 108.5 106 109.2 114.7 129 132.9 133.6 135 136.4 138.5 141 143.5 146.3 149.8 150.4 149.6 148.7 146.7 150.1 152.7 154.8 155.7 154.2 153.5 152 151.5 151.1 150.8 149.3 146.1 145 145.8 145.2 144.2 143.4 142.7 142.1 141.6 141 140 138.8 138.6 139 140.4 142 143.3 144.6 143.7 143.9 144.4 144.4 143.1 141.7 140.9 140.8 140.9 139 139 139 141 141.8 144.3 146.3 149.4
106.2 100.4 95.9 93 90.3 85.9 86.6 93.3 103.3 117.1 119.3 114.5 113.3 111.4 106.9 104.7 103.8 103 103.1 106.5 110.7 125.2 130.2 132.2 133.3 134.4 137 139.5 141.9 143.5 144.5 145.9 145.9 145.6 145.1 145.6 150.1 152 153.4 153.3 152.1 150.7 149.3 149.4 148.9 147.5 145.7 144.2 144 143.1 142.1 141.3 140.8 140.2 139.6 139.1 138.5 137.2 137 137.6 139.3 139.9 141 140.8 141.1 141.5 142.6 142.5 142.2 140.8 140.9 140.6 140.2 139 139.1 139.1 139.2 141.7 147.1 149.4 153.4
105.7 97.6 94.3 91 89 85.5 84.1 89.5 99.7 111.8 115 112.2 107.6 105.9 102.1 100.9 100.3 99.8 101.6 105.5 110.7 123.8 129.8 131.9 132.7 133.5 135.4 137.8 139.7 140.9 141.5 143.1 143.1 143 143.3 143.7 146.2 149.8 151.3 151.3 151.1 150.6 149 145.9 146.3 145.6 143.5 142.3 141.8 140.9 140 139.4 138.8 138.3 137.7 137.1 136.3 135.6 135.6 136.3 137.6 138 138 137.8 138.6 139.1 140.4 140.6 140.7 139.4 139.2 139.9 139.2 138.6 139.1 139.2 139 142.4 148.4 150.9 152.9
102.5 97.6 94 90.1 86.5 84.7 84.9 90 98.5 104.8 110.9 107.7 102.9 100.9 98.1 96.8 96.1 96.3 100.5 106 111.5 124.8 130 131.4 131.8 131.6 132.3 135.2 137.1 137.7 138.5 140.3 141 141 141.4 143.2 145 147.9 150.3 150.6 150.3 149.7 148.2 144.5 143.8 143.2 141.3 140 139.4 138.5 138 137.5 136.9 136.4 135.8 135.1 133.9 132.6 133.5 134.7 134.9 135.5 135.5 134.9 135.5 136.7 138.3 138.6 138.6 138.3 137.8 137.8 137 136.9 137.4 138.2 138.8 139.7 148.3 150.9 150.8
108.4 100.9 95.6 90.6 87.1 84.8 85.4 91.4 96.6 101.4 104 102.4 98.7 96.4 95.3 94 94 96.7 102.6 108.3 114 126.8 130.5 130.5 130.1 129.9 130.5 131.7 133.9 133.3 135.2 137.4 137.9 137.9 140 142.1 144.3 146.2 148.4 148.8 149 148.2 146.5 144.5 142.8 140.7 140.8 140.9 138.2 135.4 136.2 135.7 135 134.4 133.8 133.1 131 130.4 131.3 131.2 132.1 133.2 133.2 132.2 133.9 135.6 136.3 136.4 136.5 136.6 136.3 135.6 134.9 134.9 135.3 136.8 138.7 139.3 148.9 150.9 149
111.8 105.5 97.5 91.8 88.2 84.7 83.6 88.2 93.8 97.6 98.1 96.4 94.2 93 92.8 93.3 93.9 98.6 104.4 112.4 121.3 128.1 129.6 130 128.6 127.6 127.9 130.7 129 129.5 131.9 134.3 134.5 135.9 138.4 140.9 143.4 145.2 146.3 146.9 147 147.1 145.8 143.9 142.1 140.6 138.5 138.7 136.9 134.7 133.7 132.7 132 131.7 130.9 131.7 129.9 129.1 129.3 129.6 129.9 130.8 131 129.5 131.1 132.9 133.7 133.9 134 134.1 133.7 133.1 132.4 132.2 134.3 136.4 138.3 142.3 150.6 150.1 143.5
114.1 107.4 98.9 93 89.3 85.7 82.1 79.5 89.2 93 93.7 92.7 91.9 90.7 90.6 92.3 94.5 100.7 109.4 117.7 125.1 128.2 129.9 129.3 127.3 123.9 123 127.8 124.9 126.3 129.5 132 134.3 135.9 137.9 139.9 142.3 144.5 145.3 145.5 145.3 144.9 145 143.5 142.1 140.4 138.4 135.8 135.3 134.5 131.9 131 130.2 130.6 129.8 130.4 129.3 127.8 127.7 128.2 128.7 129.2 128.9 126.9 128.5 130.1 130.9 131 131 131 130.4 129.8 129.5 130.6 133.4 136.2 138.6 143.3 147.7 144.8 140.6
116.1 109.5 100.7 94.4 90.8 87.2 83.2 80.3 83.7 87.9 90 91.4 89.2 87.2 89.6 91.9 96.5 102.8 113.7 122.7 126.5 125.6 128 127.7 124.8 119.9 119.7 123.5 126.2 127.5 130.4 131.3 134.5 135.4 137.4 139.3 141.4 143.9 144.8 144.8 144.7 144.5 144 142.8 141.4 139.8 137.5 135.3 135 134.5 132.1 129.9 129.5 128.9 127.9 128.4 127.8 126.2 126.3 126.8 127.3 127.9 127.2 124.5 125.3 127 127.2 127.5 127.9 127.9 127.6 126.2 127.5 129.4 132.5 136.2 139.3 145.7 144.8 140.5 137.7
121.5 113.9 107.5 97.6 92.8 89 85.3 80.3 80.4 84.3 87.4 89.4 86.7 84.3 87.5 91.4 97.5 103.7 113.1 122.8 127.3 130 128.2 124.5 118.4 113 123.5 126.1 125.4 128.3 129.3 130.2 133.1 134.9 136 138.1 140.8 143.4 144.6 144.6 143.9 143.8 143 141.9 140.8 138.9 137.3 135.7 134.6 133.8 132.4 130 129.6 127.6 125.9 126.2 127.1 125 125.5 125.7 126.5 126.7 126 124.2 123.6 125.2 124.3 123.9 124.2 124.5 124.8 123.8 126.4 128.9 132.2 136.3 139.9 144.6 140.2 137.8 135.4
124.2 117.6 111.8 104 96.6 92.1 87.6 82.6 79.2 79.4 84.3 85.9 83.4 81 85.9 91.8 100 105.9 112.4 122.3 123.8 126.4 125.2 118.8 111.9 111.8 118 123.6 125.7 127.8 130.3 130.7 131.8 133.7 134.9 137.4 140 142.4 143.9 144.3 143.6 143.2 142.1 141 140.3 138.9 137.2 135.6 133.9 132.3 130.8 130.4 129.4 127.5 124.8 125.2 126.1 124.8 124.1 124.9 125.7 125.8 124 122 121.3 122.8 122.9 121.9 121.3 121.6 119.6 121.6 125.5 128.1 131.4 135.5 139.4 138.8 136.7 135 133.1
122.3 117.9 112.9 107 99.3 94.5 90.4 86.2 80.9 77 79.9 82.5 80.6 80.5 85.8 92.8 98 104.3 112.9 115.4 114 115.7 116.5 111.2 104 114.1 121.1 125.1 127.4 129.3 130.6 131 130.8 132.2 133.5 136 139.1 141.3 142.9 143.7 143.3 142.3 141.4 141 140.6 139.4 137.1 135.5 133.7 131.7 130.2 130 128.9 126.9 124.5 125.1 125.9 124 121.4 123 123.7 123.7 121.9 120 119.6 120.3 120.4 120.1 119.3 119.6 119.4 122.4 125.1 127.9 131 134.4 135.8 133.9 132 130.4 130.2
119.4 116.2 113.2 107.4 103.2 98.2 93.7 90.6 86.1 80 74.5 78.8 78.7 78.3 84.1 89.1 95.5 99.9 101.7 104.1 103.3 103 102.8 102.5 110.9 121.1 122.8 126.2 128.2 130.9 130.8 131 130.6 131 132.3 134.7 137.8 140.4 142.1 142.8 142.6 142.2 141.8 141.4 141 139.9 137.7 135.4 133.6 131.7 130.7 129.7 128.8 125.4 122.7 121.6 122 120.7 119.7 120.7 121.5 121.3 120.2 118.3 116.5 117 117.4 116.9 116.8 118.5 119.4 122.7 125.5 127.8 130.5 132 131.6 130.2 128.6 127.7 126.8
117.4 115.8 113.4 110.7 107.1 103.2 98.4 94.9 89 83.8 78.5 74.2 75.6 77.8 83.8 85.3 89.5 92.5 93.5 94.9 94.4 95.3 97.6 104.6 116.8 122.7 125.3 126.1 127.3 129.4 130.9 130.9 130.5 131.3 132.7 133.9 136.6 139.6 141.2 141.6 142.1 142.8 142.3 141.8 141.3 140.2 138 135.5 133.8 132 130.5 129.7 127.8 124.6 120 119.4 119.3 116.7 115 117.2 119.1 119.5 120.4 117.4 114.4 114.1 114.9 114.2 116.2 119.6 119.7 123 125.4 127.5 128.7 130 128.5 127.1 126.3 125.5 124.8
114.8 113.3 111.6 111 108 104.4 99.9 96.1 91.3 85.2 80.8 74.6 73.9 77.5 80.9 83.7 86.3 88.9 91 90.4 88.7 90.2 95.4 109.5 121 125.9 125.6 125.2 125.5 127.4 128.9 130.7 131.2 131.5 133 134.2 135.9 138.9 140.4 141.9 142.7 143.5 143.1 142.6 142 140.8 138.3 136.3 135.1 133.1 130.7 129.8 128.9 127 124.9 123.2 121.5 119.9 116.5 114.4 116.1 116.1 117.8 116.5 114.5 112.5 111.6 115.4 116.7 119.9 119.5 122.7 125.8 126.6 127.8 127.1 125.4 124.4 123.5 122.6 121.9
112.9 112.1 110.3 109.6 107.1 105.7 100.5 97 93 90.2 84 77.4 74.1 74.6 77.7 81.5 84.7 85.9 86.9 85.7 88.5 94.7 96.7 105.2 114.3 121 122.3 123.6 124.3 125.9 127.5 128.9 129.9 130.5 132.3 134.1 135.6 138 139.2 142.5 143.5 144.1 144 143.5 142.6 141 139.4 137.9 136.3 134.4 132.8 131.1 129.7 128.4 127 125.6 123.5 121.8 120.2 115.6 114.1 114.2 114.7 114.8 113 110.6 110.3 115.6 117.2 119.9 119.7 122.9 125.9 126 126.6 124.8 123.1 121.8 120.5 119.7 119
111.6 110.4 108.5 107.8 104.8 103 99.7 96.6 92.2 87.9 83.8 79.2 73.8 73 74.3 78.6 81.3 83.3 84.6 88.2 94.1 103 106.8 110.3 116.7 118.4 121 123 124 125.5 127 128 128.3 129.4 131.2 133 134.8 136.5 137.5 143.5 144.4 144.8 144.7 144.4 143.8 142.2 140.6 139.1 137.4 136.3 135 133.4 131.5 129.7 128.8 126.8 124.8 123.1 121.7 119.8 115.1 114 114 111.8 111.2 110.2 114.5 117.1 118 120 121 124.1 125.9 125.9 124.2 122.3 120.6 119.5 118 116.9 116.6
109.8 107.9 105.9 104.7 101.7 100 101.1 97.3 92.2 87.2 82.4 77.3 74.1 73.3 74.6 74.7 77.7 81.2 84.6 90.4 98.6 106.6 110.2 115.5 119.7 125.8 124.5 124.9 125.1 125.7 125.9 126.5 127 128.3 130.1 131.9 133.6 137.6 140.7 145.3 148.5 148 147.2 146 144.8 143.2 141.6 139.8 137.8 137.1 136.3 135.5 133.8 131.9 129.7 128.2 125.9 124.3 122.9 121 119 116.2 114.6 110.4 106.2 110 115 117 118.5 120.1 122.1 124.8 124.9 123.6 120.9 119.6 117.9 117 116.4 115.2 115.2
107.5 105.5 103.2 100.7 98.9 97.3 98 97.3 93.4 88.7 82.9 78.9 81 78.5 73.9 73.7 74 78.7 84.5 89.5 95.2 101.1 104.6 109.9 117.8 125.9 126.5 126.3 126.1 126.1 125.8 125.6 126.1 127.1 128.9 130.8 133.2 137.4 142 146.3 149.9 150.5 150.5 150.5 148.1 144 142.3 140.4 138.3 137.8 137.2 136.4 135.7 135.6 132.9 130 127.2 126 123.1 121.1 120 117.9 115 109.1 104.2 110 115.6 116.7 118.3 120 122.2 123.5 122.5 120.6 118.9 116.7 114.7 114.5 115.9 114.4 113.9
107.3 105.6 104.1 102 99.7 96.5 94.7 93 89.7 85.1 84.7 86.5 88.8 86.4 78.1 72.6 73.2 77.5 84.2 88.4 91.5 94.7 100.1 105.6 111.6 118.8 124.9 127.1 127.5 126.5 126.2 125.9 124.9 126 127.5 128.9 132.1 136.4 140.7 145 148.2 149.9 151.1 152.2 150.6 145.4 143 140.7 138.6 138.3 137.7 136.8 135.2 135.9 134.5 130.9 127.3 124.8 123.1 121.2 120.4 118.1 114.6 107.2 99.1 110.3 114 114.8 116.4 119.3 120.7 121.3 121.6 119.6 117.9 115.8 114.2 114.2 115 112.8 111.1
109.4 108 107 105.9 103.9 99.3 96.2 93.7 91.9 89.3 90.7 92.9 94.1 92 85.7 76.5 73.3 72 81 86.4 89.7 93 96.4 101.7 106 111.2 119.6 125.2 126.7 126.9 125.9 124.4 124 124.9 126.1 127.3 130.5 134.5 138.5 141.6 143.7 145.6 148.1 150.3 150.4 147.2 143.1 139.7 138.4 137.4 136.4 134.8 133.7 134.3 133.2 130.1 126.5 123 120.8 120.8 119.9 117.9 115.4 104.2 99 108.2 109.9 110.1 114.3 117.2 119.3 119.9 121 119.3 117.7 115.4 113.3 112.1 111.9 112.6 106.8
111.2 110.1 108.9 107.9 105.9 102.9 100 98.9 96.6 93.9 95 97.2 96 94.2 90.8 82.1 72 68.1 73.1 82.5 88.4 91.8 94.2 97.8 100.3 105.9 111 118.9 122.9 124 121.7 121.2 123.3 124.2 124.5 124.7 128.7 133 135.9 138.1 139.3 140.7 143.6 147.2 147.8 145.3 141.7 138.4 137.4 135.9 133.6 130.9 130.3 130.4 129.9 128.8 125.2 121.1 118.7 118.2 118.1 116.9 112.4 105.1 98.7 105.4 105.8 107.8 110.1 116.1 119.5 121 120.7 119.3 116.9 114.3 111.1 109.4 109.5 109.3 99.7
112.2 111.1 109.8 109.4 107.6 105.4 103.9 101.1 99.3 98.4 100 99.5 96.6 93.8 91.2 85.1 75.4 68.2 66.9 82.8 88.8 90.9 92.8 94.5 95.6 98.8 101 104.6 114.2 116.9 115.7 120.8 121.6 121.7 120.6 120.9 126.4 131.1 133.7 134.2 134.8 136.1 138.8 141.8 144.1 142.7 139 136.2 134.2 131.7 128.5 125.8 126.1 125.7 125 124.8 124.1 119.9 117.9 115.9 115.4 114.9 112.1 105.3 99 99.5 105.2 107.5 111.5 117.1 120.4 121 121 118.7 116.1 113.1 109.5 107.9 105.3 104.2 99.5
112.7 111.4 110.8 110.7 108.6 106.7 105.8 102.5 100.3 101 101.1 101.1 97.6 92.6 89.1 83.2 75.9 68.2 64 80.9 88.2 89.3 90.4 92.1 91.3 92.3 93.3 96.6 102.5 106 113.3 121.2 119.6 119.6 119.3 119.2 120 120.4 124.6 130.1 130.4 131.9 134.8 137.2 138.4 138.5 135.7 133 129.8 127.6 126.2 122.2 121.2 121 120 119.9 119.5 117.6 116.4 115.6 114.6 113.3 110.4 105 96.6 95.3 106.1 108.5 112.8 117.1 120.1 120.7 118.9 116.1 114.4 110.8 110.2 107.7 106.1 102.5 100.7
110.7 111.9 111.7 110.5 108.7 106.8 105.4 101.5 100.6 101.2 101.4 101.2 96.6 90.7 86.9 79.9 74.3 69.3 64 77.4 88.6 88.4 88.4 88.3 87.9 88.1 89.7 91.6 95.3 98.9 106.1 111.8 114.1 115.3 117.2 119.7 120.1 121.9 125 125.6 127.3 130.2 134.3 135.1 135.6 134.7 131.1 130 125.9 124.1 123 119.4 118.6 118.1 118.2 117.5 116.4 114.6 114.9 114.8 113 112 108.5 103.4 95.6 94.7 104.9 107.8 110.2 114.7 117.4 117 115 112.9 110 109.9 108.8 107.8 106 98.2 103.3
103.6 107.3 109.5 108.3 106.5 104.6 101.1 100.1 99.9 101.2 101.3 101.1 96.8 91.8 85.6 77.8 72.7 68.1 63.8 75.6 86.5 87.3 86.4 85.6 84.7 84.8 86.2 87.1 89.5 91.6 94.6 99 106.8 114.8 119.3 121.2 123.5 126.1 128.5 129 129.2 130.8 133.3 134.6 131 131.3 127.1 123.9 123.8 122.1 120.2 117.9 116.6 117.3 117 116.1 115.8 114.6 113.4 112.9 112.2 110.5 106.3 101.3 95.6 95.6 102.6 106.2 107.8 109.8 112.4 110.5 110.3 109.8 109.8 108.3 107 106.5 103.9 93.8 104.2
92.7 99.1 104 103.2 101.1 99.1 96.2 97 98.5 101.1 101.1 100.9 96.5 91.8 86.5 76.6 71.5 65.7 62.9 76.2 81.2 81.4 78.8 78.7 80.9 81 81.7 82 85 89.3 96.5 102.5 108.8 114.1 119.7 124.7 128.3 131.4 131.8 132.1 132.5 134.2 134.5 132.4 130.1 129.9 126.4 124.5 123.5 121 119.9 118.5 115.7 116 115.8 115.1 113.6 112.7 112.1 110.8 110.1 109.8 105.3 99.4 94.4 92.9 100.3 103.8 105.6 106.4 107.5 107.6 107.2 107.2 106.8 105.9 104.4 102.1 97 97.7 107.1
83.5 88.5 94.8 95.7 94.2 92.7 90.6 93.1 97.4 101.3 102.3 99.7 95.6 90.8 85.6 75.6 70.1 65.5 64.8 70.9 75.3 71.8 72.8 74.4 75.7 78.8 79.4 86.9 92.3 101.4 104.1 106.9 110.9 114 120.3 126.2 130.8 133.8 134.6 134.7 134.1 134.8 134.5 131.8 130.1 129.9 129.6 128.1 124.3 121.8 121.8 119.2 115.1 114.3 114.2 113.4 111.4 111.3 111.1 109.7 109.4 105.7 103 98.3 94.9 89.8 97.8 101.6 103.2 103.9 104.2 102.9 102.8 101.9 101.4 101.1 99.5 96.8 94.1 103.2 109.6
78 82.5 85 84.9 86.1 83.8 87.5 90.1 97.2 101.2 101.9 99.6 94.9 89 83.3 76.8 69.9 64.6 62.7 64.7 66.6 75.1 76.4 78.3 76.3 85.3 89.7 95.7 107.2 110.4 109 110.9 114.2 118.1 124.7 130.6 134.4 136.5 137.5 136.3 135.2 135 134.8 132.7 130 130 131.2 131.6 130.2 126 124.7 120.9 114.7 114.2 112.7 110.2 109.3 109.7 109.4 107.1 104 102.5 99.9 97.2 93.5 88.6 95.8 100.7 102 100.8 97.8 96.9 95.7 95 94.4 94.2 94.8 93 94.8 105.2 110.6
73.1 75.9 75.4 78.2 77.5 78.3 83.8 87.5 96.5 101.1 101 99.4 94.9 90.1 83.7 78.2 72 64.8 62.6 63.9 67.2 74.5 77.2 81.1 82.1 87.4 94.3 107.2 112.8 113 113.5 115.5 118 123.6 130.8 135.7 139.8 140.2 139.5 137.7 135.8 134.5 134.1 132.4 130.5 130.4 132 133.3 132.8 129 122.3 119.6 114.6 114.2 112.7 110.8 109.2 109.2 107.7 105.7 100.8 99.7 98.3 95.6 91.7 88.9 90.1 97.5 98.8 96.2 93.6 91.9 91.2 90.1 89.8 89.4 89 93.8 102.1 108.3 111.1
63.5 65.2 67.4 67.7 70.9 73.6 78.5 86 93.6 100.3 101.1 98.1 94.4 89.8 85.2 80.7 75 66.6 63.1 63.1 65.2 69.7 75.8 81.8 83.3 88.8 103.8 113.3 113.4 115.4 117.1 119.9 124 129.3 136.8 140.1 142.1 141.8 140.4 138.7 136.8 134 132.8 130.9 130.2 130.6 132 133.5 133.4 131.3 127.9 121.9 115 114.4 114.4 112 109.9 108.4 107.1 104.9 101 98 96.4 94.6 91.5 88.7 85.3 89.5 92.6 91.8 90.4 89.3 88 87.9 88.4 89 92.8 98.9 104.9 108.3 110.7
60 59.4 62.2 62.4 64.8 69.9 78.3 84 89.4 97.3 98.2 96.5 93.7 89.9 85.8 83.3 76.9 69.7 64.1 62.1 62.5 68.8 76 81.3 83.8 96.3 108.6 113.3 117.4 120.2 122 125.9 132.1 135.5 139.8 140.4 142.3 142.7 141.2 139.6 137.6 133.5 130.6 128.3 127.8 129.4 130.5 131.1 131.1 130.7 128.6 122.8 118.2 116.2 114.7 112.5 110.7 108.9 106.5 104.1 101.9 97.3 94.3 92.1 90.4 88.5 84.8 86 87.5 88.6 86.9 85.3 84.2 87.7 91.4 96.7 101 105 105.3 107.1 109.8
