data/420000-430000.asc
ncols 200
nrows 200
xllcorner 420000
yllcorner 430000
cellsize 50
[rows 36 to 71 of 200, columns 0 to 81 of 200]
50.1 48.6 48.2 48.1 48.1 48.3 48.5 48.8 48.6 49.2 50 50.2 49.7 49.2 46.7 46.1 46.3 46.6 46.9 47.3 47.8 47.9 47.7 48.1 48.8 54.1 60.4 67 68 64.6 66.6 74 77.9 79.9 81.1 82.4 83.6 84.5 85.7 91.6 97.6 100.5 101.2 95.6 103.5 108.2 111.8 114.7 117.1 120.3 123.5 126.8 129.3 130.4 129.8 129.2 130.1 130.6 129.2 127.4 125.2 122.8 121.1 119.4 120.7 121.4 123.8 126.4 129 132.5 135.2 135.6 134.3 130.3 131.6 132.8 134.7 136.9 139.7 140.3 140.8 140.9
49.7 48.7 48.4 48.6 48.9 49.9 50.8 51.5 54 55.4 55.7 55.2 54.6 54.5 50.2 48.2 47.3 47.1 47.3 47.8 47.9 47.9 47.9 47.6 47.4 47.6 51.5 55.6 59.9 59.4 67 71.3 75.2 76.8 77.4 78.5 79.5 80.8 81.8 89.5 95.4 99.3 101.3 94.1 102.7 106.2 109.7 112.6 115.2 117.8 120.4 123.4 125.8 127.4 127.9 128.6 128.9 128.2 126.6 125.1 123.8 121.7 119.4 117.7 117.4 118.2 120.5 122.6 125 128 128.2 129.9 128.4 128.8 129.6 132.8 134.8 137.3 139.8 140.7 141 138.1
49.6 48.8 48.8 49.7 51.6 52.3 53 56.5 61.2 60.8 60.3 58.5 56.8 55.4 53.2 50.5 49.1 47.6 47.5 47.9 47.9 47.9 47.9 47 47.1 47.1 47.8 51.7 59.2 61.5 64.4 68.4 72.5 75.1 74.5 74.4 75.3 76.4 78.8 85.6 91.3 96 96 93.9 102.5 105.5 107.6 110.5 113.1 115.7 118.3 120.9 123.1 125.3 125.4 126.7 126.7 125.6 123.9 122.3 121 119.8 117.5 115.7 114.8 115.1 116.8 116.6 118.3 121.3 122.5 123.8 125 126.9 130.1 133 135.6 137.3 139.4 140.7 137 133.1
49.2 49 50.2 51.8 53.8 56 59 64.5 67.6 67.1 65.7 62.8 59.7 56.8 54.7 53.6 52.8 49.1 47.7 47.9 47.9 47.9 47.6 47 47 47.1 47.2 48.7 55.4 58.9 62.2 65.2 69.5 71.9 72 70.6 71.2 73.1 77.9 82.7 86.6 88.7 88.1 95.1 102.2 103.8 106 108.6 111.1 113.3 115.9 118.2 120.4 122.6 124.1 124.7 124 123 121.5 119.6 118.2 116.2 114.2 113.3 112.5 113.1 114.4 113.9 113.6 117.2 119.2 120.7 122.9 126.1 129.5 132.4 135.5 136.1 135.8 133.2 129.2 127.8
50.5 52.1 52.4 54.6 57.2 60.5 64.4 70.1 72.9 73.3 71.2 68.1 64.1 59.5 57.6 57.1 55.9 52.8 50 47.9 48 47.8 47.1 47 47 47 47.1 47.9 50.6 55.5 58.6 62.4 66.7 71.1 69.4 67.1 68.6 72.6 76.5 79.4 82.2 81.6 86.2 95.8 100.2 102.1 104 106.5 108.7 111.1 113.3 115 116.8 118.9 120.5 121.3 121 120.3 119.2 117.1 114.8 112.8 111.2 110.4 109.8 110.3 111.1 111.2 112.2 115.3 118.4 120.3 123.6 127 129.7 131.9 133.3 132.9 129.2 126.5 125.2 123.7
53.3 55.1 57.2 59.4 61.7 65.1 70.6 75.1 77.8 78.4 76.4 73.4 69.1 64.1 59 60.4 60.6 58.6 54.5 51.5 48.7 47.2 47.3 47.2 47.1 47 47.3 47.3 48.4 51.7 56.1 59.9 63.2 66.9 65 64 66 71.7 76.2 77.1 77.9 79.1 84.2 92.2 96.4 98.8 101 103.1 105.1 107.4 109.5 111.5 113.4 114.9 116.1 117.7 117.5 116.8 116.2 114.2 112.2 109.9 108.3 107.5 107.3 107.6 108.5 109.8 111.3 114.1 117.8 120.1 123.2 126.7 129.6 131.1 128.7 124.5 123.3 121.4 120.9 121
58.2 59.9 61.9 64 67.1 71.4 77.4 82.5 85.4 85.4 83.4 78.6 74.1 67.7 63.9 65.2 65.9 65 63.2 60.9 54.4 51.4 47.5 47.4 47.2 47 47 47.4 47.9 49 52.5 55.5 60 63 62.5 62.1 64.6 70 72.6 73.8 75 76.8 81.1 88.5 91.8 94.8 97 99.2 100.9 102.5 104.5 107.5 110 111.9 112.8 114.4 114.3 113.6 112.6 110.3 109.7 107.1 105.8 104.7 105.7 106.8 108 109.2 110.3 113 117 120.1 122.3 126.2 126.8 126 122.5 118.7 119.1 117.2 117 117.2
64 65.3 68.3 71.8 74.7 79.1 85.3 94.5 95.2 94.7 93.4 91.5 87.2 78.7 68.8 72.5 75.2 76.5 78.4 76.6 68.4 56 49.7 47.3 47.1 47 47.6 47.9 47.9 48.2 49.2 49.5 53.7 57.8 58.1 58.2 63.4 67.2 69.2 70.4 71.9 75 79.1 83.8 87 89.9 92.8 94.8 96.5 98.2 99.9 102.4 104.8 108 109.8 111.1 110.8 110.2 108.9 107.9 106.7 104.5 103.3 103.4 104.8 106.2 107.4 108.4 109.4 112 115.9 119.5 122.1 124.2 122.6 118.7 116.8 114.7 113 112.7 113 113.3
69.6 72.5 76.2 80.6 86.6 98.5 102.2 102.7 103.8 103.8 99.5 97.7 93.9 88.2 82 85.2 88.2 89.1 86.5 83.5 78.8 69.7 53.5 50.6 47.4 47.5 47.9 47.9 48 48 48.8 48.3 49.3 54.2 54.5 56.7 61.8 65.1 66.3 67.2 69.5 72.4 76.8 81.1 83.7 85.8 89.2 91.8 93.8 95.3 96.5 97.9 100.1 104.1 106.9 106.4 106 105.3 104.5 105.6 103.9 101.6 100.2 101.6 103.6 105.1 105.8 106.9 109.1 111.6 115.1 119 120.6 119.9 116.8 112.8 111.8 110.3 108.6 108.7 109.1 110
77.1 82.4 87.6 93.5 101.7 101.3 103.5 109.8 113 108.1 111 104.3 97.6 96 95.8 96.7 94.6 92.7 91.5 90.3 87.3 79.9 65.1 54 49.5 48.2 48.3 48.3 48.4 48.6 48.9 47.9 48.8 53.4 54.4 56.4 59.4 61.3 64.2 65.1 67.2 70.3 74.7 78.5 81.5 83.9 86.7 89.4 91.7 93 94.2 95.6 97.7 100.2 103.3 104.1 103 101.4 100.5 101.8 100.1 99.2 99 101.2 102.8 104.2 104.3 106.6 108.9 111.3 115.8 117.9 116.8 113.7 110.5 108.5 107 105.5 104 105.5 106.6 107.8
86.1 92.4 100.5 108.5 113.8 110.2 113.5 116.5 115.6 110.1 110.3 104.5 102.3 101.2 101.2 100.6 99.7 99.2 98.2 97 94.7 88.5 76.8 60.6 51 49.3 49.3 48.9 48.9 49 49.3 48.7 48.4 49.5 52.2 54.8 56.9 58.3 61.1 63.3 66 69.2 72.7 75.3 78.6 81.9 84.6 87.1 89.4 91.2 92.1 93.2 94.8 97 98 99.2 99.9 98.1 96.7 97.1 98.2 98.7 99.2 100.2 102 103.9 106.1 106.3 108.6 110.6 114.6 114.3 109.4 107 106 105.4 104.2 102.7 102.4 103.7 105 106.5
97.1 104.3 111.6 119 121.3 121.7 119.6 116.3 114.2 110.6 109.1 107.4 105.3 105.1 105 104.5 103.6 101.8 102.2 99.5 96.8 90 80.4 64.5 52.2 49.6 50.4 49.6 49 49.7 49.4 48.9 48.4 49.1 50.3 52.9 54.4 56.4 58.9 61.3 64.1 66.1 68.2 71.7 75.3 79.7 82.3 84.8 87 89 90.7 91.8 92.7 92.9 93.8 95.6 95.2 95.2 94.2 94.1 94.8 97.4 97.6 99.1 100.5 102.6 105.5 106.3 107.9 108.7 109.3 106.8 104.8 102.2 101.3 100.4 100.9 100.8 100.9 102.6 103.8 104.9
107.5 115.7 121.1 121.1 119.8 119.1 116.4 113.9 114.3 110.9 110.7 110 108.7 107.3 106 106.1 104.5 101.9 101.1 95.9 91.2 83.8 74.7 64 51.3 51.5 50.4 50.3 50.2 50.1 49.6 49.1 48.6 48.2 49.1 50.4 53.6 55.6 57.5 60 61.4 62.8 64.6 68.5 72 75.6 79.8 82.2 84.7 87 88.5 89.9 89.3 89.6 89.6 89.9 89.8 91.6 93.8 93.9 95 95.7 96 97.4 98.8 100.9 102.8 105.3 106.7 107.4 106.8 103.9 101.1 98.4 98.1 98.5 99.1 98.3 99.4 101.3 103.3 105.6
116 121.4 121 120.6 117.7 115.9 114.2 114.2 113.9 115.2 114.1 111 110.1 106.9 105.6 104.3 98.3 96.8 95.4 89.4 87.2 86.4 89.2 82.2 65.6 53 50.4 50.3 50.2 50.2 50.1 49.4 48.9 48.8 49.1 49.2 52.8 55.7 56.8 58.8 60.1 61.3 62.4 65.1 68.4 72.6 76.1 78.2 81.6 84.9 86.3 87.1 85 85.8 89.1 90.3 89.7 91.4 94.5 93.9 95.7 95 94.8 95.2 96.5 98.7 101.3 103.9 106.1 106 103.9 100.7 98.7 96.2 95.9 95.4 97.3 95.9 96.9 98.8 101.3 103.7
122.4 121.5 119.7 119.2 118.8 116 116.7 117.2 116.3 116.1 114.7 111.5 107.8 105.2 103.7 99.3 95.6 94 92.6 93.5 95.5 95.6 95.1 91.3 81.2 62.6 51.8 50.6 50.2 50.2 50.1 50.1 49.7 49.2 49.1 49 49.8 54.1 56.1 57.6 58.9 60 60.7 62.3 64.7 68.3 71.8 74.8 78.2 81 83.1 84.4 83 85.6 90.2 91 90.8 93 95.6 96 95.5 94.9 93.5 94 94.4 96.8 99.4 102 103.1 102.7 100.1 97.5 95.1 93.8 93.5 93.8 93.6 93.9 94.5 96 97.2 101
123 121.7 119.4 119.2 119.2 118.5 120.9 121 119.6 116.2 113.1 108.2 104.8 103.8 101.9 100.6 99.9 98.7 98.8 98 96.2 95.7 92.4 89 81.4 66.9 53.9 51.6 50.7 50.2 50.1 50.1 50.2 49.7 49 49.3 49.3 52.4 55.6 56.4 57.6 58.1 58.6 59.8 61.9 65.6 69.2 71.8 74.9 77.5 80.6 81.6 77.7 84.2 88.1 89.4 91.7 93.7 95.6 95.5 94.8 92.8 92 92.7 92.4 94.7 97.1 98.8 98.7 97.8 95.9 94.1 93.5 91.3 91.1 91.6 91.8 92 92.4 92.7 92.7 95.5
123.9 121.7 119.3 119.4 120 120.9 120.3 120.3 119.2 114.5 111.4 107.2 104.3 104.5 104.1 105.2 103.1 101.3 100.1 97.9 95.9 92.2 89.4 83.3 74.6 62.8 56.9 53.5 52.6 51.9 50.3 50.3 50.3 50.3 49.6 48.8 48.5 49.4 53 54.7 55.9 56.3 57.4 58.1 59.5 62.4 64.9 66.9 71 74 76.7 76.4 74.7 82.7 87 89.2 91.6 93.4 93.4 93.5 93 90.9 90.6 90.6 90.4 92.7 95 95.7 95.6 94.7 92.5 91.3 91 90.1 89.8 89.5 90 90.9 90.3 89.4 89.2 89.4
124.9 123 121.1 121.5 122.6 122.9 122.5 120.8 118.3 115.2 112.7 111.7 110.1 108.6 107.5 106.1 105.1 102.9 99.5 96.1 92.4 87.6 83.1 77.5 70.1 62.3 59.2 56.8 55.2 53.9 50.8 50.5 50.3 51.2 51.1 49.5 48.4 48.4 49.7 52.5 54.6 55.9 56.9 57.2 58 59.9 61.2 63.1 65.5 69.8 71.3 73.9 76.6 80.8 84.9 89.1 91.8 92.1 91.6 91.5 91.5 90.6 88.7 88.4 88.5 90.9 92.6 92.9 91.9 90.4 88.7 87.4 86.7 86.6 87.4 86.8 87.3 87.6 86.9 85.3 84.5 83.9
125 124.2 123.5 124 125.2 125.1 125.8 123.9 122.8 121.4 120.5 119.2 115 111.9 109.7 108.1 106.2 103 99.7 94.5 89.7 84.8 79.5 74.3 68.3 68.1 67.2 65.3 62.4 57.7 54.4 52.9 51.3 53.9 52.7 50.8 47.7 45 46.8 49.7 52.7 55.1 55.8 56.9 58 57.8 57.6 58.7 60.7 63.4 65.2 72 75.4 79.3 83.1 86.9 90.9 91.1 89.8 89.8 90.1 88.5 86.6 85.3 86.7 88.6 89.8 89.5 88.2 86.8 85.2 84.1 83.5 83.4 84.5 84.8 85.8 87 87.1 84.7 80.6 79.4
124.4 123.9 124 126.1 128.2 129.2 129.3 128.3 127.2 126.3 125.1 121.7 117.8 113.6 111.7 109.8 106.8 103.3 99.8 94.9 90.2 83.7 78.7 77.2 77.7 78.9 79.3 78.8 77.7 70.5 63.1 58.8 56.5 55.4 53.8 51.7 50.5 44.4 44.6 47 50.3 52.5 53.7 55 55.6 55 54 54.7 56.4 59.3 63.1 69 72.7 76.4 80.4 84.1 87.6 89 88 87.4 87.5 86.5 84.9 83.6 84.1 85.6 86.5 86.2 84.9 83.5 81.9 80.2 79.6 80.6 81.1 81.8 83.4 85.3 79.9 76.5 72.3 73
123.9 123.9 126 126.6 128.6 130.6 130.4 129.8 128.5 126.6 124.1 122 119.2 115.6 113.1 110.9 107.7 104 99.6 94.9 90.1 85.1 83.5 85 87.7 89.5 89.5 87.6 86.2 83.7 76.5 67.2 61.9 58.7 55.4 53.6 52.4 50 44.1 45.2 47.6 50.6 52 52.7 53.1 53.3 52.5 52.1 53.4 54.2 56.4 65.3 69.8 73.5 77.4 81.2 84.8 85.9 85 85 84.9 84.4 82.5 81 81.5 82.9 83.7 82.4 82.1 80.2 78.8 76.7 77.5 78.2 78.9 78.2 77.9 69.5 68 65.7 65.4 65.4
122.6 124.8 125.4 126.1 128.5 129.5 130.9 130.8 130.4 128 125.4 123.9 120.7 118.2 114.9 111.4 107.9 103.2 98.9 94.3 91 89.2 90.1 91.8 93.9 95.9 95.7 94.1 91.8 88.8 87.1 81.5 70.7 62.5 57.7 55.7 54.4 53.4 50.2 43.6 45.1 48.4 50.5 51.4 50.9 50.5 50.7 50.7 51.7 51.9 53.8 59.3 63.6 69 73.9 78.3 80.2 83.7 82.6 83.1 83 82.3 80.3 79.1 79.7 81.1 80.9 79.7 79.1 76.4 74.3 74.4 75.1 76.2 76.1 73.2 68 62.2 59.3 58.9 59 59.7
121.3 123.4 126 126 128.9 130.8 131.1 130.9 130.1 128.5 126.9 125.4 123.5 121.4 118 114.3 108.7 103.6 99.4 97.7 96 95.3 95.7 96.3 97.7 98.9 97.3 95.8 93.3 90.3 85.4 80.1 71.6 63.3 59.9 57.6 56.1 54.2 52.4 50.4 44.2 44.8 48.2 51.2 49.1 47.6 48.4 48.8 48.6 49.9 51.3 53.4 56.3 59.4 64 70.4 72.2 75.4 78.2 79.6 80.6 79.6 77.9 75.3 76.5 78.5 78.3 77 75.5 73.8 72.2 72.4 72.4 72.4 70.5 61.8 57 53.4 51.9 50.7 50.5 51.3
120.8 123.8 125.5 127.4 128.9 130.5 131.1 131.1 130 129.2 127.9 127 126.1 123.3 119.9 114.9 110.9 107.6 103.4 101.7 99 100 100.4 100.7 101.3 100.3 98.3 95.1 91.5 85.3 79.1 73.9 69.6 67.7 64.4 60 57.9 56.4 55.6 54.4 48.7 44.2 44.4 50.4 51.2 50.6 49.4 48.5 48.4 50.5 51.4 51.7 49.3 48.8 48.5 52.7 53.9 59.4 66.2 77.7 79.1 76.9 74.7 73.1 74.8 75.6 75.1 74.4 71.7 70.5 70.5 70.3 70.1 66.7 60.6 53.9 50.1 47.7 45.8 45.2 44.4 44
122.9 124.3 126.5 128.3 129.1 130.7 131.2 131.3 131.5 130.9 129.6 128.8 128 126.1 122.5 118.6 115.1 111.7 107.9 104.2 104.2 104.6 104.9 104.9 103.7 101.8 97.9 93.9 89.7 86.6 84.9 76.6 73.6 72.2 69.4 65.1 60.2 57.3 57.1 56 53.1 49.3 45.4 44 49.1 51.5 51.2 51.2 51.7 47.3 48.9 51.8 51.1 51.2 48.7 45.4 45.8 47.5 50.5 63.7 76.8 73.7 71.4 69.4 71 72.2 71 70 68.8 68.3 68.2 67.8 65.5 61.5 55.2 49.5 45.5 41.8 39.6 39.8 39.6 39.2
125.9 126.7 128.3 129.7 129.5 130.8 131.5 131.7 131.9 132.1 131.4 130.6 129.9 128.1 125.7 122.2 118.8 114.8 111.3 109 108.9 109 109 107.6 105.9 102.5 99.2 96.3 93.6 91.2 85.9 80.1 78 75.5 72.9 69.7 65 60.7 58.1 57.4 55.3 52.8 50.3 47.5 44.3 44 47 48.1 46.6 45.1 44.7 44 44.5 44.4 44.6 44.6 44.6 44.5 44.7 49.9 64.8 70.2 66 65 68.3 68.3 67.6 67.3 66.8 66.6 66.5 64.7 61.8 57.2 51.7 46.9 41.8 38.9 39.5 39.7 39.4 38.9
129.4 129.3 130.6 131.9 133 132.9 132.2 132.4 132.5 132.7 133.1 132.4 131.6 130.8 127.9 124.3 120.8 116.5 113.3 113.6 113.6 113.3 111.7 109.4 106.4 105.4 103.3 100.1 96.6 92.5 88.3 83.8 81.3 78.8 76.3 73.7 70.3 66.7 62.7 60.7 59.5 54.9 52.8 52.3 50.7 50.2 48.1 48 47.7 49.2 46.8 48.7 49.5 50.7 49.7 48.2 45.6 43.7 43.2 43.1 47.5 59.8 59.5 63.1 66.6 66.4 65.2 64.3 65.3 65.2 64.3 62.1 58.3 53.9 49.7 44.5 41.6 39.3 41 42.1 41.7 40.3
132.1 132.3 132.9 133.6 135.5 134.3 133.6 133.3 133.4 133.5 134.5 134 132.7 131.2 129 125.2 121.8 119.6 116.2 115.8 117 116 114.1 111.5 110.2 109.2 107 104.2 100.3 95.7 91.4 86.8 84.6 82.2 79.7 77.1 75.4 73.3 71.6 68.6 65.6 61.1 55.1 53.4 51.3 51 50.7 50.2 50.3 50.7 51 51.2 51.3 51.2 51 50.9 47.6 44.3 43.7 43.4 43.9 55.3 56.3 60.7 64 64.1 63.3 62.9 63.6 63 61.9 57.9 53.5 50.6 46.2 46.1 40.2 40.3 42.4 43.1 42.8 42.8
134.7 135.3 135.8 136.5 136.9 136.2 135.3 134.7 134.4 134.5 135.3 136 133.6 132 129.6 125.6 124.2 122.7 120.9 120.7 120 117.5 114.5 114.2 113.6 112.6 110.1 107.2 103.7 99.1 94.1 89 87.1 85.2 83.1 80.9 78.8 76.7 75.3 73.2 69.5 64.1 59.1 55.2 52.2 51.6 51.1 50.4 50.4 50.5 50.8 51.2 51.2 49.4 49.7 48.9 49.3 46.1 44 43.5 43.2 50.5 54.9 60.8 61.1 61.6 61.1 60.8 61.8 61.1 59.6 54.2 49.9 46 43.4 43.3 39.3 41 44.3 46.5 46.9 47.1
139 139.2 139.8 139.7 139.7 138.9 137.9 136.8 136.8 136.8 136.1 135.7 134.4 132.4 130.1 128.1 126.5 125.6 124.6 122.4 120.6 119.1 117.2 116.2 116.3 114.5 111.5 109.2 106.3 101.5 96.8 92.9 89.7 87.9 86.4 84.5 82.4 79.2 76.5 73.5 70.2 65.6 60.9 56.5 53.7 52.2 51.6 50.7 50.6 50.8 51 51.1 50.7 49.8 49.2 48.5 48 47.2 45.4 43.4 43.4 46.7 56.4 61.2 61.2 60.4 59.1 58.9 59.3 58.1 55.5 51 46.8 44.1 43 42.1 38.9 42.6 47.1 50.3 51.5 51
147.8 144.7 144.3 144 142.6 141.7 140.9 139.2 138.8 138.6 137.6 136.5 135 133.1 131.3 129.4 128.1 126.5 125.1 124.1 122.6 121.5 120.1 118.4 117.3 115.6 113 110.1 105.9 102.1 98.6 95.6 91.9 90.8 89.4 86.9 83.7 79.8 76.7 73.5 70.1 66.7 62.9 58.5 54.6 53.3 52.2 51 50.4 50.6 50.7 50.1 50.1 49.5 49 48.3 47.7 47.2 45.8 44.3 43.3 46.5 56.8 61.8 61.6 60.4 56.7 56.3 55.5 53.8 52 48.1 45 43 42.4 41.9 39.3 43.4 49.6 53.4 56.3 64
160.5 157.8 153.4 150.6 145.5 145 144 142.6 141.7 141.1 139.6 138.5 137.3 135.5 134.1 131.5 130.2 128.8 127.5 126.7 125.9 124.8 123 120.1 118.4 115.3 112 107.3 102.9 99.4 96.8 95.1 93.2 91.4 89.3 86.5 83.3 79.6 76.6 73.2 69.8 66.2 63.4 59.5 55.1 53.3 52 51.1 50.5 50.2 50.1 50.1 49 49.2 48.7 48.2 47.6 47.1 46 44 43.7 45.5 54.4 61.3 61.6 59.5 55.5 53.1 50 49.2 48.7 46.7 44.3 42.8 42 41.7 39.2 43.4 52.8 56.9 59.6 62.9
165.9 163.2 158.2 153.2 149.5 147.6 147.1 146.2 145.2 144.3 143.4 141.7 140.8 139.3 136.4 133.7 131.8 131.2 129.9 129.1 128.7 127.1 125.5 121.6 117.9 114.5 110.2 105 100.8 97.7 95.7 94 92.3 90.2 88.2 85.8 81.6 80 76.5 72.8 69.9 66.5 63 59.2 56 53.5 51.3 50.3 50.1 50.1 50.6 50.8 51.2 49.4 48.8 48.2 47.5 47.1 45.9 44.3 43 47.2 53.4 59.1 60.2 58.7 54.8 50.6 48.6 46.6 45.6 44.6 43.5 42.2 42 40.1 40.8 45.1 54.7 58.8 63.2 64.3
166.4 165.7 163.1 158.5 153.6 151.3 150.3 149.4 148.4 147.5 147.3 145.9 144.5 141.5 138.4 135.8 133.3 133 132.3 131.7 131.2 128.6 125.4 120.1 115.4 111.6 109.3 103.8 98.9 96.3 94.3 92.7 91.1 88.3 86 83.3 80.1 77.7 74.6 71.8 69.9 65.7 61.8 59.2 56 54.1 52.7 51.1 50.2 50.1 50.8 50.1 50.1 49.6 49 48.3 47.5 46.8 45.5 44.3 43.6 49.6 53.4 56.6 57.4 56.6 53.8 50.1 47.8 45.7 44 43.6 42.7 42.3 42 39.3 42.6 50.3 57.1 59.9 63.3 70.4
167.6 168.3 165.1 161.4 158.8 156.3 154.1 153.1 152.5 151.4 150.6 148.9 146.8 143.2 140.4 138.4 135.5 134.7 134.5 133.2 131.1 126.7 120.7 115.9 111.7 108.7 105.2 101.4 97.4 94.6 92.3 90.4 88.5 85.5 83.7 81 78.2 75.4 72.5 69.5 66.9 64.1 60.4 57.9 55.6 55.1 53.1 52 51 50.2 50.5 50.6 49.4 49.3 49.1 48.4 47.6 47 44.6 44.1 44.1 47.2 52.2 54.3 54.6 54.4 51.8 49.8 47.6 45.4 44 43.3 42.6 42.3 41.8 39.5 45.9 52.7 58.8 62.4 63.9 75.8
168.5 168.1 166 166.8 165.1 162.8 159.1 157.4 157.5 155.8 153.3 151.3 148.7 145.7 144.9 143.2 140.3 137.2 136.2 134 127.8 122.2 117.4 113.6 110 107.9 105.6 100.3 96.1 92.8 90.2 88.2 86.6 84.5 81.3 79.1 76.3 73.5 70.6 68.2 65.9 63 60 57.6 54 54.1 53.4 53 52 52.5 53.5 53 51.2 49.2 49.3 48.6 48 46.1 44 43.8 43.8 44.7 48.9 49.9 50.5 50.8 49.7 49 47.4 45.6 44.9 43.4 42.7 42.1 40.4 42.3 51.2 53.7 60.8 61 66.5 76.7
