data/420000-220000.asc
ncols 200
nrows 200
xllcorner 420000
yllcorner 220000
cellsize 50
[rows 140 to 174 of 200, columns 78 to 155 of 200]
114.8 115.1 115.5 115.8 115.3 113.9 112.4 111.4 110.8 110.7 109.7 108.4 108.4 107.8 108 108.3 108.2 107.5 107.3 106.6 106.6 106.7 106.7 106.7 106.5 106.1 106.1 106.3 106.5 107.4 107.6 106.3 107.7 109 108.9 108.9 109 109.7 111.5 113 114.6 116.2 117.1 117.6 117.5 117.4 117.4 117.2 117 117.1 117.8 118.6 119.7 121.3 121.9 122.5 123.1 123.7 124.3 125.2 124.6 122.7 120.9 120 119.4 118.8 118.5 118.3 118.1 117.9 117.7 117.8 117.9 118.2 118.5 118.9 119.2 119.6
115.1 115.4 115.8 116.1 115.1 113.8 112.3 111.9 111.6 110.2 108.9 108 107.9 108.1 108.6 109.9 110.1 109.7 109 108.4 107.7 106.9 106.8 106.8 106.4 106.1 105.9 106.1 106.3 107.3 107 106.1 108 108.7 108.9 109 109 111.1 113.1 114.6 116.2 117.2 117.9 118.2 117.8 117.9 117.9 117.7 117.5 117.2 117.3 118.1 119.2 120.3 120.9 121.5 122.2 123.1 124 125 126.3 124.4 122.5 120.4 119.1 118.4 118.1 117.9 117.6 117.3 117.2 117.3 117.4 117.5 117.8 118.1 118.5 118.8
115.4 115.8 116.1 115.7 114.6 113.5 112.2 111.8 110.8 109.4 108.5 107.7 108 109.2 110.9 112.2 112.1 111.4 110.8 110.2 109.6 108.8 107.9 107.1 106.3 106.1 105.9 105.8 106.2 106.6 106.1 106.4 107.6 108.7 108.7 108.9 110.4 112.6 114.6 116.2 117.2 117.9 118.6 118.4 118.3 118.3 118.3 118.2 118 117.7 117.4 117.6 118.7 119.3 120 121 121.9 122.8 123.8 124.7 125.9 126.1 123.3 121.8 120.3 118.8 117.6 117.3 117 116.8 116.8 116.9 117 117.1 117.2 117.3 117.7 118
116.8 116.1 116.3 115.2 114.1 113.1 112 111 109.9 109 108.4 108.1 108.9 110.9 113.1 114.2 113.7 113.1 112.6 112 111.4 110.7 109.8 108.4 106.3 106.1 105.9 105.6 106 105.7 105.9 106.9 108.5 109 108.7 108.9 111.8 114 116.2 117.1 117.7 118.3 118.9 118.7 118.7 118.7 118.7 118.7 118.5 118.2 117.9 117.7 117.9 118.9 119.8 120.7 121.7 122.6 123.5 124.5 125.5 125.7 124.3 123.1 121.7 120.1 117.5 116.7 116.5 116.2 116.3 116.4 116.5 116.6 116.7 116.8 116.9 117.3
118.2 117.2 115.8 114.7 113.6 112.5 111.5 110.5 109 108.6 108.5 109.8 110.6 111.4 113.9 115.8 115.3 114.8 114.3 113.8 113.2 111.6 110.2 108.8 107.8 107.2 106.5 105.6 105.6 105.9 106.2 107.3 109.1 109.5 108.6 110 113.1 115.3 116.8 117.4 118 118.6 118.9 118.8 119 119.2 119.2 119.2 119 118.7 117.8 116 117.1 118.6 119.5 120.5 121.4 122.3 123.3 124.2 125 125.5 125.2 124.4 122.9 120.7 117.9 116.2 115.9 115.7 115.8 115.9 116 116.1 116.3 116.4 116.5 116.6
118.4 116.9 115.3 114.1 113 111.9 110.9 110 109 108.7 110.1 111.6 112.9 113.9 116 116.5 116.4 116.1 115.8 115.3 113.3 111.7 110.2 108.9 107.5 106.8 106.1 105.5 104.9 105.9 106.4 107.6 108.2 108.5 109.3 111 114.1 115.4 116.6 117.3 117.3 118.1 118.8 118.7 119 119.2 119.4 119.6 119.2 117.5 115.9 114.2 116.1 117.8 119.2 120.2 121.1 122 123 124.1 124.7 125.7 125.6 125.4 123.8 121 118.2 115.6 115.4 115.3 115.4 115.5 115.6 115.7 115.8 115.8 115.8 116.1
118.1 116.6 115.1 113.5 112.5 111.4 110.4 109.2 109.7 109.6 110.4 112.6 114.7 115.9 116.8 116.9 116.7 116.5 116.1 115.2 113.4 111.9 110.4 108.9 107.7 106.4 105.8 105.3 105.2 104 105.9 106.6 106.5 106.7 109 108.9 114.3 115.4 114 115.6 116.9 117.7 118.5 118.7 118.9 119.1 119.3 119.4 118.6 118.4 116.9 115 115.8 117.2 118.5 119.9 120.8 121.8 122.9 123.8 124.8 125.8 126.2 125.9 124.2 121.4 118.6 115.8 114.8 114.8 114.9 115 115.1 115.1 115.1 115.1 115.5 115.7
117.8 116.4 114.9 113.1 111.9 110.9 109.6 109.1 110.2 111.5 112.4 113.4 116.4 116.9 117.4 117.3 117 116.8 116.2 115.1 113.5 112 110.5 109 107.6 106.4 105.4 105.2 105.1 105.2 105.6 106.2 106.4 106.3 110.3 113.6 113.3 112.7 112.5 113.5 115.5 116.3 117.8 118.4 118.6 118.7 118.9 119 118.2 117 116.5 116 115.4 117.2 118.3 119.5 120.6 121.7 122.8 123.3 124.1 125.6 126.4 126.4 124.7 121.8 119 116.2 114.3 114.3 114.4 114.4 114.4 114.4 114.4 114.7 115 115.2
117.4 116 114.6 112.9 111.2 109.6 108.1 109.5 112.5 113.8 114.8 115.7 116.6 117.3 117.6 117.7 117.4 117 116.3 115.2 113.7 112.2 110.7 109.2 107.7 106.3 105.4 105.2 105.2 105.3 105.6 105.9 106.1 108 106.6 106.8 109.7 109.7 109.7 110.2 112 115.3 117.5 117.3 117.4 117.8 118.1 118.5 118.4 115.3 114.4 113.5 113.8 115.5 116.5 118.4 120.4 121.5 122.6 121.9 122.7 125 126.1 126.8 125.2 122.4 119.5 116.6 113.8 113.7 113.7 113.7 113.8 113.8 113.8 114.3 114.6 114.8
117.1 115.7 114.3 112 110.6 109.3 109.2 110.9 114 116 117.1 118.2 118.5 117.8 117.4 117.5 117.3 116.9 116.3 115.2 113 111.7 110.3 109 107.7 106.3 105.7 105.3 105.3 105.8 105.8 106.6 106.3 106.2 106.2 106.3 108.5 107.4 107.9 108.3 110.8 115 117.1 116.3 116.4 116.4 116.8 117.1 116.4 113.8 112.9 112.1 112.3 113.4 115.5 117.9 120.1 121.4 122.4 121.7 121.3 124.5 125.6 126.6 125.7 122.5 119.2 116 113.8 113.3 113.2 113.1 113.1 113.1 113.6 113.9 114.1 114.4
116.3 114.7 113 111.3 110 109.5 111.2 113.6 115.3 116.5 117.6 118.5 118.4 117.9 117.2 117.1 117 116.7 116.1 115.1 113 110.5 109.2 107.8 107.2 106.7 105.8 105.7 106 106.5 106.6 106.6 106.5 106.3 106.2 106.4 106.3 105.9 106.4 107.6 110.7 114 116.4 115.4 115.4 115.4 115.5 114.9 113.9 112.7 111 111.5 112.5 114.5 115.7 117.4 119.7 121.2 122.2 122.3 119.9 123.9 124.3 124.7 124 121.5 118.5 115.5 113.7 113.2 112.7 112.6 112.6 112.8 113.2 113.6 114 114.4
115.6 113.8 112 110.7 110.2 111 112.8 114.5 116.3 116.5 117.8 118.7 118.3 117.9 117.2 116.8 116.7 116.2 115.7 115 113.7 110.6 109.1 108.4 107.8 107.3 106.1 106.4 106.3 106.5 106.7 106.6 106.5 106.3 106.5 106.7 106.8 107.7 105 107.7 110.8 113.9 115.5 114.6 114.1 113.7 113.5 112.7 111.3 110.4 111.1 113.4 115.1 115.6 116.6 117.7 119.3 120.8 120.7 122.8 122.8 123 123.2 122.2 121.5 119.6 117.8 114.8 113.2 112.9 112.6 112.3 112.4 112.7 113.2 113.6 114 114.4
114.9 113.1 111.6 110.9 110.6 112.1 113.7 115.5 117.3 117.8 117.8 118.7 118.2 117.6 116.9 116.3 115.6 115.1 114.8 114.6 113.2 111 112.1 110.6 109 107.8 106.3 106.1 106.3 106.6 106.7 106.7 106.5 106.6 106.8 106.8 106.7 105.9 104.7 107.6 110.6 113.1 112.8 112.6 111.8 111.4 111.5 110.7 109.5 109.9 112.9 114.9 117 117.1 117.5 118.8 119.9 121.2 122.7 122.8 121.9 122.4 122.3 121.2 119.7 118.2 116.6 114.3 112.9 112.1 112 112.2 112.3 112.5 113.4 113.8 114.1 114.4
114.2 112.6 111.2 110.8 111.5 112.8 114.7 116.5 118.3 119.2 119 118.4 117.7 117 116.3 115.6 114.6 114.4 114.3 114.1 112.4 111.7 111.2 110.3 108.9 107.1 106.3 106 106.3 106.6 106.8 106.7 106.7 106.8 106.7 106.6 106.2 106.2 103.9 107.1 110.1 110.3 110 109.7 109.5 109.3 109.7 109.9 109 111.3 113.6 116.1 117.5 118.2 118.4 119.6 120.9 120.5 119.9 119.4 119.9 119.4 120.7 119.6 118.1 116.6 115.2 113.8 112.5 111.4 111.6 111.9 112.1 112.5 113.4 114 114.3 114.7
113.5 111.9 111 111 112.4 113.6 115.4 117.3 119.4 118.9 117.8 116.9 116.8 116.4 115.7 115 114 112.4 113.8 113.6 111.9 110.7 110.3 108.8 106.9 106.8 106.7 106.6 106.6 106.6 106.9 106.9 106.8 106.1 105.4 105.7 106 106.2 107.7 106.2 108.6 108.9 108.7 108.5 108.3 109 109 109.2 110.3 112.5 114.7 117 118.4 119.2 119.5 120.4 120.6 118.1 119.9 119.9 119.9 119.1 118.8 118 116.5 115.1 113.8 112.5 111.2 111.2 111.5 111.7 111.9 112.5 113.4 114.2 114.7 115.1
112.8 111.2 110.7 111.7 113.1 114.5 116.6 119.4 119.1 117.4 116.3 115.4 115 115 115 114.3 113.5 110.6 110.9 111.9 110.9 109.1 108.2 107.3 107.5 107.5 107.4 107.3 107.2 107.2 106.2 105.4 104.6 104.9 105.2 105.4 105.7 106 105.7 105.3 106.8 107.7 107.7 107.6 108.5 109.4 109 109.7 111.3 113.4 115.7 117.9 119.5 120.3 120.5 120.9 118.2 116.4 118.3 119.9 119.6 118.4 116.8 116.4 115.1 113.7 112.4 111.2 110.7 111.1 111.4 111.7 112.1 113 113.5 114.4 115.3 115.5
112 110.8 111 112.4 113.6 114.8 115.7 118.1 117.6 115.9 114.8 113.9 113.3 113.3 113.2 113.2 113 110.6 109.9 109.2 109.4 108.9 108 107.7 108.1 108.1 108.1 108 106.8 105.4 104.2 104 104.2 104.5 104.7 104.9 105.2 105.4 104.9 104.9 105.1 106 106.8 107.2 108.7 109.8 109.9 111.4 112.9 114.5 116.6 118.8 120.5 121 121 120.2 118.2 116.5 116.1 117.2 117.1 116.7 116.2 114.6 113.4 112.2 111 110.6 111 111 111.3 111.6 112.4 113.4 113.7 114.6 115.1 115.1
110.9 110.6 111.6 112.3 113.6 115 115.5 116.2 116.2 114.5 113.3 112.5 111.7 111.5 111.5 111.5 111.1 110.6 109.5 108.8 109.3 109.4 107.9 108.2 108.6 108.7 107.8 107 106.2 105.4 104.7 103.9 103.9 103.9 104.1 104.3 104.6 104.4 102.5 107.6 104.7 104.9 105.2 107.4 109.4 111.3 111.7 112.9 114.5 116 117.8 119.9 121 121 121 120.2 117.7 115.6 115.2 115.2 114.8 114.4 113.8 113.3 111.9 110.3 110.1 111.7 112 112 112 112.3 113 113.8 115.4 116.2 114.8 115.5
111.1 110.5 111 112.4 113.8 115.3 115.3 114.1 113.5 113.1 111.8 111 110.2 109.8 109.7 109.5 109.3 109.5 108.6 108.9 109.5 110.1 109.6 110.2 110.4 109.1 108.3 107.5 106.7 105.9 105.1 103.9 103.9 103.9 103.9 103.9 103.9 103.2 102.6 102 105.1 105.7 106.7 109 111.5 113.2 113.9 114.4 115.8 117.5 119.1 121 121 121 121 120.2 117.7 115.2 113.4 113 112.5 112.1 111.4 110.9 109.7 109.8 110.7 112.8 113 112.9 113.1 113.5 114.2 116.9 119.1 120.2 118.8 117
111.5 111 110.5 111.6 112.8 113.7 114 112.7 111.9 111.2 110.4 109.8 109.3 108.8 108.6 108.5 108.5 108.3 108.5 109.1 109.9 110.7 111.6 112.2 111.2 109.8 108.7 108 107.2 106.4 105.6 104.2 103.9 103.9 103.9 103.9 103.8 103.5 103.1 102.6 107.4 107.1 108.3 110.8 113.3 115.2 115.9 116.5 117 118.7 120.4 120.8 121 121 121 120 117.5 114.8 112.3 111.4 110.5 109.8 109 110.1 111.7 110.9 112.2 114.2 115.3 113.8 114.7 115.6 117.9 120.3 122.3 123.4 122.6 120.3
111.9 111.4 110.9 110.6 111 111.5 112.1 111.3 110.6 110.3 110.2 109.9 109.3 108.8 108.3 108 108 108.4 110 111.2 112 111.9 113.5 113.1 111.9 110.5 109.2 108.4 107.6 106.9 106.1 104.8 103.9 103.9 103.9 103.9 103.7 103.5 103.2 102.9 105.8 107.7 109.9 113 115.5 116.2 117.1 118.1 119.1 119.9 120.1 120.1 120.1 120.1 120 118.9 116.7 114.5 111.8 110.3 109.4 109 109 109.7 111.2 113.1 114.4 115.9 117.9 117.6 117.6 118.4 120.9 123.6 125.7 126.1 123.9 121.8
112.2 111.7 111.2 111.1 110.8 110.7 110.3 110.1 109.9 109.8 109.8 109.7 109.4 108.9 108.4 107.9 107.9 109.4 111.1 112.8 112.9 113.8 113.9 113.3 112.3 111.2 109.7 108.9 108.1 107.3 106.6 105.4 103.9 103.9 103.9 103.8 103.6 103.4 103.1 102.9 102.7 107.8 111 114 115.5 116 116.9 117.7 118.2 118.7 118.2 118.2 118.2 118.2 118.3 117.7 115.6 113.5 111.3 109.2 109 109 109 109.4 111.3 113.8 116.2 117.8 119.6 121.3 121.1 121.6 124.2 126.9 128.4 127.6 125.3 123.1
112.6 112 111.5 111.5 111 110.8 110.3 110 109.7 109.5 109.4 109.3 109.3 108.9 108.4 108.7 109.5 110.6 112.2 113.7 113.3 113.8 113.5 112.9 112.1 111.4 110.4 109.3 108.6 107.8 107.1 106 103.9 103.9 103.8 103.7 103.6 103.3 103 102.9 102.9 107 109.4 111.9 114.5 115.2 115.8 116.3 116.8 117.3 117.1 116.3 116.3 116.3 116.4 116.4 114.5 112.4 110.3 108.4 108.5 108.7 108.9 109.2 111.6 114 116.5 118.9 121.3 123.1 123.9 125 127.2 128.8 129.9 129.1 127 124.9
112.9 112.3 112 111.6 111.2 110.8 110.3 110 109.8 109.7 109.5 109.3 109.1 109.3 110.7 111.7 112.6 113.1 114.5 113.7 113.5 113.5 113.1 112.4 111.7 111 110.3 110 109.1 108.3 107.5 106.6 104.4 103.8 103.7 103.6 103.5 103.2 103.2 103.2 103.5 106.8 108.2 110.9 113.4 115.1 114.9 114.9 115.4 116 116.1 115.2 114.4 114.4 114.5 114.7 113.4 111.5 109.6 107.8 107.6 108.2 108.8 110.3 112.7 114.9 117.6 120.1 122.3 124.3 126.4 127.1 127.7 128.8 130.1 130.6 128.9 126.8
113.2 112.6 112.4 111.8 111.4 110.8 110.4 110.1 110 109.8 109.7 109.5 109.5 111 113.4 114.8 115.7 115.8 114.8 113.6 113.4 113.2 112.7 112 111.4 111 110.4 110.3 110.2 109.3 108.4 106.9 104.5 103.8 103.7 103.5 103.4 103.4 103.3 103.2 104 106.6 107.2 109.9 112.2 114.3 115.2 115 114.8 114.6 115.1 114.2 113.4 112.5 112.6 112.7 112.4 110.7 108.7 107.2 107.9 108.5 109.1 111.6 114 116.4 118.8 121 123.2 125 126.2 126.9 127.5 128.3 129.6 130.5 129.7 128.5
113.5 113 112.6 111.9 111.6 110.8 110.4 110.2 110.1 110 109.8 109.7 111.3 112.9 115.5 117.4 118.8 117.2 115.8 115 114.1 113.2 112.5 112.1 111.7 111.2 110.5 110.6 110.6 110.5 109.5 107.1 104.3 103.8 103.7 103.6 103.5 103.4 103.3 103.2 103.3 105.8 106.9 108.8 110.9 113.1 115.3 115.4 115.1 114.9 114 111.9 110.6 111.1 110.6 110.5 110.6 109.6 107.9 107.2 108.2 108.9 110.4 112.8 115.2 117.7 120 122.2 123.9 124.7 125.9 126.6 127.3 128.2 129.1 130.3 129.6 128.9
113.8 113.4 112.7 112.1 111.6 110.8 110.4 110.3 110.2 110.1 110 111 112.6 114.1 116.8 119.5 119.4 118 116.9 116 115.1 114.1 113.1 112.4 111.9 111.2 110.8 110.8 110.9 111 110.2 107.2 104.3 103.8 103.7 103.6 103.5 103.5 103.4 103.3 103.2 104.3 106.1 107.6 109.7 111.9 114.1 115.7 115.5 114.5 112.4 110.2 108.8 109.5 109.5 108.7 108.5 107.7 106.7 107.2 108.3 109.4 111.7 114.2 116.7 119.2 121.2 122.7 123.9 124.5 125.6 126.3 127.1 128 128.8 129.8 129.5 128.4
114.1 113.5 112.9 112.2 111.6 110.8 110.5 110.4 110.4 110.4 110.2 111.5 112.9 114.2 116.1 118.8 119.8 118.7 117.8 116.9 116 115 113.9 112.9 111.9 111.2 111 111.1 111.2 111.1 110.7 108.1 105.5 103.9 103.8 103.7 103.6 103.5 103.4 103.3 103.2 103.3 105.5 106.4 108.5 110.7 112.9 115 115.1 113 110.9 108.9 108.4 107.9 108.5 107.6 106.8 107 108.3 109.5 110.7 111.7 112.3 114.7 117.3 119.7 121.6 123.2 124 124.5 125.3 126.1 127 127.8 128.6 129.4 129.1 126.6
114.2 112.4 112 112.4 111.6 110.8 110.8 110.9 110.7 110.5 110.6 112 113.4 114.7 115.7 117.4 119.3 119.7 118.8 117.9 117 115.9 114.8 113.6 112.1 111.2 111.3 111.2 111.1 111 111.1 109.2 106.6 104 103.8 103.7 103.6 103.6 103.5 103.4 103.3 103 103.4 106 107.6 109.5 111.5 113.4 112.5 110.9 109.2 108.4 108 107.6 107.1 106.9 107.5 108.7 110.3 111.8 113 113.9 114.4 115.4 117.1 119.4 122 123.4 124 124.5 125.1 125.9 126.8 127.6 128.5 129.4 127.9 125.5
114.7 113.3 111.7 112.2 112.8 111.9 111.2 111.1 110.9 110.7 111.1 112.5 113.7 114.6 115.4 116.7 118.4 119.8 119.7 118.8 117.8 116.7 115.5 114.3 112.8 111.4 111.1 110.9 110.9 111 111.1 110.2 107.6 105.1 103.9 103.8 103.7 103.6 103.5 103.4 103.2 103 102.1 106.7 107 109.3 111 111.3 110.5 109.2 107.8 107 107.2 106.9 107.3 108.4 109 110.1 111.8 113.4 114.8 115.8 116.3 117.1 118.9 120.8 122.3 123.3 123.9 124.4 125 125.8 126.7 127.6 128.5 129 126.9 124.5
116.1 114.6 113 112.3 113.4 114.3 113.4 112.1 111 110.8 111.6 112.6 113.4 114.2 115.1 116.2 117.9 119.6 119.6 119.6 119 118 117 114.9 113.6 112.3 110.9 110.8 110.8 110.8 110.8 110.9 108.5 106.2 104 103.8 103.7 103.6 103.6 103.3 103.1 102.9 103 105.6 105.9 108.6 109 109.1 108.5 107.2 106 106.6 107.2 107.5 108.4 109.7 110.4 111.6 113.2 114.5 115 115.9 117.1 118.1 119.3 120.5 121.7 122.9 123.5 124 124.6 125.6 126.7 127.6 128.5 127.9 125.8 123.7
116.5 114.7 113.5 113 114 115.4 115.2 114.5 113.3 111.5 111.7 112.2 113.1 113.9 114.7 115.7 117.4 119.7 119.7 120 120.6 120.2 117.9 115.5 114 112.7 111.4 110 110 110 110.1 110.2 109.5 107.2 105.1 103.9 103.8 103.7 103.5 103.3 103.2 103.2 103.5 106 106.9 107.8 107 107 106.5 105.6 105.3 106.8 107.5 108.4 109.6 110.8 111.9 113 114.3 114.7 115.1 115.9 117.1 118 118.7 119.9 121.1 122.4 123 123.6 124.4 125.4 126.5 127.5 128.5 126.8 124.8 123.3
117.1 115 114.2 114.7 115.2 115 114.8 114.6 113.6 113.1 113.7 113.9 114 114.2 114.4 115.2 117.5 119.8 119.9 120.4 120.8 121 118.5 116.1 114.5 113.2 111.8 110.4 109.1 109.2 109.4 109.7 109.8 108.3 106.2 104 103.8 103.6 103.6 103.7 103.7 103.8 104.1 105.2 105.1 106 105.5 105.4 105.2 104.6 105.3 107 108.4 109.9 111 112.1 113.1 114 114.4 114.9 115.3 115.9 117.1 117.9 118.6 119.3 120.5 121.8 122.6 123.2 124.2 125.2 126.3 127.3 127.7 127.1 125.3 124
118.4 116.4 116 116.5 116.7 115.3 114.7 114.3 113.9 114.3 115 115.7 116.4 116.5 116.7 116.8 118.8 119.9 120.2 120.5 120.7 120.9 119.4 116.8 114.9 113.6 112.2 111.3 110.4 109.4 109.7 109.9 109.1 107.6 106.1 104.6 103.9 103.9 103.9 103.9 103.9 103.9 103.6 103.8 103.8 104.2 104.7 104.9 104.3 104.7 107.3 109.5 110.5 111.4 113 114 114.4 114.4 114.6 115 115.5 115.9 117.1 117.8 118.5 119.1 119.9 121.2 122.2 122.9 124 125 126.1 127.1 126.6 126.1 125.5 124.3
119.3 117.9 117.6 118.4 117.5 116 114.8 114.4 114.1 114.9 115.8 116.7 117.6 118.3 119 119.3 120.2 120.8 120.6 120.7 120.8 120.8 120.6 117.7 115.4 114.6 113.8 112.9 111.6 109.7 109.9 109.6 108.3 106.8 105.3 105 103.9 103.9 103.9 103.9 103.9 103.6 103.3 103 103.1 103.9 106.4 104.5 106 108.2 110.6 110.4 111.6 112.9 114.2 114.9 115.1 115.1 115.2 115.2 115.6 116.1 117.1 117.7 118.4 118 118.2 120.2 121.8 122.7 123.8 124.8 125.8 126.1 125.8 125.7 125.6 124.4
