data/420000-1180000.asc
ncols 200
nrows 200
xllcorner 420000
yllcorner 1180000
cellsize 50
[rows 111 to 147 of 200, columns 83 to 165 of 200]
-0.9 -0.9 43.9 49.2 53.4 57.8 62.1 65.5 66.1 71.1 79 83.9 86.4 85.1 84 83 83.3 88.1 89.7 90.4 91.1 91.5 91.1 90.8 90.9 91.1 90.9 92.2 94.6 93.3 91.6 88.2 83.7 79 75.1 74.5 74 71.1 65.9 60.4 54.9 49.6 40.6 40 25.4 -0.9 -0.9 -0.9 -0.9 -0.9 -0.9 -0.9 -0.9 -0.9 -0.9 -0.9 -0.9 -0.9 -0.9 -0.9 -0.9 -0.9 -0.9 -0.9 -0.9 -0.9 -0.9 -0.9 -0.9 -0.9 -0.9 -0.9 -0.9 -0.9 36 68.5 78.6 85.1 88.9 90.1 92.1 93.4 96.5
-0.9 37 40 49.8 54.3 58.2 61.2 60.6 60 66.7 74.5 80 83.3 82.1 80.4 79.9 78.8 83.9 87.6 88.1 88.7 89.4 89.8 89.7 89.9 90.2 90 90 92.1 90.8 89.2 87.5 83 78.4 73.9 72.6 71.8 71.1 66.4 60.6 54.8 49.2 51.2 45.9 23 -0.9 -0.9 -0.9 -0.9 -0.9 -0.9 -0.9 -0.9 -0.9 -0.9 -0.9 -0.9 -0.9 -0.9 -0.9 -0.9 -0.9 -0.9 -0.9 -0.9 -0.9 -0.9 -0.9 -0.9 -0.9 -0.9 -0.9 -0.9 3.5 62 71.4 81.6 87.2 92.3 94.6 93.2 94.7 96.3
-0.9 41.1 43.1 47.4 52.7 55.5 55.8 54.1 54.1 62.8 70.3 76 77.6 80 79.9 79.9 77.3 82.3 85.6 86.7 87.3 87.6 88 88.8 89 89.3 89.1 89.2 89.6 88.5 86.9 85.2 82.3 77.7 74.3 73.2 72.5 71.8 68.2 61.6 55.2 51.8 60.1 51.6 -0.9 -0.9 -0.9 -0.9 -0.9 -0.9 -0.9 -0.9 -0.9 -0.9 -0.9 -0.9 -0.9 -0.9 -0.9 -0.9 -0.9 -0.9 -0.9 -0.9 -0.9 -0.9 -0.9 -0.9 -0.9 -0.9 -0.9 -0.9 6.8 11.6 61.9 75.3 83.2 91.1 97.7 101.1 99.6 98.2 97.5
34.6 36 40.4 42.7 47.4 50.5 50.4 48.9 48.6 55.3 62.6 68.7 74.1 78 79.9 79.9 77.3 80.3 83.9 84.8 85.2 85.6 87.3 87.7 88.1 88.4 88.3 88.4 87.4 86.2 84.5 82.9 81.3 77.9 74.7 73.4 73.2 72.3 70.7 64.3 57.8 59.1 61.9 48.1 -0.9 -0.9 -0.9 -0.9 -0.9 -0.9 -0.9 -0.9 -0.9 -0.9 -0.9 -0.9 -0.9 -0.9 -0.9 -0.9 -0.9 -0.9 -0.9 -0.9 -0.9 -0.9 -0.9 -0.9 -0.9 -0.9 -0.9 -0.9 24.2 47.7 66.8 79.3 87.2 97.9 103.9 107.6 106.4 105.6 104.4
-0.9 27.3 34.1 38.9 42.4 46 46.1 47.1 46.8 56 67.6 74.6 79.4 80.8 80.9 80 77.7 80 81.8 82.3 82.9 83.6 86.2 86.6 87 87.4 86.8 85.6 84.5 83.5 82.3 80.6 79 77.5 75.1 73.6 73.5 73 70.1 66.4 60.8 66.9 67.8 49.1 -0.9 -0.9 -0.9 -0.9 -0.9 -0.9 -0.9 -0.9 -0.9 -0.9 -0.9 -0.9 -0.9 -0.9 -0.9 -0.9 -0.9 -0.9 -0.9 -0.9 -0.9 -0.9 -0.9 -0.9 -0.9 -0.9 -0.9 25.1 33.5 51.1 69.1 83.2 93.4 104.8 112.8 115 113.8 113 112
-0.9 21.3 24.3 32 37.9 40.1 42.7 42.3 48.1 58.9 70.1 78.3 82.6 82.6 82.6 81.1 79.6 79.9 80.2 80.5 81.9 83.9 85.9 86.8 87.7 87.3 85 82.8 81.6 80.6 79.6 78.4 76.8 75.4 73.7 73.5 73.5 73 70.8 67.3 68 71.3 69 46 -0.9 -0.9 -0.9 -0.9 -0.9 -0.9 -0.9 -0.9 -0.9 -0.9 -0.9 -0.9 -0.9 -0.9 -0.9 -0.9 -0.9 -0.9 -0.9 -0.9 -0.9 -0.9 -0.9 -0.9 -0.9 -0.9 -0.9 26.4 36.6 51.3 70.5 88.8 100.5 111.8 121.5 123.7 122.5 121.1 118.9
-0.9 -0.9 20.5 24.7 28.6 36 42.8 41.5 51.5 62.1 72.7 80.8 84.5 84.3 84.3 83.2 82.7 81.4 80.2 80.2 82.8 85.8 87.5 88.4 88.6 86.4 84 81.6 79.3 78.4 77.6 76.8 74.8 73.6 73.5 73.5 73.5 72.8 71.4 70 70.9 72.3 68.2 39.9 -0.9 -0.9 -0.9 -0.9 -0.9 -0.9 -0.9 -0.9 -0.9 -0.9 -0.9 -0.9 -0.9 -0.9 -0.9 -0.9 -0.9 -0.9 -0.9 -0.9 -0.9 -0.9 -0.9 -0.9 -0.9 -0.9 -0.9 -0.9 35.4 50.8 73.9 93.6 107.9 119.1 126.9 130.9 130 127.9 123.5
-0.9 -0.9 21.8 28.8 30.9 33.8 39.8 43.7 54.2 64.4 74.6 81.7 86.9 86.9 86.5 86.2 85.1 83.2 81.1 82.2 84.7 87.8 89.1 88.2 86.7 84.9 82.6 80.2 77.9 76.7 75.9 75.1 73.5 73.5 73.5 73.5 73.5 72.6 72.6 72.6 73.2 73.4 65.9 -0.9 -0.9 -0.9 -0.9 -0.9 -0.9 -0.9 -0.9 -0.9 -0.9 -0.9 -0.9 -0.9 -0.9 -0.9 -0.9 -0.9 -0.9 -0.9 -0.9 -0.9 -0.9 -0.9 -0.9 -0.9 -0.9 -0.9 -0.9 -0.9 38.4 53.8 70.9 91.2 111.9 126 135.6 137.2 136.6 133.6 129
-0.9 15.7 23.2 30.2 34.4 38.4 41.1 45.3 56.3 66.3 76.2 81.6 86.4 88.2 87.7 87.3 86.2 84.4 82.3 83.7 86.7 89.3 87.9 86.4 84.9 83.4 81.2 78.8 76.4 74.6 74.2 73.5 73.5 73.5 73.5 73.5 73.8 74.5 74.7 74.9 74.5 72.8 63.3 -0.9 -0.9 -0.9 -0.9 -0.9 -0.9 -0.9 -0.9 -0.9 -0.9 -0.9 -0.9 -0.9 -0.9 -0.9 -0.9 -0.9 -0.9 -0.9 -0.9 -0.9 -0.9 -0.9 -0.9 -0.9 -0.9 -0.9 -0.9 -0.9 39.4 55.6 72.4 92.2 111.6 128.8 142.7 143.6 142.3 140.3 135.1
-0.9 21.2 24.8 29.6 34.3 41.6 48.7 54.3 59.9 68.5 76 79.1 83.2 86.2 87.8 87.3 86 84.8 83.5 84.7 86.6 87.4 86.8 85 83.3 81.6 79.7 77.5 75.4 73.5 73.5 73.5 73.5 73.5 73.5 73.5 74.3 76.1 76.3 76.2 75 74.1 45.6 -0.9 -0.9 -0.9 -0.9 -0.9 -0.9 -0.9 -0.9 -0.9 -0.9 -0.9 -0.9 -0.9 -0.9 -0.9 -0.9 -0.9 -0.9 -0.9 -0.9 -0.9 -0.9 -0.9 -0.9 -0.9 -0.9 -0.9 -0.9 -0.9 37.5 53.6 72.6 91.9 111.3 128.6 145 149.2 147 146.3 140.4
-0.9 -0.9 28.6 30.4 34.8 41.5 51.4 59.8 65.9 69.2 75.8 78.7 81.7 83.8 85.8 87 85.6 84.3 83 83.8 85.2 85.4 85.7 84.1 82.3 80.6 79.5 77.4 75.3 73.5 73.5 73.5 73.5 73.5 73.5 73.5 75.1 76.9 77.9 76.8 75.6 73 26.9 -0.9 -0.9 -0.9 -0.9 -0.9 -0.9 -0.9 -0.9 -0.9 -0.9 -0.9 -0.9 -0.9 -0.9 -0.9 -0.9 -0.9 -0.9 -0.9 -0.9 -0.9 -0.9 -0.9 -0.9 -0.9 -0.9 -0.9 -0.9 -0.9 7.2 53.2 72.5 91.6 109.9 126.9 141.6 147.4 149 150.2 145.9
-0.9 -0.9 27.9 31.6 37.3 44.2 53.2 62.4 66.9 68.7 74.7 77.7 80.5 82.9 85.3 86.7 85.1 83.6 82.3 82.8 83.1 83.5 84 83.1 81.4 79.8 79.4 77.2 75.1 73.5 73.5 73.5 73.6 73.5 73.5 74.1 75.9 77.6 78 77.8 76.7 70.2 29.8 -0.9 -0.9 -0.9 -0.9 -0.9 -0.9 -0.9 -0.9 -0.9 -0.9 -0.9 -0.9 -0.9 -0.9 -0.9 -0.9 -0.9 -0.9 -0.9 -0.9 -0.9 -0.9 -0.9 -0.9 -0.9 -0.9 -0.9 -0.9 -0.9 33.4 48.3 64.5 82.8 101.1 122 139.8 146.3 150.4 153.7 149.8
-0.9 -0.9 27.6 33.5 39.2 45.5 54.2 59.4 65 67.5 73.2 77.2 80.5 82.6 84.7 86.5 84.9 83.3 81.7 81.1 81.1 81.6 82.1 81.9 80.4 79.5 79.3 77.1 75 73.5 73.5 73.5 73.5 73.5 73.5 74.6 76.5 78.4 77.7 77.3 77.3 69 14.9 -0.9 -0.9 -0.9 -0.9 -0.9 -0.9 -0.9 -0.9 -0.9 -0.9 -0.9 -0.9 -0.9 -0.9 -0.9 -0.9 -0.9 -0.9 -0.9 -0.9 -0.9 -0.9 -0.9 -0.9 -0.9 -0.9 -0.9 -0.9 15.1 28.1 44.9 60.5 76.1 92.6 114 133.3 144.1 149.8 153.7 152
-0.9 -0.9 28.5 34.1 39.7 45.3 52.4 57.5 61.6 66.3 72.4 76.9 80.5 82.5 84.6 84.4 82.2 80.3 78.5 78.7 79.2 79.7 80.2 80.4 79.4 79.2 79.2 76.7 74.1 73.5 73.5 73.5 73.5 73.5 73.5 74.8 77.1 77.9 77.4 76.5 76.2 50.5 32.1 -0.9 -0.9 -0.9 -0.9 -0.9 -0.9 -0.9 -0.9 -0.9 -0.9 -0.9 -0.9 -0.9 -0.9 -0.9 -0.9 -0.9 -0.9 -0.9 -0.9 -0.9 -0.9 -0.9 -0.9 -0.9 -0.9 -0.9 -0.9 -0.9 -0.9 40.4 57.2 73.5 88.5 105.9 124.2 137.7 145.5 152.4 150.7
23.1 10.6 29 34.6 40.2 45.8 51.4 56.5 61.4 66.3 71.8 75.5 79.1 82.3 83.6 81.5 78.5 76.5 75.1 75.7 77.1 78.1 79.1 79.1 79.1 79.3 79.6 77.3 75.3 74 73.5 73.5 73.5 73.5 73.4 75 76.2 76 75.7 75.7 72.2 53.3 49.3 41.3 -0.9 -0.9 -0.9 -0.9 -0.9 -0.9 -0.9 -0.9 -0.9 -0.9 -0.9 -0.9 -0.9 -0.9 -0.9 -0.9 -0.9 -0.9 -0.9 -0.9 -0.9 -0.9 -0.9 -0.9 -0.9 -0.9 -0.9 -0.9 -0.9 -0.9 53.6 70.3 85.3 99.2 113.8 129.3 141 148.3 149.3
29.2 34.2 32.8 36.2 42.1 47.5 52.3 56.5 61.6 66.6 70.5 74.1 77.8 81.3 81.7 78.6 75.2 72.8 72.3 73.4 74.6 76 77.9 79.3 80.1 80.7 80.5 78.8 77.1 75.1 73.6 73 73.5 73.5 72.9 74.5 74.3 74.2 74.5 74.6 70 65.6 59.2 52.2 26.2 -0.9 -0.9 -0.9 -0.9 -0.9 -0.9 -0.9 -0.9 -0.9 -0.9 -0.9 -0.9 -0.9 -0.9 -0.9 -0.9 -0.9 -0.9 -0.9 -0.9 -0.9 -0.9 -0.9 -0.9 -0.9 -0.9 -0.9 -0.9 -0.9 41.8 61.2 79 91 104.2 125.5 139.9 143.1 142.3
29 36.2 36.6 39 43.4 48.2 53 56.4 61.3 66.7 70 73 76.7 79.3 78.1 73.9 71.5 72.1 72.1 72 73.7 75.5 77.4 79 80.6 81.7 81.4 79.4 77.3 75.3 73.5 73.4 72.8 73.5 72.4 72.7 73.2 73.3 73.5 72.1 67.7 63.7 58.7 52.7 47 -0.9 -0.9 -0.9 -0.9 -0.9 -0.9 -0.9 -0.9 -0.9 -0.9 -0.9 -0.9 -0.9 -0.9 -0.9 -0.9 -0.9 -0.9 -0.9 -0.9 -0.9 -0.9 -0.9 -0.9 -0.9 -0.9 -0.9 -0.9 -0.9 34.2 50.1 66.7 81.8 92.3 110.9 128.1 135.8 137.6
29.5 36.6 39.4 40.8 45.2 49.6 54 57.2 61.3 67 70.2 72.1 75.2 74.7 71.8 69.9 71.2 72.1 72.1 71.9 73.6 75.1 76.9 78.6 80.4 81.9 81 79.3 77.6 75.5 73.5 73.5 73.5 73.5 71.9 72.1 72.2 72.3 72.5 69.7 65.6 61.5 57.4 52.4 43.6 -0.9 -0.9 -0.9 -0.9 -0.9 -0.9 -0.9 -0.9 -0.9 -0.9 -0.9 -0.9 -0.9 -0.9 -0.9 -0.9 -0.9 -0.9 -0.9 -0.9 -0.9 -0.9 -0.9 -0.9 -0.9 -0.9 -0.9 -0.9 -0.9 -0.9 39.8 57.1 74.5 84.9 99.9 115.1 127.6 132
29.7 36 42.1 42.3 46.2 50 54.3 58.4 62.5 67.5 70.3 72.3 72 70.7 68.9 68.4 70.1 71.3 72.5 71.8 71.1 73.2 76.2 77.8 79.4 80.9 80.2 78.9 77.3 75.6 73.7 73.5 73.5 73.5 71.8 71.2 71.2 71.3 71.4 67.5 63.4 60.3 59 54.1 49.2 43.4 37.2 -0.9 -0.9 -0.9 -0.9 -0.9 -0.9 -0.9 -0.9 -0.9 -0.9 -0.9 -0.9 -0.9 -0.9 -0.9 -0.9 -0.9 -0.9 -0.9 -0.9 -0.9 -0.9 -0.9 -0.9 -0.9 -0.9 -0.9 -0.9 31.9 47.9 57.4 71.5 87.2 100.9 113.7 122.1
32.8 36.7 42.4 42 46 50.4 54.8 59.2 63.5 67.2 70.5 72.5 70.9 69.4 67.8 67.5 70.1 73.2 73.8 72.8 71.8 70.8 73.4 75.8 77.3 78.5 78.9 77.9 75.7 74.9 73.5 73.5 73.5 73 73.1 71.8 70.8 70.3 69.4 65.8 63 60.1 60.6 55.6 51.4 46 27 -0.9 -0.9 -0.9 -0.9 -0.9 -0.9 -0.9 -0.9 -0.9 -0.9 -0.9 -0.9 -0.9 -0.9 -0.9 -0.9 -0.9 -0.9 -0.9 -0.9 -0.9 -0.9 -0.9 -0.9 -0.9 -0.9 -0.9 -0.9 -0.9 33.2 44.1 54.6 67.6 83.8 98.4 104.6
35 37.8 39.8 41.5 45.9 50.2 54.6 59.1 63.5 67.1 70.8 71.4 69.8 68.2 66.8 68.2 71.2 71.9 71.6 72.4 72.7 71.7 70.7 73.7 75.3 76 76.4 76.7 76 72.9 73.5 72.8 73.2 72.5 71.9 71.9 71.7 70.6 68.5 65.6 62.8 61.5 62.2 57.2 53.3 48.7 41.2 1 -0.9 -0.9 -0.9 -0.9 -0.9 -0.9 -0.9 -0.9 -0.9 -0.9 -0.9 -0.9 -0.9 -0.9 -0.9 -0.9 -0.9 -0.9 -0.9 -0.9 -0.9 -0.9 -0.9 -0.9 -0.9 -0.9 -0.9 -0.9 19.3 32.2 42.7 51.1 63.8 81.3 87.8
37 37.7 39.9 41.7 44.9 49.4 54 58.6 63.3 67.6 70.9 69.6 67.8 66.1 64.9 67.3 68.7 68 68.8 69.6 70.4 71.1 71.5 71.2 73 73.5 73.9 74.4 74.4 73.8 73.5 73.5 72.8 72 71.6 71.2 70.8 68 66.8 65.5 62.6 62.9 63.8 59.1 55.2 51.2 46 30.6 -0.9 -0.9 -0.9 -0.9 -0.9 -0.9 -0.9 -0.9 -0.9 -0.9 -0.9 -0.9 -0.9 -0.9 -0.9 -0.9 -0.9 -0.9 -0.9 -0.9 -0.9 -0.9 -0.9 -0.9 -0.9 -0.9 -0.9 -0.9 -0.9 19.2 32.1 28.9 49.5 62 65.7
36.3 37 39.1 40.9 43.4 48.7 53.5 58.1 62.8 66.9 69.5 68 65.7 63.5 61.7 63.4 65.2 65.2 66 66.7 67.5 68.3 69.1 69.9 70.6 71 71.4 71.9 72.3 71.6 70.9 70.1 71 69.9 69.4 69 68.4 65.5 64.5 65.1 63.6 64.4 65.3 61 57.4 54 49.4 -0.9 -0.9 -0.9 -0.9 -0.9 -0.9 -0.9 -0.9 -0.9 -0.9 -0.9 -0.9 -0.9 -0.9 -0.9 -0.9 -0.9 -0.9 -0.9 -0.9 -0.9 -0.9 -0.9 -0.9 -0.9 -0.9 -0.9 -0.9 -0.9 -0.9 -0.9 -0.9 -0.9 42.4 52.4 50.3
30.3 34.4 36.3 38 39.9 45.1 50.3 55.5 59.7 63.8 67.9 66.3 64.1 61.8 59.2 60.1 61.8 62.4 63.2 64.2 65.3 66.3 67.3 68.3 69 69.3 69.7 70 70.3 70.3 69.2 68.5 67.7 68.1 67.2 66.8 65.7 62.8 63.4 64 64.9 65.9 66.8 63.7 60.5 57.1 36.6 -0.9 -0.9 -0.9 -0.9 -0.9 -0.9 -0.9 -0.9 -0.9 -0.9 -0.9 -0.9 -0.9 -0.9 -0.9 -0.9 -0.9 -0.9 -0.9 -0.9 -0.9 -0.9 -0.9 -0.9 -0.9 -0.9 -0.9 -0.9 -0.9 -0.9 -0.9 -0.9 -0.9 29.7 -0.9 -0.9
26.9 29.8 31.6 33.9 37.2 41.4 46.5 51.7 56.1 60.4 66.3 64.1 60.9 57.7 58.5 59.4 59.8 60.6 61.6 62.7 63.7 64.7 65.7 66.7 67.3 67.7 68 68.3 68.4 69.1 68.5 67.2 66.1 65.3 65.2 64.6 63.1 62.7 64.1 64.9 65.7 66.5 67.3 65.6 62.5 60.9 40.3 -0.9 -0.9 -0.9 -0.9 -0.9 -0.9 -0.9 -0.9 -0.9 -0.9 -0.9 -0.9 -0.9 -0.9 -0.9 -0.9 -0.9 -0.9 -0.9 -0.9 -0.9 -0.9 -0.9 -0.9 -0.9 -0.9 -0.9 -0.9 -0.9 -0.9 -0.9 -0.9 -0.9 -0.9 -0.9 -0.9
22.4 25.1 28.6 32.4 35 37.9 42.9 47.9 52.5 55.3 60.1 59.9 56.7 57 57.5 57.7 58.6 59.4 60.2 61.1 62.1 63.1 64.1 65.2 65.7 66 66.3 66.2 66.7 67.4 67.9 66.7 65.4 64.2 62.9 62.4 61.8 62.7 63.7 65.3 66.1 66.9 67.6 66.8 65.2 64 58.8 49.8 -0.9 -0.9 -0.9 -0.9 -0.9 -0.9 -0.9 -0.9 -0.9 -0.9 -0.9 -0.9 -0.9 -0.9 -0.9 -0.9 -0.9 -0.9 -0.9 -0.9 -0.9 -0.9 -0.9 -0.9 -0.9 -0.9 -0.9 -0.9 -0.9 -0.9 -0.9 -0.9 -0.9 -0.9 -0.9
22.4 23.2 27.1 30.8 32.9 34.7 39.2 43.5 47.2 49.8 53.8 55.7 55.3 55.6 55.8 56.1 57.4 58.2 58.9 59.7 60.5 61.5 62.5 63.6 64 64.3 64.2 64.3 64.9 65.7 66.4 66.1 64.8 63.6 62.4 61.1 61.3 62 63.3 64.9 66.5 67.3 68 67.1 66.8 66.3 63.2 60.8 42.1 2 -0.9 -0.9 -0.9 -0.9 -0.9 -0.9 -0.9 -0.9 -0.9 -0.9 -0.9 -0.9 -0.9 -0.9 -0.9 -0.9 -0.9 -0.9 -0.9 -0.9 -0.9 -0.9 -0.9 -0.9 -0.9 -0.9 -0.9 -0.9 -0.9 -0.9 -0.9 -0.9 -0.9
26.1 22.5 25.2 28.3 29 33.4 37 40.3 44.5 49.1 52.2 53.5 53.7 53.9 54.2 54.9 56.2 56.9 57.7 58.5 59.2 60 60.9 62 62.3 62.3 62.1 62.5 63.2 63.9 64.6 65.3 64.3 63 61.8 60.6 60.8 61.4 63 64.6 66.2 67.7 68.4 67.8 67.8 67.1 66.6 64.8 59.6 32.1 24 -0.9 -0.9 -0.9 -0.9 -0.9 -0.9 -0.9 -0.9 -0.9 -0.9 -0.9 -0.9 -0.9 -0.9 -0.9 -0.9 -0.9 -0.9 -0.9 -0.9 -0.9 -0.9 -0.9 -0.9 -0.9 -0.9 -0.9 -0.9 -0.9 -0.9 -0.9 -0.9
30.3 27.6 25.3 25.1 27.4 30.1 34.8 39.5 43.7 48.4 53.1 54.1 52.2 52.3 52.6 53.7 54.9 55.7 56.5 57.2 58 58.8 59.5 60.3 60.3 60.2 60.2 60.8 61.5 62.2 62.9 63.6 63.7 62.4 61.2 60.4 60.5 61 62.6 64.2 65.8 67.5 68.7 70 70.5 69.4 68.3 67.2 65.7 64.1 60 -0.9 -0.9 -0.9 -0.9 -0.9 -0.9 -0.9 -0.9 -0.9 -0.9 -0.9 -0.9 -0.9 -0.9 -0.9 -0.9 -0.9 -0.9 -0.9 -0.9 -0.9 -0.9 -0.9 -0.9 -0.9 -0.9 -0.9 -0.9 -0.9 -0.9 -0.9 -0.9
34.9 32.5 29.3 26.5 25.8 27 28.6 36.4 43.1 45.1 47.8 50.5 52.2 50.9 51.1 52.6 53.7 54.5 55.2 56 56.8 57.2 57.5 57.9 58.2 58.1 58.4 59 59.7 60.4 61.1 61.9 62.6 61.8 60.6 60.1 60.3 61.5 62.9 64.5 66.1 67.7 71.2 73.6 73.5 73 72.5 72.2 70.2 66.9 64.5 39.4 48.9 8.2 2.5 0.7 0.6 0.6 -0.9 -0.9 -0.9 -0.9 -0.9 -0.9 -0.9 -0.9 -0.9 -0.9 -0.9 -0.9 -0.9 -0.9 -0.9 -0.9 -0.9 -0.9 -0.9 -0.9 -0.9 -0.9 -0.9 -0.9 -0.9
38.5 36.4 31.9 29.4 28.4 27.5 27.2 32.1 38.6 43.8 48.1 50.8 49.7 48.4 48.5 50.7 52.4 53.1 53.9 53.8 54.1 54.4 54.7 55.3 56.1 56 56.6 57.3 58 58.7 59.4 60.1 60.8 61.3 60 59.8 60.8 62 63.2 64.8 66.4 69.9 73.5 76.2 78.6 78.1 77.6 78 75.3 71.7 68.1 58.4 67.3 53.7 40.1 23.1 66.6 34.1 61 -0.9 -0.9 -0.9 -0.9 -0.9 -0.9 -0.9 -0.9 -0.9 -0.9 -0.9 -0.9 -0.9 -0.9 -0.9 -0.9 -0.9 -0.9 -0.9 -0.9 -0.9 -0.9 -0.9 -0.9
42.5 39.3 35.3 33.7 32.9 32.3 31 29.7 33.9 38.3 46.5 47.5 46.5 45.1 45.7 48.1 50.7 51.5 52.1 51.8 51.5 51.6 51.9 52.7 53.5 54.3 54.8 55.5 56.2 56.9 57.7 58.4 59.1 59.8 59.4 60.2 61.4 62.5 63.7 65.1 68.5 72.1 75.8 78.9 82 83.2 83.3 83.7 80.4 76.9 74.5 71.9 70.6 69.5 66.6 62.2 78.7 73.6 64.2 -0.9 -0.9 -0.9 -0.9 -0.9 -0.9 -0.9 -0.9 -0.9 -0.9 -0.9 -0.9 -0.9 -0.9 -0.9 -0.9 -0.9 -0.9 -0.9 -0.9 -0.9 -0.9 -0.9 -0.9
46.2 42.6 40.1 38.3 38 37.9 36.9 35.4 34 34.9 40 41.5 39.8 42.5 43.7 45.6 48.1 49.9 50.2 49.9 49.6 49.3 49.7 51.2 52.7 52.7 53.1 53.8 54.5 55.2 55.9 56.7 57.5 58.4 59.2 60.3 61.4 62.5 63.6 66.3 70.2 74.1 78 81.5 84.9 88.8 89 89.2 85.9 83.2 80.4 77.6 75.6 74.8 75.4 76.7 81.3 80.1 62.7 74.6 -0.9 -0.9 -0.9 -0.9 -0.9 -0.9 -0.9 -0.9 -0.9 -0.9 -0.9 -0.9 -0.9 -0.9 -0.9 -0.9 -0.9 -0.9 -0.9 -0.9 -0.9 -0.9 -0.9
49.6 46.7 43.8 41.9 43.6 43.5 42.8 41.2 39 37 35.6 37 39 40.7 42.1 43.3 45.6 48.1 48.4 48.3 48.4 48.6 51.5 55.3 57 54.5 53.7 52.9 53.4 54.3 55.4 56.5 57.6 58.7 59.2 59.5 60.6 61.9 63.3 66.8 70.7 74.6 78.5 85.1 89.9 94 96.1 94.6 91.7 88.9 86 83.4 80.7 79.7 81.7 82.3 83 84 84.3 84.2 59 -0.9 -0.9 -0.9 -0.9 -0.9 -0.9 -0.9 -0.9 -0.9 -0.9 -0.9 -0.9 -0.9 -0.9 -0.9 -0.9 -0.9 -0.9 -0.9 -0.9 -0.9 -0.9
51.6 49.1 46.1 43.2 44.9 46.9 48.2 46.6 43.8 40.8 38.6 36.5 38.5 40.3 41.7 42.9 43.5 46 48.7 48.3 48 48.1 53 56.6 60.8 57.1 55.5 54.6 54 54.6 55.7 56.8 58 59.1 59.2 59.2 60.1 61.6 63.5 67.3 71.1 75 81.8 88.6 94.9 99.2 103.6 100.8 97.4 94.5 91.7 89.1 86.5 84.7 86.3 87.1 87.9 87.8 88.3 86.9 64.9 -0.9 -0.9 -0.9 -0.9 -0.9 -0.9 -0.9 -0.9 -0.9 -0.9 -0.9 -0.9 -0.9 -0.9 -0.9 -0.9 -0.9 -0.9 -0.9 -0.9 -0.9 -0.9
47.2 44.6 41.7 41.8 44 48.1 51 50.1 47.6 45.1 42.7 40.4 38.2 39.8 41.4 42.2 42.9 44.4 47.2 50 49.6 49.4 53.4 55.2 57.9 58.8 57.2 56 55.5 55.8 56.1 57.2 58.3 59.2 59.2 60.1 61.4 62.5 64.8 67.8 71.7 78.6 85.4 92.1 98.8 103.8 108.9 107.3 103.3 100.1 97.5 94.8 92.2 89.7 90.8 91.9 89.7 90.4 91.9 90.1 87.3 71.5 7.7 0.7 32.6 -0.9 -0.9 -0.9 -0.9 -0.9 -0.9 -0.9 -0.9 -0.9 -0.9 -0.9 -0.9 -0.9 -0.9 -0.9 -0.9 -0.9 -0.9
41.3 39.2 39 39.9 40.9 44.1 48.4 50.3 50.7 48.3 46 43.7 41.3 39.9 41.3 41.1 41.8 43.3 45.9 48.6 51.2 51.1 53 54.9 56.8 57.9 59.6 57.7 56.9 57.3 57.6 57.9 58.7 59.2 60.2 61.3 62.6 63.8 66.6 69.6 74.4 80.8 87.5 94.1 99.2 103.7 108.1 109.4 107 104.7 101.8 99 96.3 93.9 95.4 95.3 93.2 94.3 95.8 93.3 92.5 86.1 55.8 25.4 -0.9 -0.9 -0.9 -0.9 -0.9 -0.9 -0.9 -0.9 -0.9 -0.9 -0.9 -0.9 -0.9 -0.9 -0.9 -0.9 -0.9 -0.9 -0.9
