data/420000-420000.asc
ncols 200
nrows 200
xllcorner 420000
yllcorner 420000
cellsize 50
[rows 36 to 71 of 200, columns 0 to 80 of 200]
162.5 168.7 173.8 176.1 176.1 174.4 176.8 178.4 178.4 178 178.5 179.5 177 173.9 170.6 167.8 165.9 163.8 161.5 161 160.7 158.3 155 150 158 161.8 166.4 171.4 174.7 174.3 174.7 178.1 181.1 183.7 186.5 190.7 192.4 191.5 190.6 188.2 186.8 186.9 187.2 188.2 190.5 190.8 190.6 191.5 192.8 194.2 195.6 197.5 199.5 201.1 201.1 201.1 201.1 199.2 195.4 193 190 187.3 183.6 180.8 178.5 176.8 175.3 174.3 173.5 174.9 175.6 173.1 170.6 168.5 168.1 168.4 168.4 168.1 168.3 168.5 168.8
161.1 165.1 168.9 175.2 176.1 172.6 175.2 174.7 172.9 173.2 174.5 175.3 173.5 171.5 169.2 167.3 165.5 162.7 159.4 156.3 155.9 156.6 153.7 149.3 156 156.4 162.1 167.4 171 171.7 172.1 175 179.3 182.1 184.3 189.8 192.1 190.6 190.6 185.8 185 186.4 186.8 187.1 188.5 190.3 190.8 190.5 191.7 193 194 194.9 197.7 200.9 200.9 201.1 201.1 197.3 193.4 190.4 187.9 185.3 181 178.1 175.1 173.9 172.2 170.9 169.6 169.4 167.9 168.2 166.2 165.2 165.9 165.6 165.7 166 167.1 167.5 167.8
164.1 166.6 170.3 175.9 175.5 171 171 171.3 169.4 169.5 170.4 170.9 170.5 169.3 167.3 165.7 163.6 162.1 159.6 156.2 153.8 152.4 152.2 148.4 154.1 151.3 158.2 163.5 168.1 166.1 169.8 173.3 177.2 179.9 182.1 184.3 190.1 187.3 182.7 180.9 180.8 184.9 186.6 187.2 186.4 187.2 187.5 188.4 189.7 190.4 191.7 193.1 195.2 199 201.1 201.1 198.9 195.4 192.3 189.1 185.9 182.4 180.4 178.3 176.1 172 169.1 167.8 164.6 163.4 162.1 162.3 161.4 161.1 162.4 163.1 163.2 164.5 165.8 166.2 166.5
170.4 171 171.2 173.8 172.3 168.5 167.8 168.5 168.3 168 168.3 168.7 168.5 167.1 165.7 164.1 162.7 161.5 159.7 156.6 153.6 149.4 150.2 144.7 148.6 149 155.3 158.5 162.6 160.6 166.2 171.4 174.8 177.4 179.6 180.3 181.9 181.8 179.9 177.7 178.8 182 186.3 187.2 186.2 185.3 184.6 186.5 187.1 187.8 189.4 191.3 193.2 196.2 197.7 198.2 196.2 192.8 190.2 186.8 183.2 180.1 178.3 176.2 174 171 167.3 165 160.1 157.4 156.6 155.7 158.5 158.8 160.1 160.8 161.9 163.1 164.5 165.1 165.2
172.1 171.2 171.1 170.6 168.7 165.9 165.7 166.7 166.6 166.4 165.8 166.5 166.2 165.5 163.9 161.4 160.5 160 158.9 157.1 155 151.5 147.4 143.7 141 147.8 150.8 153.5 156.2 155.3 164.6 169.3 171.2 173.9 177.1 179 179.4 178.6 177.6 176.5 175.8 178.6 183.5 186.7 186.5 185.8 186.1 184.5 184.9 185.1 186.6 188.8 190.2 191.1 192.1 192.4 191.3 188.8 185.8 182.8 179.4 178.1 176.8 174.6 172.4 169.7 167.1 164.1 161.7 158.8 154.2 155.1 157.8 157.7 158.4 158.9 160 161.5 162.6 163 162.7
171.9 171.1 171 168.3 166.5 165 164.1 165.8 165 164.8 163.1 163.2 162.6 161.6 160.8 159.3 159.1 158.8 157.8 156.3 154.2 151.7 147.5 143.8 139.9 142.3 146.3 148.6 147.8 153 162.5 165.3 166.8 170.5 173.8 176.4 176.8 175.9 174.7 174.6 173.5 175.4 179.8 186 186.4 186.1 186.1 185.8 184.7 184.2 184.1 186.1 186.5 187.5 188 187.9 186.7 184.8 183.4 180.5 177.5 176.6 175.8 174.1 170.8 169.4 167.6 166 164.3 161.4 156.2 156.5 159.3 157.1 156.7 157 158.1 158.7 159.5 159.4 159.8
170.2 167.5 165.5 165 165.2 163.8 162.4 162.4 161 160.5 160 159.5 159.3 159.1 159 158.8 158.4 157.8 157.4 155.3 154.1 151.1 147.7 145.7 142 139.8 139.4 139.8 142.8 149.1 156.7 160.1 163 165.4 170.3 173.6 174.9 173 171.9 172.3 172.1 172.7 175.3 179 183.1 185.3 185.5 184.9 184.5 183.1 182.9 183.3 183.8 184.3 184.1 183.9 182.8 181.5 180.2 178.1 175.7 174.1 173.5 171.7 169.8 168.7 167.8 166.9 165.9 164.9 161.8 159.7 159.4 156.4 155.3 154.4 154.1 154.6 154.9 155.3 155.7
162.6 161.7 161.2 161.4 161.6 161 159.8 159.2 158.1 157.6 157 157 157.6 158.2 158 157.8 157.4 157.1 157 156.1 155.4 153 149.8 146.7 143.5 140.3 134.5 134.7 139.4 143.9 150.1 155.6 159.7 162.1 166.6 171.1 172 170.3 168.9 170.6 171.2 170.4 171.1 173.4 176.1 181 183.4 183.5 182 181.7 182.4 183.2 183.2 183.2 183 181.3 179.6 178.9 177.6 176 174.3 174 173.4 172.3 170.7 169.3 168.8 166.9 165.7 164.1 161.4 158.2 155.4 154.4 152.1 150.5 150.9 151.3 151.8 152.1 152.2
160.4 157 157.3 157.9 158.2 158.6 159.1 158.8 157 155.6 155.1 154.8 155.6 156.5 157 156.8 156.4 156.4 156.3 156.2 154.5 154.4 151.9 149.6 145.1 142.3 138 132.4 133.6 140.3 147 151.1 155.9 159.8 164.4 170.1 171 171 169 168.8 170.2 168.9 168.4 169.5 171.4 176 181.3 181.3 178.9 181.3 182.2 183 183.2 182.9 182.5 181.3 180 179.5 177.8 176.6 175.6 174.4 173.6 172.3 171.1 169.9 168.4 166.8 164.9 160.9 153.8 155.8 154.2 154.4 150.7 149.4 147.5 146.6 146.3 150.7 151.1
155.8 154 153.9 156.5 157.9 157.5 157.3 156.7 154.8 153.9 153.3 153.3 153.9 154.6 155.5 155.9 155.7 155.6 155.8 156 154.6 153.9 152.2 150.3 147.4 144 140.8 135.3 129.3 135.8 143.6 147.6 153.7 157.8 162.8 169 171.3 171.1 169 168.2 167.9 167.1 166 167 168.7 173 177.4 176.9 174.9 180.8 181.8 182.7 182.5 182.2 182 182.6 183.7 179.7 178.5 177.1 175.8 175.5 174.1 172.9 171.7 170.7 168.6 166.8 165.8 164 161.4 160.1 157 156 152.2 150.8 144.9 141 136.3 144.2 145.5
151.8 154.1 155.5 157.3 157.8 156.4 155.2 154.3 153.3 152.6 151.7 151.8 152.3 153.1 153.9 155.1 155.6 155.8 156 155.5 153.5 153.6 152.1 150.7 148.6 144.8 142.8 138.1 131.7 129.9 138.6 143.5 150.5 155.4 159.9 166.3 170.8 170.9 168.8 167 165.2 165.5 164.1 164.2 166.9 169 172 172.7 174.6 179.6 181 182.2 182.1 181.9 181.5 181.3 181 179.3 178.5 177.3 176 175.7 174.6 173.5 172.3 170.6 169.2 167.4 164.8 164.3 162.6 161 159.1 154.6 153.2 151 146.9 138.7 129.2 136.4 138.7
150.2 153.1 154.8 155.8 156 154.6 154.3 154.4 152.8 151.4 150.5 150.3 150.8 151.6 152.5 152.7 152.9 153.8 153.5 152.4 151.3 151.4 151 150 148.3 145.8 143 139.3 133.6 128 136.4 140.4 143.5 150.1 156.5 160.7 164.6 169.4 168.2 165 164.4 163.3 163.1 163.2 164.8 166.7 168.5 170.7 172.7 175.2 179.6 181 181.8 181.4 181 180.1 179.7 178.9 178.1 177.2 176.2 175.6 175.1 173.3 171.6 170.3 168.9 168.2 164.6 160.4 159.4 161.1 158.2 155.1 154.4 151.6 148.8 142.3 132.6 126.8 131.8
149.8 152.3 154.1 155.7 155.9 155.3 154.6 154.3 152.4 150.5 149.2 149 149.9 150.5 150.6 150.8 149.4 150.4 149.7 149.2 148.5 148.1 147.5 147.3 147.2 146 143.3 140 140.9 133.9 131.5 136.8 139 144.7 150.5 156 159.8 163.3 166.2 165.5 162 160.9 160.6 162.1 162.9 164.7 167 168.9 170.9 173.9 176.3 181 181 181 180.6 179.3 179.6 178.7 177.8 176.9 176 176 174.9 173.2 172.1 170.9 170.9 170.6 166.1 161.2 159.5 158.2 155.8 155.3 154.7 152.9 151.4 147 137.9 127.8 127.5
150.7 152.8 154.2 154.9 155 154.7 154.4 153.4 151.9 149.9 149.1 148.9 149.3 149.2 149.1 149.4 148.8 148.7 147 146.2 145.7 144.7 144.5 145.2 145.7 145.7 144.7 140.9 140 141.2 129.8 131.7 134.4 138.3 143.5 152.1 156.9 160.5 162.3 162.4 159.2 157.9 160.2 161.2 161.9 164.1 166 167.6 169.2 171.7 174.4 177.8 181 181 179.3 179.6 179.2 178.3 177.5 176.7 175.8 174.6 174.3 173.2 172.2 171.2 170.9 171 167.7 163.3 159.3 156.8 153.9 150.7 152 152.3 150.9 147.9 143.2 135.8 128.9
151.5 153.2 153.3 153.9 154 153.7 153.1 152.2 151.3 149.6 148.7 148.6 148.1 148 147.7 147.8 148 147.5 146.7 144.3 143.9 142.9 142.6 143.4 144.9 145.9 145 141.1 139.2 139.3 135.9 129 130.8 133.9 137.5 144 151.9 156.8 158.1 156.7 154.1 153.3 159.2 160.5 160.9 161.6 163.9 165.5 167.6 169.9 172.3 174.9 179.4 178.4 177.9 178.4 178.3 177.8 176.7 175.9 175.9 174.7 173.2 172.7 172.2 171.3 170.9 170.4 167.3 163 159.4 156.4 152.4 147.5 144.1 147.2 148.4 148.2 143.2 139.7 135.2
152.1 153.5 153.5 153 153 152.8 151.9 151 150.1 150.6 149.2 148 147.5 146.7 146.4 146.3 146.4 146.6 145.6 144.4 142 140.6 141.2 142 143.4 143.8 142.7 140.5 136 134.4 131.8 127.1 126.6 130.2 133.8 137.3 147.3 152.9 154.1 152.2 150.3 149 158 161.1 161.1 158.6 160.1 163.9 166.7 169.3 171.8 173.1 174.7 175.1 175 176.2 177.2 177.1 176 174.1 174.3 173.5 171.6 171.2 171 169.7 170.5 168.4 166 162.6 159.7 157.5 154.2 144.7 139.5 136 141 142.1 137.7 139.5 135.6
152.7 153.7 153.7 153.3 152.1 151.6 150.6 149.8 149.1 149.2 147.5 146.3 146.5 145.2 144.1 145.8 146.1 146 145.9 145 140.8 136.6 140.5 140.5 141.1 141.1 139.9 136.9 133.8 130.2 127.5 123.7 122.1 126.6 130.8 133.5 140.9 149.3 150 149.7 147.3 149 157.8 160.4 161.1 157.3 158.4 163.9 167.2 168.8 170 171.2 171.8 171.1 169.4 171.7 174.9 176.1 176.1 169.4 170.8 171.1 171 170.5 170.5 168.3 167.2 165.9 164.3 162.3 159.5 155.9 154.2 146.4 135.8 127.1 124.1 129.9 130.9 131.7 126.2
153.1 153.9 154.1 153.2 151.9 150.5 149.6 148.6 147.8 145.7 143.9 144.3 144.7 142.5 140.8 143.9 145.9 146 145.8 143.9 139.1 135.3 136.1 138.9 137.9 137.4 136.8 134.3 131.1 126.2 122.9 121.3 119.1 120 127.9 131.2 135.7 141.9 144.3 144.7 143.9 148.3 155 157.6 159.2 154.8 156.7 162.9 166.1 167.4 168.9 169.2 170.3 169.6 167.9 165.8 165 169.8 169.4 164.1 166.4 171 169.2 164.4 165.7 164.6 164.3 164.3 162.7 160.8 158.1 154.2 151.5 141.8 132.7 125.9 129.6 129.1 126.4 123.4 123.3
153.8 154.5 154.6 153.3 152.1 150.8 149.7 148.6 147.2 145.7 143.5 143 142 139.1 137.3 139.1 144.3 144.6 144.4 141.4 136.3 133.8 132.8 133.2 132.5 133.4 133 131.2 128.1 123.6 120.4 118.6 116.4 117.7 123.9 129.6 134.2 135.8 138.1 138.2 140 149.2 153.3 156.6 158.7 151.3 152.9 161.7 164.9 166.8 168.1 168.1 168.4 167.8 166.5 164.2 164.3 164.8 164.7 161.2 162.1 164.6 162.8 160.5 162.8 163.3 162.7 161.5 161.2 158.9 157.6 154.3 150 142.2 138.1 136 134.4 127.9 119.8 118.8 116.9
153.6 155.3 154.7 153.4 152.7 151.3 149.9 148.2 146.8 145.5 141.3 140.1 138.6 136.8 134 132.9 136.2 138.8 140.6 137.1 134 132.3 130.2 127 125.4 128.6 131 128.5 125.1 122.8 120 115.6 113.1 115.8 124.1 128.5 130.9 131.5 132.2 132.8 142.1 147.3 152.1 154.6 153.8 143.4 153 161.4 164.5 166.5 167.2 167.1 167.1 166.8 165.2 164.3 162.5 161.6 161.2 159 159.2 160.1 159.3 159 160.7 161.8 161.5 159.8 159.4 157.1 155.8 155 149.5 142 138 134.7 135.4 128.9 118.2 115.9 114.3
153.2 155.1 155.7 155 154 152 150.3 147.3 146 143.2 140.8 139 136.4 134.5 130.1 129.2 132.5 135.2 136.4 134.4 132.3 130.4 128.1 122.9 119.9 122.6 124.5 122 121 119.1 117.8 115.5 110.4 114.4 124.4 128.4 128.6 127.5 129.2 129.8 134.3 142.2 148.9 151 142 146.4 155.2 160.3 163.6 166.2 166.5 166.4 165.5 165.3 165.6 164 161.8 160.1 158.4 157.3 157.3 157.3 157.8 158.3 159.7 160.7 161 159.2 156.2 155.2 154.8 153.4 145.3 141.9 138.3 137 134.7 123.9 115.1 113.1 110.9
153 154 155.7 156.2 155.3 153.2 150.8 147.3 144.3 140.9 140 137.3 135.1 132.2 129.3 126.4 129.1 130.8 131.4 130.8 129.9 127.8 125.1 119.8 117.4 117.6 118.9 120.3 118 116.3 115.1 113 109.4 117.2 125.8 127 126.1 124.4 125.5 125.7 130 134.1 139.4 138 138 150.6 155.7 159.3 162.6 165 166 165.6 164.1 164.8 165.7 164.7 162.1 159.5 155.9 154.6 154.7 154.6 156.4 157.8 159.1 158.8 158.4 156.4 154.3 153.5 152.1 150.9 145.3 141.7 138.6 137.2 128.7 117.6 113.5 110.8 109
150.6 152.8 156.2 156.4 156 154.4 151.7 148 143.9 140.9 138.9 136.6 134.2 132 128.6 124.2 124.3 125.1 126.2 127.3 124 123.7 121.5 117.3 115.2 115.2 119.5 118.1 115.2 113.2 111.2 109.3 110.1 119.6 126.4 125.2 123.3 121 119.7 121.1 125.9 128.6 128.5 130.2 146.3 152.9 155 158.4 161.2 163.1 164.3 163.3 163.7 164.1 165.5 165.2 161.6 158 155.3 154.3 152.9 155.1 156.3 157.3 157.6 157.5 156.7 154.6 153.2 152.3 151.4 149.6 144.3 141.4 138.8 136.2 125.1 119.1 116.6 114 111.6
146 149.2 155.6 156.1 156.1 156 153.9 150.7 145.4 142.3 140.4 138.9 136.5 134 129.4 125.4 120.9 119.6 119.7 119.8 119 119.7 118 114.5 114.4 115.8 117.3 116.9 114.1 111.6 109.7 109.5 114.2 120.4 123.6 122.4 120.7 117.9 116.4 116.2 118.8 123.1 123.2 134.6 149.4 152.6 154.6 157 160 161.1 161.5 160.7 161.6 163.3 164.9 165.9 160.9 156.2 154.2 151.4 150.1 154.3 155.7 156.2 156.6 156.9 155.9 155 152.6 151.3 150.8 151 145 142.9 139.6 135.6 132.8 127.2 119.4 115.9 110.9
141.4 144.4 148.2 154.2 156.6 156.3 155.8 153.5 148.9 143.6 142.6 140.8 138.6 136.2 131.9 127 121.8 119.2 116.9 115.9 115.9 116.3 115.7 113.8 115.7 116.1 115.7 115.4 113.3 110.8 106.1 107.3 113.7 119.9 120.2 119 118 115.4 112.8 113.1 116.1 117 126 138.5 150 152.4 153.3 154.6 157.5 160.8 159 157.3 159.9 162.5 164.8 165.9 160.4 156.1 153.3 149.2 149.5 153.1 155.7 156.1 156.5 156.5 156.2 156 153.4 150.1 149.6 150.1 147.1 145.2 142.6 141.1 137.5 129.9 121.1 115.8 110.7
137.6 139.6 143 147.6 154.2 155.7 155.9 154.7 151.6 144.6 143.3 142.1 140.6 138.2 135.6 131 124.5 121.3 115.7 114.3 113.8 113.2 113.1 113.7 114.8 114.1 112.9 111.8 110.2 107.9 104.3 110.3 114 116.8 116.8 116 116.2 113.2 110.2 109.5 112.2 117.7 125.5 138.2 148.3 151.6 153 153.5 154.5 156.3 155.7 153.7 157.8 161.7 164.2 163.6 159.2 155.5 149.2 143.9 144.5 150.3 156 156.1 156.3 156.3 156.2 156 153.7 150.5 149.1 150.3 149.6 146.9 146 141.4 137.4 130.3 123 117.2 114.8
135 134.9 138.6 143 148.6 154.5 156 154.6 151.7 147.2 143.8 142.9 141.5 138.8 135.3 131.6 126.2 119.3 118.4 115.4 114 112.8 111.7 111.3 111.9 111.6 108.5 107.8 105.6 103.5 106 110.8 111.7 113.2 113.1 111.7 111.8 111.1 109.3 109.4 113.3 117.8 124.2 133.7 146.9 150.3 152.7 153.4 153.9 153.9 153.4 149.7 153.5 159.7 162.1 160.8 155.9 149.3 141.8 136.9 142.4 148.7 156 156 156.1 156 156 155.5 152.8 150 148.4 148.6 148.5 146.5 143.3 138.9 133.8 128.6 124.8 120.6 116.4
131 132.5 136.3 139.5 146.5 151.6 154.8 154 152.1 148.1 145.2 141.7 140 137.4 134.1 130.2 124.2 120.3 118.2 115.5 114.3 113.4 112.2 110.4 108.4 107 105.6 105.1 104.1 101.8 106.1 108.3 109.3 109.7 109.2 109 108.7 108.6 106.2 107.4 111.7 117.7 124 129.7 145.8 148.3 152.3 153.5 153.7 153.1 151.4 147.9 150.1 153.1 155 154.5 149.4 141.1 136.7 135.1 144.1 146.8 150.6 150.6 152.5 153.4 153.8 152.9 150.9 148.8 146.9 146.2 145.5 145 140.4 135.4 130 127.5 125.3 123.7 119.4
128.7 129.4 133.3 136.4 141.6 147.9 152 152.4 150.8 148.9 145.5 141.1 138.5 136.2 132.2 129 124.9 123.3 119.3 117.6 116.4 115.4 114 111.7 110.6 106.1 104 104.4 102.4 100.4 102.4 105.3 107.1 107.3 106.6 106 105.5 105.8 104.1 106.8 111.7 117.4 123.9 128 138.5 146.8 151.1 152.7 152.8 151.4 149.6 144.1 145.2 146.4 145.7 143.3 138.6 135.4 134.2 135.4 140.8 142.9 143.3 144.5 147.6 151 151.3 150.2 148.2 146.2 144.9 143.7 140.2 136.8 135.1 132.6 129.3 127.2 126.1 125.6 121.4
123 126.9 131.8 136.3 140.2 144.7 148.3 150.9 151.4 149.2 145 142.4 139.5 135.9 134 129.8 129.8 126 122.3 121 118.5 115.2 115 112.4 110.8 107.8 105.4 103.7 101.5 99.4 99.6 102.8 105 104.8 104.2 103.5 102.8 102.3 102.2 107.2 112.6 117.5 123.5 128.2 135.5 146.6 149.8 151.2 151 150.4 150.6 143.2 136.8 136 137.5 132.1 135.1 132.1 134.3 136.1 137.5 138.8 139.5 141.4 144.4 147.9 148.7 147.7 145.9 144.8 143.1 141.7 138.9 134.3 132.2 130.3 128.5 125.3 124.3 123.4 119.1
120.6 127.9 132.5 136 138.9 142.1 146.1 149.7 151.2 149.7 146.2 143.6 141.3 138.2 136.2 133 132.3 128.4 126.4 125 119.2 116.6 114.5 113.2 111.6 109.4 106.6 105.1 102.4 99.7 99.1 100.4 102.1 103.3 102.6 101.8 100.3 99.7 101.8 107.4 112.9 119.6 125.1 127.7 136.2 145.2 148.7 149.2 150.8 150.9 149.6 143.8 134.4 127.6 127.5 127.9 129.8 130.4 133.4 136 135.3 136 138.1 140.5 145 146 146.2 146.3 145.9 144.5 142.6 140.6 139.4 135.2 130.7 128.9 126.9 122.7 120.6 117.8 116.1
116.9 126.6 132 134.3 136.2 139.5 144 149 151.1 150.2 147.3 144.5 142.3 140.4 138.2 135.2 135.1 133.2 130.8 126.8 122.5 119.2 117.6 114.9 112.9 109.8 107 105.1 103.1 100.6 99.4 98.2 98.6 100.6 101.1 100.5 101.1 99 103.1 107.9 113.8 120.2 125 127.9 133.8 142.1 146.4 146.9 148 147 145.3 142.1 134.8 125.9 121.8 121 127.3 130.7 131.5 131.7 132.8 134.8 137.6 140.4 143.8 146 145.5 145.5 145.3 142.4 140.8 141 138 133.2 129.9 128.1 124.6 119.9 117.1 113.5 112.3
118.1 124.4 128.6 132.3 134.4 138.5 143.9 148.5 151.1 150.1 148.4 145.1 144.6 143 139.9 138.9 137.6 136.4 132.9 128.6 126.2 122.9 119.7 116.9 114.7 110.3 107.7 104.5 103.2 100.8 98.7 96 94.4 97 98.9 98.6 98.6 98.2 104.1 108.4 115.5 120.2 124 127.3 130.1 135.6 142.9 145.9 145.6 143.9 141.3 139.2 133.1 124.4 118.4 118.2 128.1 130.5 129.1 129 131.9 135.4 137.9 139.6 141.5 143.6 144.5 143.2 142 139.7 138.8 135.9 133 130.4 127.8 126.3 123.6 118 113.4 109.8 107.4
118 121 125.1 130.6 134.1 136.9 141.9 146.9 150.2 151.1 151.1 148.5 145.5 145.1 142.7 141.3 139.7 137.5 134.5 130.9 127.9 126.1 123.2 118.6 116 112.5 109.4 105.5 103.7 101.6 99.4 96.5 93.9 94.1 96.2 96.7 96.3 93.9 102.9 108.4 115.1 118.7 122.1 124.6 126.8 129.2 138.8 141.1 141.6 140 137.8 132.8 128.1 120.4 114.8 117.5 123.4 125.8 124.7 127.4 132.3 135.4 136.2 138 140.4 142.1 142.7 143.4 141.5 138.6 134.7 133.2 130.5 128.5 125.3 125.4 122.2 115.7 112.8 109 104.9
112.8 117.6 123.8 126.3 132.1 134.3 138.4 145.9 149.9 151 150.8 150.4 147.3 143.9 143.8 142 140.5 138.5 136.1 133.6 130.7 129.7 126.1 119.5 117.9 114 110.9 107.6 105.8 103.4 100.5 97.6 94.7 93.9 93.9 94.7 94.2 97.2 102.8 104.5 111.3 115.2 119.2 121.3 124 127.7 133.3 136.9 133.2 130.4 131 124.9 119.9 115.4 112.9 116.8 120.2 120.1 120.2 125.5 131.3 134.2 135.7 135.9 139.1 140.1 140.5 141 141.7 139.5 136.2 133.2 130.2 126.5 124.1 124.7 125.1 123.3 118.1 113.2 110.6
120.1 122.3 126.1 125.4 128 132.6 138.9 145.6 150 151.2 151 151 149.1 146.2 144.7 143.5 141.4 139.4 136.6 135.1 131.9 130.1 126.5 121.6 119.4 117.2 114.2 111 108.7 105.2 102.4 99.8 97 94.1 94.3 94.4 94.4 96.7 100.1 101.3 104.2 109.4 114.5 116.7 120.8 123.9 129.1 129.5 125.1 122.7 122.9 119.4 116.6 111.4 110.1 115.4 117.8 117 118 123.7 130.3 130.3 134.9 136.2 138.7 140.2 140.9 140.7 139 138 136 133.6 130.7 127.8 126 125.9 125.8 125 121.7 118.3 115.5
