data/430000-1190000.asc
ncols 200
nrows 200
xllcorner 430000
yllcorner 1190000
cellsize 50
[rows 152 to 189 of 200, columns 0 to 83 of 200]
-0.9 -0.9 -0.9 -0.9 -0.9 -0.9 -0.9 -0.9 -0.9 -0.9 -0.9 -0.9 -0.9 -0.9 -0.9 -0.9 -0.9 -0.9 -0.9 -0.9 -0.9 -0.9 -0.9 -0.9 -0.9 -0.9 -0.9 -0.9 -0.9 -0.9 -0.9 -0.9 -0.9 -0.9 -0.9 -0.9 -0.9 -0.9 28.2 30.2 28.5 25.8 23.6 21.6 19.5 17.4 16.7 19.5 22.8 27.6 30.5 33.8 35.7 34.1 -0.9 -0.9 -0.9 -0.9 -0.9 -0.9 -0.9 -0.9 -0.9 -0.9 -0.9 -0.9 -0.9 -0.9 -0.9 -0.9 -0.9 -0.9 -0.9 -0.9 -0.9 -0.9 -0.9 -0.9 -0.9 -0.9 -0.9 -0.9 -0.9 -0.9
-0.9 -0.9 -0.9 -0.9 -0.9 -0.9 -0.9 -0.9 -0.9 -0.9 -0.9 -0.9 -0.9 -0.9 -0.9 -0.9 -0.9 -0.9 -0.9 -0.9 -0.9 -0.9 -0.9 -0.9 -0.9 -0.9 -0.9 -0.9 -0.9 -0.9 -0.9 -0.9 -0.9 -0.9 -0.9 18.5 -0.9 -0.1 4.2 30.3 28.6 26.3 24.9 22.8 20.7 18.6 18.7 22.4 27.5 34.4 39 42.4 44.6 44.5 42.6 -0.9 -0.9 -0.9 -0.9 -0.9 -0.9 -0.9 -0.9 -0.9 -0.9 -0.9 -0.9 -0.9 -0.9 -0.9 -0.9 -0.9 -0.9 -0.9 -0.9 -0.9 -0.9 -0.9 -0.9 -0.9 -0.9 -0.9 -0.9 -0.9
-0.9 -0.9 -0.9 -0.9 -0.9 -0.9 -0.9 -0.9 -0.9 -0.9 -0.9 -0.9 -0.9 -0.9 -0.9 -0.9 -0.9 -0.9 -0.9 -0.9 -0.9 -0.9 -0.9 -0.9 -0.9 -0.9 -0.9 -0.9 -0.9 -0.9 -0.9 -0.9 -0.9 -0.9 -0.9 -0.9 -0.9 32.2 30 30.2 28.6 26.4 24.7 24 21.9 20.9 22.7 27.3 32.4 39.3 46.7 50.9 53.5 52.7 37.1 -0.9 -0.9 -0.9 -0.9 -0.9 -0.9 -0.9 -0.9 -0.9 -0.9 -0.9 -0.9 -0.9 8.4 -0.9 -0.9 -0.9 -0.9 -0.9 -0.9 -0.9 -0.9 -0.9 -0.9 -0.9 -0.9 -0.9 -0.9 -0.9
-0.9 -0.9 -0.9 -0.9 -0.9 -0.9 -0.9 -0.9 -0.9 -0.9 -0.9 -0.9 -0.9 -0.9 -0.9 -0.9 -0.9 -0.9 -0.9 -0.9 -0.9 -0.9 -0.9 -0.9 -0.9 -0.9 -0.9 -0.9 -0.9 -0.9 -0.9 -0.9 -0.9 -0.9 -0.9 -0.9 -0.9 -0.9 28.7 28.5 27.6 26.2 24.2 23.8 23.2 24.7 27.7 32.2 37.3 44.6 52.4 58.2 60.2 58.5 -0.9 -0.9 -0.9 -0.9 -0.9 -0.9 0.9 -0.9 -0.9 -0.9 -0.9 -0.9 -0.9 -0.9 37.6 -0.9 -0.9 -0.9 -0.9 -0.9 -0.9 -0.9 -0.9 -0.9 -0.9 -0.9 -0.9 -0.9 -0.9 -0.9
-0.9 -0.9 -0.9 -0.9 -0.9 -0.9 -0.9 -0.9 -0.9 -0.9 -0.9 -0.9 -0.9 -0.9 -0.9 -0.9 -0.9 -0.9 -0.9 -0.9 -0.9 -0.9 -0.9 -0.9 -0.9 -0.9 -0.9 -0.9 -0.9 -0.9 -0.9 -0.9 -0.9 -0.9 -0.9 0.9 -0.9 -0.9 17.1 27 26 24.7 23.7 25.7 27.4 29.1 31.9 37 42.3 49.9 57.3 63.9 65.7 61.9 41.4 -0.9 -0.9 -0.9 -0.9 -0.9 19.9 -0.9 -0.9 -0.9 -0.9 20.9 25.6 45.5 51.1 -0.9 -0.9 -0.9 -0.9 -0.9 -0.9 -0.9 -0.9 -0.9 -0.9 -0.9 -0.9 -0.9 -0.9 -0.9
-0.9 -0.9 -0.9 -0.9 -0.9 -0.9 -0.9 -0.9 -0.9 -0.9 -0.9 -0.9 -0.9 -0.9 -0.9 -0.9 -0.9 -0.9 -0.9 -0.9 -0.9 -0.9 -0.9 -0.9 -0.9 -0.9 -0.9 -0.9 -0.9 -0.9 -0.9 -0.9 -0.9 -0.9 -0.9 -0.9 -0.9 -0.9 24.9 25.6 24.9 23.9 23.9 27.1 31.4 33.6 35.2 40.8 47.9 56.2 62.7 65.5 66.3 63.2 40.6 -0.9 -0.9 -0.9 -0.9 32.8 28 -0.9 -0.9 -0.9 31.1 38.4 46.3 56 57.6 52.7 -0.9 -0.9 -0.9 -0.9 -0.9 -0.9 -0.9 -0.9 -0.9 -0.9 -0.9 -0.9 -0.9 -0.9
-0.9 -0.9 -0.9 -0.9 -0.9 -0.9 -0.9 -0.9 -0.9 -0.9 -0.9 -0.9 -0.9 -0.9 -0.9 -0.9 -0.9 -0.9 -0.9 -0.9 -0.9 -0.9 -0.9 -0.9 -0.9 -0.9 -0.9 -0.9 -0.9 -0.9 -0.9 -0.9 -0.9 -0.9 -0.9 9.6 23.6 25.1 24.3 24.5 24.2 23.2 24.6 27.6 31.9 36.1 39.8 44.1 49.3 55.9 61.9 65 64 61.2 57.1 52.7 48.7 44.9 40.5 36.4 33 -0.9 34.1 38 47.8 51.8 60.3 69.2 65.9 58.8 -0.9 -0.9 -0.9 -0.9 -0.9 -0.9 -0.9 -0.9 -0.9 -0.9 -0.9 -0.9 -0.9 -0.9
-0.9 -0.9 -0.9 -0.9 -0.9 -0.9 -0.9 -0.9 -0.9 -0.9 -0.9 -0.9 -0.9 -0.9 -0.9 -0.9 -0.9 -0.9 -0.9 -0.9 -0.9 -0.9 -0.9 -0.9 -0.9 -0.9 -0.9 -0.9 -0.9 -0.9 -0.9 -0.9 -0.9 -0.9 -0.9 21.1 21.8 22.6 22.6 22.8 23.1 23.6 25.4 28 32.3 36.6 40.9 44.8 49.2 54.7 59.8 60.4 60.7 55.4 52 49.5 48.8 44.8 41.2 39 39 42.2 51 55.8 59.5 63.2 70.9 73.7 70.4 63.3 55.9 46 -0.9 -0.9 -0.9 -0.9 -0.9 -0.9 -0.9 -0.9 -0.9 -0.9 -0.9 -0.9
-0.9 -0.9 -0.9 -0.9 -0.9 -0.9 -0.9 -0.9 -0.9 -0.9 -0.9 -0.9 -0.9 -0.9 -0.9 -0.9 -0.9 -0.9 -0.9 -0.9 -0.9 -0.9 -0.9 -0.9 -0.9 -0.9 -0.9 -0.9 -0.9 -0.9 -0.9 -0.9 -0.9 -0.9 -0.9 20.6 19.6 21 22.1 22.5 23.9 25 26.1 28.5 32.8 36.7 40.7 44.7 48.9 53 54.8 54.7 52.4 50.5 48.5 45.5 45.1 41.7 43.4 48.5 51.6 56.3 61.9 67 70.7 72.9 77.9 76.8 72.3 64.1 57.2 49.6 -0.9 -0.9 -0.9 -0.9 -0.9 -0.9 -0.9 -0.9 -0.9 -0.9 -0.9 -0.9
-0.9 -0.9 -0.9 -0.9 -0.9 -0.9 -0.9 -0.9 -0.9 -0.9 -0.9 -0.9 -0.9 -0.9 -0.9 -0.9 -0.9 -0.9 -0.9 -0.9 -0.9 -0.9 -0.9 -0.9 -0.9 -0.9 -0.9 -0.9 -0.9 -0.9 -0.9 -0.9 -0.9 4.8 15.1 17 18.7 20.3 22.4 24.3 26.7 27.2 28.1 28.8 32.6 36.6 40.6 44.3 45.4 49.6 49.7 48.9 46.7 44.8 43.1 41.5 40.6 42.5 46.1 52.3 59.8 66.9 74.2 78.7 81.2 83.1 82.9 79.4 74 65.8 57.5 50.4 42.2 32.7 -0.9 -0.9 -0.9 -0.9 -0.9 -0.9 -0.9 -0.9 -0.9 -0.9
-0.9 -0.9 -0.9 -0.9 -0.9 -0.9 -0.9 -0.9 -0.9 -0.9 -0.9 -0.9 -0.9 -0.9 -0.9 -0.9 -0.9 -0.9 -0.9 -0.9 -0.9 -0.9 -0.9 -0.9 -0.9 -0.9 -0.9 -0.9 -0.9 -0.9 -0.9 -0.9 -0.9 6.6 16.5 14.8 18.4 20.9 23.5 27.2 29 29.4 30.2 31 32.6 36.6 40.5 41 41.9 44.4 44.1 43.9 41.6 39.5 38.3 37.6 39.4 42.5 49.5 56.5 67.6 78.3 88.7 97.2 94.4 88.2 84.7 81.2 76.2 68 59.9 54.4 47.3 36.7 28.2 -0.9 -0.9 -0.9 -0.9 20.3 26.4 -0.9 -0.9 -0.9
-0.9 -0.9 -0.9 -0.9 -0.9 -0.9 -0.9 -0.9 -0.9 -0.9 -0.9 -0.9 -0.9 -0.9 -0.9 -0.9 -0.9 -0.9 -0.9 -0.9 -0.9 -0.9 -0.9 -0.9 -0.9 -0.9 -0.9 -0.9 -0.9 -0.9 -0.9 -0.9 -0.9 20.6 21 18.6 18 20.3 23.9 25.9 27.8 29.9 32.2 33 33.4 36.5 37.9 36.9 37.5 38.9 38.6 38.3 37.2 35.6 34.1 34.7 37.3 43.1 52.5 61 74 89.5 101.7 103.3 95.4 89.3 86.5 83.1 78.6 70.3 62.9 57.5 52.1 43.4 36 -0.9 -0.9 -0.9 24.1 32.1 40 45.3 -0.9 -0.9
-0.9 -0.9 -0.9 -0.9 -0.9 -0.9 -0.9 -0.9 -0.9 -0.9 -0.9 -0.9 -0.9 -0.9 -0.9 -0.9 -0.9 -0.9 -0.9 -0.9 -0.9 -0.9 -0.9 -0.9 -0.9 -0.9 -0.9 -0.9 -0.9 -0.9 -0.9 -0.9 19 21.3 19.9 19.4 18 19.5 21.7 24 26.4 28.8 30.8 33.4 33.4 33.9 32.6 33.3 33.8 34.3 32.3 33.5 32.7 32.3 33.4 33.4 36.2 44.3 54.2 66.3 81.4 96.6 101.7 100.9 93 89.7 87.3 84.9 80.2 73.1 67 61.5 55.9 49.6 42 -0.9 -0.9 26.3 37.2 45.5 54.3 56.5 53.2 48.6
-0.9 -0.9 -0.9 -0.9 -0.9 -0.9 -0.9 -0.9 -0.9 -0.9 -0.9 -0.9 -0.9 -0.9 -0.9 -0.9 -0.9 -0.9 -0.9 -0.9 -0.9 -0.9 -0.9 -0.9 -0.9 -0.9 -0.9 -0.9 -0.9 -0.9 -0.9 12.8 19.4 20.2 18 16.3 17.3 19 20.9 23.2 25.5 27.2 28.9 30 29.5 28.9 29.8 29.7 29.7 30.2 30.6 29.9 30.8 31.8 32.9 33.7 37.2 46 58.7 75.2 90.1 100.8 99.7 98.2 94.9 92.8 91.3 89 84.9 76.8 71 64.8 58.6 52.6 46.3 -0.9 -0.9 34.8 45.3 56.8 65.4 66.6 60.4 55.1
-0.9 -0.9 -0.9 -0.9 -0.9 -0.9 -0.9 -0.9 -0.9 -0.9 -0.9 -0.9 -0.9 -0.9 -0.9 -0.9 -0.9 -0.9 -0.9 -0.9 -0.9 -0.9 -0.9 -0.9 -0.9 -0.9 -0.9 -0.9 6.6 3.8 -0.9 13.8 17.2 16.5 14.6 15.1 16.8 18.5 20.3 22.4 24.2 25.8 26.9 26.2 26.3 26.7 27.5 28.5 29.4 29.4 29.3 29.7 30.5 31.3 32.3 33.7 39.8 51.7 67.7 83.4 94 101.5 99.9 98.8 97.3 95.3 96.7 96.6 89.7 80.9 74.5 68.5 62.8 58.1 54.3 43.5 39.6 42.1 52.8 61.2 67 66.1 62.1 56.1
-0.9 -0.9 -0.9 -0.9 -0.9 -0.9 -0.9 -0.9 -0.9 -0.9 -0.9 -0.9 -0.9 -0.9 -0.9 -0.9 -0.9 -0.9 -0.9 -0.9 -0.9 -0.9 -0.9 -0.9 -0.9 -0.9 -0.9 -0.9 10.9 10.7 -0.9 13.6 16 13.3 13.3 14.6 16.3 18 19.8 21.9 24 25 25.6 24.7 24.1 24.5 25.3 26.3 27.3 28.3 29.1 29.6 30.3 31.5 33.2 36.4 45.8 57.5 72.6 88.4 97.8 101.8 100.8 99.7 98.4 97.4 99.2 100.8 95.4 85.5 78.4 72.9 68.3 63.6 58.7 49 44.5 45.9 53.3 61 62.1 61.3 58.8 53.7
-0.9 -0.9 -0.9 -0.9 -0.9 -0.9 -0.9 -0.9 -0.9 -0.9 -0.9 -0.9 -0.9 -0.9 -0.9 -0.9 -0.9 -0.9 -0.9 -0.9 -0.9 -0.9 -0.9 -0.9 -0.9 -0.9 -0.9 -0.9 14.4 14.1 13.8 10.1 11.7 14 15.3 15.8 16.6 17.7 20 22.2 23 23.6 24.2 23.7 22.9 22.3 23.1 24.1 25.3 27.5 29.9 31.9 33 34.2 35.6 41 50.6 63.3 79 92 101.7 102.2 101.7 100.6 99.5 99.9 101 100.6 98.7 89.6 83.1 78.5 73.9 69.1 61.9 53.2 49.1 52.8 56.9 58.7 60.3 59.3 58.8 58.4
-0.9 -0.9 -0.9 -0.9 -0.9 -0.9 -0.9 -0.9 -0.9 -0.9 -0.9 -0.9 -0.9 -0.9 -0.9 -0.9 -0.9 -0.9 -0.9 -0.9 -0.9 -0.9 -0.9 -0.9 -0.9 10.2 15.9 18.3 18.7 18.4 18.3 18.4 18 18.1 19.3 19 19.1 19.6 20.3 20.7 21.6 22.2 22.8 22.7 21.9 21.1 21.9 24.3 26.8 29.2 32.3 34.9 35.8 37 38 46.9 56.1 69.7 85.1 96.2 102.3 102.4 102.4 101.6 101.7 103.8 103.9 101.5 97.3 93.1 87.5 83.6 78.8 72.6 64.3 57.2 56.8 60 59.4 60 59.3 59.5 62.7 63.7
-0.9 -0.9 -0.9 -0.9 -0.9 -0.9 -0.9 -0.9 -0.9 -0.9 -0.9 -0.9 -0.9 -0.9 -0.9 -0.9 -0.9 -0.9 -0.9 -0.9 -0.9 -0.9 -0.9 -0.9 -0.9 15.2 20.2 22.1 22.8 22.7 23 23.4 23.3 23.6 23 22.3 21.6 21.9 21 19.3 19.5 20.4 21.2 21.7 21.1 20.5 20.1 23 25.7 29.3 33.7 37.9 38.8 39.9 42.7 52.4 62.7 76.6 90.8 100.7 102.5 102.8 103.5 105 106.3 106.8 106.9 103.6 99.4 95 91.7 87.8 82.4 75.7 67.4 61.6 60.5 62.3 61.7 61.2 63 68.4 72.4 68.5
-0.9 -0.9 -0.9 -0.9 -0.9 -0.9 -0.9 -0.9 -0.9 -0.9 -0.9 -0.9 -0.9 -0.9 -0.9 -0.9 -0.9 -0.9 -0.9 -0.9 -0.9 -0.9 -0.9 -0.9 11.5 18.3 21.2 23.6 25.1 27.2 27.8 28.4 28.6 28.7 27.5 25.6 23.8 22 20.7 19.1 17.5 18.4 18.6 19.6 20.3 19.8 19.2 22 25.7 31.7 36.4 41.3 48.4 50.2 45.9 54.7 66.1 81.3 98.6 102.2 101.5 102.1 105.5 107.1 108 109.3 109.8 105.7 101.5 98 95.9 92 86 77.6 70.9 66.3 64.2 64.9 64.9 64.1 67.6 75.3 80.2 73.3
-0.9 -0.9 -0.9 -0.9 -0.9 -0.9 -0.9 -0.9 -0.9 -0.9 -0.9 -0.9 -0.9 -0.9 -0.9 -0.9 -0.9 -0.9 -0.9 -0.9 -0.9 -0.9 -0.9 -0.9 11.7 17.9 20.3 24 24.7 27.2 29.6 30.5 30.9 31.3 28.6 26.7 25.7 23.6 21.3 19.4 14.6 15.5 15.9 17.2 18.4 18.8 19.5 22.4 27.4 34.7 39.6 45.9 53.9 58.3 50.3 58 69.4 85 99.4 100.4 99.9 101.6 106.6 108.5 109.2 110.1 110.7 108.5 104.4 101.2 99.5 96 88.1 79.7 73.9 70.8 68.1 67.5 67.7 67.4 71.8 77.5 79.8 74
-0.9 -0.9 -0.9 -0.9 -0.9 -0.9 -0.9 -0.9 -0.9 -0.9 -0.9 -0.9 -0.9 -0.9 -0.9 -0.9 -0.9 -0.9 -0.9 -0.9 -0.9 -0.9 9.1 2.7 14.9 16.7 18.9 21.7 24.1 26.1 27.3 29 29.3 28.4 27.9 26.6 23.8 22.5 16.8 13.7 16 13.9 14.8 15.9 17.1 18.4 21.1 24.3 29.9 36.5 43 51.2 59.2 63.6 55.4 62.5 73.1 85 92.9 95.5 99.1 101.8 106.8 109.1 110.1 111 111.5 110.4 107.8 104.2 102.5 98.8 90.4 82.4 77.3 74.9 73.5 71.4 70.5 72.1 76.5 80.9 77.9 74.5
-0.9 -0.9 -0.9 -0.9 -0.9 -0.9 -0.9 -0.9 -0.9 -0.9 -0.9 -0.9 -0.9 -0.9 -0.9 -0.9 -0.9 -0.9 -0.9 -0.9 -0.9 -0.9 11.3 13.1 14.7 16.1 17.5 18.7 21.4 22.9 23.9 25.3 25 25.2 -0.9 -0.9 -0.9 -0.9 -0.9 20.8 19.6 17.6 17.9 19.2 20.3 20.7 23.8 28.4 34.3 41 49.1 57.3 65.5 68.7 60.9 66.1 77.7 87.8 97.7 97.9 100.8 103.5 107 109.4 110.5 112.6 113 111.2 109.4 107.1 104.4 100.4 93.5 85.5 82.5 80.5 80.3 76.8 73.5 77.2 80.3 80.7 75.8 72
-0.9 -0.9 -0.9 -0.9 -0.9 -0.9 -0.9 -0.9 -0.9 -0.9 -0.9 -0.9 -0.9 -0.9 -0.9 -0.9 -0.9 -0.9 -0.9 -0.9 -0.9 -0.9 -0.9 -0.9 9.2 14 15 -0.9 16.2 17.2 18.2 -0.9 -0.9 -0.9 -0.9 -0.9 -0.9 -0.9 -0.9 19.9 21.1 21.1 21.2 22.3 24.3 26.7 29.5 33.8 39.1 47.2 55.5 63.7 71.9 73.6 65.5 71.1 82.2 92 100.8 99.1 102.3 105.1 107.8 110.4 113.5 116 114.7 113 111.3 109.7 106 102.6 95.6 89.5 87.6 85.3 81.5 79.2 78.5 79.7 80.9 80.2 75.4 70.4
-0.9 -0.9 -0.9 -0.9 -0.9 -0.9 -0.9 -0.9 -0.9 -0.9 -0.9 -0.9 -0.9 -0.9 -0.9 -0.9 -0.9 -0.9 -0.9 -0.9 -0.9 -0.9 -0.9 -0.9 -0.9 -0.9 0.9 -0.9 0.9 13.2 6.4 -0.9 -0.9 -0.9 -0.9 -0.9 -0.9 -0.9 -0.9 11.7 19.3 21.6 24.3 27.4 30 32.6 35.7 39.1 46.2 54.4 62.6 70.8 77.9 78.1 72.8 71.5 85.8 95.4 100.8 99.3 102.3 106.2 110.2 115.1 117.6 119.5 117.2 115.4 113.8 112.2 108.6 104.5 98.4 94.1 91.7 89.2 84.8 82.1 82.4 80.2 81.4 79.7 75 70
-0.9 -0.9 -0.9 -0.9 -0.9 -0.9 -0.9 -0.9 -0.9 -0.9 -0.9 -0.9 -0.9 -0.9 -0.9 -0.9 -0.9 -0.9 -0.9 -0.9 -0.9 -0.9 -0.9 -0.9 0.9 -0.9 -0.9 0.9 2.1 -0.9 -0.9 -0.9 -0.9 -0.9 -0.9 -0.9 -0.9 -0.9 -0.9 15.5 18.6 23.2 28.4 31.8 34.7 38.3 44.2 48.9 56.1 62 70.2 77.3 83.5 85.3 81.8 74.4 81.6 94.2 98.3 99.5 101.7 107.7 113.5 118.8 121.4 121.3 119.5 117.9 116.3 114.7 111.5 107.1 103.4 99.7 95.8 92.5 88.2 87 86.3 84.5 82 79.3 74.7 69.6
-0.9 -0.9 -0.9 -0.9 -0.9 -0.9 -0.9 -0.9 -0.9 -0.9 -0.9 -0.9 -0.9 -0.9 -0.9 -0.9 -0.9 -0.9 -0.9 -0.9 -0.9 -0.9 -0.9 -0.9 -0.9 -0.9 -0.9 -0.9 -0.9 -0.9 -0.9 -0.9 -0.9 -0.9 -0.9 -0.9 -0.9 -0.9 15 21.3 21.4 22.9 31.8 37.1 40.7 45.9 52.6 59.1 65.7 70.7 76.6 82.7 88.8 90.4 88.4 81.6 81.1 91.3 97.2 98.8 102 108.5 115.3 120.5 123.8 123 121.8 120.7 119.2 117.3 114.2 109.6 106.1 102.9 99.8 96.4 94.4 95.1 93.4 88.3 85.4 80 75.5 70.4
-0.9 -0.9 -0.9 -0.9 -0.9 -0.9 -0.9 -0.9 -0.9 -0.9 -0.9 -0.9 -0.9 -0.9 -0.9 -0.9 -0.9 -0.9 -0.9 -0.9 -0.9 -0.9 -0.9 -0.9 -0.9 -0.9 -0.9 -0.9 -0.9 -0.9 -0.9 -0.9 -0.9 -0.9 -0.9 -0.9 -0.9 -0.9 25.9 26.1 26.7 27.6 30.6 39.3 43.8 51.4 58.3 67.8 71.5 76 80 86.5 91.7 91.5 90.3 89.7 86.8 90 97.7 100.5 103.7 107 113.5 118.6 124 125.3 124.2 123 121.4 119.1 116.7 112.2 108.8 105.7 104.2 102.1 101.6 102.8 99 93.5 88.6 82.9 76.8 70.9
-0.9 -0.9 -0.9 -0.9 -0.9 -0.9 -0.9 -0.9 -0.9 -0.9 -0.9 -0.9 -0.9 -0.9 -0.9 -0.9 -0.9 -0.9 -0.9 -0.9 -0.9 -0.9 -0.9 -0.9 -0.9 -0.9 -0.9 -0.9 -0.9 -0.9 -0.9 -0.9 -0.9 -0.9 -0.9 -0.9 21.6 26 28.6 31.3 33.7 37.2 33.7 38.1 45.6 54.3 63.3 70.9 74.8 79.3 83.9 88.5 92 92.2 91.5 93.9 92.3 93.2 94.7 101 104.5 107.9 112 116.4 121.6 125.9 126.1 124.7 122.7 120.6 118.6 114.8 111.6 110.1 108.6 107.2 107.5 108.3 105.5 99.8 91.2 84.2 78.1 70.8
-0.9 -0.9 -0.9 -0.9 -0.9 -0.9 -0.9 -0.9 -0.9 -0.9 -0.9 -0.9 -0.9 -0.9 -0.9 -0.9 -0.9 -0.9 -0.9 -0.9 -0.9 -0.9 -0.9 -0.9 -0.9 -0.9 -0.9 -0.9 -0.9 -0.9 -0.9 -0.9 -0.9 -0.9 -0.9 19.7 25.7 31.6 35.7 38.7 41.3 43.6 42.1 40.9 46.7 55.3 66.3 74 78.2 82.6 85.9 88.6 91.4 92.7 94.6 97.4 99.5 100 98.8 100.2 103.6 108.2 113 117.1 120.8 123.7 126 125.6 123.5 121.3 119.7 117.5 115.9 114.6 113.2 111.8 112.2 112.8 110.6 102.1 94 86.6 78.3 68.4
-0.9 -0.9 -0.9 -0.9 -0.9 -0.9 -0.9 -0.9 -0.9 -0.9 -0.9 -0.9 -0.9 -0.9 -0.9 -0.9 -0.9 -0.9 -0.9 -0.9 -0.9 -0.9 -0.9 -0.9 -0.9 -0.9 -0.9 -0.9 -0.9 -0.9 -0.9 -0.9 -0.9 18.3 22.3 26.5 31.5 38.7 46.3 50 49.4 49.7 49.6 47 47.4 56.6 64.7 71.5 79.5 83.5 86.2 89 91.7 95.3 98.4 101.2 104 105.4 104.8 105.1 106.9 108.7 113.9 118.7 121.9 124 125 125.1 123.1 119.2 119.3 119.7 119.7 118.6 117.5 116.4 116.3 116.7 111.1 104 96.3 88.3 77.9 67.3
-0.9 -0.9 -0.9 -0.9 -0.9 -0.9 -0.9 -0.9 -0.9 -0.9 -0.9 -0.9 -0.9 -0.9 -0.9 -0.9 -0.9 -0.9 -0.9 -0.9 -0.9 -0.9 -0.9 -0.9 -0.9 -0.9 -0.9 -0.9 -0.9 -0.9 -0.9 -0.9 19.3 26.4 32.1 37 44.6 50.4 58.9 59.8 55.6 55.6 55.6 55.8 53.8 55.8 62.2 69.2 79.6 82.3 85.9 89.5 92.4 96.4 101.2 105.1 109.1 113.1 111 110.7 111.7 110.1 113.6 119.2 122.2 123.9 123.2 121.9 119.2 118.7 118.9 119.1 120.3 121.3 120.2 119.2 118 117.8 110.9 104 96.6 87.2 77.1 66.8
-0.9 -0.9 -0.9 -0.9 -0.9 -0.9 -0.9 -0.9 -0.9 -0.9 -0.9 -0.9 -0.9 -0.9 -0.9 -0.9 -0.9 -0.9 -0.9 -0.9 -0.9 -0.9 -0.9 -0.9 -0.9 -0.9 -0.9 -0.9 -0.9 -0.9 12.7 24.4 28.6 34.6 43.5 52.6 60.2 67.1 68.7 64.8 62.8 63.1 63.5 64.1 65.3 62.6 64.7 68.6 77.1 81 84.6 88.2 91.7 97 102.7 108.6 114.9 119.8 118.5 116.2 116.4 114.9 113 116.4 116.6 117.5 119.1 116.7 115.7 117.1 118.5 118.6 119.8 121 122.2 121.6 120.2 118.1 110.6 104.1 96 85.6 75.4 68.2
-0.9 -0.9 -0.9 -0.9 -0.9 -0.9 -0.9 -0.9 -0.9 -0.9 -0.9 -0.9 -0.9 -0.9 -0.9 -0.9 -0.9 -0.9 -0.9 -0.9 -0.9 -0.9 -0.9 -0.9 -0.9 -0.9 -0.9 -0.9 -0.9 35 32.8 35.8 42.9 50.1 59.8 69.3 75.7 77.4 75.9 69.6 69.5 70.6 71.2 73.1 75.3 71.4 69.7 74.1 77.1 79.4 82.5 86.4 91 96.6 103.2 109.6 116 119.9 120.1 119.4 118.8 115.7 113.4 113.2 113.2 113.2 113.2 113.2 114.1 115.5 116.9 118.1 119.2 120.8 121.9 121.6 119.9 116.3 109 102.1 94.9 84.3 76.8 75.2
-0.9 -0.9 -0.9 -0.9 -0.9 -0.9 -0.9 -0.9 -0.9 -0.9 -0.9 -0.9 -0.9 -0.9 -0.9 -0.9 -0.9 -0.9 -0.9 -0.9 -0.9 -0.9 -0.9 -0.9 -0.9 -0.9 -0.9 -0.9 -0.9 46.1 46.1 52 61.6 69.3 75.9 83.3 86.2 87.8 83.9 76.3 75.9 78 78.9 80.5 81.4 75 74.2 78 82.3 80.7 82.2 86 90.4 96.5 102.5 109.1 113.4 117.8 120.5 120.7 120.5 118.1 115.7 113.2 113.2 113.2 113.2 113.2 114 116.2 117.1 118.6 119.7 120.5 121.6 120.6 118 114.4 107.3 100.3 93.5 83.3 79.6 83.9
-0.9 -0.9 -0.9 -0.9 -0.9 -0.9 -0.9 -0.9 -0.9 -0.9 -0.9 -0.9 -0.9 -0.9 -0.9 -0.9 -0.9 -0.9 -0.9 -0.9 -0.9 -0.9 -0.9 -0.9 -0.9 -0.9 -0.9 -0.9 49.6 55.1 58 67.4 76 86.4 91 92.6 95.3 94.1 89.8 83.9 83.7 84.5 84.1 83.3 80.8 76.6 77.9 80.2 85.5 86.7 83.9 89 89.8 95.8 101.9 106.5 110.8 115.2 119.4 119.5 120.3 120.8 117.6 113.2 113.2 113.2 113.2 114.7 117 118.2 118.9 119.7 120.6 121.1 121 118.3 115.6 112.7 105.8 98.9 92 81.4 85.1 89.6
-0.9 -0.9 -0.9 -0.9 -0.9 -0.9 -0.9 -0.9 -0.9 -0.9 -0.9 -0.9 -0.9 -0.9 -0.9 -0.9 -0.9 -0.9 -0.9 -0.9 -0.9 -0.9 -0.9 -0.9 -0.9 -0.9 -0.9 54.8 56.3 62.7 73.3 82.5 88.7 94.9 97.7 99.3 100.3 99.4 94.5 89.7 91 89.1 86 83.4 81 80 83.9 84.3 85.6 91.4 87 86.9 89.4 94.5 99.9 103.9 107.5 111.6 115.4 117.6 119.1 120.5 117.6 113.9 113.2 114.5 116.3 119.3 121.6 122.1 120.8 121 121.3 121.8 120 117 114.1 111.4 105.1 98.1 91.2 84.2 88.2 91.7
-0.9 -0.9 -0.9 -0.9 -0.9 -0.9 -0.9 -0.9 -0.9 -0.9 -0.9 -0.9 -0.9 -0.9 -0.9 -0.9 -0.9 -0.9 -0.9 -0.9 -0.9 -0.9 -0.9 -0.9 -0.9 51.7 56.6 58.7 63.9 73.5 87.7 94.9 97.9 100.9 103.7 104.7 105.6 104.4 99.5 98 99.6 95.1 89.9 89.2 87 85.1 88 89.4 89 90.4 90.5 92.6 94.7 95.3 95.6 100.6 104.8 108.9 112.4 114.8 118.6 119 117.3 116.7 116.7 116.9 119.2 122.3 125.5 123.6 122.1 122 121.9 120.7 118.9 115.9 112.9 109.9 104.5 97.4 90.4 86.2 87.6 94
