data/430000-390000.asc
ncols 200
nrows 200
xllcorner 430000
yllcorner 390000
cellsize 50
[rows 144 to 179 of 200, columns 80 to 159 of 200]
133.8 128.6 128.1 128.1 127.3 126.2 124.7 123.3 121.2 119.6 118.4 116.3 116.8 116.7 116.9 115.9 117.4 115.5 114 112.5 110.4 109.8 108.5 106.8 105.9 105.9 106.1 105.1 104.7 104.9 103.9 101.8 100.8 100.4 99.3 96.6 95 94.3 93.5 91.5 88.5 86.8 85.6 80.2 73.4 76.5 82.6 88.1 91.6 96.4 98.5 101.7 104.5 106.4 107.7 108.9 110.1 111.6 113.4 114.7 114.7 114.1 112.7 111.4 110.9 110 108.7 107.8 107.6 107.5 107.5 106.8 106.1 105.4 106.5 108.1 107 105.5 101.2 97.1
133.5 130.3 127.4 126.4 125.4 124.7 123.5 122 119.9 118.7 117.4 116.2 115.2 114.9 116 115.2 115 114.8 113.5 111.7 108.9 107 106 104.3 103.3 103.2 103.1 102.6 102 101.5 100.6 99.5 98.6 97.7 96.8 95.1 93.7 92.7 92.5 91.2 86.4 82.3 83 79.3 76.8 81.8 85.4 88.6 92.4 96.1 99.4 102.5 105.9 107.9 109.7 111.2 112.9 115.2 117.2 119.5 120.2 118.5 116.5 115.5 115 114.5 113.4 112.2 111.6 111.8 111.7 111.5 112 111.6 111.7 111.7 109.9 108.2 106 101.5
133.1 129.8 127.2 123.6 124.1 123.6 122.3 119.8 118.7 117.3 116.2 114.7 113.3 113.4 113.7 114.6 113.1 113.7 112.8 111 108.8 107.3 105.5 103.6 102.8 101.8 100.6 100.1 99.8 99.7 99.7 100.5 99.9 98.7 97.7 96.7 95.4 92.2 88.3 86.9 83 78.3 84.4 81.4 83.3 84.1 87.6 91.3 94.8 97.5 100.8 103.4 106.2 108.7 110.9 113.4 116.2 119.2 122.2 123.9 124.7 123.5 121.7 120.2 119.2 119.2 118.8 117.4 116.3 115.5 116 115.8 115.5 115 114.8 115.6 113.5 110.9 109.2 105.8
132.4 129.9 127.1 124.8 123.1 119.9 119.8 119 117.6 116.5 115.1 113.4 112.1 112.4 111.7 112.4 111.9 111.3 110.7 109.9 108.9 108.1 106.8 105.2 103.9 102.2 99.5 98.3 97.9 98.5 99.1 99 99.4 99.8 99.2 98.5 95 92.2 87.2 81.2 80.7 84.3 90.2 86.1 87.7 88.5 91.5 94.8 97.9 100.5 103.4 105.9 108 110.6 113 115.8 119.4 122.8 126 127.3 128.3 127.9 126.6 124.6 123.9 124.5 123.9 122.3 120.9 119.8 119.2 118.5 118.3 118.1 118 118.4 117.3 114.2 111.1 109.5
133.4 130.8 128.2 126 123.7 121.6 120 118.3 115.2 113.5 113.6 111.7 110.2 111 110.4 109.7 109.9 109.5 109.6 108.6 107.6 107.1 106.3 104.9 103.7 102 100 98.1 97 94.6 95.8 95.3 96.2 96.1 94.4 92.1 90.2 87.7 83.7 84.6 87.5 92.4 94.4 91.1 92 93 94.8 97.3 100.8 102 104.8 108.5 110.7 113.3 116.4 119.9 123.1 126.7 129.2 130.4 131.3 131.5 130.7 128.7 129 129.7 128.5 126.8 125.2 123.7 121.9 120.8 120.5 120.3 120.9 121 119.8 117.1 113.6 111.2
133.8 131.8 129 125.2 124.3 122.7 120.9 118.5 115 114.1 112.7 110.8 109.1 107.4 108 107.4 106.6 107.1 107.9 109.1 108 106.7 105.2 104 103.1 101.6 99.7 97.6 95.4 90.9 89.8 87.9 87.7 88.7 87.5 84.3 86.1 87.7 89.3 94.4 97.5 97.1 98 96.7 98 98.4 97.8 100.3 102.7 105.2 108.4 110.8 113.7 116.5 120 124.2 127.6 130.8 132.4 133.7 134 134.3 133.7 132.4 132.9 133.4 132 129.9 127.7 125.7 123.8 123.7 123.3 122.9 123.1 122.9 122.3 119.2 115.4 112.3
133.9 131.7 125.3 125 124.6 122.5 120.6 118.7 117.2 115.9 114.4 112.3 110.2 107.2 106.6 105.1 104.5 104.4 103.4 101.4 101.8 103.5 104.1 104.1 102.2 98.7 94.8 93.8 96.2 93.9 93.3 92.9 92.5 91.6 91.5 92.1 92.1 92.2 92.6 96.8 100.7 102.2 101.9 104.4 105.3 105 103.7 103.4 105.8 108.5 110.8 113.7 116.7 119.7 123.1 127.1 131.7 133.9 135.7 136.2 136.6 136.8 136.2 135.8 136 135.8 134.6 132.2 129.6 128.3 126.6 126.6 126.3 124.7 124.2 123.6 122.5 120.8 116.7 113.2
135.1 134.9 129.4 125 123.9 122.5 120.8 119.4 118.7 117.1 115.7 113.4 111.1 108.6 107.3 107.2 108.4 107.8 106 103.5 101.4 99.9 99.1 98.5 99.1 97.4 97.2 98.5 99.4 99.5 98.5 96.6 95.5 95 94.7 94.7 95.2 95.5 96.1 98.8 102.9 106.7 106.8 110.6 110.8 110 108.7 108.1 109.9 112.3 114.6 116.7 119.6 122.1 124.6 129.8 134.6 137.4 138.5 139 139.1 139.1 138.5 138 137.8 137.3 136.2 134 131.3 130.2 129.4 128.9 127.5 125.3 124.4 123.3 122.3 120.3 117.8 114.3
135.2 135 132.2 125.8 124.7 122.5 120.4 120 118.9 117.1 115.3 113.7 111.4 110.1 108.8 111.8 113.8 112.4 110.3 107.1 104.2 102.2 103.1 103.3 103.7 103.9 104.5 104.1 103.2 103.8 102.9 100.7 98.5 100.1 100.1 100.1 99.6 99.5 100 100.7 105.1 110.1 112.3 109.5 115.8 114.8 113.2 112.8 114.4 117.2 118.7 120.2 122.2 124.3 126.5 131.8 136 139 140.6 141.3 141.6 141.4 140.8 140.2 139.8 139.1 137.9 135.4 133.1 131.7 131 130 127.3 125.1 123.6 121.7 121 117.8 115.8 112.7
135 134.5 129.1 125.8 124.9 122.5 121.7 120.9 119.7 118.1 116.6 115.4 114.1 112.9 111.4 113.3 114.8 114.3 112 107.4 104.3 103.4 109.2 111.6 112 109.8 110.6 109.8 106.6 107.9 107.4 105.5 103.8 104.3 105.3 105.5 104.4 103.7 103.7 104 107.1 110.7 111.1 112 117.2 118.6 117.8 117.9 118.9 121.4 122.8 123.6 124.7 126 128.8 132.7 136.8 139.8 142 141.8 141.9 142.1 142.7 141.9 141.2 140.1 138.6 136 134 133.2 135.1 129.5 127.4 124.2 121.2 119.8 117.3 114 111.4 107.5
135.1 134.9 130.7 127.1 124.9 122.4 122.2 121.9 121.1 120 119 117.8 116.8 115.6 114.5 115.7 115.6 114.4 112.5 109.9 108.2 105.5 111.5 114.8 115.9 114.7 115 114.7 111.1 111.5 112.1 110.6 109.3 109 109.8 110.6 109.2 107.5 107.2 107.8 109.6 112.4 114.2 115.6 117.4 119 120.4 122 123.3 124.5 125.7 126.2 127.2 127.8 129.7 132.4 136.2 139.1 140.2 141 141.9 142.2 143.5 142.2 141.5 140.8 138.3 135.9 134.8 136.1 132.2 129.2 129.4 122.7 119.5 117 114.4 111.7 108.9 103.1
137.2 135.2 132.5 128.9 125.2 122.4 122.8 123.1 122.7 122.4 121.6 120.5 119.4 118.3 117.7 117.7 116.7 115.8 114 112.8 111.9 111 114.5 115.8 117 116.9 118.1 117.7 115.7 115.9 116.3 115.7 116 115.4 113.6 114.4 112.5 111.1 110.5 111.2 112 114.1 116.1 117.6 119.2 120.9 122.8 124.6 125.9 126.6 127.5 128.6 129.7 129.9 130.9 132.1 134.3 136.3 137.6 138.2 139.3 141.1 143 142.4 141.5 140.1 137.7 136 135.1 134.4 131.4 128.5 126.7 121.5 118.5 115.3 112.4 108 102.4 96.5
133.9 133.1 130.5 127.1 123.5 122.1 123 123.9 124.3 124.1 123.5 123 121.9 120.8 120.2 120.8 119.7 118.7 116.5 115.4 114.6 114.6 115.8 116.6 118 118.8 119.5 119.3 120.1 120.6 120.6 119.9 119.6 118.3 118.8 118.2 115.7 114.8 113.9 114.4 113.9 115.6 117.6 119.7 121.7 123 124.5 126.2 127.4 128.4 129.7 130.9 131.8 132.5 131.8 132.8 133.4 133.3 136 137.1 138.5 140.2 141.6 140.7 139.5 138.1 136.3 135.8 134.5 133.4 131 128.4 125.2 121.1 116.3 112.1 106.9 100.8 90.6 85.1
129.1 130.1 128.2 125.6 122.7 121.6 123.3 125.3 126.3 126 125.3 124.7 123.6 122.7 122.6 122.7 122 120.8 119.1 118 117.5 117.2 116.7 117.8 120.2 122.8 124 124.1 123.2 122.3 123.9 122.8 122.4 122.3 122 120.7 119.6 118.8 118.2 117.8 117.7 118 119.7 121.8 123.6 124.8 126.2 127.8 129.5 130.8 131.9 132.8 133.8 134.9 134.4 134.1 134.2 133.3 136.2 136.1 138.1 139.4 140.3 139.1 138.4 137.5 137 135.6 134.5 132.3 130.2 129 122.3 118 112.2 107.4 101.3 93.3 86.1 83.3
124.8 125.9 124.4 121.8 120.1 120.8 123.5 126.5 128.6 128.5 128 127.4 126.4 125.1 126 127.1 126.2 124.8 123.1 121.7 120.8 120.3 120.7 122.7 124.3 125.1 125.1 125.1 125.7 125.3 126 125.3 125.9 125.7 124.8 124 123.1 122.7 122.2 121.9 122.3 122.9 123.9 125.1 126.1 127.1 128.3 130.1 131.8 132.9 133.4 134.4 134.8 135 134.8 134.7 134.6 135.3 136.1 137 137.9 138.7 138.8 137.9 137.7 138 135.5 134.5 134.2 132.5 131.5 125.5 122.3 118 112.9 106 103 96.4 92.4 88.5
119.8 120.2 119.4 119.1 118.1 119.3 122.8 127.9 130.8 132.2 131.2 130.2 128.9 127.6 130.5 131.2 129.7 128.5 126.5 124.9 124.3 123.8 124.3 125.4 126.4 127.5 127.5 128.4 128.5 127.9 127.8 128.2 127.7 127.6 127.5 127.1 126.9 126.5 126.8 127.8 127.6 127.9 128.1 128.8 129.3 130.4 131.4 132.5 133.2 134.1 134.8 135 134.3 133.5 132.8 132.8 133 133.7 134.6 135.9 136.7 137.1 137 136.7 136.6 136.7 136.2 134.5 134.7 132.6 130.1 128.2 124.7 120.5 115.7 112 109.4 106 103.6 99.3
113.2 116.3 116.9 115.1 115 118.1 123.3 129.7 133.9 134.8 133.9 132.4 131.2 131.2 133.7 134.9 134 132.3 129.2 127.5 127 127 127.2 127.9 128.6 129.1 129.6 129.6 129.4 129.1 129.7 130.3 129.8 129.7 130.1 130.7 130.6 130.5 130.7 130.6 130.7 131 131.7 132.2 132.4 133.2 133.6 133.9 134.3 135 135.1 134 132.9 131.9 131.3 131 131.2 132.1 133.1 134.7 135.6 135.9 135.1 135 135.2 135.3 137.2 136.4 134.2 133.8 133.9 130.3 126.4 122.2 118.7 116.1 113.8 111.9 111.8 111.6
110 109.7 111.2 112.2 113.9 117.5 124.2 130.7 135.8 140.3 137.7 135.9 134.6 135.4 136 137 136.9 133.9 131.4 130 129.3 129.4 129.6 129.6 130.1 131.3 130.8 130.6 129.7 130 131.5 131.4 131.1 130.9 132.5 133.3 133.5 133.1 132.7 132.4 132.1 132.7 133.4 133.7 134.3 134.8 134.9 134.8 135.3 135.4 134.2 132.9 131.7 130.4 129.6 129.1 129.7 130 131 132.6 133.8 133.7 133.3 133.7 133.5 134.1 135.7 135.7 134 134 132.3 129.6 126 122.4 119.5 116.7 114.1 111.5 111.3 111.1
105.8 108.3 110 110.6 112.9 116.8 124 132.1 137.1 140.8 142.7 142.1 140.3 139.5 139 138.5 138 135.4 133.7 132.1 132 132 132 132 131.9 131.7 132.1 132.4 132 132.3 132.2 131.7 131.7 132 132.4 133.6 135 134.8 134.5 133.9 133.4 133.2 133.8 134.2 135.1 135.7 136.2 135.7 135.8 134.6 133.4 132.1 130.7 129.5 128.2 127.7 127.8 128.3 129 130.6 131.3 131.6 131.8 132.2 133.1 133.3 133.9 134.3 134 134 130.5 127.6 126.4 123.9 120.1 116.8 113.4 111.3 111.1 108.3
105.8 107 108.3 109.3 111.7 118.4 126.1 133.4 137.3 140.7 143.7 145.2 144.5 143.4 141.4 140 138.7 137.1 135.4 135.2 134.7 134.3 133.8 133.9 133.7 132.6 131 131.2 131.4 130.7 131.1 131.1 131.3 132.2 132.8 133.2 134.9 135 134.3 134.8 135 135.4 135.8 136.7 137.6 136.7 135.1 135.8 134.6 133.2 131.9 130.6 129.6 128.7 127.6 126.3 125.7 127.6 128.5 129.2 129.6 129.9 130.6 131 132.1 133.1 133.8 133.6 132.6 131.9 130.8 128.8 127.1 124 120.1 116.1 112.3 106.9 104.5 103.4
101.8 106.4 106.8 108.1 110.7 118.7 126 133.7 137.4 140.6 143.5 146.4 146.5 144.9 142.8 141.1 139.7 138.7 137.8 137.7 137.2 136.4 135.4 134.9 134.1 131.2 128 127.7 126.8 127.4 127.3 127.8 129.5 131 132.8 132.6 133.6 134.2 135.2 135.8 134.7 134.2 135.8 136.4 136.1 136.1 132 133.3 132.8 131.5 130.4 129.8 129 128.1 126.2 124.9 124 126.4 127.8 128.4 128.3 128.7 129.9 130.6 131.3 131.9 132.5 133.6 133 130.8 129.8 128.8 127.5 123.6 119.6 115.3 110 105.8 103.3 100.4
101.8 105.4 105.3 106.7 110 117.7 127.8 134.7 138 141.1 143.3 145.3 146.3 144.5 143.1 142.6 142 141.3 140.2 139.4 138.9 138.4 136.6 134.7 131.8 128.9 124.9 123.5 122.4 122.8 122.5 123 126.4 129.1 130.3 130.9 132.3 133.6 133.9 134.8 130.6 129.2 128.2 128.4 129.5 130.9 128.7 131.4 131.5 130.9 130 129.6 128.7 127.4 125.3 121.9 122.3 126.2 127.1 127.5 126.3 127.3 129.3 130.3 130.9 131.2 131 132.2 132.7 130.6 129.8 128.7 126.3 122.7 119 114.9 109 104.7 100.7 100.1
100.5 103 103.5 104.9 109.4 117.9 126.3 134.3 138.4 141.4 144 144.4 145.2 145.5 145.1 144.8 143.9 142.9 141.7 140.7 139.5 138.1 135.9 132.9 129.8 125.8 121.8 119.6 117.2 116.2 114.8 116.3 118.9 122.1 123.6 126.8 125.7 126.4 125.7 125.8 125.3 124.9 123.7 123 124.1 125.7 127.6 131.9 131.2 130.6 129.9 129 127.9 128.6 123.2 117.5 119 126.7 125.4 124.8 122.5 126.7 128.9 130.3 131.1 131.1 131.1 130.8 131.3 130.4 129.1 128.5 126.6 122.7 118.7 114.6 109.3 103.1 100.6 99.1
99.2 99.6 101.2 102.9 108.8 117.5 124.7 133.6 137.9 141.4 144.5 145.4 146.5 147.1 147.3 146.7 145.3 143.2 141.3 139.7 138.3 137 134 130.5 126.8 123.5 119.2 116.3 113.8 111.8 111.8 112.5 112 112.3 114.3 115.2 116.7 118.3 120.7 122.9 124.7 124.6 121 118.4 118.6 120.4 120.4 125.7 125.6 129.3 127.4 124.7 124.4 122.4 117.9 113.4 113.7 116.7 119 117.4 122.3 126.9 129.3 130.7 131.2 131 130.7 130.5 130.2 129.5 128.8 127.6 125.3 122.4 118.4 114 111.3 108.5 104.9 95.5
97.7 98.5 100.3 101.4 108.4 115.1 123.6 131 136 140.6 143.7 145.5 146 148.4 147.5 146 144.3 142.5 140.6 138.1 136.4 134.7 130.8 126.8 123.4 120.1 116.2 113.1 110.7 109.2 109.1 109.2 108.4 108.5 109.6 112.1 115 117.6 124.3 127.4 127.3 124.9 120.5 116.7 115.7 118.4 115.6 114.8 115.5 116.3 115.4 114.9 114.9 113.6 111.8 109.3 108.2 110 111.7 114 121.7 127.8 129.3 130.5 131.5 131.1 131 130.1 129.4 128.6 127.7 126.4 124.7 121.4 116.8 112.4 108.7 106 101.8 99.9
94.1 96.7 98.8 101.3 104.6 114.4 121.9 126.7 132.7 136.5 139.1 140.7 141.9 142.9 143.4 142.8 140.8 138.8 137.2 135.7 132.2 129.1 125.9 122.8 119.5 116.4 113.6 110.6 108.3 107.2 106.9 106.5 105.9 107.9 110 112.7 116.6 122.1 122.8 123.2 123.8 122.6 118.3 115.3 113 113 111.6 109.4 108.7 107.6 107.1 107.3 106.8 106 105.7 105 104.9 105.8 108.2 114.1 125.5 128.7 129.2 130.3 131.1 131.4 131 129.9 129.1 129.1 127.4 125.3 123.1 119.5 115.2 110.1 104.1 101 100.7 101
93.2 94.7 96.1 100.4 105.5 110.6 114.9 119.5 128.4 131.9 134.2 136.1 137.6 137.8 138.2 137.1 135.7 133.8 131.6 128.4 125.3 123 120.1 117.3 115 113 110.8 108.8 106.6 104.7 105.9 105.3 105.4 107.6 112 114.8 117.6 119 119 120.3 121.4 120.2 116.9 113.9 112.7 111.1 109.5 107.5 106.7 106.1 105.4 104.1 102.5 102.5 102.8 102 101.6 102.9 107.3 112.4 122 128.6 129.2 130.1 130.7 130.6 130.2 129.5 128.6 128.1 128.2 125 120.7 117.7 113.5 109.2 106.2 113.1 115.3 115.6
91.2 92.1 94.9 99.6 108.1 114.5 119.1 120.7 123.7 129.8 133.5 136 136.8 136.6 134.8 131.5 128.6 125.8 123.3 120.8 119 117 114.3 112.9 111.4 109.8 108.3 107.1 105.4 103.4 103.7 103.9 102.5 105.8 107.5 109.6 112.7 113.8 114.6 118.4 122.2 118.9 114.8 112.2 112.6 111.4 110.7 109.2 107.8 106.4 105.3 103.8 102.3 101.6 100.3 99.6 99.5 101.5 104.6 109.6 117.2 127.8 128.5 129.1 129.5 129.2 128.8 128.8 128.7 128.4 127.5 124.3 121.4 118.3 116.3 114.5 114 114.7 116.4 117.4
90.7 89.3 93.6 102.1 111.8 120.7 124 124.2 125.7 129.9 133.6 135.9 136 134.3 130.6 126.5 123.1 120.9 118.5 116.6 114.4 113.4 112.4 110.3 109.4 108.1 107.3 106.7 106.6 105.6 104.4 100.5 98.9 99.1 100.3 101.1 101 104.1 106.8 111.5 116.4 114.5 112.7 110.4 112.2 112.5 113.2 111.6 109.5 108 107 105.3 103.5 102.5 100.8 98.7 99.2 100.7 102.8 107 114.2 122.5 127.7 128 127.9 127.6 127.4 127.3 127 126.5 125.5 123.9 122 119.7 118.2 117.2 117 117.7 118.1 118.3
91.7 88.5 92.9 103.2 113.8 122.9 127.6 127.1 126.8 130.2 132.8 135 136.1 132.6 128.5 125.1 122.1 119 116.2 114.5 114.2 113.5 111.9 110.8 110.1 109.8 109.6 109.3 109.1 108.6 106.5 103.4 100.7 97.3 95.3 96.8 93.1 95.7 100.4 103.3 107.8 108.3 107.1 108.7 112.2 114.2 115.5 114.1 112.3 111.2 109.6 107.5 105.5 103.9 100.8 98.6 100.4 100.8 101.7 105.5 111.8 123.4 126.6 126.6 126 125.4 124.7 124.3 124.4 124.3 124 123.2 122.2 121.9 121.9 120.8 121.7 122.1 123 125.4
92.5 88.7 92.5 101.4 113 121.4 127.2 128.2 127.9 130.3 132.2 134.6 136.5 135 133.1 128.6 125.8 123.2 120.4 117.8 116.5 114.6 113.8 112.9 112.4 112.1 112.1 111.9 111.9 111.3 108.9 105.6 105.1 104.3 101.6 99.4 97.9 94.5 95.4 97.2 98.9 101.1 102.5 107.2 112.1 117.1 118.8 117.2 115.9 114.2 112.1 109.8 107.3 104.4 101.3 99.2 101.9 101 100.5 104 108.9 118.2 125.1 125.1 124.1 122.6 121.5 121.2 121.7 123.3 122.9 122.5 124.1 125.4 126.5 127.6 126.2 129.9 130 133.1
91 87.8 92.1 98.6 107.9 115.2 118.8 122.2 127.7 130.6 132.6 134.8 137.2 138.6 138.9 136.7 133.9 129.7 125.8 122.4 120.7 118.9 117 115.3 114.8 114.5 114.4 114.2 113.6 112 109.5 110.6 110.9 105.5 102.5 100.9 98.3 97.6 94.6 92.9 92 94 98.6 106.3 110.8 119.1 122.5 120.9 119 117.2 115.1 112.6 109.4 106 102.3 99.4 99.6 100.7 99.5 102.6 107.3 117.3 124.6 123.3 121 118.6 118 118.6 119.8 122.1 121.8 123.6 125.8 128.4 129.8 131.8 133.4 134.8 139.3 144.6
88.8 88.1 91.1 96.9 101.1 105.7 112.1 116.9 124.1 129.2 132.8 135.3 137.4 139.4 141.1 141.4 139.7 137.2 132.6 128.9 125.2 122.4 119.8 117.4 117 117 117 117.2 116.7 113.6 113.8 115.8 112.3 106.9 105 104.3 101.2 99.1 97.3 93.6 89.1 88.8 85.1 100 107.4 115.2 124.2 124.1 122.2 120.6 118.4 115.9 112.1 107.4 104.1 92.7 96.5 100.9 99 100.6 106.1 116.8 123.7 121 118.2 115.6 115.1 118.4 119.5 118.8 120.8 124.4 128 132.3 135.1 135.9 137.8 144.4 150.2 151.9
87.2 87.3 91.7 98.8 100.9 104 108.4 114.8 121.3 126.3 131.4 134.2 137 139 140.8 143 142.8 140 136.5 132.5 128.4 125.1 122.3 120.4 119.7 119.7 120.6 120.5 118 115.7 116.4 115.3 112.1 109.4 108.7 104.6 101.5 99.7 98.8 96.8 96.4 94.4 86.3 97.4 102.5 106.8 115.1 126.1 125.1 122.8 120.7 118 111.5 105.3 96.5 90.2 93.9 100.8 98.1 98 104.6 114.2 120.5 118.7 115.9 112.8 110.4 109.9 112.6 114 118.5 124.9 130.9 135.2 140.6 145.3 151.4 156 153.9 150.2
82.8 85.9 95.6 103.6 103.8 103.7 109.1 119.3 121.1 123.9 128.1 131.8 135.3 138.5 139.9 141.9 143.6 142.2 138.8 134.7 131.1 127 125 123.5 122.6 122.8 123 121.3 118.5 120.2 118.8 115.5 111.6 108 105.7 102.4 100.7 101.9 102.8 102.5 101.9 97.1 91.9 94.2 95.9 103.5 109.9 115 123.4 122.5 118.6 112.2 106.2 103.1 93.4 84.3 94.1 100.1 97.2 94.8 102.4 110.2 118 115.1 113.9 108.7 107.1 108.1 109.3 110.6 118.9 126.2 132 140.3 145.4 154.9 158.3 155.1 151 144.2
81.6 85.9 97.9 107.1 106.1 104.6 108.1 113.3 119.8 121.9 125 129.2 134.1 137.3 139.3 141.9 144 145.5 140.2 137.4 133.8 130.5 127.5 126.4 125.4 124.4 123.9 121.8 121.8 122.9 121.1 115.9 111.7 108.2 107.7 106.8 106.6 107.2 109.1 108.7 103.9 98.6 93.4 89.4 88.3 99.8 110.2 114.2 112.5 110.5 108 103.3 100.2 94.3 86.7 83.2 95.8 99.3 96 92.2 96.4 108 112.8 112 108.6 105 106.4 107.5 109 112.4 119.6 127 131.8 141.9 152.9 159 157.5 149.9 142.8 135.3
