data/430000-1110000.asc
ncols 200
nrows 200
xllcorner 430000
yllcorner 1110000
cellsize 50
[rows 114 to 151 of 200, columns 85 to 169 of 200]
165.3 180.8 171.6 165.3 175 183 190.9 192 193.6 193 188.2 180.6 172.3 162.2 148 134.1 129.1 124 122.2 118.2 114.6 111.5 110.7 107.8 102 93.4 83.6 74.9 69.4 67.9 63.5 59.5 56.3 52.6 49.4 49.4 46 41.5 40.4 42.7 48.7 50 53.7 57.9 60.7 60.8 60.9 60.6 60.2 60 60.8 58.5 52.8 50.7 49.2 45.2 40.2 34 28.7 24.9 23.8 21.2 19.1 16.1 10.6 11.1 11.1 14.8 19.3 24.2 28 29.8 29.6 28.6 27 23.1 23 23.9 25.4 28.5 28.6 29.7 30.7 37.5 42
131.8 168.8 176 169.9 174.8 184 193 195.9 195 196.6 192.7 186.3 179 170.1 159.1 144.2 132.4 120.8 116.8 111.8 108.7 104.4 102.9 100.8 97.6 87.8 80.9 72.3 67.5 65.4 63.2 60.6 57.4 53.3 50.6 50.3 46.5 42.3 41.6 44.5 49.1 50.4 54.4 58.5 60.6 59.4 60.6 60.9 61.8 62.6 63.4 62.4 59.7 57.4 55.9 50.5 42.9 35.4 29.1 26.4 23.9 21.7 19.6 16.2 11.4 10.8 10.1 10.8 15.3 19.7 22.2 24.1 25.1 24.8 22.1 21.4 21.6 22.7 24.1 25.6 28.7 27.9 29.2 35 40.7
90 150.3 179.2 176.2 177.4 187.2 195.3 198.3 200.2 200.7 196.1 189.8 183.6 176.9 165.2 153.2 141.7 128.8 115.4 107.4 101.7 98.5 95.5 90.5 87.5 80.4 74.1 69.2 65.6 61.8 59.1 59.3 56.6 51.9 49.8 49 45.5 42.7 42.4 46.4 49.7 50.9 54.5 58.6 60 59 60.3 63.2 64.4 65.2 65.9 65.9 63.8 63.1 61.2 54.2 46.3 38.1 30 26.6 24.1 21.8 19.6 15.9 12.4 9.8 9.2 9.3 10 12.9 15.8 17.3 19.4 20.1 20 20.2 20.8 22.3 23.3 23.5 26.3 27.4 28.9 34.2 39.3
81.5 142.5 179.3 181 180.3 186.7 193.8 199.2 201 201.8 198.7 193.1 187.4 181.5 170.1 158.4 146.2 133.8 123.1 114.1 105.5 99.9 94.9 89.6 83.9 79 71 70.9 67 63.6 60.2 59.5 54.2 48.5 46.9 45.6 44.9 44.4 42.8 47.1 50.3 50.9 54.3 56.4 58.1 59.1 60 63.2 66.3 67.9 68.5 68.9 69 67.8 63.9 56.7 47.5 39.2 31.6 26.8 24.4 21.9 19.6 15.7 12.2 9.7 8.2 8.2 9 10.3 11.4 11.7 13.7 13.2 15.2 17.4 20 21.7 21.2 20.8 23.2 27.5 30.1 34.9 38.7
98.8 159 185.4 187.6 184.6 190.8 196 201.4 204.6 205.1 202.1 197.9 190.3 184.4 176.3 164.1 152.1 141.4 133.3 126.7 120 114.9 107.5 100 91.2 83.5 76.1 72.3 68.9 65.7 63.9 60.7 57.7 49.9 48.6 47.1 47.6 47.4 45.1 45 50.2 50.9 52.2 54.5 56 57.6 59 61.7 65.2 68.5 70.1 71 71.2 70.7 65.3 58 49.8 40.6 32.9 29.7 25.7 23 20.3 17.5 12.8 9.8 8.2 8.2 8.4 9.7 10.8 11.4 11.3 12.1 14 16 18.8 20.7 19.7 20.8 24.1 28 30.1 32.3 36.3
97 130.6 176.7 190.4 189 195.9 202.6 207.6 210.9 212.9 208.9 205.7 198.3 191.6 184.1 173.6 163.3 153.5 143.9 136.9 130.7 124.4 116.9 108.9 100 90 80.6 74.3 71.7 68.1 65.3 62.5 56.7 52.6 51.5 51 49.6 49.3 47.3 45.8 47.8 50.9 50.4 52.5 54.5 56 58 60.3 63.6 66.7 69.9 71 72.1 70.4 64.8 57.2 50.1 42.9 35.2 31.6 28.1 24.7 22 19.4 15 10.2 8.2 8.2 8.2 8.9 10.1 11.4 11.7 11.5 12.7 14.9 17.6 19.2 17.7 20.8 23.5 27.7 30.8 32.1 37.9
56.1 103.9 172 195.7 195.4 202.1 210.7 216 222.8 223.4 220.7 213.9 207.2 200.8 191.9 181.5 173.8 163 152.2 144.8 137.1 130.6 124 113.5 104 95.1 85.4 76.3 74 71.5 68.7 65.9 61.2 59.2 57.2 54 52.7 51.7 50.3 50 49.2 49.8 50.3 50.8 52.9 54.9 57 59.4 62.9 65.7 68.6 71.4 72.6 70.1 63.6 55.7 48.6 41.7 37.5 33.9 30.3 26.6 23.9 20.7 16.3 10.5 8.2 8.2 8.2 8.2 9.6 11.2 11.5 10.8 12.2 14.1 15.8 17.4 17.9 21.1 23.8 26.9 30.2 33.3 37.8
41.8 85.6 141.7 191.6 201.7 210.2 219.7 224.6 235.3 235 230.7 222.8 214.7 207.9 197.9 187.5 179 168.3 157.9 149.1 142.3 135.3 125 114.4 105 96.3 87.3 77.9 75.6 73.3 70.9 68.5 67.6 65.8 63.9 58.5 55.9 54.6 52.1 50 49.7 50.6 49.7 51.7 53.4 54.9 57.7 60.4 63.4 66.6 69.4 73 74.7 69.4 62.3 54.4 47.1 41.6 39.2 36 32.4 28.7 24.8 20.6 15.6 10.6 8.2 8.2 8.2 8.4 10.3 11.4 10.8 10.2 11.8 13.1 14.5 15.9 18.8 20.8 22.7 26.5 30 33.1 38.7
15.9 64.3 104.2 167.8 199.7 219.6 228.4 236.7 246.8 244 237.8 231.6 223.3 212.5 201.2 191.7 182.6 172.9 161 152 145.7 135.8 125.2 112.3 102.6 93.6 86.3 79.8 77 74.6 72.2 72.9 73.8 72.7 70.4 65.1 60 57.3 54.8 52.9 52.7 51.8 51.9 52.9 52.3 53.5 58.3 61.4 64.4 67.3 70.3 74.8 75.6 68.2 60.7 53.1 46.4 42.2 40.4 37 33 29.2 24.8 20.5 16.1 11.8 9.7 8.3 8.3 9.3 11.1 10.8 10.1 9.8 10.8 12.1 13.5 14.9 18.1 20.3 21.8 24.6 28.5 30.4 36.1
-0.3 51.8 89.4 159.7 201.9 230.8 238.3 252.1 258 252.3 245.1 237.6 227.2 215.6 205.4 193.1 184 174.8 163.1 153.7 146.1 134.9 122 108.6 100.1 90.9 85.4 81 78.4 75.9 76.7 77.6 79 79.2 76.9 71.7 66.1 60.8 57.8 57.7 56.4 55 54.9 53.7 52.2 54 58.5 62.2 66.3 69 71.9 76.9 75.4 68.4 60 51.9 46.4 43 40.9 36.9 32.9 29 24.3 20.5 16.8 13 10.6 9.8 9.8 10.4 10.7 10.1 9.6 9.6 9.9 11.1 12.5 13.6 16.7 18.7 19.3 20.9 25 29.8 34.5
-0.3 59.3 104.2 180.5 215.5 243.4 254.5 266.3 264.7 258.8 251.6 241.5 231 220.2 208.4 195 185.6 177 165.7 154.5 145.1 134.9 123.1 113.2 104.1 95.3 82.8 77.5 76.8 77.2 79 79.6 82.6 84.6 82.3 78 70.7 64.9 62 64.6 65.5 64.5 60.5 55.7 53 54.2 58.5 61.5 66.2 69.5 70.7 73.1 71.9 68.1 58.2 51.3 47 43.8 40.7 36.7 32.7 28.7 23.9 18.9 15.2 9.9 9.3 9.4 10.4 11.1 9.9 10.1 10 9.6 9.7 10.1 11.5 12.4 14.8 16.9 19.1 20.5 22.7 26.3 31.3
-0.3 82.7 143.8 189 225.7 256.4 268.4 274.7 270.9 264.9 256.4 246.2 236.5 226.6 213.6 200 187.5 179.9 169.8 158.2 148.2 138.5 128.3 118.8 109.5 100.2 88.3 77.3 72.2 71.1 72.6 77.5 82.5 83 80.3 76.8 72.1 69.7 70.2 70.2 72.8 72.1 70.3 63.4 56.4 53.6 57 59.9 64.1 67.7 71 71.2 71 65.3 57.7 50.6 46.9 44 40.8 36.9 32.7 27.6 22.9 18.3 13.2 8.5 8.2 10.4 11.4 10.8 10.1 10.6 10.6 9.9 9.9 10 10.4 11.2 12.2 13.6 17.4 19.8 21.5 24.9 28.1
-0.3 77 139.3 189.4 223.4 260.3 277.7 280.1 276.3 270.2 260.9 250.4 241.2 232.3 218.6 206.3 193.7 182.9 174.4 161.6 154.2 144.4 134.2 124.4 114.7 103.6 92.1 80.4 72.4 67.2 68.3 73.3 77.3 77.3 74.6 71.9 68.3 69.7 71.2 73.9 77.1 77.2 74.5 70.5 63.4 56.2 52 56.3 60.7 64.4 68.3 71 68 63.1 57.4 50.6 46.8 43.3 40.4 36.3 31.3 26.8 22.5 18 13.2 10.2 8.5 9.8 11.3 11.1 10.5 10.6 10.6 10.2 10.2 10.3 10 11.2 11.9 12.9 14 16.3 20.4 23.1 25.5
27.5 75.5 142.4 191.2 228.7 250.3 272.2 283.9 279.7 273.8 265.2 254.9 246 237.8 226.5 214.1 201 190 179 168.3 159.3 149.7 140.4 129.9 118.2 106.9 93.6 83.3 73.5 67.2 62.6 67.8 70.3 71 68.7 66.1 65.7 68.4 70.1 72.8 76.9 78.7 75.7 71.1 68.2 59.7 51.7 52.3 56.6 61.6 65.5 66.3 62.9 59.6 56.1 50 45.7 40.1 36.3 34.9 30.2 26 22.3 17.7 13.6 10.2 8.4 7.9 9.2 9.9 10.1 10.5 10.5 10.5 10 9.2 10.3 11.5 12.3 11.7 11.1 12 15 20.5 22.9
21.7 66.5 120.7 164.3 201 218 253.9 283.7 280.7 276.9 268.2 259.7 251.6 242.4 232.9 221.3 208.2 196.5 184.6 174.2 164.2 154.4 144.9 135.7 124.6 112 100.4 92.2 80.8 69.1 61.3 64.7 68.4 68.4 67 66 65.7 68.2 70.9 70 73.8 75.7 74.3 71 68.3 59.8 51.1 46.5 51.5 57.7 59.7 59.8 58.9 56 52.8 47.9 41.9 35.3 32.5 31.4 28.7 25.1 21.4 17.9 13.9 10 8.5 8.8 9.5 9.4 9.8 10.3 10.4 10.3 9.3 9.6 10.9 12.2 12.4 11.8 11.5 11.5 11.9 14.8 19.7
-0.3 39.2 82.2 131.9 157.7 196.3 237.5 276.9 282 278.2 269.5 262.7 255.9 247.6 237.2 226.3 214.6 203.1 190.4 178.1 168 158.5 149.5 140.3 131.9 122.7 109.7 99 83.9 70.7 59.2 63.4 71 71.5 68.8 67.5 66.9 65.9 68.2 67 68.9 70.8 69.9 68.4 63.6 58.6 51.8 44.8 43 48.8 53.1 52.9 51.9 51 48.6 43.3 37.1 30.5 28.7 27.6 26.5 24.5 21.7 18.9 13.9 10.1 9.2 9.6 9.9 9.2 9.6 10.5 10.6 10.1 9.8 10.2 11.4 11.8 12.1 12 11.7 11.1 13 20.2 24
-0.3 -0.3 36.4 95 140.6 173.2 213 260.4 282.2 278.8 272.3 264.6 257.3 250.2 240.4 230.6 219.3 208.2 196.1 183.6 172 162.8 153.6 145.8 138.6 129.4 118.8 104.2 88.4 71.8 58.5 57 67.6 72.2 69 68.9 68.3 62.3 58.9 60 61 62.3 62.1 59.9 55.9 51.2 47.9 42.2 37.3 38.2 41.7 43 44.4 43.6 41.7 36.5 31.6 25.9 24.8 23.6 23.3 22.2 21.1 20.5 14.8 9.8 9.1 9.4 9.8 9.7 9.5 9.9 10.1 10.6 10 9.9 10.2 10.4 10.7 11.4 11.4 10.7 17.1 23.4 27.1
-0.3 -0.3 -0.3 70.3 117.4 156.6 198.3 246.9 280.7 279.6 273.4 265.7 259.4 252.7 243.2 233.6 222.4 211.5 200.4 187.9 177.6 167.4 158.2 151.5 145.4 136.2 124.1 108.5 93.9 75.6 57.4 51.6 56.1 62.3 65.2 67.5 62.2 54.8 47.3 49.4 51.2 52.5 54.2 51.4 48.2 44.7 42.6 37.3 32.3 28.2 30.2 32.3 33.4 33.8 33.4 28.6 23.7 21.7 20.7 20 21.2 21.1 20.5 20.6 13.9 8.2 8.2 8.8 9.3 9.9 9.8 9.4 9.3 9.8 9.3 10.2 9.9 9.9 10.6 11.1 11.4 13 17.1 24.3 30.4
-0.3 -0.3 -0.3 39 96.1 143.7 189 224.9 271.5 274.9 273.4 267.3 261.5 255.5 246.6 236.7 225.8 214.8 203.9 193.3 182.7 172.2 162.9 156.2 150.5 140.8 127.1 111.1 95 72.7 58.2 52.6 49.4 51.4 56.9 62.7 54.7 46.9 42.3 39.2 41.5 39 42.8 41.9 39.9 37.9 35.9 32.4 27.9 24.6 23.8 23.3 23.2 23.9 23.7 20.7 17.6 17.3 16.4 17.3 19 19.9 19.1 16.4 10.6 6.5 7.3 7.8 8.5 9.9 9.4 8.8 8.6 8.7 8.9 9.5 9.3 9.5 10.6 10 10 13.3 17.9 25.7 31.3
-0.3 -0.3 -0.3 -0.3 79.3 126.1 164 201.8 241.6 271.8 272.3 269.9 264.7 258.3 250.2 241.3 231 220.7 208.7 197.6 187.2 176.7 168 159.9 153.3 143.1 130.6 114.5 96.7 74 60 53.8 48.8 49 45.4 46.2 46.4 42 38.5 36.4 35.3 33.7 33.6 32.6 31.4 29.5 27.5 25.6 22.4 21 19.8 18.3 17.4 15.3 14.3 13.3 13.5 12.8 12.5 13.8 16.5 18.5 15.8 12.1 8.1 5.3 6.1 6.9 8.1 8.6 8.3 7.8 7.9 8.1 8.3 8.4 8.8 8.7 8.9 9.1 10.7 12.4 18.4 28.2 31.7
-0.3 -0.3 -0.3 -0.3 63.9 112.3 152.8 195.3 237.2 269.4 273.7 270.4 266.9 260.7 254.5 245.9 236.5 225.1 213.2 202.2 191.5 181.3 172.9 163.5 154.9 146.5 134.2 119.8 100.4 81.8 60.4 55 50.5 46.4 44 42.2 40.5 38.9 37.9 36.5 36.1 35 34 31.7 29.4 27.4 25.1 23.6 23.1 20.8 20.5 22.9 25.4 26.2 21.3 16.1 8.8 9.3 9.9 9.4 9.9 12.3 11.5 7.7 5.6 5.1 5.4 6 7.7 7.2 7.1 7.1 7.3 7.4 7.6 8.2 8.7 8.5 8.2 9.9 10.8 13 18 25.8 33.6
-0.3 -0.3 -0.3 -0.3 39.2 105.3 144.5 188.8 228.1 269.5 273.4 270.4 268.6 263 257.5 250.2 239.8 228.2 217.3 206.5 195.7 184.4 174.5 165.4 156.8 148 136.7 124.6 106.5 88.4 71.9 58.9 53.4 49.3 45.9 43.5 41.3 40.4 39.9 40.8 40.7 38.7 38.1 35.3 32.4 28.6 26.7 25.1 26.2 25.5 27.2 27.9 30 28.6 25 18.5 13.4 8.4 6.5 7 7.4 6.6 6.2 5 5 5 5.3 5.6 6.1 6.2 6.2 6.4 6.6 6.7 6.9 7.7 8.4 8.8 7.8 8.7 10.1 13.5 17.7 25.4 32.9
-0.3 -0.3 -0.3 -0.3 -0.3 81.1 140.7 182.5 227.1 269.5 274.2 270.7 269 265.7 259.6 251.6 240.3 230.7 220 209.2 197.8 185.7 176 166.3 156.8 148.4 137.7 125.9 113 97.8 83.7 69.8 59.3 52.5 47.2 45.5 44.4 44.7 46.4 47.5 45.9 43.5 40.7 39.6 39.6 36.9 35.9 37.8 34.9 32.3 35.4 38.5 37 30.5 24.5 20.5 15.7 12.5 7.1 6.2 6 5.8 4.8 4.9 5.4 4.9 5.4 6.2 6.6 6.2 5.8 5.8 5.9 6 6.2 7 8 8.1 7.7 8.4 9.9 12.8 17.8 26.7 34.8
-0.3 -0.3 -0.3 -0.3 -0.3 77.8 149.3 194.5 232.2 270.3 273.3 270.7 269 265.2 259.8 252.1 242.3 231.6 221.3 210.3 198.5 186.1 175 165.3 156.6 148.3 137.1 126.6 113.7 100.1 87.3 76.5 64 56.2 50.3 47.8 48.8 49.8 51.8 53.7 51.3 49 45.6 43.4 42.8 43 43.9 45.6 48.9 48 49.8 51.4 47.1 38 31.2 24.8 16.9 12.4 7.5 4.6 5.5 4.8 4.7 4.7 4.2 4.1 4.8 5.3 5.5 5.5 5.5 5.4 5.5 5.6 5.7 6.1 6.7 6.2 7.4 9.4 12.1 16.8 19.5 28.8 36.3
-0.3 -0.3 -0.3 -0.3 -0.3 63 135.5 179.6 218 258 274.3 271.8 268.6 265.8 262.1 253.4 243.1 232.8 221.3 209.6 197.2 184.5 173.9 165 156.3 145.5 133.2 122.6 112.1 100.3 89.3 81.5 68.9 62.1 54.7 52.7 54.1 57.5 59.5 59.9 58.1 55.3 57 56.8 54.1 51.5 52.4 56.5 60.5 63.1 63.6 59.3 53.1 43.5 33.6 23.9 14.9 8.6 7.2 4.5 5.3 5.2 5.1 5 3.6 3.7 4.2 4.3 4.5 4.5 4.6 4.7 5.2 5.8 5.2 5.4 6.1 6.3 8.3 11.2 14.1 18.1 22.5 29.2 37.1
-0.3 -0.3 -0.3 -0.3 -0.3 52.6 118.7 160.4 195.2 235.6 270.8 270.9 270.5 267.3 262.7 254.3 243.9 232.8 220.8 208.7 196 183 172 162.5 152.9 142.5 130.5 120.6 110 98.4 87 77.9 72 70.6 62.6 63.4 67.9 72.2 73.5 73.5 73.4 71.3 73.2 76.6 76.2 72.3 69.4 68.9 71 72.7 69 61.5 51.1 40.2 29.6 20.2 13.1 8 3 3 4 3.9 3.9 4.2 3.6 3.6 3.6 3.9 4.1 3.9 4 4 4 4.2 4.5 4.7 4.9 6.2 8.9 15.2 16.8 19.2 26 31.8 37.8
-0.3 -0.3 -0.3 -0.3 -0.3 51.9 108.6 149.3 188 226.6 266 268.3 270 268.7 263 255.3 244.7 232.7 221 206.8 193.8 181.5 170.5 159.7 149.3 139.3 127.8 118 108.1 96.1 83.3 78.1 74 65.4 64 70.7 75.3 85 87.5 88.4 88.5 88 90.8 93.1 92.8 89.9 83.9 80.8 78.1 75.6 67.3 58.3 47.6 36.9 26.1 16.2 10 4.4 2.5 2.2 2.8 2.7 2.7 2.7 3.3 3.6 3.7 3.9 4.1 3.6 3.6 3.6 3.7 3.7 3.6 4 4.7 6.8 9.4 12.9 15.4 19.4 27.3 32.3 37.8
-0.3 -0.3 -0.3 -0.3 -0.3 47.8 125.8 178.6 218.3 240.8 262.3 265.6 267.8 266.6 263.8 255.9 245.2 232.7 220.6 206.1 191.6 180.2 169.2 158.4 147.5 135.6 124.9 115 105.2 92.9 80.3 76.5 67.3 62 63.7 69.8 74.2 84.4 92.9 96.8 98.8 99.9 99.4 101 98.4 96.6 90.4 87.2 82.2 74.7 65.8 55.6 43.5 33.2 22.5 13.2 6.7 3.3 2 1.7 1.5 2.5 3.7 3.9 3.8 3.9 4.3 4.9 4.2 4.1 4 3.9 3.8 3.7 3.8 4.6 4.3 4.7 3.9 8 17.1 25.5 27.6 31.2 36.9
-0.3 -0.3 -0.3 -0.3 -0.3 40.1 113.6 174.7 236.6 251.5 256.8 261 264.2 264.5 262 256.1 245.6 233.2 220 205.4 191.3 179.1 167.9 156.9 145.2 130.7 121.9 112.6 101.7 90.9 74.8 67.7 62.8 58.3 62.8 69.8 73.4 81.2 92.3 98 101.3 104.3 107.1 106.5 101.9 100.5 94.9 89.3 84.2 75.8 63.8 52.3 40.3 28.2 18.2 10.5 3.3 4.3 4.3 5.4 5.9 5.1 4.6 4.4 4 4 4.8 8.2 7.9 9 6.8 5.3 4.8 4.7 4.8 4.9 3.9 4.9 5.2 13.3 21.2 26.7 30.5 34.4 39.1
-0.3 -0.3 -0.3 -0.3 -0.3 69.8 131.8 182.2 227.4 244 250.8 255.8 259.7 261.5 260.9 255.3 246.1 234.1 220.7 205.9 193.2 181.2 169.6 158.7 147.7 133.8 122.5 111.4 104 95.7 82.4 72.9 61.1 55.3 59 66.1 70.6 75.5 85.1 94 100.3 104.1 106.8 107.1 102.5 97.9 91.4 84.9 77.4 69.4 56.2 43 31 19.6 9.8 4.8 1.4 0.6 0.5 0.3 0.3 0.2 0.2 0.2 0.2 0.3 0.3 0.4 0.5 0.6 2.3 6.1 8.9 8.7 7.6 5.4 5.2 3.5 5 12.3 20.4 27.1 33 37.8 41.9
-0.3 -0.3 -0.3 -0.3 -0.3 36.3 111.7 166.8 210.3 237.2 246.6 251.4 255.3 258.5 257.4 252.7 245.9 234.9 221.1 208.6 196.3 184.3 173.3 163.3 153.5 143.2 131.6 120.6 115.2 105.9 93.6 79 66.1 51.8 51.8 57.7 64.3 69.6 74.9 84.7 94.2 97.9 99.7 100.1 95.9 91.3 85.2 76.6 68.2 57.3 44.7 31.5 19 11.4 0.1 0.4 0.1 -0.3 -0.3 -0.3 -0.3 -0.3 -0.3 -0.3 -0.3 -0.3 -0.3 -0.3 -0.3 0 0.2 0.3 0.5 0.7 1.1 6.4 9.8 9.6 7 12 19.7 28.6 34.5 39.6 44.8
-0.3 -0.3 -0.3 -0.3 -0.3 -0.3 86.1 153.3 196.4 218 238.3 246.6 251.2 253.8 253.5 250.1 244.8 236.3 224.4 211.9 199.5 188.1 178 168 159.2 150.4 141.7 131.8 123.4 113.3 100.8 82.2 68.5 54.3 43.7 48.7 53.9 59 64.5 72 80.3 83.2 85.3 84.5 83.4 78.9 72.1 65.1 56.9 45 32.8 19.9 11 0.5 -0.3 -0.3 -0.3 -0.3 -0.3 -0.3 -0.3 -0.3 -0.3 -0.3 -0.3 -0.3 -0.3 -0.3 -0.3 -0.3 -0.3 -0.3 -0.3 0 0.1 0.3 0.5 0.7 4.7 9 19.5 28.8 35.3 41.7 47
-0.3 -0.3 -0.3 -0.3 -0.3 -0.3 64.7 124.3 164.5 180.2 200.2 239.4 248.5 248.1 249.2 247.7 243.9 237.2 228.4 216.6 204.1 192.3 181.8 173.2 164.6 155.8 147.9 139.8 129.4 119 104.3 83.9 70.2 58.5 44.7 39.9 43.8 48.8 53 57.4 64.8 69.5 68.9 70.2 68.3 63.1 56.9 49.8 43.3 31.4 20.5 12.1 -0.3 -0.3 -0.3 -0.3 -0.3 -0.3 -0.3 -0.3 -0.3 -0.3 -0.3 -0.3 -0.3 -0.3 -0.3 -0.3 -0.3 -0.3 -0.3 -0.3 -0.3 -0.3 -0.3 -0.3 -0.3 0.2 0.4 4.5 18.6 27.2 35.3 41.8 48.3
-0.3 -0.3 -0.3 -0.3 -0.3 -0.3 39.6 83.7 120.4 153.9 169.8 188.8 221.9 244.2 247.1 246.5 242.7 238 230.4 220.2 208.8 197.2 185.6 177.1 169.2 161.2 153.4 145.2 134.6 123.6 106.6 85.3 70.9 55.7 41.2 37.6 37.4 40.6 44 47.4 54.1 60.5 58.2 56.7 52.3 45.5 41.5 35.8 29.6 20.9 10.3 -0.3 -0.3 -0.3 -0.3 -0.3 -0.3 -0.3 -0.3 -0.3 -0.3 -0.3 -0.3 -0.3 -0.3 -0.3 -0.3 -0.3 -0.3 -0.3 -0.3 -0.3 -0.3 -0.3 -0.3 -0.3 -0.3 -0.3 -0.3 0.6 15.8 25.5 33.9 41.9 49.3
-0.3 -0.3 -0.3 -0.3 -0.3 -0.3 -0.3 62.4 103.2 130.6 150.9 163.7 187.9 214.5 237.9 244.3 241.9 237.9 231.3 223.6 212.2 201 189.8 181.2 172.6 164.1 157 149.4 139.5 126.3 110 88.3 70.7 53.9 38.4 32.9 32 35 37.9 40.8 43.8 51.4 49.6 46.7 41.3 34.8 29.1 24.7 20.4 15.1 -0.3 -0.3 -0.3 -0.3 -0.3 -0.3 -0.3 -0.3 -0.3 -0.3 -0.3 -0.3 -0.3 -0.3 -0.3 -0.3 -0.3 -0.3 -0.3 -0.3 -0.3 -0.3 -0.3 -0.3 -0.3 -0.3 -0.3 -0.3 -0.3 -0.3 13.5 24 33.2 41.7 50.8
-0.3 -0.3 -0.3 -0.3 -0.3 -0.3 -0.3 24.5 70.7 99.4 125.5 153.8 174.5 196.5 231 240.9 239.3 234.3 228.8 223.3 214.7 204.1 193.2 183.9 175.5 166.9 159.2 151.4 140.7 128.1 112.2 90.2 69.4 51.6 39.9 32.5 30.2 29.6 31.8 34.7 35.6 35.5 38.5 37 32.8 26.8 23.7 20.5 15.9 11.7 -0.3 -0.3 -0.3 -0.3 -0.3 -0.3 -0.3 -0.3 -0.3 -0.3 -0.3 -0.3 -0.3 -0.3 -0.3 -0.3 -0.3 -0.3 -0.3 -0.3 -0.3 -0.3 -0.3 -0.3 -0.3 -0.3 -0.3 -0.3 -0.3 -0.3 10.9 23.2 33 41.8 51.4
-0.3 -0.3 -0.3 -0.3 -0.3 -0.3 -0.3 -0.3 -0.3 67.7 97.8 130.9 151.6 183.8 221.1 234.1 234.9 230.4 226.7 222.4 214.6 205.8 196 186.8 178.4 169 159.2 150.2 140.3 129.7 114.3 89.1 72.1 52.9 42.2 33.5 30.2 28.3 27 25.7 25.3 25.1 25.6 26.7 24.3 20.2 17.8 15.3 12.2 3.4 -0.3 -0.3 -0.3 -0.3 -0.3 -0.3 -0.3 -0.3 -0.3 -0.3 -0.3 -0.3 -0.3 -0.3 -0.3 -0.3 -0.3 -0.3 -0.3 -0.3 -0.3 -0.3 -0.3 -0.3 -0.3 -0.3 -0.3 -0.3 -0.3 -0.3 17.4 22.5 32.6 40.8 49.4
-0.3 -0.3 -0.3 -0.3 -0.3 -0.3 -0.3 -0.3 -0.3 -0.3 61 92.5 127.9 156.9 177.8 204.9 232.9 228.2 224.5 221.8 214.1 206.2 197.1 188.4 178.5 168.4 158.7 149.2 138.6 128.1 113 92.1 73.1 53.7 41.7 32.3 26.9 22.8 21.8 23.4 22.3 20.9 19.2 18.2 16.6 14.4 12.9 10.5 7.4 -0.3 -0.3 -0.3 -0.3 -0.3 -0.3 -0.3 -0.3 -0.3 -0.3 -0.3 -0.3 -0.3 -0.3 -0.3 -0.3 -0.3 -0.3 -0.3 -0.3 -0.3 -0.3 -0.3 -0.3 -0.3 -0.3 -0.3 -0.3 -0.3 -0.3 -0.3 12.8 23.7 33.4 39.9 46.4
