data/430000-1170000.asc
ncols 200
nrows 200
xllcorner 430000
yllcorner 1170000
cellsize 50
[rows 0 to 39 of 200, columns 0 to 91 of 200]
32.6 26.2 21 19.8 16.7 14 13.3 14.5 14.1 14.1 16.6 22 26.7 34 49.1 57.7 64.3 71.7 78.7 87.2 91 95.5 98.5 101.5 103.8 106.1 105.7 104.4 103 100.9 96.1 97.6 101.9 104.1 103.9 104.3 105.1 105.2 105.6 106.9 106.5 105.7 104.3 102.6 100.8 98.8 96.3 94.4 91.9 89.3 86.5 83.8 80.7 79.9 79.6 82.1 84.1 86.9 87.8 84.2 81.9 78.9 78 73.7 69.8 64.9 60.7 58.7 57.3 56.4 57 58.2 59.1 61.5 64.7 68.4 78 87.4 96.8 106.2 116.9 126.6 135.5 144.6 153 159.2 163.6 164.2 165.3 165.9 165.7 164.2
31.2 24.4 21.1 18.1 14.7 14.4 17.5 18.2 18 20.9 26.5 32.8 37.1 42.7 57.9 70.4 78.6 85.5 91.9 98.4 100.8 100.8 102.3 104.4 106.4 104.3 104.9 103.8 102.2 99.1 96.2 102.2 106.9 109.3 108.8 108.7 109.2 108.8 108.8 108.8 108.8 108.5 106.7 104.9 102.8 100.4 97.9 95.3 92.7 90.1 87.2 84.2 79.5 78.1 78.4 81.6 84.9 87.9 88.4 84 82.2 79.1 78.4 71.9 67.9 63.7 59.6 58.8 58.3 58.6 59.2 59.8 62.5 65.1 68.8 76.6 85.1 93.7 102.4 111.4 122.9 132.2 140.8 147.2 155.1 161.1 163.7 162.8 163 162.7 163 161.3
27 23.3 17.4 16.3 12.8 17.6 21.5 23.3 25 29.6 36 43.1 48.2 56.1 68 81.6 88.3 95.1 101.4 103.5 103.8 103.8 104.8 106.9 105.5 102.4 101.9 100.6 98.6 96.5 98.6 103.4 107.7 110.3 112.3 110.5 112.5 113.1 112.6 112.6 111.7 109.8 107.8 105.9 103.8 101.4 98.9 96.3 92.1 89.4 86.4 83.5 79.6 76.8 77.3 81.5 83.3 85.8 88.1 84.4 79.8 76.2 74.6 70.7 66.8 63.7 61.2 59.4 59.2 59.8 61.4 62.9 65.7 69 75 84 93.6 100 107.9 115.9 126.8 136.4 144.8 150.7 155.6 160.5 161.1 158.7 156.9 158.9 158.4 157.5
25 19.7 16.4 13.5 15.8 20.5 25.4 30.4 32.6 38.5 44.5 51.8 58.6 70 84.3 91.5 97.6 104.1 105.8 106.1 106.6 106.8 107.4 107.5 104.3 101.2 99.5 97.6 95.4 95.6 101 105.6 108.9 110.6 112 112.9 115.3 117.5 116.7 114.7 112.7 110.7 108.7 106.7 104.8 102.4 99.8 97.2 92.6 88.7 85.8 82.5 79.4 75.8 77.3 79.9 81.5 83.2 84.9 84.8 79.5 74.3 72.3 69.6 66.4 64.3 62 61.1 60.6 62 63.9 66.1 68.8 74.3 83.5 92.8 98.9 105.5 112.8 120 128.1 136.5 144.8 153.2 157.5 159.4 159 154.3 151.4 154.2 151.2 150.2
22.8 18.7 14.8 15.9 20.4 25.9 33.2 36.9 43.3 50.1 48.9 60.2 67.5 81 92.3 99.9 106.8 108.1 108.1 108.2 108.7 109.3 109.3 106.3 103.1 99.9 96.8 95 92.7 98 103.3 107.6 110.6 111.7 112.9 115.2 117.2 119.6 117.6 115.6 113.6 111.6 109.6 107.6 105.7 103.3 100.8 97.9 93.2 88.6 85.2 82.2 78.7 74.8 76.4 78.1 79.8 81.5 83.3 85.1 81 76.2 72.2 69 67 65.6 63.6 62.4 62.8 64.3 66.4 68.7 73 81 92.5 96.2 101.2 108.1 114.8 123.3 131.6 139.6 147.8 156 158.6 160 156.6 151.6 146.4 147.9 144.5 142.3
20.4 14.8 13.4 18.7 24.6 31 36.8 42 51.2 59.3 58.5 64.1 77.2 90.3 97.7 107.1 112.2 110.4 110.1 110.3 110.8 110 106.7 103.2 99.7 97 94.3 90.4 91.6 95.6 101.2 106.3 111.1 113.5 115.6 117.9 120 119.2 118.5 116.5 114.5 112.5 110.5 108.5 106.6 104.3 101.7 98.5 93.9 89.2 84.6 81.7 78.6 74.9 75.4 77.3 79.2 81.4 84.4 84.9 82.5 78.6 73.9 69.9 67.5 65.9 64.9 64.3 64.6 66.1 67.6 69.5 74.7 83.9 93.7 98.9 103.2 110.3 118 127.6 135.4 143.3 151.4 159.2 159.7 158.9 153.8 148.6 143.5 141.5 138.2 135
18.3 14.3 13.6 19 25 30.8 36.6 42.1 48.7 57.1 57.1 65.7 78 91.2 100.5 106.9 111.1 112.4 111.7 112.3 110.6 107.3 104.1 100.8 97.1 93 90.4 88.4 91.1 97.3 101.2 105.7 110.3 114.3 117.7 120.1 122.7 120 118.3 117.4 115.4 113.4 111.4 109.4 107.4 105.2 102.7 99.2 94.5 89.9 85.2 80.7 78.1 75 75.1 77 79.9 82.8 85.8 84.7 83.6 79.7 75.8 71.6 68.1 65.6 65.9 66 65.9 67.8 69.2 72.6 80.3 91.6 96 100.8 105.6 112.8 122.2 130.3 138.8 147.1 155.3 159.7 160.7 156.3 151 145.7 140.5 135.5 131.2 128.6
17.2 14.8 13 17.6 22.7 27.9 34.9 41.7 46 48 53.4 63.8 75.3 87.4 96.6 103.7 107.8 111.9 113.4 114.3 109.2 104.7 101.4 98.2 94.7 91.4 89.8 89 93.8 99.6 105 106.6 109.3 113.1 117.1 121.1 124.5 121.8 119.1 117.3 116.3 114.3 112.3 110.3 108.3 106.2 103.6 99.8 95.2 90.6 85.9 81.3 77.3 74.5 75.4 78.3 81.3 84.3 85.5 84.5 83.5 80.7 76.8 73.2 69.9 67.6 67.5 67.8 67.6 69.7 72.7 78.3 87.1 92.6 98.2 103.4 108.1 115.4 123.4 131 138.8 147.4 155.3 158.7 158.4 155 150.1 144.9 139.6 134.1 127.8 123.9
17.4 14.4 11.7 15.8 20.5 25 31.3 42 43.5 49.2 55.1 65.7 76.6 86.4 94 100.4 105 109.7 117.5 113.3 109.3 104.7 99.2 95.6 92.2 88.7 87.6 89.7 93.1 96.9 102.9 107.3 109 112 116.8 126.5 126.4 123.7 121 118.3 116.4 115.2 113.2 111.2 109.2 107.1 104.6 100.5 95.9 91.2 86.6 81.9 77.3 73.9 76.3 79.8 82.7 85.7 85.3 84.3 83.3 81.8 77.9 74.6 71.8 70.5 69.7 70.3 71.4 72 76.2 81.7 87.3 92.9 98.4 104 109.6 116.5 124 131.6 139.2 147.4 152.2 155.9 155.7 152.3 149 143.9 138.7 132.3 126 121
17.7 13.4 10.6 12.9 17.7 23 27.7 34.9 43.4 49.9 57 67.7 77.2 86.7 94.8 100.3 104.8 108.7 111.5 109.6 105.5 101.5 97.5 93.4 89 84.5 84.2 88 91.7 95.1 100.3 105.9 109.6 114.2 121.6 130.9 128.3 125.6 122.9 120.2 117.5 115.4 114.1 112.1 110.1 108 105.5 101.2 96.5 91.9 87.2 82.6 77.9 73 76.7 81 84.1 86.7 85.1 84.1 83.1 82.2 79 76 72.6 73.2 73.5 74.5 75.4 74.1 76 81.8 87.5 93.1 98.7 104.3 109.8 118.1 125.5 132.9 140.3 145.5 148.7 152.2 150.9 148.5 146.1 142.8 136.6 130 124.8 120.8
16.8 13.3 10.2 10.7 15.5 20.4 27 35.9 44.7 53.1 59.9 68.5 78.3 86.9 95.1 100 108.8 109.4 109.3 106.5 100.8 96.9 92.8 88 83.7 80.3 82.5 86.2 90.1 93.8 99.5 106.9 112.3 117.3 125.8 130.9 129 127.1 124.8 122.1 119.4 116.7 114.4 113 111 109 106.5 101.8 97.2 92.5 87.9 83.2 77.2 72.2 76.2 81.2 85.6 86 84.9 83.9 82.9 82 80.1 75.2 72.3 75.4 76.2 82.2 78.4 75 76.8 81.6 87.4 93.2 98.9 104.5 110.1 118.5 127.1 134.5 140.9 144.2 145.8 148.5 146.1 143.6 141 139.9 134.3 128.6 124.5 119.5
15.6 11 10.2 10.2 13.9 21.6 28.1 37.5 46.8 57.9 62.5 70.8 79.3 89.1 100.4 108.7 104.7 104 104.6 100 95 92.1 86.7 81.9 79.2 79 82 85.6 89 94.1 99.8 107.3 114.9 120.5 125.3 130.5 129.1 127.2 125.3 123.4 121.2 118.5 115.9 113.5 111.9 109.9 107.1 102.5 97.8 93.2 87.8 82.6 77.6 72.2 71.4 77 83.4 85.4 84.4 83.2 82.1 82.1 80.3 74.8 71 75.2 78.5 80.2 79.1 75.9 78 81.4 87.2 93 98.8 104.6 110.3 118.7 128.7 134.9 140.8 142.7 144.1 142.7 140.4 137.8 138.6 136.9 131.5 125.9 121.3 117.6
14.4 10.2 10.2 10.2 12.9 20 29.4 38.8 47.5 54.4 61 70.2 79.8 88.4 100.2 100.6 99.1 98.8 99.3 95.7 87.7 85.8 82.9 77.5 76 77.2 82.1 87.5 92.8 99.1 106.6 112.9 116.6 119.8 124.9 130 129.2 127.2 125.3 123.4 121.5 119.6 117.7 115 112.5 110.8 107.8 103.1 98.4 93 87.8 82 76.3 70.6 70.1 73.2 77.2 79.9 81.2 82.7 83.9 82.6 80.6 74.8 71 73.7 77.4 79.2 79.8 76.8 78.9 81.1 86.9 92.7 98.5 104.3 110.7 118.9 127.9 132.6 138 140.2 138.2 136.3 135.1 135.7 136.7 132.3 126.5 123.9 120.1 116.3
13.1 10.2 10.2 10.2 10.9 20.3 29.7 39.1 46.7 55.9 62.2 71.4 80.4 87.9 90.5 92.3 91 90.1 90.2 88 81.4 78.3 77.4 73.8 74.9 76.2 82.2 89.4 97.6 106.4 113.5 116.5 116.6 119.4 124.5 129.6 129.2 127.3 125.4 123.5 121.6 119.7 117.8 115.8 113.9 111.6 108.4 103.3 97.6 91.9 86.2 80.5 74.8 69.6 69.4 69.4 72.1 75.4 77.4 80.4 81.4 80.1 79 73.5 70.3 72 75.9 78.3 79.4 77.7 79.8 81.9 86.7 92.5 98.6 105.2 111.9 119.1 126.4 130.5 135.5 136.2 135.1 134 132.3 128.6 125 123.6 121.7 120.7 118.5 115.8
12.5 10.2 10.2 10.2 12.8 21.8 30.5 39.3 46.7 56.2 62.9 71.9 79.6 82.3 83.4 84.9 83.4 81.5 81.3 80 74.2 71.2 71.3 73.8 75.9 78.1 86.6 94.8 103 111 117.8 116.7 116.6 119.4 124.1 129.2 129.3 127.4 125.4 123.5 121.6 119.7 117.8 115.9 114.1 111.8 108.5 103.9 98.1 92.3 86.5 80.8 75 69.4 69.4 69.4 69.4 72.4 75.9 78.1 78.4 77.3 76.5 72.2 70 69.6 73 74.7 77.2 78.6 80.7 82.8 86.4 93.1 99.8 106.5 113.1 119.8 125 129.5 131.3 133 132.8 131.7 129.4 125.7 122 119.2 117.3 116.4 114.8 112.8
11.5 10.2 10.2 10.2 14.7 23.7 32.7 41.5 46.4 56.7 69.4 72.8 75.8 76.7 76.3 78.3 75.8 73.2 72.4 70.7 69.4 69 71.2 76.2 81.8 81.9 88.2 97.1 106.4 112.5 117 116.8 116.6 119.6 124 128.8 129.3 127.4 125.5 123.6 121.7 120 118.2 116.5 113.3 109.6 106.9 103.4 98.9 94.4 89.6 83.8 78 72.2 69.4 69.4 69.4 70.9 74 75 75.4 74.6 73.9 70.8 69.7 68.7 69.5 70.3 72.8 75.7 79.2 81.9 87.9 94.6 101.3 108 114.7 121.3 126.3 131 130.3 129.5 130.3 129.5 126.4 123.2 120.7 118.1 114.3 112.6 111 108.7
10.2 10.2 10.2 10.9 18.4 26 35 41.7 46.5 55.8 63.3 71.3 72.5 71.6 70.7 71.6 69.3 65.7 63.5 61.9 68.9 74.6 79.7 85 83.8 86.6 90.3 104.7 111.7 113.1 114.2 116.7 116.6 119.1 124.1 128.6 129.4 127.6 125.9 124.2 122.4 120.7 119 114.7 110.4 107.7 105 102.3 98.3 93.8 89.3 84.8 80.4 75.2 69.4 69.4 69 69.4 71.7 72 72.3 72 71.4 69.5 69.3 68.1 68.1 68.1 68.7 73.3 78 82.4 89.3 96.1 102.9 109.6 116.2 122.9 127.8 130.2 129.4 128.6 127.8 127.2 124.5 122 119.5 117 113.2 109.7 106.1 102.4
11 10.2 10.2 12.7 19 24.6 31.6 38.8 44.2 54.2 57.4 68.6 70.8 65.5 63.7 64.7 62 56.1 57.7 66.5 76 81.7 84.4 85.9 86.6 87.2 94.2 106.8 112.4 113.8 114.7 116.5 116.6 116.8 121.3 126.9 129 128.4 126.6 124.9 123.1 120.5 116.2 111.9 108.5 105.8 103.1 100.4 97.7 93.2 88.7 84.2 79.7 75.2 70.7 69.4 69.1 68.1 69 69 69.3 69.5 69 68.1 68.1 68.1 68.1 68.1 68.1 73.1 77.7 83.8 90.7 97.5 104.4 111.1 117.8 124.5 129.3 129.3 128.5 127.7 126.6 125.1 124 121 118.3 115.8 112.2 106.5 101.2 96.5
13 12.2 10.3 9.3 16.4 22.2 31 36.7 44.1 48.7 48.3 52.8 56.5 54.9 54.4 54.3 52.5 53 69.1 71.5 79.3 87.2 91.8 87.2 87.7 91.2 96.8 105.2 111.1 113.6 116.2 116.9 116.6 117.8 120.7 125.5 127.2 127.4 127.3 125.6 122 117.7 113.3 109.3 106.6 103.9 101.2 98.5 95.8 92.5 88 83.6 79.1 74.6 70.1 69 69.2 68.1 69 68.1 68.1 68.9 68.1 68.1 68.1 68.1 68.1 68.1 68.1 71 77.9 85.2 92.1 98.9 105.8 112.7 119.4 126.1 129.2 128.4 127.5 126 124.5 122.9 121.8 120.8 118.9 115.4 109.3 103.5 97.6 92.6
14 15.3 13.7 10.6 13.8 19.9 26.9 30.4 36.1 37.7 41.9 44.3 45.3 45.1 45.3 44.1 51.6 61.1 70.3 76.3 81.3 89.6 91.2 89.6 90.6 95.8 107.5 109.5 111 115.6 117.7 117 116.6 118.8 123.1 124.1 125.4 125.6 125.8 123.5 119.1 114.8 110.4 107.4 104.7 102 99.3 96.6 93.9 91.2 87.4 82.9 78.4 74 69.5 69.1 68.9 68.1 68.1 68.1 68.1 68.1 68.1 68.1 68.1 68.1 68.1 68.1 68.1 69.6 77.1 84.6 92.1 99.6 107 114.1 120.9 127.6 128.3 126.9 125.4 123.9 122.3 120.8 119.7 118.7 119.1 113.7 107.4 101.3 95 88.7
13.2 15 12.6 9.7 11.2 16.6 21.8 24.3 27.9 33.9 37.3 37.5 36.2 38.2 38.8 47.5 56.3 69 78.7 74.4 82.7 90.5 92.1 91.8 91.2 101.2 109.1 110.6 114.5 116.2 117.6 117.1 118.8 125.9 129.6 124.4 123.5 123.6 122.8 120.6 116.2 111.9 108.2 105.5 102.8 100.1 97.4 94.7 92 89.3 86.6 82.3 77.8 73.3 68.8 69.1 68.2 68.1 68.1 68.1 68.1 68.1 68.1 68.1 68.1 68.1 68.1 68.1 68.1 68.1 76.3 83.9 91.4 98.8 106.3 113.8 121.1 127.8 125.9 124.3 122.8 121.2 119.7 118.1 119.1 119.7 116.4 111.1 105.5 99.3 93.3 87.7
12 12.3 10.5 6.6 9.9 13.2 17.1 21.3 25.6 28.8 27 29.6 34.4 36.2 42.1 50.3 58.7 69.4 70.2 76.3 86.3 90.8 91 90.4 90.1 99 107.4 109.4 111.8 115.3 117.9 119.5 123.2 127.9 126.7 122.8 121.4 120.5 119.7 117.7 113.4 109 106.3 103.6 100.9 98.2 95.5 92.8 90.1 87.4 84.7 81.6 77.2 72.7 68.6 68.9 68.1 68.1 68.1 68.1 68.1 68.1 68.1 68.1 68.1 68.1 68.1 68.1 68.1 68.1 74 82.8 90.1 97.3 104 111 119.5 125.8 123.3 121.4 119.2 117.7 116.1 114.6 114.7 113.4 111.4 107.9 102.4 97 91.2 87.6
9.2 9 7.7 5.3 6.8 9.8 13 15.9 18.7 19.1 23 29.7 33.3 37.3 40.2 46.1 54.8 61.3 64.2 73.5 79.1 85.1 88.5 89.3 89.9 98 107.3 110.1 113.9 117.7 119 120.2 120.2 123.5 123.1 119.4 118.3 117.5 116.7 114.8 110.5 107.1 104.4 101.7 99 96.3 93.6 90.9 88.2 85.5 82.8 80.1 76.4 72 68.4 68.7 68.1 68.1 68.1 68.1 68.1 68.1 68.1 68.1 68.1 68.1 68.1 68.1 68.1 68.1 71.4 80.2 86.7 93.9 101.7 110.2 117.4 123.5 121.3 119 117.1 115 112.6 111 110 108.8 106.4 104.6 99.1 93.7 88.6 86.8
6.1 6.3 5.2 3.5 5.1 7.4 9.5 12.4 15.3 18.5 21.9 27.5 31.2 34.2 38.3 46.4 52.3 57.5 66.7 72.9 80.7 84 84.9 86.8 91.2 99.4 107.3 112.2 116.9 119.3 120.3 121.1 120.5 119 118.8 116.1 114.8 114.4 113.6 111.9 107.9 105.2 102.5 99.8 97.1 94.4 91.7 89 86.3 83.6 80.9 78.2 75.5 71.4 68.3 68.1 68.1 68.1 68.1 68.1 68.1 68.1 68.1 68.1 68.1 68.1 68.1 68.1 68.1 68.1 68.6 76.7 83.9 92.4 100.9 109 115.1 121.1 119.5 116.7 114.7 112.8 110.9 108.6 108.6 106.2 103.5 100.5 96 91.2 87.8 85.8
3.6 3.4 2.7 3.2 4.5 6.6 9.3 14 18.3 22.1 27.8 31.3 34.3 37.6 41.7 47.7 52.6 57.3 63.1 71.8 76.5 81.8 84.9 91.1 97.2 103.2 107 111.7 116.6 121.8 122.2 121.7 118.6 115.6 115.3 115.1 113.3 112.2 110.4 109.1 106 103.3 100.6 97.9 95.2 92.5 89.8 87.1 84.4 81.7 79 76.3 73.6 70.8 68.1 68.1 68.1 68.1 68.1 68.1 68.1 68.1 68.1 68.1 68.1 68.1 68.1 68.1 68.1 68.1 68.1 74.9 82.8 91.6 100.1 106.7 112.7 118.8 117.6 114.9 112.2 110.3 109.4 107.7 106.3 103.9 101.5 98.3 95.8 91.8 88.2 86
2.5 2.5 2.5 3.8 3.8 7.8 13.8 21.5 27 29.7 33.2 37.3 39.5 41.9 44.6 48.9 51.9 56.8 61.8 67.1 74.8 82.1 88.7 101.1 107.3 113.2 105.8 111.1 117.2 122.3 123.4 122.2 119.6 116.4 114.4 114.1 112.3 110.5 109.3 106.8 104.3 101.8 99.2 96.5 93.8 91.1 88.4 85.7 83 80.3 77.6 74.8 71.9 69.1 68.1 68.1 68.1 68.1 68.1 68.1 68.1 68.1 68.1 68.1 68.1 68.1 68.1 68.1 68.1 68.1 68.1 72.3 81.3 91.2 98.5 105.9 110.1 113.4 111.1 110 108.2 109.9 108.9 107.1 104.2 101.6 101.5 97.9 96.2 94 89.2 87
2.5 2.5 2.5 3.3 7.2 13 20.3 25.8 31.1 36.2 41 42.6 46.4 47.3 49.2 50.1 52.5 55.9 61.8 70.2 78 85 94.9 104.6 110 110.6 108.5 113.4 118.8 120.8 121.6 121.7 120.5 116.3 115.3 113.8 112 109.8 107.1 105 102 99.4 97 94.6 92.1 89.6 87.1 84.5 82 79.4 76.7 74 71.3 68.9 68.1 68.1 68.1 68.1 68.1 68.1 68.1 68.1 68.1 68.1 68.1 68.1 68.1 68.1 68.1 68.9 68.1 72.1 80.2 93.7 92.6 97.2 103.4 104.6 102.9 103.1 106.6 107.8 107.7 105.9 103.8 101.9 102.1 98.6 97.1 94.8 91.6 88.6
1.5 2.5 2.5 5.3 9.3 15.3 23.1 29.6 35.3 39.4 41.6 44.6 49.3 48.7 53.4 53.9 57.4 61.7 67.2 76.5 83.3 90.6 101.9 110.8 112.5 113 114.1 115 119.7 119.3 120.1 120.8 120.3 119.2 116.3 115.4 113.5 108.2 104.8 103.1 100.1 97.2 94.6 92.2 89.8 87.4 85 82.5 79.9 77.4 74.9 72.4 69.8 68.1 68.1 68.1 68.1 68.1 68.1 68.1 68.1 68.1 68.1 68.1 68.1 68.1 68.1 68.1 68.1 69.8 70.4 74.4 80.9 86.7 90.7 93.8 97.4 100.4 100.5 101.8 109.4 109 108 106.1 104.2 103.4 102.1 99.2 96.4 94.1 91.9 89.8
-1 -1 0.9 4.3 10.1 16.5 23 30 36 39 37.7 43.6 47.1 49.2 54 56.6 62.7 69 73.1 80.7 85.9 94.1 111.5 117.9 116.5 113.1 115 117.9 118.6 118.4 119.8 120.4 119 117.5 116.1 114.6 113.7 106.1 103.2 100.7 98.2 95.3 92.5 89.7 87.3 84.9 82.5 80.1 77.7 75.3 72.8 70.3 68.8 68.1 68.1 68.1 68.1 68.1 68.1 68.1 68.1 68.1 68.1 68.1 68.1 68.1 68.1 68.1 68.1 71.2 72.2 76.5 83.1 87.1 93.2 93.3 95.8 98.8 101.4 109.5 111.3 109.8 108.5 107.4 105.4 104.8 102 99.5 97 94.3 92.5 92.9
-1 0 1.4 3.9 10.3 16.9 23.4 30.1 35 35.3 36.2 43.9 45.1 50.5 57.4 63.1 71.6 75.2 76 80.8 88.6 99.9 111.7 117.4 117.6 114.3 115.9 117.6 118.9 121.8 123.2 120.7 116.8 115.2 113.8 111.8 108.9 104.4 101.5 98.6 96.3 93.4 90.5 87.7 84.9 82.5 80.1 77.7 75.3 72.9 70.5 68.3 69 68.1 68.1 68.1 68.1 68.1 68.1 68.1 68.1 68.1 68.1 68.1 68.1 68.1 68.1 68.1 68.3 68.6 68.1 77.3 84.6 91.1 95.3 98.9 100.3 101.4 111 112.3 112.7 111.2 109.7 108.2 106.7 104.7 102.2 99.7 97.3 94.8 93.2 94.6
-1 -0.1 1.1 2.9 10.3 17.1 24 30.6 30.5 31.1 34 38.7 45.3 53.8 64.5 71.6 74.4 75.2 78.5 82.1 88.5 100.9 110 114.7 115.5 116.7 117.4 118.7 119.9 122 123.1 118.9 114.5 112.9 111.1 108.4 106.3 102.7 99.8 96.9 94.3 91.5 88.6 85.7 82.9 80 77.6 75.2 72.8 70.4 69 68.3 68.1 68.1 68.1 68.1 68.1 68.1 68.1 68.1 68.1 68.1 68.1 68.1 68.1 68.1 68.1 68.1 69 68.1 70.9 77.7 84.3 90.9 96.2 101.4 104.5 107.7 112 114.2 114.1 112.5 111 109.6 108.9 105.5 103.5 101 98.5 96 94.7 96.2
-1 -1 0.7 2.7 6.9 17 18.7 23.4 28.3 29.4 33.4 39.6 47.6 54.6 62 67.9 73.2 77.5 82.5 84.2 90.2 102 109.5 112.9 114.2 116.2 118.2 120.1 121 122.2 121.3 116.8 112.6 110.5 107.7 105 103.5 100.9 98.1 95.2 92.3 89.6 86.7 83.8 81 78.1 75.2 72.8 70.4 69.7 69 68.3 68.1 68.1 68.1 68.1 68.1 68.1 68.1 68.1 68.1 68.1 68.1 68.1 68.1 68.1 68.1 68.1 68.1 68.1 70.9 78.8 85.2 90.8 97 103 107.6 111.6 113.2 116.1 115.4 113.9 113.3 112.6 111.7 108.6 104.6 102.1 100.2 97.9 97.2 96.4
-1 -1 0.4 2.8 5.2 9.2 17.5 23.2 27.8 28.9 33.5 40.9 46.9 54.3 62.4 69.1 76.2 83.7 85.7 88.4 93.2 103 109.7 111.2 113 115.1 117.1 119.1 121.1 123.1 119 116 110.7 108.4 106.4 104.3 101.7 99.2 96.3 93.4 90.3 87.6 84.7 81.9 79 76.1 73.2 70.7 70.5 69.8 69.2 69 68.1 68.1 68.9 68.1 68.1 68.1 68.1 68.1 68.1 68.1 68.1 68.1 68.1 68.1 68.1 68.1 68.1 68.1 71.2 79.9 87.5 93.3 98.8 105.1 111.5 115 116.5 118 117.6 117 116.3 115.7 114.5 111.8 107.8 103.7 100.7 99.5 98.5 97
-1 -1 4.1 5.3 7.2 11.3 20 24.2 27.4 29.3 34.4 40.3 47.1 53.4 62.7 71.1 78.4 86.1 87.7 93.5 99.5 105.3 110 109.6 111.9 113.9 115.9 118 119.4 118.8 117.1 114.1 108.1 106.9 105.6 103.7 101.2 96.5 93 89.6 86.1 83.5 82.4 79.7 76.9 74 71.1 69.2 68.9 68.9 68.9 69 68.1 68.1 68.1 69 68.1 68.1 68.1 68.1 68.1 68.1 68.1 68.1 68.1 68.7 68.5 70 68.7 68.9 72.8 80.3 87.8 95.2 101 107.8 114.9 117.3 116.7 118 118.5 118.6 118.6 118.4 117.3 114.9 110.7 106.4 102.1 100.5 99.5 97.6
-1 3.6 7.8 9.1 10.6 14.7 23.5 27.9 30.2 32.3 38.5 45 51.7 60.1 68.5 76.7 82.3 87.9 90.7 98.4 104.7 110.7 112.6 111.7 110.8 112.9 115 115.3 114.7 114.4 114.3 109.2 104.8 103.5 103.8 102.6 98.5 92.9 88.9 85.4 82 79.5 78.3 77.1 74.8 71.9 69 67.7 67.2 67.4 68 68.6 68.1 68.1 69 69 68.1 68.1 68.1 68.1 68.7 68.9 70 71.9 72.1 72.6 73.4 73.5 73.1 72.3 74.1 80.9 88.6 96.2 104.9 112 118.5 121.1 119.7 117.9 118.7 118.7 117.5 117.8 117.5 115.6 111.5 107.4 103.4 101 100.3 98.2
-1 8.9 14.5 17.5 23.8 21.5 27 31.5 34.8 36.7 41.8 48 54.5 61.1 75.4 86.1 92.4 89.8 95.6 103.3 110 114 116.6 115.2 112.9 111.8 111.2 110.6 110.1 110 109.2 105.3 100.8 98.7 98.8 96.6 93.7 89.1 85.4 81.3 77.8 75.4 74.2 73.1 71.9 69.8 67 66.3 66.1 66.8 67.6 68.4 68.2 68.8 69.2 69.5 69.4 70.3 70.6 70.9 72.8 75.7 76.5 77.8 78.7 78.1 77.2 77.1 76.7 76.6 77.2 82.8 90.4 98 107.8 116.1 121.2 123.8 124.2 122.2 118 116.8 116 116.7 117.4 115.7 111.7 107.6 104.2 100.5 99.6 97.2
11.2 17 21.3 26.4 31.9 28.2 29.7 34.8 36.8 40.6 43.5 50.3 57.5 64.8 71.8 77.7 84.3 87.6 97.1 106.4 113.8 117.2 119.9 117.7 115.2 112.8 111.3 110.5 108.6 105.1 103.7 100.7 98.1 97.2 96.5 93.7 89.1 84.6 80.8 77.3 73.7 71.4 70.2 69 67.8 66.7 66.1 66.1 66.2 67.6 69.6 71.5 73.4 72.2 71.4 70.5 70.4 72.9 74.5 75.6 86.3 85.1 84 83.4 82.6 81.7 80.8 80.7 79.7 80 80.3 85.6 92.2 100.2 110 119.3 122.7 126.1 128.6 125.2 117.9 114.9 114.9 115.7 116.4 115.9 112.1 108.4 104.6 100.9 99 96
19.5 23.5 28.1 32.6 34.2 35.8 35.2 38 40.8 41.4 47.6 55 62.3 69.6 74.4 77.1 84 91.1 98 106.2 115 119.1 119.5 117.3 115.1 112.9 110.7 108.8 105.2 101.7 98.4 96 94.1 93.7 94 89.5 83.3 80.2 76.1 72.6 70.3 69.3 67.8 67.1 66.1 66.1 66.1 66.1 66.3 69.9 73.2 75.2 77.1 76.8 76 73.4 71.3 74.7 77.6 90.4 92.6 90 87.7 87 86.2 85.3 84.5 84.2 83.2 82.7 83.3 87.8 94.6 102 110.3 118.7 122.1 125.5 127.8 124.3 117.7 113.4 113.9 114.6 115.2 115.5 112.1 108.7 105 101.3 98.4 95.4
24.9 29.8 32.8 36.5 40.5 44.5 44.5 45.4 46.3 44.6 51.2 59.6 67.1 74.5 76.7 78.7 87.9 95.9 102.3 108.5 115.8 119.5 119.1 116.9 114.7 112.3 108.9 105.4 101.8 98.3 94.8 92.4 90.4 89.5 88.6 84 77.8 74.6 71.4 68.6 68.3 67.5 66.4 66.2 66.1 66.1 66.1 66.1 66.1 69.4 73 76.6 80.2 80.7 77.1 73.5 71.2 74.6 80.6 91.5 95.1 92.4 90.4 90.4 89.8 88.9 88.1 87.7 86.6 85.6 86.2 90.9 95.7 102.1 109.7 118.1 121.5 124.6 126.6 122.5 116.4 114.3 112.2 112.7 113.2 113.3 111.6 107.9 104.2 100.8 99.6 95.6
28.7 37.6 41.8 46 50.1 52.6 49.8 50.5 51.2 50.7 54.6 63.1 71.6 79.3 77.5 80.8 91.8 99.8 107.4 113.5 119.4 119.9 118.7 115.7 112.3 108.9 105.6 102 98.4 94.9 91.7 89.2 86.5 84.2 80.8 78.9 74.4 71.1 69 67.7 66.5 67 66.8 66.6 66.4 66.2 66.1 66.1 66.1 68.8 72.4 75.9 79.9 78.9 75.9 72.8 70 72.5 78.2 87.2 95.4 94.8 93.2 93.2 93.2 92.6 91.7 91.1 90.1 89.1 89.6 94.7 100 104.7 111 117.7 120.7 123.8 124.1 120.6 118.8 117.2 113.7 110.8 111.2 111.2 111.1 107.3 103.6 101.1 100.7 99.7
