data/430000-530000.asc
ncols 200
nrows 200
xllcorner 430000
yllcorner 530000
cellsize 50
[rows 35 to 69 of 200, columns 0 to 79 of 200]
95 93.9 93.7 93.8 93.4 92.9 92.4 92.5 92.5 92.8 93.8 94.8 95.6 96.5 96.9 97.4 97.7 97.1 96.5 96.4 96.9 98.7 99.8 101 102.2 102.4 100.9 99.1 99.1 98.7 98.4 97.9 96.6 95.5 99.6 108.6 117.5 129.6 134.4 140 141.9 142 143.6 145.1 147.8 152.1 159 163.4 168.4 171.4 171.9 174.6 176.9 178.8 177.3 178.1 178.4 178 178.1 179.1 179.6 180.3 181.8 183.3 183.1 183 182 183.1 182.4 180.4 180.5 181 181.8 182.5 179.7 173.5 172.1 171.1 169.7 174.2
94.7 93.4 92.5 92.6 92.3 92.2 91.8 91.7 91.6 91.6 92.4 93.3 94.2 94.9 95.2 95.4 95.3 94.6 94.5 96.1 96.7 97.8 99.6 100.8 101.5 101.7 100.8 98.9 98.2 98 97.8 97.6 97.2 94.8 99.1 109.7 118.8 128.7 135.2 137.7 138.4 138.2 138 139.6 141.1 144.7 148.7 152.1 154.2 157.2 167.9 176.5 178.4 179.4 176.3 177.8 178.9 179 180.4 184.6 183.9 184.5 182.1 176 185.5 184.6 184.6 184.5 184.3 182.5 181.9 181.8 183.1 184.1 184.8 184.2 182.7 181.1 179.7 179.7
93.3 92.4 91.4 91 90.6 90.4 90.4 90.6 90.4 90.7 91 91.5 91.3 90.7 91.6 92.5 93 92.6 93.4 95.2 97 98.3 99.4 100.1 100.8 100.5 99.5 97.9 97.9 97.8 97.8 96.8 97.6 94.8 101 111.3 118.7 127.3 132.5 134.8 135.2 134.9 134.6 135.9 136.7 137.9 142.1 144.6 146.6 150.7 155.6 169.2 178.7 174.1 175.7 177.8 178.2 179.7 177.8 176.7 171 162.1 155.7 151.2 183 185.2 184.5 184.7 185 185.2 184.8 183.9 182.2 182.7 183.5 183.1 183.6 182 181.2 180.6
92.5 91.6 90.6 89.6 89.3 89 89 89.3 89.4 89 88.5 87.9 87.8 89.2 89.7 88.9 89.6 90.7 92.6 94.4 96.1 97.4 98.4 99.3 100 99.8 96.8 97.5 98 98.1 98.8 99.1 98.6 95.8 104.9 112.9 117.9 124.2 131.2 133.4 133.8 133.2 132.7 133.2 134.1 133.9 136.4 139.7 141.4 144.9 149.3 162.4 177.4 173.9 175.4 177.3 177.5 179 176.7 174.6 168.3 150.3 140.4 139.4 163 184.1 184.2 184.5 184.9 184.8 186.6 184.8 183.3 182.5 182.2 182.8 183.2 182.6 182.3 181.8
91.2 90.4 89.8 88.8 88.2 87.9 87.7 88 88.3 88.1 86.8 85.9 84.6 86.8 86.4 88.4 89.3 89.9 90.1 92 94.4 95.3 96.9 97.8 99.3 99.2 97.9 97.3 98 98.5 99.6 98.9 95.7 97.1 106.1 114.2 118.9 123.4 131.2 132.8 132.2 131.6 131.2 131.8 132.7 134.5 133.8 136.6 137.8 140.1 145.5 158 174.9 166.3 167.5 172.3 177.1 174.7 172 172.9 163.9 156.8 141.3 143.2 142.8 180.8 181.9 181.9 181.7 181.9 182.7 183.7 183.6 183.4 183.1 183.3 183.9 183.4 182.9 182.2
89.8 89.4 88.9 88.1 87.5 87.1 87.3 87.3 87.4 87.2 86.2 85.3 84.1 84 85.6 87.2 88.2 89.1 89.6 89.5 91.9 93.2 95.7 97.1 97.4 98.4 97.9 96.5 96.2 96.9 96.4 94.1 93.5 100.6 109.1 114.7 118.7 123.3 131.2 131.8 130.6 130 129.9 130.5 132 134.4 133.3 133.6 135.7 138.3 143.2 154.3 173.4 157.4 156.4 161.1 163.7 156.4 155 155.3 155.9 156.2 151.9 149.2 139.2 162 180.8 178.9 178.9 178.9 180.9 182.8 184.4 184.4 184.1 183.9 184 183.9 183.5 182.2
89.1 88.6 88.2 87.8 87.5 87.3 87.3 87.2 87 86.9 85.6 84.6 83 82.2 83.3 85.2 86.1 86.8 87.7 87.7 89.1 91.3 93.7 95.5 96.9 97.2 96 94 92.7 93.3 96.4 92.5 96.7 104.4 110.6 115.3 119.3 123.5 130.2 131.8 130.3 128.7 129.4 130.3 131.1 133 131.6 131.5 134.9 137.9 141.2 149 169.2 156.6 159.6 155.6 171.3 174.8 175.2 171.9 172.1 156.3 159.2 160 160.6 160.4 175.9 176.5 176.7 176.7 177.5 182 184.2 186.2 185.2 182.9 181.6 181.3 181.3 181.9
89.4 89 88.2 87.9 87.7 87.5 87.2 87.2 87 87 85.2 84.1 81.2 81.4 80.7 82.1 82.5 82.8 81.9 83.4 85.6 88.4 91.4 93.6 95.3 95.5 93.6 91.3 92.6 95 95.4 97.7 100.3 106.5 111.5 115.9 119.9 123.2 128.9 131.1 129.8 128.4 128.1 128.5 129.7 130 130.5 130.3 133.2 137.4 141.1 145.9 156.1 158.4 172.6 170.1 165.5 164.2 161.2 152.4 162.4 170.1 169.1 168.7 168.8 171.4 174.5 174.7 174.7 174.5 174.3 179.5 185.3 185.3 182.2 180.6 179.2 178.6 178.7 179.4
89.6 88.6 87.9 87.5 87.8 87.6 87.4 87.3 87.2 87.2 85.5 81.1 81.1 81.4 83.5 83.5 83.7 85.2 85.5 84 83.2 85.7 89 91.9 94.1 92 90.8 92 97.1 100.9 99.9 100.3 103.4 107.4 112.3 116.6 120.4 122.7 125.9 129.1 128.5 127 126.5 126.9 127.4 127.5 128.3 129.7 131.5 134.7 138.3 141.4 146.1 154 156.8 153 150.2 147.1 147.4 143.9 138.1 137.5 142.9 139 138.4 141.3 143.1 159.4 172.5 171.7 168.4 176.3 183 182.3 180.1 178.5 176.9 176.2 175.8 176.1
88.7 88.2 87.7 87.3 87.3 87.6 86.8 87.4 87.4 85.8 79.4 79.4 81.9 83.8 86.6 87.3 87.6 88.2 87.3 86 84.2 84.2 87.7 91.7 92.5 90.9 90.9 96.3 102.4 102.1 104.4 103.8 105.8 108.9 113.1 117 120.5 122.6 124.1 125.4 127.1 125.7 125.1 125.4 126.1 126.4 126.8 127.8 129.1 131.8 135.3 137.4 139 142.5 142.5 141.8 138.1 135.6 134.9 132.4 131.8 134.2 137.3 140.2 141.3 140.1 133.4 134.8 148.9 161.7 163 174 180.1 180 178 176.4 174.9 174.6 174.2 173.9
89.3 89.8 89.7 89.3 88 86.6 83.6 79.3 78.1 79.5 79.7 81 83.6 86.2 88.5 90 90.6 90.4 89.2 87.5 84.7 84.6 91.3 85.3 90.2 89.2 94 99.8 103.8 104.7 106.1 107.3 108.8 111.3 114.1 117 119.7 122.1 123.2 124.5 125.3 124.7 123.6 123.5 124.5 125 124.4 125.4 126.7 129.3 131.3 132.9 134.3 134.9 134.6 134 133.4 131.3 129.6 128.4 128.7 128.2 128.9 130.1 131.2 132.1 138.8 139.7 140.9 150.1 160.5 172 176.3 176.9 176 174.9 174.5 173 172.7 172.5
91.7 92.3 92.7 91.9 90.2 87.7 83.2 78.3 77.5 79.8 81.8 82.9 85.4 87.9 90.3 91.9 92.5 92 90.6 88.4 86 86.2 91.1 92.4 89 90.5 95.2 99.7 103.8 104.4 106.5 108.5 110.2 112.3 114.2 116.7 119.5 121.3 122.2 123.3 123.5 124.1 121.6 120.8 122.6 123.4 123.3 122.2 123.1 125.2 127.7 129.3 129.3 129.6 129.1 128.4 128.1 127.4 127.2 125.3 124.7 123.6 123.8 124.4 126.1 128.3 131.2 134.2 138.7 145.1 159.6 170.1 173.9 174.6 174.4 174.9 175.2 172.7 172.4 169.9
92 93.2 93.4 92.9 89.8 86.8 82.1 76.9 78.5 80.3 82.2 84.4 87.1 89.3 91.4 92.9 93.3 92.6 90.7 88.3 85.8 91.7 91.7 90.1 88.7 90 93 96.8 105.6 101.6 106.1 108.6 110.2 112.4 114.7 116.8 119.3 120.5 121.1 121.5 121.8 122.8 121.4 118.5 121.1 121.7 120.9 119.9 120.6 122.7 124.9 125.7 125.2 125.2 124.7 123.9 123.9 124.2 124.6 123.1 122.5 121.5 121.2 122.6 124.3 126.6 130 137.7 142.5 148.6 165.8 170.5 172.9 173.3 173.5 174.3 173 173.7 169.7 165.6
90.6 92.7 93.5 92.1 88.6 85.3 80.4 76.9 78.9 80.7 82.5 84.2 86.9 89.6 91.8 93.1 93.8 92.6 91 86 87.9 90.7 93.1 88.7 89.4 90.4 92.4 95.7 102.8 101.2 105.1 108.3 110.2 112.5 114.7 117 119.3 119.8 119.7 119.8 119.9 120.2 120.1 116.7 119.2 120 119.9 119.2 118.9 120.4 121 121.9 121.6 121 120.8 120.7 120.9 121.3 121.7 121.1 120.3 121.4 121.3 122.4 124.5 126.6 131 139.1 149.5 161.5 167.7 169.5 171.8 172.4 172.5 171.9 172.7 172.1 169.7 165.7
88.5 89.8 89 88.5 86.1 83 78.9 77.5 78.8 80.9 82.6 84 86.5 89.2 91.8 93.3 91.7 94.7 90.4 84.8 95.8 90.5 91.4 87.8 89.2 91.6 96.3 101.9 100 102.3 105.3 107.8 110.4 112.7 115 117.3 118.9 119.6 118.7 117.9 118.3 118.4 118.5 115.4 118.3 120 117.9 117.7 117.9 118.2 117.2 118 118.9 118.5 117.8 117.5 117.9 118.3 118.7 119.1 118.7 119.5 121.5 122.8 125.1 128.7 138.1 150.6 161.7 166.9 168 169.4 169.9 170.3 169.7 169.7 169.1 168.5 167.5 165.2
86.1 86.6 86.3 85.2 83.3 80.1 78 76.7 78.5 80.5 82.4 84.5 86.8 89.4 92 93.1 90.9 95.9 94.9 97.3 89.8 95.8 87.7 88.1 89.9 91.8 95.7 102.1 99.4 102.2 104.9 107 110 112.6 115.2 117.7 118.5 119.4 118.2 117 116.9 117.2 116.8 115.3 115.5 117.2 118.5 117.9 116.5 115 114.8 115.2 116.6 117 116.4 115.6 115.8 115.5 115.2 116.1 117.1 119 122 123.9 127.1 137.4 152.1 160.3 165.1 166.7 167.8 167 167.5 167.2 166 165.9 164.6 163.5 161.2 162.6
85.3 84 83.3 81.8 80.1 78.2 76.2 76 77.7 79.8 81.9 84.9 87.2 89.6 92 92.3 90.6 95.8 96.3 96.7 89.7 96.9 88.1 90.2 93.1 94.6 96.2 99.1 99.9 102 104.6 107.2 109.4 113 115.4 117.3 118.5 118.6 117.1 116.4 116 116.3 115.8 115 114.9 114.5 116.7 116.4 115.1 112.9 112.5 113.1 114.5 115.4 114.3 113.2 112.8 114.7 116 116.6 116.2 119.9 123.1 125.7 129.8 146.5 159 163.4 165.8 167.1 167.2 165.8 164.9 163.8 162.2 159.2 157 156.4 152.9 150.9
82.6 81.6 80.2 78.7 77.3 75.9 74.5 75.6 77.1 79.6 82.3 83.9 86.5 89.5 91.9 92.7 91.2 96 95.8 92.1 92.7 96.6 90.7 93.6 95.6 97.2 99.9 100.4 102 103.6 105.1 107.5 107.8 112.4 114.8 116.8 117.6 117.5 116.6 115.4 115.1 114.9 114 112.5 113 112.6 113.3 114.1 113.7 111.8 111.2 111.9 113.4 113.4 112.5 110.8 110.1 114 116.7 118.2 118.3 121.5 124.6 127.9 133.7 152.3 160.6 164.5 166.3 166.9 166.6 165.1 162.7 160.3 158.6 155.9 153.9 150 146.7 145
81.2 79.7 77.9 76.1 75 73.8 74.8 75.9 77 79.6 82.4 84.3 86.9 90.1 92.1 96.9 93.1 94 96.5 89.4 96.4 95.9 95.9 96.5 98 100.7 102.9 103.7 104.9 105.4 106.1 107.2 108.4 111.3 113.9 115.7 116.3 115.7 115.2 114.3 112.7 112.8 112.6 111.3 111.3 111.5 111 111.7 112.6 112.5 110.7 110.9 111.2 111.2 111.1 109.4 110.2 113.7 117.3 119.9 121.3 123 126.2 131.2 141.3 153.5 161.4 164.7 166 166.4 165.4 163.1 159.4 156.7 155.2 153 151.1 146.7 143.4 140.5
83.5 77.7 75.8 74.3 73.4 74.1 75.2 76.4 77.6 80.1 82.6 85.6 88.8 90.6 92.2 94.5 95.8 96.5 96.7 89.2 96 96.1 96.4 99.9 100.7 103.5 104.3 104.9 105.9 106.3 106.7 107 108.4 109.5 112.8 114.3 114.1 113.4 113.3 113.3 111.7 110.7 111.3 110 109.9 110.1 109.3 109.6 110.8 111.1 109.7 109.1 109 108.9 108.8 107.4 110.5 114.1 117.7 121.7 123.4 124.7 127.9 134.1 145.8 157.3 162.4 164.5 165.6 165.4 163.4 160.7 156.4 154 153.1 151.1 148.6 144.5 141 138.1
84.5 76.1 74.6 73.5 73.2 74.8 76.2 77.3 78.6 81 83.8 87 89.8 91.2 92.6 94.8 95.8 96.7 92.3 91.3 99.7 99.5 99.8 97.8 103.5 104.2 104.6 105 105.7 106.2 106.5 106.8 106.8 106.9 110.6 111.8 111.8 111.5 111.5 111.5 110.8 108.9 108.8 108.7 108.4 108 107.3 107.1 108 108.5 107.8 107.2 106.6 106.6 106.1 108.6 111 114.6 118.2 122.1 125.5 126.2 130.9 139.9 151.2 159.9 163.3 164.6 164.5 164 161.7 159.6 157.5 155.3 151.9 149.9 146 142.1 138.8 136.1
84.1 75.2 73.9 73 75 76 77.3 78.1 79.6 81.9 84.8 87.2 89.9 91.9 93.2 94.2 95.2 95.2 88.3 92.5 99.8 100 100.6 100.1 103.1 104.5 105.5 105 105.5 106 106.3 106.2 105.5 105.6 107.5 108.6 109.1 109.8 109.8 109.8 109.8 108.4 107.2 106.9 106.7 105.9 105.2 104.8 105.2 105.8 106.1 105.4 104.7 105.1 107.6 110.1 111.7 115.2 118.6 123.3 125.5 127.6 135.5 145.4 155 161.1 164.4 165.4 164.4 162.7 159.8 157.6 155.3 153.5 151 147.6 144.7 141 138 135.6
82.3 74.5 73.1 74.6 76.6 77.6 78.3 79.2 80.6 82.6 85 87.3 89.6 91.2 92.8 93.5 93.8 93.9 88.2 93.9 97.9 98.6 99.5 100.7 100.8 104.2 105.2 105.3 105.4 105.6 105.3 105 103.8 102.6 104.4 105.3 106.9 108.3 108.3 108.9 108.6 107.8 106.8 105.7 104.9 104.2 103.5 102.7 102.7 103.4 103.7 103.3 103.9 106.5 109.4 112 112.4 115.8 120.1 124.3 126.5 129 138.3 148.9 157.5 161.9 165.1 165.6 163.7 161.8 158.5 155.3 153.2 151.6 149.3 147.4 143.6 141 139.1 137.3
80.5 74.1 73.4 76.2 78.2 78.6 79.2 80.3 82.2 83.5 84.9 87.2 88.8 90.1 91.3 92.3 92.7 93.1 88.1 93.5 97.8 99.6 98.4 99.7 100.9 103.1 104.3 104.9 104.8 104.4 104.1 103.3 102.6 102.1 103.4 103.6 104.7 106.7 107.3 107.9 107 106.1 105.1 103.8 103.1 102.6 102.5 103 101.8 101.7 101.8 103.3 106.7 109.3 112.1 114.4 115.7 118.7 122.9 126.2 129.2 135.1 144.6 152.7 159.2 163 164.5 164.8 162.8 160.9 157.6 154.8 152 149.7 148.9 149 147.3 143 140.6 137.9
79.2 74.4 78.4 78.1 78.6 79.2 80.5 81.8 83.3 84.4 85.5 86.5 88 89.3 88.1 88 91.1 89.3 87.3 92.3 96.7 97.2 96.6 97.5 98.8 100.2 101.7 102.5 103.3 103.2 102.8 101.8 100.9 101.2 102.2 102.7 103.5 105.1 105.5 105.9 105.4 104.8 104 102.6 101.9 101.7 102 101.3 100.2 103.4 105 105.9 108.9 112.1 114.4 116.7 119 122.7 126.5 130.3 138.7 145.1 151.6 157.9 160.7 163.8 165.1 163.7 162 159.9 156.9 154 150.7 148.4 148.4 148.4 147.7 143.3 140.9 138.5
76.7 75 75.4 76.4 79.4 81.7 81.7 83.1 83.7 84.3 85 86.1 87.4 87.2 86.8 87.2 87.5 87 87.9 91.1 93.2 94.8 94.6 95.7 96.9 98 99.3 100.6 101.3 101.5 100.9 100.1 99.3 100.2 100.7 101.5 102.6 103.5 104.1 104.8 104.9 104 102.7 102 101.5 100.4 100.4 100.1 101.8 104.2 106.4 108.6 110.7 114.7 116.8 119.1 121.3 124.2 128.1 137.5 149 154.8 157.6 160.1 162.4 164.5 164.6 162.5 160.7 158.9 156.1 153.1 150.2 148.6 148 147.9 147.4 145.4 141.1 138.8
74.1 76 76.9 78 79.5 82 82.3 83.3 83.4 83.8 84.7 85.8 86.9 86.4 86.5 86.7 86.9 87.1 88.8 90.1 91.5 92.2 92.8 93.8 95.2 96.6 97.9 98.6 99.4 99.7 99.1 98.3 98.4 98.8 99 99.4 100.3 101.5 103 103.6 103.6 102.8 101.3 100.7 100.1 99.4 98.8 98.7 101.7 104 105.9 109.8 112.4 117.5 119.6 123.6 127 128.1 132.7 141.9 150.8 157.3 159.7 161.3 162.9 164.5 163.3 161.4 158.7 157.5 155.3 152.4 151 149.5 147.3 146.7 145.8 144 142 140.3
73.3 77.4 78.3 79.3 80.3 81.4 82.8 83.4 83.7 83.6 84.3 85.3 86.2 86.4 86.5 86.6 86.8 86.9 87.6 89 90.3 90.7 90.5 91.2 92.7 94.2 95.5 96.5 97.4 98 97.3 97 97.2 97.2 97.4 97.7 98.1 99 100.7 102.3 102.4 102.4 100.3 99.8 99.4 98.6 97.9 98.6 101.3 103.5 106.2 113.2 117.4 122.9 127.6 132.4 136.5 138.4 140.4 148.1 154.7 157.5 159.6 161.2 162.5 163.3 162.7 160.8 157.8 155.7 154.7 153.2 151.8 150.4 148 146.3 145 144.2 143.4 140.8
74.6 79 79.5 80.6 81.6 82.5 83.4 83.7 83.7 83.6 83.8 84.9 85.5 85.6 85.7 85.9 86.2 86.9 87.3 88.4 89.1 89.1 89.4 89.7 90.5 91.8 93.2 94.1 95.1 96.3 96 96.6 96.4 95.8 95.8 96.2 97.1 97.9 98.8 100.6 101.2 101.6 100.4 99.1 98.6 97.9 97.4 100.2 102.3 104.2 109.8 116.9 123 129 134.6 140.1 144.3 147.8 150.2 154.6 155.4 157.2 158.9 160.2 161.5 162.4 161.6 159.6 157.4 155.4 154.3 152.7 152.1 150.5 147.9 145.9 145.1 144.1 142.9 141
75.4 81.1 80.3 81.4 82.5 83.5 84 84.3 83.6 83.6 83.5 84.7 84.7 84.8 84.9 85.3 85.5 86.8 86.6 87.6 87.9 88.2 88.6 88.6 89.3 90.1 91 92.3 93.6 94.5 94.8 94.9 94.1 93.4 94.2 95 96 96.9 97.6 98.8 100.2 101.7 100.4 99 97.8 97.1 97.3 100.8 102.3 104.3 112.2 118.6 124.5 131.4 139.2 142.7 147.3 151.4 153.9 155.3 156.5 157.6 158.8 158.9 162.2 161.5 160.3 157.9 156 154.4 152.9 151.3 150.5 149.5 147.2 145.3 143.9 143.9 141.6 139
76.7 82.5 81.2 82.4 83.4 84.3 84.7 84.5 84 83.6 83.8 84.1 83.8 84 84.3 84.9 89.4 86.8 90.2 86.6 86.8 87.1 87.4 87.7 88.2 89 89.8 90.7 92 92.8 92.7 92.8 92 91.8 91.6 93.8 94.8 95.6 96.8 97.3 99.6 100.6 100.4 98.6 97.1 96.2 99 100.4 101.8 106.6 112.5 119 125.6 133.5 140.7 144.4 147.3 149.6 152.5 154.4 155.5 157.4 157.7 160.4 162.3 163.1 160.3 156.3 154.5 153 151.4 149.9 149 147.8 146.5 144.7 143.1 141.5 139.4 137.6
79.6 82.4 82.5 83.8 84.7 85.1 85.4 84.9 84.4 84 83.5 82.7 83.3 83.6 84 87.3 89.1 86.7 86.6 86.4 86.1 86 86.1 86.6 87 87.7 88.5 89.5 90.5 90.8 90.9 90.9 90.6 90.4 90.1 93.6 94.2 95.4 96.5 97.6 98.2 99.3 100.1 98.5 96.7 97.5 98.6 99.4 104.1 107.2 112.6 118.7 125.3 132.2 138.2 141.2 142.8 143.5 145.6 150.7 154.8 157.5 158.3 161.1 163.7 163.3 160.6 156 153 151.5 150 148.4 147.4 146.2 145.3 144 141.9 139.6 137.7 136.3
81.9 82.5 84.2 85.2 85.1 84.9 84.6 84.4 84.1 83.8 83.4 82.2 82.1 82.5 83.9 84.5 85.1 86.8 84.9 85.2 85.6 85.8 85.3 85.7 86 86.4 87.2 88.2 89.1 89.9 90.1 89.8 89.3 88.7 89.4 91.8 93.5 94.2 94.9 96 96.9 98.1 98.7 97.4 96.2 97.9 100.2 103.5 106.8 109.1 112.4 118.3 122.7 128.7 133.8 136.2 137.1 134.2 139.8 148.9 155.9 157.4 159.8 162.7 164.8 163.5 160.6 155.4 151.3 149.9 148.5 147 145.8 145.1 144.4 143.2 141.4 139.5 137.8 136.5
82.3 83.2 84.6 85.1 84.6 84.1 83.7 83.5 83.2 83 82.8 81.7 81.3 82.2 83.4 83.5 83.7 86.9 84.8 84.9 85 85.4 84.7 84.8 85.1 85.5 85.9 86.8 87.7 88.6 89.4 88.9 88.5 87.9 89.5 91.7 91 92.2 93.3 94.5 95.4 95.9 96.1 94.9 96 99.3 102.8 105.9 109.1 111.9 114.8 118.6 122.7 126.4 130.7 132.7 132.6 134 136.6 152.8 157.3 159.3 163.8 166.3 166.4 164.2 159.6 154.8 150.3 148.9 147.5 145.7 143.9 143 142.2 142.2 140.7 139.3 137.8 136
83.3 84 85.1 84.9 84.4 83.8 82.6 82.2 82 81.4 81.4 81.3 81.1 81.6 82.9 83.2 83.5 86.8 84.2 84 84.3 84.9 84.4 84.2 84.5 84.8 85.2 85.5 86.5 87.4 88.1 88.4 87.6 88.1 89.2 91.4 91 90.9 92 93.2 93.7 94 93.4 96.2 98.8 101.7 104.9 108.3 110.4 113.8 116.4 120.1 124.5 128.6 130.5 132.5 135.8 141.2 150.7 145.9 155.2 164.1 168.1 168.7 168 165 158.5 150.9 149.5 148.4 146.3 143.9 142.1 140.7 140.1 140.4 139.6 138 136.3 134.7
