data/430000-1190000.asc
ncols 200
nrows 200
xllcorner 430000
yllcorner 1190000
cellsize 50
[rows 152 to 189 of 200, columns 84 to 167 of 200]
-0.9 -0.9 -0.9 -0.9 -0.9 -0.9 -0.9 -0.9 -0.9 -0.9 -0.9 -0.9 -0.9 -0.9 -0.9 -0.9 -0.9 -0.9 -0.9 -0.9 -0.9 -0.9 -0.9 -0.9 -0.9 -0.9 -0.9 -0.9 -0.9 -0.9 -0.9 -0.9 30.3 32.9 34.8 22 20.4 36.7 45.6 55.4 62.9 76.1 82.5 80.2 74.8 68.6 61.6 54.8 50.5 48.8 44.9 40.8 37.1 37 37 38.8 43.9 48.3 55.6 65.7 69.8 72.1 74.3 76 74.9 75.8 78.9 81.8 84.4 85.3 82.6 80.7 83.8 87.1 90.9 82.2 73.8 66.4 64.6 54 -0.9 -0.9 -0.9 -0.9
-0.9 -0.9 -0.9 -0.9 -0.9 -0.9 -0.9 -0.9 -0.9 -0.9 -0.9 -0.9 -0.9 -0.9 -0.9 -0.9 -0.9 -0.9 -0.9 -0.9 -0.9 -0.9 -0.9 -0.9 -0.9 -0.9 -0.9 -0.9 -0.9 -0.9 -0.9 -0.9 -0.9 -0.9 21.2 14.5 12 32.4 40 46.9 50.2 71.1 76.5 75 70.9 68.4 61.3 53.7 51.1 49.6 45.7 41.5 37 37 37 37 38 43.1 50 59 64.6 68.4 71.1 73.2 71.4 72 74.8 77.8 78.9 78.1 76.9 78.1 80.7 82.5 83.9 74.6 65.3 59.1 56.6 50.5 32.7 -0.9 -0.9 -0.9
-0.9 -0.9 -0.9 -0.9 -0.9 -0.9 -0.9 -0.9 -0.9 -0.9 -0.9 -0.9 -0.9 -0.9 -0.9 -0.9 -0.9 -0.9 -0.9 -0.9 -0.9 -0.9 -0.9 -0.9 -0.9 -0.9 -0.9 -0.9 -0.9 -0.9 -0.9 -0.9 -0.9 -0.9 -0.9 -0.9 -0.9 23.4 -0.9 24.8 43.8 62.5 68.5 71.1 68.4 66.6 61.1 56.1 53.2 50.6 46.1 41.6 37.1 37 37 37 38.2 40.5 47.6 54.8 61.4 66 68.9 70.3 68.8 68.1 70.2 74.3 74.5 73.1 72.8 73 75.5 78.1 75.3 63.6 52.2 48.9 45.8 44.7 23.9 -0.9 -0.9 -0.9
-0.9 -0.9 -0.9 -0.9 -0.9 -0.9 -0.9 -0.9 -0.9 -0.9 -0.9 -0.9 -0.9 -0.9 -0.9 -0.9 -0.9 -0.9 -0.9 -0.9 -0.9 -0.9 -0.9 -0.9 -0.9 -0.9 -0.9 -0.9 -0.9 -0.9 -0.9 -0.9 -0.9 -0.9 -0.9 -0.9 -0.9 0.5 -0.9 -0.9 39.9 55.1 63.4 67.2 66.6 66.4 61.6 57.3 54.6 51.6 47.2 42.5 37.4 37 37 38.2 42.7 45 47.9 51.4 60.6 64.9 68.1 68.1 68.1 68.1 68.5 71.4 71.2 70.1 69.1 68.5 70.3 67.8 64 54 45.1 42.3 39.9 36.6 23.1 -0.9 -0.9 -0.9
-0.9 -0.9 -0.9 -0.9 -0.9 -0.9 -0.9 -0.9 -0.9 -0.9 -0.9 -0.9 -0.9 -0.9 -0.9 -0.9 -0.9 -0.9 -0.9 -0.9 -0.9 -0.9 -0.9 -0.9 -0.9 -0.9 -0.9 -0.9 -0.9 -0.9 -0.9 -0.9 -0.9 -0.9 -0.9 -0.9 -0.9 -0.9 -0.9 -0.9 33.2 48.9 54.4 59.3 63.6 65.4 60.3 57.1 54.5 52.2 48.3 42.8 37.8 37 37 47.4 56.8 53.3 52.9 53.3 64 68 68.6 68.1 68.1 68.1 68.1 68.8 68.7 67.7 66.8 65.2 62.2 59.6 55.1 45.5 40.4 36.7 29.4 25.1 -0.9 -0.9 -0.9 -0.9
-0.9 -0.9 -0.9 -0.9 -0.9 -0.9 -0.9 -0.9 -0.9 -0.9 -0.9 -0.9 -0.9 -0.9 -0.9 -0.9 -0.9 -0.9 -0.9 -0.9 -0.9 -0.9 -0.9 -0.9 -0.9 -0.9 -0.9 -0.9 -0.9 -0.9 -0.9 -0.9 -0.9 -0.9 -0.9 -0.9 -0.9 -0.9 -0.9 -0.9 -0.9 37.1 42.7 49.8 61.1 61.4 57.2 55.1 53.5 52.1 47.8 41.1 37.9 37 38 62.9 65.1 61.2 64.1 69 66.5 68.6 68.1 68.1 68.1 68.1 68.7 67.5 66.6 65.8 63.5 61 57.3 51.1 47.6 42.9 42.4 44.1 35.7 24.8 -0.9 -0.9 -0.9 -0.9
-0.9 -0.9 -0.9 -0.9 -0.9 -0.9 -0.9 -0.9 -0.9 -0.9 -0.9 -0.9 -0.9 -0.9 -0.9 -0.9 -0.9 -0.9 -0.9 -0.9 -0.9 -0.9 -0.9 -0.9 -0.9 -0.9 -0.9 -0.9 -0.9 -0.9 -0.9 -0.9 -0.9 -0.9 -0.9 -0.9 -0.9 -0.9 -0.9 -0.9 -0.9 22.8 34.8 53.2 62.3 61 56.1 53.8 56.3 52.7 47.1 39.9 37.2 37 39.1 72.7 82.8 77.9 80.9 85.1 76.4 72.3 69.4 68.1 68.1 68.6 70 68.1 65.5 64.3 61.4 58.2 51.9 47.8 44.3 43.3 46 49.5 39.8 -0.9 -0.9 -0.9 -0.9 -0.9
-0.9 -0.9 -0.9 -0.9 -0.9 -0.9 -0.9 -0.9 -0.9 -0.9 -0.9 -0.9 -0.9 -0.9 -0.9 -0.9 -0.9 -0.9 -0.9 -0.9 -0.9 16.3 -0.9 -0.9 -0.9 -0.9 -0.9 -0.9 -0.9 0.9 -0.9 -0.9 -0.9 -0.9 -0.9 -0.9 -0.9 -0.9 -0.9 -0.9 -0.9 -0.9 34.2 46.5 59.8 60.8 56.3 53.9 55 51.9 45.9 40.5 36.3 37 40.4 81.8 89.6 85.2 92.1 93.8 89 79.6 72.9 70.5 69.4 70.7 72.1 70.7 67.5 63.2 59.9 54.9 49.8 48.4 46.3 46.6 51 52.8 43.9 -0.9 -0.9 -0.9 -0.9 -0.9
-0.9 -0.9 -0.9 -0.9 -0.9 -0.9 -0.9 -0.9 -0.9 -0.9 -0.9 -0.9 -0.9 -0.9 -0.9 -0.9 -0.9 -0.9 -0.9 -0.9 -0.9 38.3 -0.9 -0.9 -0.9 -0.9 -0.9 -0.9 -0.9 32.6 -0.9 -0.9 -0.9 -0.9 -0.9 -0.9 -0.9 -0.9 -0.9 -0.9 -0.9 -0.9 24.1 38.1 54.1 57.9 54.2 51 51.9 47.5 40.2 36.3 35.6 37.9 48 83.5 95.4 94.5 98.5 99.6 97.8 89 77.7 76.7 75.9 74.9 75.2 73.7 71.5 65.7 59 54.5 50.3 49.3 49.8 52.6 56 53.1 -0.9 -0.9 -0.9 -0.9 -0.9 -0.9
-0.9 -0.9 -0.9 -0.9 -0.9 -0.9 -0.9 -0.9 -0.9 -0.9 -0.9 -0.9 -0.9 12.2 -0.9 -0.9 -0.9 -0.9 -0.9 -0.9 -0.9 54.5 -0.9 -0.9 -0.9 -0.9 -0.9 -0.9 45.8 53.5 38.8 -0.9 -0.9 -0.9 -0.9 -0.9 -0.9 -0.9 -0.9 -0.9 -0.9 -0.9 -0.9 28.9 50.3 53.8 50.1 47.5 48.1 41.4 35.6 32.4 32.7 37.3 48.3 80.1 98.9 103.3 105.5 105.5 106.5 101.1 85.6 82.7 82.1 79.4 80.1 79.9 75.2 67.8 61.3 57.7 54 52.4 53 55.8 59.2 52.6 -0.9 -0.9 -0.9 -0.9 -0.9 -0.9
-0.9 -0.9 -0.9 -0.9 -0.9 -0.9 -0.9 -0.9 -0.9 -0.9 -0.9 -0.9 -0.9 19.1 -0.9 -0.9 -0.9 -0.9 -0.9 -0.9 47.9 63.2 -0.9 -0.9 -0.9 -0.9 54.7 63.8 61.1 63.2 46.6 -0.9 -0.9 -0.9 -0.9 -0.9 -0.9 -0.9 -0.9 -0.9 -0.9 -0.9 -0.9 20.6 46.6 49.1 47 43.3 42.5 36.6 30.4 28 30.6 36.2 46.2 71.1 97.4 107 109.5 111.2 112.8 110 93.3 90.5 87.2 84.9 85.6 84.4 78.1 69.9 63.5 60.9 58.1 57 56.3 58.5 63.9 59.2 -0.9 -0.9 -0.9 -0.9 -0.9 -0.9
-0.9 -0.9 -0.9 -0.9 -0.9 -0.9 -0.9 -0.9 -0.9 -0.9 -0.9 10.5 16 21.3 21.9 -0.9 -0.9 -0.9 -0.9 48.5 61.4 67.2 77.7 -0.9 -0.9 -0.9 70.9 69.7 67.5 62.3 47.8 -0.9 -0.9 -0.9 -0.9 -0.9 -0.9 -0.9 -0.9 -0.9 -0.9 -0.9 -0.9 -0.9 37.4 42.5 41.7 40 36 30.4 25.5 26.2 29.7 34.4 43.1 74.1 96.4 106.3 110.3 112.7 119.3 113.3 102.3 100.4 96.4 91.3 91.7 89.4 81.6 72.9 66.7 63.8 61.3 60.6 60 60.9 68.8 61.7 38.8 -0.9 -0.9 -0.9 -0.9 -0.9
-0.9 -0.9 -0.9 -0.9 -0.9 -0.9 -0.9 -0.9 9 11.4 10.6 11.2 19.1 20.9 -0.9 -0.9 -0.9 18.9 39.6 50.9 58 66.6 78.4 90 92 76.6 73.5 71 69.9 67.5 49.7 -0.9 -0.9 -0.9 -0.9 -0.9 -0.9 -0.9 -0.9 -0.9 -0.9 -0.9 -0.9 -0.9 27.1 38.3 37.1 34.9 31.3 24 22.7 26.6 30.3 33.2 43.6 84.4 99 106.5 108.2 115.6 121.5 119.6 111 112.1 107.2 99.2 102.2 101.2 88.6 77.2 71.5 66.8 64 64.2 64.3 63.2 69.2 65.8 50.1 -0.9 -0.9 -0.9 -0.9 -0.9
-0.9 -0.9 -0.9 -0.9 -0.9 -0.9 -0.9 -0.9 5.9 8.8 9 8.2 23.9 30.3 -0.9 -0.9 -0.9 16.4 39.8 45.2 50.1 66.8 74 80.8 92.2 81.8 73.1 72 70.6 67.4 44.6 -0.9 -0.9 -0.9 -0.9 -0.9 -0.9 -0.9 -0.9 -0.9 -0.9 -0.9 -0.9 -0.9 22.6 34.4 31.7 29.4 26.2 20 23.7 28.3 32.7 35.2 59.4 85.8 100.8 104.2 108.8 117.2 123.7 119.1 116 120.4 109.1 110.4 113.9 110.2 95.2 84.5 78.2 72.9 67.5 66.5 67 66.5 66.7 66.1 52.9 -0.9 -0.9 -0.9 -0.9 -0.9
-0.9 -0.9 -0.9 -0.9 -0.9 -0.9 -0.9 -0.9 3.1 6.3 8.1 8.9 23.1 36 -0.9 -0.9 -0.9 10.9 25.8 40.4 47.1 54.2 64.1 70.4 84.5 77.3 70.9 67.2 69.4 64.3 42.4 24.6 -0.9 -0.9 -0.9 -0.9 -0.9 -0.9 -0.9 -0.9 -0.9 -0.9 -0.9 -0.9 23.7 30.6 26.9 22.8 18.9 22.1 31.7 35.6 36.8 40.4 67.9 89.9 101.8 102.4 108.9 118.7 118.7 116.7 118.5 119 110.4 121.4 122.6 118.1 102.2 92.8 84.2 79 71.5 69 70.4 68.5 63.1 62.8 -0.9 -0.9 -0.9 -0.9 -0.9 -0.9
42.2 -0.9 -0.9 -0.9 -0.9 -0.9 -0.9 -0.9 4 6.6 9.1 12.9 33.7 42 -0.9 -0.9 -0.9 5.5 15 28.4 39.3 44.8 54.5 63.1 77.3 70.6 64 59.6 65 56.6 40.8 -0.9 -0.9 -0.9 -0.9 -0.9 -0.9 -0.9 -0.9 -0.9 -0.9 -0.9 -0.9 -0.9 24.5 25.9 20 14.9 21 30.7 40.4 44.8 42.3 50.7 76 88.7 102.5 102.7 108.6 112.9 113.4 114.4 117.9 123.1 121.3 125.1 128.7 123.2 107.2 97.7 88.2 84.2 73.7 70 73.9 68.1 51.5 34.8 -0.9 -0.9 -0.9 -0.9 -0.9 -0.9
47.7 36 -0.9 -0.9 -0.9 -0.9 -0.9 -0.9 5.4 7.6 10.3 31 47.6 42.5 -0.9 -0.9 -0.9 6.2 17.6 40 42.6 44.1 54.9 63.8 73.7 65.3 58.5 56.9 61.4 53.8 33.8 -0.9 -0.9 -0.9 -0.9 -0.9 -0.9 13.5 -0.9 -0.9 -0.9 -0.9 -0.9 -0.9 21 19.8 14.5 11.8 32.5 39.2 45.1 49.7 48.7 55.6 78.8 98.1 103.4 102.2 107.6 109.9 112.3 115.2 118.3 122.8 125.3 127.4 124.3 118.3 109.5 102.7 91.8 80.7 74.2 70.8 68.8 60.5 47.2 25.1 -0.9 -0.9 -0.9 -0.9 -0.9 -0.9
52.8 42 -0.9 22.1 13.7 10.7 14.4 10.4 9.3 13.9 27 38.8 48.6 36.2 -0.9 -0.9 -0.9 14.8 20.4 48.4 53.9 50.5 58 69.6 67.8 60.4 57.3 54.9 54.1 46.1 25.6 -0.9 -0.9 -0.9 -0.9 24.1 37.7 23.8 -0.9 -0.9 -0.9 -0.9 -0.9 -0.9 -0.9 -0.9 1.5 10.8 36.6 45.5 50.4 51.3 52.9 64.5 81.9 101 104 101 102.7 107 115.3 115.1 118.3 120.9 124.3 119.5 116.9 112.2 104.6 98.6 88.2 81.6 73.7 66.5 60.9 51.1 44.1 30.5 -0.9 -0.9 -0.9 -0.9 -0.9 -0.9
58.2 44.9 35 26 19.6 20.5 19.8 14.6 15.8 22.7 37.2 49.8 48.4 34.2 28.7 42.5 34.6 30.5 39.4 60.2 65.9 60.1 64.4 70.5 66.7 59.6 57.3 57.4 50.3 36.7 19.9 -0.9 -0.9 -0.9 -0.9 38.4 44.1 32.8 -0.9 -0.9 -0.9 -0.9 -0.9 -0.9 -0.9 -0.9 -0.9 16 36.8 45.5 53.5 51.7 53.3 70.1 86.1 96.1 99.3 96.1 96.5 110.4 115.8 113.3 111.9 113 112.9 113 107.3 100.7 97 94.9 92 77.3 71.5 60.8 53.1 44.7 28.1 -0.9 -0.9 -0.9 -0.9 -0.9 -0.9 -0.9
62.3 51.3 43.6 32.6 27.2 24.4 21.7 16 22.1 30.6 43.8 50.3 39.7 42.7 43.4 50 47.4 47.1 58.3 72.5 72.3 75.3 70.5 70 65.4 58.7 57 59.8 49.7 37.2 15.2 4.9 3.3 12.8 28.2 41.2 48.9 37.2 -0.9 -0.9 -0.9 -0.9 -0.9 -0.9 -0.9 -0.9 -0.9 -0.9 38.1 42.8 49.3 49 52 72.2 87.5 93.3 93.8 92.1 95.1 109.3 107.9 108.1 101.9 97.8 98.1 101.7 101.8 98.3 94.1 90.4 90.7 76.4 66 56 47 40.7 -0.9 -0.9 -0.9 -0.9 -0.9 -0.9 -0.9 -0.9
64.6 57.2 48.8 40.4 33.8 30.1 21.9 21 26.3 39.8 54.3 49 43.9 51.3 51.3 56.3 56.7 67.8 81.5 82.8 80.3 81.9 79.2 70.1 63.2 59.1 59 61.3 46.1 31.5 8.1 15.7 24.7 35.9 42.4 49.8 51.1 41.8 31.4 18.7 25.6 21.6 23.8 -0.9 -0.9 -0.9 -0.9 -0.9 33.3 39.1 42.8 44.8 51.5 69.6 82.3 88.7 91.8 88.8 93.9 102 98.1 97.2 94.7 91.4 90.5 93.5 95 97.7 95.9 88.4 82.2 68.1 56.9 46.3 39.8 32.5 -0.9 -0.9 -0.9 -0.9 -0.9 -0.9 -0.9 -0.9
67.4 59.5 50.3 42.4 37.7 31.9 22.1 28 30 46 58.2 58.4 69.5 68.6 60.3 69 73.9 82.9 91.9 89.4 87 86.6 82.1 72.7 65.5 59.6 60.9 57.5 40.7 27 9.6 20.1 32.4 58.9 58.9 56.7 52.9 42.1 34.9 31.2 34.5 34.6 31 -0.9 -0.9 -0.9 -0.9 -0.9 24.4 34.6 37.1 39.4 51 61 73.1 82.4 88.1 81.6 92.5 89.8 86.8 90 89 85.1 82.6 83.9 91 97.6 95.2 86.7 77.9 67.1 54.9 43.8 24.2 -0.9 -0.9 -0.9 -0.9 -0.9 -0.9 -0.9 -0.9 -0.9
68 62 51.9 44.6 38.5 30.4 25.4 35.6 39 43.3 56.7 62.2 73.2 82 75.8 79.6 87.6 94.2 93.6 89.7 93.9 89.5 82.2 71 66.4 61 63 51.4 36 22.9 12.3 20.7 42.3 70.2 63.2 57.8 52.9 44.2 39.8 36.6 43.9 36.4 26.9 -0.9 -0.9 -0.9 -0.9 -0.9 -0.9 24.6 23.3 30.7 50.2 56.7 66.3 76.2 80.3 75.2 81.3 76.7 77.2 80.4 80.6 76.8 75.2 80.9 96.7 101 93.4 86.6 81.5 71 57.8 43.7 24.9 -0.9 -0.9 -0.9 -0.9 -0.9 -0.9 -0.9 -0.9 -0.9
66 61.5 51.6 43 35 28.8 32 38.4 39 44.7 54.9 66 79.9 90 83.5 83.6 91.7 96.7 95.1 94.2 100.4 91.1 79.4 70.1 63.1 60.3 54.2 41.7 32.1 19.1 14.7 30.8 50.2 76.6 65 57.3 53.2 47.3 41.3 40.6 40.4 33.5 22.9 -0.9 -0.9 -0.9 -0.9 -0.9 -0.9 14.8 16.8 30.6 49.7 53.4 59.1 68.8 71.3 68.2 68.2 63.9 67.8 67.8 69.2 67.1 68.5 82.8 95.7 99.3 95.5 88 79.3 71.2 58.2 46.7 27.6 -0.9 -0.9 -0.9 -0.9 -0.9 -0.9 -0.9 -0.9 -0.9
65 60.1 50.3 42.8 34.9 35.5 38 38.3 41.6 46.8 53.5 60.8 78.6 87.2 90.1 91.7 91.2 95.1 93.1 93.7 99.2 88 76.4 69.2 62.2 53.4 44.7 38.2 28.7 16.9 23.4 44.7 55.1 79.1 65 56.6 53.2 47.9 42.5 40.9 38.6 28.5 16.8 -0.9 -0.9 -0.9 -0.9 -0.9 -0.9 -0.9 12.6 23 44.9 48.3 53 61.4 63.3 61 58 53.9 55 56.7 58.7 58.2 65.7 78.2 86.8 90.7 90.4 82.3 70.6 62.7 56.4 49.1 23.5 -0.9 -0.9 -0.9 -0.9 -0.9 -0.9 -0.9 -0.9 -0.9
65.2 58.9 50.9 41 42 42.9 39.6 41.3 46.2 50.8 53.3 61.7 73.9 86.2 94.4 97.7 94.5 93 91.9 94.9 94 82.5 73.5 67.2 61 52.7 41.6 33.3 26.9 16.5 32.2 53.9 62.3 73.2 65.6 56.1 52.4 48.8 43.5 40.6 34.7 24.8 13.3 -0.9 -0.9 -0.9 -0.9 -0.9 -0.9 -0.9 9.2 21.3 38.7 42.7 47.3 54.1 54.9 52.2 47.5 43 44 45.3 49.5 51.7 64 72.1 79.4 82.3 79.1 70.6 61.7 58.8 55.4 51.3 27.4 -0.9 -0.9 -0.9 -0.9 -0.9 -0.9 -0.9 -0.9 -0.9
65 57.5 50 46.7 51.1 47.6 42.3 45.2 49.7 54.3 57.8 64.6 83.6 98 97.7 101 96.5 93.7 93.8 98 88.9 77.1 70.6 64.3 56.9 48.1 38 32.8 26 18.9 39 51.6 60.4 61.1 56.7 54.3 50.9 47.4 42.7 35 30.6 21.4 8.3 -0.9 -0.9 -0.9 -0.9 -0.9 -0.9 -0.9 -0.9 16.6 31.5 35.9 41.6 47 46.1 42.8 38.6 38 41.2 43 40.5 46.9 59.2 65.5 68.3 68.5 62.5 60.7 58.3 56.1 54.5 52.3 46.4 26.4 -0.9 -0.9 2.4 -0.9 -0.9 -0.9 -0.9 -0.9
63.3 55.7 51 51.8 56.3 52.6 47.1 50.8 53.2 57.9 63.9 73.6 102 105.7 102.6 101.1 99 97.3 96.8 93.5 86.1 75.3 67.7 59 50.3 42.8 35.9 31.5 22.3 21.6 32.1 48.7 54.8 54.2 54.2 51.7 48.4 44.5 37.1 31.4 25.1 18.2 8.8 -0.9 -0.9 -0.9 -0.9 -0.9 -0.9 -0.9 -0.9 14 24.5 30.7 34.9 38.7 39.2 35.8 33.4 34.1 39.2 38.6 34.1 41.7 51.7 56.7 58.9 58.8 57.7 56.1 53.4 51.6 51.6 52.4 70.4 57.8 49.4 -0.9 -0.9 -0.9 -0.9 -0.9 -0.9 -0.9
60.9 55.8 54.4 51.1 53.3 51.8 52 56 60.6 63.1 71.1 96.5 112.2 111.4 106.8 105.7 106.2 100.3 95.6 89.7 82.8 74.5 66 55.6 44.1 37.7 32.2 27.4 23.6 26.3 30.1 40.3 42.3 47.4 50.2 47.3 45.5 39.7 33.3 27.9 22.3 16.6 1 -0.3 -0.9 -0.9 -0.9 -0.9 -0.9 -0.9 0.9 11.8 18.8 25.7 28 32.3 31.4 29.1 28 29.2 30.4 30.6 29.3 38.1 45.6 49.8 53 54.1 53.6 51.8 51.6 51.6 51.6 53.5 71.5 72 70.3 64.4 -0.9 -0.9 -0.9 -0.9 -0.9 -0.9
59.1 59.3 58.1 55.2 54.4 55.9 57.5 62.7 75 78.4 79.8 102.7 108.7 111.1 111 109.5 115 104.8 92.1 84.7 79.4 73.7 63.3 51.1 40.8 32.9 28.6 24.7 26.5 29.3 30.3 33.1 34.3 39.1 42.1 41.5 40.9 35.3 29 23 17.2 10 -0.9 -0.9 -0.5 -0.9 -0.9 -0.9 0.2 1.1 4.2 7.9 13.8 20.1 21.8 23.1 23.5 24.2 22.5 22.3 22.8 24.1 28.9 40.8 48.5 51.5 51.3 51.5 51.6 51.6 51.6 51.6 51.6 56.8 68.1 66.5 58.7 56.8 -0.9 -0.9 -0.9 -0.9 -0.9 -0.9
60.5 62.1 60.2 59.1 60 61.8 71.3 85.2 98 101.5 95.6 98.7 104 109.3 111.1 111.1 113.6 103.6 91 85.8 79.4 70.6 59.3 48 38.2 31.1 27.1 27.5 31.3 31.9 32.3 30.9 31.6 32.4 34.3 33.7 32.4 28.8 23.4 18.4 12.9 7.4 -0.9 0.2 0.4 0.4 0.6 1.7 2.2 3.5 3.8 5.3 7.6 12.1 14.9 16.3 17.7 19.3 19.1 19.7 20.2 23 33.1 43.3 52.8 55.8 55.6 52.1 51.7 51.7 51.6 51.6 51.6 54.4 62 62.4 52.5 46.8 -0.9 -0.9 -0.9 -0.9 -0.9 -0.9
70.2 66.7 64.5 66.7 71.4 79 89.1 102.9 113.4 114.4 106.7 101.2 100.3 105.6 110.5 110.6 104.3 98.4 90.7 85.4 78.8 70.3 59.4 45.5 36.4 29.3 28.4 29.6 33.1 35.1 39.6 33.1 31.6 31.6 30.5 29 23.2 19.7 16.9 14.1 10.3 5.4 -0.9 4.4 6.9 8.5 8.9 8.8 7.8 5.6 4.4 5.9 6.8 7.9 9 11.9 13.1 14.7 16.5 17.3 18.5 26.6 35.9 46 59 61.5 60 53.7 52.3 58.3 58.2 58.3 56.2 52.1 53.9 54.3 42.4 37.5 -0.9 -0.9 -0.9 -0.9 -0.9 -0.9
72.9 73.7 73.9 77.2 84.9 96.5 98.2 108.2 114.5 119.9 109.3 102.2 99.9 100.8 106.8 104.4 97.7 91.1 87 81.8 75.9 69.7 56.4 41.3 33.5 31.8 31.4 32.6 35.8 39.5 42.1 32.8 32 32.5 34.8 26.8 17.4 13 9.7 7.5 5.7 2.7 2.7 5.2 9.4 11.9 12.3 12.3 11.4 8.2 5.5 6.5 7.2 7.8 8.7 9.6 11.3 13.6 15 16.2 19.2 30 40.4 49.1 69.1 67.8 65.3 57.3 56.2 63.3 65.2 65.3 59.5 51.4 44.4 41.8 33.4 30.9 22.9 -0.9 -0.9 -0.9 -0.9 -0.9
78.8 83.3 85.4 88.4 96.1 106 108.9 113 118.7 120 110 106 102.2 99.2 103.8 99.5 92.8 87.2 82.7 77.9 71.3 64.9 52.2 38.8 37.7 36.4 36.4 37.2 42.6 50.3 45.2 36.5 33.2 33.6 34.1 20.3 15.8 8.4 4.8 2.7 2.7 2.7 2.7 5.2 11 14.8 16 16 14.8 11 8 6.8 7.1 8 9.1 10 10.9 12.6 14 16.9 21.7 33.5 43.3 53.4 65.1 69.5 65.5 58.4 59.7 67.9 69.7 70 63.6 53.3 43.4 30.6 25.8 -0.9 -0.9 -0.9 -0.9 -0.9 -0.9 -0.9
86.1 91.8 94.4 96.2 105.1 114.5 115 118.9 124.1 122 118.9 116.1 109.3 112.1 108.1 98.5 88.4 83.5 78.6 74.1 67.5 59.7 47.3 40 43 43 45.3 45.3 54.7 60.6 50.1 38.5 33.5 31.3 25.5 15 10 6.6 2.7 2.7 2.7 2.7 2.7 5.4 11.8 17.7 20.3 20.4 19.1 15.1 11.5 10.4 8.5 8.5 9.5 10.3 11.2 12 13.5 15.9 24.5 36 46.2 60.3 66.4 69 67.6 60.9 62.2 70.5 74.5 74.4 65 55.6 46.2 34.3 20.2 -0.9 -0.9 -0.9 -0.9 -0.9 -0.9 -0.9
93 99.2 100.1 103 111 119.9 122.3 124.8 128.6 124.9 122.6 121.6 119.7 120.7 109.3 94.8 87.6 80.4 75.3 70.5 62.4 54.6 41.9 49.2 49.1 50.4 53.2 52.8 58.3 65.1 52.2 41.7 35.1 28.1 20.9 13.3 8.1 4.9 3.9 2.7 2.7 2.7 2.7 2.7 10.9 21.4 24.1 24.7 23.4 19.3 18.1 15.4 13.2 10.8 10.2 10.5 11.1 11.9 13.2 17.6 27.5 37.7 52 67.3 73.3 69.7 69.5 64.8 66.2 74.8 77.1 76.1 67.5 55.4 47 40.3 30.4 -0.9 -0.9 -0.9 -0.9 -0.9 -0.9 -0.9
97.8 101.7 102.6 105.8 112.8 122.6 127.8 130.9 130.2 129.1 127 123.4 125.9 123.4 106.5 94.5 87.1 80.3 74.4 66.7 57.5 49.5 48.2 55 56.4 58.7 60.9 60.3 63.6 64.7 51.3 42.4 34 24.5 17.4 10.8 8.6 7.9 6.9 2.7 2.7 2.7 2.7 2.7 9.9 21.6 26.5 27.9 27.4 24 21 18 16.4 14 12.7 12.7 11.4 12.7 13.8 18.1 26.8 41 59 73.9 74.4 68.6 67.2 67.3 70.2 79.4 77.3 72.5 68 55.1 47.7 43.5 35.9 -0.9 -0.9 -0.9 -0.9 -0.9 -0.9 -0.9
102.5 105.8 107 108.9 115.3 123.7 129.4 131.1 129.3 128.3 126.6 126.8 127 119.5 104.1 95.6 87.1 80.4 73.8 63.7 53.9 48.3 54.5 60.1 64.1 67 68.5 68.8 67.7 62.4 47.1 39.7 30.3 21.2 15.6 10.9 12 11.6 11.3 3.8 2.7 2.7 2.7 2.7 5.7 17.9 26 29 28.2 26 22.8 20 18.9 17.2 15.7 15.4 12.2 13.6 15.1 18.9 29.2 44.6 65.1 79.6 74.3 68.6 68.3 71 74.8 83 77.6 71.7 65.3 56.7 49.3 46.5 38.9 32.6 -0.9 -0.9 -0.9 -0.9 -0.9 -0.9
