data/430000-1180000.asc
ncols 200
nrows 200
xllcorner 430000
yllcorner 1180000
cellsize 50
[rows 144 to 179 of 200, columns 82 to 163 of 200]
87.5 86.9 86.7 83.2 79.8 76.7 73.5 69.9 65.4 57.7 49.2 39.6 30.1 22.3 16.1 11.3 5.3 -0.9 -0.9 -0.9 -0.9 -0.9 -0.9 4.8 7.6 12.1 17.9 23.3 29.2 34.7 41 47.3 51.7 53.4 56.1 61.3 63.5 75.6 88.1 94.9 101 104.5 101.5 101.1 100.8 93.9 87.6 80.2 76.3 72.9 73 70.4 70 70.9 67.5 59 17.6 -0.9 -0.9 -0.9 -0.9 -0.9 -0.9 -0.9 -0.9 -0.9 -0.9 -0.9 -0.9 -0.9 -0.9 -0.9 -0.9 -0.9 -0.9 -0.9 -0.9 -0.9 -0.9 -0.9 -0.9 -0.9
81.6 81.5 79 76.4 74.9 70.9 66.6 62.9 55.3 47 33.2 26.3 20 13.4 7.1 -0.9 -0.9 -0.9 0.1 -0.9 7.3 11.8 16.6 13.6 17.9 20 25 28.9 35 41.4 47.5 53.2 58.4 61.1 64.5 69.7 75.7 84.4 93.1 99.3 108.3 107.7 102.1 100.8 100.8 96.6 90.8 85.4 81.4 79 77.4 74.8 73.5 75.6 73.9 64.6 40.9 10.5 13.9 -0.9 -0.9 -0.9 -0.9 -0.9 -0.9 -0.9 -0.9 -0.9 -0.9 -0.9 -0.9 -0.9 -0.9 -0.9 -0.9 -0.9 -0.9 -0.9 -0.9 -0.9 -0.9 -0.9
75.8 75.1 72.9 70.3 66.5 62 58.2 52.3 41.4 27.6 18.6 11.1 7 4.3 2.6 -0.9 1.9 2.7 6.3 12 18 16.7 20.2 24.4 27.2 30.4 31.1 34.6 41.1 47.6 53.4 58.6 63.8 67.9 72 77.2 82.4 90.2 96.5 100.8 104.1 103.6 99.5 99.7 97.5 92.2 86.9 84.3 80.8 78.5 75.7 72.8 73.1 73.7 72.9 69.8 61.7 48.5 35.1 19.8 -0.9 -0.9 -0.9 -0.9 -0.9 -0.9 -0.9 -0.9 -0.9 -0.9 -0.9 -0.9 -0.9 -0.9 -0.9 -0.9 -0.9 -0.9 -0.9 -0.9 -0.9 -0.9
70.7 67.5 65.3 62.7 57.4 52.5 47.6 39 24.5 15.3 9.3 7.3 6 5.9 7.4 7.1 7.6 9.9 15.3 21.6 23.3 21.8 24 28.6 32.1 36.2 36.7 39.3 45.9 52.2 58.1 63.2 67.1 70 74.7 80.3 85.6 90.5 94.9 98.3 99.4 96 93 93.6 89.9 85.3 82 78.7 76.3 73.2 70.7 70.5 68.1 67.9 68.7 68 61.2 51.7 37.2 -0.9 -0.9 -0.9 -0.9 -0.9 -0.9 -0.9 -0.9 -0.9 -0.9 -0.9 -0.9 -0.9 -0.9 -0.9 -0.9 -0.9 -0.9 -0.9 -0.9 -0.9 -0.9 -0.9
61.6 58.8 56.5 52.8 46.1 40.4 34.1 21.6 13.9 9.7 7.9 11 10.6 12.5 13.6 13.3 17 17.3 23.9 27.6 28.2 26.7 27.7 31.4 35.5 40 41.3 43.2 49.9 56.1 62 65.6 68.2 71.7 74.8 78.6 82 85.8 90 90.4 85.9 83 81.5 82.8 78.5 75.3 72.7 70.1 67.8 65.3 61.9 61.4 58.6 59.1 61.9 62.5 58.2 51.2 39.7 26.4 15.8 9.5 -0.9 -0.9 -0.9 -0.9 -0.9 -0.9 -0.9 -0.9 -0.9 -0.9 -0.9 -0.9 -0.9 -0.9 -0.9 -0.9 -0.9 -0.9 -0.9 -0.9
50.5 47 46.4 41.4 33.2 25.5 22.8 16.1 11.2 12.4 15.8 19.2 18.8 18.7 20.1 23.4 23.9 24.7 29.5 30.9 30.7 29.9 32.2 35.2 39.7 44.4 45.4 47.5 51.8 58.1 62.6 65.8 67.8 67.6 69.4 66.8 71.8 72.8 74.9 71.2 68.7 67.3 65.5 67 66.3 63.9 60.8 58.9 56.2 53.1 49.8 48.4 48.9 50 52.1 53.6 50.2 46.3 39 26.4 17.5 -0.9 -0.9 -0.9 -0.9 -0.9 -0.9 -0.9 -0.9 -0.9 -0.9 -0.9 -0.9 -0.9 -0.9 -0.9 -0.9 -0.9 -0.9 -0.9 -0.9 -0.9
43.2 36.9 35.6 29.3 21.4 19 16.5 14.1 12.8 17.2 21.1 23.2 23.5 21.8 21.9 26.1 29.2 29.6 31.4 33.3 34.8 33.8 36.1 38.9 43.7 48 48.5 51.3 55 59 60.6 61.4 60.1 58.7 56.4 53.1 51.2 49.3 50.3 50.6 49.1 47.7 46.5 48.2 47.5 46.3 45.9 44.8 41.4 40.6 37.6 34.7 35.5 37.8 39.9 41.6 40.7 39.5 32.2 23.7 -0.9 -0.9 -0.9 -0.9 -0.9 -0.9 -0.9 -0.9 -0.9 -0.9 -0.9 -0.9 -0.9 -0.9 -0.9 -0.9 -0.9 -0.9 -0.9 -0.9 -0.9 -0.9
43.7 39.2 33.2 27.2 21.9 17.9 15.9 14.7 17.7 21.3 25.5 29.3 28.7 26.7 26.8 31 31.8 32.5 34.4 36.3 38.3 38.4 39.6 42.5 45.9 49.4 50.1 53.6 56.5 56.8 55.4 52.6 48.8 45.8 41.8 34.8 31.6 29.6 27.8 28.1 29.3 28.9 28.7 29 29.7 29.6 29.2 28 25.9 24.4 24.6 22.1 22.7 25.1 26.3 28 27.9 26.3 -0.9 -0.9 -0.9 -0.9 -0.9 -0.9 -0.9 -0.9 -0.9 -0.9 -0.9 -0.9 -0.9 -0.9 -0.9 -0.9 -0.9 -0.9 -0.9 -0.9 -0.9 -0.9 -0.9 -0.9
43.5 37.3 33.6 28.3 23.8 17.6 16.4 18 20 23.4 29.3 34 33.9 32.6 33.2 34.1 35.3 36.4 38 39.5 41.3 42.8 43.1 46.9 50.1 52.6 51.5 53.1 53 51.5 46.5 41.2 35.4 30.9 25.3 17 -0.9 -0.9 -0.9 -0.9 -0.9 -0.9 -0.9 -0.9 -0.9 -0.9 -0.9 -0.9 -0.9 -0.9 -0.9 -0.9 -0.9 -0.9 -0.9 -0.9 -0.9 -0.9 -0.9 -0.9 -0.9 -0.9 -0.9 -0.9 -0.9 -0.9 -0.9 -0.9 -0.9 -0.9 -0.9 -0.9 -0.9 -0.9 -0.9 -0.9 -0.9 -0.9 -0.9 -0.9 -0.9 -0.9
41 34.7 30.3 25.7 20.5 18.9 20 21.6 23.2 25.5 32.5 35.8 38.6 38.3 37.5 38.2 39.5 40.5 42.1 43.6 45.4 47.2 47.5 51 51.2 52.7 51 47.7 46.7 42.1 36.1 31.9 24.4 17.8 -0.9 -0.9 -0.9 -0.9 -0.9 -0.9 -0.9 -0.9 -0.9 -0.9 -0.9 -0.9 -0.9 -0.9 -0.9 -0.9 -0.9 -0.9 -0.9 -0.9 -0.9 -0.9 -0.9 -0.9 -0.9 -0.9 -0.9 -0.9 -0.9 -0.9 -0.9 -0.9 -0.9 -0.9 -0.9 -0.9 -0.9 -0.9 -0.9 -0.9 -0.9 -0.9 -0.9 -0.9 -0.9 -0.9 -0.9 -0.9
38.4 32.8 27.3 22.4 20.2 20.8 22.7 24.7 26.5 28.4 35.8 38.5 40.6 41.6 40.9 42.2 43.8 44.8 47.2 49.6 52 51.5 49.9 50.9 49.9 50.3 46.9 43.8 37.3 31.4 26.1 16.8 -0.9 -0.9 -0.9 -0.9 -0.9 -0.9 -0.9 -0.9 -0.9 -0.9 -0.9 -0.9 -0.9 -0.9 -0.9 -0.9 -0.9 -0.9 -0.9 -0.9 -0.9 -0.9 -0.9 -0.9 -0.9 -0.9 -0.9 -0.9 -0.9 -0.9 -0.9 -0.9 -0.9 -0.9 -0.9 -0.9 -0.9 -0.9 -0.9 -0.9 -0.9 -0.9 -0.9 -0.9 -0.9 -0.9 -0.9 -0.9 -0.9 -0.9
35.6 30.9 26.1 22 21.8 23.2 28.4 31.3 30.4 31.8 38.5 40.1 42.7 43.9 44.9 46.2 48.3 50.7 53.5 56.2 57.4 55.7 54.1 52.6 48.3 45.6 41.3 34.2 27.5 22.1 17.8 -0.9 -0.9 -0.9 -0.9 -0.9 -0.9 -0.9 -0.9 -0.9 -0.9 -0.9 -0.9 -0.9 -0.9 -0.9 -0.9 -0.9 -0.9 -0.9 -0.9 -0.9 -0.9 -0.9 -0.9 -0.9 -0.9 -0.9 -0.9 -0.9 -0.9 -0.9 -0.9 -0.9 -0.9 -0.9 -0.9 -0.9 -0.9 -0.9 -0.9 -0.9 -0.9 -0.9 -0.9 -0.9 -0.9 -0.9 -0.9 -0.9 -0.9 -0.9
35 31.2 29.2 27.8 26.6 28.9 35.4 35.1 34.4 34.9 40.2 44.8 47.7 49.7 51.1 53.1 55.1 58 60.9 63.6 61.1 59.9 58.4 55.6 46.3 41.1 35.3 26.6 19 13.8 10.1 -0.9 -0.9 -0.9 -0.9 -0.9 -0.9 -0.9 -0.9 -0.9 -0.9 -0.9 -0.9 -0.9 -0.9 -0.9 -0.9 -0.9 -0.9 -0.9 -0.9 -0.9 -0.9 -0.9 -0.9 -0.9 -0.9 -0.9 -0.9 -0.9 -0.9 -0.9 -0.9 -0.9 -0.9 -0.9 -0.9 -0.9 -0.9 -0.9 -0.9 -0.9 -0.9 -0.9 -0.9 -0.9 -0.9 -0.9 -0.9 -0.9 -0.9 -0.9
34.5 32 30 28.6 29.1 31.6 30.7 38.2 37.8 39.1 44.4 49.3 52 54.7 57.3 59.5 63.8 65.9 68.3 68.1 64.9 63 59.1 53.5 44.8 41.1 31.3 23 14 8.9 3 -0.9 -0.9 -0.9 -0.9 -0.9 -0.9 -0.9 -0.9 -0.9 -0.9 -0.9 -0.9 -0.9 -0.9 -0.9 -0.9 -0.9 -0.9 -0.9 -0.9 -0.9 -0.9 -0.9 -0.9 -0.9 -0.9 -0.9 -0.9 -0.9 -0.9 -0.9 -0.9 -0.9 -0.9 -0.9 -0.9 -0.9 -0.9 -0.9 -0.9 -0.9 -0.9 -0.9 -0.9 -0.9 -0.9 -0.9 -0.9 -0.9 -0.9 -0.9
34.6 32.7 30.6 29.6 34.5 38.6 38.3 39.5 42.3 43.4 48.2 53.4 56.4 58.7 62.4 65.2 71.3 74.7 76.1 72.7 69.4 65.8 59.9 51.2 41.7 35.9 30.1 18.5 10.6 -0.9 -0.9 -0.9 -0.9 -0.9 -0.9 -0.9 -0.9 -0.9 -0.9 -0.9 -0.9 -0.9 -0.9 -0.9 -0.9 -0.9 -0.9 -0.9 -0.9 -0.9 -0.9 -0.9 -0.9 -0.9 -0.9 -0.9 -0.9 -0.9 -0.9 -0.9 -0.9 -0.9 -0.9 -0.9 -0.9 -0.9 -0.9 -0.9 -0.9 -0.9 -0.9 -0.9 -0.9 -0.9 -0.9 -0.9 -0.9 -0.9 -0.9 -0.9 -0.9 -0.9
35.3 33.6 31.2 29 31.9 37.8 39.7 40.4 44.4 47.4 51.8 57.1 60.6 62.5 66.6 70.8 74.6 77.3 80.7 77.7 71.6 65.4 58.7 49.7 38.8 32.8 22.9 12.4 6.6 -0.9 -0.9 -0.9 -0.9 -0.9 -0.9 -0.9 -0.9 -0.9 -0.9 -0.9 -0.9 -0.9 -0.9 -0.9 -0.9 -0.9 -0.9 -0.9 -0.9 -0.9 -0.9 -0.9 -0.9 -0.9 -0.9 -0.9 -0.9 -0.9 -0.9 -0.9 -0.9 -0.9 -0.9 -0.9 -0.9 -0.9 -0.9 -0.9 -0.9 -0.9 -0.9 -0.9 -0.9 -0.9 -0.9 -0.9 -0.9 -0.9 -0.9 -0.9 -0.9 -0.9
35.9 34.1 31.3 28.9 31.3 37.1 40.3 41.7 45.2 51.2 55.2 59.1 62.4 66.1 67.2 69.1 73.6 77.4 79.8 77.5 69.2 63.5 54.7 44.9 35.4 27 15.4 6.2 -0.9 -0.9 -0.9 -0.9 -0.9 -0.9 -0.9 -0.9 -0.9 -0.9 -0.9 -0.9 -0.9 -0.9 -0.9 -0.9 -0.9 -0.9 -0.9 -0.9 -0.9 -0.9 -0.9 -0.9 -0.9 -0.9 -0.9 -0.9 -0.9 -0.9 -0.9 -0.9 -0.9 -0.9 -0.9 -0.9 -0.9 -0.9 -0.9 -0.9 -0.9 -0.9 -0.9 -0.9 -0.9 -0.9 -0.9 -0.9 -0.9 -0.9 -0.9 -0.9 -0.9 -0.9
35.7 34.1 31.4 28.7 31.7 37.5 40.6 39.9 44.2 52 55.3 58.9 61.9 63.5 64.9 67.2 71.2 76.9 77 72.9 64.1 55.4 45.2 37.2 31.1 19.2 9.9 -0.9 -0.9 -0.9 -0.9 -0.9 1.9 -0.9 -0.9 -0.9 -0.9 7.2 5.4 6.3 7.7 14.8 15 13 10.3 5 0.9 -0.9 -0.9 -0.9 -0.9 -0.9 -0.9 -0.9 -0.9 -0.9 -0.9 -0.9 -0.9 -0.9 -0.9 -0.9 -0.9 -0.9 -0.9 -0.9 -0.9 -0.9 -0.9 -0.9 -0.9 -0.9 -0.9 -0.9 -0.9 -0.9 -0.9 -0.9 -0.9 -0.9 -0.9 -0.9
33.8 32.6 30.2 27.3 32.1 37.8 38 37.3 44 51 53.9 55.8 57 59.6 62.5 65.1 66.8 68.5 69.4 65.5 58.6 48.9 40 30.3 23.5 17.2 7.1 -0.9 -0.9 -0.9 -0.9 -0.9 -0.9 -0.9 6.3 4.6 7.4 10.7 12 14.9 18 26 26.2 24.7 24.2 19.7 17.3 14.1 0 -0.9 -0.9 -0.9 -0.9 -0.9 -0.9 -0.9 -0.9 -0.9 -0.9 -0.9 -0.9 -0.9 -0.9 -0.9 -0.9 -0.9 -0.9 -0.9 -0.9 -0.9 -0.9 -0.9 -0.9 -0.9 -0.9 -0.9 -0.9 -0.9 -0.9 -0.9 -0.9 -0.9
31.9 30.8 27.3 26.2 31.9 33.7 31.4 34.7 40 43.3 46.3 48.6 51.9 53.4 55.6 56 57.7 55 56.1 53.6 47.2 39.1 31.5 23.5 18.1 11.9 -0.9 -0.9 -0.9 -0.9 -0.9 -0.9 -0.9 -0.9 10.9 11.2 15.7 17.8 22.6 25.6 31 37.2 37.3 37.5 38.8 34 30.5 25.4 17.1 9.8 -0.9 -0.9 -0.9 -0.9 -0.9 -0.9 -0.9 -0.9 -0.9 -0.9 -0.9 -0.9 -0.9 -0.9 -0.9 -0.9 -0.9 -0.9 -0.9 -0.9 -0.9 -0.9 -0.9 -0.9 -0.9 -0.9 -0.9 -0.9 -0.9 -0.9 -0.9 -0.9
29.9 28.2 24 22.4 25.5 24.8 24 27.9 31 33.5 36.2 40.2 43.4 43.8 43.3 40.9 39.2 38.2 39.2 36 31 26.5 21.4 13.2 -0.9 -0.9 -0.9 -0.9 -0.9 -0.9 -0.9 -0.9 -0.9 7.7 12.5 16.6 21.7 28.2 34.3 38.4 46.3 50.7 53.2 51 50.7 47.6 41 33.5 31.1 19.7 -0.9 -0.9 -0.9 -0.9 -0.9 -0.9 -0.9 -0.9 -0.9 -0.9 -0.9 -0.9 -0.9 -0.9 -0.9 -0.9 -0.9 -0.9 -0.9 -0.9 -0.9 -0.9 -0.9 -0.9 -0.9 -0.9 -0.9 -0.9 -0.9 -0.9 -0.9 -0.9
25.8 23.5 22.3 20.9 20.2 20 20 22.4 22.6 24.1 27.7 28.9 29.1 28.7 27.2 26.4 24.2 23.2 22 19.3 17 12.9 9.7 -0.9 -0.9 -0.9 -0.9 -0.9 -0.9 -0.9 -0.9 -0.9 -0.9 11 16.4 23.1 30.8 38.3 46.1 56 64.4 68.6 70.3 65.1 64.5 60.7 53.9 43.7 39.7 24.5 -0.9 -0.9 -0.9 -0.9 -0.9 -0.9 -0.9 -0.9 -0.9 -0.9 -0.9 -0.9 -0.9 -0.9 -0.9 -0.9 -0.9 -0.9 -0.9 -0.9 -0.9 -0.9 -0.9 -0.9 -0.9 -0.9 -0.9 -0.9 -0.9 -0.9 -0.9 -0.9
24.1 22.5 21.3 19.5 19 19.2 19.2 18.7 19.2 20.2 20 20.3 18.1 19.2 16.6 12.9 10.8 10.8 9 -0.9 -0.9 -0.9 -0.9 -0.9 -0.9 -0.9 -0.9 -0.9 -0.9 -0.9 -0.9 -0.9 9.4 16 22.4 29.3 38.8 47.7 58.6 69.5 80.8 85 84.5 84.7 81.2 71.7 61.7 51.6 43 28.4 11.2 -0.9 -0.9 -0.9 -0.9 -0.9 -0.9 -0.9 -0.9 -0.9 -0.9 -0.9 -0.9 -0.9 -0.9 -0.9 -0.9 -0.9 -0.9 -0.9 -0.9 -0.9 -0.9 -0.9 -0.9 -0.9 -0.9 -0.9 -0.9 -0.9 -0.9 -0.9
24 22.9 21.6 23.1 22 21.8 21.9 19.4 16.8 17.7 17 15.4 12.4 11.1 9.7 4.9 4.7 2.8 2.4 -0.9 3.9 -0.9 -0.9 -0.9 -0.9 -0.9 -0.9 -0.9 -0.9 -0.9 4.8 9.7 14.6 21.4 28.9 37.9 48.1 61.3 73.5 84 92 95.5 97.2 97 89.3 80.7 65.7 58.9 48.2 31.9 13.9 -0.9 -0.9 -0.9 -0.9 -0.9 -0.9 -0.9 -0.9 -0.9 -0.9 -0.9 -0.9 -0.9 -0.9 -0.9 -0.9 -0.9 -0.9 -0.9 -0.9 -0.9 -0.9 -0.9 -0.9 -0.9 -0.9 -0.9 -0.9 -0.9 -0.9 -0.9
24.2 23.5 22.7 26.6 28.8 26.5 27.2 21.9 17.9 15.3 12.4 10.9 8.9 7.9 6.2 6.6 8.4 7.5 7.7 9 9 11.1 8.1 5.4 -0.9 -0.9 -0.9 -0.9 -0.9 6.8 9.5 14.5 20.7 27.1 37 47.7 60.8 75.3 85.2 94.6 99.6 104.4 106 101.7 95.1 83.9 71.1 64.4 48.7 33.9 15.5 7 -0.9 -0.9 -0.9 -0.9 -0.9 -0.9 -0.9 -0.9 -0.9 -0.9 -0.9 -0.9 -0.9 -0.9 -0.9 -0.9 -0.9 -0.9 -0.9 -0.9 -0.9 -0.9 -0.9 -0.9 -0.9 -0.9 -0.9 -0.9 -0.9 -0.9
24.1 24.3 27.7 30.4 30.4 29 27.2 23.9 19.5 16.4 12.1 9.2 8 6.9 7.7 9.8 11 10.4 11.7 13.7 16.7 16 12.7 11 8.6 5.1 -0.9 4.7 7 12.2 15 20.4 27 35.9 46.4 59.2 73.5 84.9 95 101.7 106.5 106.7 104.4 99.3 91.6 83.3 74.4 62.8 48 33.2 17.1 10.7 -0.9 -0.9 -0.9 -0.9 -0.9 -0.9 -0.9 -0.9 -0.9 -0.9 -0.9 -0.9 -0.9 -0.9 -0.9 -0.9 -0.9 -0.9 -0.9 -0.9 -0.9 -0.9 -0.9 -0.9 -0.9 -0.9 -0.9 -0.9 -0.9 -0.9
25.5 28.1 32.1 34.3 30.8 27.5 25.5 24.1 21.3 16.9 12.6 9.2 8.3 9.5 11.5 13.4 15.3 16.4 19 20.6 24.6 21.9 19.6 17.6 13.5 9.8 7.2 8.2 12.3 17.2 22.1 25.4 35.4 45.3 57.4 70.8 83 94.9 102.9 107.6 109 106.4 102.1 95.5 87.4 79.2 69.7 58.3 44.7 29.1 18.3 11.7 -0.9 -0.9 -0.9 -0.9 -0.9 -0.9 -0.9 -0.9 -0.9 -0.9 -0.9 -0.9 -0.9 -0.9 -0.9 -0.9 -0.9 -0.9 -0.9 -0.9 -0.9 -0.9 -0.9 -0.9 -0.9 -0.9 -0.9 -0.9 -0.9 -0.9
30.1 31.7 35.7 33.5 29.8 26 24.1 22.4 19.5 16.2 12.5 11 13 14.7 20.2 22.1 23.6 26 29.2 31.8 31.6 30.4 29.1 27.2 23.5 18.8 15.7 13.8 17.6 22.3 27.6 34.1 43.8 56.1 70 83.9 95.3 103.4 109.6 112.9 109.8 104.7 99.2 90.2 81.7 73.6 63.8 52.1 38.5 27.4 18.1 6.9 -0.9 -0.9 10.2 9.3 8 -0.9 -0.9 -0.9 -0.9 -0.9 -0.9 -0.9 -0.9 -0.9 -0.9 -0.9 -0.9 -0.9 -0.9 -0.9 -0.9 -0.9 -0.9 -0.9 -0.9 -0.9 -0.9 -0.9 -0.9 -0.9
32.8 35.3 36.1 32.5 28.8 24.6 22.1 20.5 18 14.7 13.1 15.2 17.4 20.4 28.6 31.2 33.3 37.1 41.1 42.1 41.5 43.3 41 37.3 33.5 28.7 24.3 23.4 26.2 28.2 33.6 42.9 54.3 67.1 81.3 94.4 104.9 110.3 114 113.7 108.8 103.4 94.5 84.9 76 67.3 57.2 46.2 35.7 26.4 17.1 9.4 3 0.8 13.4 18.3 11.5 -0.9 -0.9 -0.9 -0.9 -0.9 -0.9 -0.9 -0.9 -0.9 -0.9 -0.9 -0.9 -0.9 -0.9 -0.9 -0.9 -0.9 -0.9 -0.9 -0.9 -0.9 -0.9 -0.9 -0.9 -0.9
34.2 36.7 34.1 31.5 27.4 22.7 20.2 18.5 16.4 14.9 18.1 21.4 23.5 30.2 36.5 41.4 47.5 52.6 55.3 59 59.2 54.5 49.7 45.9 41 35.6 32.4 36 37.5 38.1 42.8 54.1 65.4 77.7 92.2 102.9 111.4 115.8 117.5 114.3 109 99.9 89.7 79.5 70.4 60.8 50.2 40.3 32.3 23.5 14.7 10.1 6.3 8.4 17.1 20.6 11 -0.9 -0.9 -0.9 -0.9 -0.9 -0.9 -0.9 -0.9 -0.9 -0.9 -0.9 -0.9 -0.9 -0.9 -0.9 -0.9 -0.9 -0.9 -0.9 -0.9 -0.9 -0.9 -0.9 -0.9 -0.9
35.7 34.6 32 29.1 24.7 20.2 18.7 17 17.4 21 24.3 28.5 33.9 43.4 51.4 61.2 65.6 69.9 71.8 77.8 70.9 63.3 58.7 55.9 51.1 45.8 44.3 47 50 51 53.7 64.7 76.3 87.3 98.2 108.9 115 117.7 116.2 112.9 107.6 96.3 85 74.8 64.8 54.2 43.9 34.5 26.5 18.6 11.6 9.3 9.2 14 18.9 20.7 16.8 -0.9 -0.9 -0.9 -0.9 -0.9 -0.9 -0.9 -0.9 -0.9 -0.9 -0.9 -0.9 -0.9 -0.9 -0.9 -0.9 -0.9 -0.9 -0.9 -0.9 -0.9 -0.9 -0.9 -0.9 -0.9
32.8 32.1 29.7 25.6 21.2 19.3 17.8 18.2 21.9 27 32.4 38.9 49.2 60 69.9 80.7 85.8 87.8 91 87.5 79.5 71.6 66.9 64.4 59.6 49.6 57.3 62.4 63.2 60.8 64.3 72.1 82.6 93.3 103.9 112.9 116.8 118.3 114 111 104.5 93.5 83.6 73.9 62.7 51.5 40 30.8 22.6 17.4 13.3 12.6 14.5 20.7 22.8 24.6 24.2 -0.9 -0.9 -0.9 -0.9 -0.9 -0.9 -0.9 -0.9 -0.9 -0.9 -0.9 -0.9 -0.9 -0.9 -0.9 -0.9 -0.9 -0.9 -0.9 -0.9 -0.9 -0.9 -0.9 -0.9 -0.9
31.3 29.9 26.6 22.1 19.7 18.4 18.7 21.4 25.9 30.5 39.8 50.1 61.3 72.7 87.5 96.9 101.7 102.7 102.9 94.8 86.8 79.4 73.5 71.8 66.2 58.7 66.5 71.8 72.9 70.1 70.6 79 88.8 99.3 110 114.6 118.1 117.1 113.4 109.2 102.8 93.2 82.8 72.6 60 47.9 39 30.4 22 19.8 18.5 17.1 21.5 24.8 27.9 30.2 30.2 -0.9 -0.9 -0.9 -0.9 -0.9 -0.9 -0.9 -0.9 -0.9 -0.9 -0.9 -0.9 -0.9 -0.9 -0.9 -0.9 -0.9 -0.9 -0.9 -0.9 -0.9 -0.9 -0.9 -0.9 -0.9
30.1 28.3 24.9 21.9 19.5 19.9 21.7 24.5 29.7 37.9 49.1 61.5 73.3 87.3 100.6 110.9 112.5 114.4 112.3 103.3 94.4 87 79.4 75.6 71.9 68.5 74 79.8 78.8 77 77.3 84.2 94.2 104.1 112 115.8 117.6 114.9 111.2 106.8 100.2 92.7 82.1 70.4 58.2 46.7 38.3 29.8 23.6 22.5 22.6 22.3 22.6 27.7 31.1 34.7 37.2 -0.9 -0.9 -0.9 -0.9 -0.9 -0.9 -0.9 -0.9 -0.9 -0.9 -0.9 -0.9 -0.9 -0.9 -0.9 -0.9 -0.9 -0.9 -0.9 -0.9 -0.9 -0.9 -0.9 -0.9 -0.9
28 26.6 24.6 21.4 21.2 23.3 25.1 29 36.7 46.3 58.4 70.9 84.9 100 112 121.1 120.8 122.3 120.2 111.9 102.5 92.2 82.5 79.3 76.4 77.6 80.5 85.8 84.3 81.8 81.5 89.5 99.4 107.8 112.8 116.7 115.3 111.6 107.8 103.6 98.4 91.1 81.1 69.1 57.1 46 37.7 30.7 25.3 25.4 26.4 26.3 25.5 29.1 33.8 41.2 48.2 27.1 -0.9 -0.9 -0.9 -0.9 -0.9 -0.9 -0.9 -0.9 -0.9 -0.9 -0.9 -0.9 -0.9 -0.9 -0.9 -0.9 -0.9 -0.9 -0.9 -0.9 -0.9 -0.9 -0.9 -0.9
26.5 24.3 22.5 21.3 22.6 25.3 28 34.2 41.4 51.5 64.7 79 95.3 108 120.4 128.2 128.8 128.7 125.8 114.5 105.5 93.3 86.1 82.1 79.3 82.3 87.5 90.8 88.3 86.3 88.2 95.1 101.1 107.4 112.3 114.7 111.2 107.7 103.8 100 95.4 88.9 79.7 67.8 55.8 44.8 35.6 28.7 26.7 27.1 26.2 25.9 27.4 28.5 33.8 42.6 51.6 53.9 22.6 0 -0.9 -0.9 -0.9 -0.9 -0.9 -0.9 -0.9 -0.9 -0.9 -0.9 -0.9 -0.9 -0.9 -0.9 -0.9 -0.9 -0.9 -0.9 -0.9 -0.9 -0.9 -0.9
