data/430000-1150000.asc
ncols 200
nrows 200
xllcorner 430000
yllcorner 1150000
cellsize 50
[rows 114 to 151 of 200, columns 84 to 167 of 200]
29.6 30.2 31.1 37 46.7 55.3 62.6 69.9 77.5 77.2 74 67.6 61 53.3 50.2 50.3 50.1 51.7 56.9 62 66 69.8 74.2 78.5 82.5 83.9 85.8 87.7 88.9 90 89.3 89.6 90.7 98.1 102.4 104.6 105.8 103.7 100.9 94.7 87.8 81.7 76.6 71.4 65.9 68.5 71.3 75.2 79.3 82.1 86.9 91.7 96.9 101.6 105.4 108.5 109.8 108.7 105.9 104.8 108.4 115.2 121.8 127.6 132.9 138.1 142 142.7 142.3 142.1 144 145.7 147 148.3 150.4 153.2 155.8 160.6 166.3 172.5 179 184 189.2 192.8
31.3 32.2 35.5 41.6 49.3 57.7 63.2 68.2 75.3 74.6 69.4 63.6 57.1 50 48.3 48.7 48.4 49.6 55.2 61 66 69.4 74.2 78.8 81.8 84.9 86.7 87.8 88.7 89.6 89.1 89 89 92 98.8 101 101.8 102.1 101.1 96 88.9 80.6 76.5 72.6 66.7 69.7 72.3 76.1 79.7 81.5 87.5 92.2 97.2 102.7 107.3 109.8 112.6 113.3 110.7 109.4 113.7 119.1 125.4 132.3 137.1 142.2 145.9 147.2 146.3 143.5 145.8 146.8 148.6 150.4 152.9 157 158.8 162.1 167.5 174.7 180.6 186 190.9 194.5
32.1 32.9 39.5 46.4 53.4 60.6 65.9 70 74.7 71.1 65.7 60 53.4 48.2 47.2 47.2 47.1 48.7 53.2 59.5 64.8 68.7 73.1 79.1 82.9 86.5 87.6 87.7 89.4 89.6 89.9 89 89 89 94.9 100.1 101.2 101.2 101.1 96.5 89.5 80.6 76.9 73.1 66.5 71.1 73 76.9 81.1 82.5 87.5 91.3 96 101.8 108.1 113.1 115.9 117.4 114 113.8 118.1 123.9 129.1 136.1 141.7 146.5 149.6 150.2 146.8 143.7 146.5 150.3 150.2 152.9 156.1 160 162.5 166.1 170.9 176.7 182.7 188.9 192.6 197.1
34.8 36.3 43.5 50.1 56.9 64.2 69.2 74.9 75 70.7 64.2 58.1 50.2 47 46.1 46.1 47 47.3 49.7 56.3 62.6 67.8 74.1 80.2 84.1 87.9 89.1 90.5 91.5 91.8 90.4 89.1 89 89 92 99.2 100.9 101 100.3 95.9 89.6 82.3 75.8 72.3 67.8 71.9 73.9 78.1 82.4 86 88.7 91.2 95.5 101.1 107.9 114.6 119.8 120.7 118.4 118.4 121.6 127.5 133.2 139.4 146.1 151 154 153.6 148.9 144.2 147.2 151 154.2 156.7 158.3 161.5 167.7 171.6 174.9 180.8 186.4 190.4 194.1 198
36.9 41.6 48.9 54.9 61.1 68.7 75 80.5 77.6 71.3 63.7 56.4 49.9 45.3 45 45.1 45.4 46.4 49.5 53.8 59.8 67.9 73.8 79.3 86 90.2 92.2 92.9 95 95.7 93.6 90 89 89 89.3 96.8 100.1 101 99.4 95 90.4 84.3 76.8 74 72.7 76.1 75.3 79.5 83.7 88.2 91.5 95.3 97.8 101.1 107.1 113.3 118.7 121 121 121 125 131.1 137 143.5 150.3 154.8 158.4 158.3 154.3 146.6 149 152.3 156.7 160.4 161.5 164.7 169.4 173 177.3 182.1 190.4 191.6 194.5 197.1
41 48.4 55.9 61.3 66.2 74.5 80.2 83 76.5 69.7 63.2 56.1 50.1 44.7 44 42.5 44.2 46.5 49.2 50.8 58.3 67.9 73.4 78.3 85.4 94.2 100.1 98 99.1 99.8 97.8 91.5 89 89 89 91.8 96.7 98.8 99 95.7 91.4 86.1 79.6 75.9 73.3 76.8 77.4 80.9 85.3 88.8 93.2 98.2 100.4 103.5 108.8 111.8 116.8 119.9 122.3 124.5 128.8 134.5 140.1 147.7 154.9 160.5 161.3 161.3 156.6 148.8 150.7 153.6 158.1 160.8 162.4 165.6 169.7 174.3 178.9 184.6 190.4 193.4 195.4 197.9
45.8 54.2 60.4 66 71.6 80.7 88 83.5 76.4 69.2 62.2 55.4 49.8 44.5 43 41.9 42.6 43.4 45 47.8 56.1 64.4 70.4 77 83.9 93.1 101 100.6 102.5 102.6 100.7 97.3 90.1 89 89 89.3 93.1 99.1 99.9 96.8 93.3 88.6 81.8 75.7 75.1 76.9 77.9 81.9 86 89.6 94.1 99.3 103.4 106.8 111 112.7 115.5 119.9 121.7 124.9 129.7 135.9 141.6 149.2 157.6 161.3 162.3 159 155.9 151 152.2 154.9 158.8 161.6 163.9 166.8 171.5 176.3 181.1 186.4 191.7 195.1 197.2 199.1
50.3 57.8 62.2 70.1 78.5 87.2 91.7 84 76 68 61 54.8 49.3 43.8 41.4 40.5 41.3 42 43.6 47.3 53.5 60.8 67.4 73.7 80.2 91.8 100 103.9 106.6 107.5 104.5 100.9 95.8 91.8 89 89 92.9 99 101.6 99.5 96.1 90.8 84.7 79.3 72.2 75.8 78 81.9 86.3 91 95.8 99.9 103.8 107.6 111 112.8 115.3 118.8 121.4 125.9 129.6 136.2 142.8 150.5 158.9 162.3 162.3 159.1 155.4 152.5 154.4 156.5 159.5 161.2 164.2 167.9 172.5 178.9 184.2 189.3 194.6 197.9 199.4 201.7
54.5 60.5 67.7 75.6 82.2 90.1 90.2 83.3 74.6 66.1 60.2 54.5 48.9 43.5 40.7 39.4 40.2 41.1 43 47.5 53 58.4 64.4 70.3 78.5 88.8 98.2 106.2 110.3 110.1 108.7 104.2 100.6 96.2 90.9 89 91.7 97.7 103.3 100.3 98.1 93.5 87.6 79.6 78.5 75.6 78.8 82.9 88.9 92 96.1 100.3 103.5 106.5 109.6 112 113.9 116.8 119.6 125.6 130.8 136.6 143.4 152.6 160.3 163.4 162.3 159.5 156.7 154 156.2 158.9 160.7 161.9 165.2 169.2 175.1 182.5 186.8 192.1 197.1 201.2 204.2 207
57.3 63.8 70.1 75.8 83.2 89.6 86.8 80.3 73.8 66.8 59.9 54.8 49.8 44.7 40.5 39.5 40 40.8 42.5 44.6 48.9 54.3 60.1 66.9 74.7 84 93.4 102.7 109.8 113.6 110.5 108.3 104 99.7 93.4 90.4 91.8 96.9 99.1 99.5 97.5 93 89.8 82.1 81.8 81 77.8 82.5 87.9 91.3 95.1 98.6 101.2 104 107 109.1 110.9 113.2 117.4 124.4 130.7 137.2 144.9 154.2 161.5 164.9 165.7 162.3 159.5 155.4 157.6 161 160.2 162.3 165.2 170.5 178.8 185.6 190.2 194.5 199.1 204.2 210 213.9
59 65.4 71.2 76.9 84.3 87.1 83.4 78.1 71.6 65.2 59.3 54.7 50.1 45.5 40.9 40.4 40.4 40.5 41.8 43.7 46.1 49.3 54.9 61.6 70.5 78.7 88.3 97.9 107.6 113.2 110.6 108 103.4 98.6 95.5 90.9 90.5 94.2 97.7 99.5 98.1 94.5 91.4 88.6 87.4 85.1 83.8 81.4 85.4 89.5 93.3 96.8 99.5 102.1 104.1 105.6 107.7 110.2 116.6 123.7 131 137.9 145.6 155.1 161.9 165.9 169.4 166.4 161.3 156.8 158.6 160.2 160.8 162.6 165.2 171.9 181.1 185.3 191.2 196.4 201.6 209.2 215.9 221.6
59 64.8 71.3 77.2 82 83.4 80.6 74.9 69.2 62.9 56.8 52 47.4 42.7 40.4 40 40.1 40.3 41.3 41.3 42.9 45 48.7 54.5 64.3 70.5 81.7 92.5 102.2 109.5 108.3 104.5 100.8 97.2 94.6 91.6 90.9 91.7 95.6 99.2 99.5 97.7 94.9 94.3 93.4 91.4 88.7 87 85.3 87.6 92 94.6 97.7 100.4 100.8 103.1 105.5 109.9 116 123.1 130.5 138.7 147 155.1 163.1 168.8 170.3 168.2 162.7 158 159.2 160.2 160.2 161.3 163.7 168 176 181.5 190.2 196.4 205 213.4 222.5 228.9
59.4 63.9 68.5 72.9 76.7 76.7 76.3 70.5 65.3 59.7 54.1 48.6 44.3 40.3 40 39.5 39.4 40.4 41.4 42.3 44.7 48 52 57 62.4 62.8 73 85.6 94.2 102.6 101.8 98.1 96.6 93.1 91.5 90.5 90.2 90.1 93.5 97.6 100.3 99.8 98.9 97.9 99 97.9 93.8 91.3 89.6 88.3 90.6 92.9 95.9 98.9 100.6 101.4 105.5 109.9 115.5 122.6 130 139 148.3 156.8 163.3 170.2 170.8 168.8 162.7 159.1 159.5 160.1 160.1 160.2 162.2 166.4 170.6 179 187.8 197.1 207.4 217.7 227.8 231.9
57.7 61.5 64.4 67 69.5 68.6 67.9 65.4 60.4 55 50.4 46.2 42 39.5 39.4 39.3 38.8 39.8 41.1 42.4 44.6 48.7 52.5 57.2 62.6 67.2 68.3 72.1 80.2 87.9 93.1 92.2 89.9 89.9 89.1 89 89 89.1 91.8 96.8 100.9 100.8 99.4 100 100.8 101.8 99.4 96.3 94.4 92.8 89.9 91.2 94.4 97 98.9 100.1 104.2 108.5 115.4 122.4 127.6 136.4 148.2 159.2 165.8 169.7 170.4 169.1 163.9 159.3 160 160.1 160.1 160.2 161.1 164.6 170.2 178.8 188 198.4 209.8 221 230.8 236
52.3 54 56.6 58.9 60.7 59.7 59.6 58.4 54.3 50.7 45.9 43.8 40.6 39.4 38.2 38.3 38.7 38.6 39.6 41 43.2 46.2 50.9 57.9 64.6 69.9 79.8 83.2 79.5 74.6 80.6 84 84.4 85.9 86.6 87.4 87.5 88.2 90.9 95.7 100 101 102 103.2 103.8 104.7 102.8 100.4 98.7 97.1 94.4 92.2 91.3 93.4 96.5 98.8 102.9 108.2 115.5 122.7 126.4 134.4 145.2 158.7 164.6 170.4 170.3 167.9 162.6 157.8 159.2 160.7 160.4 160.2 161 165 169.9 178.1 186.9 197.7 210.4 221.5 230 235.9
45.7 48 48.8 50.6 51 50.4 49.8 49.2 47.2 44.6 42.3 40.6 39.1 38.4 37.2 37.3 37.9 38.4 38.4 39.6 42.6 46.3 53 60.2 66.6 73.6 84.4 89.8 90.4 93.5 89.3 84.6 82.3 81.8 83.5 85.3 85.7 87.3 91.1 95.5 98.9 100.7 102.7 104.8 106.3 107.7 105.9 104.2 103.4 101.7 99.8 97.3 95.6 96.2 96.5 97.4 101.9 105.9 113.3 121.8 125.5 133.5 143 153.6 161.1 167.3 168.6 165.4 160.3 156.4 158.8 160.3 161.3 161 162.9 166.8 171.8 177.5 186.9 197.8 210.8 222.2 230.4 235.6
35.9 38.3 39.7 41.4 41 41 41.5 41 39.6 38.5 38.7 38.2 36.8 36.6 36.2 36.1 36.9 39.2 39.5 39.4 41.8 50 57.7 65 72.1 79 86.8 90.6 94.6 98.2 97.2 92.5 90.3 85.6 84.9 85.3 85.4 86.8 91.4 95.7 100.1 101.3 103.4 105.6 107.6 109.7 109.2 108.5 108 106.5 104.4 101.7 99.9 100.2 100.4 100.3 100.8 102.3 109.2 117.2 124.7 131.8 138.1 147.4 154.8 160.5 163 161.2 157.9 155 158 159.9 161.2 162.5 164.5 168.2 174.1 180.1 187.7 197.1 210.6 221.8 228.3 233.7
28.4 29.5 29.9 31.9 32.4 32.8 33.5 33.2 33.7 34.5 34.7 34.9 34.5 35 35.7 36.3 37.2 38.8 39.1 39.1 42.5 51.2 61.4 69.8 76 82.6 87 92 98.9 103 104.1 100.1 94.8 89.3 87.5 86.5 86.7 86.9 88.9 93.5 99.8 101.6 104.7 106.8 108.7 111.3 111.4 111.5 110.9 110.2 108.9 106.3 103.9 104.1 104 104.1 106 108 109.9 112.7 120.1 126.4 132.7 139.8 146.5 152.6 154.6 155 154.8 152.6 156.4 159.5 160.7 164.5 167.5 169.4 174 182.5 187.9 196.6 209.7 218.9 224.3 231
22.7 21.9 23.5 24 25.7 27.1 28.6 29.9 31.1 32 33 33.3 34.6 35.7 36.1 36.7 37.5 38.1 38.4 38.8 44 50.1 61.6 70.5 78.1 85.6 91.2 98.2 103.5 107.3 108.4 104.6 98.3 92.3 88.8 87.6 87.7 87.8 88.4 91.1 97.6 101.6 104.5 107.7 110.3 111.7 112.6 112.8 113.2 113 112 110.3 108.1 107.6 107.5 108.7 111 114.1 116.5 117.2 119.4 123.8 126.1 132.2 138.7 144.5 148.4 149.4 149.4 149.9 154.9 159.8 160 164.6 169.3 169.9 172.1 179.1 186.2 194.8 206.5 214.7 219.2 224.4
17.7 20 26.1 27.4 27.7 29 31 32.2 32.5 33.5 34.4 33.7 35.9 36.4 36.8 37.2 37.7 37.9 38.4 38.9 42.8 51 62.9 71.1 80.5 89.9 99.6 106.9 111.5 113 113.5 108.7 102.5 96.5 91.8 88.8 88.5 88.7 89.3 90.8 95.5 101 104.4 107.5 110.5 112.2 113.1 114.3 114.9 115.2 113.8 112.7 111.6 110.5 110.5 111.6 112.2 116.9 121.1 122.6 125.6 128.6 131.2 135.2 140.3 140.9 142.7 143.8 146.5 149.5 155.2 160.2 160.9 161.6 168.2 170.3 171.6 176.6 182.9 190.4 198.9 207.4 211.9 216.1
18.3 21.8 25.8 28.7 30.5 30.8 33.3 34.1 35.7 35.1 35.6 36.5 37.2 37.3 37.5 38.4 39.1 38.9 39 40.1 44.3 52.1 63.9 74.6 84.8 95.3 105 113.6 118.1 119.2 119.9 113 106.9 100.9 95.9 91.5 90.1 89.3 90.1 92 95.9 100.4 103.3 106.8 109.9 112.4 113.8 115.3 116.7 117.3 116.1 115 114.4 113.4 112.3 110.7 114.1 118.7 122 125.4 128.5 131.5 138 143.2 146.6 147 146.5 147.6 148.7 151.2 154.8 159.1 161.1 163.3 165.5 168.8 171.3 175.3 180.1 187.7 194.4 198.9 203.6 207.9
18.2 20.6 24.1 27.8 30.7 31.7 33.7 35.4 36.6 36.4 35.8 36.7 38.1 37.8 38.6 40 39.8 39.6 39.5 40.8 46 53.9 65.3 77.4 88.2 99.8 110.7 118.9 123.5 127.3 125.5 117.3 111.3 105.3 99.9 95.3 92.3 90.2 89.2 90.8 95 98.2 100.9 105 109.4 112 114.5 116.2 117.7 119.1 118.5 117.1 116.6 116.1 115.1 114.2 116.4 119.9 122.5 127.6 130.6 136 142.6 150 151.9 151.4 151.4 150.4 149.6 151.6 155.7 159.6 163.5 166.4 168.1 168.9 170.2 175 180.2 186.1 190.2 193.7 198 204.4
18.5 19 21.8 26.5 30.9 30.8 36.1 36.1 37.8 38 38.8 39.5 39 38.7 40.3 40.3 41.4 41.6 42.1 43.9 47.7 55.6 67.5 79.8 91 101.8 115.2 121.8 126.3 130.7 130 121.7 114.9 108.6 103.1 98.3 94.6 92.8 91 89.6 91.6 94.8 97.8 102.4 110.2 111.8 114.4 116.6 118.2 120 120.7 119.5 118.7 118.5 118.9 118 119.8 120.7 124.7 129.6 134.1 141.1 148.6 153.8 156.8 156.6 153 150.7 150.4 154.2 157.4 160.2 165.1 169 170.6 171.6 174.1 178.7 183.1 186.6 189.7 191.4 195.1 200.3
17.6 18.6 20.8 25.4 30.1 33.6 36.7 37.6 37.7 39.3 39.4 39.8 40.5 39.6 41.7 44.5 46.4 45.9 45.4 46.4 50.7 58.6 69.9 82.2 91.2 102.7 114.7 124.4 130.4 136.3 134.8 128.8 121.1 112.6 106.2 101.3 97.6 95.6 93.6 91.6 93 95.7 98.6 101.4 107.2 111.3 114 116.8 118.6 120.2 120.9 121.2 119.5 120 119.6 120.7 121.8 124.9 128.6 132.2 139.5 147.3 153.6 158.5 160.9 161.3 157 152.2 152.7 156.4 159.7 160 165.1 171.4 176.6 179.6 181.4 183.8 186.9 189.9 191.5 191.7 193.7 199.2
15.7 17.8 20.3 24.1 29.6 34.8 38.8 40.4 41.1 39.8 41.1 40.6 41.2 41.4 44.4 47.9 50.9 49.3 48.3 49 53.8 60.9 72.5 82.3 92 107.6 118.6 126.7 135 140.1 140.8 134.1 125.3 117.1 108.9 103.2 100 97.8 95.6 94.4 95.3 97 99.3 102.4 107.8 110.9 114 116.5 119 121.1 121.5 123.3 124.4 124.7 125 125.3 126.9 129.9 132.5 137 144.5 153.5 159.9 163.5 165.6 164.6 160.3 156.5 155.5 158.6 161 161 166.2 173.1 179.2 182.4 185.3 189 193 195.6 196.7 196.5 196.9 200.9
17.6 17.7 20.3 23.9 27.9 34.4 40.4 40.7 40.9 41.3 40.9 42.8 44.4 44.1 46.7 50 53.4 55.1 53.2 52.4 56.4 62.6 74.6 84.4 93.9 110.2 122.7 130.4 137.4 141.8 143.4 138.6 129.4 119.9 112.1 106.6 102.3 99.7 97.8 97.3 97.4 98.7 99.3 102.9 107.7 111.1 113.7 116.2 118.7 121.5 123.4 125.5 127.9 129.7 129.8 129.8 131.3 136.2 139.1 143 152.7 161 167.7 170.7 172.4 169.1 164.1 158.9 158.9 160.7 163.7 165.2 168 173.7 181.9 188.2 191.7 195.2 198.9 199.9 201 201.2 202.8 208.3
19.5 19 19.3 22.6 26.6 31.3 40.8 41.6 42.4 43.1 44.2 46.3 46.2 45.9 48.4 51.9 56.6 60.9 59.6 57.2 58.4 65.6 76.6 84.9 95.1 108.5 121.7 132 141.1 146.6 146.3 140.8 132.9 123.3 116.2 109.6 105 101.9 100.4 99.6 99.2 98.9 99.8 103.2 107.3 110.8 113.3 115.9 118.5 121.7 124.7 127.6 129.8 132.1 133.3 135.3 136.5 141.6 146.7 150.7 159 168.5 175.1 178.4 179.3 175.1 167.5 159.8 161 165.7 170.4 170 171.7 177.7 185.9 192.2 198.9 202.9 204.7 209.7 208.6 209.9 213.9 219
19.8 19.8 21.4 23.5 26 30.3 40 42.3 44.2 46.1 47 49.5 47.9 49.2 49.4 53.8 59.3 65.2 64 60.5 60.7 67.9 77.5 85.3 95.3 110.6 122 132.9 144.7 151.1 148.5 142.8 135.5 125.4 118.1 112.2 107.5 104.5 102.6 101.7 100.9 98.9 100.5 103.3 107.1 110.4 112.9 115.5 118.6 121.8 125.5 129.7 132.2 135.2 137.5 140.7 142.6 146.6 151.8 158.3 165.5 175.2 181.7 184 183.3 180.1 172.1 165.7 166.2 170.6 174.2 176.4 176.8 184.2 190 200.8 203.2 210.4 214.7 216.9 218.5 219.2 222.4 229.5
21.3 20.1 22.3 24.8 27.2 29.1 39 42.7 45.7 48.8 50.1 51.2 51 50.5 52.1 56.3 62.5 70.1 71 67.1 67.1 72 80 85.2 97.2 110.3 121.6 132.9 145.4 151.1 149.9 144.4 138.3 128.4 121.4 114.6 110 107.1 104.8 103.9 101.8 99.3 101.3 103.5 107.3 110.7 113.2 116 120.2 124.4 128.5 132 135.4 138.7 141.9 145.4 148.5 152.7 157 164.1 172.7 182 187.3 188.2 186.4 181.5 175.1 170.1 169.7 173.2 178.8 182.2 182.7 187.8 195.2 202.8 209.6 216.4 223.5 226.8 229.7 231.3 232.4 236.9
23.2 20.8 23.5 26 28.5 29.3 35.3 41.5 45.4 49.6 50.8 51.9 53.2 53 55 58.7 65.2 70.9 70.5 70.4 72.2 75.6 79.9 87.2 98 109.9 123.5 134.1 144.2 151.6 151.5 148.3 140.5 131.8 122.7 116.9 112.5 109.8 107.3 105 102.1 100.2 100.9 103.7 107.4 111 113.6 117.1 121.3 126.1 130.7 135 139.2 141.3 145.2 149.1 152.7 157.7 163.4 173.4 183 189.2 192.5 190.7 189.5 184.3 178.6 173.8 172.2 176.2 181.4 185.5 189.2 193.4 199.3 206.9 215.1 223.7 232.2 236.5 241.4 241.8 243.9 244.2
24.6 22.6 24.5 27 29.1 31.2 34.3 39 44.2 48.5 50.5 51.9 54.2 55.8 57.8 60.6 67.2 70.6 71.9 74.2 76.9 79.6 83.2 90.8 101 114.7 126.7 136.3 146.2 152.2 151.4 149.8 145.4 136.6 128.3 120.5 115.1 112.4 109.6 106.7 104.1 102.8 102.6 104.7 108.1 111.3 114.6 118.2 123.2 128.3 132.7 137 140 143.8 147.1 151.4 157.4 162.3 169.8 181.8 189.8 195.9 198 195.3 192 187.2 182.4 177.2 176.5 179.3 182.5 187.6 192.8 197.6 204 213.5 222.3 230.4 238.3 244.3 248.8 251.6 252 251.1
26.2 25.8 27.2 30.2 31.6 33.7 36.4 39.3 44.2 48.2 51.4 53.9 55.9 57.4 58.7 60.1 68.5 71.8 72.9 74.2 78.2 81.8 87.1 93.2 103.4 116.3 127.4 137.6 148.1 153.3 154.2 152.4 150 141.3 131.4 123.8 118.1 114.4 111.7 109.1 107.6 105.3 104.7 106.3 109.5 110.7 113.3 118.8 124.5 130 133.7 138.5 142.1 146 150.3 156 161.5 166.6 178.1 188.2 196.6 201.5 201.7 198.2 193.9 187.6 182.4 179.3 180 182.5 186.2 190.5 195.2 201.1 208.6 216.6 229 237.2 244.4 251.1 253.3 254.7 255.4 251.9
28.9 29.8 30 33.8 34.9 36.3 38.8 41.4 45.5 50.3 53.2 55.9 57.5 59 60.3 63 70.1 71 71.3 74.1 78 81.3 87.7 94.4 103.5 116.1 128.7 140.8 148.5 153.9 156.5 155.4 152.3 146.3 136.9 128.7 122.1 117.3 114.3 112.5 110.5 107.6 107.7 108.2 109.6 110.6 115.4 120.9 125.1 129.3 134.1 139.8 143.4 148.9 154.2 159.5 164.7 170.6 182.9 193.6 201 205.1 203.5 200.3 195.1 188.6 183.2 180.9 182.2 186.3 189.9 193.7 199 205.7 213.6 221.5 233.5 242.6 251.3 252.1 253.5 254.7 255.9 252.8
32.6 33.6 34.9 37.7 38.8 39.8 40.9 42.8 46.7 51.4 56 58.7 59.5 60.4 63.1 66.7 68.8 69.5 70.1 71.6 75.5 79.2 86.3 93.4 104.2 116.3 129.6 140.6 148.8 154.5 157.8 158.2 155.3 151 142.9 133.7 126.7 121.3 117.8 116.8 113.5 110.7 109.3 110.8 110.8 113.7 118.2 123.6 127.2 130.8 135.6 140 145 151 157.1 163 168.3 175.3 188.2 197.8 204.8 209.6 207 200.7 196.3 189.4 184.9 183.3 185.7 189.6 191.6 196.7 200.7 210.9 219.9 228.2 237.5 246.5 251.2 252.6 253.6 254.6 255.9 251.6
36.9 38.5 39.8 41.8 43.6 42.9 44.2 45.4 48.4 53.4 59.8 59.8 61.9 63.9 65.7 68.6 68.5 68.7 68.4 69.6 72.8 76.6 83.6 92 106.1 118.7 131.2 140.4 149.6 155.7 159.5 160.5 160.4 154.9 149.2 139.7 131.3 125.7 122.8 120.2 117.3 114.8 113 113.1 114.8 117.8 120.9 126.4 130.4 133.6 139.5 142.7 146.9 152 159.2 165.8 172.3 180.3 189.9 199.9 207.8 210.5 207 200.8 195.7 189.2 185.5 184.5 186.8 190.4 193.1 198.4 204.5 213.9 225.3 234.7 242.3 247.8 251 252.5 253.7 254.4 256.5 251.2
41.7 43.2 44.5 46.8 47 46.2 47.1 48.4 50.2 54 60.4 63.4 66.6 67.3 68.2 69.9 68.7 68.6 68.1 68.4 69.9 74.7 81.5 89.3 105.6 119.6 131.1 140.3 149.5 157.1 160.8 162.3 163.1 159.9 154.2 145.7 137.1 129.8 128.1 126 121.9 119 117.3 117.3 118.7 119.6 123.8 128.6 132.5 135 140.3 144.1 148.3 153.2 160.3 167.3 174.1 182.4 192.3 201.4 208.5 210.4 206.7 200.5 195.2 188.7 185.6 183.6 186.5 189.5 194.2 199.9 207.2 217.5 229.3 238.6 244.4 249.4 251.3 252.4 253.7 254.1 257.1 251.5
46.4 47.8 49.5 51.8 50.8 49.3 48.7 50.8 51.7 55.5 60.1 65.9 70.4 70.5 70.9 71.1 69 68.6 68.1 67.1 70.1 73 79.4 88 102.6 117.3 131.3 143.2 152.4 159.6 162.9 164.7 165.4 162.8 159 151.4 143 138 135 132 127.8 123.5 119.5 120 121.5 124.6 127.7 131.1 134.3 137.5 140.3 145.1 149.9 154.8 161.4 168.5 175.3 182.9 193.6 201.2 207.9 210.4 206.2 200 193.9 188.4 185.1 182.1 184.4 188.3 194 200.6 209 219.9 229.5 238.5 244.6 248.1 250.6 252 253.4 253.7 257.8 250.2
51.9 54.2 58.6 58.3 56.3 51.4 48.9 49 51.3 55.7 61.2 67.2 71.2 72.5 72.3 71.6 69.9 68.8 66.7 65.9 68.4 71.3 78.2 87.6 102.3 115 130.1 144.2 153.3 159.3 164.7 166.7 167.9 166.1 161.7 156.7 150.2 145.1 140.9 136.2 132.2 127.3 123.8 123.4 125.5 128.4 130.8 133.6 136.8 139.9 141.8 145.3 151.5 156.4 162.7 169.7 176 183.7 193.1 199.5 205 207 201.8 197.9 192.5 187.1 181.9 179.9 182.2 187.9 193.6 199.2 207.4 217.9 228.6 237.3 242.5 246.5 248.6 250.7 252.2 253.4 253.9 246.6
