data/430000-1140000.asc
ncols 200
nrows 200
xllcorner 430000
yllcorner 1140000
cellsize 50
[rows 0 to 37 of 200, columns 0 to 84 of 200]
54.5 52.1 49.4 47.6 47.1 46.9 46.8 47.8 50.1 52.3 57.8 64.9 69.7 77.9 79.3 79.1 79.4 77.8 74.3 70.8 69.6 69.1 68.9 69.3 74.2 80.5 89.7 94.3 97.7 99.7 99.2 96.2 93.2 90.5 85.8 82.4 80.2 81.2 78.5 77.3 77.3 77.3 77.3 80 81 81 81 78.9 74.5 69.4 64.4 56.1 48.6 44.3 40.4 38 36.1 33.8 32.1 33 36.2 40.6 45.6 49.2 51.7 54.1 55.5 54.7 50.1 40.3 28.6 20.8 18.9 18.2 19.2 19.3 19.3 19 18.6 18.1 17.5 17.9 20.6 21.8 22.7
55.3 53.2 49.7 47.7 46.5 46 45.4 46.9 49.9 52.9 57 62.9 69.2 75.8 79.3 80.1 80 77.7 74.8 71.5 70.6 69.6 69.1 69.1 74.4 80.6 89.8 94.1 98.1 99.8 100 97.9 94.8 92.2 89.5 86 83.5 84 83.9 80.1 77.3 79.1 78.3 81 81 81 81.2 79.9 76.9 71.8 66 59.5 51 45.6 42.6 40.6 39.4 37 35.5 35.5 36.6 40.2 44.9 48.8 50.9 52.1 52.8 49.8 45 37.2 26.3 19.7 18.9 19.1 21.2 22.9 23.3 23.3 22.4 21.4 20.8 21.2 23 24.6 26.4
56.8 53.6 49.7 47.2 44.9 43.8 46 47.9 51.7 55.5 60.5 66.8 70.5 73.7 77.7 80.6 79.1 76.5 73.6 71.2 69.7 68.7 68.5 69 74.2 80.6 86.9 91.9 95.6 99.2 99.5 97.6 94.5 92.2 90.9 89.2 86.5 85.9 85.5 84.1 79.4 78.7 79 80.8 81.4 81.7 81.9 81.4 78.5 73.2 67.1 60.9 53.5 47.1 44.1 40.6 40.8 38.2 38.1 38.2 38.7 38.9 44 49.5 50.6 51.1 51.9 47.6 42.1 35.4 25.1 20 18.9 21.6 25.9 28.7 28.4 27.4 26.4 25.4 24.3 25.2 26.7 28.3 29.7
58.5 53.9 48.9 45.3 41.9 42.6 45.7 49.3 53.9 58.6 64.2 69.5 71.4 72.5 75.3 77.1 76.5 74.2 72.1 70.2 68.8 67.9 67.4 69 74.1 79.3 83.3 88.5 92.8 96 97.5 95.7 93.7 93.4 92.6 91.2 89.5 88.1 87.1 84.4 82.5 81.5 79.8 81 82.2 82.4 82.6 81.5 77.7 72.4 67 61.7 55 48.6 44.8 40.9 40.7 39.1 41.1 40.9 39 39.6 42.1 48 50.1 50.6 50.7 47.6 40.8 33.2 23.5 18.9 18.9 22.6 28.8 33 32.8 32 31.3 29.4 28.8 29 30.4 31.9 33.3
57.2 51.9 47.2 42.7 40.4 40.5 45.1 50.5 56.2 61.2 66.2 70.7 70.6 71.1 73.3 73.8 72.5 73 70.8 69 66.2 64.5 65.3 67.8 72 77 81.4 86 90.6 92.9 95 95.2 94.9 95.5 94.7 93.4 92.2 90.1 88.5 88.2 86.8 85.2 83.6 83.5 84.1 83.5 82.8 81.2 77.4 71.4 66.1 60.7 54 49.8 46.3 42.6 40.4 40 43.6 40.7 39 39.6 41.9 48.2 50.5 51 50.7 47.7 40.5 30 22.6 18.9 18.9 20.4 28.5 35 39.3 36.9 35.5 35 34.6 34.5 34.5 35.6 36.8
54.3 50.3 45.6 40.9 39 38.9 41.4 48.5 55.1 59.7 65.2 70.7 69.9 69.7 69.5 70.1 68.3 69.4 68 65.3 62.4 61.7 63.1 66.6 70.9 75.2 78.7 83.4 89.1 90.7 93.2 94.5 95.8 97.6 97.3 96.7 95.3 93.5 92 91.4 90.1 88.6 87.3 87.3 86.2 85.3 85.1 82.3 77.5 72.4 66.4 60.6 55.3 52 48.2 44.4 40.4 41.5 45.9 43.2 39.1 40.4 43.3 48.3 49.8 51 51 45.2 38.6 29.5 21.7 18.9 18.9 20.1 27.3 39.2 44.7 40.7 40.4 41.4 41.2 40.7 39.9 39.7 40
50.6 46.8 43.7 39.6 38 38.1 39.6 44.3 51.4 58.9 63.2 68 69.1 68.6 66.7 65.6 65.3 65 63.2 60.6 58 58.9 60.7 63.7 66.9 70 75.1 80.4 85.2 89.3 91.6 93.8 96.8 98.4 99.3 98.9 99.2 98 96.4 94.7 93.5 92.3 91.4 89.9 88 87 87.3 83.6 79.5 73.3 67.8 62.7 57.8 54.1 50.4 46.8 43.9 45.5 49.4 46.2 42.1 42.4 45.3 48.2 49.8 51.2 51.3 47 38.9 30.1 21.3 18.9 18.9 20.1 26.6 34.1 40.8 41.1 41.8 44.6 47.5 47.4 46.6 45.6 44.6
46.9 42.9 39.8 37.6 36.3 37.2 39.5 41 47.9 55.2 61 64.1 65.8 65 62.5 60.3 61 61.2 59 56.7 54.3 55.1 56.3 58.4 61.3 64.7 69.7 76.1 81.5 85.8 90.5 93 96 99.1 100 100.8 101.9 101.7 100 98.3 97.4 96.6 94.3 92.2 90.2 89.4 88.8 84.9 80.9 75.5 70.4 65.8 60.9 56.7 52.9 49.2 49.7 50 50 49.5 46 45 47.4 48.9 50.4 51.5 52 49.2 40.7 31.4 22.2 18.9 18.9 19 22.1 30.4 37.4 39.6 42.7 47 50.8 51 52 50.9 50
41.7 39.3 36.9 34.5 32.9 35.8 38.9 39.4 44.7 51.7 58.7 61.4 62.1 61.4 60 57.5 56.1 56.2 52.9 50.8 50.2 50.8 52.3 54.7 56.7 60.7 65.3 71.3 77.5 82.2 87.5 92.4 95.5 98.5 100.8 103.1 105 106.3 104.4 102.5 100.4 99.4 97.3 95.3 93.3 91.3 90.9 87.3 81.9 77.1 72.8 68.1 63.5 59.7 54.2 51 52.3 52.1 50.5 49.2 48.3 47 48.4 49.7 49.4 50.7 51.8 51.1 44.8 32.2 20 18.9 18.9 18.9 19.4 25.4 32.1 37.7 42.4 46.6 51 51.1 55.1 56 55.4
37.8 35.7 33.5 31.1 29.6 32.4 37.5 40.3 42.3 49.4 54.5 56.3 57.5 56.7 54.5 52.2 50.3 49.3 48.2 47.5 47.3 47.6 49.4 51.4 53.3 56.7 61.3 66.5 72.8 78.5 84.1 90 94.1 97.4 102.1 105.8 108.7 110.5 109.3 106.6 104 102.4 100.4 97.9 95.3 93.6 92 89.7 83.7 78.1 74.5 70.3 67.8 62.6 57 53.8 54.8 54 51.2 49.3 49.8 48.6 49.4 50.4 51.3 51.7 52.3 51.8 48 34.1 20.7 18.9 18.9 18.9 18.9 23.1 28.3 33.3 37.5 41 46.7 52 57.2 59.9 59.7
34.8 32 30 29.1 29.3 32.4 35.5 37.8 42 46.2 48.4 49.7 51 51.3 49.2 47.6 47.2 46.6 45.4 44.2 44.3 44.4 46.1 48 49.9 52.6 57.4 62.2 68 74.5 80.6 86.6 92.5 96.8 101.8 106.9 110.4 111.6 111.4 110.2 107.7 104.8 101.2 98.4 96.3 94.1 92.3 91.1 85.5 79 74.6 69.8 69.2 63.9 57.2 57.4 58.1 58.3 55.1 52.1 50.2 49.8 51 52.9 53.3 54 54 51.9 47.3 33.8 20.3 18.9 18.9 18.9 18.9 19.4 24.3 29.5 34.6 38.9 43.7 49.7 56.3 61 61
31.6 28.7 27.4 26.7 27.7 30.1 32.3 36.4 39.9 42.1 42.5 44.1 45.8 46 45.3 44.9 44.5 43.8 42.7 41.9 41.9 42.3 43 44.6 46.5 48.7 53.3 58.2 63.9 70.5 77.1 83.1 89.2 96.2 102.2 107.5 112.8 116.1 115.2 112.4 109.8 106.2 101.6 97 94.6 92.1 91.1 91.1 85.4 78.6 72.8 68.4 66.2 61.7 59 60.4 61.1 62.1 58.8 56.1 52.2 51.7 53 56.1 57.3 56.3 55.2 52.5 45.6 31.6 21.6 18.9 18.9 18.9 18.9 18.9 22.6 28.1 33.1 38 41.4 47.4 54.1 61.5 62.1
27.8 25.8 25 24.3 25.9 27.8 30.5 33.6 35.7 37.7 39.8 40.9 41.8 41 41.8 42.1 41.8 41.1 41.3 39.7 40.4 41.6 42.2 42.2 44.3 47.2 50.1 54.6 60.3 68.3 74.1 80 86.2 93.5 100.4 106.9 111.9 115.6 115 113.1 110.5 105.8 100.7 95.5 91.2 90.7 90.9 88.9 83.8 78 71.8 67.3 63.5 58.9 61.9 62.9 64.3 66 62.4 58.1 53.9 52.8 54.2 59.5 60.1 57.5 55.3 50.6 42.5 28.4 20.8 19.1 19.2 19.9 18.9 18.9 19.9 24.8 30 35.8 39.2 44.7 51.4 60.3 64.9
24.9 23.7 22.9 22.2 23.3 25.7 27.9 29.8 31.2 33.8 36.3 37.5 38.4 40.6 40 39.2 40 40.9 39.5 39.2 40.6 41.7 41.6 43.6 45.4 46.8 49.7 53.3 59.3 65.3 71.1 76.9 83.4 90.8 97.5 103.1 108 111.9 112 110.8 109.3 103.9 98.6 93.6 89.1 87.9 87.7 86.1 82 77.1 70.7 65.2 61.3 62.2 64.6 64.9 66.6 68.3 63.8 59.6 55.4 54.2 54.5 58.9 60.4 59.1 55.9 50.3 40 25 19.3 18.8 19.6 20.3 20.3 18.9 19 22.4 28.2 34 39.8 42.6 49.4 61.1 67.5
22.2 21.6 21.1 21 21 22.7 24.5 26.6 28.6 30.1 32.8 34.9 36.2 37.8 38.8 38 37.8 38.5 37.6 39.3 40 41.1 44.1 46.1 47.3 47.7 49.3 52.7 57.8 62.8 68.5 74.3 78.8 86 92.9 99.3 104.8 107.8 108.9 106.7 105 101.4 95.9 90.6 86.7 84.2 82.3 81.2 79.2 74.5 68.8 66 64 65.6 66.8 66.5 66.9 68.2 65.2 61 56.9 55.9 54.3 57.5 59.1 61 57.1 50.2 37.4 24.4 18.2 19 19.7 19.5 19.3 19.1 19 21.5 26.9 32.6 38.3 42.1 47.9 60.7 68.1
19.9 18.9 19.9 19.5 19.3 20.5 22.3 24.4 26.7 29.2 31.3 32.5 33.7 35 36.2 36.9 36.7 36.5 37.8 39.3 39.7 41.4 46.7 48.6 49.6 50.8 51.6 52.4 56.8 61 66.2 72.1 76.9 81.8 88.9 95.5 101.6 104.9 104.6 103.2 100.6 96.9 91.8 88.5 84.7 81 79.2 77.7 76 71.9 68.9 68.7 68.7 68.6 68.4 67 66.7 67.3 64.6 61.4 59.5 58.1 54.8 55.7 58.6 61 58.6 49.5 35.9 21.5 17.2 18.9 17.9 18.5 19 19.1 19 21.6 26.3 31.7 37.3 41.5 47.9 60.6 68.6
18.8 18.7 18.9 18.9 18.9 19.2 20.3 23 25.8 29.2 30.9 31.1 32.2 33.3 34.4 36.1 36 36.3 37.9 39.6 40.4 43.1 49.7 50.5 53.2 54.8 56.2 56.8 57.1 61.4 66.5 70.1 75 79.8 84.7 91.2 96.8 100.6 100.1 99.1 96 91.4 89 86.3 83.3 80.6 78.1 74.5 72.7 69.1 69 69 69 70.4 69.5 67.9 67.1 67.3 66.4 63 61.4 59.8 56.2 55.8 59.3 59.7 55.3 45.3 34.2 20.8 15.4 16.5 14.8 18.4 19 19 19.5 21.6 26.3 32.3 39.9 43.7 48.5 60.7 69.4
17.6 18.4 18.4 18.5 18.8 18.9 20.4 22.1 25.4 28.1 30 30.9 31.1 32.2 33.3 34.9 35.2 36.5 37.9 39.9 41.6 45.1 50.2 53.6 57.5 59.3 60.3 61.5 61.9 62.4 65.7 68.7 73.2 78 82.4 86.2 91.1 93.3 93.4 91.6 89.8 89 87.5 84.7 82.2 80.4 77.4 73.8 70.8 70.7 69.6 69.7 71.3 71.7 71.5 69.8 68.6 68.2 67.5 65.8 63.2 61 57.8 54.5 59.1 57.3 51.9 42.4 31.2 16.7 11.7 12.5 17.2 18.2 18.7 18.6 20.4 20.6 26.7 34.3 41.7 45.7 49.5 58.1 68.6
15.7 16.2 17.5 17.9 18.2 18.6 19.1 20.9 23.4 25.9 27.7 28.9 31.4 32 32.9 34.1 35.5 36.9 38.2 40.4 44.3 47.9 53 57.8 61.8 63.8 65 66.5 65.7 66.2 67.3 68.2 70.6 75.1 79.7 83.4 85.8 88.4 89.5 87.9 86.7 86.5 86 83.5 81.1 79.2 77.8 74.8 71.7 71 71.2 71.9 74.1 75.4 75.2 73.5 71.6 69.6 69 67.9 65.3 62.9 58.7 54 57.7 55.4 49.2 41 28.6 13.4 9.5 13.7 17.4 18 18.4 18.6 18.9 20.5 27.4 34.8 41.9 47.8 51.6 58.4 67.8
14.2 15.2 16.2 17.2 17.4 17.8 18.7 19.3 21.1 24.1 25.5 27.8 31.4 33.6 34.1 35.5 36.7 38.4 39.8 42.5 46.4 51.6 57.6 62.3 67.2 70.5 72 72.2 70.6 70.3 71.6 70.8 70.6 73.7 76.9 80.1 82.8 83.8 85.7 84.8 84.5 84.1 83.9 82.7 81.1 79.4 78.8 76.3 74.7 75.3 75.3 74.7 76.9 78.5 78.9 77.1 74.6 72.2 71.1 69.3 66.8 63 59.1 54.7 53.9 52.6 47 39.7 27.6 12.2 9.3 13.4 15.4 17.2 18.2 18.6 19.2 22.2 27.9 36.2 42.5 49.2 54.3 59.5 70.9
13.5 13.9 15 15.9 16.6 17.2 18.2 19 21 24.4 27.5 30.1 32.6 35.1 37.1 39 39.2 39.7 41.8 44.6 49.4 56.4 64 68.8 74 78.5 80.6 80.2 78.9 76.7 75.8 75.1 74.5 75.8 77.6 79.9 82.2 82.4 83.7 84.5 84.4 84.3 84.6 84.6 83.1 81.9 80.5 79.4 78.1 79.6 79.1 78.2 79 80 80.4 79.5 77.2 74.9 73.3 71 67.6 63.1 58.5 51.4 50.6 49.6 44.4 35.9 25.5 9.9 8.3 12.2 14 16.2 17.8 18.8 19.8 23.4 28.6 37.2 44.2 50.6 57.2 63.7 70.6
12.3 12.9 13.8 14.9 15.9 16.9 17.9 19 21.8 26.5 29.8 32.3 34.9 37.4 39.3 40.6 40.1 40.7 43.9 47 53.7 61.2 70.2 75.8 81.2 84.8 87.8 87.8 86.5 83.8 81.9 79.8 78.7 79.5 79.9 80.5 83.2 83.8 84.9 86.2 85.7 85.2 86 86.9 86.1 85.1 83.7 81.8 80.8 81.4 82 82.9 82 81.3 81.9 82.1 79.8 77.6 75.8 72.8 68.9 64.3 57.8 49.7 47.3 45.9 42.3 33.1 22.3 7.1 7.7 11.1 12.6 15.2 17.3 19 20.4 23.9 28.1 36.6 44.6 52.3 58.8 65.1 70.9
12 14.8 16 16.5 16.7 17.5 18.4 19.5 21.7 27 30.9 33.8 36.7 39.7 41.8 43.7 42.9 42.7 46.2 49.6 57.4 67.3 75.3 81.8 88.4 91.8 94.8 95.5 92.9 90 89.1 86.4 84.9 84.8 83.7 83.6 84.3 86 87.3 87.8 87.1 87.5 88.4 89.2 90.1 89.2 86.9 84.6 83.3 84.1 85.4 87.8 86.9 85.1 84.2 84.6 82.3 79.5 78.4 75 71.1 66.9 59.3 50.9 46.8 43.1 39.2 30.6 18.3 5.5 6.5 8.7 11.3 14 17.2 19.3 21.2 23.5 27.8 36 45.6 53.6 60.3 66 71.6
12.8 16 17.5 17.6 17.8 18 19.1 21 23.2 26.7 30.2 33.6 38.6 42 44.3 46.5 47.4 45.6 47.7 53.5 62.2 72.1 81.5 88.6 95.5 99.8 101.3 102.5 99.6 96.2 96 93.1 91.7 90.4 89.1 88.7 87.6 88.2 89.7 89.4 90.6 90.3 91.1 92 92.4 92.1 90.1 87.8 85.9 86.7 89 91.9 91.6 89.9 88.5 86.9 84.2 81.7 80 77.1 73 69.4 61.4 53 46.5 41.4 36.2 27.3 14.9 5 5.3 7.8 10.2 13.2 16.4 19.7 22.1 24.4 28.6 36.6 45.4 54.4 61.4 66.7 72.1
15.5 17.3 18.6 19.3 19.3 19.3 20.2 22.2 25.3 28.4 31.2 36.1 41.4 44.3 46.6 49 50.3 48.5 51.8 57.9 66.6 76.3 85.6 94.7 101.6 105.4 107.1 107.9 106.4 103.2 102.2 100.6 98.6 96.6 94.5 93.6 92.7 91.7 92 91.1 92.4 94.6 95.2 96 95.4 94.4 92.2 90.1 88.7 89.9 93.2 95.9 96.3 95.1 92 88.9 86.2 82.9 79.7 76.7 74.7 70.7 64.1 56.2 49.3 42 37.1 26.9 13.7 4.6 4.4 7.3 9.9 13.2 17.1 20.5 22.6 24.8 28.9 36.4 46 55.7 62.4 67.7 72.8
18.3 19.8 20.8 21.7 22.8 23.2 23.7 24.7 26.7 29.8 32.7 38.4 42.1 45.8 48.7 51.1 51.7 52.2 56.7 62.6 71 80.4 89.9 99.4 106.5 111.3 113.9 113.8 112.3 111.1 110.1 108.5 106.6 104.4 101.8 99.7 98.1 96.7 97.5 96.1 97.3 99 99.4 99.9 98.5 97.1 95.1 92.4 90.6 94.2 97.7 100.4 101 99.3 95.4 92.2 88 83.6 80 76.7 74.8 70.6 64 56.7 49.7 42.8 35.2 26.3 13.7 3.5 3.4 6.6 9.9 13.9 18.2 20.7 22.7 25 29.9 36.2 46.2 56.9 64 68.9 73.9
22.2 24.2 26 26.9 27.7 28 28 28.5 29.1 31.2 34 38.4 42.2 46 49.8 51.6 53.9 55.7 60.6 67.4 75.9 85.3 95.6 105 112.4 117.1 120.8 120.9 119.4 118.3 117.5 115.9 114.4 111.9 109.3 107.2 104.7 102 101.4 101.1 102 103.7 103.9 103.6 102 100.8 98 95.4 93.8 97.5 100.6 101.1 101.4 101.1 98.9 95.1 90.2 85.4 81 77.5 74.7 71.1 64.2 57.7 50.4 43.4 33.7 25.1 11.8 2.8 2.6 7.6 10.2 13.7 18.2 20 23 26 30 38.5 46.3 58.5 66.4 71.4 75.5
26.7 28.3 29.8 30.6 30.8 30.6 30.1 30.5 30.2 32.1 34.7 38.4 41.1 45 48.7 50.9 54.3 58.5 63.7 72.2 81 89.4 99.3 109.8 117.6 123 126.2 126.7 126.1 124.2 123 122 121.2 118.7 116.6 114.2 111.4 108.6 107 107.1 107.6 108.2 108 108.1 106.4 103.8 101.1 98.7 97.5 99.4 100.4 101.6 102.8 103 101.4 98.5 93.5 87.7 83.2 78.9 75.1 71.6 67.1 59.5 53.5 46.3 37.6 27.2 10.7 2.6 2.5 7.5 11.5 14.9 16.9 20.2 24 28.4 31.9 39.7 47 57.7 67.1 72.7 76.7
31.5 32.1 33.5 33.2 32.8 32.6 33.4 33.1 32.3 33.6 35.5 38.2 40.8 43.9 46.7 49.2 53.3 59.8 66.4 74 83.4 92.7 102.6 113 122.3 129.1 131.2 130.5 128.9 127.9 126.8 125.3 123.5 122.7 121.6 120.3 118.3 115.6 114 112.9 113.5 113.1 112.2 112.6 110.3 106.9 103.8 101.3 100.2 99.6 102 103.7 105.5 105.4 103.8 100.9 95.9 90.1 85.6 81.1 76.4 72.8 70 63.2 56.4 49.7 42.8 28.5 10.3 2.2 2.7 5 9.2 13.4 17.1 20.7 24.8 29.6 34.3 39.7 47.6 58.1 68.4 74.2 79.1
38.6 36.9 36.7 35.6 35.2 35 35.9 36.3 36.3 36.3 37.3 38.4 39.6 43 46.7 50.2 54.4 62.1 69 76.6 84.5 94 105.4 116.9 125.8 131.2 134.9 134.3 130.3 129.3 128.9 127.6 124.9 124.3 125.1 125.2 123.3 122 120.9 119.9 119.3 119.4 117.3 116.4 113.8 110.3 106.6 104.1 101.3 101.5 104.4 106.2 108.1 107.5 105.4 102.4 98.3 92.5 87.8 83.1 78 74.3 71.1 66.5 59.4 52.3 45.3 31.9 11.1 2.2 2.3 4.5 9.2 13.7 17.5 21.2 25.5 30.3 35.2 40.9 48.8 57.3 68.2 76.5 80.7
45 42.1 40.3 38 37.6 37.5 38.1 39.6 39.6 39.3 39.4 39.3 40.2 42.9 46.3 49.8 55.4 62.6 70.8 78.9 86.5 94.4 105.5 118.9 125.3 129.7 134.1 135.2 131.5 129.1 126.5 126.4 124.6 124.4 127.2 128.6 128.6 127.9 127.1 125.6 125.1 124.2 122.2 119.6 117.2 113.7 109.6 106.1 104.6 106.1 107.8 109.4 109.9 109.7 107.3 105.5 101.2 96.1 89.8 84.2 78.5 74.6 70.7 66.1 60.4 53.7 46.4 31.3 10.9 2.7 2 4.3 9.2 13.4 17.5 21.7 26.3 31.7 36.4 42 49.9 58 68.6 78.2 79.4
50 46.7 44.3 41.8 39.3 40.4 40.5 40.8 41.1 41.4 41.2 41 41.6 43 45.8 49.4 55.7 62.1 69.5 77.8 84.6 92.9 102.7 114.1 120.7 127 129.8 132 128.3 125.4 123.4 123.9 123.5 123.2 127 130.8 131 131.2 131.2 130.4 129.3 128.2 128.1 124.8 120 114 110.3 105 108 109.8 110.3 111 111.1 111.3 110.6 108.3 103.6 98.6 92.6 86.3 80.3 75.1 68.6 63.6 59.8 53.6 46.7 29.3 10.2 2 -0.5 3.9 9.2 13.2 17.1 22.6 29.5 33.2 36.9 42.3 49.7 58.6 68.2 74.1 79.6
54.2 51.8 49.4 47 44.1 42.7 42.8 42.9 43.3 43.6 43.3 42.8 43 44.7 46.8 50.8 56.4 62.1 68.2 75.2 81.4 89.3 99.2 107.9 114.8 120.2 124.3 126.7 123.9 121.4 120.3 121 120.7 121.3 124.9 127.5 131 131.3 131.9 131.5 131 129.8 131 127.5 121.4 114.3 109 105.3 109.3 111 111 111.1 111.3 111.8 111.6 109.5 105 102 95.7 88.7 81.3 74.1 67.2 61 57.2 56 46.3 27.5 9.5 2.8 -0.5 2.6 7.8 12.8 17 24.4 30.8 34.2 37.7 42.3 48.7 56.4 65.2 72 76.9
56.6 54.2 52.2 50.8 47.3 45.2 45 45.1 45.4 45.9 45.6 44.5 44.5 46.1 48.1 50.8 57 62.3 67 71 78.2 85.6 92.7 99.9 107 112.4 116.2 117.8 116.7 115.7 115.4 114.7 116.5 118.1 121.2 124.1 128.6 130.1 130.3 131.3 131.2 131 131 129.9 122.2 112 104.8 107 110.4 111 111 111 111.4 112.6 112.7 110.1 108.8 105.8 99.6 92.2 84.9 75.4 65 58.4 56 54.8 42.8 23.9 8.2 1.7 -0.5 -0.5 7.2 12.4 17.7 26.1 32 35.5 39.1 43.2 47.8 54.3 62.3 70 74.3
59.1 57.1 55.6 52.7 50.4 48.4 47.3 47.3 47.6 48.1 47.8 46.7 46.5 47 48.5 50.1 55.5 60.8 64 67.3 72.3 79.4 86.2 92.8 98.5 102.1 105.7 106.1 105.6 105.5 105.5 108 110.3 113 116.5 120.4 122.2 124 126.1 128.6 128.8 128.3 127.7 126.4 118.3 110.3 100 103 106.7 108.2 110.1 111.3 114.4 119.6 116.8 112 109.5 109.6 103.5 96 87 76.6 64.5 55.7 51.2 48.8 36.2 22.1 4.2 -0.5 -0.5 -0.5 -0.5 11.9 19.8 27.3 33.3 36.8 40.5 44.4 48.7 53.1 60.5 69.4 75.4
60.1 60.1 58.1 55.1 53.2 51.5 49.9 49.1 49.6 50.3 50 49 48.5 48.1 48.5 49.1 54.2 58 61.1 64.3 68.3 72.7 78.1 83.9 87.4 90.2 94.6 92.8 95.8 95.3 96.6 101.3 102.5 105.2 108.7 113.1 115.1 116.9 119.6 122.7 123.4 122.6 120.8 117.1 113.3 106.2 99 99.2 101.6 104 107 109.3 111.6 118.3 118.2 113.3 109.1 110.4 106.1 99.3 89.4 76.9 63.5 52.6 46.5 41.6 30.5 18.2 -0.5 -0.5 -0.5 -0.5 -0.5 9.7 19.6 27.1 33 37.6 40.6 44 48.2 52.9 60.2 70.1 76.6
60.4 60.2 59.8 57.7 56.1 54.4 53 52.5 53.2 54.1 54.7 54.4 52.3 50 49.6 49.6 52 55.5 58.5 61.5 64.3 67.8 71.3 74.4 77.7 80.4 84.9 84.8 85.4 84.9 86.5 89.7 93.4 96.3 100 104.8 108 110.3 113.1 116 117.2 116.7 114.3 110.8 107 100 93.7 93.4 96.2 99.9 102.8 106.6 108.9 110.9 113.1 109.4 108.1 105.9 102.5 97.5 87.9 75.6 60.9 49.9 42.6 35.9 24.2 15.6 -0.5 -0.5 -0.5 -0.5 -0.5 6.3 21 29.8 33.7 38.3 41.4 43.5 47.1 53.1 59.9 69.6 76.3
60.3 59.1 59.1 59.1 57.3 55.4 56.5 56.5 56.9 57 58 60.3 58.2 55.8 53.9 52.4 52.6 54.2 56.4 58.1 60.7 64 67 68.5 70.1 73.1 75.4 76.8 77.7 76.6 80.2 82.4 84.7 87.6 91.9 96.5 100.9 103.6 106.2 108.7 110.6 110.5 108.1 105.5 102.8 96.6 90.3 87.5 89.6 93.5 97.7 102.4 105.2 107.5 108.4 107.4 104 100.8 97.4 92.8 85.7 71.9 57.6 47.6 40.1 29.6 20.9 -0.5 -0.5 -0.5 -0.5 -0.5 -0.5 6 21.5 29.9 35.3 39.4 42.4 43.7 46.2 52.6 58.7 67.6 73.9
