data/430000-1140000.asc
ncols 200
nrows 200
xllcorner 430000
yllcorner 1140000
cellsize 50
[rows 0 to 37 of 200, columns 85 to 169 of 200]
23.5 24.7 25.4 25.4 23.6 17.1 14.2 -0.5 -0.5 -0.5 -0.5 -0.5 -0.5 -0.5 -0.5 -0.5 -0.5 -0.5 -0.5 -0.5 -0.5 -0.5 12.9 17.7 21.6 23.7 24.9 25.9 26.9 28.5 30.8 32.9 37.2 44.3 51.1 57.5 64.1 73.6 84 93.6 103.2 112.5 121.5 126.1 131.1 131.5 132.6 125.6 114.1 102.7 99.1 110.1 121.2 128.8 136.9 145.9 155.4 166.6 173.2 171.7 167.5 161.6 155.9 151 142.7 130.7 115.8 98.6 81.8 72.7 63.1 52 45.1 37.3 29.2 21 14.1 7.9 4.6 -0.5 -0.5 -0.5 -0.5 -0.5 -0.5
27.2 28.3 28.4 28.5 26.1 22 17.1 -0.5 -0.5 -0.5 -0.5 -0.5 -0.5 -0.5 -0.5 -0.5 -0.5 -0.5 -0.5 -0.5 -0.5 -0.5 10.1 17.1 21.5 27 29.5 29.9 29.9 32.8 37.4 37.2 42.8 49.9 57.1 64.5 71.9 81.1 90.7 99 106.2 114.4 119.6 124.3 127.5 129.4 126.4 119.5 105.4 95.2 98.6 114 123 131.2 140.3 150 158.3 171.2 173.4 172.1 169.9 164.5 158.8 152.9 142.3 128.9 110.6 93 77.3 67.1 57.5 47.9 40.4 33 25.6 17.5 10 2.9 -0.5 -0.5 -0.5 -0.5 -0.5 -0.5 -0.5
30.9 31.3 31.6 31.6 29.5 25.3 18.8 -0.5 -0.5 -0.5 -0.5 -0.5 -0.5 -0.5 -0.5 -0.5 -0.5 -0.5 -0.5 -0.5 -0.5 -0.5 3.7 13.4 21.3 26.8 30.5 29.7 29.7 35 40.6 42.5 48.6 55.9 63.4 71.2 79 88.7 97.6 105.9 111.3 116.9 122.1 125 126.3 125.2 120.4 112.6 100.1 91.2 103.2 116.5 123.9 132.7 144.2 155.1 163.8 172.9 174.1 172.5 169.7 166 159.3 152.1 140.6 125.4 105.3 86.9 72.3 60.8 51.5 43.3 35.6 28.8 21.3 13.8 6.3 -0.5 -0.5 -0.5 -0.5 -0.5 -0.5 -0.5 -0.5
34.3 34.5 34.8 34.7 31.4 27.6 19.9 9.9 -0.5 -0.5 -0.5 -0.5 -0.5 -0.5 -0.5 -0.5 -0.5 -0.5 -0.5 -0.5 -0.5 -0.5 -0.5 11 19.7 24.4 27.4 28.5 29.4 34.4 44.9 47.9 54 62 69.7 77.4 85.2 95.1 105.2 111.5 117 122.4 125.3 126.2 125.3 122 115.3 104.9 90.3 90.9 108.8 119.1 126.7 136.7 148.1 159.6 168.9 174.1 174.8 172.3 169.6 166.8 161.6 151.8 136.5 119 96.5 78.1 64.2 55.8 47.2 38.9 30.6 24.2 18.7 9.2 3.2 -0.5 -0.5 -0.5 -0.5 -0.5 -0.5 -0.5 -0.5
37.5 38.1 38 36.8 33.6 28.8 20.7 10.2 -0.5 -0.5 -0.5 -0.5 -0.5 -0.5 -0.5 -0.5 -0.5 -0.5 -0.5 -0.5 -0.5 -0.5 -0.5 6.6 14.9 21 23.1 25.9 26.7 35.1 48.2 54.1 59.5 67.4 75.3 83 91.4 101.1 110.6 117 122.9 126.1 129 128.4 125.9 119.7 111.5 97.3 86.6 89.2 110.7 121 130.1 140.8 152.1 163.5 172.6 175.6 176.3 172.9 170.1 167 160.7 150.2 134.1 112.2 88.7 69.3 58.9 51.2 43.3 35.4 28.1 21.7 16.1 9.2 -0.5 -0.5 -0.5 -0.5 -0.5 -0.5 -0.5 -0.5 -0.5
40.7 41.2 41.7 39.9 36.9 29.7 20.9 -0.5 -0.5 -0.5 -0.5 -0.5 -0.5 -0.5 -0.5 -0.5 -0.5 -0.5 -0.5 -0.5 -0.5 -0.5 -0.5 -0.5 10.4 16.4 18.8 22.5 26.5 37.1 51 58.3 64.9 72 80.1 88.8 98.9 108.1 115.5 121.6 125.9 126.9 129.1 129.2 125.9 115.8 106.8 92.2 81.8 93.2 112.1 122.9 133.9 144.7 156.2 167.5 174.7 178.1 177.2 174.2 170.8 166.9 160.1 146.7 129.8 105.8 83.3 66.8 54.9 47.3 39.8 32.6 26 20 13.9 7 -0.5 -0.5 -0.5 -0.5 -0.5 -0.5 -0.5 -0.5 -0.5
44.2 44.6 44.3 42.5 38.6 30.4 21.2 -0.5 -0.5 -0.5 -0.5 -0.5 -0.5 -0.5 -0.5 -0.5 -0.5 -0.5 -0.5 -0.5 -0.5 -0.5 -0.5 -0.5 -0.5 9.1 14.6 17.8 27.7 39.5 53.7 62.2 69.6 77 85.3 94.1 104 113 119.8 125.7 129.2 129.6 131.2 131.7 126.1 111.3 98.5 85.4 78.5 94.7 114.4 128.1 140.7 152.4 162.1 171 177 179 177.8 174 170.9 165.8 156.8 143.2 121.4 100.1 83.8 67.8 53.4 44.1 36.7 30.2 24.3 18.5 12.5 5.6 -0.5 -0.5 -0.5 -0.5 -0.5 -0.5 -0.5 -0.5 -0.5
49.2 48 46.7 43.8 38.9 29.8 20.8 -0.5 -0.5 -0.5 -0.5 -0.5 -0.5 -0.5 -0.5 -0.5 -0.5 -0.5 -0.5 -0.5 -0.5 -0.5 -0.5 -0.5 -0.5 4 9.6 18 30.3 41.8 55.2 65.5 74.5 82.7 91.2 99.6 108.6 116.4 122.9 128.8 131 131 130.9 132.5 120.1 102.3 91.7 78.9 79.2 100 118.2 134.3 148.2 158.5 167 176 180.3 179.9 178.1 172.9 169.5 163.1 153.5 137.2 115.2 97.8 82.1 65.3 52 41.1 34.3 28.8 23.1 17.3 11 3.3 -0.5 -0.5 -0.5 -0.5 -0.5 -0.5 -0.5 -0.5 -0.5
54 51.7 48.6 44.6 39 29 19.5 9.3 -0.5 -0.5 -0.5 -0.5 -0.5 -0.5 -0.5 -0.5 -0.5 -0.5 -0.5 -0.5 -0.5 -0.5 -0.5 -0.5 -0.5 -0.5 8.9 22 34.3 44 57.7 68.6 79.5 89.2 97.7 105.3 112.9 119.2 125.6 129.9 131 131 129.2 126.5 111.5 95.8 86.6 74.8 83.6 104.4 122.7 141 154.4 163.9 172.3 179.8 181.1 180.4 177.6 172.2 166.7 159.9 148.4 131.4 110.4 94 78.6 62.1 49.9 38.4 32.9 27.4 21.8 16 10.1 -0.5 -0.5 -0.5 -0.5 -0.5 -0.5 -0.5 -0.5 -0.5 -0.5
57.2 54.9 51.1 47 39.9 30.3 20.3 9.7 -0.5 -0.5 -0.5 -0.5 -0.5 -0.5 -0.5 -0.5 -0.5 -0.5 -0.5 -0.5 -0.5 -0.5 -0.5 -0.5 -0.5 -0.5 10.7 24.2 36.7 47.6 60.8 74.4 85.1 95.8 103.5 111.3 117.5 123.3 128.1 131.1 131.7 130.5 126.8 118.8 102.9 90.1 80.7 71.1 90.8 108.9 126.8 145 159.2 169.8 177.7 181.9 183.3 181.5 178.4 172.5 165.8 155.3 142.8 125.3 106.5 90.4 74.9 58.9 47.5 37.1 31.5 26 20.4 14.6 9.3 -0.5 -0.5 -0.5 -0.5 -0.5 -0.5 -0.5 -0.5 -0.5 -0.5
59.7 57.5 53.7 49.3 42 32.2 21.4 6.5 -0.5 -0.5 -0.5 -0.5 -0.5 -0.5 -0.5 -0.5 -0.5 -0.5 -0.5 -0.5 -0.5 -0.5 -0.5 -0.5 -0.5 -0.5 12.7 27.7 40.7 54.2 66.5 79.8 92.3 101.9 110.5 117 122.2 125.7 129.1 131.7 132.9 130.5 123.8 113.2 93.2 82.8 73.1 77 94.8 113.5 131.1 146.4 162.7 174.1 180.7 186 187.1 183.6 180.2 173.4 164.6 152.3 137.6 120 103.1 87 71.4 56.3 44.9 36.1 30 24.6 19.1 13 8.9 3 -0.5 -0.5 -0.5 -0.5 -0.5 -0.5 -0.5 -0.5 -0.5
62.2 60.3 58.2 53.2 44.4 33.6 23.5 14.3 -0.5 -0.5 -0.5 -0.5 -0.5 -0.5 -0.5 -0.5 -0.5 -0.5 -0.5 -0.5 -0.5 -0.5 -0.5 -0.5 -0.5 -0.5 17.3 30.8 45 59.9 72.3 85.4 98.4 107.9 117 122.2 125.1 128.2 130.6 132.6 133.3 128.9 120.3 107.1 86.6 77 68.3 82 99.8 116.6 132.6 147 162.9 179.1 185.7 190 189.7 185.9 182.1 173.6 162.6 150.4 133.1 115.7 99.4 83.8 68.2 54 43.5 35.3 29 23.1 18.5 12.9 11.5 8.5 -0.5 -0.5 -0.5 -0.5 -0.5 -0.5 -0.5 -0.5 -0.5
65.6 64.8 61.8 57 46.7 35.3 25.5 18.4 -0.5 -0.5 -0.5 -0.5 -0.5 -0.5 -0.5 -0.5 -0.5 -0.5 -0.5 -0.5 -0.5 -0.5 -0.5 -0.5 -0.5 8.9 18.9 33.7 49.5 65.4 77.9 90.8 104.1 115.2 123.6 127 129.9 130.8 132.8 134.5 133.5 125.3 114.9 97.9 80 70.6 69.8 89.9 104.3 116.7 132.2 146.3 164.5 181.5 189.1 192.8 193.7 189 184.2 175.2 163.8 147 129.6 112.5 96.4 80.6 65.1 54 43.9 34.6 28.9 25.9 21.1 18.7 16.3 12.2 5.3 -0.5 -0.5 -0.5 -0.5 -0.5 -0.5 -0.5 -0.5
69.2 69.3 66.6 60.2 48.5 38.1 28.9 18.3 -0.5 -0.5 -0.5 -0.5 -0.5 -0.5 -0.5 -0.5 -0.5 -0.5 -0.5 -0.5 -0.5 -0.5 -0.5 -0.5 7.6 12.1 23 38.1 53.4 70 81.6 96.3 109.4 121.6 128.8 131.6 133.4 134.2 134.9 134.7 130.9 121.3 108.2 90.5 73.1 67.9 70.5 94.5 107.4 117.1 130.8 145.9 164.1 182.8 193.3 197.4 198 192 183.2 173.6 160.5 143.6 127.1 110.1 94.2 78.2 63.9 52.7 41.7 34.7 32 28.9 25.3 22.1 18.3 13.4 7.2 0.5 -0.5 -0.5 -0.5 -0.5 -0.5 -0.5 -0.5
71.1 71.8 68.3 62.6 51.7 39 29.3 18.7 -0.5 -0.5 -0.5 -0.5 -0.5 -0.5 -0.5 -0.5 -0.5 -0.5 -0.5 -0.5 -0.5 -0.5 -0.5 -0.5 9.7 16.4 28.3 42.7 58.5 71.9 84.7 101.8 114.5 126.3 132.6 134.4 135 135 135 134.2 126.6 114.1 101.2 83.6 68 64.6 76.1 95.9 107.3 117.4 129.9 145.7 165.5 184.7 194.9 199.6 199 191.9 182.5 170.4 156.4 140.3 124.2 107.8 91.9 76.1 63.3 51.9 41.9 38.2 35.7 33 27.8 24.5 19 13.7 6.3 -0.5 -0.5 -0.5 -0.5 -0.5 -0.5 -0.5 -0.5
72.5 73.3 69.2 64.3 54.3 41.3 29.3 19.3 -0.5 -0.5 -0.5 -0.5 -0.5 -0.5 -0.5 -0.5 -0.5 -0.5 -0.5 -0.5 -0.5 -0.5 -0.5 -0.5 12.8 20.2 30.8 44.4 59 72.1 86.7 105.9 119 129.8 135 135 135 135 135 131.2 120 107.1 94.2 74.8 62.5 65 81.3 96.9 107.8 120.8 132.3 147.1 168.9 187.5 197.9 199.7 198 191.2 180.9 168.2 153.9 137.7 120.7 105.4 91.2 75.6 62.4 50.7 43.7 40.9 39.4 36.5 31.2 24.5 17.4 12 2.5 -0.5 -0.5 -0.5 -0.5 -0.5 -0.5 -0.5 -0.5
74.4 74.7 70.2 66.1 55.9 42.5 30.1 19.9 12.2 -0.5 -0.5 -0.5 -0.5 -0.5 -0.5 -0.5 -0.5 -0.5 -0.5 -0.5 -0.5 -0.5 -0.5 8.6 16.7 23.9 34.3 45.8 58.1 72.8 90.1 107.2 122.5 132.6 135 135 135 135 134.9 125.9 111.8 99.5 85.7 66.5 58.4 66.7 83.8 97.6 108.6 120.8 133.4 149.6 175.9 189.9 197.8 199 196.3 189.2 177.8 165.6 151.2 134.8 117.4 102.8 88.7 74.6 61.1 50.1 44.7 41.8 41.4 38.6 32.2 24.3 15.8 9.6 -0.5 -0.5 -0.5 -0.5 -0.5 -0.5 -0.5 -0.5 -0.5
75.9 76.9 76.1 67.9 58 43.9 32.6 21.7 13.1 -0.5 -0.5 -0.5 -0.5 -0.5 -0.5 -0.5 -0.5 -0.5 -0.5 -0.5 -0.5 -0.5 -0.5 12.6 21.1 28.5 38.2 49 62 75.7 94 110.1 126 135.2 135.5 135 135 135 131.5 118.5 103.9 91.1 76 58.1 58.3 68.7 84.6 99.5 111 120 131.7 149.3 175.9 187.3 193.2 196.5 194.3 186.1 174.8 161.9 148.9 132.3 115.9 102.8 89 71.6 57.6 49.2 46.9 44.3 42.4 38.8 34 23.7 13.6 -0.5 -0.5 -0.5 -0.5 -0.5 -0.5 -0.5 -0.5 -0.5 -0.5
76.5 78 78.7 70.6 59.6 46.2 34.9 23.6 13.5 -0.5 -0.5 -0.5 -0.5 -0.5 -0.5 -0.5 -0.5 -0.5 -0.5 -0.5 -0.5 -0.5 -0.5 15.2 24.6 34 43.7 53.4 65.9 80 98.7 116 129.4 136.8 140 137.4 135.5 134.9 125.8 111 96.1 82.4 66.2 54 58.9 72.8 87.7 100.5 112.9 121.7 130.6 147.1 168.9 180.5 189.4 194 191.5 183 172.3 159.6 146.1 131.8 116.9 103 87.2 70.2 55.2 50.8 48.7 45.4 42.4 37.8 32.7 21.3 10.7 -0.5 -0.5 -0.5 -0.5 -0.5 -0.5 -0.5 -0.5 -0.5 -0.5
77.5 79.5 78.9 72.8 62.7 49.2 36.6 25.6 15.7 -0.5 -0.5 -0.5 -0.5 -0.5 -0.5 -0.5 -0.5 -0.5 -0.5 -0.5 -0.5 -0.5 -0.5 18.1 27.4 39.7 49.3 60.3 76.2 87 108.5 123.2 134.6 138.6 140.4 139.8 136.8 129.9 118.9 104.3 88.2 72.8 58.2 50.9 60.8 76 89.5 99.2 112.4 122.7 130.2 144.9 163.9 177 186.7 192 186.8 179.5 169.5 157.9 145.5 132.9 118.2 102.7 86.5 65.1 53.8 51.7 48.7 44.9 37.6 32.3 26 16 -0.5 -0.5 -0.5 -0.5 -0.5 -0.5 -0.5 -0.5 -0.5 -0.5 -0.5
77.3 80 81.3 77.1 65.4 52.6 39.1 27.3 18.9 9.3 -0.5 -0.5 -0.5 -0.5 -0.5 -0.5 -0.5 -0.5 -0.5 -0.5 -0.5 -0.5 -0.5 19.1 30.4 44 54.9 67.9 80.6 94.5 117.9 130.1 137.5 140.8 140.7 138.8 135.5 126.7 114.2 95.9 80 64.4 50.7 51.2 62 77.3 88.6 99.2 112.3 121 129.6 147.8 163 175.5 187.2 187.7 181 174.3 165.7 155.9 144.3 132.3 118 101.4 84.6 61.8 56.3 52.7 47.9 43.4 33.1 26.5 19 9.7 -0.5 -0.5 -0.5 -0.5 -0.5 -0.5 -0.5 -0.5 -0.5 -0.5 -0.5
77.8 81.1 82.8 81.1 68.3 55.6 41.9 28.3 20.1 11.2 -0.5 -0.5 -0.5 -0.5 -0.5 -0.5 -0.5 -0.5 -0.5 -0.5 -0.5 -0.5 5.8 18.4 33.9 49 58.9 72.5 85.5 101.5 120.4 133.6 141.4 141.9 140.8 138.4 132.4 122.6 108.4 88.8 72.2 56 46.1 51.5 63.7 79.8 88.3 99.9 112.2 119.6 128.3 147.7 160.6 175.8 188.5 184.7 176.7 168.6 160.5 152.5 142.9 132 117.2 101.7 79.8 62.5 59.2 55 49.1 39.1 29 20.7 12 -0.5 -0.5 -0.5 -0.5 -0.5 -0.5 -0.5 -0.5 -0.5 -0.5 -0.5 -0.5
78 81.4 83.9 82.3 73.3 60 44.5 30.8 22.1 14.5 -0.5 -0.5 -0.5 -0.5 -0.5 -0.5 -0.5 -0.5 -0.5 -0.5 -0.5 -0.5 -0.5 18.7 32.5 47.6 60.2 76.2 90.1 105.4 123.8 134.7 142.3 143.8 143.1 138.9 130.7 114.9 100.7 82.1 65 49.4 44 50.6 65.1 81.1 88.2 99.1 111.2 116.8 124.9 143.7 161.1 177.9 183.8 180.3 174 165.6 158.3 150.5 142.7 131.9 118.7 98.7 75.7 66.2 63 57.4 50.4 34.2 23.6 14.6 6.2 -0.5 -0.5 -0.5 -0.5 -0.5 -0.5 -0.5 -0.5 -0.5 -0.5 -0.5 -0.5
77.5 81.1 84.2 84.3 77.3 64.2 48.1 34.3 24.4 16.6 -0.5 -0.5 -0.5 -0.5 -0.5 -0.5 -0.5 -0.5 -0.5 -0.5 -0.5 -0.5 -0.5 18.9 32.3 46.4 62.2 79.5 95.4 109.9 128.7 137.1 141.2 143 143.3 138.7 125.6 109.1 92.5 76.1 59 42.2 40.9 52 68.4 82 87.9 97.9 107.5 115.9 129.1 144.2 158.5 174.2 179 175.1 170 162.7 155.5 149.3 140.8 132.1 117.7 96.4 78.5 69.9 66.2 62.3 50.3 29.5 18.4 10.8 -0.5 -0.5 -0.5 -0.5 -0.5 -0.5 -0.5 -0.5 -0.5 -0.5 -0.5 -0.5 -0.5
77.4 80.8 84.5 86.5 79.5 68.5 53.8 37.1 26 18.1 8.2 -0.5 -0.5 -0.5 -0.5 -0.5 -0.5 -0.5 -0.5 -0.5 -0.5 -0.5 -0.5 18.6 29.2 44.1 62.6 80.4 96 110.8 124.6 133 139.2 141.6 140.4 134.1 118.4 101.9 84.6 69 53.4 39.8 42.6 53.8 70.3 80.7 88.3 99.1 108.8 118.1 131.9 144.9 156.7 170.4 171.8 171.5 166 159.6 153.2 147.1 138.8 131.2 115.6 94.2 82.7 73.9 67 60.1 47.3 30 14.9 -0.5 -0.5 -0.5 -0.5 -0.5 -0.5 -0.5 -0.5 -0.5 -0.5 -0.5 -0.5 -0.5 -0.5
77.1 80.9 85.7 88.4 82.2 72.5 60.7 42.1 27.5 19.1 10.9 -0.5 -0.5 -0.5 -0.5 -0.5 -0.5 -0.5 -0.5 -0.5 -0.5 -0.5 -0.5 17.5 28 42.6 62.4 78.3 91.5 104.6 117.4 129.8 135.3 137.8 136.4 127.6 111.2 94.1 76.9 61.6 46 38.2 41 55.5 69.3 80.1 88.5 100.3 109.9 122.5 137.1 147.3 157.1 164.7 167.4 166.8 161.6 156.5 150.5 144.5 139.4 132.4 118.1 98.4 86 75.3 64 55.1 41.8 26.6 10.8 -0.5 -0.5 -0.5 -0.5 -0.5 -0.5 -0.5 -0.5 -0.5 -0.5 -0.5 -0.5 -0.5 -0.5
77.9 80.8 86 90.9 85.2 76.9 64.5 47 30.3 21.9 14.3 -0.5 -0.5 -0.5 -0.5 -0.5 -0.5 -0.5 -0.5 -0.5 -0.5 -0.5 -0.5 15 26.6 41.5 57.9 72.5 85.6 97.2 110.2 122.3 129.6 131.2 131.3 119.7 103.7 86.1 69.2 53.9 40.5 32.1 41.4 53.2 68 79.7 89.2 100.8 113.6 127.6 140.5 148.1 156.1 162 165.6 162.8 158.2 153.1 147.6 141.9 136.8 132.7 119.2 101.7 89.9 73.7 61.8 49.9 35.2 21.8 6.1 -0.5 -0.5 -0.5 -0.5 -0.5 -0.5 -0.5 -0.5 -0.5 -0.5 -0.5 -0.5 -0.5 -0.5
79.3 81.5 88.7 91.6 87.2 79.5 66.7 50.6 34.3 25.5 18.3 11 -0.5 -0.5 -0.5 -0.5 -0.5 -0.5 -0.5 -0.5 -0.5 -0.5 -0.5 12.6 25.2 39.3 54.9 67.5 79.7 89.9 101.1 113.2 120.1 122.3 119 106.3 93 77.3 61.4 47 33.2 29.7 41.9 56.4 67.8 79.5 89.4 103.3 117.8 131.3 141.1 148.7 157.6 163.5 164.9 160.1 154.6 149.4 144.2 139.1 134.4 128.6 118.1 103.9 90.1 70.6 58.6 43.4 28.9 14.8 -0.5 -0.5 -0.5 -0.5 -0.5 -0.5 -0.5 -0.5 -0.5 -0.5 -0.5 -0.5 -0.5 -0.5 -0.5
81.2 82.2 86.6 90.9 86.5 79.3 67.9 51.3 39.8 29.9 22.8 16.7 -0.5 -0.5 -0.5 -0.5 -0.5 -0.5 -0.5 -0.5 -0.5 -0.5 -0.5 9.7 22.4 36.5 50.3 63 73.4 83.3 91.1 100.7 109.7 112.5 102.1 89.2 77 65.8 50.9 38.7 27.8 30.1 43.3 57.4 67.4 79.5 91.8 106.5 121 134.3 142.3 150.2 159.6 166 162 155.5 150.3 145.2 140.3 136.3 132.3 126 114.7 101 85.6 66.3 51.4 35.2 22.7 9.9 -0.5 -0.5 -0.5 -0.5 -0.5 -0.5 -0.5 -0.5 -0.5 -0.5 -0.5 -0.5 -0.5 -0.5 -0.5
82.1 82.7 89 90.6 84.3 77.6 66.7 54.7 44.1 34.9 27.8 22.7 17.2 -0.5 -0.5 -0.5 -0.5 -0.5 -0.5 -0.5 -0.5 -0.5 -0.5 -0.5 20.9 32.9 45.7 57.1 67 71.8 79.9 89.4 97.8 92.8 85.2 72.1 61.9 51.4 41.5 29.3 22.6 31.3 44.6 58.6 68 79.5 93 107.8 122.2 134.7 142.4 149.2 161.1 163.7 158.7 150.9 146 141 136.1 132.4 128.9 122.8 109.6 95.1 78.2 61.7 43.5 27 16 -0.5 -0.5 -0.5 -0.5 -0.5 -0.5 -0.5 -0.5 -0.5 -0.5 -0.5 -0.5 -0.5 -0.5 -0.5 -0.5
82.1 83.3 89 89.1 82.5 76.6 67.2 57.1 48.5 41.5 35.7 29 23.1 15.7 -0.5 -0.5 -0.5 -0.5 -0.5 -0.5 -0.5 -0.5 -0.5 -0.5 18.5 30 40.9 51.1 61 64.7 69.9 79.1 80.9 74 66.8 53.5 46.2 38.9 28.7 18.4 25.3 32.2 44.8 58.4 68.3 80.3 94 108.9 122.4 134 141.3 148.4 158.2 159.7 152.4 146.4 140.4 135.6 130.6 128.5 124.4 115.8 104 88.2 71.5 54 34.6 19.8 10.2 -0.5 -0.5 -0.5 -0.5 -0.5 -0.5 -0.5 -0.5 -0.5 -0.5 -0.5 -0.5 -0.5 -0.5 -0.5 -0.5
81.4 82.8 86.9 88.7 83.4 77.6 69.7 61.3 54.4 48.5 43.3 37.4 30.4 23 15.9 -0.5 -0.5 -0.5 -0.5 -0.5 -0.5 -0.5 -0.5 -0.5 13.9 24.7 35 45.4 53.1 55.9 58.3 63.4 64.1 56.6 48.4 41.5 35.8 25.9 16.9 19.8 23.2 31.3 45.9 58.8 68.7 81.3 95 109.4 121.5 132.3 140.4 147 152.4 152.4 146.1 139.8 133.4 129.3 126.7 122.1 116.6 106.9 94 78 63 46.1 24.6 12 -0.5 -0.5 -0.5 -0.5 -0.5 -0.5 -0.5 -0.5 -0.5 -0.5 -0.5 -0.5 -0.5 -0.5 -0.5 -0.5 -0.5
80.7 82.8 87.6 88.9 85 79.3 73.3 64.9 59 54.9 49.9 45.1 39.4 31.7 22.8 12 -0.5 -0.5 -0.5 -0.5 -0.5 -0.5 -0.5 -0.5 10.7 19.7 29 38.6 44.3 45.5 45.9 46.3 46.4 40.2 35 30.1 19.2 12.2 10.9 17.5 21.9 31.6 46.9 59.3 70.8 83.6 97 109.3 121.5 132.1 140.5 146 150 146.1 140.3 134.1 128.5 124.4 119.7 115 106.3 96 80.3 64.8 51.1 33.9 17.3 -0.5 -0.5 -0.5 -0.5 -0.5 -0.5 -0.5 -0.5 -0.5 -0.5 -0.5 -0.5 -0.5 -0.5 -0.5 -0.5 -0.5 -0.5
78.8 83.5 88.3 88.9 86.3 80 75.2 68.5 63.3 60.5 56.5 52.2 46.3 39.5 29.6 19.4 -0.5 -0.5 -0.5 -0.5 -0.5 -0.5 -0.5 -0.5 6 15.5 23.6 31.9 34.6 34.6 32.4 30 29.7 26.5 22.4 18.4 11.1 5.2 11.7 16.9 22 32.6 48 60.3 72.8 85.8 98 110.4 121.4 131.4 140.2 143.9 145.8 141.8 134.7 128.5 122.5 118 112.1 105.3 95 81 65.8 47.8 33.1 19.2 9.4 -0.5 -0.5 -0.5 -0.5 -0.5 -0.5 -0.5 -0.5 -0.5 -0.5 -0.5 -0.5 -0.5 -0.5 -0.5 -0.5 -0.5 -0.5
80.2 83.7 88.4 90.3 85.5 79 74.7 70.4 68.3 67.8 62.2 57.1 49.9 45.7 36.7 24.1 10.8 -0.5 -0.5 -0.5 -0.5 -0.5 -0.5 -0.5 -0.5 11.4 18.6 23.3 26.5 24.8 19.8 15.4 14.3 15.7 12.3 6.9 2.9 3.4 10 15.2 21.1 34.2 49 62.1 73.3 87.1 98.1 109.8 120.5 130.6 139.3 145.3 143.1 136.7 129.7 122.6 116.4 111.5 104 92.6 80.8 68.3 51.8 33.9 20.3 -0.5 -0.5 -0.5 -0.5 -0.5 -0.5 -0.5 -0.5 -0.5 -0.5 -0.5 -0.5 -0.5 -0.5 -0.5 -0.5 -0.5 -0.5 -0.5 -0.5
81 81 83.9 88.4 83.1 77.2 72.4 69.1 70.5 70.1 62.9 55.3 48.7 45.3 41.4 28.6 17 -0.5 -0.5 -0.5 -0.5 -0.5 -0.5 -0.5 -0.5 -0.5 12.1 15.2 14.3 -0.5 -0.5 -0.5 -0.5 -0.5 -0.5 -0.5 -0.5 -0.5 -0.5 12.5 22.3 35.1 49.2 62.6 74 86.9 97.2 108.6 119.2 129 139.1 146.7 142.1 133.7 125.4 117.5 110.5 104.1 92.5 79.8 68.5 57.5 35.9 18 -0.5 -0.5 -0.5 -0.5 -0.5 -0.5 -0.5 -0.5 -0.5 -0.5 -0.5 -0.5 -0.5 -0.5 -0.5 -0.5 -0.5 -0.5 -0.5 -0.5 -0.5
79.9 79.1 82 84 80.8 74.6 69.3 69.1 69.8 67.7 59.4 51.4 46.3 42.6 39 30.1 21 11.7 -0.5 -0.5 -0.5 -0.5 -0.5 -0.5 -0.5 -0.5 -0.5 -0.5 -0.5 -0.5 -0.5 -0.5 -0.5 -0.5 -0.5 -0.5 -0.5 -0.5 -0.5 -0.5 23.7 38.3 50.7 63.3 74.9 86.4 96.8 107.8 117.6 126.2 139.3 147.8 139.3 129.4 120.6 112.9 105.1 94.5 82.3 69 55.3 36.4 22.4 -0.5 -0.5 -0.5 -0.5 -0.5 -0.5 -0.5 -0.5 -0.5 -0.5 -0.5 -0.5 -0.5 -0.5 -0.5 -0.5 -0.5 -0.5 -0.5 -0.5 -0.5 -0.5
77.6 79.1 80.8 81.2 77.5 70.9 66.8 67.6 66.4 62.9 59.3 48.8 44.9 40.6 36.4 31 24.6 14.5 -0.5 -0.5 -0.5 -0.5 -0.5 -0.5 -0.5 -0.5 -0.5 -0.5 -0.5 -0.5 -0.5 -0.5 -0.5 -0.5 -0.5 -0.5 -0.5 -0.5 -0.5 -0.5 23.8 39.4 54.1 65.4 76.7 87.2 97 106.4 114.7 122.8 138.2 147.6 136.2 125.6 116.5 107.3 98.4 85.9 71.6 56 36.8 25 -0.5 -0.5 -0.5 -0.5 -0.5 -0.5 -0.5 -0.5 -0.5 -0.5 -0.5 -0.5 -0.5 -0.5 -0.5 -0.5 -0.5 -0.5 -0.5 -0.5 -0.5 -0.5 -0.5
