data/430000-1110000.asc
ncols 200
nrows 200
xllcorner 430000
yllcorner 1110000
cellsize 50
[rows 76 to 113 of 200, columns 85 to 169 of 200]
-0.3 -0.3 -0.3 -0.3 -0.3 -0.3 -0.3 -0.3 -0.3 -0.3 -0.3 -0.3 -0.3 -0.3 -0.3 -0.3 -0.3 -0.3 -0.3 -0.3 -0.3 -0.3 -0.3 -0.3 -0.3 -0.3 -0.3 78.1 76.7 77 74.5 65.3 67 62.8 55 50.2 48.5 45.1 46.4 49.2 52.5 51.1 50.4 49.8 49.4 46.6 41.1 35.5 30 25.8 22.7 17.8 14.3 8.2 3 0.9 0.9 0.9 0.9 0.9 0.9 0.9 0.9 0.9 0.9 2.2 9.7 17.7 21.2 20.8 20 21.1 20.6 19.9 17.5 21.6 24.3 28.1 32.8 33.8 34.2 34.7 33.1 31.5 30.9
-0.3 -0.3 -0.3 -0.3 -0.3 -0.3 -0.3 -0.3 -0.3 -0.3 -0.3 -0.3 -0.3 -0.3 -0.3 -0.3 -0.3 -0.3 -0.3 -0.3 -0.3 -0.3 -0.3 -0.3 -0.3 -0.3 89.8 85.9 81.5 79.1 74.5 67.7 68.6 64.1 59.6 58.6 54.8 53.7 54.8 56 57.9 56.7 53.8 52.7 50.5 50.1 43.9 37.4 31.4 26.9 22.5 19.9 16.8 11.8 6.4 3.5 1.4 1.6 1 0.9 0.9 0.9 0.9 0.9 0.9 1.4 6.9 12.5 15.3 17.2 17.6 17.4 16.9 15.8 14.8 17.1 17.2 21.6 27.8 27.9 27.6 30.4 27.4 25.2 24.3
-0.3 -0.3 -0.3 -0.3 -0.3 -0.3 -0.3 -0.3 -0.3 -0.3 -0.3 -0.3 -0.3 -0.3 -0.3 -0.3 -0.3 -0.3 -0.3 -0.3 -0.3 -0.3 -0.3 -0.3 55.3 95.8 95.5 89.3 85.6 84.4 74.7 68.2 68.5 65 62.6 62.4 59.8 61 61.9 61.3 60.8 60.4 56.8 53.7 49.9 47.6 42.8 38 32.8 27.1 22.4 20.1 17.9 12.9 8.1 4.7 2.4 2 0.9 0.9 0.9 0.9 0.9 0.9 0.9 1.4 5.8 8.7 9.9 12.2 13.7 13.9 12.9 12.8 11.4 13 11.9 16 19.5 21.3 21.5 21.3 20 18.9 18.6
-0.3 -0.3 -0.3 -0.3 -0.3 -0.3 -0.3 -0.3 -0.3 -0.3 -0.3 -0.3 -0.3 -0.3 -0.3 -0.3 -0.3 -0.3 -0.3 -0.3 -0.3 -0.3 -0.3 -0.3 -0.3 92.8 96.3 89.5 86.8 84.3 75 69.1 67.4 66.3 66.3 65.4 64.3 63.7 64.1 62.2 60.3 60.9 60.7 60.9 56.7 51.4 46.4 39.2 33 27.9 22.4 20 18 14 9.5 6.1 2 1 0.9 0.9 0.9 0.9 0.9 0.9 0.9 0.9 3.7 6.7 9.9 10.7 11.5 11.3 9.7 9 7.6 6.3 8.6 10.7 14.4 15.2 17 17.1 14.8 13.2 13
-0.3 -0.3 -0.3 -0.3 -0.3 -0.3 -0.3 -0.3 -0.3 -0.3 -0.3 -0.3 -0.3 -0.3 -0.3 -0.3 -0.3 -0.3 -0.3 -0.3 -0.3 -0.3 -0.3 -0.3 -0.3 90.2 97.4 89.6 85.8 84.7 79.8 68.6 68.1 67.8 69.5 68 66.6 65.3 65.6 69 72.1 72.4 74.8 76.6 72.4 64.8 56 47.2 35.3 29 24.2 20.8 18.4 14.7 9.4 4 1.6 0.9 0.9 0.9 0.9 0.9 0.9 0.9 0.9 0.9 0.9 4.7 7.5 7.9 8.1 7.8 5.6 4.4 3.3 3.1 4.4 7.5 9.5 10.5 12.7 12.3 10.1 7.4 6.9
-0.3 -0.3 -0.3 -0.3 -0.3 -0.3 -0.3 -0.3 -0.3 -0.3 -0.3 -0.3 -0.3 -0.3 -0.3 -0.3 -0.3 -0.3 -0.3 -0.3 -0.3 -0.3 -0.3 -0.3 55 100.6 96.9 89.2 86.5 85.1 80.4 70.9 68.7 68.7 68.3 67.7 68.4 69.2 70.5 74.3 76.7 78.7 81.8 84.2 79.6 74.2 66.3 56.1 43.3 30.6 26.3 22.7 19.5 15.9 9.6 4.7 1.7 1.4 0.9 0.9 0.9 0.9 0.9 0.9 0.9 0.9 0.9 1.7 3.7 4.2 3.6 1.8 2.4 2.1 2.2 2.5 2.6 3.8 5.9 8.9 9.4 7.7 5.9 2.8 2.3
-0.3 -0.3 -0.3 -0.3 -0.3 -0.3 -0.3 -0.3 -0.3 -0.3 -0.3 -0.3 -0.3 -0.3 -0.3 -0.3 -0.3 -0.3 -0.3 -0.3 -0.3 -0.3 -0.3 -0.3 73.9 99 94.9 90.9 86.4 85.5 83.1 77.2 69.6 69.2 70.6 71.9 73.1 75.7 75.8 79.1 81.1 83.3 85.8 89.4 86.5 80.9 73.7 64.7 50.3 36.5 28.1 25 19.9 16.9 11.8 7 4.6 2.6 1.3 0.9 0.9 0.9 0.9 0.9 0.9 0.9 0.9 0.9 2.1 1.8 1 1.6 2.3 2.4 2.3 2.3 2.3 2.1 3.8 6.1 5.7 3.8 2.3 2.3 2.3
-0.3 -0.3 -0.3 -0.3 -0.3 -0.3 -0.3 -0.3 -0.3 -0.3 -0.3 -0.3 -0.3 8.7 -0.3 -0.3 -0.3 0.8 -0.3 -0.3 -0.3 -0.3 -0.3 47.3 102.2 102.3 95.4 91.4 87.9 87.9 87.1 77.6 71.9 71.3 74.1 75.9 77.9 80.6 84.4 85.3 85.9 87.9 89.7 90.5 89.8 85.1 77.1 67.2 53.5 42 33.7 29.5 24 18.2 14.7 11.2 7.3 4.9 4.2 3.4 2.6 0.9 0.9 0.9 0.9 0.9 0.9 0.9 0.9 0.9 1 1.8 2.3 2.3 2.3 2.3 2.3 2.2 2.6 2.9 2.3 2.3 2.3 2.3 2.3
-0.3 -0.3 -0.3 -0.3 -0.3 -0.3 -0.3 -0.3 -0.3 -0.3 -0.3 -0.3 -0.3 -0.3 -0.3 -0.3 -0.3 -0.3 -0.3 -0.3 -0.3 -0.3 -0.3 72.1 105 101.5 94.7 90.2 89.3 90.3 85.6 77.3 74 74.8 78.1 80.4 83.3 88.6 90.4 92.7 94.3 92.9 93.6 93.5 91.9 86.7 77.7 67.2 56.2 45.8 38.5 33.2 28.5 24.8 24.9 20.2 12.9 11.2 10 8.7 6 3.7 4 4.6 3.7 3 1.4 0.9 0.9 0.9 2.1 2 2.2 2.2 2.2 2.3 2.3 2.3 2.3 2.3 2.3 2.3 2.3 2.3 2.3
-0.3 -0.3 -0.3 -0.3 -0.3 -0.3 -0.3 -0.3 -0.3 -0.3 -0.3 -0.3 -0.3 -0.3 -0.3 -0.3 -0.3 -0.3 -0.3 -0.3 -0.3 -0.3 77 96 105.8 99.4 92.6 88.5 88.4 88.8 81.8 77.4 79.2 80.6 86.5 91.2 95.5 97.5 99.7 100.2 101 98.7 98.7 96.2 93.5 87.5 76.9 66.4 54.6 47.5 41.8 36.9 32.7 28.5 26.2 25.1 18.9 16.1 15.9 15.5 12.7 10.2 10.2 8.5 7.4 6.3 4.1 1.8 0.9 1 1.6 2.1 2.1 2.2 2.2 2.2 2.3 2.3 2.3 2.3 2.3 2.3 2.3 2.3 2.3
-0.3 -0.3 -0.3 -0.3 -0.3 -0.3 -0.3 -0.3 -0.3 -0.3 -0.3 -0.3 -0.3 -0.3 -0.3 -0.3 -0.3 -0.3 -0.3 -0.3 -0.3 -0.3 25.8 56.7 94 96 89.1 83.8 82.9 82.3 78.2 80.5 82.6 85 89.9 97.4 101.9 103.1 105.9 104.2 103.1 100.6 99.7 96.7 91.9 85 75.5 63.4 55.8 49.4 45.1 41.5 37.4 33.2 31.2 30.8 24.5 21 22.2 23 19.3 16.3 14.6 10.9 9.6 8.1 6.2 4.3 2.3 1.5 1.7 2 2.2 2.4 2.4 2.3 2.2 2.3 2.3 2.3 2.3 2.3 2.3 2.3 2.3
-0.3 -0.3 -0.3 -0.3 -0.3 -0.3 -0.3 -0.3 -0.3 -0.3 -0.3 -0.3 -0.3 -0.3 -0.3 -0.3 -0.3 -0.3 -0.3 -0.3 -0.3 -0.3 -0.3 -0.3 51 91 85.3 80.9 79 78.1 79 81.6 83.8 86.4 91.2 98 103.2 107.6 108.3 107 105.7 103.1 99 94.4 88.7 80.9 72 62.7 55.7 52.4 48.1 44.7 41.4 38.6 38.5 39.8 34.7 29.9 33.6 34.1 31.3 25 19.5 15.7 11.4 10.4 8.8 6.8 4.4 3 2.1 2.1 2.4 2.6 2.5 2.3 2.2 2.1 2.3 2.3 2.3 2.3 2.3 2.3 2.3
-0.3 -0.3 -0.3 -0.3 -0.3 -0.3 -0.3 -0.3 -0.3 -0.3 -0.3 -0.3 -0.3 -0.3 -0.3 -0.3 -0.3 -0.3 -0.3 -0.3 -0.3 -0.3 -0.3 -0.3 -0.3 48.6 81.4 79.6 77.9 77.9 80.9 82.2 84.4 87.4 93.5 99.4 102.6 107.3 107.8 105.6 102.8 101.1 97.2 92.1 85 76.7 68.8 61.1 53.6 50.3 48.1 46 42.7 40.9 40.8 41.3 41.2 39.7 41.6 47.1 43.5 36.7 27.4 21.3 16.4 12.5 10.8 8.9 5.7 3.8 3 3 2.9 2.8 2.9 2.8 2.5 2.9 2.3 2.3 2.3 2.3 2.3 2.3 2.3
-0.3 -0.3 -0.3 -0.3 -0.3 -0.3 -0.3 -0.3 -0.3 -0.3 -0.3 -0.3 -0.3 -0.3 -0.3 -0.3 -0.3 -0.3 -0.3 -0.3 -0.3 -0.3 -0.3 -0.3 -0.3 -0.3 62.7 75.2 74.4 75.3 81.3 83.3 83.8 84.2 90.3 96.3 99.1 102.5 102.3 100.4 98.3 96.8 92.3 86.7 79.3 70.1 62.4 57 51.7 49.7 48.1 46.5 44 42.8 43.1 43.6 44.6 46.2 47.5 51.6 51.3 42.1 33.8 27.2 19.6 14.2 10.6 8.2 5.4 4.3 3.4 3.2 3.1 3.1 3.5 4.4 6 6.8 6 4.9 4.5 5.4 5.5 4.6 3.5
-0.3 -0.3 -0.3 -0.3 -0.3 -0.3 -0.3 -0.3 -0.3 -0.3 -0.3 -0.3 -0.3 -0.3 -0.3 -0.3 -0.3 -0.3 -0.3 -0.3 -0.3 -0.3 -0.3 -0.3 -0.3 -0.3 48.6 68.5 68.6 65 70.2 75.6 77.7 78.7 84.8 90.9 96.1 97.7 96.6 94.3 91.9 89.2 86 79.8 73 63.3 55.5 52.7 50.4 48.6 47.2 45.7 44.7 44 45.8 45.8 46.2 46.7 46.8 50.5 50.6 44.5 36.6 29.8 20.4 14.6 10.9 8.1 5.8 4.8 3.7 3.3 3.2 3.5 4 6.2 9.6 10.9 11 10.3 10 10.3 10.3 9.1 7.2
-0.3 -0.3 -0.3 -0.3 -0.3 -0.3 -0.3 -0.3 -0.3 -0.3 -0.3 -0.3 -0.3 -0.3 -0.3 -0.3 -0.3 -0.3 -0.3 -0.3 -0.3 -0.3 -0.3 -0.3 -0.3 -0.3 -0.3 60.8 63.9 60.4 64.3 66 66.8 71.9 77.1 81.3 85.1 86.9 88.9 88 85.5 82.4 78.5 72.5 65.7 59.6 53.3 50.9 49.2 47.4 46 45.2 44.3 43.7 44.9 46.7 45.6 45.8 45.4 45.7 44.9 39.3 33.2 28.3 19.2 13.6 10.6 7.5 6 4.8 4 3.5 3.4 3.9 5 7.7 10.5 14 16.7 17.1 14.9 13.8 12.9 10.7 10.3
-0.3 -0.3 -0.3 -0.3 -0.3 -0.3 -0.3 -0.3 -0.3 -0.3 -0.3 -0.3 -0.3 -0.3 -0.3 -0.3 -0.3 -0.3 -0.3 -0.3 -0.3 -0.3 -0.3 -0.3 -0.3 -0.3 -0.3 45.2 64.9 59.7 58.2 59.9 60 61.8 66.6 70.5 74.4 78.3 80.7 80.6 77.1 72.8 68.6 63.9 58 55.1 51.8 49.2 46.6 46.1 45.1 44.1 43.3 42.7 42.3 43.4 42.4 42.2 41.6 39.9 38.4 32.9 28.2 24 16.6 12.9 10 7.4 6.1 4.9 4.2 3.6 3.5 3.4 5.8 9.6 13.1 17.4 20.4 21.3 19.7 18.2 17.2 14.5 13.8
-0.3 -0.3 -0.3 -0.3 -0.3 -0.3 -0.3 -0.3 -0.3 -0.3 -0.3 -0.3 -0.3 -0.3 -0.3 -0.3 -0.3 -0.3 -0.3 -0.3 -0.3 -0.3 -0.3 -0.3 -0.3 -0.3 -0.3 -0.3 47.3 62.1 55.2 53.3 55.1 55 57.1 59.4 62.6 69.6 71.5 68.9 65.5 62.2 58.7 55.9 53.2 50.3 46.5 42.8 41.6 41.3 42 40.9 40 38.4 38 38.7 36.7 35.5 34.8 33.5 32.1 28 23.8 19.6 14.5 12 9.5 7.6 7.9 7.8 6.1 4.2 4.2 4.3 6 9.3 13.6 17.9 21.1 22.5 23.3 22.5 22.1 20.6 18.2
-0.3 -0.3 -0.3 -0.3 -0.3 -0.3 -0.3 -0.3 -0.3 -0.3 -0.3 -0.3 -0.3 -0.3 -0.3 -0.3 -0.3 -0.3 -0.3 -0.3 -0.3 -0.3 -0.3 -0.3 -0.3 -0.3 -0.3 -0.3 -0.3 58.6 57.7 53.6 50.5 49.2 49.1 50.7 54.3 57.8 60 56.9 53.6 52.3 50 47.1 46.8 43.5 39.3 36.3 35.9 34.8 35.9 35.9 35.2 33.7 32.8 33.4 30.8 28.3 28.9 27.8 26 23.3 19.2 15.6 12.9 10.6 8.9 8.6 8.2 7.8 6.6 5.7 5.7 6 7.1 9.9 13 16.9 20.7 22.4 25.9 28.5 29.5 27.8 23.2
-0.3 -0.3 -0.3 -0.3 -0.3 -0.3 -0.3 -0.3 -0.3 -0.3 -0.3 -0.3 -0.3 -0.3 -0.3 -0.3 -0.3 -0.3 -0.3 -0.3 -0.3 -0.3 -0.3 -0.3 -0.3 -0.3 -0.3 -0.3 -0.3 57.6 58.7 54.2 50.9 47.9 46.2 46.4 50.1 52.8 49.7 47.6 46.4 44.2 41.3 39 37.9 35.7 30.5 29.7 30.1 28.8 27.3 28.6 29.1 26.6 25.7 26.3 23.4 21.7 22.6 22.2 20.5 19.2 15.2 13.4 11.5 9.3 9.1 8.8 8.2 7.8 7.1 6.4 5.9 5.9 7.5 10.3 12.9 16.4 20.5 23.9 28.5 32 33.7 31.5 25.9
-0.3 -0.3 -0.3 -0.3 -0.3 -0.3 -0.3 -0.3 -0.3 -0.3 -0.3 -0.3 -0.3 -0.3 -0.3 -0.3 -0.3 -0.3 -0.3 -0.3 -0.3 -0.3 -0.3 -0.3 -0.3 -0.3 -0.3 -0.3 -0.3 62 59.2 53.9 49.9 47.1 45.4 44.3 44.4 43.9 42.5 41.2 39.5 37.3 35.6 33.1 31.2 29.2 26 25.1 24.3 22.4 20.7 20.6 18.9 19.5 18.6 18.7 16.3 16 17.8 17.8 16.4 15.2 13.3 11.8 10.1 9 9.2 9 8.5 8.1 7.5 6.7 5.9 6.1 7.6 10.1 14.4 18.3 21.8 26.3 31.2 35.2 37.2 33.9 28.2
-0.3 -0.3 -0.3 -0.3 -0.3 -0.3 -0.3 -0.3 -0.3 -0.3 -0.3 -0.3 -0.3 -0.3 -0.3 -0.3 -0.3 -0.3 -0.3 -0.3 -0.3 -0.3 -0.3 -0.3 -0.3 -0.3 -0.3 26.9 63.1 60.6 56.7 53.1 48.8 47 45.5 44.8 44.4 44.9 45.1 45.3 40.9 37.2 33.2 28.7 27 24 22.8 21.9 21 21 19.8 19.1 18.4 17.9 16.3 16 15.3 14.7 14.1 14.3 13.7 13 12.9 11 9.1 9.1 9.3 9.2 8.7 8.8 8.7 7.4 6.8 6.6 8 11.1 15.8 20.2 24 27.8 32.8 39.3 40.7 37.7 31.9
-0.3 -0.3 -0.3 -0.3 -0.3 -0.3 -0.3 -0.3 -0.3 -0.3 -0.3 -0.3 -0.3 -0.3 -0.3 -0.3 -0.3 -0.3 -0.3 -0.3 -0.3 -0.3 -0.3 -0.3 -0.3 -0.3 -0.3 23.8 68.8 60.4 56.3 54.2 50.3 47.6 46.9 47.8 50.6 50.5 49.3 49.3 45.5 42.6 36.8 30.1 25.8 23.6 22.8 22.8 22.4 23 21.7 21.4 20.1 18.7 16.5 15.8 14.9 14.4 13.5 12.8 12.2 12.5 12.3 11.2 9.9 9.8 9.8 9.3 9.1 9 10.3 8.8 7.7 8.4 8.7 11 17.3 22.2 26 29.8 34.8 41 41 40.9 35.9
-0.3 -0.3 -0.3 -0.3 -0.3 -0.3 -0.3 -0.3 -0.3 -0.3 -0.3 -0.3 -0.3 -0.3 -0.3 -0.3 -0.3 -0.3 -0.3 -0.3 -0.3 -0.3 -0.3 -0.3 -0.3 40.2 46.5 71.3 69.1 61 55 52.8 49.7 47.1 48.5 53.6 57.1 57.7 54.1 51.7 49.8 43.6 34.8 27.5 24.8 23.2 25.8 27.2 30 30.4 26.3 24.8 23.6 22.2 18.7 17.3 15.7 14.4 13.5 12.8 12.3 12 11.7 11.2 10.7 10.6 9.5 9.3 9 9.1 11 11.3 9.7 9.7 10.2 12.7 18.9 24 27.9 32.3 37.2 41 41.6 42.3 39.7
-0.3 -0.3 -0.3 -0.3 -0.3 -0.3 -0.3 -0.3 -0.3 -0.3 -0.3 -0.3 -0.3 -0.3 -0.3 -0.3 -0.3 -0.3 -0.3 -0.3 -0.3 -0.3 -0.3 -0.3 34.6 80.2 81.2 70.4 63.2 58.1 51.9 49.1 47.3 46.1 50.3 54.3 56.6 58.7 55.3 51.9 42.9 35.4 29.9 25.7 25.4 26.5 28.9 31.2 32.4 33.4 31.2 29.8 28.3 25.2 20.8 18.4 16.9 15.5 14.2 13.1 12.3 11.6 11.4 11 10.8 10.5 9.3 9 8.9 9.1 10.3 10.2 10.8 11.5 12.6 15.8 21.4 26 30.1 35.1 40.6 41.9 42.7 43.5 41.1
-0.3 -0.3 -0.3 -0.3 -0.3 -0.3 -0.3 -0.3 -0.3 -0.3 -0.3 -0.3 -0.3 -0.3 -0.3 -0.3 -0.3 -0.3 -0.3 -0.3 -0.3 -0.3 -0.3 -0.3 36.1 86.4 75 64.6 54.9 50.8 48.2 45.5 42.8 45.2 49 53.8 59.3 60.9 54.9 47 38.5 31.3 27.4 26.5 27.4 30 31.8 33.5 34.9 35.7 36.5 35 31 26.8 21.5 19.5 18 16.7 15.1 13.6 12.7 11.8 11.5 10.9 10.4 9.5 9 9 8.9 9.1 10.3 11.6 13 13 14.7 18.2 23.4 28.7 34.1 39.7 42.7 43.6 43.9 44.7 43.4
-0.3 -0.3 -0.3 -0.3 -0.3 -0.3 -0.3 -0.3 -0.3 -0.3 -0.3 -0.3 -0.3 -0.3 -0.3 -0.3 -0.3 -0.3 -0.3 -0.3 -0.3 -0.3 -0.3 -0.3 55.4 92.6 78.8 63.3 52 46.7 43.5 42.2 42.1 42.1 47.8 51.6 55 54.8 49.8 42.1 34.3 29.4 27.5 28.1 30.6 32 33.6 35.3 37.3 37.9 39.8 40.6 36.8 29.9 26.6 24.5 22.4 19.3 16.5 16.2 17 15 10.8 10.7 9.7 9.5 9.1 9 9 11 12.3 13.7 14 14.6 16.6 21.4 26.4 32.5 38.3 43.5 45.1 45.6 45.3 45.9 45.6
-0.3 -0.3 -0.3 -0.3 -0.3 -0.3 -0.3 -0.3 -0.3 -0.3 -0.3 -0.3 -0.3 -0.3 -0.3 -0.3 -0.3 -0.3 -0.3 -0.3 -0.3 -0.3 -0.3 -0.3 89.3 97.6 82.6 68.6 59.1 48.3 43.6 41.1 41.6 41.1 44.8 48.1 52.1 48.9 44.6 36.9 30 28.2 27.5 31.3 34 36 35 39.5 40.9 41 39.8 40.3 40.6 34.3 29.9 26.7 23.8 21.2 18.4 20.8 22.5 18.2 13.8 9.9 9.1 9.1 9 9 9 12.2 13.4 15.8 17.9 18.6 21.7 26.1 30.5 35.6 41.5 46.2 47.5 47.3 46.6 46.5 46.3
-0.3 -0.3 -0.3 -0.3 -0.3 -0.3 -0.3 -0.3 -0.3 -0.3 -0.3 -0.3 -0.3 -0.3 -0.3 -0.3 -0.3 -0.3 -0.3 -0.3 32.1 35.6 49.2 47.9 84.7 99 84.1 70.3 60.6 50.9 45.5 40.6 39.2 39.2 41.3 43.9 47.4 43.5 38.7 31.8 29.5 28.3 31.1 34.4 37.2 38.1 36.3 39.7 41.6 42.4 41.8 41.2 40.8 35.2 31.6 28.3 25.3 22.6 23.3 26.7 24 18.9 14.7 10.4 9 8.6 8.5 8.7 9.7 13.3 14.7 17.8 20.9 22.7 25.8 30.3 34.8 38.9 42.2 44.5 47.2 47 46 45.6 45.7
-0.3 -0.3 -0.3 -0.3 -0.3 -0.3 -0.3 -0.3 -0.3 33 70 -0.3 -0.3 -0.3 -0.3 -0.3 -0.3 40.8 43.7 40.7 63.1 67.7 86 109 110.1 100 85.1 71.1 61.5 53.2 46.3 41.5 38.8 35.9 37.8 39.4 40.6 38.8 33.4 30.4 29.7 32 34.8 37.6 39.6 38.4 37.4 40.5 42.6 43.4 43.3 42.7 41.4 36.2 32.7 29.1 27.2 25.9 26.4 27.3 24 18.4 13 9.7 9 9 9 9.5 11.5 13.8 16.8 20.1 23.4 25.7 29 32.9 36 39 40.5 42.3 44.4 45.5 44.9 45.4 45.8
-0.3 -0.3 -0.3 -0.3 -0.3 -0.3 -0.3 -0.3 -0.3 44.8 79.4 -0.3 -0.3 -0.3 19.4 59 78.1 76.4 85 103.7 116.7 130.4 130.3 123 112 99.9 85.5 71.6 61.7 53.8 46.1 41.3 39.8 37.9 37.3 35.3 35.6 32.1 30.3 34.8 33.7 35.5 37.6 39.9 40.8 39.4 39.5 41.1 43.9 44.4 44.8 44.1 41.7 36.6 32.3 29.1 28.4 29.2 29.5 28.1 23.1 18.2 13.2 9.6 9 8.9 8.9 10.4 13 16.4 20.2 23.6 25.9 27.3 30.2 31.9 34.9 37.5 39.3 39.6 40.6 41.7 43.4 45 45.8
-0.3 -0.3 -0.3 -0.3 -0.3 -0.3 -0.3 -0.3 -0.3 56.8 88.9 54 25.8 64.3 98.6 123.6 132.9 132.3 147.7 151.2 145.3 135.7 129.1 121.7 110.4 99.5 86.7 73.6 64.4 56.4 49 44.4 41.1 39.8 39.4 39.1 36.5 32.8 35 36.7 37.6 38.7 40.3 42 42.9 42.2 43 43.5 44.9 45.2 45.5 45.1 42.1 37 30.7 29.2 29 30 30.3 27.8 22.2 17.8 13.5 9.8 9.5 8.9 9 11.5 15.9 19.5 23.3 27.4 28.7 29.4 29 30.7 33.4 34.5 36.5 36.8 37.5 39.4 41.5 43.4 45.2
-0.3 -0.3 -0.3 -0.3 -0.3 -0.3 -0.3 -0.3 -0.3 60.6 98.1 108.6 104 148.2 167.8 168.9 165.3 161.9 159 151.1 143.7 135.6 127.7 120.1 109.6 98.7 86 75.6 65.7 58.6 52.7 47.3 42.2 41.3 41.7 42 38.9 33.4 34.6 37.6 40 41.8 43.2 44.6 45.1 45 45.3 46.1 46.5 46.9 47.3 45.4 42.4 38.8 34 30.2 29 29.1 27.9 25 21.5 17.7 13.5 10.7 9.6 8.9 10.2 14 18.8 23.3 27.6 30.5 30.8 31 29.6 28.8 28.4 29.6 31.7 33.2 36.8 39.3 40.5 42.4 44.4
166.7 94.2 -0.3 -0.3 -0.3 -0.3 -0.3 -0.3 -0.3 72.7 113 143.6 164 169.8 169.9 168.2 162.1 158.6 152.9 146.9 140 131.8 123.8 115.6 105.6 95 85.1 76.8 67.4 61.7 55.8 49.7 44.8 44.7 45.4 44.3 39.7 34.8 35 38.4 42 45.4 46.9 47.2 47.1 47 48 48.8 49.2 48.7 48.4 45.6 42.8 40 36 32 27.6 27.5 25.2 23 20.1 16.3 12.6 11.3 10.3 9 11.4 16.7 20.2 24.3 29.1 30.8 32.3 32.6 30.2 28.1 25.2 26.8 29 31.4 34.3 37.4 39.8 41.7 43.7
166 172.1 133.2 -0.3 94.4 48.8 -0.3 -0.3 26.9 73.6 112.6 148 167.8 169 166.3 163 159.2 153.4 147.7 142.1 134.7 126.6 118.7 110.8 102.3 93 84.5 77.3 69.4 63.2 58 52.8 49.7 49.5 51 46.4 42.5 36.2 37.2 39.8 42.5 46.3 48.4 48.5 48.4 49.3 51 52.2 52.4 51.3 48.3 45.3 42.3 39.6 35.2 30.2 27.9 26.7 24.6 21.4 18.8 16.6 14.5 12.8 11.4 10.4 14.9 20.3 23.5 26.4 28.8 29.9 31.8 33.4 31 28.2 25.3 26.4 27.5 30 33.2 37.1 39.4 41.1 43.1
163.1 173.2 152 112.4 143.3 113.1 -0.3 -0.3 35.2 77.2 115.8 152.1 159.4 160.5 160 157.1 152.3 146.8 141.6 136.9 129.8 123 116.1 109.2 101.2 92.1 84.8 77.9 70.9 64.7 59.9 55.2 52.3 51.4 50.7 47.8 42.3 36.2 39.2 41.8 44.3 47.1 49.6 52 52.6 55.9 57.8 57.2 56 53.5 50.4 45.7 41.1 38.8 33.9 31.2 28.5 26.5 24.3 21.6 19.2 18.3 15.9 13.7 11.5 11 14.9 20 23.6 27 31 31.5 32.6 33.7 30.8 27.2 25 25.2 26.1 28.8 31.4 35.3 38.9 41.4 43.2
162.7 171.3 167.3 138.7 163.2 174.7 155.4 137.4 104.2 100.2 135.7 162 153.7 152.8 153.4 150.7 146.2 139.9 133.7 129.2 124.6 119.2 113.4 107.1 100.6 91.5 84.1 76.8 71.5 66.9 62 57.5 54.2 52.8 49.3 46.1 41.5 38 39.7 43.6 46.1 48.9 51.1 55.2 57.3 60.9 60.9 59.8 57.9 55.5 53.2 48.4 42.8 39.3 36.7 35.4 32.4 29.3 24.9 22.5 20.5 19.3 18.1 17 11.6 10.9 14.3 19.8 24.1 28.1 31.2 32.4 32.8 33.6 30.3 26.1 24.7 25.5 27.4 29.1 30.5 33.3 36.3 39.8 42.2
169.3 177.1 168.9 154.7 170.3 179.5 188.1 191.6 172.4 150.4 160 172.6 163 151.1 143.8 141.3 138.9 132.9 127.1 123.9 119.3 114.1 109.7 107.1 101 92.5 83.1 75.6 71.1 68.9 63 58.5 55.3 50.9 46.4 45.4 43 40 39.3 44 47.9 50.3 51.5 56.2 60 60.9 60.9 60.9 60.2 59.5 56.8 52.4 47.1 43.2 40.9 39.5 36.7 32.7 27.9 23.5 22.6 21.7 19.5 17.8 12.8 10.6 12.5 17.6 22.7 26.6 29.6 32.2 31.7 31.3 28.9 24.9 24.4 24.8 27.3 28.7 29.6 31.2 32.5 38.7 42.3
