data/430000-1150000.asc
ncols 200
nrows 200
xllcorner 430000
yllcorner 1150000
cellsize 50
[rows 0 to 37 of 200, columns 0 to 83 of 200]
8.3 7.3 6.8 7 9 10.7 13.7 16.7 -0.7 -0.7 -0.2 0.7 -0.7 -0.7 -0.7 -0.7 -0.7 -0.7 -0.4 -0.7 -0.7 -0.7 -0.7 -0.7 -0.7 -0.7 -0.7 9.6 18.6 24.5 34.2 40.2 38.8 26.3 18.7 11.9 -0.7 -0.7 -0.7 -0.7 -0.7 -0.7 -0.7 -0.7 -0.7 -0.7 -0.7 -0.7 -0.7 -0.7 -0.7 -0.7 -0.7 -0.7 -0.7 -0.7 -0.7 -0.7 -0.7 -0.7 -0.7 -0.7 -0.7 -0.7 -0.7 -0.7 -0.7 -0.7 12 26.3 35.4 41.5 43.3 39.2 26.2 16.8 -0.7 -0.7 -0.7 -0.7 -0.7 -0.7 -0.7 -0.7
19.8 15.7 15.2 16.7 14.7 17.4 15.7 -0.7 -0.7 -0.7 -0.7 15.7 -0.7 -0.7 -0.7 -0.7 -0.7 -0.7 10.8 -0.7 -0.7 -0.7 -0.7 -0.7 -0.7 -0.7 -0.7 8.8 20 29.6 36.5 40.6 31.1 15.1 10 8.4 -0.7 -0.7 -0.1 -0.7 -0.7 -0.7 -0.7 -0.7 -0.7 -0.7 -0.7 -0.7 -0.7 -0.7 -0.7 -0.7 -0.7 -0.7 -0.7 -0.7 -0.7 -0.7 -0.7 -0.7 -0.7 -0.7 -0.7 -0.7 -0.7 -0.7 -0.7 -0.7 -0.7 16.6 29.4 32.5 33.5 30.3 18.5 -0.7 -0.7 -0.7 -0.7 -0.7 -0.7 -0.7 -0.7 -0.7
22.5 22 23.8 23.9 18.5 18.8 11 -0.7 -0.7 -0.7 -0.7 13.3 11.1 -0.7 -0.7 -0.7 -0.7 -0.7 6.6 -0.7 8.5 -0.7 -0.7 -0.7 -0.7 -0.7 7.9 11.7 26.1 36.9 38.8 28.6 17.2 16.6 11.5 6.3 -0.7 -0.7 3.7 -0.7 -0.7 -0.7 -0.7 -0.7 -0.7 -0.7 -0.7 -0.7 -0.7 -0.7 -0.7 -0.7 -0.7 -0.7 -0.7 -0.7 -0.7 -0.7 -0.7 -0.7 -0.7 -0.7 -0.7 -0.7 -0.7 -0.7 -0.7 -0.7 -0.7 -0.7 9.6 13 13.2 8.2 -0.7 -0.7 -0.7 -0.7 -0.7 -0.7 -0.7 -0.7 -0.7 -0.7
29 24.6 26.1 31 25.9 12.5 -0.7 -0.7 -0.7 -0.7 -0.7 9.1 2.6 -0.7 -0.7 -0.7 -0.7 -0.7 2.7 10.5 14.1 14.1 13.5 -0.7 -0.7 17.4 19.3 12.6 27.3 34 30.4 24.3 14.5 14.3 14.8 9.1 15.1 10.7 13.6 8.9 -0.7 -0.7 -0.7 -0.7 -0.7 -0.7 -0.7 -0.7 -0.7 -0.7 -0.7 -0.7 -0.7 -0.7 -0.7 -0.7 -0.7 -0.7 -0.7 -0.7 -0.7 -0.7 -0.7 -0.7 -0.7 -0.7 -0.7 -0.7 -0.7 -0.7 -0.6 -0.7 -0.7 -0.7 -0.7 -0.7 -0.7 -0.7 -0.7 -0.7 -0.7 -0.7 -0.7 -0.7
28.3 25.2 25.6 25.3 16.8 -0.7 -0.7 -0.7 -0.7 -0.7 -0.7 10.9 -0.7 -0.7 8.7 15.1 -0.7 -0.7 4.6 16.7 22.1 23.1 20 10 7.5 10.4 17 16.7 19.1 27.9 29.2 29.3 32.7 26.1 19.5 32 31.2 23.5 22.8 16.4 -0.7 -0.7 -0.7 -0.7 -0.7 -0.7 -0.7 -0.7 -0.7 -0.7 -0.7 -0.7 -0.7 -0.7 -0.7 -0.7 -0.7 -0.7 -0.7 -0.7 -0.7 -0.7 -0.7 -0.7 -0.7 -0.7 -0.7 -0.7 -0.7 -0.7 -0.7 -0.7 -0.7 -0.7 -0.7 -0.7 -0.7 -0.7 -0.7 -0.7 -0.7 -0.7 -0.7 -0.7
26.4 25.8 20.9 14.6 -0.7 -0.7 -0.7 -0.7 -0.7 -0.7 -0.7 -0.7 -0.7 -0.7 5.8 11.3 10.4 6.5 8.8 21.4 30.8 30.9 30.1 17.7 9 11.7 16.7 17.9 17.3 26.1 28.3 30.3 29.8 31.1 38.1 40.8 35.1 29.5 24.4 18.7 -0.7 -0.7 -0.7 -0.7 -0.7 -0.7 -0.7 -0.7 -0.7 -0.7 -0.7 -0.6 0 -0.7 -0.7 -0.7 -0.7 -0.7 -0.7 -0.7 -0.7 -0.7 -0.7 -0.7 -0.7 -0.7 -0.7 -0.7 -0.7 -0.7 -0.7 -0.7 -0.7 -0.7 -0.7 -0.7 -0.7 -0.7 -0.7 -0.7 -0.7 -0.7 -0.7 -0.7
25.4 20.6 11.5 -0.7 -0.7 -0.7 -0.7 -0.7 -0.7 -0.7 -0.7 -0.7 -0.7 -0.7 5.9 9.5 12.2 11.3 12.7 18.8 21.3 25.3 24.4 22.7 10.8 16.3 17 14.8 16 17.8 17.3 23.2 32.2 41.4 47.8 48.5 39.2 34 24.8 -0.7 -0.7 -0.7 -0.7 -0.7 -0.7 -0.7 -0.7 -0.7 -0.7 -0.7 -0.7 6.7 18 -0.7 -0.7 -0.7 -0.7 -0.7 -0.7 -0.7 -0.7 -0.7 -0.7 -0.7 -0.7 -0.7 -0.7 -0.7 -0.7 -0.7 -0.7 -0.7 -0.7 -0.7 -0.7 -0.7 -0.7 -0.7 -0.7 -0.7 -0.7 -0.7 -0.7 -0.7
20.9 13.7 -0.7 -0.7 -0.7 -0.7 -0.7 -0.7 -0.7 -0.7 -0.7 8.5 -0.7 -0.7 2.5 5.7 9.1 14.9 16.3 21.6 20.3 23.2 25.8 11.2 10.4 12.2 14.8 14.2 20.8 25 28 37.7 42.3 50.6 56.1 55.4 43.9 31.7 22.2 5.7 -0.7 -0.7 -0.7 -0.7 -0.7 -0.7 -0.7 -0.7 -0.7 -0.7 -0.7 11.6 20 16.3 15.7 14 9.4 -0.7 -0.7 -0.7 -0.7 -0.7 -0.7 -0.7 -0.7 -0.7 -0.7 -0.7 -0.7 -0.7 -0.7 -0.7 -0.7 -0.7 -0.7 -0.7 -0.7 -0.7 -0.7 -0.7 -0.7 -0.7 -0.7 -0.7
14.4 -0.7 -0.7 -0.7 -0.7 -0.7 -0.7 -0.7 -0.7 -0.7 -0.7 16.9 7.3 -0.7 0.6 0.8 4.9 11.9 16.6 18.1 20.2 20.7 17.3 10.6 10.4 10.4 15.7 21.3 33.3 38.2 47.6 52.7 52.2 58.1 61.6 55.4 42.5 30.8 24.3 16.4 -0.7 -0.7 -0.7 -0.7 -0.7 -0.7 -0.7 -0.7 -0.7 -0.7 -0.7 10.3 19.8 27.7 38.6 26.7 19.4 10.8 -0.7 -0.7 -0.7 -0.7 -0.7 -0.7 -0.7 -0.7 -0.7 -0.7 -0.7 -0.7 -0.7 -0.7 -0.7 -0.7 -0.7 -0.7 -0.7 -0.7 -0.7 -0.7 -0.7 -0.7 -0.7 -0.7
-0.7 -0.7 -0.7 -0.7 -0.7 -0.7 -0.7 -0.7 -0.7 -0.7 -0.7 -0.7 -0.7 0.8 12.9 12.5 6.2 9.7 15.3 16.9 17.1 15.3 11.7 10.4 10.4 10.4 24.2 31.1 37.2 45.9 60.3 58.3 51.5 58.6 53.9 50.3 41.9 32.2 25.4 20.1 -0.7 -0.7 -0.7 -0.7 -0.7 -0.7 -0.7 -0.7 -0.7 -0.7 20 13.1 20.7 29.8 33.2 31.4 30.4 22.1 13.4 -0.7 -0.7 -0.7 -0.7 -0.7 -0.7 -0.7 -0.7 -0.7 -0.7 -0.7 -0.7 -0.7 -0.7 -0.7 -0.7 -0.7 -0.7 -0.7 -0.7 -0.7 -0.7 -0.7 -0.7 -0.7
-0.7 -0.7 -0.7 -0.7 -0.7 -0.7 -0.7 -0.7 -0.7 -0.7 -0.7 -0.7 4.1 18.7 37.1 38.1 29.3 22 24.6 25.6 26.6 23.7 14.2 10.4 11.2 20.1 26.1 31.9 40 49.9 51 46.9 43.5 46.5 48.9 46.9 38.5 31.1 27.3 22.2 13.6 -0.7 -0.7 -0.7 -0.7 -0.7 -0.7 -0.7 -0.7 16.8 26.6 22.9 21.5 25.3 26 26.6 28.1 25 22.7 23 18.3 -0.7 -0.7 -0.7 -0.7 -0.7 -0.7 -0.7 -0.7 -0.7 -0.7 -0.7 -0.7 -0.7 -0.7 -0.7 -0.7 -0.7 -0.7 -0.7 -0.7 -0.7 -0.7 -0.7
-0.7 -0.7 -0.7 -0.7 -0.7 1.3 1.1 -0.6 -0.7 -0.7 -0.7 21.5 15.9 32.3 43.3 50.1 43.3 38.6 38.8 41.5 42.9 43.4 26.6 12.7 14.2 21.9 27.6 29.6 30.5 40.1 43.8 36.4 36.1 44.4 49.7 48.6 41.9 34.8 30.6 27.1 19.9 -0.7 -0.7 -0.7 -0.7 -0.7 -0.7 -0.7 -0.7 9.9 16 21.9 24 24.5 24.2 24.3 25.2 27.6 34.1 32.6 30.5 24.6 27.1 -0.7 -0.7 -0.7 -0.7 -0.7 -0.7 -0.7 -0.7 -0.7 -0.7 -0.7 -0.7 -0.7 -0.7 -0.7 -0.7 -0.7 -0.7 -0.7 -0.7 -0.7
-0.7 -0.7 -0.7 -0.7 3.4 5.4 10.3 9 -0.7 -0.7 17.5 21.4 21.8 36.7 45.8 52.7 55.1 49.3 46.1 50.5 55.6 51 39.1 21.7 15.8 19.8 19 20.9 24.3 32.2 34.3 35.7 40.1 46.2 50.2 50.8 44.6 36.5 36.3 30.7 27.1 13.5 -0.7 -0.7 -0.7 -0.7 -0.7 -0.7 10 14.5 20.6 28.5 28.5 30.8 30.5 32.7 36 36.7 39.5 44.4 46.7 49 36.5 33.6 -0.7 -0.7 -0.7 -0.7 -0.7 -0.7 -0.7 -0.7 -0.7 -0.7 -0.7 -0.7 -0.7 -0.7 -0.7 -0.7 -0.7 -0.7 -0.7 -0.7
14.5 -0.7 -0.7 -0.7 13.9 18.3 23.1 21.6 19 25 36.1 30 26.5 44.2 53.2 59.6 61.8 58.4 49.6 55.5 60.6 54.5 42.4 31.3 15.5 15.5 15.5 15.5 15.5 26.3 33.3 39.4 40.5 42.3 46.4 47 41.8 37.6 36.7 37.8 27.4 17.9 -0.7 -0.7 -0.7 -0.7 -0.7 17.8 24.2 21.7 23.6 27 29.6 34.3 39.6 49 50.5 46 45.1 48.4 58.6 58.2 50.5 51.5 38.5 -0.7 -0.7 -0.7 -0.7 -0.7 -0.7 -0.7 -0.7 -0.7 -0.7 -0.7 -0.7 -0.7 -0.7 -0.7 -0.7 -0.7 -0.7 -0.7
-0.7 -0.7 -0.7 12.3 25.9 37.9 35.2 31.5 41.4 44.6 48.7 36.4 30.3 44.1 54.1 60.2 65 64.1 55.8 56.5 56.5 48.9 37.8 31.3 15.5 15.5 15.5 15.5 16.8 22.9 29.5 39.4 39.3 38.2 38.1 39.8 37.9 36.2 34.9 33.5 29.1 23.3 10.9 -0.7 -0.7 -0.7 -0.7 26.2 33.1 35.7 39.6 43.6 39.5 41.4 46.2 52.9 60.4 55.4 53.9 53.9 60.5 63.9 62.2 59.3 60.7 52.4 40.4 30 -0.7 -0.7 -0.7 -0.7 -0.7 -0.7 -0.7 -0.7 -0.7 -0.7 -0.7 -0.7 -0.7 -0.7 -0.7 -0.7
-0.7 -0.7 -0.7 20.7 31.6 41.9 33 32.1 44.7 53.5 50.9 39.2 34.4 44.6 53.3 58.5 61.8 64.9 62.3 58.8 49.1 31.6 19.1 15.5 15.5 15.5 15.5 15.5 15.5 21.7 22.9 26.3 25.8 25 26.1 28.1 32.4 32.9 34.2 35.3 33.2 28.4 15.3 -0.7 -0.7 -0.7 12.1 28.1 36.5 42 43.1 49.2 48.3 50.7 52.8 56.4 58.6 56.5 59.8 60.1 64.1 70.5 67.9 63.2 65.9 64.5 57.6 46 36.8 22.7 15.9 -0.7 -0.7 -0.7 -0.7 -0.7 -0.7 -0.7 -0.7 -0.7 -0.7 -0.7 -0.7 -0.7
-0.7 3.2 9.2 21 36.1 31.5 32.3 37.5 50.5 50.1 49.5 40.2 39.8 49.4 52.6 58.2 61.2 60.8 57.2 45.3 33.9 21.2 16.5 15.5 15.5 15.5 15.5 15.5 15.5 15.5 15.5 17 19.1 22 26 31.3 36.9 39.8 38.3 39.1 37.8 34.5 19.4 -0.7 -0.7 -0.7 9.1 22.2 36.3 41.9 44.1 49.2 51.8 53.6 56.6 58.5 58.6 57.6 59.6 61.5 64.2 72.6 70.6 65.7 66.3 67.8 62.3 57.2 48.8 39.3 23.7 -0.7 -0.7 -0.7 -0.7 -0.7 -0.7 -0.7 -0.7 -0.7 -0.7 -0.7 -0.7 -0.7
-0.7 10 15.6 20.2 30.1 39 46.6 52.2 53.4 57.5 50.2 47.1 46.8 57.4 56.5 57.5 58.7 55.5 48.8 40.5 30.9 21.4 15.5 15.5 15.5 15.5 15.5 17.1 20 23.2 27.3 32.6 36.5 37.5 42.8 44.8 49.6 52.1 45.9 40.9 38.4 32.2 19.8 9.5 -0.7 -0.7 13.2 19.6 31.5 38.8 42.2 49.6 58.6 63.3 62.9 65.3 63.6 61.1 60.6 63.6 65.4 70.4 71.9 68.2 69.4 70.9 67.5 62.7 55.8 44.9 30.1 18.2 8.3 -0.7 -0.7 -0.7 -0.7 -0.7 -0.7 -0.7 -0.7 -0.7 -0.7 -0.7
-0.7 18.5 21 23.6 31.1 42 51.9 56.3 56.6 58.2 51.7 49.2 51.4 57.3 58.9 55 51.1 46 40 34.6 28.3 24.3 19.7 15.5 15.5 15.5 18.5 24.8 26.7 30.5 35.6 39.9 46 48.1 54.4 56.6 51.5 50 42.6 37.5 33.6 26.4 17.7 10.3 2.1 9.4 14.1 19.1 27.3 39.7 45.9 53.5 58.9 60.5 66.3 72.3 69.7 65.3 63.5 61 62.3 64.3 69.3 70.2 69.7 70.2 70.8 68.7 60.2 47.9 36.6 28.6 20.5 15.1 10.7 10.8 9.4 -0.7 -0.7 -0.7 -0.7 -0.7 -0.7 -0.7
6.5 15.4 23.2 31.8 37.2 40.1 49.1 53.4 54.9 54.2 50.5 48.5 49.5 53.4 53.3 49.2 36.6 34.7 33.1 27.5 26.5 27.6 29 21.6 17.9 19.6 27.9 33.1 35.4 37.9 42 41.2 47.5 50.2 48.9 48.2 43.9 33.1 32.4 30.8 26.4 20.2 12.8 7.1 3.8 4.3 12.1 18.1 24 36.4 50.4 51 53.2 57.7 70.7 74.3 75 70.5 65.9 64.5 60.4 59.9 61.1 65.8 66.6 65.9 66.5 67 60.1 51.2 42.7 34.9 27.1 19.3 15.5 13.5 11.2 6 -0.7 -0.7 -0.7 -0.7 -0.7 -0.7
13.4 19.8 24 37.5 41 43.7 47.8 56.5 55.5 48.9 47.8 47.7 43.4 45.8 45.2 37.1 31.2 33.8 32.4 26.7 26.9 28 27.9 27.6 25.3 24.6 33.1 41.3 47.8 47.9 48.6 42 43 43.4 38.2 35.7 28.1 24 23.5 24.3 19.6 13.5 8.3 6.8 4.6 6.2 10.9 15.7 22.7 35.9 45.5 47.4 51.6 59 61 65.1 67.9 67.9 64.5 63.6 60 59 59 61.7 63.9 62.6 62.8 61 57.2 52.8 45.8 38 30.3 23.4 18.2 13.4 11.8 10 -0.7 -0.7 -0.7 -0.7 -0.7 -0.7
17.9 25.9 31.6 37.1 40.7 43.6 51.7 56.2 54.3 41.3 39.8 36.4 38.2 41.7 41.4 35.4 28.4 28.9 28.3 27.9 26.8 29.8 33.6 36.5 34.9 29.2 34.7 43.7 50 49.2 47.8 41 36.2 33.2 27.2 20.7 18.8 16.5 16.8 20.4 17.6 9.4 7.4 8.7 8 5.4 9 13.3 18.6 25.5 35.3 37.9 45.5 52.3 51.8 53.6 55.7 61.6 59.7 57.9 58 61 59.9 59 60.7 61.1 59 57.5 55.5 52.8 48.3 40.7 33.6 27.6 22.5 17.2 12.9 7.8 3.6 -0.7 -0.7 -0.7 -0.7 -0.7
19.3 29.5 34.8 42.1 42.7 44 50.4 52.2 43.1 35.3 28.5 26.2 33.2 40.5 38.9 32.8 30.3 28.2 26.8 26.8 28.3 30.2 35.6 40 37.9 33.7 33.2 37.8 39.3 41.9 42.3 38.5 31.7 23.1 16.4 11.8 13 11.3 11.3 14.1 11.2 9 9.5 13.5 17.7 13.6 8.5 9 13 16 21.3 25.4 29.9 33.9 37.3 40.4 46.4 48.4 50.4 53.8 56.3 59 59.1 57 57.9 60.8 55.1 53.4 52.3 51.2 51 44.8 38.1 31.9 26.7 20.7 14 8.3 4.4 -0.7 -0.7 -0.7 -0.7 -0.7
23.5 31.6 35.5 45.2 51 47.9 43 36.8 32.1 26.9 23.3 24 27.4 28.5 27.3 30.2 28.1 25.9 28.3 26.8 29.5 30.7 35 37.9 37.8 35.8 35.4 35.2 39.3 40.5 40 33.5 22.6 14.6 10 8.2 8.3 9.7 9.1 10 9 13.4 16.3 21.4 23.6 24.2 17.7 9.4 13.9 16.4 17.8 21.9 26.2 30.2 32.6 36.8 43.8 49.2 53.8 54.5 55.8 57.9 55.7 51.2 51.3 51.5 48.2 50.3 50.7 51.2 51 48.6 40.7 34.4 28.7 22.4 16.6 11.3 6.9 -0.7 -0.7 -0.7 -0.7 -0.7
24.6 31.4 36.7 44.4 46.9 42.4 28.8 26.5 25.9 21.2 23.4 22.8 18.7 17.7 21.2 23 25.3 29.1 28.4 26.8 26.8 30 34.9 40.4 39.5 38.6 37.4 35.5 35.3 31.9 28.4 21.7 13 7.9 4 5.8 6.9 8.4 4.7 3 5.7 19.8 24.3 30.7 30 27.8 23.8 13.9 11.9 13.5 20 23.7 27 25.4 25.8 28.9 38.1 48.8 55.1 58.7 54.4 56.7 53.1 49.3 47.8 44.7 47.1 49.4 49.7 50.9 50.8 47.6 42.7 36.4 30.5 25.1 20.5 14.9 10.2 5.1 -0.7 -0.7 -0.7 -0.7
25.7 28.9 40.3 32.5 26.6 19 18.7 22.4 19.2 12.8 16.7 19.1 16.5 15.1 16.8 20.6 38.7 34.8 32.4 26.2 27.5 29.8 33.3 35.6 30.3 33.2 33.6 32.9 26.6 21.1 16.3 11.7 5.8 3 3 3 3.7 3 3 3 7.7 20.4 31.9 38.7 33.9 31.9 27.4 20.7 13 12.9 14.1 20.2 20.6 18 20.3 22.4 30.4 41.9 55.5 57.7 55.1 53.2 50.5 46.1 43.3 45.5 48.7 50.9 48.8 49.1 48.9 47.6 45.2 38.4 32.7 28.1 23.6 18.4 12.7 8.5 -0.7 -0.7 -0.7 -0.7
26.1 28.7 21.1 12.7 11 14.1 17.1 22.9 13.4 9.2 12.5 17.6 17.8 13.9 8.8 23 33.2 35.1 35.5 29.2 26.8 27.7 34.4 34.8 29.5 26.5 27.1 25.7 18.4 11.3 7.6 6.7 3 3 3 3 3 3 3 3 11.4 19.7 30.4 39.5 40.3 34.9 31.9 27 16.3 14.2 12.3 12.2 11.2 11.5 15.3 17.4 23 29.2 39.1 47.1 47.4 47.4 45.7 39.7 41 42.7 45.9 48.8 49.1 46.8 47.6 47.9 47 40.5 35.7 31.2 26.3 19.8 14.1 10.6 -0.7 -0.7 -0.7 -0.7
-0.7 -0.7 -0.7 7.1 12.9 13 20 17.1 9.5 2.8 6.2 16 17.8 11.5 6.9 17.2 27.5 32.9 29.1 23.5 29.6 29.2 30.4 25.7 25 21.4 19.6 16.1 9.9 5.4 3 3 3 3 3 3 3 3 3 5.5 10.2 17.9 27.1 34.8 39.1 39.2 35.4 31.7 22.5 15 11.3 11.2 11.2 11.2 11.2 18.7 17.8 22.5 29.8 32.9 36.1 37 37.5 36.3 37.1 40.1 43.1 45.3 47 45.7 45.4 47.4 48.1 44.3 34.2 31.2 25.5 20.5 16.2 10.4 -0.7 -0.7 -0.7 -0.7
-0.7 -0.7 -0.7 -0.7 -0.7 7.2 15.5 11.7 4.7 2.5 4.2 9.9 15.4 -0.7 -0.7 12.3 19.9 20.4 19.3 22.7 24.9 21.3 25 20.4 17.1 11.6 9.4 8 6 3 3 3 3 3 3 3 3 3 3 6.9 9.7 17.7 26.4 33.9 40.8 41.2 37.1 33.5 27.8 15.3 11.2 11.2 11.2 11.2 11.2 15.1 12.1 15.9 19 22.7 24.9 26.4 27.7 31.7 31.7 35.9 39.9 41.7 43.6 43.5 42.5 42.5 44 41.7 34.4 30.4 27.3 23.6 17.2 10.4 -0.7 -0.7 -0.7 -0.7
-0.7 -0.7 -0.7 -0.7 -0.7 -0.7 7 4.5 5.3 1.8 5.4 6.2 2.6 -0.7 -0.7 -0.7 6.8 9.9 19 22.5 16.9 14.4 10.7 9.6 7.7 3.9 4.3 3.8 3.4 3 3 3 3 3 3 3 3 3 3 6.1 11.4 19.7 25.6 32.7 38.9 42 38.9 34.7 29.5 19 12.7 11.2 11.2 11.2 11.2 11.2 11.2 11.2 11.2 11.2 11 15.7 19.8 24.6 26.3 29.1 32.8 38.8 40 40.5 39.4 39.6 40.5 39.3 36.5 32.8 28.9 24.7 18.2 12.6 5.6 -0.7 -0.7 -0.7
-0.7 -0.7 -0.7 -0.7 -0.7 -0.7 -0.7 -0.7 -0.7 -0.7 6.2 -0.7 -0.7 -0.7 -0.7 -0.7 -0.7 15.1 15.3 8.7 7.3 -0.7 -0.7 3.2 3 3 3 3 3 3 3 3 3 3 3 3 3 3 3 7.9 13.2 20.3 25.5 31.8 35.4 37.6 40.4 35.6 30.5 22.3 17.5 12 11.2 11.2 11.2 11.2 11.2 11.2 11.2 11.2 11.2 11.2 11.2 14.4 19.2 22.4 25.5 29.5 33.4 36 35.4 36.6 39.6 39.2 36.3 34.7 31 27.8 22 15.1 6.7 -0.7 -0.7 -0.7
-0.7 -0.7 -0.7 -0.7 -0.7 -0.7 -0.7 -0.7 -0.7 -0.7 2.2 -0.7 -0.7 -0.7 -0.7 -0.7 -0.7 -0.7 -0.7 0.8 -0.7 -0.7 -0.7 5.3 5.1 3 3 3 3 3 3 3 3 3 3 3 3 3 3.8 8.6 12.6 17.9 23.3 29.1 33.6 34.1 38.7 41.3 32.4 28.1 21.4 14 11.2 11.2 11.2 11.2 11.2 11.2 11.2 11.2 11.2 11.2 11.2 11.2 11.2 13.7 18 20.9 24.8 27.7 29.5 29.9 33 37.4 34.2 31.7 31 31 27.3 18.8 9.6 -0.7 -0.7 -0.7
-0.7 -0.7 -0.7 -0.7 -0.7 -0.7 -0.7 -0.7 -0.7 -0.7 -0.7 -0.7 -0.7 -0.7 -0.7 -0.7 -0.7 -0.7 -0.7 1.7 -0.7 -0.7 -0.7 5.1 5.9 3 3 3 3 3 3 3 3 3 3 3 3 8.9 13.9 11.5 12.4 16.7 21.9 26.7 28.8 32.2 38.6 41.8 36.8 27.2 21.8 15.5 11.2 11.2 11.2 11.2 11.2 11.2 11.2 11.2 11.2 11.2 11.2 11.2 11.2 11.4 11.4 13.5 18.2 19.9 22 23.3 26.5 29.2 29.9 29.6 31 31 31 22.9 11.9 -0.7 -0.7 -0.7
-0.7 -0.7 -0.7 -0.7 -0.7 -0.7 -0.7 -0.7 -0.7 -0.7 -0.7 -0.7 -0.7 -0.7 -0.7 -0.7 -0.7 3.2 4.3 4.5 6.4 11 5 7.7 10.9 6.1 3 3 3 3 3 3 3 3 3.8 9.5 13.8 13.5 10.8 11.9 11.9 15.9 17.9 24.3 30.6 33.3 35.4 38.7 35.6 28 22.9 17.6 11.2 11.2 11.2 11.2 11.2 11.2 11.2 11.2 11.2 11.2 11.2 11.2 11.2 11.4 11.5 10.8 10.4 10.2 12.2 13.9 17.3 20.4 22.1 24.2 26.5 28.3 28.3 22.4 14.4 -0.7 -0.7 -0.7
-0.7 -0.7 -0.7 -0.7 -0.7 -0.7 -0.7 -0.7 -0.7 -0.7 16.2 18.2 22.8 13.3 6.5 4.8 6.1 7.7 8.2 10.7 16.7 21 18.6 9.4 18.9 13 13.8 15.5 7.2 3 3 3 3 3 7.3 12.1 17.9 18.1 17.9 11.9 10.6 14 17.1 20.8 26.8 32 34.3 33.4 30.3 25.9 21.5 18.7 11.2 11.2 11.2 11.2 11.2 11.2 11.2 11.2 11.2 13.4 13 13.3 11.3 13.5 14.4 13.7 12.9 11.4 9.4 5.1 7.7 11.9 14.7 15.3 18.9 19.3 19.5 17.1 14.3 -0.7 -0.7 -0.7
-0.7 -0.7 -0.7 0 -0.7 -0.7 -0.7 -0.7 -0.7 9.8 14.3 26.5 38.4 44.9 24.9 11.8 12.4 12.7 13.3 17.1 21.2 25.6 26.1 20.1 16.8 15.2 21.3 25.1 13.5 3 3 3 3 3 9.5 11.9 16.8 18.1 12.4 9.7 9.1 10.7 14.2 15.8 22.5 29.7 31.5 30.7 29.4 24.1 21.4 22 19.2 11.2 11.2 11.2 11.2 11.2 11.2 11.2 15.4 20.8 21.4 24.3 20.8 21.1 18.4 19.4 18.3 15.2 14 8.5 3.7 4.2 6.4 6.3 8.7 10.2 10.8 12 8.7 -0.7 -0.7 -0.7
-0.7 -0.7 -0.7 8.8 5.2 -0.7 -0.7 -0.7 -0.7 8 21.8 33.9 39.7 41.2 35.2 23 19.4 20.2 18.8 21.3 28.3 29.8 30.5 26.3 19.8 19.9 20.1 13 5 3 3 3 3 3.1 7.1 11 13.6 10.2 9 9 9 10.7 11.8 14 18.7 25 28.8 28.9 25.1 24.2 24 25.4 27.1 22.3 11.2 11.2 11.2 11.8 11.5 14.3 18.4 26.1 30.9 30.9 27.8 29.9 29 25.3 22.2 19.4 17.3 12.8 8.3 4.6 1.8 1.8 1.8 0.8 -0.7 -0.7 -0.7 -0.7 -0.7 -0.7
5.3 2.5 5.4 8.5 4.2 4.7 3.4 -0.7 3.6 11.7 25.6 35.4 39.4 39.7 42.5 34.7 36.2 35.2 30.9 26.2 26.9 35.4 30 23.4 21.9 14.3 16.3 4 3 3 3 3 3 3 5.9 10.4 8.7 8.5 7.8 9 10 11.1 11.8 14.7 17.6 19.7 23.2 23.2 25 28.8 29.3 29.4 27.2 28 19 12 13.5 13.6 17.3 16.9 19.6 24.5 32.1 37 33.8 35.5 37.5 34.8 31.1 24.2 20.9 16.2 11.7 8.2 4.3 2 2.1 -0.7 -0.7 -0.7 -0.7 -0.7 -0.7 -0.7
