data/430000-400000.asc
ncols 200
nrows 200
xllcorner 430000
yllcorner 400000
cellsize 50
[rows 72 to 107 of 200, columns 81 to 161 of 200]
108.6 109.6 110.9 111 108.8 106.1 104 102 100.6 99.3 97.9 96.3 96.2 93.3 92.4 92.4 93.1 96.6 99.9 102.9 102.4 99.5 95.1 90.9 87.1 83.8 80.9 79.3 77.2 74.2 68.7 61.1 56.5 56.2 50.6 49.4 48.6 49.5 49.3 52.9 58.4 63.9 70.7 76.6 76.4 71.5 65.4 65.4 62.9 64.5 63.7 62.2 61.1 58.6 55.8 44.3 36.8 37.1 37.1 37 38.5 39.5 37.2 36.5 36.9 37 37.1 37.4 37.3 35.9 38 42.4 48.6 59.7 71 71.6 71.7 70.2 71.1 69.8 70
105.7 106 105.4 104.1 103.8 102.8 101.6 100.8 99.3 97.8 96.8 96.5 96.5 96.7 90.2 93.2 93.5 93.9 97.9 100.4 100 96.9 93 89.2 85.7 81 79.6 78.4 77 73.4 65.8 58.7 56.8 56.2 56.2 53.9 53.3 53.1 50.5 56.7 63.8 70.4 76.7 83.3 86.1 82 73.1 69.2 69.8 70.3 66.7 64.2 62.9 62.3 59.5 56.8 49.6 38.9 35.5 36.9 37.6 38.1 36.5 36.3 36.4 36.5 36.6 36.2 35.7 38.9 41.7 44.4 52.5 66.9 79.6 85 84.6 85.1 85 83.2 80.5
105.7 105.4 104.7 104.5 105.2 105.9 105.2 102.7 99.7 98.7 97.3 96.8 96.6 95.5 92.2 94.9 93.1 90.8 93 94.8 97.9 94.6 91 87.5 83.7 80 78.8 77.5 75.8 67.9 62.3 58.8 55.8 56.6 57.9 58.1 55.9 56.6 57.3 59.3 67.9 75.5 80.9 87.3 90.9 87.4 79.3 71.9 70 69.5 67.6 65.1 63.6 62.6 61.3 59.7 57.4 54.5 41.7 37.3 32.5 37.1 36.4 36.2 36 35.9 33.2 34.4 41.3 45 41.8 44.4 52.3 64.1 76.8 86.8 89.2 89.6 88.9 86.3 83.2
105.8 105.7 105.8 105 104.8 109.6 107 104.2 101.6 99.9 98.7 97.9 97.1 95.9 94.8 98 92.9 89.5 89.5 87.4 88.6 92.8 89.1 85.9 83.4 80.7 78.1 76.1 66.6 65 60.3 59 59.8 61.3 64.1 61.8 61.1 61.1 58.3 61.5 70.1 77.7 84 88.6 88.5 86.7 80.7 74.2 70.3 68.9 67.7 66.4 64.9 62.2 61.1 59.9 58.2 56.9 52.2 39.8 37.9 37.1 37.4 36.3 38.1 42.5 44.5 43.3 35.2 36.2 40.3 47.1 51.8 60 71.6 79.8 89 90.2 90.3 88.2 85.3
106.2 108 110.4 113 105.2 109.9 107.2 104.7 102.6 101.4 101 100.3 99.1 97.9 98 91.3 92.8 89 87.2 85.5 84.4 82.1 82 82.9 82.3 80.7 77.2 68.9 66.1 65.2 63.4 64.4 70.9 71.6 70.1 67.8 62.3 62.8 59.4 64.6 71.8 79.3 86 86.9 86.8 83.9 78.3 72.9 69 68.5 67.8 67 65.1 62 60.6 59 55.3 51.1 47.9 43.7 39.7 38.7 38.8 36.8 38.3 38.1 37.5 35.5 35.9 41 48.3 49.4 56 59.8 65.5 73.7 82.8 90.3 90.8 88.8 86.8
109.2 111.5 114.7 114.8 112.4 109.3 106.6 105.5 103.7 103.1 103.8 102.6 99.1 100.2 96.8 95 90.1 90.1 86.3 82.7 83.1 81.2 80.7 80.6 80.4 78.3 71.3 66.7 67.3 67.8 72.5 74.7 75.1 75.2 73.8 70.8 68.3 65.5 63.6 67.9 74.6 81.8 85.1 85 82.4 79 75.3 70.3 68.7 68.3 68 67.4 65.1 61.8 58.4 54.5 50.7 50.7 50.4 44 39.9 39.5 38.4 37.1 38.2 38.4 37.6 35.6 38.7 44.6 51.1 52.7 59.6 62.7 67 72.6 80.7 89.4 91.2 89.7 88.1
112.5 113.7 117.2 114.7 112.3 110.6 109.6 107 106.4 105 106.1 105.2 103.2 100.8 100.6 98.6 94.3 84.6 86.6 84.6 83.1 82.1 80.3 78.6 76.4 74.9 69.3 70.3 73.8 78.1 76.5 75.7 75.8 76.1 76.1 74.8 71.1 69.1 71 74 79.5 83 82.3 79 76.4 73.6 70.9 69.1 68.7 68.3 67.7 67.4 65 61.9 60.8 57.1 50.8 50.9 51 45.6 42.8 39.4 38.7 36.9 38.1 38.5 39 39.9 43.2 49.7 55 62.1 60.9 66.7 72.6 80 87.2 92.9 94.1 92.7 91.2
114.7 117.7 117.2 114.9 112.8 111.4 110.4 110.4 110.5 108.4 108.9 109.2 109.1 110 105.1 104.6 100.5 98 100.4 93.9 92.5 88.5 82.4 80.6 77.6 74.8 73.9 81.5 81.7 79.5 78 76.2 75.2 75 75.5 75.2 72.3 74.1 76.5 79.1 79.6 78.8 78.2 75.1 72.9 71.4 70.5 69.5 69.1 68.2 67.4 65.6 64.7 63.9 62.3 56.8 53 51.1 52.5 51.4 43.2 40.8 39.3 36.8 38.9 40.9 42.3 43.4 47.6 53 58.5 66.3 65.3 69.4 76.8 86.3 94.5 96.9 98.5 98.2 96.7
116.4 118.8 117.8 115.7 112.8 111.1 111.1 111.7 111.2 111.8 110.5 114.5 117.1 112.6 109.5 107.9 105.9 103.4 102.3 99.8 96.9 90.3 87.7 88.1 83.2 82.4 79.8 78.9 80.8 78.9 77.9 76.6 75.6 72.5 73.1 73.5 74.3 75.9 76.1 75.9 75.4 75.2 75.2 73.2 69.3 68.9 68.5 68.9 67.3 67.1 66.8 66.8 65.9 62.8 62.4 62 57.1 56.2 53.9 53.5 45.2 42.3 39.7 37.3 41.5 44.1 46.2 47.7 51.3 54.4 63.6 69.3 70.8 72.5 81.4 91.2 96.9 99.1 101.2 102.2 101.6
117.5 120.2 119.3 117.3 114.8 113.8 114.6 115 114.9 116.5 118.4 121.1 120.9 115.3 115.1 111.8 109.2 106.5 104.9 101.9 99.4 96.4 93.8 93 88.5 84.1 83.4 82 81.4 79.3 79 78.2 77.6 76.7 76.5 76 75.6 74.7 74.3 74.1 74 74.2 74.7 71.8 70.5 72.3 73.6 74.3 74.3 75 74.4 74.8 75.3 70.1 63.8 61.5 61.4 55 54.2 54.2 51.9 42.5 41.5 38.2 45.6 47.6 49.6 52.3 53.7 59 66.9 70 72.2 75.2 83.8 92.1 95.6 94.7 97 99.5 100.4
118.7 121.2 121.3 119.5 117.3 116.9 117 118.1 118.8 119.6 124.3 124.6 123.1 120.3 115.7 113.2 110.7 107.5 106.9 104.7 102.4 100.3 98.8 96.3 93.8 89.8 85.7 83.3 80.5 78.2 79.3 76.6 74 72.1 71.5 74.2 77.9 78.3 77 77.7 79.1 78.8 74.7 76 83.6 83.1 78.5 77.8 76 77.1 76.8 76.4 74.4 71.2 67.6 63.2 60.8 58 54.2 54.2 53.7 49.7 42.6 39.6 47.8 50.4 51.1 53.4 59.3 67.6 69.5 71.5 73.2 75.8 78.7 83.3 88.8 89.3 93 95.1 96.6
121.2 122.5 123.3 122.2 120.6 120.2 120.1 120.7 122.3 126.7 128.3 127.3 124.4 121.4 119.7 115.6 114.2 111.6 109.6 107.3 105.4 104 101.7 99.1 95.5 91.7 88.3 85.3 83.1 80.9 78.2 75.9 73.3 71.8 71.2 74.3 75.5 79.2 78 80.3 81 78.5 77.6 85.8 89 87.1 84 80.7 79.1 78.1 79.3 77.4 75.2 71.7 67.5 63.9 60.3 58.8 57.4 55.4 54.4 51.8 43.5 42.8 47.2 52.8 52.9 54.7 60.2 71.2 72.4 72.5 72.8 74.4 76 74.9 78.7 81.4 85.4 89.6 92.5
124 125 126 125.2 123.7 123.1 123.3 124.3 125.5 129.4 131.1 129.4 126.5 125.1 121.8 119.3 117 113.6 112.3 110.1 108.3 105.8 103.4 100.4 96.2 92.4 89.3 86.8 86 83.3 79.8 77.4 75.3 73.8 73.9 74.7 77.8 81.1 83 83.4 81.4 82.1 91.9 92.6 90.4 87.1 84.2 82.9 83 81.6 79.2 78.1 76.4 72.2 67.3 62.8 61 58.9 57.2 56.1 56.6 50.7 50.5 43.9 46.3 52.6 52.9 55.4 59.8 70.6 72.5 72.1 71.3 70.9 72.5 71.5 72.4 74.7 78.9 84.1 92.4
126.5 127.8 129.4 127.5 125.3 125.9 126.3 127.3 127.9 131.5 132.9 131.6 129.5 126.8 123.8 121.3 118.9 115.7 114.5 112.4 109.4 107.1 102.9 100 96.7 93.3 90.6 88.5 87 84.5 81.2 79.2 77.4 76.6 77 79.9 82.1 84.3 85.8 87 89.3 92.2 94.6 92.9 90.2 87.1 84.6 84.2 84.2 82.4 80.8 79 77.3 71 67.2 63.7 61.8 59.8 59.2 56.6 54.8 54.6 53.5 46.5 45 48.8 51.1 53.3 58.3 66.6 70.9 71.2 71 69 68.9 69.7 70.8 72 74.9 80.1 85.7
129.5 130.9 131.6 129.3 127.5 128.4 129.4 130 130.5 132.7 133.9 133.3 131.2 128.9 125.8 124.2 121 118.5 116.7 113.9 110.8 107.5 104.2 100.5 98 95.5 93.3 91 88.7 86.3 83.2 80.7 79.6 80.3 81.8 84.3 87 88.2 88.8 93.8 98 97.5 96.5 94.4 91 87.3 85.9 84.7 83.2 81 78.7 74.9 72.4 71.2 67.1 65.1 64.2 62.4 60.2 57.7 55.8 52.4 51.4 51.6 44 50.6 50.1 52.4 54.6 57.4 62.3 65.8 67.3 66.8 66 65.9 66.4 68.7 70 72.3 74.4
133.9 134.6 134.1 132.4 130.8 132 132.8 133 133.4 134.5 135 134.9 133.8 131.8 130 128.5 125.7 122.6 119.7 116.4 112.6 109 105.3 102.2 99.8 97.6 95.3 93.1 91.3 89.2 85.6 82.7 81.8 83.8 86.6 94 93.3 97.5 98.5 101.6 100.1 99.1 97.6 95.1 91.1 88.1 86.6 85.2 84 80.6 76.7 72.2 73.5 71.4 71.5 66.3 65.6 64.4 62.4 59.2 56.6 55.1 53 50.2 45.8 48.2 49.6 50.8 53.7 56.9 62.5 68.8 68.3 67 66 65.3 65.6 66.9 68.8 71.4 72.8
137.6 137.7 136.6 135.5 135.1 135.5 135.9 136.1 136.4 136.7 136.7 137.6 137.6 136.1 136.3 133.1 129.9 126.5 122.7 118.9 114.8 110.8 106.7 103.9 102 99.7 97.4 95.1 93.3 91.5 88.8 84.4 83.7 85.3 95.5 95.6 100.5 107 106.3 102.1 100.3 98.7 96.7 94.2 90.9 89.1 87.8 86.4 83.3 79.9 78.1 77.7 76 73.2 71.1 68.4 67.1 65.4 63.9 60.6 59.1 57 51.5 49.2 46.8 52.4 46.7 50.4 54.7 56.9 61.1 65 68.4 68 66.6 65.3 64.6 65.8 68.2 72 76.3
140.5 140.7 140.4 139.3 139.5 139 138.9 138.4 138.4 138.6 140.3 140.2 141.2 140.5 139.9 136.9 134.2 130.5 126.2 121.8 117.4 113.6 109.8 106.4 104.1 101.8 99.5 97.3 95.2 93.3 90.9 92.6 95.5 98.7 100.3 102.8 109.6 111.4 107.6 104.9 102.2 98.9 96.3 93.6 91.6 90.7 89.1 86.9 84.2 82 82.1 80.3 77.7 74.4 72 73.9 68.6 66.9 65 62.6 60 57.4 53.7 47.7 48.8 47.5 51.6 52.7 55.1 56.2 62.4 66.6 64.7 59.1 63 65.7 65.4 65.3 65.8 69.4 73.7
142.2 142.7 141.7 141.3 141.7 141.3 140.5 141 141.7 143.2 142.8 142.5 144.3 142.8 141.4 139.8 138 135.3 128.9 125 120.9 116.8 112.8 108.8 106.1 103.9 101.8 99.5 97.4 95.1 92.5 93.9 99.1 103.7 107.4 112.8 115.5 113.6 109.9 106.1 102.9 99.4 96.5 93.9 93.2 91.7 90.8 86.6 85.5 85.5 84.7 82.6 78.4 75.6 73.8 71.4 69.2 67.6 65.3 63 60.3 57.7 54.8 54.3 49.3 49.3 51.6 52.3 53.5 56.4 60.4 66.4 69.4 57 52.7 52 52.9 64.5 64.2 65.9 69.7
144.2 143.7 143 144.3 146.1 145.6 145.1 145 146.1 145.6 144.8 144.3 146.9 148.6 146.2 142.3 141 139.4 132.8 128.2 124.4 120 115.9 111.8 109.1 106.4 104 101.7 99.2 96.7 94.2 94.6 103.3 110 115.2 119.2 118.3 114.5 110.6 106.8 103.7 100.5 97 95.1 94.2 93.1 90 88.8 87.9 88.6 86.8 84.3 80.6 78 75.6 71.9 73 66.7 64.4 62.5 59.9 57.1 54.3 53.1 53.6 51.2 52.9 52.8 51.9 54.9 57.6 66.1 68.5 66.1 52.5 52 52 55.1 64.8 63.3 67.1
147.6 146.1 146.8 149.1 150.2 150 149.8 150.7 150.9 148.6 146.1 148.6 150.1 151 151.8 148.4 148.3 140.6 137 132.5 128 123.5 119.1 114.9 112.4 110.3 107.2 103.3 100.7 98.2 95.8 99.1 108 115.4 120.5 121.9 119.1 115.1 111.3 108.1 104.7 101.4 98.1 96.2 94.9 94.3 92.2 90.8 90.4 90.4 88.8 86.1 82.7 79.1 76.6 73.3 70.2 65.9 64 62.3 60 57.4 56.1 54.7 54.5 53.7 53.3 52.8 52.7 52.1 56.9 62 67 67.3 62.3 53.4 59.3 62.7 61.4 62.1 63.5
148.9 149.5 151 153.8 153.9 154.4 156.5 155.7 153.4 150.8 151 152.9 155.2 155.8 154.8 148.4 148.2 143.8 140.8 136.1 131.8 128.2 122.8 118.3 116.2 114.4 111.1 106.8 103 100.8 97.3 103.4 112.6 120 125.2 123.1 119.8 115.9 112.1 110.2 105.5 102.9 100 97.9 97.1 96.6 94.7 92.9 92.1 91.4 89.9 87.6 84.6 80.8 77.9 74.3 71 73 64.2 62.4 60.2 58.6 56.8 54.7 54.6 53.4 52.4 51.3 52.5 52.2 53.1 56.9 62.1 66 66.5 65.9 64.1 62.1 60.8 60.8 62.2
152 153.5 156 158.7 158.2 159.8 161.4 159.7 156.9 154.2 155.7 157.5 159.3 158.9 156.4 153 149 146 142.7 138.6 134.3 130.4 126.8 123.3 120.5 118.3 114.9 110.3 105.9 103.6 100.4 105.8 115.3 124.5 126.9 123.7 120.8 116.9 112.7 110.5 108.4 105 102.7 100.1 99.3 98.7 96.6 94.6 93 92.1 91 89.4 85.8 82.3 79.4 76.5 72.2 67.8 65 62.9 60.9 59.6 57.3 54.7 54.6 53.2 52.6 52.4 52.2 50.2 51.2 52.7 56.9 61.3 65.7 64.6 62.8 61 61.2 62.5 55.2
154.7 157.1 160 162.6 162.4 163.9 163.7 160.7 158.3 158.7 159.8 161.5 162.8 161.4 158.5 154.2 150.6 147.4 143.7 140.4 136.7 133.1 129.8 126.8 126.6 118.8 116.3 113.3 108.8 106.1 105.6 108.2 116.5 125.4 126.8 123.9 121 117.7 113.5 111 108.7 108.1 105.5 101.9 101.6 100.6 98.5 96 94 92.9 91.9 90.4 87 83.6 80.6 76.9 72.8 70.5 69 64.5 61.8 59 54.9 54.7 54.4 53.2 52.6 51.9 50.2 49.9 49.6 50.7 52 54.9 58.9 63.6 61.5 59.7 61.5 63.3 56.5
158 160.5 163.3 165.8 166.6 168 166.3 162.8 161.6 162.8 163.7 165.4 166.6 164.3 160.4 156.7 152.5 148.7 144.9 141.4 138.6 135.1 132.2 130 127.9 123.5 120.3 116.6 110.4 108.8 105.4 107.8 115.7 124.5 126.7 126 122.5 119.5 116.2 111.2 111.5 109.7 107.8 105.2 104 102.3 100.3 97.4 95.3 93.7 92.8 91.5 88.4 84.8 81.3 77.6 74.1 71.3 72.3 66 63.1 60.2 58.5 54.9 54.8 53.4 52.4 52.4 50.2 49.5 49.3 49.5 49.9 51.1 53.1 56.3 57.5 55.4 58.3 61.2 64
160.4 161.9 165.7 168.1 169.7 171.1 168 165.5 166.1 166.4 166.8 168.3 168.6 166 162.2 157.9 153.7 149.7 146.1 142.1 139.2 136.5 134.6 132.3 129.3 126.1 122.1 119.7 111.9 111.1 105.5 109.5 115.4 122.8 127.3 128.2 124.6 121.2 118.1 115.1 112.4 111.3 109.3 106.5 105 103.4 101.4 99.1 96.8 94.8 94 92.5 89.6 86 82.4 79.1 76.3 72.7 72 67 64.4 61.8 58.6 56.5 54.9 53.6 52.3 50.1 50.2 49.6 49 49.1 48.8 48.7 49.1 53.3 54.1 53.1 55.2 58.4 62.1
162.2 163.1 165.8 169.2 170.6 170.9 168.5 167.9 168.6 168.7 169 172.1 170.8 167.6 163.2 159.1 154.6 151.2 147.5 144 141.1 138.3 136.6 135.1 131.4 127.9 123.5 121.4 115 111.9 108.5 112.7 117.2 121.7 127.8 129.8 126.9 123.5 120.2 116.7 114.9 112.9 110.3 107.2 105.5 103.8 102.4 100.1 97.7 95.5 93.8 92.7 90.2 87.6 83.8 80.8 78 73.5 72.4 72.9 67 63.9 60.4 58 56.2 54.5 52.6 50.3 50.7 49.9 49.2 48.3 47.9 48 48.4 50.9 51.5 50.9 53 56.5 61
160.3 161.4 164.7 167 168.5 167.8 167.6 168.5 171.6 170.3 172.4 172.7 171.7 168.6 164.2 160.3 155.8 152.7 149.1 145.8 143 140.2 138.6 136.9 134 129.8 126.3 121 117.2 116.9 110.4 116.8 122.3 123.7 129.3 130.9 128.8 125.6 122 118.5 115.7 113.3 110.4 107.2 105.6 104 102.8 100.2 98.4 96.1 93.3 91.8 90.7 89.4 85.8 82 79.2 76.6 74.5 72.5 70 66 62.1 59.6 57.7 55.3 53.3 50 50.6 50 49.4 48.3 47.2 46.9 47.7 48.3 48.9 48.9 50.9 54.1 55.7
154.4 156.4 156.9 158.2 162.7 163.1 162.9 162.3 164.3 166.4 169.9 172 171.7 169.1 165 160.8 156.1 154.6 151 147.7 144.5 141.9 140.3 138.3 135.6 131.8 128.2 124.5 117.4 117 113.5 121 125.7 127.1 131.8 131.7 130.1 127.3 123.8 120.4 117.3 114.1 110.7 107.6 105 102.4 101.6 100.1 98 96.3 93 90.7 89.1 88.5 86.7 83.2 80.8 79 77.2 75.3 72.5 68.1 64.1 61.2 58.7 56 54.2 53.4 52.4 51.9 49.4 48 47.4 46.7 47.8 48.6 48.6 47.9 48 51.2 52.5
147.9 147.6 147.6 148.8 151.6 155 155.3 155.6 156.5 159.9 162.3 165.8 168.7 169.1 166.4 161.5 157.2 155.7 152.9 149.7 146.4 143.8 142.3 140.1 137.2 133.6 130.1 126.5 122.3 117.2 117.9 124.3 127.6 129.6 135.4 134.7 132.2 129.1 125.6 122 118.7 115.3 111.8 108.4 104.6 101.7 99.6 98.4 96.9 95.1 92.3 91 89.4 86.7 86.4 83.9 82.7 81.8 80.3 78.2 74.9 71.5 66.6 61.6 58 56.2 54.7 54.5 55 54.2 51.6 50.7 48.6 47.4 48 49.1 48.3 47.7 47.5 47.8 47.9
144.7 141.1 140.5 141 142.6 146.4 148.5 150.1 151.9 153.3 157.1 160.5 162 164.8 163.9 163.5 158.4 156.9 154.4 151.3 148.1 145.8 144 141.1 138.3 135.2 131.5 128.9 124.1 120.8 121.8 130 128.9 131 137 136.3 134.5 131.1 127.6 124.3 120.7 116.4 113.5 109.6 106.2 102.9 99.5 97.3 96.2 95.1 93.4 92.3 91.1 88.7 86.6 84 83.4 83.9 82.9 80.7 73.4 72.8 67.7 61.3 58 58.6 60.5 61 60.2 58.1 55.6 53.6 50.3 48.4 47.7 46.9 48.2 49.7 47.5 50.2 48.5
145.9 140.7 136.1 135.6 137.9 140.1 142.3 144 146.2 148.4 151.4 154.7 156.4 161 163.8 163.6 159.9 158.1 155.9 152.9 149.9 148.1 146.1 143.1 140.1 136.9 133 129.5 127.2 122.7 122.9 130.8 132 130.4 133.4 136.3 136.1 133.3 128.6 126 122.5 118.9 115 110.8 106.4 103.5 100.8 99 97.4 96 95.3 94.8 93.4 91.8 89 85.5 79.3 82.2 81 81 72.6 72.2 65.9 60.1 63.2 65.5 67.2 66 64.6 62.4 59.8 56.6 53.3 48.7 47.8 46.7 46.2 48.7 50.9 51.2 51.2
146.5 141.5 136.7 134 134.9 136.7 137.3 139.4 141.7 143.4 145.7 148.3 151.2 153 156 158.5 159.4 157.8 157.2 154.1 151.4 149.8 147.3 144.5 141.5 138.7 135 131.3 129 126.1 125.2 130.3 131.3 131.5 130.5 130.9 131.5 131.1 127.4 126.3 120.5 119.7 114.3 112.7 109.7 103.5 102.4 100.4 99.1 97.6 97.3 96.3 95.2 93.4 91.3 87 83.7 78.2 74.8 73.7 72.2 67.2 61.7 64.6 69.3 71.9 73.1 71.6 68.4 66 62.5 59.3 56.5 51.7 47.6 43.6 43.3 45.8 49.2 51.7 50.9
146.7 142 137.5 133.8 130.9 134.1 135.4 135.8 136.6 138.2 139.7 142.5 144.8 146.6 148.9 150.7 151.5 156.7 156.5 153.8 151.6 151.1 148.2 145.2 142.3 139.8 136.6 133 130.1 128.9 127.8 129.1 130.4 130.2 129.3 129.2 128.9 127.6 126 125.1 120.2 119.4 114.3 112.6 111.3 105 102.8 100.3 99.5 98.1 97.6 97.5 96.3 94.6 92.1 89.1 86.6 82.9 78.8 73.9 71.7 65.7 63.4 66.5 70.1 74 75.4 73.1 69 66.4 63.5 61.3 59.4 56 53.5 46 41.8 43.4 46.3 49.4 51.1
146.5 142.4 138.3 134.3 130.6 130.3 131.3 131.2 132.1 133.6 135.1 136.9 138.9 140.2 142.9 144.4 146 146.4 152.1 152.2 151.7 152.9 150.2 146 143.3 140.8 138.1 134.8 132.8 131 129.2 129.2 129.5 129.7 128.7 127.8 126.7 125.3 124.6 123.9 119.6 118.6 114.8 112.8 111.8 107.6 103.1 99.7 99.4 97.7 96.5 96.1 94.5 91.5 88.9 88.7 86 82 77.7 73 71.1 65.9 72.6 68.7 71.1 73.9 74.2 72 68.5 66.5 63.8 61.5 58.5 55.6 53.8 47.9 43.5 40.7 43.8 48.6 50.4
145.6 142.9 139 134.9 130.5 128.3 127.6 127.9 128.4 129.8 131.6 133.1 133.7 134.9 136.1 138.5 141.1 141.8 142.8 143.1 147.1 151.2 150.8 146.9 144.1 141.8 139.2 137.2 135.3 133.3 132.5 129.9 130.7 129.8 127.8 126.7 126 123.8 122.4 120.6 118.8 117.8 114.1 110.8 109 108.6 103.9 102 99.3 97.7 94.9 92.2 90.1 88.7 85.3 83.6 80.9 77.2 73.8 70 70.7 72.4 75.5 71.9 74 75.4 74.7 72.7 70 67.6 66 62.5 57.4 55 52.9 49.3 45 41.7 40.6 45.9 50.6
