data/430000-390000.asc
ncols 200
nrows 200
xllcorner 430000
yllcorner 390000
cellsize 50
[rows 36 to 71 of 200, columns 80 to 159 of 200]
113.6 113.6 112.4 112.3 113.3 115.6 119.2 122 124.3 124.2 125.2 129.7 130.5 132.6 130.6 131.3 136.4 142.4 143.7 142.7 144.2 144.6 145.2 146.6 148.6 147.7 145.1 144 141.8 140.3 139.9 140.2 140.6 139.9 132.4 133.7 136.1 133.1 130.7 127.7 124.5 121.4 119.5 117.6 114.9 110.2 105.3 102.6 100.6 98.8 97.6 96.9 95.6 94.3 93.7 91.8 90.3 88.5 86.6 84.2 84.8 84.8 85.3 85.4 85.5 85.1 84.2 83 86.4 87.1 87.1 89.4 90.9 93 95 96.5 97.6 99 100.5 102
113.2 108.8 108.7 108.7 108.8 108.7 113.5 123.2 124.7 124.9 124.3 126.4 123.7 125 126.3 128.1 134.1 140.1 142.6 141.6 141 140.1 140.5 142.7 145.4 146.5 146.4 145.5 144.8 144.6 144.7 144.9 145.6 144.2 138.1 132.7 138.9 135.6 131.9 128.7 125.6 122.8 121.2 119.3 118.1 114.2 109.6 106.9 105.1 102.3 100.6 99 98 96.7 95.4 93.9 91.9 89.9 86.4 88.2 88.8 88.1 87.6 88 88 87.9 87.8 86.6 85 87.8 87.5 89.7 92.2 95.2 98.1 99 101.3 101.5 102.6 104.1
119.5 118.5 114.4 110.8 108.8 104.5 112.3 122.7 127.1 125.8 124.6 123.9 117.8 119.6 120.8 125.2 129.8 136.5 140.2 140.2 139.9 139.6 140 139 142.2 147.1 150.7 149.1 148.6 145.7 146.1 145.5 144.2 142.8 138.5 133.9 133.3 136.5 133.4 130.4 127.5 124.6 122.9 121.1 119.5 118.3 115 111.9 109 105.8 103.3 101 99.7 97.9 96.3 94.5 92.9 90.8 90.7 92 92.6 92.1 91.8 92.8 92.1 91.6 91.1 90.2 88.4 87.8 89.5 91.3 94.5 98 100.7 101.4 105.3 106.6 108.2 108.7
121.8 120.7 119.9 116.8 111.8 107.5 106.2 118 121.8 124 124.2 118.6 113.9 115.1 117.5 120.7 126.1 130.2 134.9 137.9 140.2 139.9 139.6 139.5 139.1 141.5 146.5 148.4 148.9 146.1 147.3 146 144.1 142.8 140.8 136.2 133.5 135 134.9 133.3 130.3 127.2 125.9 124.5 121.4 118.6 117.7 115.5 113.5 110.1 106.5 104.1 101.9 99.6 97.4 95.8 93.9 92.3 93.2 95 95.8 96 95.8 95.9 94.8 94 93.5 92.9 91.7 90.7 90.2 94.6 97.9 101.7 106 108.4 108.9 108.8 110.6 112.4
129.7 128.1 123.6 119.4 115.7 111.4 103.4 109.3 114.7 118.5 120.4 115.7 111 114.4 117.4 118.4 122.6 125.6 129.2 133.4 139.6 139.1 138.4 138.7 139.2 138.6 138.9 143.9 143.4 146.9 147.5 146 144 143.2 142.1 137 134.3 133.2 134.6 133.9 134.5 130.7 129.6 127.9 124.6 121.9 120.8 119.3 117.2 114 110.4 106.9 103.3 101.5 99.1 97.1 95 93.8 93.7 96.9 98.1 98.5 98.8 98.5 97.3 96.2 95.5 94.7 94.5 94.2 93.9 95 98.1 103.2 108.2 110.2 111.2 111.6 112.9 114.2
131.8 129.1 125.9 121.2 116.1 111.4 106.4 105.2 108.7 110.9 112.4 107.6 107.2 113 117.1 118 118.8 120.6 124.6 131 137.4 138.9 138.6 138.9 139 138.7 138.7 138.3 139.7 141.2 142.6 143.9 144.8 144 143.4 141.9 134.6 133 133.6 134.5 134.6 133.7 131.7 130.5 128.5 126.5 124.5 122.8 120.2 117 113.4 110.2 106.7 103.9 101.7 99.7 97.3 96.2 94.6 97.6 99.1 100.2 100.5 100.4 99.2 97.9 96.7 96.5 96.4 96.1 96.4 97.5 98 103.2 106.8 109.9 111.9 113.1 114.2 115.3
131.4 128.1 125 120.9 116.5 110.1 108.1 106.8 104.7 104.8 101.8 95.8 103.9 108.4 116.4 117.8 119.3 119.6 121 127.6 134.2 138.6 138.9 139 138.7 138.3 137.8 138 136.5 137.3 138.9 140 141.6 146.2 145.9 143.4 139.2 133 132.9 133.1 133.2 132.9 132.4 131.9 130.5 128.7 126.5 124.3 121.5 118.5 116.3 113.8 110.6 107.5 105.3 103 100.9 97.9 96.6 97.2 99.2 100.4 101 101.4 100.5 99 98.4 98.3 98.2 98 98.3 98.1 98.3 101.1 104 106 109.7 113.7 116.2 117.6
128.5 125.5 122.3 118.7 115.7 113.6 111.9 109.6 108.5 105.1 96 95.8 98.9 98.8 105.5 118 119.6 119.1 118.7 123.1 129.2 134.9 139 138.8 138.6 138.4 137.8 137.2 133.1 133.7 135.4 137 139.1 144.3 146.4 144.7 141.8 136.1 132.3 132.6 132.7 131.6 130.2 130.8 130.7 129.1 127 124.9 122.7 120.7 118.9 117.4 115.6 112 108.8 106.8 102.7 99.5 97.5 97 99.2 101 101.7 102.3 101.7 100.6 100.2 100.1 100 99.5 100 100.4 100.2 101 103.3 105.4 109.3 113.7 116.3 117.4
130.3 127 124.7 122.6 119.5 117.5 115 109.5 109.7 107.7 104.5 104.1 100.8 97.8 96.9 104.9 119.2 118.7 118.2 118.5 124.2 130.1 134.3 137.2 138.4 138.3 138.8 135.9 130.3 133.7 133.5 135.7 137.8 140.5 144.5 145.7 143 140.2 134.6 132.1 132.3 129.7 128.1 130.3 130.3 128.9 127.3 125.3 124.1 122.6 121.4 120.7 119.3 116 113.7 110.5 105.6 102.1 98.2 98.4 100.3 102.2 102.7 103 103.1 102.6 102.2 101.9 101.8 101.3 101.5 102 101.8 102.4 103.5 105.3 107.2 110.3 115.2 115.9
130.8 126.9 124.5 121.7 117.4 116.7 114.6 110.7 109.7 108.4 108.1 111.6 101.2 100.8 100.8 95.6 107 118.2 117.8 117.4 119.4 125.1 129.5 132.8 134.9 140.4 138.5 127.4 131.3 135 134.6 135.2 136.8 139.1 141.7 143.4 145 143.3 140.1 134.9 131.9 133.9 131.4 127.9 128.9 128.1 126.4 125.7 124.8 124.2 123.6 123.3 123.6 120.2 117.2 114.1 110.4 107.9 105 101.5 101.4 101.7 102.2 102.9 102.9 102.5 102.7 102.6 102.7 103 103.4 103.6 103.5 103.7 103.7 104.6 106 108.7 111.2 113
129.5 126.6 124.6 122.3 119.1 116 114 112.4 110.8 110.2 109.9 110 101.2 101 100.8 94.2 96.3 111.8 117.4 117 116.6 119.2 123.5 127.1 130.8 138.5 129.5 123.4 130.4 135.6 136.4 136.3 136.7 137.7 139.5 141.3 144.8 145.2 142.7 139.9 131.6 131.9 133 130 129.3 128.1 126.7 125.7 125.4 125.7 125.3 125 124.7 122.8 120.1 117.6 113.9 111.2 108.2 103.7 102.2 102.3 102.5 102.8 102.5 102.6 102.8 102.9 102.9 103 103 103.5 103.6 103.8 103.9 104.3 105.6 107 109.7 111.6
128.7 126.1 124.3 122.2 120.1 116.5 113.7 111.5 111 110.4 110.9 110.4 106.5 100.9 94.1 94 94.6 94.7 113.1 116.4 115.9 115.4 116.8 119.5 120.3 124.8 118.6 124 132.5 136.4 138.9 137.5 137.1 137.3 138.1 139.6 142.1 145 144 142.4 139.7 131.2 136.3 133.6 131.4 128.3 127.6 126.9 126.6 125.7 126.1 125.6 125.5 124.8 122.8 121.5 119 114.4 110.6 106.4 105.2 105.2 105.2 103.5 102.3 103.3 103.3 102.9 102.9 102.8 102.7 103.2 103.3 103.4 103.5 103.7 104.7 106.2 107.7 109.2
128.6 125.1 123.3 121.5 118.4 116.9 114.7 112.9 111.3 112.4 112 111.6 110.7 97.4 94.1 93.8 94.6 94.7 95.5 115.7 115.3 114.9 113.9 113 113.6 114.2 118.5 123.5 129 135.3 137.5 138.3 137.5 137.2 137.6 138.5 139.6 142.1 142.6 143 140.9 134.4 131.2 135.5 132.6 130.9 129.1 128.4 127.3 125.5 125.5 125.4 125 124.1 123.1 124 120.3 118.5 114 108.5 108.3 108.9 108.3 106.2 104 104.3 103.8 102.5 102 101.7 101.7 102 102 102.1 102.1 102.5 103.5 104.5 105.8 106.9
126.4 124.6 123.4 121.5 120.3 118.9 117.7 115.2 114.8 113 112.6 112.3 112 106.4 96.3 93.8 94.7 94.3 94.4 103.9 115.1 113.9 113.1 111.9 110.6 111.5 115.4 120.7 126.1 130.3 140 138.7 138.7 138.5 137.5 138.2 138.2 138.6 138.9 139 138.5 138.3 130.6 135 133.3 131.4 130.6 128.8 128.6 126.5 125.4 123.1 122 121.6 119.8 119.8 119.7 117.8 115.1 110.7 111.4 111.2 110.4 107.2 105.5 105 103.5 101.2 100.4 100.6 100.5 100.6 100.7 100.7 100.5 101.4 102.5 103.3 103.9 104.5
126.3 124.8 125 124.1 122.6 121.4 120.2 117.7 115.9 116.3 113.5 113.1 112.5 112.2 105.2 94.8 95.4 94.4 93.7 94.5 101.7 107.7 109.5 106.3 106.3 110.8 111.9 117 123.2 130.7 139.5 136.8 139.7 140.2 138.5 138.4 138.2 137.1 136 135.7 135.5 136.4 134 130.6 130.8 128.9 127.7 127.9 127.4 127 125.6 119.6 117.8 117.9 116.6 116.2 116.5 115 113.4 112.5 111.8 110.9 109.8 107.8 106.4 104.5 102.2 99.8 98.8 98.9 99.1 99.3 99.3 99.2 99.4 100.3 101.3 102.4 101.2 101.3
126.5 125.5 125.8 124.9 124.2 123.5 122.5 120.3 117.8 118.3 116.8 114 113.1 111.7 107.3 104.2 95.9 95.1 93.2 93.7 96.3 98.4 102 105.9 105 109.4 111.1 112.3 116.9 121.4 125.1 127.2 130.7 133.6 137.2 135.8 136.4 137.4 137.4 136.1 134.1 132.5 130.4 130.1 127.5 126.1 124.9 125 125 124.4 122.9 119.2 116.3 110 114.3 112.8 112.4 111.7 110.9 110.5 111 110.3 108.5 106.5 104.7 102.8 100.9 98.5 95.5 96.6 96.8 96.9 97.5 97.7 98.2 99.2 100.2 99.8 97.9 97.4
127.4 127.4 127.4 126.8 126.2 125.8 125.4 123.1 121.4 119.6 121.7 119.3 116.6 112.9 108.3 105.3 103 97.9 95.4 93.4 93.7 97.9 98.1 103.6 103.8 107.5 110 110.3 111.5 115.4 118.2 120.8 123.4 126 129.5 132.6 134.3 135.7 135.5 135.6 134.1 132.3 128.2 128 129.9 121.8 120.7 120.6 120.7 119.4 118.1 116.6 115.1 113.2 110.2 106.5 107.3 106.4 106.8 107.2 107.4 107.7 106.6 106.1 104 102 99.3 97 91.9 91.5 94.2 94 94.8 96.1 97.1 98.1 98.9 97.8 95.8 95.6
129 129 129.7 129.8 127.4 128.2 127.1 125.3 123.3 122.4 124.7 123.1 120 115.9 111.5 108 104.2 101.2 101.2 93.4 93.1 93.9 94.5 97.3 103 106.9 108.5 109.2 108.6 110.3 114.6 116.8 118.9 122.1 124.6 127.9 129.7 132 131.3 130.7 132 131.8 129.7 128.4 129.5 121.6 119.6 115.9 114.1 114.7 115.1 113 113.4 112.5 111.5 109.9 107.2 101 100.6 101.6 103 103.5 103.9 104.5 105.2 101.8 98.4 95.5 91.8 88.6 87.3 90.7 92.1 94.8 96.4 96.9 97.4 95.6 93.7 93
130.2 129.6 129.9 131.2 129.9 128.4 128.6 127.4 126 125.7 127.7 126.7 123.5 119.4 115.8 111.8 108.1 104.5 100.6 97.6 94.4 94.1 93.6 94.7 95 104.5 106.7 107.5 107.9 107.5 112.9 115.6 117 118.5 120.9 123.4 126.2 128 126.8 128.7 130 129.6 129.9 130.1 129.3 129 122.7 119.8 116.9 118.5 114.7 108.7 105.5 105.3 105.5 107.3 105.5 102.1 99.4 93.2 95.3 97.4 98.7 99.3 99.3 99.4 97.5 94.1 90.7 87.2 83.3 84.1 89 93.4 95 95 95.2 93.2 90.3 89.4
130.5 129 129.3 129.8 131.1 128.9 128.6 126.6 126 126 128.4 130.2 126.7 122.6 118.8 114.9 111.9 110 104.1 99.1 94.8 95.3 94.7 94 93.9 93.4 101.5 106.1 106.4 106.9 110.6 115.5 117.4 117.7 118.6 121.4 122.8 124.5 125.4 126.9 127.6 127.6 127.8 128.3 128.7 128.8 126.3 123 119.9 126.1 121.2 113.1 110.7 108.3 105 104.6 99.7 97.5 96.8 91.4 91.8 90.3 91.2 92.4 93.8 93.5 92.3 90.4 87.9 84.8 82.2 80.2 83.8 88.2 90.4 91.9 92 89.5 86.5 85.6
130.1 127.3 127.5 128.4 128.7 129.5 127.6 125.4 124.9 124.3 125.7 127.9 127.2 124.1 121.1 115.6 114 111.4 108.6 103.4 99.1 95.6 95.5 94.6 93.5 92.8 91.2 97.8 105.7 106.2 110 116.4 118 118 118 119.9 121.5 122.1 123.6 125.3 126.9 126.4 125.9 126.3 127.1 128.4 128.5 127.5 123.2 118.5 118.9 120.1 116.6 112.4 111.2 109.4 105.9 104.7 102.4 99.2 95.9 94.8 93 91.4 88.5 84.3 88.1 82.1 80.8 81.2 80.3 77.7 80.1 81.9 84.3 85.6 85.4 84.9 83.8 83
131.7 128.7 126.4 127.4 127.7 130.8 128.1 125 121.7 120.6 120.1 120.2 121.7 122.2 121.7 117.2 114.3 113 110 106.6 102.8 96.4 95.4 94.7 93.9 93.3 91.2 88.9 101.2 100 107.8 111.1 117.2 118.6 118.7 118.6 119.1 120 121.9 123.9 125.7 126.1 126 125.1 124.7 127 128.3 129.7 126.1 121.4 122.9 122.2 120.6 118.4 116.5 114.3 111.3 109 106.7 104.1 101.1 99.7 99.8 97.7 94.1 93 90.8 89.9 87.6 86.7 84.1 80.6 77.4 77 78 79.1 80.9 80.6 80.3 79.7
134.9 131.9 129.1 125.5 124.2 127.9 127.9 125.8 120.7 117.1 115.2 115.2 115.5 114.7 114.3 113.6 112.4 111.7 109.8 107.8 104.7 102.1 95.7 94.1 93.6 91.9 90.9 89 90.5 99.4 103 106.1 111.4 117.4 117.3 115.9 116.6 116.6 118.7 122.5 124.3 126.6 128.1 126.6 127 127.9 128.1 127.8 125.2 123.1 127.8 125.5 123.6 122.4 120.6 118.4 116 113.5 110.8 108 105.5 104.3 103 101.7 100.6 99.9 97.1 96.2 95.7 94.2 89.1 85.7 82.6 79.4 76.7 73.3 75.4 75.8 75.8 76.9
135.9 133.1 130.6 126.5 122.5 119 119.8 121.5 120.9 118.9 115.5 112.2 110.5 109.7 108.4 107.3 106.7 106.2 105.2 103.9 102.9 100.7 97.8 94.3 92.5 90.3 89.1 87.1 90.5 87.1 95.1 102.9 105.3 109.7 116 113.2 113.1 113.7 116.6 121 123.2 125.8 127.9 128.5 129.2 129.1 128.3 127.7 125.9 126.8 128.2 129.3 127.6 125.8 123.4 121.6 119.8 117.9 115.4 111.1 108.7 106.9 105.5 104.3 103.2 101.4 99.5 97.9 96.6 95.9 95.2 92.4 87.3 83.1 79.6 75.1 70 71.5 73.2 74.1
137.4 134.6 132.4 129.3 124.8 120.3 116 115.1 115.2 114.5 113.3 112.6 109.2 106.8 105 103.5 102 101.2 100.7 99.4 100.6 98.7 96.3 93.8 91.1 88.6 86.4 84.3 84.4 85.5 84.9 93.1 100.3 103.3 106.4 106.9 108.7 110.6 114.7 119.5 122.4 125.2 128.6 130.3 129.9 129.5 128.6 127.5 127.4 128.8 130.2 131.3 131.2 129.1 126.7 124.5 123 121.4 118.1 113.7 111.3 108.8 107 105.7 104 102.1 100.2 98.5 97 95 94.8 94.5 90.3 85.5 81.3 75.8 71.3 68.4 70.4 71
137.8 136.2 134.5 130.7 126.3 122 117.9 113.4 110 110.3 109.1 108.3 106.6 103.9 101.9 100.5 98 96.1 93.5 92.9 93.1 93 91.7 89.8 87.8 87.7 89 87.4 84.5 85.4 84.9 85.3 91 96.5 99.3 102.2 105.3 108.8 113.9 117.8 121.9 125.3 129 130.3 131.2 131.2 130.6 128.5 127.2 129.3 131.2 131.7 132 130.9 128.9 127 125.3 123.3 120.9 117.9 114.6 111.4 108.3 106.5 104.7 102.8 100.8 99 96.5 94.1 92.5 90.6 89.5 85.4 79.9 75.4 72.6 69.8 66 66.2
135.1 133.4 131.8 129.4 126.6 122.6 119 114.8 111.3 108.3 103.9 102.9 102.5 100.4 98.9 97.4 94.5 93.4 93.2 92.8 90.9 89.5 88.8 89 89.4 90 91.8 91.4 85.7 85.1 85 84.9 86.7 90 96.4 102.3 102.3 109.1 115.9 119.6 123.6 127 130.5 131.9 133.2 133.5 132.6 128.6 127 127.3 130.6 131 130.8 130.7 129.4 128.3 127.2 125.4 123.2 121.3 118.2 114.1 110.1 106.9 105 103.3 100.8 99.4 97.8 94.7 92.6 89.9 86.9 82.5 81 79.3 78.1 73.5 69.7 67.6
132.1 129.9 127.7 124.9 122.1 119.8 117.8 114.7 111 107.7 105.6 101.4 98.7 97.1 97.4 92.9 94.3 96.3 95.1 94.3 93.7 91.8 89.9 92.2 93.9 97.5 95.6 94.2 85.3 85.2 85 84.7 85.7 85.7 93.4 102.4 104.3 109.4 120 124.5 124.8 129.3 132 132.8 133.8 134.8 136.4 138.8 130.2 126.6 128.9 130.2 130.1 130.3 130.3 129.6 128.5 127.2 125.2 123.2 120.5 116.8 111.3 107.5 105.6 104.2 101.2 99.8 98.5 96.1 95.1 93.3 91.4 88.4 86.8 85.3 82.5 76.7 73.5 70.3
127.4 125.6 122.9 120.9 118.6 116.1 114.2 111.9 109.6 106.8 102.4 98.5 96.8 95.4 101.6 102.9 102.2 100.7 99.3 99 99.7 97 96.3 97.8 99.9 99.6 95.1 94.7 85.4 85.2 85 85 83 82.6 94.8 102.4 108.3 114.6 120.5 125.2 125.4 128.7 133.2 135.7 135.1 135.3 136 139.7 132.5 126.4 127.5 129.7 129.9 131.7 130.3 130.2 129.9 128.5 127 124.9 122.6 119.3 113.4 109.2 107.3 105.7 103.6 100.5 99.1 97.9 96.7 95.2 94.5 92.9 91.2 88.4 84.7 78.8 75.9 72.7
123.3 121.6 119.6 117.4 116 114 111.7 109.6 105.1 100.5 101.6 103.9 106.2 106.6 108.2 109.6 107.9 105.5 103.2 103.2 103.3 101.9 101.2 102.5 103.2 102.4 97.8 94.7 91.3 85.9 86.4 83.6 81.4 80.3 94.3 102 109.1 119.7 125.4 129.3 127.6 130.5 133.3 135.7 136.6 136.5 136.7 136.6 136.2 129.3 126.1 128.8 131.4 133.1 131 130.2 130.3 129.5 128 126.9 124.5 121.6 117.1 113.1 109.8 107.4 105.5 102.3 100.3 99.1 98 95.7 94.8 93.6 91.6 88.6 86.2 82.2 77.6 75.9
120.1 118 114.1 114 110.5 107.7 105.2 106.1 107 109.3 111.5 111.5 110.8 112.8 114 114.5 113.3 109.8 107.3 106.2 106.3 104.6 104.8 105.9 105 102.9 101.2 96.5 89.2 86.4 85.2 82.2 79.9 78.7 91.5 102 110.1 120.1 125.4 133.7 132.3 130.5 132.8 134.5 134.9 134.2 133.9 133.8 135.2 131.1 125.9 128.5 131.7 134.1 132.1 130.4 130.1 129.6 128.9 127.6 125.8 124.1 119.7 117.4 113.5 109.8 106.9 104.2 101.8 100.6 98.8 96.5 95.1 93.9 92 90.8 89.3 84.4 83.9 83
114.3 111.5 111.2 112.5 113.1 114.3 114.9 114.2 114.7 115.8 116.3 115.4 118 122.4 121.1 119.7 116.8 113.5 110.4 108.7 108 107.4 107.3 107 105.6 103.4 100.6 95.9 87.3 87 85 82.3 79.3 78.1 87.3 101.7 106.1 112.5 120 129 134.2 130.7 132 132.8 132 130.9 130 129.9 131.4 130.4 126.2 125.7 130.6 134.3 134.5 130.6 129.8 129.3 128.6 128.4 127.8 125.9 123.6 121.8 117.4 112.5 108.1 105.7 103.3 101.6 99.5 97.4 95.8 94.6 93.2 91.8 90.6 89.3 88.1 86.5
121.1 119.8 119.7 119.8 118.6 117.3 119.2 118.6 119.9 121.3 121.8 121.4 124 125.2 124.4 122.2 119.1 115.6 112.7 110.7 108.8 107.5 106.2 105 103.6 101 98 93.7 91.6 90.2 86.4 82.5 79 77.3 81.3 96.9 101.8 107.4 116.4 126.1 132.4 131.4 130.8 130.2 128.7 127.1 126.5 126.2 127.5 128.9 127.2 125.4 129.5 133.6 135.4 131.7 129.9 128.5 127.3 127.1 126.6 128.3 126.8 123.3 120.3 114.9 111.2 108.1 105.5 102.2 100.5 98.4 96.7 95.4 94.2 93 91.6 90.6 89.9 88.7
127.1 124.6 124 124.3 122.7 121.8 122.7 125.1 126.5 126.5 126.6 125.7 126.9 125.7 123.8 122.3 120.1 117.4 114.3 111 108.6 106.2 103.5 100 98.4 97.3 94.5 92 90.1 86.5 84.4 81.6 78.7 76.8 80.2 92.4 100.4 106.1 115.9 124.4 130.2 133.2 128 126.5 124.8 123.4 122.5 122.8 124.1 125.1 127.2 125.4 126.1 131.7 132.6 131.9 130.2 128.5 126.1 124.5 124.3 125.5 125.8 123.7 122 118 114 110.8 107.8 104.5 101.9 99.7 98 96.5 94.9 94 92.8 92.1 91.9 90.9
129.6 128.2 128.8 128 126.9 126.4 127.2 128.4 129.6 129.4 129.1 127.6 126.4 124.8 122.8 120.5 118.1 115.9 113.9 110.9 108.1 105.4 102.9 98.4 94.5 93.2 91.8 90 88.4 85.9 85.3 81.2 78.6 76.4 77.9 91.1 97.5 105.1 115.2 124.6 127.1 134.5 129.4 122.6 121 120 119.5 119.2 119.7 121.7 124.4 125.1 124.8 127.1 130 130.3 129.9 127.4 126.1 124.8 122.1 122.1 123 123.3 122 121.4 117.8 113.8 110.4 106.9 104.1 101.8 99.5 97.6 96.3 95.2 94.4 93.9 93.7 92.1
132.7 132.7 134.1 131.3 129.7 129.8 128.1 127.3 126.1 125.3 124.6 122.6 121.1 120.7 118.9 117.6 116.2 113.9 111.7 108.8 106.4 104.8 101.9 96.7 91.2 88.8 87.7 86.6 85.9 85.1 84.6 80.8 78.2 75.9 75.5 87.6 98.1 104.7 113.2 121.3 127.6 130.4 135.3 124.2 120.7 119.2 118.7 116.6 115.7 117.7 119.7 122 124.5 124.2 125.4 127.2 127.5 125.6 125 123.7 121.5 118.6 119.2 120.1 119.6 119.8 119.8 116 112.2 109.4 106.4 103.9 101.2 99.4 98 96.4 96.2 95.3 94.9 93.5
