data/430000-400000.asc
ncols 200
nrows 200
xllcorner 430000
yllcorner 400000
cellsize 50
[rows 36 to 71 of 200, columns 0 to 80 of 200]
69.5 68.5 67.4 67.3 66.9 66.1 66.7 66.3 69.4 82.7 85 94.4 100.6 103.1 104 104 103.1 100.5 99.1 97.5 97 96.2 94.3 93.8 93.8 93.4 89.7 88.8 88 83 80.2 78.3 76.5 73.9 73.4 72.3 73.2 73.6 74.4 75.7 76.4 72.4 72.1 71.9 72.2 70.7 70.1 64.4 61.5 59.4 60.8 62.4 63.6 64.5 64.7 63.8 66.7 72.9 72.8 74.7 76.6 75 72.8 70.4 70.5 69.3 67.9 68.9 68.9 68.2 66.6 63.2 61.8 59.5 58.9 64 61.9 55.5 52 49.6 47.5
69.8 69.6 68.3 68.1 68 67.9 67.4 67.2 71.4 83.6 86.9 94.2 98.3 100.3 100 98 96.8 97.1 97.8 96.6 96.7 96.9 95.8 95.2 94.1 93.4 90.3 89.3 88.4 83 81.5 79.1 77 75.9 75 74.6 75.1 76.4 74.7 78.7 76.6 77.2 73.1 72.6 72.3 71.4 67.4 66 65.4 62.1 65.5 66.1 67.4 68.3 67.7 67.1 75 81.7 80.6 79.1 81.3 79 76.6 73.6 69.3 68.4 71.2 71.4 71.8 70.1 68.3 64.9 61.8 59.7 62.8 66 65.7 59.2 55.2 52.9 50.5
72 70.8 69.4 69 68.5 67.8 67 68.4 72.1 81.8 87.8 89.5 94.4 97.5 96.6 95.7 95.2 95.5 96.6 96.8 97.3 97.4 97.2 96.3 95.1 93.5 90.6 90.2 89 85.6 83.1 80.5 79.7 78.5 77.3 76.8 74.7 77.5 79.4 78.8 76.8 77.6 76.9 73.6 72.8 69.5 69.2 67.8 66.9 65.4 66.1 68.2 70.6 71.2 71.5 73.9 82 82.3 82.1 83.2 84.9 82.5 79.3 75.6 71.4 70.3 74.9 74.5 73.1 71 69.4 72.4 63.9 61.1 66.2 66.8 66.3 60 59.7 57.2 55.2
73.6 71.9 70.3 69.1 68 68 68.3 70.5 73.3 75.6 89.5 84.3 90.2 95.8 93.8 94 95.3 96.5 98.2 98.1 98.6 99.3 98.6 97.4 95.9 92.9 91.6 91 89.8 87.6 86.1 81.4 80.8 79 78.2 77.6 77.3 78.1 79.7 78.6 78.7 77.6 78 74.6 72.7 70.9 71.5 71.8 69 68.6 71.5 73.5 75.4 76.4 76.3 81 83 82.5 86.2 86.7 87.1 85.5 82.3 79 74.2 75.8 77.7 77.7 75.9 73.5 71.3 68.8 66.9 71.8 70.2 67.2 65.8 65.8 67.4 64.5 62.5
73.7 71.9 70.1 68.9 68.4 67 67.5 69.8 72.8 76.8 89.2 84.1 87.5 91.1 95.1 96.2 97.2 98.1 99.1 99.6 100.2 99.9 99.5 98.7 98.2 96.6 95.3 93.4 91.4 89.4 87.2 83 81.9 80.6 79.6 78.2 77.6 75.8 79.3 79.6 78.7 78.4 76.9 74.4 73.9 72 71.7 71.6 71.3 72.7 77 78.7 79.4 78.8 80.3 81.8 82.7 88.5 89.8 90.3 90 87.7 85.2 80.6 75.7 77.8 80.3 80.6 78.3 75.9 73.5 71.3 69.2 71.8 69.7 69.4 74.8 70 71.5 71.8 70.8
73.7 71.8 70 68.9 68.6 68.1 68.8 70.5 74.1 78.9 90.1 89.7 94.1 96.1 97 98.1 99.2 100.1 100.7 101.1 101.8 101.6 101.1 100.2 99.7 98.5 97 95.2 93.1 91.1 89.4 86.8 83.6 80.9 80.6 80.3 78.8 78.5 79.7 79.2 78.4 79.6 78.6 77.2 74.4 73.2 72.3 72.2 73.7 75.1 79.6 81 81.9 81.9 82.4 81.5 89 94.5 93.7 94.3 92.7 89.9 86.9 83.1 77.6 80.5 83.3 82.4 80.8 78.4 75.9 73.3 70.9 72.6 73.7 74.6 73.3 73.8 76.6 74.5 75.1
73.7 71.8 69.9 68.8 68.6 68.6 69.5 71.6 75.3 82 89 94.6 100.1 99.4 99.1 100.6 101.5 102.3 103.1 103.2 103.6 103.6 103.5 102.3 101.2 100.4 98.8 96.8 94.7 92.6 90.5 88.4 85.2 83.5 82.5 82.3 81.1 80.4 80.3 80.2 79.8 79.5 79.2 78.4 77 78.6 77.6 74 77.5 78.2 81.8 83 84.3 85.3 87.1 88.8 89.8 96.7 97.6 97.9 95.3 92.8 89 84.1 81.6 84.1 84.1 83.3 82.4 80.9 78.5 75.8 74.1 74.6 77.8 79.3 78.7 77.6 76.8 78 78.2
73.4 71.9 70.4 68.9 68.7 68.8 69.3 71.4 74 82.6 91.8 95.7 99.3 99.8 99.9 103.3 104.9 104.5 103.6 103.5 105.5 105.8 105.7 105 103.7 102.4 100.6 98.7 96.6 94.2 91.8 89.5 87.2 86 84.7 83.9 82.7 82.1 81.7 81.6 80.9 79 78.7 78.8 80.6 82.2 82.8 81.7 80.9 81 84 84.5 86.1 88.1 91.1 93.6 96.3 99.8 101 100.8 98.1 95.3 90.3 86.6 85.7 86.2 87.3 86.6 85.1 83.4 81.1 79.9 78.3 79.4 83.5 85.1 84.1 82.7 83.7 85.9 85.4
73.1 72.1 71.1 69 68.9 68.9 68.9 69.7 73.9 81.3 90.1 95.1 95 97.1 104.2 106 107 106.4 106.2 106.2 107.6 108.2 108.3 108.3 106.2 104.6 102.7 100.6 98.6 96.2 93.8 91.5 89.2 87.8 86.5 85.4 84.3 83.7 83.4 83.2 82.3 81.2 77.8 79.4 82.2 84.8 85.5 85 84.7 85.7 86.9 88 90.1 92.8 95 96.5 100.1 104.6 104.2 102.8 99.7 97.4 91.8 88.8 89.5 88.5 89.6 90.3 88.4 86.3 85.3 84.3 82.8 82.8 89.6 91.3 89.5 90.6 93.8 95.3 91.1
72.9 71.8 69.9 71.3 70.5 69.5 69.2 70.5 74.3 80 84.4 91.9 98.8 100 105.7 107.2 108.5 109.7 109.2 109.9 109.9 110.8 113.1 111.9 109.2 107 104.9 102.9 100.8 98.4 96.1 93.8 91.5 89.5 87.9 86.7 86 85.4 85.1 84.2 83.8 83.2 77.4 79.1 87.8 88.6 88.6 88.8 88.5 87.1 88.1 90.6 92.9 95.9 98.9 101 102.9 106.2 105.1 104.4 102.6 98.8 94.9 90.9 92.3 91.7 92.7 93.6 91.7 89.7 89.3 89.2 86.9 90.4 96.4 100.1 101.7 98.3 101.1 100.3 95.3
72.6 71.2 71.3 72.5 72.1 70.6 69.9 71 74.1 78.4 82.4 86.4 99.1 100.4 104.2 106.2 109.8 111.5 112.3 113.3 112.8 113.6 116.2 115.5 112.5 110.3 108 106 103.5 100.8 98.4 96.1 93.8 91.6 89.8 88.9 87.7 87.1 86.6 85.3 84.9 84.7 83.8 79.2 90.1 92.1 91.4 92.8 93.2 91.7 93.2 94.9 96 99.6 102.1 104.4 107 108.8 105.3 104.6 104.2 100.6 96 94.9 95.9 95.6 95.5 96.2 95.8 93.8 94.2 93.8 92.2 95.8 100.6 103.7 103.2 103 102.9 103.7 101.9
72.2 71 73.7 73.7 73.6 71.9 72.5 72.4 74.2 76.7 80.8 85.4 99.5 99.5 99 105.9 110.8 112.4 114.1 115.3 115.1 115.5 117.7 117.5 115.5 113.4 111.2 108.9 106.1 103.3 100.9 98.5 96.1 93.8 93 92.2 90.8 89.6 88.2 87.1 86.5 85.9 83.8 77.7 88.5 93 93.5 96.2 100.9 102.3 102.2 102.9 100 103.2 105.3 107.8 111.1 112.7 111 107.1 106.1 102.6 100.5 99.1 99.5 99 98.4 98.5 98.5 98.8 98.3 98.3 96 101.2 104.1 106.7 106.2 105.6 105.2 106 105.2
71.5 73.9 75.3 75.1 75.1 75.8 76 75 74 75.3 80.2 86.7 95 103.6 102.5 109.5 112.9 114.3 115.8 116.9 117.3 117.8 120.2 120 118.3 116.2 114.1 111.4 108.8 106 103.3 101 98.6 97 96.5 95.4 94.1 92.7 90.7 89.4 88.3 87.3 84 81.7 83.6 87.2 95 100.1 104.5 103.8 103.3 103.5 105.1 107 108.7 110.9 114.7 116.7 114.5 111.2 109.3 106.3 104.2 103.9 104 103.7 103.2 101.6 100.7 102.4 102.7 104 104.6 106.5 110.9 110.5 109.8 109.9 108.3 108.6 107.4
72.9 74.7 76.6 77 77 79 79.7 79.4 77.5 75.1 79.3 84.3 90.9 102.9 104.6 109.3 113.6 116.3 119.4 119.5 119.7 120.2 122.1 122.4 120.9 119.1 116.7 113.9 111 108.5 105.8 103.4 102.2 101.7 100.4 98.7 97.5 96.5 93.2 91.9 90.3 89.2 84.9 85.5 90.7 92 92.3 100.1 105.1 106.9 105.9 106 108.1 109.9 112.2 115.4 117.8 118.8 117.8 115.9 113.1 109.1 107.2 108.4 108.4 108.3 107.7 105.1 104.7 106.9 107.2 107.6 108.8 110.4 111.9 113.2 112 112.7 110.3 111.7 108.8
75.8 76.8 78 78.5 79 81.5 83.4 83.8 81.2 78.8 78.5 82.2 88.7 97.4 107.2 108.4 113.9 117.7 120.1 120.8 122.2 122.9 123.7 124.7 123.6 121.9 119.2 116.4 113.6 110.5 108.1 107.4 106.9 105.4 103.5 101.4 99.4 97.7 95.8 93.8 91.7 89.8 83.5 90.9 95.2 99.2 101.7 99.5 105.7 109 109.9 110.4 111.2 112.6 115 118.9 121.3 120.3 118.6 117.4 117.6 112.2 111.6 112.7 112.7 112.6 110.1 108.8 109.9 111.6 111.5 111.3 113.3 114.2 114.7 114.7 115.2 114.4 114.4 113.3 109.3
80.3 80.8 79.9 81.6 83.8 86.2 88.6 87.5 84.1 80.2 79 83.3 88.7 95 106.2 105.6 115.5 119.7 120.4 122.6 124 125.2 125.6 127 126.9 124.9 122.4 119.6 116.6 114.9 113.4 111.8 110 108.8 106.5 104.1 101.6 99.3 96.9 94.4 91.4 86.9 90.5 95.1 99.6 108.2 109.2 105.6 103.9 108.7 112.4 113.3 114.9 117.2 119.5 122.8 124.7 123.6 120.3 119.3 118.7 114.6 115.7 117 117 114.8 112.9 113 114.4 116 115.3 114.6 116.9 117.2 117.6 117 116.8 115.8 114 111.1 107.7
85.6 83.1 84.8 86.2 87.2 89.8 91.5 90.6 87 83.2 80.8 85.1 90.3 95.1 102.1 110.3 116 119.8 121.7 124.4 126.2 127.8 127.7 128.7 130 128.2 125.6 122.6 119.5 117.7 117.2 115.2 112.8 111.6 109 105.6 102.4 99.8 97.3 94.3 90.1 86.9 94.7 99.5 104.2 111.6 113.5 109.3 105.4 109.9 113.4 116.3 118.2 120.9 124.3 127 128.7 126.8 125.8 123.7 121.5 118 119.9 121 120 118.1 116.6 117.4 118.4 119.6 119 120 120.5 120.7 119.9 118.8 117.5 115.5 113.1 110.6 107.2
89.4 88.4 90 90.3 90.6 92.1 91.2 90.4 87.6 85.2 83.9 86.6 91.2 96.4 102.7 109.6 113.8 119.1 123.6 125.8 129.2 130.4 129.9 130.8 132.3 132.2 129.3 125.5 123 121.5 120.9 118.5 116.1 113.4 110.5 107.2 104 100.4 98.6 91.8 88.8 92.3 99 103.4 109.6 115.9 114.1 109.3 110.2 109.6 115.9 118.8 120.9 124.9 129.1 131.8 132.6 130.2 128.2 125.6 123.3 121.5 123.8 124.4 123.5 121.5 120.5 120.7 122 123.2 122.6 123.9 123.3 121.7 121.2 119.8 117.9 116.2 113.2 110.4 106.8
92.5 92.9 93.5 93.7 92.5 91.3 90 89.3 87.5 86.1 84.5 87.2 92.1 97.5 103 109.8 112.4 118.5 123.5 125.6 131.7 132.7 132.4 133.3 134.9 134.4 131.9 129.6 126.9 125 123 120.2 117.2 114.4 111.7 108.2 104.4 100.5 93.5 90.8 91.8 94.7 102.9 107.5 113.3 116.8 113.7 110.8 115.6 117.8 117.3 120.3 123.2 127.4 131.8 135.7 136 134.1 131.9 129.4 126.9 125.7 127.6 128.7 126.9 124.9 123.2 123.3 124.9 126.4 126.1 126.8 126.4 124.9 123.5 121 118.4 116.7 114 110.8 106.2
97.8 98.5 97 95.1 93.8 92.6 90.5 89.2 88.5 87.5 88.5 89.7 91.6 97.6 103.2 108.4 113.4 116 123.4 124.5 132.3 135.4 135.6 136 136.5 135.8 134.1 132.7 129.7 126.7 123.8 121 118.1 115.3 111.8 107.9 103.9 97.7 94.9 98 96.2 96.5 105.3 111.6 117.3 117.4 116.1 116.9 121 120.6 120.5 121.6 125.2 129.4 133 137.1 138.4 137.3 135.4 133.7 131.9 132.4 132 133.7 130 127.9 126.7 125.9 126.9 127.8 127.8 129.7 130.4 128.8 125.7 122.6 119.7 117.5 115.2 112.7 110.2
102.8 101.7 100.1 97.5 95.1 93.9 91.1 89.2 89 89.9 90.8 92.3 90 94.4 99.1 103.6 108.8 115 120.6 124.9 130.3 137.1 138.2 138.1 137.9 136.9 136.1 134.1 130.9 127.9 124.9 122 119 115.3 111.6 107.5 101.7 99.3 101.1 101.8 99 97.8 108.5 115.7 119.8 119 118.5 120.3 123.4 122.9 123.4 125.2 127.1 131.3 135.5 139.4 141.7 140.5 138.3 136.1 133.7 133 134.6 135.9 132.9 130.8 129.4 128.1 128.6 129.4 130.8 134.1 135.4 133.8 128.4 124 120.9 118.8 116.6 114.6 112.6
108.6 106.2 103.7 100.9 97.7 95.1 92 90.3 91.1 92.5 93.9 94.4 93.2 92.4 94.8 98.8 104.4 110 117.9 122.5 122.6 135.2 139.6 139.4 138.7 138.2 137.8 135.4 132.3 129.2 126 123.1 119.4 115.3 111.2 107.3 104.9 104.6 107.2 107.4 104.1 98.7 108 115.4 121.9 121.7 121.1 123 125.5 126.3 126.6 127.4 130.3 133.5 136.7 140.7 143.2 143.4 141.1 139.2 135.2 135.8 137.6 138.1 137 134.3 133.2 131.2 130.7 131.8 135.4 138.6 137.8 134.9 129.3 124.9 122.2 120.7 118.9 117.1 115.3
114.2 110.9 107 103.5 100.4 96.2 94.6 93.1 92.9 95.2 98 99.2 98.3 97.6 97.8 97.7 99.8 104 113.7 121.4 117.7 131.3 139.5 140.4 140.1 140 139.8 137.9 133.9 130.5 127.3 124 119.9 115.9 111.6 107.6 106.7 109.8 114.2 112.3 107.7 104.1 107.3 115.1 122.4 124.4 123.9 126.1 127.4 128.6 129 130.2 132.4 134.3 137.7 141.6 144.2 145.7 143.8 141.9 139.3 139.1 140.2 139.8 138.7 137.8 137 134.7 133.4 134.4 137.8 138.9 138.5 135.8 129.9 125.5 123.8 122.6 121 119.8 118.4
117.6 113.5 109.5 105.9 103 100.8 97.3 96.1 94.4 97.8 100.9 103.3 103.2 102.9 102.9 102.1 101.8 107.4 108.6 113 123.7 129.5 137.6 142.1 141.9 141.7 141.6 139.9 134.6 131.4 128.4 124.7 120.6 116.6 112.3 108.5 111.8 115.4 116.6 114.3 110.9 108.2 105 112.5 119.1 124.9 125.8 128.6 130.4 130.4 130.9 131.8 134.5 136.9 140 143 145.6 147.4 146.3 144.6 143.3 143 142.4 140.8 139.9 138.5 137.6 137 136.5 137.8 140.7 140.6 138.8 135.6 130.9 126.4 125 124.2 123 121.7 118.5
121 117 113 110.4 107.9 104.1 100.4 97.8 98.3 100.4 103.6 106.5 107.9 108.5 106.8 105.9 105.4 110 106.8 115 122.5 126.2 133.5 140.4 143.4 142.3 142 141.2 136.3 133.1 129.8 125.7 121.9 118.6 115 111.3 115 118.9 120 117.9 114.8 112.2 109.8 115.4 118.5 122.4 128 130.9 132.6 133.1 133.9 134.9 137.2 139.2 141 143.9 146.7 148.8 148.7 147.3 144.9 143.7 143 141.9 141.1 139.2 137.9 137 136.3 136.8 139.5 139.9 138.6 135.5 130.9 128.4 127.3 125.8 124.9 120.7 115.6
123.1 120 117 114.3 111.4 107.5 103.8 100.6 99.1 101.4 105.6 108.6 111.6 112.2 110.8 109.7 111.2 111.4 111.8 115.5 118.8 124.8 130 137 142.8 143.9 143.2 141.9 139.1 135.5 132.4 130 127.6 123.9 118.4 116.4 119.4 121.8 123.2 120.6 118 115.6 114 122 125.5 127.4 131.3 133.1 135 136.4 137 138.3 139.6 140.8 142.1 145.5 148.2 149.4 149.8 148.7 146.5 144.1 143.1 141.9 141 139.3 138 135.9 134.9 134.1 134 134.3 133.5 131.9 130.7 129.2 127.9 127.1 127.3 111.9 124.3
125.3 122.2 120.3 117.6 114.8 111.3 107.3 103.6 102.2 102.9 107.1 110.7 114.6 114.7 114.2 114.4 114.5 114.1 115.5 117.1 119.3 122.7 126.9 132.6 138.4 142.9 144.2 143.2 141.2 140.2 138.1 134.8 133.5 130.1 124.3 120.8 123.4 124.5 125.3 122.8 121 117.6 115.5 125.5 128.7 131.6 133.4 135.2 136.7 138.1 139.7 140.8 142.1 143.6 144.2 145.9 147.7 148.9 150 148.3 147.9 145.5 143.5 142.1 140.6 139.8 137.1 134.2 131.9 130.5 129.6 129.3 128.9 127.7 127.6 127.9 128.6 128.4 118.9 124.9 125.4
127.4 125.5 123.5 121 118.2 114.4 110.8 107.6 106.3 104.7 108.1 112.6 115.8 116.4 116.9 118.2 119.1 118.2 119.7 119.1 122.5 127 132.7 129.5 135.3 140.5 143.7 144.3 143.5 142.3 141.5 139.5 136.9 132.8 126.3 125.6 127.1 127.9 127.1 126 124.3 120.6 118.7 126.7 130.9 133.3 135 136.7 137.6 138.9 140.5 142.6 143.6 144.6 145.3 145.9 146.4 146.7 146.8 146.5 146.1 144.8 143.7 142.6 140.7 138.4 135.9 133.2 129.3 128 126.3 124.9 124.5 124 124.3 124.9 126 128.2 115.6 129.3 126.8
129.1 127.9 126.7 124.2 120.4 117.5 114.6 112.7 109.7 107.3 110.1 113.6 118.7 120.4 123.9 123.8 124 123.3 123.1 120.5 123.9 128.6 133.7 134.4 131.7 138 142.8 143.8 144 144.4 143 141.3 139.3 134.2 126.2 128.9 131.2 130.4 129.2 128 126.8 124.8 122.2 126.5 130.3 133.7 136.2 137.8 139.3 139.5 140.3 142.9 143.9 144.6 145.1 145 144.5 143.8 143.5 143.3 142.9 142.4 142.4 141.5 139 136.8 134.4 132.3 127.5 126.6 125.2 123.8 122 121.4 121.2 121.7 123.6 120.7 126.5 130 128.1
131.8 130.2 128.5 126.1 124.7 122.1 119 117 113.3 111.6 113.7 116.9 121.9 127.7 128.1 127.2 128.4 128.9 127.5 124.2 124.1 127.9 134.4 137.8 137.4 133.3 139.2 142.7 144.5 144.2 142.8 140.9 139 135.7 131.5 133.5 133.8 132.6 131.5 130.2 129.1 127.2 128.1 129.5 131.5 132.8 135.9 138.3 140.3 141.2 140.8 142.6 143.5 144.2 144.5 144 142.7 142.9 141.5 141.1 140 139.5 139.1 138.7 137.3 135.6 133.5 131.1 127.2 126.3 125 123 120.8 119.3 118.9 123.8 125 119.5 127 130.5 129.3
132.3 131.5 130.4 127.7 126.2 124.6 124.2 121.2 116.6 114.7 116.8 119.8 125.9 131.7 130.8 129.9 131.9 133.7 131.6 129.7 127.2 126.5 133.4 138.4 141.3 140.8 135.5 140.5 145.5 145.5 144.6 142.4 139.6 136.1 136.2 138.8 138.7 136.2 133.8 132.6 131.8 132.2 132.8 132.2 132.2 132.8 136.4 139.3 141.1 141.8 141.9 142.9 143.6 143.7 142.7 143 141.4 141.2 140.4 139.6 138.7 137.7 137 137.5 136.7 135 133.1 131 128.3 126.9 125.1 123 120.8 118.6 117.4 116.8 117.6 121.1 124.3 127.8 129.7
133.5 132.3 131.6 129.5 130.6 129.9 129.6 124.7 120.3 119.2 119.6 123.2 129.4 135 133.4 133.4 136.7 137.2 135.9 134.2 133.8 134.5 135 137.4 139.7 142.7 143.3 137.3 140.8 146.3 145.7 143.9 141.1 139 141.4 142.8 142.9 141 138.6 136.5 135.3 138.1 137.1 135.6 134.3 134.8 135.3 139.3 142.1 144 144.1 144 144.4 143.6 142.9 142 140.8 139.6 139 138.1 137.3 136.5 137 137.3 136.1 134.7 133.3 130.8 129.2 127.3 125.6 123.5 121.4 119.4 117.8 116.6 114.2 117.4 120.7 124.4 128.7
128.7 131.8 130.5 131.4 132.4 133.6 131.8 127.9 124.9 124 124 126.7 131.6 136.4 136.7 136.6 139.6 139.7 139.8 139.5 140 141.4 145.5 147.8 142 144.9 145.3 147.6 139.6 142.9 144.6 144.6 142.6 143.3 145.6 146.7 146.3 145.6 143.8 142.3 141.5 142.6 142.2 140.8 139.1 137.1 136.4 137.6 140.7 144.3 146.4 145.7 145.2 144.7 142.1 141.4 140.2 138.9 137.8 137.1 136.4 136.9 136.7 135.7 132.6 132.2 131.9 130.8 128.8 127.2 125.7 124.3 122.7 120.5 119.9 115.1 113.3 113.1 116.5 120.9 125.4
122.5 128.8 132 135 136 136.1 133.7 130.1 129.5 128.1 128.2 128.6 133.9 138.2 140.1 141 143.9 144.7 145.3 145.8 147.1 150.7 155.2 157.8 145.7 146.1 145.4 149.5 145.9 144.8 143.7 145 144.1 146.3 148.9 150.3 150.3 148.8 148.3 147.2 146.4 146.7 144.9 143.2 140.8 139.2 138.2 138.5 139.6 142.8 144.4 145.2 145.9 144.9 142.7 140.8 139.5 138.2 137.1 135.9 131.4 136.2 135.6 133.6 132.4 131.6 130.2 129.3 128.2 127 125.8 124.4 122.7 121.4 118.9 115.9 113.3 110.6 112 116.2 120.7
122.3 128 132.2 134.5 136.2 136.3 135.4 133.5 133.2 132.7 132.9 134.2 136.3 139.5 140.7 144.7 148.5 150.8 151.7 152.3 152.8 156.8 165.8 170.1 168.6 148.7 146.4 149.6 146.8 147.7 148.1 144.6 147.5 149.6 150.7 151.3 151.4 151.3 151 150.8 150.5 149.1 147 145.1 143.7 141.7 139.9 139.6 140.1 141.3 142.5 143.2 143.1 142.2 140.8 139.6 138.4 137.5 137.1 132.6 130.3 130.6 132.5 132.1 130.8 130.3 128.6 127.3 127.2 126.5 125.7 122.9 122.5 120.7 118.9 115.9 112.8 110.8 108.7 111.4 115.7
120.5 126.9 131.7 134.4 137.6 139 137.2 136 135.9 137.2 138 139.4 137.8 139.9 142.2 147.3 153 155.7 157.3 156.2 155.6 160.3 170.6 176.7 176.4 161.8 149.7 148.5 148.6 149.7 151 151.1 146.4 147.7 150.2 154 153 153.2 153.2 152.9 152.2 151.7 149.8 147.3 146 143.9 142 141.4 140.4 140.7 140.8 140.7 140.1 139.5 137.7 134.2 138.2 137.5 136 134.4 133.9 133.1 132.1 129.8 125.5 126.3 126.2 125.3 123.8 123.2 122.4 120.5 119.4 118.8 118.4 116 113.4 111.1 109 107.5 110.9
