data/430000-380000.asc
ncols 200
nrows 200
xllcorner 430000
yllcorner 380000
cellsize 50
[rows 144 to 179 of 200, columns 0 to 78 of 200]
270.1 267.5 265 262.4 259.2 256.6 254 250 247.2 243.5 239.3 234.8 231.5 226.2 223.3 220.5 215.5 208 208.3 219 219.9 217.6 215.3 213.6 211.4 208.7 205.1 201.8 197.5 195.6 193.6 192.6 191 188.3 186.1 183.7 181.2 178.4 176.1 173.4 171.3 169.8 169.8 167.6 164 161.9 158.6 155.8 153.1 150.7 148 145.4 143.1 139.9 135 130.3 125.9 121.6 118.6 114.7 111.9 110.1 106.3 102.9 99.6 99.1 101 113.3 129.4 137.8 142.7 143.8 143.4 141.9 140.5 139.7 138.8 136.5 133.9
268.8 265.8 263.3 260.8 257.4 254.4 251.6 248.7 245.9 242.6 238.9 235.3 232.3 229.9 226 223.9 221.7 217.3 201 207.6 209.1 211.5 209.3 207.3 205.6 203.2 201.3 198.4 195.8 193.5 190.8 189 186.9 185 183 180.7 178.1 175.7 173.5 171.3 169.5 167.9 167.3 166.2 162.7 160.4 158.3 155.1 152 149.3 146.6 143.9 141.6 138.9 135.1 130.5 126.2 122 119.7 115.3 111.9 110.3 104.4 101 99.4 100.4 110.4 128.2 139.5 147.3 148.9 148.4 146.4 143.9 140.8 139.2 138.4 137.1 135.5
268 264.2 261.9 259.2 255.9 252.9 250 247.2 244.6 241.7 238.3 235.4 232.7 229.4 226.4 223.4 220.4 217.4 213.4 202.2 200.9 201.5 201.7 201.5 200 199.4 197.9 195.6 193.2 190.8 187.8 185.1 183.1 181.1 179.7 178.3 176.4 173 170.7 169.3 167.6 166.1 164.7 163.6 161.8 159.3 156.5 153.7 149.9 147.2 144.5 141.9 139.2 136.4 132.7 129.3 125.3 122.1 119.2 114.4 111.8 107.6 101.3 100.3 99 106.6 122.7 137.8 147.3 152.4 151.2 148.3 146 144 141.4 139.1 137.7 136.9 135.8
267.1 263 260.7 257.7 254.6 251.5 249.1 245.5 242.7 240.1 237.2 234.5 231.7 229 225.5 222.1 218.6 215.3 211.8 207.2 203.3 201.3 198.6 194.1 196.2 195.6 194.1 192.4 190.1 187.1 184.1 180.9 180.4 179 177.6 176.1 173.8 171.1 169.4 167.9 165.8 164.2 162.7 160.8 158.3 155.6 152.8 149.9 147.4 144.1 141.5 138.7 136.1 133.7 130.8 127.7 123.5 120.1 117 113.4 109 103.7 101.1 99.6 104.9 117.5 131.6 145 153.5 152.9 150.6 147.6 144.6 142.4 140.1 138 136.3 134.8 133.5
266 262.4 259.2 256 252.9 250.2 247.8 245.1 241.2 237.6 234.7 232.4 230.3 227.8 224.4 221.4 218.2 214.8 211.3 208.3 204.8 202 197.3 192.7 188.7 192.3 190 188 186.4 183.5 180.4 177.9 177.9 176.9 175.4 173.8 171.5 169.5 168.1 166.6 164 161.7 159.3 157.1 154.5 151.6 148.7 145.8 143.3 141.1 138.4 135.6 132.8 130.3 127 123.9 119.5 116.5 113.5 110.3 105.7 102.6 100.6 103.4 117.4 128.1 140.5 151.8 153.6 150.9 148.6 145.8 143.4 141 138.5 136.2 134.5 132.8 130.9
263.8 260.8 257.5 254.3 251.2 248.5 246 243.2 239.8 235.8 232.6 230.5 228.3 225.7 223.1 219.7 217.1 214.3 210.8 208.1 205.3 201.4 197.4 193.9 190.3 186.6 183.7 181.5 179.8 179.8 177.2 174.9 174.6 174.6 172.8 171.2 169.1 167.4 165.7 163.8 160.6 158.5 155.6 153.6 151.1 148.9 145.9 143.3 141.1 138.2 135.2 132.5 129.7 126.9 123.3 118.9 115.5 112.5 109.6 106.1 103.7 101.7 104.3 118.9 131.2 141.1 152.1 153.2 151.2 149.1 146.6 144.1 141.6 139.2 136.7 134.2 132.2 130.1 129.3
261.9 258.8 255.6 252.4 249.5 247 244.5 241.5 238 234.6 231.2 228.6 226.2 223.8 221.3 218 215.4 212.4 209.8 207.2 204 200.5 196.9 193.1 189.9 186.9 183.3 179.7 176.2 174.7 174.3 170.5 172.1 171.7 170.6 168.7 166.7 165.4 163.2 160.8 158.7 156.3 153.4 150 147.7 146.2 143.7 141.3 138.5 135.4 132.3 129.5 127.2 123.8 119.6 116.1 112 108.5 105.6 102.9 102.9 104.8 118.4 133.7 142.7 150.5 151.2 150 147.9 146 144.2 142.3 139.8 137.4 134.8 132.4 130.2 128.9 127.7
260.5 257 253.6 250.5 248.1 246.2 243.2 240 236.7 233.6 230.6 227.7 224.9 222 219.5 216.5 213.9 210.9 207.8 205.1 202.3 198.6 195.4 192.2 188.9 186.1 183.2 180.4 177.3 172.2 167.2 164.3 167.7 171.3 169.7 166.4 164.5 162.8 160.2 157.8 154.3 150.7 148.8 146.4 144.2 142.9 140.7 139.5 136.6 133.6 130.7 127.7 125.1 120.7 116.4 113.2 109.4 105.3 104.9 103 105.2 115.9 132.4 143 147.9 148.2 147.6 146.3 144.6 143.4 141.9 140 138 135.5 133.1 131.2 129.6 127.8 126.5
257.9 255.3 252.4 249.3 246.5 244.3 241.6 238.6 236 233 229.9 226.8 224.1 221.2 218.1 215.7 212.3 209 206.4 203.7 200.7 196.9 194.1 191.2 188 185.3 182.3 179.3 176.3 173.8 168.2 163.9 164.4 168.9 169.6 166 163.2 159.8 157.2 154.8 153.1 150.8 147 143.6 140.3 139.6 138.5 137.4 135.2 132.1 129.1 125.8 122 118.8 113.8 110.5 106.6 102.5 105.1 106.2 110.7 124.7 141 145.5 145.3 144.1 142.7 141.4 141.8 140.6 139.3 137.6 135.9 133.9 132.5 131.1 129.4 127.7 126.7
256 253.5 251.1 247.9 245 242.3 239.7 237.4 235 232.4 229.3 226.2 223.3 220.8 217.7 215.2 212.2 208.3 205.2 201.7 198.6 195.1 192.4 189.8 186.8 183.9 181.1 178.1 174.8 172 168.1 165.3 163.3 170.5 170.4 166.3 163 159.3 155.2 152.2 150.4 148.8 145.7 142.4 139.3 137.1 135.5 134.3 132.8 129.9 126.1 122.4 118.9 115.8 112.5 108.7 104.1 107.1 107.3 108.8 130.6 138.2 141.3 141.6 140.7 139.2 137.8 137.2 137.3 136.7 136 134.5 132.7 133.6 132.5 131.4 129.9 128.7 128.4
254.9 251.9 249.3 246.4 243.6 241 238.2 236.1 233.6 231.3 228.4 225.4 223.1 220 215.4 213.7 212.2 209.9 205.6 199.8 196.8 193.4 190.7 187.8 184.7 181.5 178.6 176 173 169.9 166.7 164.7 165.6 174.3 173.5 168.1 162.9 159.3 155.1 151 149.1 147.4 144.6 142.4 139.4 136.9 134.7 132.6 129.2 126.6 123.5 120.2 117 113.8 110.3 107.8 108.2 107.7 107.2 129 138.7 138.7 138 137.8 135.9 134.4 133.3 133.2 133.1 132 130.3 130.2 130.1 132.2 132 130.9 130.8 130.6 130.3
254 250.7 247.9 245.1 242.3 240 237 234.3 231.7 229.7 228.3 225.5 222 217.7 214.2 212.3 210.8 209.8 202 200.1 194.8 191.7 188.8 185.7 182.6 179.4 176.2 172.9 169.7 166.7 164.2 163.5 172.2 176 175.4 169.8 164.3 159.6 156.5 153.4 150 147.3 143.6 141.3 139 136.8 134.8 131.5 128.1 124.6 121.5 118.3 115.1 111.9 109.3 109.2 108.4 107.9 120.6 132.8 135.2 134.7 134.1 133.5 132.4 130.5 129.5 129.8 129.7 129.6 127.8 127.9 129 130.6 131.6 130.8 131 131.4 131.2
254.4 250 246.3 243.8 241.1 238.8 236.6 233.5 231 227.3 224.8 224.1 221.8 217.7 213.8 211.3 210.1 209.2 200.9 199.4 194.3 189.9 186.8 183.6 180.4 177.1 173.7 169.7 166.4 163.9 160.5 160 171.1 174.2 172.1 166.3 162.1 159.2 156.6 153.5 150.6 145.6 142.5 140.2 137.9 135.9 134.1 130.5 127 123.5 120.6 117.8 114.1 110.2 107.5 108.4 108.8 111.8 115.2 120.3 128.8 129.8 128.7 129.2 128.2 126.8 125.7 126.1 126.2 126.2 126.4 126.9 128.1 129.9 130.3 130 129.8 130.4 130.9
253 249.7 245.4 240.6 240.1 237.6 235.2 231.6 227.7 225.3 223.6 223.2 222 216.6 211.9 208.4 207.1 205 199.1 196 192.5 188.3 184.6 181.2 177.9 174.5 171.1 167.5 164.5 161.3 156.9 155 163.7 168.6 167.9 163.2 161.3 158.5 155.9 153 147.9 143.8 141.4 139.1 136.8 135 132.9 129.8 126.2 122.5 119.7 116.5 112.3 108.2 108.1 109.5 117.9 115.2 117.6 115.7 117.9 121.4 123.9 124.3 124 123.1 123.2 123.6 124.2 124.7 124.8 125.7 127.1 127.6 128 127.9 127.8 128.9 131.8
251 247.9 245 241.9 239.4 235 232.3 229.2 227 225.1 223.8 221.7 219.4 214.2 210.1 207.4 206 200.5 197.8 194.9 190.8 187.5 183.4 179.9 176.4 172.9 169.6 166.4 163.1 159.4 156.2 152.6 155.1 160.5 161.1 160.3 159 156.7 154 150.8 146.6 142.6 139.8 138 135.6 133.8 131.8 129 125.6 121.6 117.9 114.8 111.1 109.7 109.5 117.2 123.7 123.3 122.5 119.9 115.8 116.9 119.3 120 120.9 121.4 121.6 121.6 122 123.1 123.4 123.9 124.3 125 125 126.1 127.5 129 132.3
249.5 247.4 244.7 242.5 239 233.9 231.2 228.2 225.9 223.8 221.4 219.6 216.8 213.1 210 207.4 205 198.4 194.9 192.7 189.2 186.3 182.8 178.8 175.2 171.5 168.5 165.6 162.1 158.4 154.6 150.8 147.6 149.7 153.1 155.6 154.7 153.7 151.2 148.7 145.4 141.6 138.5 136.4 134.5 132.8 131.3 128.6 124.6 120.3 116.7 113.7 111.7 110 112.9 129.2 127.9 128.7 126.9 125.6 122.7 118.7 112.9 114.7 116.6 119.1 119.2 119 121.3 121.3 122.2 122.7 123.4 124 125.9 127.6 129.2 131.7 134.8
249.9 247.9 245.3 241.7 238.3 234.2 230.9 227.4 224.4 222 219.1 217 216.1 213.9 209.7 206.5 204.3 196.1 191.6 189.9 186.6 183.3 180.1 177.5 173.7 170.2 167.2 163.3 160.5 157.8 153.9 150.1 146.4 144.4 146.5 151.5 151.4 150.1 147.8 145.4 143.2 141.5 139.2 137.1 134.7 133.3 131.7 127.9 123.2 119.6 115.9 112.9 109.1 111.3 124.6 129.8 132.7 134 132.2 127.9 125.1 121.6 115.6 114.4 114.7 117.3 120 119.8 121.3 121.8 122.7 124 125.2 127.3 130 131.9 134.3 136.9 140.2
248 246.5 243.6 241.1 238.2 234.8 231.1 226.8 224.2 221.7 218.9 212.8 209 205.4 204.4 201.8 199.4 197.3 195 193.6 190.1 183.9 179.7 175.6 171.9 168.9 165.8 161.1 161.1 158.1 153.7 149.7 147 143.6 142.2 144.2 146.6 146.5 144.9 143.4 142.3 141.9 139.9 137.6 134.9 133.6 131.5 127.7 121.7 118 115 113.9 112 113.7 123.5 131.3 136.7 138.4 136.2 131.8 127.1 123 121.7 119.7 119.6 120.5 121.4 122.6 123.1 123.7 125 126.3 128 130.5 134.3 139.3 142.9 146.7 153.3
245.4 244 242 240 237.5 234.8 231.5 228.7 225.3 223.2 220.7 217.6 214.1 210.7 208.6 204 203.3 201.5 199.1 197.3 193 187.7 183.1 179 175.3 171.2 166.1 164.6 165.4 163 158 154.2 150.5 146.3 144.1 140.7 140.8 142.8 142.5 142 141.5 141.2 139.8 136 133.7 131.6 129.6 126.1 120.5 115.4 115 113.4 112.4 120.6 128.5 134.2 139.7 139.2 139.9 137.7 134.7 132 128.4 127.9 127 125.7 125.4 125.3 125.4 126.1 127.2 129.9 135.6 140.9 145.6 151.5 161 172.1 172.2
242.9 241.5 240.6 239.4 237 234.7 231.6 229.1 227.1 224.4 223.1 221.2 218.7 215.8 213.6 210.2 206.2 204.4 202.3 199.9 196.6 191.4 187.7 185.5 183.2 180.4 177.9 175.5 173.1 167.8 162.3 157.7 153.7 150.6 144.9 140.1 139 139.7 139.8 138.9 138.6 137.1 135.7 134.1 132 130 127.9 124.6 119.4 115 115 110.5 118.1 126.4 134.5 140.8 147.3 151.1 153.1 150.8 149.3 146.5 142.9 138.3 134.7 132.2 130.1 129 127.2 128.1 134.9 141.3 146.9 154 165 174.1 173.8 172.7 171.6
240.6 239.8 239.1 238.2 236.6 234.6 231.6 229.6 227.8 225.6 223.3 221.6 219.3 216.9 214.4 212.2 208.4 205.8 204.3 201.6 198.8 195.4 192.3 189.5 187.4 185.7 182.6 179.4 175.3 170.1 165 160.2 156.1 153.4 144.4 142.3 138.3 138.2 137.5 136.5 134.9 134.1 133.3 132.3 130.8 128.6 126.4 123.3 117.8 115 113 115.8 122.2 132.1 140.5 148.5 155.8 165.8 170.5 170.7 167 160.6 153.8 147.2 141.7 137.7 135.5 133.9 129.1 131.1 145.9 155.4 164.7 173.1 173.4 173.7 172 170 169.1
238.4 238 237.7 236.8 235.8 234.1 231.5 229.6 227.8 225.7 223.9 222.2 219.8 217.6 215.3 212.8 209.3 206.8 205.6 203.4 200.4 196.4 191.9 188 185.7 183 180.1 176.6 171.7 167.6 163.8 159.5 155 150.9 150.4 148.2 144.2 141.3 139 136.3 132.6 131.8 130.9 129.9 128.9 127.5 125.3 120.8 115.5 114.9 114.7 119.7 126.7 137.8 147.1 157.3 171.5 180.1 181.4 180.3 174.4 166.7 158.7 153.2 147.6 143.4 139.4 135.6 128.4 147.5 160.8 171.7 172.2 171.9 171.5 169.6 167.7 168.2 169.8
237.8 236.7 236.4 236.3 235.1 233.3 231 229.3 227.5 225.7 225.1 222.6 220.3 218.1 216 213.4 210.3 207.9 205.3 202.6 199.1 194.9 190.7 186.9 184.2 180.5 177 173.9 168.4 164.7 161.9 158.2 158 163 159.4 157.2 152.1 145.8 140 136 131.9 129.4 128.5 127.5 126.6 125.6 123.4 117.9 113.9 115.4 119.4 124.6 133.6 142.7 155.1 173.3 176.4 182.8 181.4 179.4 176.8 171.9 164.2 157 151.5 146.9 142.6 135.5 133.9 156.8 168 168.8 168.1 167.9 167.3 166.3 167.9 169.9 169.7
234.4 234.4 236.4 235.2 233.5 231.6 230.1 228.8 227.2 225.9 224 221.9 220.1 218 216.6 213.6 210.6 207.3 204.3 201.3 197.6 193.8 190 186.3 183.3 179.8 176.5 171.1 164.5 172.1 175 173.2 171 168 163.5 159.1 154.5 150 143.4 139.2 134 128.3 126.4 125.3 124.6 123.8 121.6 116.9 116.7 116.7 123.3 130.7 141.8 155 174.1 181.4 182.6 180.1 178.7 176.8 174.4 171.5 166.8 160.1 154.3 149.4 144.8 137.6 141.1 158.1 163.9 163.9 163.6 163.8 163.5 166.4 168.4 167.8 166.7
231.1 233.9 236.7 234 231.6 229.7 228.3 227.2 226.1 223.9 221.7 220 218.4 216.5 214.7 212.7 210.7 206.5 202.6 199.4 196.1 193 189.3 185.6 181.3 176.8 173 174.5 178.9 177.3 175.4 171.8 169.7 166.6 163 159.1 155.9 151.9 147.1 142.9 138.9 133.1 126.8 124 123.1 121.1 118.9 116.9 116.8 121.9 131 143.9 156.6 176 184.9 182.2 180.6 178.6 175.9 173.7 171.7 169.1 166.1 162.3 154.9 151.1 144.8 137 138.6 156.1 159.4 159.7 159.8 160.3 164.7 167.2 167.3 167.1 166
228.5 233.5 235 232.5 229.9 227.6 226 224.7 223.6 221.5 219.2 218 216.2 214.3 212.6 210.7 209 205.1 200.7 197.2 193.8 190.7 187.5 184.4 179.6 174.8 178.9 178.9 177.8 175.9 173.5 170.3 167.1 164.1 161.1 158.1 155.3 152.2 148.8 145.1 141 137.2 131.1 125.4 121.2 119.7 118.2 117.6 116.8 127.2 140.5 154.8 173.2 185.2 183.3 180 177.2 175.2 172.8 170.5 168.2 166.3 162.9 158.7 154.9 151 145.3 143 140.6 148.5 154.7 155.2 156.7 160.9 164.3 165.3 164.5 165.9 169
226.5 233.8 234.6 231.3 227.9 225.7 223.9 223 221.2 219.4 217.2 215.7 213.8 212.7 211.4 209 206.7 203.4 199.5 195.1 191.5 188.5 185.7 182.5 176.7 181.3 179.7 177.9 176.6 174.8 172.3 169.2 166.1 163 160 157.2 154.4 151.6 149 145.8 141.9 138.7 134.5 128.4 124 121.6 118.9 117.1 118.3 130.8 146.7 167.7 185.2 183.3 180.5 177.8 175.2 173 170.1 167.5 166.1 163.1 160.5 158 155.5 152.3 150.6 151.4 149.1 145.2 148.9 152.5 154.9 161.1 163.3 163.9 166.8 170.9 170.9
226 234.3 233.5 229.9 226.3 224.2 222.4 220.7 219.1 217.9 215.1 213.5 212 211 209.9 207.6 205.1 202.1 198.6 194.7 190.7 186.9 183.5 181 182.6 181.6 179.5 176.9 175 173.3 171.1 168.2 165.1 162 159 156.2 153.3 150.5 148.2 145.8 142.4 138.6 134.1 130.1 126.9 123 119 117.8 120.6 132.1 153.7 175.3 184.4 182.5 179.9 177 174 170.9 168.9 167.5 165 162.1 160.9 158.4 156 155.7 154.6 154.8 153.6 150.7 147.3 150.7 156.8 161.3 162.9 166.8 171.9 170.7 170.7
224.5 233.5 232.1 229 225.8 223.1 220.9 219.3 217.6 215.6 213.7 212.4 210.8 209.5 208.4 206.9 204.1 200.9 197.7 194 190.7 187.8 184.7 185.2 184.6 181.1 178.4 175.8 174 171.8 169.3 167.1 164.2 161.1 157.9 155 152.1 149.4 147.4 145.5 142.4 139.6 135.8 130.8 126.7 123 119 117.8 121.5 135.4 157.9 178.6 183.5 181.4 178.7 176.2 173.3 169.6 168.8 167.7 166.6 163.9 160.8 158.9 154.4 157.3 156.6 155.4 154.4 152.3 150 150.2 155.3 160.3 163.1 169 171 172.6 175.6
223.9 231.5 230.5 227.4 224.8 222.2 218.8 216.9 215.3 213.3 212.6 211.4 209.8 208.6 207.6 206.2 202.8 199.6 196.4 193.5 190.8 188.8 186.8 185.8 183.9 180.3 177.3 174.8 172.6 169.8 167.4 165.2 162.9 159.7 156.4 153.8 151 148.4 146.5 144.1 141.2 139 136.7 132.6 127.2 123.2 119.4 117.9 122.6 138.4 163.3 180.6 184.4 181.6 178.9 176.5 173.7 169.4 168.7 167.5 166.3 164.8 162 158.7 155.9 157.9 157.1 157.6 156.6 155 154.7 154.5 156.8 159.5 163.8 168.6 171.3 176.1 181
225.3 230.7 228.2 225.4 223.4 221.3 217.8 215.2 213.2 212.4 211.6 210.4 209.1 207.9 206.6 204.7 202.5 200.5 199.4 196.4 193.6 189.2 186.2 184.8 182.1 179.5 176.3 173.3 170.6 167.8 165.4 163.2 160.8 158.2 155 152.7 149.9 147.1 144.1 142.1 137.1 137.6 136.4 131.5 127.1 123.5 119.7 118.3 125 140.9 166.5 183.6 186.2 181.9 180.7 177.3 174.1 170.9 168.9 166.9 165.6 164.1 162.3 159.4 158.8 159.9 162 161.5 159.7 157.9 157.9 159.1 160.9 164 166.3 169.2 172.3 177.7 184.5
226 227.9 226.2 223.8 221.4 219.3 217 214.4 213.3 212.9 211.1 209.9 208.6 207.4 205.5 205 202.2 200.1 197.5 194.3 191.5 188.9 185.9 182.3 178.9 176.3 173.8 171 168.5 165.8 163.5 161.4 158.7 155.8 153.6 151.4 148.4 144.6 141.4 138.5 134.8 134.5 134.7 130.8 126.5 122 118.3 119.3 124.9 143.8 168.9 180.9 182.7 182.6 181.7 180 177.1 173.4 171.1 169.7 168.2 166 164.4 161.7 162.5 164.4 165.6 164.5 163.1 162.5 162.7 163.8 166.2 168.7 170.9 172.1 175.4 182.1 189.3
221.3 225.3 223.9 222.8 220 217.5 216.6 214.8 213.6 212.6 211.2 209.9 208.3 206.8 204.5 202.1 200.5 198.7 195 192.1 189.3 186.6 183.6 180 176.3 173.7 171.5 168.8 166.4 163.9 161.6 159.4 156.8 154.3 152.3 149.8 146.3 142.3 140.2 134.6 133.1 133.5 133.6 130.7 125.5 121.1 119.6 119.9 126.8 146 167.3 178.5 179.1 178.4 179.5 180 179 178.2 176.4 173 170.1 168.2 166.3 165 165.1 166.3 168.2 167.9 166.4 167.9 167.8 168.8 170.7 173.4 175.5 177.9 182.9 189.3 191
215.8 222.3 222.1 221 218.5 218.3 217.6 216.6 215.3 212.8 211.6 209.2 207.3 205.8 203.5 201.2 198.5 195.9 193.5 191 187.7 184.2 181.2 178.1 175 172.2 170.7 166.7 164.6 162.4 160 157.9 155.6 153.8 151.1 149.2 146.8 141.4 137.5 135 133.1 133.1 130.5 129.3 123 119.8 124.2 123.2 123.3 143.8 161.7 173.4 175.4 174.3 176.4 178.8 180.3 180.9 179.4 175.8 173.4 171.4 169.6 168.9 169.3 169.7 174.3 174.5 174 172.9 173.5 174.5 176.2 178.5 182.7 186.9 191.4 192 191.5
207.2 217.5 219.2 218.9 217.1 219 219.7 217.9 215.6 212.9 210.9 208.5 206.4 204.5 202.4 200 197.8 194.4 191.9 189.5 187.1 183.3 179.7 176.3 173.3 171.7 169.3 164.6 162.5 160.6 159 157.3 156.1 154.7 149.8 149.3 148.2 147.5 140.4 133.5 132.3 131.9 128.7 127.5 123.2 121 127.5 129 121.3 137.6 152.2 170 172.3 171.1 173.2 176.2 178.9 179 178.1 176.1 174.1 173.6 173.5 176.3 177.5 176.5 180.7 180.6 178.9 181.7 182.3 183.5 185.3 188.2 191.6 193.8 193.9 193.1 192.2
203.1 212.1 214.7 215.9 216.2 217.8 218.8 217.5 214.9 212.4 209.4 206.7 204.6 202 200.6 198 195.3 192.8 190.4 188 185.9 182.9 180 177.1 174.1 171.2 167.9 162.7 160.4 157.9 158.4 156.9 157.1 156.6 153.5 149.1 148.3 147.6 143 132.9 130 128.9 128 124.1 122.8 124.3 122.1 132.8 126.3 131.3 142 152.6 165 168.5 170.8 174.3 177 177.1 176.1 174.9 175.2 177 180.3 183.4 181.5 180.8 182.7 183.6 185.1 188.1 191 193.1 195.7 195.2 196.7 195.8 195 194.3 194.1
