data/430000-1180000.asc
ncols 200
nrows 200
xllcorner 430000
yllcorner 1180000
cellsize 50
[rows 0 to 35 of 200, columns 82 to 163 of 200]
104.7 106.8 109.8 113.7 116.4 118.8 121.4 123.8 125.7 129.9 126.4 122 115.7 108.6 101.6 94.1 86.4 78.6 73.5 73.8 78.2 86 95.3 103.3 105 102.7 95.8 86.1 75.1 64.1 57.6 52 49.6 49.2 47.7 44.4 43 41.4 37.3 31.2 23.2 15.8 8.4 5.4 2.7 2.7 2.7 5.8 11.1 12.5 14.7 15.2 14.9 14.7 16.1 14.6 13.4 12.3 14 15.5 16.2 19.5 27.8 39.9 49.3 53.1 57.3 63.8 67.2 70.9 79.3 86.1 77.6 71.8 69.7 55 37.1 -0.9 -0.9 -0.9 -0.9 -0.9
104.7 104.7 105.7 108.5 110.4 112.9 115.5 119.2 123.3 126 123.3 119.3 113.2 106.2 99.2 91.4 84.2 76.8 75.4 76.4 83 91.3 100.5 109.2 108.9 103.6 96.2 86.8 74 65.7 60.3 54.6 49.5 47.1 45.4 42 39.6 36.5 33.1 28.5 21.4 14.1 7.6 5.1 3.1 3.4 3.5 5.8 10.2 13.5 15.8 15.5 14.9 15.8 17.4 15.2 13.4 11.6 12.3 14.1 14.8 18.6 30.7 40.6 53.3 56.5 59.6 67.3 72.3 75.8 80.1 85.2 76.6 67.1 59.3 42.1 25.2 11 -0.9 -0.9 -0.9 -0.9
104.7 104.7 104.7 104.7 106.5 108.9 113 117.1 120.6 122.1 120.4 116.6 110.3 103.8 96.7 88.5 81.3 78.1 77.3 79.4 88 96.6 109.8 114 109.9 101.5 94 86 73 67.4 62.7 57.1 52.5 48.2 43.1 39.6 36.1 33.2 30.3 26 18.5 11.6 7 4.6 3.1 3.6 5.1 8.8 12.7 15.6 17.6 17.2 16.6 17.2 18.6 16.3 11.8 11.1 11.7 13.2 14.2 17.8 29.8 38.6 54.6 59.2 60.7 68.7 75.8 76.8 78.9 77.9 69 62.5 47.7 22.6 12.7 -0.9 -0.9 -0.9 -0.9 -0.9
104.7 104.7 104.7 104.7 105 107.6 111.2 115.7 117.9 118.8 116.5 113.9 107.4 100.9 94.2 86 80 78.6 80.7 85 94 105.9 117.6 117.1 108.3 99.5 91.3 83.1 74.8 68.5 63.8 59.6 53.1 46.7 40.6 37 33.1 29.8 26.9 23.2 16.4 10.3 6.6 3.9 3.8 4.5 5.6 9.5 14.6 16.9 18.9 20.3 18.3 18.9 18.1 15.2 12.3 9.9 10.7 12.1 13.8 18.4 25.2 38.9 52 60.5 60.7 67.4 76 77.9 74.7 70.5 62.1 52.5 33.4 16.5 -0.9 -0.9 -0.9 -0.9 -0.9 -0.9
104.7 104.7 104.7 104.7 104.4 107.9 110.7 113.7 115.9 115.6 113.1 109.9 104.8 98.3 92.7 85.2 81.3 80.9 85.8 90.8 100.1 111.5 120 114.9 105.7 95.2 87.5 81.5 74.6 68.8 62.8 57.2 51 44.6 38.5 34.2 30.2 26.3 23.2 19.3 14.5 9 6 4.7 5.4 6.4 7.4 10.1 16.3 18.6 20.1 20.3 19.4 17.9 16.2 13.2 11.2 9.2 9.1 10 11.4 17.6 23.9 34.2 41.4 60.2 60.6 66.7 75.6 77.4 68.4 63.7 54.6 38.5 19.8 16.8 -0.9 -0.9 -0.9 -0.9 -0.9 -0.9
105.1 104.7 104.4 104.7 104.6 107.3 109.6 112 113.8 112.2 109.2 106 102.2 96.1 90.9 84.2 82.1 84.7 89.7 94.2 103.3 113.6 115.7 111.2 100.1 88.6 82.4 78.4 73.9 67.8 61.6 55.5 50.7 45.5 38.9 31.5 27.4 23.4 20.1 17.2 13.6 8.7 6.6 6.4 7.9 9.2 10.1 10.6 16 19.2 19.9 19.8 18.5 16.5 13.5 11.2 9.8 8.4 7.9 8.3 11.7 16.1 21.1 29.1 35.6 59.7 62.8 63.5 68.1 72 65.5 55.7 44.3 23.8 12.6 9.6 -0.9 -0.9 -0.9 -0.9 -0.9 -0.9
111.9 111 108 106.3 104.9 106.7 109.1 111.5 111.3 109.4 105.9 102.4 98.9 94.4 89.3 86.5 84.1 89 91.9 95.3 101.1 108.3 111.7 105.2 94.4 86.2 81 76.8 72.5 67.5 61.3 55 49.7 46.3 40.9 31.2 26.2 22.3 18.3 15.4 12.1 8.5 6.8 8.6 10.6 11.7 12.7 12.4 15.2 17.9 18.8 19.6 17.5 15.1 12.7 11.1 9.2 7.7 7.2 7.4 9.6 13.7 18.2 27.2 38 60.8 61.5 60.8 63.4 63.7 56.4 47.3 24.4 -0.9 -0.9 -0.9 -0.9 -0.9 -0.9 -0.9 -0.9 -0.9
115.4 115.9 113.4 109.9 108 106.3 108.6 110 108.8 106.4 103 99.7 97 94 88.9 87.2 86.6 89.2 92.7 96.5 100.6 103.2 105.2 99.7 92.7 85.2 80 74.8 71.2 67.2 61 54.7 50.1 45.9 40.2 29.3 25.2 21.2 17.2 13.5 10.8 8.4 7 10.1 14.8 13.4 13.1 12.9 13.7 16.2 18.1 18.3 16.1 13.7 11.4 10.8 9 7 5 5 5.9 11.8 15 24.2 35 51.2 58.1 59.9 63.1 57.9 43.2 34.1 0.4 -0.9 -0.9 -0.9 -0.9 -0.9 -0.9 -0.9 -0.9 6.9
119.4 116.8 114.5 112.4 110.5 108.8 108.1 107.5 106.3 103.5 100.6 97.8 95.1 92.9 89.1 87.7 88.1 89.5 92 95.6 99.9 100.2 99.3 99.1 92 84.6 78.9 72.7 69.8 65.8 60.7 54.7 50.5 45.2 36.2 28.8 24.8 20.6 16.5 14.7 12.5 9.4 7.6 9.7 17 13.4 13.1 12.4 12.6 14.7 16.6 16 14 11.8 10.2 10.1 7.6 4.5 2.2 1.8 3.2 10 13.6 20.6 32.6 45 55 58.7 60.4 53.3 33.4 -0.9 -0.9 -0.9 -0.9 -0.9 -0.9 -0.9 -0.9 -0.9 -0.9 9.1
133.3 122.6 119.6 117.5 115.5 113.2 108.1 105.3 104.5 101.5 98.7 96 93.2 91.1 89.5 88.5 89.5 89.9 90.5 93.5 95.4 96.2 95.8 94.1 90.8 84.1 77.4 70.7 68.4 64.4 60.4 55.1 50.3 42.7 35.1 28.1 23.9 20.2 17.8 17.2 15.5 11.7 8.4 8.9 12.9 13.6 12.7 11.7 11.2 12.5 12.8 13.6 11.9 10.6 8.6 7.4 5.8 2.8 0.8 0.8 3.4 6.4 12.2 18.1 28.2 43.8 53.6 57.2 57.9 51.9 30.1 -0.9 -0.9 -0.9 -0.9 -0.9 -0.9 -0.9 -0.9 -0.9 -0.9 -0.9
149 133.1 125.5 122.6 118.8 113.7 108.5 105.8 105 102 98.7 95.4 92.2 90.9 90.2 89.4 88.9 89.3 89.5 89.6 90.8 91.5 90.6 88.7 87.1 82.2 75.8 68.7 67.2 62.8 58.6 52.6 47.5 42.9 34.9 27.8 23.7 20.4 18.7 19 18.5 15.2 11.9 7.8 9.7 10.8 11.1 10.1 10 10.1 10.3 11 10.7 9.2 6.6 4.7 3.9 1.3 0.8 0.8 2 5.3 9.8 16.3 25.1 41.7 51.9 53.2 51.9 47 21.3 -0.9 -0.9 -0.9 -0.9 -0.9 -0.9 -0.9 -0.9 -0.9 -0.9 -0.9
151 142.4 132.9 124.9 119.2 114.1 108.9 106.7 105.5 102.4 99.1 96.3 93.9 93 91.1 90.3 89.7 88.3 87.6 86.4 86 86.2 85.1 84 82.1 79.6 73 68.3 65.1 62.6 55.6 48.7 46 41.8 37.5 31.9 27.1 21.6 20.9 21 21 17.8 13.2 8.7 8.5 9.1 9.3 9.1 8.7 8.5 8.3 8.5 8.7 7.4 4.6 2.6 0.8 -0.9 -0.9 -0.9 -0.9 -0.9 5.2 11.2 20.1 35 45.7 47.8 47.3 39.9 -0.9 -0.9 -0.9 -0.9 -0.9 -0.9 -0.9 -0.9 -0.9 -0.9 -0.9 -0.9
153.4 148.3 137.4 129.6 123.5 118.6 113.8 108.2 105.9 103.2 100.3 97.9 95.7 95.3 93.5 91.2 90.5 88.4 85.6 82.6 81.4 80.8 79.7 78.8 78.3 78.1 72.2 68.1 64.9 61.7 55.8 49.5 48.2 44.5 40 35.3 30.2 24.7 23.2 24.3 25.1 20 13.3 8.6 7.3 8.3 9 8.2 6.6 6.8 6.6 6.4 6.2 5.6 3 -0.9 -0.9 -0.9 -0.9 -0.9 -0.9 -0.9 -0.9 8 15 25.1 38.6 43.3 34 -0.9 -0.9 -0.9 -0.9 -0.9 -0.9 -0.9 -0.9 -0.9 -0.9 -0.9 -0.9 -0.9
152.8 148.5 141.5 134.2 128 124.6 121.2 117.4 113.7 110.6 103.9 99.7 97.4 97.1 96.3 94 92 89.3 86.1 82.2 78.7 78 78.3 77.8 75.8 75 71.6 68 64.7 61.4 59.6 54.6 49.3 47.3 41.8 36 30.2 25.9 25.2 28.7 28.6 22.9 16 9.8 7.1 6.7 7 5.7 4.1 2.6 4.5 4.4 4.1 1 -0.9 -0.9 -0.9 -0.9 -0.9 -0.9 -0.9 -0.9 -0.9 5.3 10.9 19.4 32 35.1 16.8 -0.9 -0.9 -0.9 -0.9 -0.9 -0.9 -0.9 -0.9 -0.9 -0.9 -0.9 -0.9 -0.9
152.3 148.8 143.3 138.7 132.4 129.2 126.5 124.5 121.8 117.1 110.7 103.8 99.2 98.8 99 96.8 98.9 96.9 89.6 84 80 78 77.3 75.3 73.2 71.2 69.3 67.4 64.7 63.3 62 57.9 51.3 47.7 42.8 37 32.2 28.7 27 32.1 31.3 24.7 17.9 11.1 7.3 4.8 4.3 3 1.8 1.5 2.5 -0.9 -0.9 -0.9 -0.9 -0.9 -0.9 -0.9 -0.9 -0.9 -0.9 -0.9 -0.9 -0.9 9.2 18 25.9 25.8 -0.9 -0.9 -0.9 -0.9 -0.9 -0.9 -0.9 6.3 -0.9 -0.9 -0.9 -0.9 -0.9 -0.9
152.1 149.3 145.2 141.1 137.9 135.2 132.5 130.8 128.3 124.4 116.8 110.9 102.4 101.6 101.7 103.6 106.3 103.1 94.3 87.9 83.4 80.6 77.7 76.2 74.3 72.1 70 68.1 66.7 65.5 64.2 61.4 55.2 48.2 43.3 38.5 35.1 31.7 28.6 32.4 32.4 26 20.2 13.7 8.6 3.8 1.9 1.5 1.5 1.5 -0.9 -0.9 -0.9 -0.9 -0.9 -0.9 -0.9 -0.9 -0.9 -0.9 -0.9 -0.9 -0.9 -0.9 7.1 15.6 25 16.6 -0.9 -0.9 -0.9 -0.9 -0.9 -0.9 -0.9 -0.9 -0.9 -0.9 -0.9 -0.9 -0.9 -0.9
151.3 149.3 146.8 143.1 141.3 139.8 137.5 134.6 132.1 127.9 118.1 108.9 107.6 107.7 107.8 109.7 110.6 106.2 99 92.6 86.9 82.4 79.5 79.5 75.7 73.5 71.2 70.7 69.3 67.3 66.1 62.8 57.5 51.2 46.3 41.1 36.3 33 30.8 31.9 33 27.7 23.1 17.7 9.8 5.1 1.5 1.5 1.5 -0.9 -0.9 -0.9 -0.9 -0.9 -0.9 -0.9 -0.9 -0.9 -0.9 -0.9 -0.9 -0.9 -0.9 -0.9 4.2 12.4 21.4 -0.9 -0.9 -0.9 -0.9 -0.9 -0.9 -0.9 -0.9 -0.9 -0.9 -0.9 -0.9 -0.9 -0.9 -0.9
149.6 148.1 146 143.7 143.9 142.5 140.4 135.9 131.2 125.4 114.2 109.4 112 113.8 113.9 115.8 113.9 108.3 102.8 96.7 90.2 84.3 82.9 84.2 79.9 75.6 73.5 73.5 72 69.6 68.9 64.9 60.1 54.4 49.4 43.8 37.7 34.7 33.5 33.4 33.8 30.6 26.2 20.6 11.7 6.9 2.8 1.5 -0.9 -0.9 -0.9 -0.9 -0.9 -0.9 -0.9 -0.9 -0.9 -0.9 -0.9 -0.9 -0.9 -0.9 -0.9 -0.9 -0.9 7.2 -0.9 -0.9 -0.9 -0.9 -0.9 -0.9 -0.9 -0.9 -0.9 -0.9 -0.9 -0.9 -0.9 -0.9 -0.9 -0.9
148 146.5 144.9 142.8 142.7 142.8 138.7 134 129.4 121.9 114 113.9 115.7 117.5 119.6 119.3 117 112.1 107.8 101.8 95.2 88.9 88.3 92.7 96.6 85.4 79.5 78.8 75.4 73.7 72.1 67.4 62.8 57.6 52.5 46.5 39.7 37.3 36.2 35.4 35.6 32.8 28.8 22.5 14.8 9.3 4.9 1.5 -0.9 -0.9 -0.9 -0.9 -0.9 -0.9 -0.9 -0.9 -0.9 -0.9 -0.9 -0.9 -0.9 -0.9 -0.9 -0.9 -0.9 -0.9 -0.9 -0.9 -0.9 -0.9 -0.9 -0.9 -0.9 -0.9 -0.9 -0.9 -0.9 -0.9 -0.9 -0.9 -0.9 -0.9
146.4 144.8 143.3 141.7 140.8 137.9 135.2 129.4 123.9 117.9 117.2 119 120.5 122.2 123.8 124.5 121.2 117 112.8 106.8 100.7 94.5 94.3 99.4 102.8 101.1 96 91.9 80.8 78.4 75.5 71 66.5 61.9 57.2 48.8 42.3 39.3 38.9 38.9 37.4 34.4 30.9 25.4 18.8 13 8.7 3.7 -0.9 -0.9 -0.9 -0.9 -0.9 -0.9 -0.9 -0.9 -0.9 -0.9 -0.9 -0.9 -0.9 -0.9 -0.9 -0.9 -0.9 -0.9 -0.9 -0.9 -0.9 -0.9 -0.9 -0.9 -0.9 -0.9 -0.9 -0.9 -0.9 -0.9 -0.9 -0.9 -0.9 -0.9
144.9 143.2 141.7 140.1 137.3 133.5 130.8 123.1 120.3 119.8 121.5 123.6 125.2 126.8 128.3 129.8 126 121.8 117.7 113.1 107 100.8 101.1 104.3 107.9 109.1 108 101.8 95.7 85.8 78.2 74.7 70.2 65.7 58.4 50.6 44.1 40.9 40.1 40.8 38.6 36.1 33 27.6 22.1 16.6 11.6 6.6 -0.9 -0.9 -0.9 -0.9 -0.9 -0.9 -0.9 -0.9 -0.9 -0.9 -0.9 -0.9 -0.9 -0.9 -0.9 -0.9 -0.9 -0.9 -0.9 -0.9 -0.9 -0.9 -0.9 -0.9 -0.9 -0.9 -0.9 -0.9 -0.9 -0.9 -0.9 -0.9 -0.9 -0.9
143.3 141.6 140 138.2 135.3 131.4 127.2 121.6 123 123.7 125.8 127.9 130 131.5 133 133.4 130.8 126.8 122.7 118.6 113.6 109.7 109.6 114.7 119.2 119.3 119 114.5 110.1 97.7 84.7 76.7 73.5 67.7 60.4 52.8 45.7 41.7 41.9 42.3 40.1 38 35.2 30 24.5 19.6 15.6 9.7 3.9 -0.9 -0.9 -0.9 -0.9 -0.9 -0.9 -0.9 -0.9 -0.9 -0.9 -0.9 -0.9 -0.9 -0.9 -0.9 -0.9 -0.9 -0.9 -0.9 -0.9 -0.9 -0.9 -0.9 -0.9 -0.9 -0.9 -0.9 -0.9 -0.9 -0.9 -0.9 -0.9 -0.9
141.7 140 138.4 136.1 133.3 129.4 125 123.7 125.8 128 130.1 132.2 134.3 136.2 137.7 136.3 133.7 131 127.7 123.8 119.9 118.1 121.9 126.4 131.3 130.8 131.7 128.8 122.6 108.8 103.2 86.5 74.5 70.7 63 54.7 47.8 43.7 44.1 43.8 41.7 39.7 37.4 32.4 27 22.6 19.5 13.7 7.2 1.8 -0.9 -0.9 -0.9 -0.9 -0.9 -0.9 -0.9 -0.9 -0.9 -0.9 -0.9 -0.9 -0.9 -0.9 -0.9 -0.9 -0.9 -0.9 -0.9 -0.9 -0.9 -0.9 -0.9 -0.9 -0.9 -0.9 -0.9 -0.9 -0.9 -0.9 -0.9 -0.9
140.1 138.3 136.6 133.9 131.2 127.7 124.3 125.8 129.3 132.4 134.5 136.5 138.6 140.7 141.8 139.2 136.9 134.5 132.2 129.9 127.4 126.6 130.5 141 151.4 149.8 143.2 141 133 121 115.6 102 79.8 71.5 64.6 56.5 49.9 46.6 46.6 44.9 43 41 39.1 34.5 29 24.6 21.3 16.4 9.6 4.2 -0.9 -0.9 -0.9 -0.9 -0.9 -0.9 -0.9 -0.9 -0.9 -0.9 -0.9 -0.9 -0.9 -0.9 -0.9 -0.9 -0.9 -0.9 -0.9 -0.9 -0.9 -0.9 -0.9 -0.9 -0.9 -0.9 -0.9 -0.9 -0.9 -0.9 -0.9 -0.9
138.5 136.7 134.4 131.8 129.4 127.9 126.2 128.6 132.6 136.6 139 141.1 143.2 145.6 144.7 142.9 140.5 138.2 135.8 133.8 133.5 133.9 137.3 150.9 167.5 162.9 154.8 149.2 142.6 131.5 121.1 107 88.6 70.3 63.4 56.8 50.9 48.5 47.6 45.9 44 42.1 40.2 36.4 31.5 27.1 22.7 18.7 12.3 6.9 -0.9 -0.9 -0.9 -0.9 -0.9 -0.9 -0.9 -0.9 -0.9 -0.9 -0.9 -0.9 -0.9 -0.9 -0.9 -0.9 -0.9 -0.9 -0.9 -0.9 -0.9 -0.9 -0.9 -0.9 -0.9 -0.9 -0.9 -0.9 -0.9 -0.9 -0.9 -0.9
137.1 135.7 133.5 131.1 129.1 128.8 128.2 131.8 135.5 139.5 143.6 146.4 149 148 146.7 145.5 144.2 141.8 139.5 138.1 138.2 140.3 144.5 155.6 169.6 171.4 164.5 158 150.4 138.5 125.6 109 97.1 73.6 63.6 57.8 51.7 48.6 47.9 46.6 45.1 43.2 41.4 38.4 34 29.5 25 20.2 15.6 11.6 6.8 -0.9 -0.9 -0.9 -0.9 -0.9 -0.9 -0.9 -0.9 -0.9 -0.9 -0.9 -0.9 -0.9 -0.9 -0.9 -0.9 -0.9 -0.9 -0.9 -0.9 -0.9 -0.9 -0.9 -0.9 -0.9 -0.9 -0.9 -0.9 -0.9 -0.9 -0.9
136.5 135 132.9 130.5 129.3 128.9 129.8 133.1 138 143 147.3 150.1 150.1 150.1 148.8 147.5 146.3 145 143.1 142.5 142.8 146.2 152.6 164.1 175.8 176.3 169.9 162.7 155 145.9 130.5 114.2 102.7 86.8 64.9 58.4 51.9 49.4 48.6 47.8 46.3 44.3 42.5 40.1 35.8 31.3 27 22.6 18.2 14.2 10.3 0.6 -0.9 -0.9 -0.9 -0.9 -0.9 -0.9 -0.9 -0.9 -0.9 -0.9 -0.9 -0.9 -0.9 -0.9 -0.9 -0.9 -0.9 -0.9 -0.9 -0.9 -0.9 -0.9 -0.9 -0.9 -0.9 -0.9 -0.9 -0.9 -0.9 -0.9
136.2 134.3 132.2 129.9 129.4 129.1 131.8 136 141.3 146.5 151.1 150.6 150.7 151 150.9 149.6 148.3 147.1 145.9 147 148.5 151.6 159.8 172.1 181.8 180.8 173.9 166.5 159 149.9 136.4 120.3 108.2 95.3 69.7 58.5 52.1 49.8 48.7 47.6 46.9 45.1 43.5 41.1 37.5 33.2 29.1 25 20.7 16.8 12.6 5.5 -0.9 -0.9 -0.9 -0.9 -0.9 -0.9 -0.9 -0.9 -0.9 -0.9 -0.9 -0.9 -0.9 -0.9 -0.9 -0.9 -0.9 -0.9 -0.9 -0.9 -0.9 -0.9 -0.9 -0.9 -0.9 -0.9 -0.9 -0.9 -0.9 -0.9
135.7 133.6 131.4 129.6 129.6 131.1 134.6 138.3 143.7 149 151.5 151 151.3 151.7 152 151.7 150.4 149.2 148.7 149.8 152.4 157.6 164.6 175.9 181 181.3 176.6 169.6 160.9 150.1 135.4 122.4 110.2 100 79.3 58.3 51.9 49 47.9 47.3 47.3 45.9 44.4 42.1 38.6 35 31.2 27.2 23.1 18.8 14.2 8.1 -0.9 -0.9 -0.9 -0.9 -0.9 -0.9 -0.9 -0.9 -0.9 -0.9 -0.9 -0.9 -0.9 -0.9 -0.9 -0.9 -0.9 -0.9 -0.9 -0.9 -0.9 -0.9 -0.9 -0.9 -0.9 -0.9 -0.9 -0.9 -0.9 -0.9
135.2 133.4 131.6 131.1 131.1 134.2 137.4 140.9 146 149.7 151.3 151.6 151.9 152.3 152.6 153 152.5 151.5 151.5 153.4 158.6 163.9 169.4 179.8 181.9 182.2 178.1 170.8 161.9 151.3 135.8 121.7 110 99.3 83.6 63.5 51.7 49.2 47.2 46.7 47.3 46.1 44.8 43.2 40.1 36.6 32.1 27.6 24.5 20.2 15.2 8.8 2.7 -0.9 -0.9 -0.9 -0.9 -0.9 3.2 4.3 4 -0.9 -0.9 -0.9 -0.9 -0.9 -0.9 -0.9 -0.9 -0.9 -0.9 -0.9 -0.9 -0.9 -0.9 -0.9 -0.9 -0.9 -0.9 -0.9 -0.9 -0.9
135.5 133.9 132.3 132.7 134.1 137.4 140.6 143.8 146.1 148.3 150.6 152 152.4 152.8 153.1 153.5 153.9 154.6 154.9 159 164.4 169.8 175.7 181.8 183.4 183.4 179.7 172.1 162.8 152 138.9 122.3 110.5 98.1 82.5 64.2 52.4 49.5 47.1 45.6 46.5 46.2 45.4 43.4 40.4 36.3 31.3 27.7 24.5 21.2 15.7 8.8 3.9 -0.9 -0.9 -0.9 -0.9 5 8.3 9.7 10 6.9 -0.9 -0.9 -0.9 -0.9 -0.9 -0.9 -0.9 -0.9 -0.9 -0.9 -0.9 -0.9 -0.9 -0.9 -0.9 -0.9 -0.9 -0.9 -0.9 -0.9
135.5 134.3 133.9 134.2 137.3 140.1 141.8 144 145.8 147.7 149.9 152.2 152.7 153 153.4 154 155.4 158.1 159.4 163 168.4 173.6 178.8 182.9 184.6 184.9 181.3 174.3 164.7 153 141.7 125.1 111.5 100.6 80.6 63.7 53.1 48.6 45.2 44.6 44.7 44.4 44.1 42.6 39.7 35.5 30.8 27.5 24.1 20.4 15.7 10.2 5.6 1.4 -0.9 -0.9 -0.9 8.7 12.9 14 13.6 10.4 -0.9 -0.9 -0.9 -0.9 -0.9 -0.9 -0.9 -0.9 -0.9 -0.9 -0.9 -0.9 -0.9 -0.9 -0.9 -0.9 -0.9 -0.9 -0.9 -0.9
135.4 134.8 135.1 136 137.8 139.6 141.8 144 145.8 147.5 149.3 151.5 153 153.3 154 155.4 157.4 160.1 162.9 166.8 171.9 177.1 182.2 184.6 186.1 187.4 183.8 177.2 167.2 155.5 145.1 131.5 122.3 100.3 78.6 63.3 54.1 47.1 43.4 42.8 42.9 42.7 42.2 41.2 38.4 33.9 30 26.3 22.6 18.5 14 9.6 5.7 1.6 -0.9 3.3 5.9 11.4 15.6 17.3 15.7 -0.9 -0.9 -0.9 -0.9 -0.9 -0.9 -0.9 -0.9 -0.9 -0.9 -0.9 -0.9 -0.9 -0.9 -0.9 -0.9 -0.9 -0.9 -0.9 -0.9 -0.9
135.2 134.7 133.4 135.6 137.3 139.6 141.8 143.9 145.7 147.4 149.1 150.9 153.1 153.6 154.7 156.8 159.6 162.6 165.6 168.8 175.2 180.5 185.7 187.6 189.2 189.5 186.5 178.7 169.7 159.9 150.3 137.7 124.8 100.7 77.3 65.1 55.5 46.1 42 40.8 40.9 41 40.2 39.1 36.5 32.6 28.6 24.8 20.8 16.6 12.3 8.5 5.2 1.9 -0.9 4.7 8.6 13.5 17.9 20.7 18.1 15.6 -0.9 -0.9 -0.9 -0.9 -0.9 -0.9 -0.9 -0.9 -0.9 -0.9 -0.9 -0.9 -0.9 -0.9 -0.9 -0.9 -0.9 -0.9 -0.9 -0.9
135 134.7 133.2 135.1 137.3 139.6 141.9 143.9 145.6 147.4 149.1 150.8 152.5 153.9 155.3 157.5 161.7 165.4 168.4 171.4 176 182.2 188.5 190.2 190.9 189.7 185.2 178.7 173 165.6 155.7 142.8 125.7 100.2 77.5 64.5 55.5 46.4 40.4 38.5 38.4 39.1 38 36.9 33.9 30.3 26.8 23.1 18.9 14.8 10.6 7.3 4.8 -0.9 -0.9 6.1 9.7 16.2 22.9 25.8 24 19.6 -0.9 -0.9 -0.9 -0.9 -0.9 -0.9 -0.9 -0.9 -0.9 -0.9 -0.9 -0.9 -0.9 -0.9 -0.9 -0.9 -0.9 -0.9 -0.9 -0.9
134.9 134.7 132.9 135.1 137.4 139.7 141.9 143.8 145.6 147.4 149 150.7 152.4 154.1 156.1 158.3 162.3 166.9 171.2 174.2 177.9 183.2 189.2 191.5 191.2 190.1 187.4 182.3 176.7 169.4 161.6 148.9 133.4 102.7 80.5 64.5 55.7 46.7 39.9 36.3 35.2 35.5 34.8 33.5 30.9 27.3 23.8 20.4 16.6 12.7 8.7 6.6 4.9 3.3 3.4 7 12.5 23.4 30.6 30.5 28.9 -0.9 -0.9 -0.9 -0.9 -0.9 -0.9 -0.9 -0.9 -0.9 -0.9 -0.9 -0.9 -0.9 -0.9 -0.9 -0.9 -0.9 -0.9 -0.9 -0.9 -0.9
