data/430000-1160000.asc
ncols 200
nrows 200
xllcorner 430000
yllcorner 1160000
cellsize 50
[rows 37 to 73 of 200, columns 84 to 167 of 200]
12.2 -0.9 -0.9 -0.9 -0.9 -0.9 -0.9 -0.9 10.6 17.7 25.7 29.3 25.6 26.7 26.4 24.7 21.7 20.9 20.4 18.9 18.8 18.7 19 18.3 16.1 13.7 9.3 6.8 5.5 1.8 2 5.2 8.1 8.2 10.2 10 12.4 13.9 15.7 17.7 20.8 20 23.3 27.6 28.1 31.4 37.8 41.8 48.2 50.2 49.7 51.1 57 61.9 68.4 74.9 80.8 90.1 99.8 107.8 117.3 123.7 128.1 134.2 140.8 149.1 156.7 164 171.3 177.3 180 177.3 169 172.8 177.1 178.7 177.8 176.5 173.1 172.4 176.6 180.8 184.6 187.7
38.5 3 -0.9 -0.9 -0.9 -0.9 -0.9 -0.9 12.7 20.9 27.5 29.6 30.4 30.8 30.1 28.9 22.5 16.6 15.9 15.9 15.6 15.5 15.6 14.4 12.8 10.7 7.4 3.6 3.1 1.6 0.9 4.2 7 10.2 10.4 10.4 14.8 16.4 18.7 21.3 25.1 25.9 27.7 30.2 29.9 34 40 43.2 46.1 49.2 49.7 55 61.1 65.9 68.8 74.4 80.2 86.9 93.4 100.6 108.9 115.1 121.8 129.4 136.8 144.6 153.1 161.5 169.7 176.1 180.1 178.2 170.4 173.7 177.3 180.1 179.8 181.1 178.9 176.8 178.6 182.5 186.3 190.2
45.5 13.4 -0.9 -0.9 -0.9 -0.9 -0.9 -0.9 15.3 22.5 27.9 31.5 34.1 34.7 34.7 30.4 20.1 17.5 13.4 14.9 14.4 12.7 12.3 11.7 9.1 7.4 -0.9 -0.9 -0.9 -0.9 0.8 3.3 8 10.6 12.6 15.4 19.6 20.8 20.5 23.5 27.5 28.7 30.3 31 34.2 38.2 41.4 45.6 48.4 51.2 55.7 60.7 66.6 69.2 70 73.2 78.6 80 86.1 92.7 99.7 106.5 113.9 123.4 132.6 140.1 147.9 155.8 166.1 175.8 178.2 178.4 170.2 173 175.5 178.2 179.5 180.5 180.2 179.3 179.2 183.1 187 190.5
40.8 28.1 3.6 -0.9 -0.9 -0.9 0 7.4 17.1 22.3 26.8 30.5 34.9 35.6 33.4 30.7 20.8 16.5 12.6 13.2 13.3 11.6 9.9 6.3 -0.9 -0.9 -0.9 -0.9 -0.9 -0.9 -0.1 1.3 7.4 11.8 14.5 20 22 23.5 22.2 26 29.9 31.1 32.8 35.1 38 40.7 44.2 48.1 51.4 54.7 58.8 62.1 65.5 68.2 71.7 73.7 75 75.6 79.8 87.1 90.6 97.1 105.5 114 123.1 131.9 140.3 150.9 162 171.7 176 174.6 169.2 170.1 172.8 175.8 177.4 178 176.4 177.4 179 181.7 186.7 190.4
43.7 29.4 12.6 3.4 1.5 1.6 1.7 5.4 14.5 20.2 24.6 30.4 33.1 33.7 29.8 24.7 18.6 15 12.6 12.8 11.5 7.9 6.4 -0.9 -0.9 -0.9 -0.9 -0.9 -0.9 -0.9 -0.9 2.6 6.6 11.6 14.8 19.9 24.3 26 27.9 31.1 31.9 33.6 36.7 39.3 41.6 44.1 49.2 52.7 55.2 58.3 59.4 60 63.2 65.6 67.5 69.8 69.8 72.7 76.4 82 85.9 87.9 98.2 106.6 115.2 124.9 135.1 145.5 157.3 165.3 171.5 168.5 165.6 166.4 169.9 172.9 175.5 177.4 176.6 175.4 177.4 180.5 186 191.1
47 36.6 19.2 6.3 3.7 4.7 6.6 8.6 12 19.1 24.7 28.7 30.7 30.9 28.1 22.6 15.3 13.2 10.6 11.2 10.4 4.5 -0.9 -0.9 -0.9 -0.9 -0.9 -0.9 -0.9 -0.9 -0.9 -0.9 8.2 13.8 17.2 21.8 26.6 30.9 33.9 37 38.8 40.2 41.9 43.4 45.8 48.7 54.2 59.2 58.3 60.3 60.1 60.1 60.8 63.2 66.3 64.4 66.3 70.2 74 79.4 81 83.1 91.1 99.9 108.7 117.9 127.4 137 149.9 160.2 166.3 164.4 161.7 162.6 165.7 168.9 170.6 171.9 171.6 171.2 173.4 176.1 180.3 184.9
50.9 43.9 29.4 15.4 8.7 10.5 13.1 10.5 13.5 19.8 27.3 28.8 30 29.1 27.8 19.8 13.1 7.9 7 10 9 -0.9 -0.9 -0.9 -0.9 -0.9 -0.9 -0.9 -0.9 -0.9 -0.9 -0.9 5.6 11.9 17.8 23.1 27.3 34.6 38.1 41.2 45 48.5 50.3 50 49.7 52.2 56.8 61.3 61.4 61.1 61.1 60.7 59.4 62.2 66.5 60.5 63 66.8 69.4 73.4 73.5 76.3 84.1 92.6 101.5 110.8 120 129.3 141.1 150.5 155.6 157.2 154.3 156.5 158 161.8 163.8 164.6 163.8 163.1 164.6 169.1 173 176.2
53.5 46.5 35.2 21 15.1 13.9 15.8 12.1 15.8 19.4 25.5 27.9 29.5 24.2 23.7 16.8 7.4 -0.9 -0.9 -0.9 -0.9 -0.9 -0.9 -0.9 -0.9 -0.9 -0.9 -0.9 -0.9 -0.9 -0.9 -0.9 5.2 10.2 13.5 21.3 27.2 35.1 39.7 44.1 47.2 52.5 55.7 56.4 54.2 55.5 59.6 64 66.8 63 61.2 59.8 58.2 59.5 60.9 58.8 59.5 61.9 64.3 66.8 67.2 70.7 78.2 85.3 94.4 103.8 113 122.1 128.5 135.9 143.5 147.2 145.3 148.2 150.6 151.7 153.8 156 155.6 154.9 155.8 160.3 163.7 164.9
55.8 46.4 34 23.7 18.9 18.4 18.7 19.5 20.9 24.3 25.6 27.1 25.7 22.5 18.6 11.7 -0.9 -0.9 -0.9 -0.9 -0.9 -0.9 -0.9 -0.9 -0.9 -0.9 -0.9 -0.9 -0.9 -0.9 -0.9 -0.9 -0.9 8.2 13.4 20.2 23.5 31.7 38.6 45.1 50.4 56 60.6 62 60.9 59.1 59.6 64.5 65 63.4 59.5 58.6 57.1 56.9 54.8 54.7 53.2 56.5 59.2 62.5 61.2 65 72 78.6 87.3 96.1 104.2 112.8 117.8 123.1 132.4 135.1 133.9 136.5 139.9 141.8 144.2 146.6 147.1 146.6 146.1 148.7 150.7 151.5
56.9 43.4 33.4 28.2 23.1 23.2 23.9 24.3 25.3 27.8 28.1 28.1 26.7 21.4 13.6 6.3 -0.9 -0.9 -0.9 -0.9 -0.9 -0.9 -0.9 -0.9 -0.9 -0.9 -0.9 -0.9 -0.9 -0.9 -0.9 -0.9 -0.9 7.2 12.6 19.8 27.1 30.7 36.3 45 51.9 58.5 62 65.3 64.2 60.2 59.1 60.1 60.9 58.6 55.7 54.8 54.1 53.3 51.2 50.8 48 49.1 52.7 54.1 52.1 59.7 67.3 70.3 74.1 79.7 88.8 95.1 101.5 107.7 115.7 121 122 123.9 126 132.1 134.8 137.1 136.8 135.8 134.7 135.8 137.7 139.5
50.9 43 40 34.7 30.1 28.4 28.9 29.5 30.2 36.5 35.8 30.7 28.6 23.2 15.6 -0.9 -0.9 -0.9 -0.9 -0.9 -0.9 -0.9 -0.9 -0.9 -0.9 -0.9 -0.9 -0.9 -0.9 -0.9 -0.9 -0.9 -0.9 6.4 11.5 18.8 24.1 30.8 38.4 45.3 51.6 56.8 60 63.3 62.7 60.5 59.5 58.4 56.8 53.9 51.8 51.3 51 50.6 48 45 42.7 45 47.4 48.4 47.9 49.4 56.6 59.1 61.6 65.7 72.1 76.1 82.4 90.6 97.1 103.5 106.3 108.9 114 120.3 124.3 121.3 122.5 121.8 121.1 122.8 124.5 129.7
64.7 49.8 49 45.1 39.1 37.7 37.1 35.9 36.7 38.6 38.1 34.3 29.7 26 19.8 -0.9 -0.9 -0.9 -0.9 -0.9 -0.9 -0.9 -0.9 -0.9 -0.9 -0.9 -0.9 -0.9 -0.9 -0.9 -0.9 -0.9 2.7 5.5 9 16.2 20.8 27.7 34.7 41.1 47.3 52.8 56.6 60.5 60 58 57 55.5 52.5 49.2 48.3 47.7 47.1 44.8 42.5 41.1 39.8 41.9 44.2 44.3 44.5 47.3 51.1 54.3 57 61 64.4 68.8 72 77.6 83.1 87.9 93.2 97.2 100.5 107.9 106.7 106.9 109.1 111.9 114.1 114 118.4 121.8
76.6 69.9 63.5 57.1 47.8 47 46.4 43.7 42.4 41.3 39.9 37.4 33 27.2 20.9 -0.9 -0.9 -0.9 -0.9 -0.9 -0.9 -0.9 -0.9 -0.9 -0.9 -0.9 -0.9 -0.9 -0.9 -0.9 -0.9 2.2 4 5.4 8.7 14.1 18.3 23.8 29.4 36.8 42.8 48.7 52.7 55.8 57.2 55.5 53.8 51.8 48.4 46.2 44.4 43 41.8 40.4 39.6 39.1 37.5 39.2 40.9 42.9 48 50.9 56 60 63.5 68.3 73.3 77.9 84.2 90.5 92.1 94.1 93.5 95.4 93.8 95.3 95.8 98.3 100.6 103.3 106.7 108.5 113.6 115.3
80.5 81.2 80.4 72.9 59.7 52.6 49 45.3 43.8 42.3 39.8 36.5 33 26.6 19.7 -0.9 -0.9 -0.9 -0.9 -0.9 -0.9 -0.9 -0.9 -0.9 -0.9 -0.9 -0.9 -0.9 -0.9 -0.9 -0.9 -0.9 4.7 6 9.1 13.6 17.3 22 26.5 33.4 37.8 43.7 47.3 50.4 52.3 52.1 50.2 47.7 45.6 43.2 41.1 39.7 38.4 37 36.7 36.2 35.5 36.6 38.8 42 50.6 56.3 58.3 62.8 69 74.9 82.1 86.1 93.3 101.1 106.2 108.8 106.8 108.4 107.1 104.6 102.1 100 98 99.2 100.6 102.2 108.6 110.5
83.8 85.4 80.8 73.4 63.9 54.6 49.3 46.3 44.4 43 39.5 36.1 31.7 24.8 18.5 -0.9 -0.9 -0.9 -0.9 -0.9 -0.9 -0.9 -0.9 -0.9 -0.9 -0.9 -0.9 -0.9 -0.9 -0.9 -0.9 -0.9 3.3 6.8 10 12.7 16.6 19.9 23.9 30.1 34.3 38.6 42.5 45.3 46.1 46.1 46.1 44.9 42.9 40.3 37.8 36.4 34.9 33.7 33.3 33 33.5 35.3 38.1 40.9 45.6 49.4 54.4 60.4 67.9 74.2 82.4 92.3 101.8 110.4 116.5 121.3 118.4 120.9 121.5 121.6 118.9 115.6 112 108.9 105.6 101.5 103.2 105.3
89.4 88.7 83.9 70.6 61.4 55.5 49.6 47.3 45.1 42.7 39.2 35.8 29.6 22.5 15.4 -0.9 -0.9 -0.9 -0.9 -0.9 -0.9 -0.9 -0.9 -0.9 -0.9 -0.9 -0.9 -0.9 -0.9 -0.9 -0.9 -0.9 3.9 8.3 11.8 13.9 15.2 18.4 21.9 27.2 30.6 33.6 37.7 40.2 41 40.9 40.7 40.5 39.2 36.8 33.1 32.1 31.6 31.4 32 32.6 33.3 34.2 37.1 40.1 47 48.6 52.7 60 68.3 75.2 84.7 94.6 104.6 115.8 126.3 131.5 129.4 132.7 133.5 133.7 131.6 127.4 123.4 120.3 117 115.7 112.5 111.1
90.6 86.7 79.3 64.9 57.5 53.8 50.7 48.8 46.7 41.8 38 34.3 27.6 20.7 13.4 -0.9 -0.9 -0.9 -0.9 -0.9 -0.9 -0.9 -0.9 -0.9 -0.9 -0.9 -0.9 -0.9 -0.9 -0.9 -0.9 -0.9 5.2 9.3 13.1 15.7 19.2 22.2 24.6 26.9 28.5 30.1 32.7 35.1 35.8 35.5 35.3 35.1 34.6 32.5 29.9 31 29.7 30.6 31.6 32.4 33 33.8 34.4 35 39.7 47.2 58.8 61.3 70 78.8 88.2 96.5 109.6 121.3 131.3 137.9 138.8 142.5 144.4 144.8 143.4 139.2 134.1 130.4 127.2 124.1 120.8 118.3
81.4 76 69.4 57 51.7 48.5 49 50.3 48.9 43.4 36.9 31.1 25.5 18.5 11.6 -0.9 -0.9 -0.9 -0.9 -0.9 -0.9 -0.9 -0.9 -0.9 -0.9 -0.9 -0.9 -0.9 -0.9 -0.9 -0.9 -0.9 6.7 8.2 14.1 15.4 18.9 23.5 26.9 29.5 31.8 33.3 31.3 32.2 30.4 31.3 31.6 31.2 30.5 28 27.3 29.1 28.4 29.2 30.6 31.7 32.6 32.6 31.8 32.6 35.8 39.8 49.6 57.8 68.4 78.5 87.7 99.4 112.2 126.2 134.8 141.7 147.8 149.2 151.1 152 152.5 149.5 144.3 140.2 137.1 134.3 130.4 129.7
54.4 53.3 50.7 45 41.4 44.6 45.3 48.9 47.3 42.1 35.7 29.2 23.5 16.5 -0.9 -0.9 -0.9 -0.9 -0.9 -0.9 -0.9 -0.9 -0.9 -0.9 -0.9 -0.9 -0.9 -0.9 -0.9 -0.9 -0.9 -0.9 6.7 7.9 14.1 15.8 18.3 21.2 24.4 26.5 28.7 29.4 29 28.3 27.8 25 25.9 26.7 25.3 23.2 23.8 25.1 26.8 27.8 29.7 30.7 31.2 30.1 30 30.9 33.4 37.6 45.1 52.8 63.5 77.5 88.3 97.9 107.7 121.7 135.2 144.4 151.7 154.4 157.3 158.5 159.5 157.5 153.9 149.8 146.7 143.5 140.6 139.5
46.4 41.7 36.3 33.4 33.9 36.8 40 42.8 44.4 38.3 32.5 26.6 20.7 13.4 -0.9 -0.9 -0.9 -0.9 -0.9 -0.9 -0.9 -0.9 -0.9 -0.9 -0.9 -0.9 -0.9 -0.9 -0.9 -0.9 -0.9 -0.9 4.9 7.9 11.9 14.3 16.8 19.7 21.6 23.4 25.1 25.4 24.4 23.5 23.5 23.5 19.5 19.5 24 30.3 33.9 33.4 33.1 32.9 31.6 30.8 32.3 31 31.2 32.2 34.2 36.3 40.8 47 56.2 71.5 86.1 94.9 102.7 116.8 131.8 142.4 153.5 159.9 162.7 164.9 165.6 163.3 161 157.5 154.6 151.5 148.7 146.8
41.1 35.4 28.7 27.4 26.9 29.6 33.6 35.5 34.3 32.5 27.7 22.5 17 9.6 -0.9 -0.9 -0.9 -0.9 -0.9 -0.9 -0.9 -0.9 -0.9 -0.9 -0.9 -0.9 -0.9 -0.9 -0.9 -0.9 -0.9 -0.9 2.5 6.9 11.1 13.8 15 16 19.7 20.8 21.4 21.6 20 19 18.2 19.5 18.4 24 29.8 34.9 39.4 42.1 44 43.5 40.6 36.6 36.6 34.6 32.6 33.9 36 38.5 47.5 45.4 50.3 62 76.4 88.4 98.4 115.1 126.5 136.6 146.5 156.5 163.6 167.5 170 168.4 166.5 165 162.6 159.6 156.9 154.2
36.6 31.3 26.4 23.3 22.4 24.1 27.8 29.3 28.7 24.6 22.3 17.2 12 -0.9 -0.9 -0.9 -0.9 -0.9 -0.9 -0.9 -0.9 -0.9 -0.9 -0.9 -0.9 -0.9 -0.9 -0.9 -0.9 -0.9 -0.9 -0.9 -0.9 5.5 9.6 12.5 13.3 14 17.5 18.7 18.6 17.7 16.3 15.7 14.7 14.5 15.7 23.5 30.3 36.9 40.9 47.5 51.1 50.3 49.7 45.7 42.1 38.8 36.3 35.4 37.7 40 44.3 46.6 49 56.8 69.2 84.8 99.6 115.1 126.1 135.6 147.6 157.3 163.8 169 172.3 171.7 171.7 170.8 169.2 167.2 164.2 159.1
40 29.4 21.2 18.7 15.5 17.1 19.4 21.2 22 18.8 16.4 12.1 -0.9 -0.9 -0.9 -0.9 -0.9 -0.9 -0.9 -0.9 -0.9 -0.9 -0.9 -0.9 -0.9 -0.9 -0.9 -0.9 -0.9 -0.9 -0.9 -0.9 -0.9 4.1 6.8 8.8 10.1 10.4 12.8 16.5 13.9 12 13 13.1 11.7 11.8 17.5 24.9 30 36.7 42.3 51.2 54.9 54.3 53.4 50.8 49.3 45.7 42.1 39.3 39.9 41.8 45.8 53.4 51.1 55.9 65.9 80.9 96.9 111.9 124.1 134.8 144.9 152.4 158.2 164.5 169.9 172.8 174.1 173.7 172.9 171.6 168 163.3
40.3 31.7 23.9 17.4 11.3 9.4 11.4 12 13.6 11.8 8.8 -0.9 -0.9 -0.9 -0.9 -0.9 -0.9 -0.9 -0.9 -0.9 -0.9 -0.9 -0.9 -0.9 -0.9 -0.9 -0.9 -0.9 -0.9 -0.9 -0.9 -0.9 -0.9 -0.9 1.9 3.7 4.5 4.7 7.4 9.5 8.6 7.1 9.4 11.4 8.6 10.3 18.3 24.9 29.7 36.4 41.7 50.4 57.9 57.1 56.3 55.1 53.5 52.2 49.4 46.7 45 44.6 49.2 53.8 58.6 56.6 64.4 78.4 91 107.9 119.9 130.2 138.5 146.6 153.1 160.1 165.9 168.2 172.7 174.1 174.7 173.3 170.8 167.2
39.8 34.4 28.2 23.1 16.6 10 6 5.2 5.3 -0.9 -0.9 -0.9 -0.9 -0.9 -0.9 -0.9 -0.9 -0.9 -0.9 -0.9 -0.9 -0.9 -0.9 -0.9 -0.9 -0.9 -0.9 -0.9 -0.9 -0.9 -0.9 -0.9 -0.9 -0.9 -0.9 -0.9 -0.9 0.1 0.7 3.7 -0.9 7.8 8.7 5.8 7.1 14.7 18.7 25.3 29.8 35.5 39.8 46.4 55.7 56.7 56.6 57.8 57.3 56.9 55.4 53.7 51.6 49 51.5 53.4 56.5 61.6 66.6 76.7 87.3 97.9 108.8 118.3 125.3 134.1 141 145.9 155.5 163.2 169 174 174.4 174.4 172 169.6
41.8 37.3 32.7 28.3 22.7 13.4 8.5 3.6 -0.9 -0.9 -0.9 -0.9 -0.9 -0.9 -0.9 -0.9 -0.9 -0.9 -0.9 -0.9 -0.9 -0.9 -0.9 -0.9 -0.9 -0.9 -0.9 -0.9 -0.9 -0.9 -0.9 -0.9 -0.9 -0.9 -0.9 -0.9 -0.9 -0.4 -0.9 -0.9 -0.9 3.8 7.7 3.6 12.3 19.5 23.9 28.3 32.9 37.7 42.8 47.5 52.6 56.4 57.7 59.8 61.2 60.9 60 59.1 57.7 55 54.8 56.8 58.7 63.2 68.6 75.5 84.8 92.2 98.2 106.2 112.9 117.5 124.3 132.4 143 152.8 164.1 170.5 173.2 174.2 175.4 172.9
46.6 39.6 34.3 29.5 24.3 17.3 11.9 5 -0.9 -0.9 -0.9 -0.9 -0.9 -0.9 -0.9 -0.9 -0.9 -0.9 -0.9 -0.9 -0.9 -0.9 -0.9 -0.9 -0.9 -0.9 -0.9 -0.9 -0.9 -0.9 -0.9 -0.9 -0.9 -0.9 -0.9 -0.9 -0.9 -0.9 -0.9 -0.1 -0.9 2.1 4.4 8.9 13.4 20 27.4 32.1 36.8 41.9 47.2 53.1 57.2 60.1 62.2 63.9 64.8 64 63.1 61.6 60.4 60 58.1 59.3 61.2 63.6 67.9 73.5 79.5 84.7 92.1 95.4 97.2 101.5 108.5 120.9 132.7 144.9 157.1 165.6 170.8 173.3 175 175.9
54 45.8 37.5 32.2 26 20 12.8 9 -0.9 -0.9 -0.9 -0.9 -0.9 -0.9 -0.9 -0.9 -0.9 -0.9 -0.9 -0.9 -0.9 -0.9 -0.9 -0.9 -0.9 -0.9 -0.9 -0.9 -0.9 -0.9 -0.9 -0.9 -0.9 -0.9 -0.9 -0.9 -0.9 0.2 0.5 0.8 0.8 3.6 7.2 10.2 15.6 23.2 30.8 35.6 41 47.5 53.1 58.9 62.5 65 67.1 69.3 67.9 67 65.5 64 62.8 61.6 60.6 60.1 62.5 64.9 67.6 70.7 73.9 76.4 78.4 80.7 83.8 89.5 103 117.3 129.4 140.9 152.1 160.3 165.2 171.1 172.5 174.1
55.7 47 40 34.1 27.9 23.4 17.3 11.1 -0.9 -0.9 -0.9 -0.9 -0.9 -0.9 -0.9 -0.9 -0.9 -0.9 -0.9 -0.9 -0.9 -0.9 -0.9 -0.9 -0.9 -0.9 -0.9 -0.9 -0.9 -0.9 -0.9 -0.9 -0.9 -0.9 -0.9 -0.9 -0.9 -0.9 0.9 0.8 0.9 1.3 6.6 12.5 19.1 27.6 35.8 41.7 48 54.9 59.4 64.4 67.7 69.9 72 73.4 71.3 69.3 67.8 66.4 65.2 63.4 62.6 61.6 64 66.3 68.4 69.6 70.6 71.1 71 71.8 76.6 92 102.9 119.4 126 134.6 145.9 156.3 161.5 167 169.3 170.5
54 48.3 40.3 34.6 29.5 23.8 17.3 10.1 -0.9 -0.9 -0.9 -0.9 -0.9 -0.9 -0.9 -0.9 -0.9 -0.9 -0.9 -0.9 -0.9 -0.9 -0.9 -0.9 -0.9 -0.9 -0.9 -0.9 -0.9 -0.9 -0.9 -0.9 -0.9 -0.9 -0.9 -0.9 0.7 3.3 5.4 0.9 0.8 2.9 7.2 12.7 21.2 30.4 40.3 47.9 53.9 59.7 67.9 69.5 72.9 74.7 76.4 77.4 74.7 71.9 70.2 68.7 66.9 65.1 64.9 63.5 65.3 67.5 69.5 70.6 69.5 68.3 64.3 65.9 74.3 87.5 99 113.8 120.4 128.4 140.8 148.3 155.4 162 165.2 166.5
52.3 48.3 41.8 35.9 30.5 24.2 17.6 8.9 -0.9 -0.9 -0.9 -0.9 -0.9 -0.9 -0.9 -0.9 -0.9 -0.9 -0.9 -0.9 -0.9 -0.9 -0.9 -0.9 -0.9 -0.9 -0.9 -0.9 -0.9 -0.9 -0.9 -0.9 -0.9 -0.9 -0.9 3.9 5.8 8.7 8.2 8.2 6.6 2.8 7.2 14.9 23.9 32.9 41.8 50.1 58.1 64.5 71 74.6 76.4 78.2 79.4 78.6 75.9 73.7 71.3 70.3 68.6 66.9 66.4 66 66.3 68.6 70.5 70.9 67.3 62.3 60 63.4 71.1 82.3 92.9 104.3 114.4 125.7 134.5 140.4 148 154.8 161 164.2
51.1 47.6 41.9 37.2 32.6 24.6 17.7 9.6 -0.9 -0.9 -0.9 -0.9 -0.9 -0.9 -0.9 -0.9 -0.9 -0.9 -0.9 -0.9 -0.9 -0.9 -0.9 -0.9 -0.9 -0.9 -0.9 -0.9 -0.9 -0.9 -0.9 -0.9 -0.9 -0.9 -0.9 6.4 8.8 14.1 17.4 20.8 14.6 7.7 8.7 15.8 25.2 33.2 40.3 47.6 55.7 63.4 66.9 70.3 72.5 74.3 75.6 76.8 73.7 72.4 71.2 71.2 69.9 68.3 67.7 67.1 66.5 68.5 70.5 67.5 63.1 58.3 58.7 61.6 68.9 77.8 87.4 96.8 108.6 117.1 125.4 131.3 140.8 149 155.3 161.1
49.3 47.9 43.6 39.2 33.4 25.3 17.7 10.4 -0.9 -0.9 -0.9 -0.9 -0.9 -0.9 -0.9 -0.9 -0.9 -0.9 -0.9 -0.9 -0.9 -0.9 -0.9 -0.9 -0.9 -0.9 -0.9 -0.9 -0.9 -0.9 -0.9 -0.9 -0.9 -0.9 -0.9 6.1 12.3 17.3 21.8 22.4 21.7 14.7 10 16.4 24.3 31.7 37.8 45.4 52.4 57.8 61.3 64.7 67.5 69.8 71 72.2 71.5 70.9 71 71.1 70.8 70.3 68.9 68.3 66.7 66.3 66.2 62.7 58.3 54.1 54.9 60.7 68.5 75.1 82 91.8 100.5 109.3 117.1 126 134.9 143.9 150 156.2
49.1 46.7 43.6 40.4 33 24 17.2 10.4 -0.9 -0.9 -0.9 -0.9 -0.9 -0.9 -0.9 -0.9 -0.9 -0.9 -0.9 -0.9 -0.9 -0.9 -0.9 -0.9 -0.9 -0.9 -0.9 -0.9 -0.9 -0.9 -0.9 -0.9 -0.9 -0.9 -0.9 -0.9 7.6 18 22 27.3 29.4 21.6 15.4 15.9 22.1 28.5 34.9 40.4 46.3 51.8 55.8 59.1 62.2 64.7 66.5 67.4 67.5 67.3 68.7 69.5 69.2 68.8 68.6 67.1 65 63 60.9 58.8 54.1 50.5 50.3 58.7 69.4 76.4 84.4 93.2 99.2 105.5 112.4 121.2 130.2 138.9 145 151.1
45.4 40.5 38.6 34.3 28.1 20.7 14 -0.9 -0.9 -0.9 -0.9 -0.9 -0.9 -0.9 -0.9 -0.9 -0.9 -0.9 -0.9 -0.9 -0.9 -0.9 -0.9 -0.9 -0.9 -0.9 -0.9 -0.9 -0.9 -0.9 -0.9 -0.9 -0.9 -0.9 -0.9 -0.9 6.1 12.1 20.1 24.8 27.4 26.6 22.1 18.9 19.5 24.1 29.2 34.1 40.2 45.5 50.3 53.5 56.7 59.2 60 61 63.1 63.4 65.1 66.5 66.8 67.1 67.5 66.5 64.5 62.6 59.8 56.5 51.3 50 49.7 58.4 63.8 74.2 84 92.5 101.9 107.5 110.9 116.9 125.8 133.9 139.9 145
38.8 33.6 30.5 26.5 21.4 15.3 7.4 -0.9 -0.9 -0.9 -0.9 -0.9 -0.9 -0.9 -0.9 -0.9 -0.9 -0.9 -0.9 -0.9 -0.9 -0.9 -0.9 -0.9 -0.9 -0.9 -0.9 -0.9 -0.9 -0.9 -0.9 -0.9 -0.9 -0.9 -0.9 -0.9 8 12.6 18.9 22.9 27.7 28.8 25.1 21.8 20.2 19.9 24.8 28.9 34.2 39.5 44.9 48.3 51.6 51.1 51.6 54.8 57.4 59.5 61.5 63.6 63.8 66.5 66.8 66 64.1 62.2 59.6 54.7 51.9 45.5 49 53.9 58.5 69.5 80 89 97.7 105.5 111.2 117.2 123.2 129 134.9 139.6
34.8 30.3 23 16 13.9 9.6 -0.9 -0.9 -0.9 -0.9 -0.9 -0.9 -0.9 -0.9 -0.9 -0.9 -0.9 -0.9 -0.9 -0.9 -0.9 -0.9 -0.9 -0.9 -0.9 -0.9 -0.9 -0.9 -0.9 -0.9 -0.9 -0.9 -0.9 -0.9 -0.9 6 12.3 16 20.6 26.3 29.3 30.9 29 24.5 22 20.5 22.3 25.7 29.1 34.6 40 42.4 44.3 42.8 47.2 49.8 52.8 55.8 58 60.3 64 67.1 68.7 65 63.1 61.3 57.5 52.7 50 48.9 48.9 48.9 54.7 66.8 75.6 84.4 93.5 101.5 107.4 114.4 121.4 125.9 130.2 135.7
