data/430000-1170000.asc
ncols 200
nrows 200
xllcorner 430000
yllcorner 1170000
cellsize 50
[rows 160 to 199 of 200, columns 0 to 91 of 200]
61.5 60.2 62.3 60.4 57.6 55.7 53.8 53.5 48 36.3 41.8 41.7 43.4 46.2 47.2 62.3 75.9 81.5 87 86.8 84.5 82 79 77 77 77 80.5 84.2 87.3 83 79.6 79.6 79.6 79.6 82 85.9 87 85.9 92 91.6 91.7 96.6 96.6 96.3 101.1 96.7 96.1 98.7 98.7 98.8 98.8 93.7 76.1 59.4 52.7 52.7 52.7 52.7 57.2 65.1 72.5 72.4 58.6 50.7 43.3 41.3 46.2 50.2 48.8 51.6 55.7 53.8 46.9 43.8 43.8 43.8 45.5 48.5 52.9 58.4 63.1 62.7 60.5 53.2 44.1 31.7 20.6 20.1 23.3 27.5 31.1 34.7
61.3 59.5 62.7 65 64.1 61 62.2 65.4 68 51.8 45.3 45.2 45.2 45.2 48.3 57.6 75.4 81.1 77.8 79.4 78.7 76.3 75.2 76 76 77.4 77.7 80.4 84.1 82.1 79.6 79.6 79.6 79.6 79.6 79.8 79.8 84.6 90.7 94.4 94 96 95.6 93.2 93.8 94.2 93.6 93.3 97.4 98.5 94.8 85.5 70.8 52.7 52.7 52.7 52.7 52.7 59.1 67.6 71.8 67.4 55.6 47.6 42.9 40.1 42.3 45.4 47.1 48 51.7 48.4 44 43.8 43.8 43.8 45.2 50.7 56.2 61.7 65.7 65.4 63.7 57.5 47.7 36.1 24.9 20.1 21.8 25.2 27.8 27.6
-1 57.6 61.3 64.3 68.6 67.3 70.5 74.5 78.4 69.2 54.4 51.7 46 45.2 45.2 50.8 63 68.4 70.4 72 72.8 70.8 71.8 74 74 75.8 77.6 78.5 80.3 80.8 79.6 79.6 79.6 79.6 79.6 79.6 79.6 85.4 91.8 95.7 96.4 96.5 94.1 91.4 88.2 89.1 90.3 90.6 91.8 95.3 86.1 77.1 67.8 54.3 52.7 52.7 52.7 53.9 60.4 66 67.3 62.3 54 48.6 43.3 39.2 40.9 42.8 44.7 44.8 47.3 44.9 43.8 43.8 43.8 43.8 43.8 53.3 59.5 65 68.3 67.9 65.1 62.1 51.7 39.6 28.4 20.1 22.6 24.5 22.4 21
-1 -1 67.9 66.2 69.3 76.5 80.7 84.7 88.2 82.4 65.8 51.1 45.2 45.2 45.2 47.1 55.5 59.3 58.8 62.6 66.2 67 69.3 71.6 72.4 74.3 76.1 77.9 79.2 79.6 79.6 79.6 79.6 79.6 79.6 79.6 79.6 85 92 96.7 98.1 98.6 95.8 90 84.5 83.2 84.4 85.7 86.9 84.1 76 67.2 62 59.1 55.7 57.4 60.7 63.2 65 67.1 62.9 60.1 57 50.9 44.7 38.9 38.7 40.6 42.3 43.8 45.8 43.8 43.8 43.8 43.8 43.8 45.3 58.9 63.3 67.7 75.9 73.7 68.6 60.3 50.8 39.8 29.2 20.7 19.7 20.8 19.9 20
-1 -1 64.7 70.2 68.7 81.2 88.5 89.2 88.3 89.1 76.3 57.2 48 45.2 45.2 46.2 50.2 50.1 49.7 50.4 55.5 61.8 65.7 69.1 70.9 72.7 74.6 76.5 78.5 79.6 79.6 79.6 79.6 79.6 79.6 79.6 79.9 84.7 89.3 94 97.1 96.5 94.4 89.5 83.4 77.6 78.6 78.4 75 73.3 68.2 68.4 66.2 63.9 61.2 64.8 68.3 70.5 69.8 70.3 64.6 63.1 61.7 56.3 49.5 40.2 38.4 39.6 42.4 44.8 49.6 51.3 43.8 43.8 43.8 43.8 47.2 56.5 62.7 67 76.4 71 65.3 56.5 47.8 38.4 27.8 19.3 19.3 20 20 20
-1 -1 46 59 68.2 80.9 89.1 86 85.7 86.3 86.9 69 55.8 47.8 45.6 47.1 48.5 48.5 48.5 48.5 48.5 54.2 58.4 65.9 72.2 74.3 76.4 78.2 78.7 78.7 79.6 79.6 79.6 79.6 80 83.8 83.2 83.7 85.6 90.2 94.1 92.7 90.8 88.7 83.2 77 67.9 64.3 64.1 63.5 59 62.1 65.1 68.1 68.3 69.7 71.1 72.5 72.3 70.2 66.3 67.5 64.4 60.2 50.3 41 37.5 40.4 42.2 44.2 48.3 50.4 47 43.8 43.8 43.8 46.8 54.1 62 67.2 68.5 63.9 60.5 55.6 45.7 33.8 24.4 20 20 20 20 20
-1 -1 44 59 70.7 83.1 86.2 82.9 82.9 86.6 89.3 82.1 65.3 53.5 48.3 48.5 48.5 48.5 48.5 48.5 48.5 48.7 56.7 66.5 74.3 76.3 77.1 76.8 76.8 77.8 78.9 79.6 79.6 80.7 85.5 89.4 88.4 86.8 88 89.8 91.2 88.5 86.4 84.3 77.5 69.6 57.5 52.7 53.2 52.7 52.7 55.3 59.5 66.8 71.3 71.7 73.1 74.5 74.7 71.4 68.6 68.9 63.2 57.7 50.7 42.1 36.9 42.8 47.9 46.2 45.5 45.6 47.1 46.8 46.8 47.2 50.8 54.2 61 66 61.7 58.3 54.9 51.5 45.6 37.2 26.2 20 20 20 20 20
-1 -1 -1 56.8 67.4 76.7 79.6 82.7 87.3 91.1 89.7 82.5 75.3 58 50.1 48.5 48.5 48.5 48.5 48.5 48.5 48.5 55.7 66.1 75.4 75.1 74.8 74.8 75.9 76.9 78 79.3 82.6 87.5 90.7 95 93.6 91.9 90.4 92.2 90.5 84.8 79.9 73 65.9 56.6 52.7 52.7 52.7 52.7 52.7 52.7 61.9 69.3 75.5 75.4 75.3 76.5 76.6 73.5 71.2 70.9 65.4 59 50.3 44 37.3 41 51.8 48.9 45.2 51.2 52.7 52.4 51.7 51 54.6 58.1 61.7 59.6 56.2 52.8 49.3 45.9 42.5 35.7 27.7 19.4 20 20 20 20
-1 -1 -1 -1 59.6 73.2 76.8 82.1 87.4 92 89.3 84.2 78.6 65.6 52.9 48.7 48.5 48.5 48.5 48.5 48.5 48.5 54.7 65.9 72.8 72.8 72.9 73.9 75.1 76.5 77.9 80.7 87.4 94.2 99.4 99.7 98.6 97.1 95.5 94.6 89.2 80.5 71.9 63.2 54.5 52.7 52.7 52.7 52.7 52.7 52.7 52.7 59.7 70.4 79.2 79.6 79.5 79.4 78.4 76.1 73.9 71.6 68.4 64.2 53 42 36.6 36.9 50.2 46.5 45.9 56.7 58.2 57.9 56.5 55.1 58.3 61.9 65.8 62.2 55.6 48.9 43.8 40.3 36.9 33.5 25.7 18.8 20 20 20 20
-1 -1 -1 -1 60.5 70.2 75.6 81.1 85 86.1 85 80.5 76.2 75.8 61.4 60.5 55.1 48.5 48.5 48.5 48.5 48.5 57.2 66.3 69.9 70.9 72.3 73.7 75.1 76.6 78.1 83.3 92.3 99 102.9 102.2 97.6 98 97.9 91.8 82.3 73.2 64.4 57 54.3 52.7 52.7 52.7 52.7 52.7 52.7 54.2 63.4 71 78 79.9 79.6 79.6 79.2 75.8 73.5 73.4 75 67.7 53 40.1 34.8 33.7 33.7 39.4 46.8 58 63.7 62.7 61.3 59.8 62.1 65.8 70.1 65.6 58.9 52.3 45.7 39 32.4 27.9 23.7 18.8 20 20 20 20
-1 -1 9.9 -1 63.3 69.3 74.7 78 79.1 80.3 79.3 76.8 72.6 77.8 74.1 64.3 61.7 55 48.5 48.5 48.5 51.7 60.3 66.4 68.4 70.9 72.4 73.8 75.2 76.7 78.3 86 97.2 101 95.7 93.1 96.8 95.9 94.8 86.4 76.3 67.2 59.4 57.7 55.1 52.7 52.7 52.7 52.7 52.7 52.7 56.3 66.4 73.9 77.8 79.4 79.8 80 83.4 82.1 72.8 71.9 73 63.2 47.1 38 33.2 33 33.5 38 45.3 57 69 67.5 66.1 64.6 65.9 70.2 74.4 69 62.3 55.7 49 42.4 35.7 29.1 22.4 20 20 20 20 20
-1 -1 39.6 -1 61.9 68.2 71 72.2 73.3 74.4 73.6 71.3 71 73.5 77.9 70.6 63.7 58.7 55.3 54.6 55.2 54.9 62.6 65.2 67.1 69.9 72.4 73.8 75.3 76.9 78.5 88.7 97.7 93.8 88.6 83.3 86.6 90.3 87.2 79.5 70.3 61.2 58.9 57.2 55.4 52.8 52.7 52.7 52.7 52.7 53.2 58.2 69.5 78.4 78 78.9 79.9 81.2 84.7 85 69.3 68.4 68.9 62.5 46.6 36.3 30 32.9 34.4 39.7 47.9 62.2 68.1 71.7 70.3 68.9 69.2 74.3 78.7 72.3 65.7 59 52.3 45.7 39 32.3 24.1 18.8 20 20 20 20
-1 -1 -1 56.5 63.5 67.1 60.6 62 64.1 67.6 69.4 71.1 73.1 75.5 79.9 85.4 74.5 66.8 65.3 63 60.8 59.9 62 64.2 68.1 71.9 71.9 73.9 75.5 77.1 79.1 86.6 87 84.5 81.4 76.1 76.5 76.6 75.2 69.8 64.2 60.1 58.4 56.7 55 53.1 52.7 52.7 52.7 52.7 56.6 59.7 66.3 78.2 78.2 78.3 79.8 81.2 84.1 78 66.2 62.4 61.3 58.8 42.1 29.2 29.8 35.9 39.7 44 52.1 63.5 67.6 71.9 73.7 71.2 70.7 75.5 80.3 75.6 68.9 62.3 55.6 48.9 42.3 33.7 23.1 19.1 20 20 20 20
-1 -1 -1 52.9 -1 -1 52.7 51.9 58.2 60.6 65.5 71.7 76.8 79.6 84.7 88.9 89.5 71.4 70.1 68.5 65.1 61.6 61.7 67.1 73.4 79.7 79.2 76.2 76.3 77.9 80.1 78.7 76.3 73.7 71.2 68.6 66.3 63.6 62.5 59.1 59.6 58.9 57.3 55.6 54 52 58 55.7 52.7 54.7 59.7 66.3 70.5 78.6 79 78.8 80.4 80.8 79.1 71.1 63 56 51 46.4 35 22.6 32 36.8 47.8 48 59.1 64.6 68.7 72.8 73.8 72.8 72.2 76.7 81.2 79.1 72.2 65.5 58.9 52.2 43.3 32.7 22.1 18.8 20 20 20 20
-1 -1 -1 42.6 -1 -1 -1 -1 -1 55.1 63.6 72.3 78.8 83.3 87.5 91.7 95.8 84 76.7 72.8 68.8 64.8 62.1 67.5 73.6 79.8 85.3 83.2 79.6 79.5 83.2 86.5 75.3 66.1 61.3 58 55 55 55.3 56 57.8 57.6 55.9 54.2 52.1 52.9 61.3 68.3 60.3 57 63.9 75.4 79.7 85.4 84.9 83.6 77.1 78.1 73.1 64.9 56.7 47.7 37.8 34.6 30.1 25.2 28 37.3 46.6 49.4 57.8 66.8 70.7 73.9 73.6 74.3 76 79.3 82.6 82.7 75.7 68.8 62.1 52.9 42.2 31.9 21.2 20 20 20 20 20
-1 -1 -1 0.9 -1 -1 -1 -1 -1 -1 62 69.9 82 90.2 96.4 100.6 103.3 97.7 83.1 75.3 71.5 66.2 63.3 67.6 72.1 76.5 82 83.4 79.7 78.2 81.7 80.6 72.4 63.2 56 55 55 55 55 55 56 56.2 54.5 52.2 49.8 54.2 62.9 70.7 63 59.1 68.1 81 88.9 91.4 88.1 82.2 75.1 71.8 68.8 60.5 52.2 43.7 36.2 31.7 28.9 26.1 17.5 36.8 42.6 48.7 55.4 65.7 70.7 74.6 77.5 78.5 80.7 84 86.8 79.3 76 70.4 63.4 53.4 43 31.7 20.3 20 20 20 20 20
-1 -1 -1 -1 -1 -1 -1 -1 -1 -1 62.3 75.5 87.6 95.8 101.7 109 114.8 110.5 96.6 83.4 74 69.1 70.2 72.9 77.3 79.4 76.6 77.6 79.3 77.4 80.3 72.3 64 56 55 55 55 55 55 55 55 54.8 52.3 49.9 47.9 55.5 64.4 65.8 60.6 61.2 72.3 85.2 97.6 92.5 87.2 80.1 73 65.9 64.6 56.2 47.9 39.6 31.9 28.9 26.2 23.3 17.5 29 38.9 43.7 49.8 58.5 65.5 73.3 80.6 82.7 85.4 88.6 81.9 73.7 71.7 68.6 64.4 54 43.1 32.3 21.9 20 20 20 20 20
-1 -1 -1 -1 -1 -1 -1 -1 -1 56.5 69.6 80.6 93.1 101.4 107.3 111.9 118.4 117.6 108.5 92.2 80.6 74.8 77.2 78.5 82.1 82.2 77.3 71.7 73.3 71.8 68.3 62.2 54.6 55 55 55 55 55 55 55 55 55 51.8 48.6 46.9 55.8 65.3 60.7 59.1 60.7 73.1 85.6 90.3 91.8 85.1 78 71 63.9 60.3 52 43.6 35.2 29.8 26.8 23.7 20.4 17.5 28.7 37.7 43.6 49.6 64.8 70.1 75.8 81.3 81.2 83.5 83.6 76.4 68.2 65.9 68.7 64 57.3 47.6 37.1 27 20 20 20 20 19.7
-1 -1 -1 -1 -1 -1 -1 -1 -1 60 76.2 87.3 98.7 107 109.4 110.3 115.2 114.3 110.7 104.4 94.2 83.2 78.4 80.1 80.4 80.4 76.2 67.7 59.9 56.6 54.4 53 59.3 63.8 62.5 60.6 55.7 55 55 55 60.3 58.6 53.3 48 46.9 51.9 55.3 58.4 60 65.3 75.8 83.1 86.2 89.8 82.9 75.4 68.9 61.8 54.7 47.7 39.3 31.1 27.2 23.8 20.6 17.5 15.5 26.5 37 43.4 54.2 69.1 73.2 75.2 74 72.7 74.5 73.2 70.8 63.6 63 61.5 57.4 58 52.6 42.8 32.1 19 20 20 20 19.6
-1 -1 -1 -1 -1 -1 -1 -1 39.7 64.8 78.9 90 101.1 106.2 105.7 105.4 110.2 112.7 110.4 102 96.8 97.1 80.5 78.3 78.9 78.3 70.9 61.9 52.4 45.5 43.7 52.1 62.3 72.8 77 71.4 62.3 55 55 57.6 63.9 58 52.3 48.3 46.9 46.9 50.5 55.7 61 73.5 73.9 77.7 90.8 92.2 82.6 74.4 66.2 58 50.7 43.9 36.4 30.2 25.7 21.2 17.6 14.3 11.7 23.2 34.8 41 46.3 57.3 62.5 65.1 65.5 65.4 65 63.7 62 57.8 53.6 53.9 56.2 58.6 54.7 46.5 36.4 30.5 21.4 21.1 19 26.8
-1 -1 -1 -1 -1 -1 47.8 -1 51.3 64.7 75 86.1 93.2 100.7 102.8 99 99.9 107.9 103.2 96.2 95.5 101.1 92.3 76.3 77.3 72.8 65.6 55.2 43.4 39.9 46.6 51.6 61.1 72.9 80.2 77.7 70.5 58.3 55.1 60.1 57.2 54.6 53 50 46.9 46.9 50.4 55.4 60 69.5 76.8 84.8 95.2 94.1 83.1 74.1 64.4 54.2 46.2 40.8 34.4 27.6 23.4 19.7 15.7 11.4 11.3 22.2 32.6 38.1 42.7 44.6 44.1 52.5 53.8 54.5 54.6 54.4 54.7 52.2 48.9 49.7 55.2 59.1 53.6 50.4 45.5 43 32.4 33.8 37.2 43
-1 -1 -1 -1 -1 -1 -1 62.8 60.3 62.1 71.1 78.8 85.5 93 99.9 97.5 97.6 98.7 98 95.4 93.6 97.8 102.1 87.4 76.7 69.9 58.8 43.8 38.8 45.4 49 53.8 66 74.1 74.4 72.8 70.3 63.4 58.8 59.4 54.6 54.6 54.6 54 47.6 52.4 52.8 57.1 66.2 77.9 81.2 87.1 91.8 83.3 76.4 70.9 62.3 52.7 44.8 38.8 32.5 26.1 19.5 15.5 12 8.5 9.6 15.6 27 36.8 39.9 42.9 44.1 44.3 48.8 50.9 48.4 46.4 46.5 46.7 44.6 46 51.8 51.2 51.2 52.7 60.4 54 48.5 52.6 57.2 53.2
-1 -1 -1 -1 -1 -1 -1 -1 68 60.8 64.6 70.6 77.7 85 92.8 99.9 96.6 98.5 96.9 95.3 94 96.6 99.5 96.5 82.9 68.1 53.3 41.2 46 52 52 57.8 72.6 76.3 74.9 70.2 67.2 62.9 57.2 54.6 54.6 54.6 56.3 58.8 38.9 52 53.1 62.3 73.1 79.2 84.6 89.1 81.7 75.5 69.2 63.7 58.5 50.6 43.5 36.8 30.2 20.7 15.7 11.3 7.6 6.1 9.2 11.3 24.4 37.6 40.2 42.6 44.1 44.6 47.6 48.8 45.5 44.5 44.5 44.7 44 44.8 44 46.6 55.5 65.2 70.2 70.2 70.3 64.4 62.9 52.7
-1 -1 -1 -1 -1 -1 -1 -1 73.9 63.1 61.4 62.5 69 76.9 85.7 91.7 95.8 96.5 94.7 92.8 91.2 96.5 101.9 98.8 86.9 67.4 49.2 36.8 45.9 49.7 52.5 60.4 69.7 72.4 73 66.1 56.5 54.6 54.6 54.6 61.3 63.8 57 52.6 40.1 47.1 47.7 50.6 67.8 75.1 81.2 80.6 74.5 68.3 62 56.1 52 46.2 39.4 32.6 27.8 18.7 9.1 4.5 8.1 8 12.8 19.2 29.3 40.3 42.2 44 44.8 44.2 48.7 49.3 45.7 45 44.5 43.8 43 43.6 44.5 47.6 59 68.6 78.9 92.1 93.2 81.8 67 50.2
-1 -1 -1 -1 -1 -1 -1 75.7 81.7 68.5 61.3 61.3 61.3 69.5 77.6 84.5 91.1 92.9 90.8 89 88.2 88.9 96.7 97 96.3 73.5 56.7 40.9 37.9 43 55.2 58 64.7 67.6 69.3 61.7 54.6 54.6 54.6 55.8 69.2 69.8 61.2 49.2 37.5 43.7 43.7 46.6 57.1 69.3 74.3 71.7 66.4 60.4 54.4 48.4 42.9 38.7 31.8 25 23 15.5 7.2 1.6 9.1 10.8 18.8 29.2 36.5 43.7 45.5 47.7 47.2 45.3 43.2 46 46 45.6 43.7 41.8 41.4 42.6 46.4 53.5 63.2 74.3 87.2 95.3 95.7 86.8 65.3 53
-1 -1 -1 -1 39.5 70.9 83.1 84.3 84.8 79.5 61.4 61.3 61 63.5 71.7 77.5 86.5 90 87 85.2 85.1 86.3 85.1 93.5 88.1 82.2 64.6 41.8 35.9 45.7 57.4 62.6 65.9 64.4 66.8 58.1 54.6 54.6 54.6 54.3 63.9 66 60.2 49.7 34.7 32.7 37.5 44.9 53 65.2 67.3 62.5 57.7 52 45.6 39.1 34.6 30 23.3 17.5 17.6 11.5 4.8 -1 -1 11.1 17.8 41.1 46.4 46.4 49.2 51.5 52.6 51 46 44.5 45.1 44.5 41.8 39.8 40.6 45.5 53.2 63 69.1 80.8 91.4 99.4 98.7 86.6 66.7 56
-1 -1 -1 -1 51.2 72.7 79.6 82.2 86.2 85.3 69.8 60.8 59.8 59.5 64.6 72.9 81.9 87.1 84 81.5 83.4 84.3 80.4 79.2 80.8 83.6 69.3 45.1 32.7 45.6 59 73.5 75.3 71.1 65.8 59.3 54.6 54.6 55.2 53.2 52 57.2 50.6 38.4 36.5 20.7 37.2 42.9 52.1 59.3 55.2 46.8 42 42.6 36.2 30.5 29.3 26.2 17 10.5 11.1 17.7 6.3 -1 -1 -1 17.4 41.8 47.3 48.1 50.2 56.7 59.4 58.9 51 50.1 45.6 41.1 39.6 39.6 40.8 53 68.1 71.3 75.4 85.5 92.2 100.5 100.1 86.9 66.9 55.1
-1 -1 -1 -1 -1 60.4 71.8 77.8 75.2 76.1 74 60 58.2 68.5 64.2 67 77 85.1 82.6 80.5 79.4 77.8 74.8 73.4 80.3 87.9 74 49 31.7 32.6 47 67.2 79 75.7 67.9 60 54.4 64 62.6 57.3 48.2 45.9 39.8 31.7 31.4 15.5 34.9 37.1 47.2 47.8 30.7 26.3 30.8 32.2 26.7 21.4 23.6 12.4 7.2 4.3 6.8 15.4 -1 -1 -1 -1 -1 25.3 38.9 43.6 50.8 60.1 59.9 56.9 56.4 55.6 46.7 39.6 39.6 39.6 41.1 51.5 71.1 76.3 80.4 82.3 91.5 100.5 102.6 89.9 69 56.8
-1 -1 -1 -1 -1 50.2 66.4 68.2 65.3 64.2 67.3 66.8 56.9 57.4 60.7 66 71 77.2 81.6 77.1 73.4 70.1 67.6 74.9 82.5 89.7 77.8 53.9 32.2 27.3 34.8 53.5 72.6 76.3 70.6 61.8 53.5 58.2 62 56.7 48.9 41.8 33.4 27.2 26.9 5.2 27.4 30.9 26.5 15 11.4 17.2 19.5 21.7 17.3 14.5 19.6 7.7 -1 -1 -1 14.4 -1 -1 -1 -1 -1 21.6 27 31.9 44.7 54.1 58.6 56.5 60 59.2 44.8 39.6 39.6 41.5 43.7 48.7 67.1 76.2 76.6 83.5 92.6 101.8 102.8 92.4 70 57.4
-1 -1 -1 -1 -1 43.5 58 61.4 60.2 59.8 64.2 69.1 60.9 49.6 44.3 50.7 62.5 68.3 70 67.6 63 62.8 65.5 69.8 81.7 86.4 80.4 62.1 43.2 27.1 22.4 35 52.6 61.7 66.5 55 50.7 58.1 54.4 49 47.9 42.3 34.2 25.8 19.5 5.2 25.7 23 -1 -1 -1 -1 -1 4 -1 -1 -1 -1 -1 -1 -1 0.3 -1 -1 -1 -1 -1 -1 17.8 23.1 36.9 41.6 51.1 55.7 58.5 43 39.6 39.6 40.3 45.7 45.9 50.1 68.2 74.6 79.5 87.1 96 102.5 104.3 94.9 73.9 56.4
-1 -1 -1 -1 -1 -1 47.5 59.7 65.1 66.4 69.2 68.9 62.3 52.3 36.8 35 43.3 52.3 57.5 57.7 53.9 58.1 63.2 68.2 77.6 76 68.7 64.3 55.4 35.1 20.6 20.1 35.3 43.5 40.6 48.5 41.4 41.7 48 44.4 45.7 43.6 34.1 24.2 16 -1 17.4 -1 -1 -1 -1 -1 -1 -1 -1 -1 -1 -1 -1 -1 -1 -1 -1 -1 -1 -1 -1 -1 -1 17.6 26.1 38.4 44.6 43.4 45.5 39.8 39.6 39.6 39.6 39.6 46.2 56.2 74.1 82.3 86.3 90.3 96.5 100.6 105 100.5 83 54
-1 -1 -1 -1 -1 -1 51.9 64 70.7 73 70.5 66.9 63.5 53.9 38.1 28.5 25 30.1 36.3 37.1 49.9 54.1 59.3 64.1 66.2 64.8 64.2 63.2 63.9 49 26.5 14.6 19.3 24.6 27.6 42.5 31.7 33.9 42.4 38.9 35.9 34 30.8 22 13.4 -1 -1 -1 -1 -1 -1 -1 -1 -1 -1 -1 -1 -1 -1 -1 -1 -1 -1 -1 -1 -1 -1 -1 -1 21.8 27.8 39.4 39.7 39.6 39.6 39.6 39.6 39.6 39.6 39.6 45.5 58.5 78.8 87 92.7 93.3 101.4 100.6 101.7 96.8 79.6 52.9
-1 -1 -1 -1 -1 -1 -1 59.7 69.4 61.8 68.8 66.1 62.5 58.4 42 29.7 12.7 -1 -1 30.8 46.5 55.6 60 62.9 59.5 57.3 56.6 61.2 62.4 56.4 35.8 17.1 2.4 10.4 14.2 21 20.5 23.4 33.3 33.3 26 27.4 24.2 20.2 9.4 -1 -1 -1 -1 -1 -1 -1 -1 -1 -1 -1 -1 -1 -1 -1 -1 -1 -1 -1 -1 -1 -1 -1 12.1 19.1 29.9 39.6 39.1 39.6 39.6 41.9 49.8 48.1 39.6 40.9 46 60.2 74.6 87.2 94.4 97.7 101.2 100 93.4 85.8 72.3 48.5
-1 -1 -1 -1 -1 -1 -1 -1 -1 56.8 66.8 65.4 61.4 57.7 -1 -1 -1 -1 -1 16.7 30.1 47.6 56 64.6 50.7 48.5 45.9 53 55.2 50.5 42.8 25.9 -1 -1 -1 9.6 13.2 16.4 17 15.9 -1 11.8 17.1 -1 -1 -1 -1 -1 -1 -1 -1 -1 -1 -1 -1 -1 -1 -1 -1 -1 -1 -1 -1 -1 -1 -1 -1 -1 11.7 22.9 34.1 39.1 40.1 44.5 39.6 39.6 43.3 51.9 54.8 47.4 54.1 64.7 70.9 83 90.8 97.8 99.8 98.5 90.7 79.5 68.7 45.2
-1 -1 -1 -1 -1 -1 -1 -1 -1 -1 61.5 63.9 60.1 57.5 -1 -1 -1 -1 -1 -1 13 27.6 37.3 39.1 43.1 30.4 34.1 45.9 46.7 44.3 38 22.9 -1 -1 -1 0.1 3.5 0.6 -0.7 -1 -1 0.9 0 -1 -1 -1 -1 -1 -1 -1 -1 -1 -1 -1 -1 -1 -1 -1 -1 -1 -1 -1 -1 -1 -1 -1 -1 -1 7.8 21.5 36.2 43.1 45.8 53.9 49.5 39.6 39.6 39.6 53.2 46.3 49.8 68.5 77.8 82.2 85.3 92.6 99.2 94.6 83.8 71 61.3 41.6
-1 -1 -1 -1 -1 -1 -1 -1 -1 -1 -1 50.9 49.1 41 -1 -1 -1 -1 -1 -1 -1 -1 -1 -1 -1 -1 -1 31.2 34.8 36.9 34.4 19.7 11.3 -1 -1 -1 -1 -1 -1 -1 -1 -1 -1 -1 -1 -1 -1 -1 -1 -1 -1 -1 -1 -1 -1 -1 -1 -1 -1 -1 -1 -1 -1 -1 -1 -1 -1 -1 -1 18.9 35.2 41.9 47.1 56.1 68.2 59.1 42.8 39.6 45.2 41.9 45.4 64.8 84.5 92.7 87.9 89.8 85.9 86.1 77.6 64.6 54.3 38
-1 -1 -1 -1 -1 -1 -1 -1 -1 -1 -1 22.1 22.6 0.9 -1 -1 -1 -1 -1 -1 -1 -1 -1 -1 -1 -1 -1 -1 23.2 25.4 24.8 -1 -1 -1 -1 -1 -1 -1 -1 -1 -1 -1 -1 -1 -1 -1 -1 -1 -1 -1 -1 -1 -1 -1 -1 -1 -1 -1 -1 -1 -1 -1 -1 -1 -1 -1 -1 -1 -1 9.9 28 39.6 46.8 55.5 61.4 66.8 60 45 44.6 41.2 43.8 59.1 77 87.5 86 85.7 78.7 78.2 70 59.1 49.6 36.1
-1 -1 -1 -1 -1 -1 -1 -1 -1 -1 -1 -1 -1 -1 -1 -1 -1 -1 -1 -1 -1 -1 -1 -1 -1 -1 -1 -1 -1 7.2 -1 -1 -1 -1 -1 -1 -1 -1 -1 -1 -1 -1 -1 -1 -1 -1 -1 -1 -1 -1 -1 -1 -1 10.1 14.3 8.6 -1 -1 -1 -1 -1 -0.4 -0.1 -1 -1 -1 -1 -1 -1 -1 18.7 34.8 43.9 61.5 61.4 70.9 68.1 60.8 51.8 45 46.7 55.5 70.7 79.5 77.3 74.7 68.9 65.7 58.9 52.9 46.2 35.6
-1 -1 -1 -1 -1 -1 -1 -1 -1 -1 -1 -1 -1 -1 -1 -1 -1 -1 -1 -1 -1 -1 -1 -1 -1 -1 -1 -1 -1 1.6 -1 -1 -1 -1 -1 -1 -1 -1 -1 -1 -1 -1 -1 -1 -1 -1 -1 -1 -1 -1 -1 -1 11.5 23.4 22.2 21 8.8 -1 -1 -1 -1 9.6 9.9 -1 -1 -1 -1 -1 -1 -1 -1 24.6 43 46.2 64.9 61.3 73 71.8 64.6 56.1 56.5 59.4 73.3 79.1 76.2 70.6 63.5 60.2 58 52.5 43.9 34.7
-1 -1 -1 -1 -1 -1 -1 -1 -1 -1 -1 -1 -1 -1 -1 -1 -1 -1 -1 -1 -1 -1 -1 -1 -1 -1 -1 -1 -1 -1 -1 -1 -1 -1 -1 -1 -1 -1 -1 -1 -1 -1 -1 -1 -1 -1 -1 -1 -1 -1 -1 -1 26.2 28.9 31.1 27.4 12.8 -1 -1 -1 6.9 15.8 19.4 9.8 -1 -1 -1 -1 -1 -1 -1 14.4 30.5 48.5 64.7 63.5 70.4 79.5 75.8 67.5 67.5 72.1 81.3 85.7 77.6 66.8 62.7 60.8 60.1 49.7 39.7 28.2
