data/440000-530000.asc
ncols 200
nrows 200
xllcorner 440000
yllcorner 530000
cellsize 50
[rows 108 to 143 of 200, columns 81 to 161 of 200]
117.1 114.9 116.5 116 115.8 115.8 115.3 114.9 114.9 114.4 113.7 113.8 114.8 114.1 114 113.7 113.7 114.5 115.3 115.5 116.3 118.5 119.5 121.3 122.1 119.8 117.9 119.8 121.2 122.1 118.8 116.9 115.6 114.6 113.4 112.2 110.7 110.2 110.5 110.6 111.6 111.7 113.4 113.6 112.4 109.5 109.6 108.5 106.7 104 104.6 104.4 102.6 101.2 100.6 100.5 100 99.5 97.4 96.8 95.4 97 97.4 97 95.3 92.8 89.4 81.5 88.7 83.6 81 77.9 71.4 66.5 65.4 63.8 61.4 58.9 56 55.9 58
119 119 117.3 116.5 115.8 115.5 115.6 115.8 114.8 114.5 113.7 114.4 115.2 114.6 113.6 113.3 114 114.2 115 115.2 117.1 119.4 121 123 124.2 124 122.7 122.7 122.1 121 119.8 117.7 116.6 118.3 115.8 115.4 113.6 111.6 117.7 117.5 116.9 117.1 117.4 117 115.5 110.6 108.5 106.8 105.1 106.6 107.6 105.8 104.1 102.6 102.4 101.5 100.7 99.9 97.9 96.3 94.1 96.1 97.3 97.9 97.3 95.4 91.8 65.8 51.5 86.8 83.5 80.8 77.8 70.3 67.2 64.8 62.6 59.4 55.5 54.6 57.2
119.2 117.7 117.5 118.1 116.7 116.6 117.1 116.8 116 115.2 116.1 116.6 116.5 115.6 115.8 115.8 116 116 116.6 118.8 121.1 121.3 121.8 122.9 124.3 125.1 124.2 124.3 123.7 123 121.1 119.8 120.6 120.6 119.7 119.5 115.6 113.9 115.2 117 118.6 119.3 120.4 119.6 117.1 112.7 110 107.8 107.1 106.9 108.1 106.9 105.6 104.2 103.1 101.9 101.1 100 97.1 94.1 92.2 92.6 94.4 97.2 97.7 95.7 40 44.4 48.4 48.5 74.4 81 65.6 76.9 70.2 67 63 59.5 56.7 55.5 55.8
121 119 121.8 118.1 117.7 117.6 118.5 118.4 118.4 116.9 117.5 118.5 118.7 118.4 118.5 118.8 117.6 118.1 119.3 120.8 121.7 123 124.2 124.3 124.4 124.9 125.7 125.6 125.2 124.3 124.4 124.5 124 123.7 121.8 119.4 118.9 117.6 117.5 119 120.9 121.9 122.5 121.2 118.5 114.9 112.4 111.4 111.3 109 107.6 106.2 105 103.9 102.3 101 99.8 100.4 98.5 94 91.5 89.4 90.6 94.7 95.3 94.7 44 52.5 51.6 46.9 60.3 65.2 64.5 65.3 67.9 67.4 63.9 59.9 55.5 53.6 53.9
122.7 120.8 124.9 117.8 117.9 118.5 119.7 120.3 120.8 118.9 117.8 119 119.8 120.6 121 121.1 120.4 121.2 121.4 121.1 121.9 123.7 125.1 125.2 126 126.6 126.4 126.5 125.5 126 125.3 125.7 125.6 125.1 123.4 122.2 121.7 120.7 119.7 121.1 123.1 124.5 124.9 123.5 120.6 116.9 114 112.2 110.3 108.6 107.1 105.9 104.3 102.7 101 99.5 97.7 98.7 98.8 94.4 90.6 89.1 87.9 90.5 91.1 91.5 77.8 51.8 50.1 48.4 60.3 66.1 78.5 76.5 73.5 69.1 61.5 57.9 54.5 53.7 53.2
122.6 125.6 120.7 126.5 120.2 119.8 120.9 121.7 122.5 121.7 119.3 120 121.3 122.7 123.3 123.4 123.2 123 123.1 123.1 123.9 124.8 125.7 127.9 131.3 130.5 127.8 127.6 126.1 124.9 125.5 126.4 125.7 125.7 125 123.7 122.9 121.1 122.3 123.7 125.6 126.6 125.7 123.9 121.5 120.1 115.2 113.7 112.2 110 108.5 106.1 104.3 102.6 101.4 99.5 96.8 97.4 98.8 95.2 90.8 89.1 88 88.1 88 88.1 87.2 58.4 49.9 49.4 53 71.2 80.7 79.6 73.7 70.6 64.7 58.8 55.2 53.5 53.2
127.8 128.3 124.6 127.7 128.9 128.9 127.9 127.5 126.7 126.5 125.5 125 124.6 124.5 124.7 124.8 124.5 124.1 125.2 125 126.1 126.3 127.4 133.6 138.9 134.2 128.5 126.1 125.7 124.7 125.5 126 126 126.5 126.2 124.8 123.7 124.2 125.1 126.8 128 128.1 126.5 124.5 122.8 121.1 116.3 114.5 112.9 111.8 110.2 107.2 104.7 102.3 101 98.9 96.2 95.8 98.3 95.9 91.4 89.9 88.1 86.9 86.2 85.8 85.4 52.6 50.7 52.4 58.1 68.9 70.4 61.1 53.4 55.1 73 62 55.3 54.5 53.9
124.1 123.4 125.5 122.3 128.6 122.5 123.4 123.9 125.7 124.7 124.1 124.4 125.3 125.6 127.2 127.1 128.2 127 127.4 128.1 128 127.6 129.1 133.2 138 135.9 128.7 125.8 125.3 126.4 126.8 126 126.7 126.5 126.8 125.7 125.9 126.8 127.8 128.5 129.5 129 127.7 125.6 123.5 121.9 117.7 115.6 113.2 111.9 110 108 105.6 102.9 100.4 98.1 96 94.6 95.8 96.3 92.4 90.4 89.3 88.2 85.8 86.1 86.1 51.1 46.4 48.2 61.5 73.4 59.4 49.7 49.5 53.7 67.3 70.7 56.3 54.3 54.4
129.7 127.3 125.6 126.3 123.7 122.5 123.6 124.6 126.1 126.2 126.2 125.9 126.2 127.3 128.6 129.1 130.2 131.4 129.2 129.4 129.4 129.3 131.2 133 134.1 131.7 128.7 126.9 125.5 126.3 127.7 126.6 126.3 126.5 126.8 127.4 128.3 129 129.7 130.3 131.1 130.1 128.6 126.4 124.3 122.2 118.6 116 113.6 112 110.4 108.8 106.5 103.8 101.1 98.4 96.3 95.2 94.3 94.8 93.1 91.2 90.1 89.1 87.6 86.8 85.6 85.6 75.1 55.7 79.5 79.6 77.9 66.6 74.2 75.1 71.5 65.9 57.4 53.5 53.3
137.2 130.8 129.3 127.1 124.2 123.9 124.4 125.7 128.4 128.1 127.3 126.2 126.9 128.2 129.6 131 131.6 131.7 130.6 130.8 130.9 132.2 133.1 132.4 132 129 128.1 126.9 125.7 125.6 126.8 126.2 126.5 126.8 126.3 127.6 129.2 129.8 130.4 130.9 131.2 130.4 128.4 126 124.2 122.2 119.4 116.7 114 112.1 110.6 108.7 106.2 103.5 100.9 98.1 96.6 95.5 93.9 93 91.4 91.4 90.2 89.5 88.3 86.9 85.3 84.9 83.6 80.8 79.9 79 80.3 80.5 78.2 76.4 72 67.5 60.4 54 53.3
141.8 134.7 131.8 129.1 125.7 125.3 125.3 125.9 128.2 128.7 128 126.8 126.5 127.9 130.3 125.6 126 134 131.7 132.2 132.5 132 131.3 130.1 128.4 127.6 127 126.4 127.4 127 125.8 126.5 126.5 125.9 126 127.3 128.3 127.8 127.4 127.9 129.3 128.8 127 125.1 123.5 121.6 119.3 117.1 115 112.1 110.4 108.1 105.1 102.2 99.7 97.8 96.2 94.9 93.6 91.5 89.4 89.3 90.3 89.9 88.2 85.7 84 83.7 82.7 80.2 78.6 78.8 79.7 80.3 80 78.2 75.2 70.4 63.1 56.4 52.3
144.9 138.5 134.1 131.1 128.3 125.3 125.4 125.6 127 128 128.1 127.6 127.1 127 129.4 127.2 122 130.6 130.1 130.8 130.9 130 129 128.1 127.2 127 127.4 126.7 126.4 126.7 125.2 126.2 126 125.5 126 126.7 126.6 125.6 124.6 125 126.6 127.1 125.8 124.4 122.4 120 118 116.1 114.6 112.6 110 107 104.1 101 98.4 96.9 95.6 94.4 93.1 90.9 89.1 88 89 89.5 86.3 83.9 82.6 82.4 80.5 78 79.3 79.2 79.1 79.7 79.5 78.3 76 74.7 66.1 58.8 54.1
147.9 142.5 138.6 134.6 130.1 126.4 125.4 125.2 125.8 126.6 127 127.2 127 125.8 126.2 126.6 127 127.1 127.6 128.4 128.4 127.4 127.2 126.8 126 125.7 127.2 126.9 127.6 126.5 125.4 125.4 125.4 125 126 125.2 124.4 124.2 122.7 122.3 124.4 125.3 124.4 122.6 120.5 118.5 116.9 115.1 113.3 110.8 108.1 105.4 102.6 100.8 98.6 97 95.7 94.2 92.6 91.4 91.2 90.1 87 87 84.4 82.4 81.5 81.4 79.5 75.5 77.2 76.7 77.4 78.4 77.8 76.3 74.6 71 66.8 60.4 56.6
144.8 141.2 137.5 133.8 130.4 127.1 125.4 125.1 125.5 125.8 126.4 126.5 126 124.8 124.3 124.7 124.7 124.7 125.3 126 126 124.9 124.1 124.1 124.5 123.8 125.7 126.2 130.5 125.1 123.8 124.1 124.3 124.6 124.5 123.2 122.2 122.3 121.9 120 120.8 121.8 122.7 121.8 119.9 118.8 117.4 115.5 113.1 110.7 108.9 106.6 106.3 103.3 100.5 98 96.2 94.7 94 95.2 93.8 92.2 90.1 87.3 86 85 82.5 79.4 79.1 76.8 74.9 75.3 76 77 76 74.5 73.3 69.3 64.8 60.8 56.2
141.8 138 135 132.3 129 126.7 125.7 124.6 124.7 125.1 125.5 126 124.9 123.7 122.9 122.6 122.6 122.7 123.4 124.2 124.5 123.3 122.1 122 121.8 122.2 124.2 123.9 123.9 122.3 121.5 122 122.4 124.5 123.9 121.6 119.4 119.5 119.3 117.6 117.4 118.7 120.8 121.1 119.8 118.5 118.1 116.2 113.8 112 110.5 110.7 110.6 105 101.7 99.4 97.4 96.7 95.8 96 94.6 92.3 89.9 87.6 85.4 84.3 83 80.7 77.3 75.1 73.7 74 74.7 75.6 74.3 73.1 72.1 67.6 63.4 58.8 56.6
136 133.7 131.5 129.1 127.1 126.1 125.9 124.2 124.8 123.5 124.2 124.5 123.4 122.1 121.2 120.5 120.7 121 121.7 122.5 122.7 121.9 120.7 119.5 119.7 120.1 122.8 121.3 120 119.8 118.9 119 119.5 120.2 120.3 119.2 117.8 116.8 116.3 115.6 115.3 116 118.6 119.6 118.6 117.7 117.8 116.9 115.1 113.7 114.2 114.2 111.6 108.2 103.9 101.5 98.9 98.3 96.4 95 95 92.7 89.7 86.9 85.1 83.8 82.7 80.4 77 74.8 74 74.6 74.6 73.9 73 71.8 70.8 66.5 62.1 56.9 54.6
132 130.9 128.8 127.3 125.7 124.6 124.4 123.6 123.2 123.3 122.7 122.9 121.8 121 120.2 119.5 119 119.4 120 120.6 120.8 120.5 119.3 117.7 118.1 118.5 120.8 121.5 119.6 118.4 118.4 116 116.5 116.3 116.4 114.8 115.6 117.1 116.4 116.4 115.6 113.3 115.6 116.9 116.1 116.4 116.2 116.2 114.8 115.7 116.9 116.1 113 109.4 106.3 103.1 100.5 98.9 97 95 94.3 93.3 91 88.5 85.6 82.7 81.7 79.2 75.9 74 72.8 73.6 74.2 73.8 72.9 71.4 70.1 65.9 60.1 57 53.8
130.5 128.4 126.9 125.6 124.5 123.7 123 122.6 122.2 121.8 121.3 120.8 120.1 119.5 119.1 118.4 117.7 117.9 118.6 118.9 118.9 119.2 117.4 116.2 116.1 118.2 120.3 120.2 118.6 117.9 117.3 114.3 113 113 114 114.4 115.1 115.9 117.5 117.2 116.7 114.5 112.2 113.8 112.2 114.1 114.2 114.6 115.7 116.7 117.9 116.7 113.8 110 106.8 103.8 101.2 99.3 97.3 95.4 93.2 92.2 91 89 86.3 82.3 80.2 77.7 74.8 73.4 72 72.7 73.7 73.3 72.8 70.9 68.6 65.5 61.8 59.9 56.9
129.3 127.4 126.3 124.9 123.9 123.1 122.4 122 121.4 120.9 120.2 119 118.6 118.2 117.5 116.7 116.3 117.2 117.9 118.2 118.2 117.8 116.3 115.2 115.3 118.3 121.2 121.2 120.4 119 118.7 116 114.3 114.2 111.6 111.5 111.1 112.4 114.3 116.8 116.4 116.5 114.7 111.8 111.2 111.9 112.7 114.5 115.8 116.8 117.9 120.6 114.6 111 107.4 103.8 100.8 98.6 96.1 93.5 91.6 90.4 89.4 88.9 88.4 84.8 79.2 77.2 74.4 73.2 71.7 71.7 73.1 72.5 71.2 69 67.2 64.6 62.6 60.8 58.9
128.2 126.7 125.7 124.5 123.6 122.6 121.8 121.2 120.4 119.3 119.7 117.7 117.3 116.7 116 115.1 115.4 116.4 117.1 117.4 117.5 116.4 115 114.2 116 118.6 120.2 120.5 121.3 121.3 120.8 120.3 119.1 119.1 115.1 111.7 107.8 107.1 109.8 114.2 115.8 116.1 115.7 113.6 110.9 109.9 112 115.3 116.6 117.1 117.8 117 114.9 112.1 108.3 104.5 100.7 96.8 94.1 91.8 90 88.8 88.1 87.2 85.5 84.8 80.1 76.1 74 72.5 70.9 70.2 72.2 71.2 71 68.8 66.5 65.9 63.7 62 60.9
127.5 126.5 125.9 124.4 123.2 122 120.3 119.9 118.7 117.5 116.7 118.5 115.9 115 114.4 114.7 115.4 115.8 116.3 116.6 116.8 115 113.1 115.4 116.8 118.7 119.1 120.6 121.7 123.4 122.9 122 119.9 120 117.6 114.2 110.4 106.6 106 112 115.4 114.7 113.9 112.2 110 108.9 112.8 116.1 117.5 117.1 116.7 116 114.9 111.3 107.9 104.4 100.9 97 93.1 88.4 87.6 86.8 85.3 83.3 82 81.2 79.4 76.4 73.6 71.7 70.1 69 71.5 71.3 70.6 69.5 67.7 66.7 69.9 63.3 61.8
129.2 128.5 126.4 124.8 123.4 122.5 120 119.1 117.9 116.3 115.8 115.6 114.4 114.2 113.8 113.6 114.4 115.1 115.1 115.4 115.4 112.2 113.6 115.9 117.2 118.8 120.4 121.7 122.4 123.2 122.9 121.6 120.9 120.7 118.7 117.1 114.1 109.2 104 108.6 112.1 111.9 110.2 109.2 106.7 111.1 115 117.5 117.6 116.7 115.1 114.3 113.1 110.4 106.9 103 99.4 96.2 92.9 90.2 87.3 83.9 82.4 80.6 79.4 79.2 77.4 75.2 73.2 71.2 69.2 68.2 71 71.6 70.6 69.8 68.9 67.5 65.7 63.9 62.3
129.8 129.7 127.4 125.7 123.6 121.7 120.6 117.9 117 115.4 115.2 114.8 116.5 115.3 114.6 113.7 113.1 113.7 113.9 114 112.4 111.5 114.6 116.4 118.1 119.7 121.6 122.3 122.7 122.4 121.8 121.9 121.5 120.9 119.4 118.3 117.6 113.7 105.6 105.5 107.7 107.2 106 107.3 111.3 114.3 117.1 118.1 117.3 115.4 113.5 112.8 110.7 107 104.4 101.2 97.9 95.3 92.5 88.8 86.7 83.2 79.5 78 76.6 75.9 75.2 72.5 71.6 69.8 68.3 66.5 68.4 69.4 69.9 69.7 68.3 67.3 65 63.1 61.9
130.2 134 133.8 128.6 124.4 122.4 121 118.7 115.5 114.9 114.7 114.8 115.9 115.7 115.5 114.4 112.6 112.3 112.5 111 110 111.9 114.7 116.1 118.1 120.1 121.9 122 121.8 121.5 121.4 122.2 122.1 120.8 119.2 117.4 116.6 116.6 111 102.6 105.2 102.1 106.4 109.9 114 117.5 119.5 117.7 115.8 114.2 112.4 110.6 108.6 105.4 103 100 97.8 95.6 91.8 88.1 85.1 81.7 79 76.8 74.4 73.3 71.7 69.3 68.3 67.5 66.5 66.1 67.3 67.6 67.8 67.7 66.6 65.6 63.8 62.7 61.5
133.9 138.6 138.6 130.3 125.4 123.6 121 118.1 115 113.6 115.1 116.8 115.7 114.7 114.7 114.3 112.4 110.7 110.9 110.7 109.3 112.1 114.1 114.6 116.8 118.9 120.4 121.3 120.3 119.8 121.8 122.1 120.8 119 117.4 116.4 115.2 114.6 113.6 107.8 100.2 107.3 110.2 113.2 117.1 118.8 118.3 116.7 115.5 114.1 111.6 109.1 107.1 104.8 102.9 100.7 98.2 94.9 91.1 87.4 83.8 81.3 78.5 77.4 76.8 75.4 71.6 69.9 68.3 65.7 64.5 65.8 67.4 67 66.5 65 64.1 63.8 63 61.7 60.4
138.8 137.8 135.8 128.2 125.1 123 120.6 117.6 114.3 113.4 114.6 115.8 115.3 114.4 114.2 112.8 111.3 109.8 109.3 109.3 109 110.8 112.8 113.2 115.6 117.1 117.5 118.6 118.3 118.8 120.8 120.5 119.1 117.1 115.6 114.6 113.6 114.3 113.7 110.1 105 102.1 108.6 110.7 114.1 117.6 118.7 117.8 116.2 113.7 110.8 108.2 105.9 103.7 101.5 99.6 97.7 94.1 90.3 86.7 82.6 80.7 79 78.2 78.1 76.7 73.6 67.7 67 65.6 63.8 62.8 64.7 63.6 63.8 61.9 61.7 61.7 61.5 60.5 59.2
139.1 136.3 135.4 130.3 125.4 122 120.1 117.1 114.1 112.4 112.7 114.5 113.6 112.3 112.7 112 110.9 110.2 108.5 108.5 108.5 108.7 110.6 112.5 115 115.7 116 116.2 116.5 117.2 117.8 118.7 117.5 115.9 114.5 112.2 111.6 112.2 109.5 105.9 104.4 98.3 104.2 107 110.7 114.8 118.4 118.5 116.5 113.3 110.7 107.5 105 102.4 99.2 97.4 95.4 92.4 89.3 85.5 82.2 81.3 80 79 78.2 73.4 70.6 71.8 71.2 71 64.8 63.1 61.9 59.2 60.1 60.5 58.9 58.8 58.4 58.5 57.9
132.4 133.4 134 134.6 127 121.3 118 116.8 114.5 112.1 110.6 112.1 113.7 111 111.7 112.3 111.8 110.7 108.8 108.5 106.8 107.4 109.3 111.9 113.9 114.4 114.5 114.5 115 115.5 116.1 116.8 117.1 115.9 114.1 110.4 106.3 105.4 103.2 103.3 102.1 95.8 105.4 110.5 110.7 112.5 115.6 117.8 117.2 112.6 109.5 107.1 104.8 102.3 100 97.8 93.8 90.5 87.5 84.8 83.1 81.8 81.1 80.2 77.1 72.4 73.3 74.8 73.4 72.3 70.7 64.9 54.1 52.1 58.2 60.1 58.5 55.9 55.5 55 56.2
127.8 130.1 132.1 132.2 126.8 120.6 117.3 115.3 113.1 111.2 109.8 108.5 109.8 108.5 110.5 111.3 112.7 111.6 107.7 106.1 104.7 107 109.6 112.3 112.9 112.8 112.7 112.7 113.6 113.9 113 112.8 113.2 111.8 110.2 108.9 104.7 101.5 98.4 98.8 97.5 98.1 112.5 113.8 113.4 112.4 114.8 117.1 116.6 111.8 109.1 106.7 104 101 99 96.4 93.6 90.4 87 85.7 83.7 82.4 81.2 80.9 76.7 74.6 75.7 75.5 74.6 73.5 71.7 69.5 53.7 55.3 60.5 57.4 57.3 55 52 50.1 49.5
125.3 127.4 129.3 128.9 122.8 120.2 117.7 113.4 111.6 110.7 109.2 107.7 107.4 107 107.5 110.2 111.9 110.4 105.9 104.6 102.6 106.6 111.4 111.6 111.4 111.2 111 111.2 111.9 110.8 109.9 109.1 108 107.1 106.5 106.4 106.9 105 100.5 97.3 93.4 99.5 109 112.1 113.8 114.3 114 115 112.9 111 108.7 106.1 102.9 99.8 97.8 94.5 92.9 90.1 86.2 85.5 84.3 82.3 79.4 77.3 75 74.8 75.9 76.4 75.4 74.2 72.6 70.3 68 65.9 64 61.6 55.9 53.6 52.5 50.7 51.2
122.9 126.5 128.8 128.1 122 118.6 117.6 113.4 110.7 109.8 109 108.2 106.9 106.5 106.4 108.9 108.3 106.7 105.6 104.5 104.9 105.3 109 109.3 109.4 109.4 109.6 109.5 109.1 107.9 107.1 106.6 106.8 107 108.1 107.9 108.6 107.3 102 96.3 91.3 99.2 105.5 109.7 111.8 113.6 112.9 110.7 108.7 107.5 106.7 104.4 101.1 99.4 97.3 95.2 93.2 88.4 84.4 83.9 83 81.4 79.4 76.9 74.2 74.1 76.2 76.6 75.6 74.3 72.6 70.8 68.1 65.4 64.9 63.4 60.3 56.5 55.6 55.5 55.3
120.2 124.4 125.5 124.4 121.5 115.2 115.5 111.4 109.8 109 108.3 107.8 106 106.1 106 106.7 106.4 105.5 104.5 103.2 103.4 104.1 105.9 106.8 107.3 107.3 108.4 108.2 107.9 107.8 107.3 107.3 107.5 107.9 107.1 106.8 105.8 104.8 99.4 94.3 90.5 97 101.8 105.5 108 109.4 108.5 105.8 103.9 104.5 104.1 102.6 100.6 99 97.7 95.5 92.2 87.2 83.8 83.4 83 81.8 79.6 77.4 74.1 73.6 76.1 76 74.9 73.7 72 69.9 67.2 65.2 64.6 63.4 61 58.6 57.3 56.4 55.9
119 122.1 121.1 120.5 117.5 115.9 110.8 110.7 109.8 108.6 107.8 106.5 104.8 105.6 105.5 105.5 105.5 104.4 103.3 101.6 100.6 102.3 102.8 103.6 104.5 105.6 107.2 106.8 106 107.3 108.4 108.3 108.2 107.3 106.5 106 105.7 103.9 99 92.6 88.7 93.3 98.5 101.1 104.7 105.3 104.1 101.8 100.1 99.9 100.3 101 100 98.5 97.8 97 93 86.6 83.1 83.5 83.6 82.3 80.1 77.9 73.5 72.6 76.1 75.5 74.3 73.1 71.4 69 66.3 64.9 64.1 62.8 62 60.4 59.1 58 56.2
118.9 120.8 119.6 117 115.3 112.2 111.1 109.4 108 106.8 106.4 105.9 104.1 103.6 103.6 104.2 104.7 104.4 104.8 101.1 98.7 100.9 101 101.4 102.8 104.8 108.3 105.6 104 105.9 107.9 108.1 108.2 106.4 106 105.5 105.4 104.3 100.6 94 88.2 89.5 94.2 97.2 101.8 103 101.5 100.2 98.5 97.5 96.3 95.8 95.2 95.4 95.7 95.5 94.8 87.8 83.7 85.5 84.3 81.5 78.6 77.2 74.5 71.7 73.4 73.6 71.8 70.7 69.6 67.6 65.6 64.6 63.5 62.8 62 60.9 59.5 57.9 56.3
115.6 117.2 116.8 113.2 113.1 112.3 111.5 108.9 106 104.9 105.2 105 103.6 100.6 103.8 105.9 103 103.2 103.5 100.8 97.6 99.3 99.6 100 101.5 103.9 107 104.3 104.9 106.5 107.1 107.2 107.4 105.8 105.3 105 104.7 102.8 99.8 95.5 89.1 85.9 90.2 96.1 99 100 99.5 98.1 96.9 96 95 94 93.1 93.6 92 91.8 92.5 87.4 86.2 86.2 84.2 81.3 78.2 76.7 73.3 69.9 70 71.3 70.7 68.9 67.7 66.3 64.7 64.6 63.4 62.8 62.2 61 59.4 57.8 56.2
113.6 113.6 114 113.3 114.2 113.7 111.4 109.3 107.1 106.2 104.4 103 102 100 103.4 105.1 102.6 101.1 100.8 99 95.1 98.2 98.3 98.5 100.1 101.7 103.1 101.2 103 105.2 105.6 106.2 106.5 105.7 104.7 103.5 102.6 102.3 99.9 96.3 92 86.9 86.9 93.9 95.8 97.4 97.9 97 95.4 95.6 96.4 95 93.7 95.1 92.7 91.3 91.2 87.7 86.4 85.9 83.5 81.9 79.6 79.2 74.9 69.9 68.8 69.8 69.5 67.6 66 65.2 63.8 63.5 63.1 62.4 61.3 60.6 59.3 57.6 55.7
