data/440000-1120000.asc
ncols 200
nrows 200
xllcorner 440000
yllcorner 1120000
cellsize 50
[rows 114 to 151 of 200, columns 0 to 84 of 200]
104.5 98.1 90.6 82.8 68.7 51.8 38.7 29.2 39.2 49 56.4 66.2 76.5 84.4 90.9 97.8 102.8 105.5 107.7 109.5 109.8 110.4 111.2 108.6 104.8 98.7 87.6 75.9 65 54.2 42.7 32.7 23.5 18.4 14.2 12.9 11 12.1 11 13.4 15.7 17.2 18.3 19.5 20.7 21.5 22.7 24 25.2 26.5 28 29.1 30.3 31.5 31.6 31.3 29 27.5 25.9 23.5 21.5 20.8 20.5 20.4 19.5 17.7 16 13.6 11.5 9.8 10.3 12.5 14.8 16.7 18 21.5 23.1 20.9 13.7 -0.3 -0.3 -0.3 -0.3 -0.3 -0.3
111 103.7 96.3 89.7 72.8 56 39.3 28 36.2 48.7 56.1 66 76.1 83.6 90.6 96.8 101.7 104.3 106.5 107.3 107.9 108.5 109.4 107.9 104.4 98.2 87.7 76.6 66 55.5 45 33.5 24 17.7 13 10.7 9 10.7 12.7 14.6 16.7 18.6 20.4 22 22.6 24 25.2 26.4 27.7 29.1 30.3 31.5 32.8 33.9 34.3 34.1 29.8 26.9 25.1 22.7 20.3 18.5 16.2 15.9 15.8 14.3 12.5 11.4 9.9 9.8 10.3 12.9 15.6 17 17.5 20.8 22.2 20.9 13.9 -0.3 -0.3 -0.3 -0.3 -0.3 -0.3
116.9 110.9 102.9 93 74 55 37.9 27.8 35.6 47.5 55.7 65.5 75.1 82.3 90.2 95.6 100.9 102.6 104.4 105.1 105.8 106.7 107.4 106 101.9 96.7 86.3 76.1 63.3 53.9 44.2 32.5 24.2 16.8 12.4 8.6 9.2 10.7 12.8 15 17.4 19.8 21.9 23.3 24.5 26.2 27.7 29 30.6 32.2 33.7 34.5 35.8 36.4 36 33.6 30.4 26.2 23.6 21.4 19.4 16.5 13.8 12.6 12.6 12.1 11.6 10.4 9.8 9.9 10.4 11.9 13.7 15.6 17.1 20 20.8 21.7 14.8 -0.3 -0.3 -0.3 -0.3 -0.3 -0.3
121.6 116.6 107.8 93.8 76.7 57.8 38.6 27.8 34.8 45.9 55.5 64.8 73.8 81 89.4 95.2 99.4 100.9 102 102.6 103.3 104.5 105.8 103.4 98.3 93.2 84.3 73.4 61.1 52.2 40.9 31.8 23.8 17.2 12.1 6.8 9.1 11.1 12.9 15.8 18.9 21.4 22.9 23.9 25.3 27.4 29.7 31.9 33.6 35.9 37.3 38.4 38.6 39.1 37.6 34.2 30.7 27.1 23.7 21.5 19.5 16.7 13.3 9.8 9.6 9.4 9.6 9.6 8.7 9.2 10.4 11.8 13.2 14.5 17 19.5 21 22.4 16.7 9.6 -0.3 -0.3 -0.3 -0.3 -0.3
124.8 121.3 109.3 94.9 77.8 57.6 40.2 27.3 34.3 45.1 54.2 64.1 72.6 78.9 85.6 92 96.4 98.3 99.4 100.2 100.9 102.1 102.6 100.8 94.5 89.4 81.6 70.5 59 49.7 37 29.4 21.7 16.2 10.1 5.8 8.6 10.7 13.5 17 20 21.7 23.3 25 26.9 29.8 33 34.8 36.2 39.9 41.5 42.4 42 40.1 39.1 36.3 31.9 28.8 24 20.9 19.2 17.4 12.9 9.1 8.9 8.6 8.7 8.8 8.7 9.1 10.1 11.7 13.9 14.9 17.2 19.6 21 21.8 20.4 14 5.6 -0.3 -0.3 -0.3 -0.3
128.4 123.2 111.3 95.6 76.5 57.3 37.8 25 31.7 43.2 52.4 61.9 69.5 76.4 83.2 89.8 93.5 94.9 96 97 98.1 98.5 99 96.8 92.8 86.1 77.9 67.9 56.4 45.8 33.6 26.5 19.1 14.3 9.2 5.8 8.6 11.1 13.7 16.7 19.9 21.3 23.3 27.6 30 32.7 35 36.4 37.9 41.8 44.8 46.5 45.2 42.9 41.3 39.5 35.2 30.3 23.4 18.9 18.2 16.3 12.3 9 8.9 8.1 7.9 8 8.1 8.7 9.6 11 13.1 15 17.1 19.3 20 20.6 22.4 20.3 9.1 -0.3 -0.3 -0.3 -0.3
130 122.7 110.9 93.7 74.3 55.3 38.3 25.1 29.8 40.9 50.2 59 66.6 74.1 80.3 87.2 90 91.3 92.6 93.7 94.8 95.7 95.4 93 89.8 81.9 73.4 62.8 53.4 41.4 28.9 22.2 17.2 13.1 8.8 4.8 8.8 11.6 14.5 17.9 20.4 22.3 24.7 28.4 30.1 32.7 34.8 36.6 39.1 43.8 50.3 51.5 49.9 46 43.6 39.9 35.3 30.2 23.5 18 15.5 14.1 10.4 8.9 8.8 8.6 7.2 7.2 7.6 8.2 9.4 10.7 12.3 14.1 16.4 18 19.4 21.7 23.9 25.1 17.9 9.7 -0.3 -0.3 -0.3
129.9 123.1 110.7 93.8 74.3 52.9 38 25.7 26.9 38.2 48.1 56.4 64 71.6 78.5 83.3 86.4 88 89.7 90.8 93.4 94.5 92.7 88.9 84.1 76.4 67.2 57.7 47.5 35 24.1 18.4 15.1 11 6.7 4.4 8.2 11.9 15.6 19 20.3 21.9 23.3 26.8 29.2 31.2 33.7 36.2 38.7 42.3 44.6 46.9 47.9 46.5 43.4 39.9 35.9 30.7 24.3 18.1 14.7 12.6 10.5 8.1 8.4 8.5 7.8 6.4 7 8 9.7 11.6 12.7 14.7 17.5 19 20.6 22.8 25.3 27.8 25.2 19.3 -0.3 -0.3 -0.3
130.3 121.8 110.8 93.9 74.3 54.8 38.2 24.2 25.9 34.5 45.4 53.6 61.2 68.7 75.1 80.3 84 86.4 88.4 91.2 93.3 93.2 91.5 86.6 79.7 71 61.5 51.6 41.1 29 19.6 15.4 12.3 8.3 4.9 3.3 8.6 12.3 16.2 19.6 21 21.8 23.5 25.6 28.3 31.2 34.4 35.7 38.1 40.1 42.2 43.8 44.6 45.3 46.5 44 39.8 31.9 25.1 19.1 15.3 13 10.5 8.1 7.9 9.1 8.2 6.8 6.5 7.8 9.5 11.3 13.8 16.2 19 21.1 22 24.8 27.6 30.4 31.6 27.4 -0.3 -0.3 -0.3
129.1 120 110.7 94.4 74.1 55.6 40.9 29.6 22.8 30.9 41.2 50.2 57.9 65.2 70.8 76.3 81.3 84.2 87.6 90.6 92.3 92.5 90.7 84.8 77.3 67.6 57 46.7 35.5 23.8 16.9 12.5 9.6 7.6 3.1 2.1 8.8 13 16.7 19.7 21.3 22.2 23.7 27.3 29.1 31 33.3 34.9 37 38.9 41 42.5 44 46.2 47.7 46.9 41.5 36.1 27.9 20.5 16.7 13.4 11.2 8.9 8.8 9.4 8.4 6.5 6.3 8 9.6 12.2 15.1 19.5 23 24.1 24.3 26.9 30.1 33.2 34.4 33.7 27.2 -0.3 -0.3
129 122 113 97.7 78.7 59.6 43.8 32.6 18.3 27.3 36.5 47.1 54.8 61.2 67.3 72.8 77.8 82.2 86.4 89.8 91.2 91 89.8 84 76.2 65.2 55.3 42.6 29.4 20 12.9 9.5 7.1 -0.3 -0.3 1 8.1 13.2 16.9 19.5 20.9 22.9 24.4 27.6 29.2 30.5 31.5 34.1 35.7 37.2 41 43.8 47.3 50.8 53.5 51.7 46.2 40.6 32.1 23 17.6 14.5 12.1 9.7 9.4 8.8 8.1 7 5 7.5 11 13.7 17.7 22.7 28.4 28.8 29.1 28.9 32.3 35.2 37.5 38.2 35.1 -0.3 -0.3
128.9 123.2 115.2 101.5 81.2 64.1 47.1 36 24.7 23.2 32.5 41.5 50.3 57.7 63.6 69.8 75.4 80.3 84.8 88.8 90.6 91.1 90 84 75.5 64.2 51.9 37.8 25.8 16.7 9.8 -0.3 -0.3 -0.3 -0.3 -0.3 8.4 13.8 17.6 19.4 21.1 24.3 26 28.6 30.1 31.5 32.9 34 37.1 40.4 43.4 47.1 51.5 55.4 56.8 55.4 48.2 42.3 34 24.2 18.8 14.8 11.6 9.4 7.6 7.1 8.2 8 5.6 7.1 11.2 15.3 19 26.6 31.4 33.3 34.6 33.4 34.8 37.5 39.9 41.9 42.7 35.2 23.7
130.3 124.7 116.5 103.2 86.1 68.3 52.3 39.8 28.5 19.7 27.1 36.1 45 53.1 60.1 67.3 72.7 78.1 82.7 86.8 90.4 91.5 90.8 84.5 75.3 62.3 49.1 34.6 23.9 15.1 9.2 -0.3 -0.3 -0.3 -0.3 -0.3 -0.3 13.3 17.3 20.2 21.8 24.1 27.3 28.5 30.4 31.6 34 33.7 38.2 43.1 49 51.9 54.5 58.5 60.5 59.4 52 44.5 36.8 28.9 21.7 16.1 12 7.9 4.8 1.9 0.7 0.7 3.1 6.8 10.3 14.5 20.2 27.7 33.8 38.7 39.1 37.4 38.5 39.9 42.2 45.8 46.7 42.5 30.8
131.3 125.5 116.9 105.3 90.6 70.7 57 43.2 31.7 14.6 21.2 29.9 40.5 48.8 57 64.2 69.9 75.3 80.5 84.7 89.7 91.3 91 84.9 75.6 63 50.5 33.6 22.8 13.9 -0.3 -0.3 -0.3 -0.3 -0.3 -0.3 -0.3 11.9 16.6 20.6 22.6 24.5 28.2 29.6 30.9 30.5 31.6 34.2 37.1 43.1 50.8 53.1 57.1 59.4 61.4 59 52 45.5 38.2 31.4 24.2 17.2 10.4 3.7 -0.3 -0.3 -0.3 -0.3 -0.3 5.3 8.1 8.9 20 28.6 36 41.2 42.3 43 42.2 42.8 44.1 47.9 50.3 49.5 38.9
130.6 126.3 120.4 111.1 96.2 76.4 60.2 45.8 34 21.2 16.2 25.5 35.4 45.4 53.1 60.4 67.1 72.5 77.9 82.6 88.7 90.9 90.9 86.2 74.8 59 43.6 32 22.7 14.4 -0.3 -0.3 -0.3 -0.3 -0.3 -0.3 -0.3 11.5 16.6 20.2 20.9 23.7 28.4 30.9 30.5 30.4 29.3 31.6 34.7 40.3 46.1 51.1 55.3 58.9 59.6 58.7 51.5 46.7 40.8 34.4 26.2 14.8 7.1 -0.3 -0.3 -0.3 -0.3 -0.3 -0.3 -0.3 -0.3 -0.3 19.4 29.2 36.3 42.2 44.9 46 45.7 46.2 48.7 52.9 57.2 58 53.9
128.2 125.9 121.5 113.5 101.6 84.6 63.5 49.6 37.1 24.7 13.1 22 31.3 39.4 49.1 56.8 63.7 70.2 75.6 80.1 85.6 89.2 90.3 85.9 74.8 61.2 44.2 33.1 24.2 15.6 -0.3 -0.3 -0.3 -0.3 -0.3 -0.3 -0.3 10.7 16.2 18.3 19.3 22.9 28.9 30.7 30.2 27.7 25.4 28.3 31.4 36.1 41.7 49 53 56.8 58.1 55.2 54.4 51.1 45.6 37 26 15.3 -0.3 -0.3 -0.3 -0.3 -0.3 -0.3 -0.3 -0.3 -0.3 -0.3 14.7 27.1 34.4 41.1 46.3 48 48.3 50.6 55.9 61.1 66.3 66.4 60.9
125.1 123.5 119.7 113.2 102.1 87.4 64.1 49.2 39.3 27.8 14.7 19.3 26.8 32.5 41.7 49.9 59.3 65.8 72.3 76.1 81.9 86.6 88.4 86.1 75.8 62.2 43.6 34.9 25.7 16.9 -0.3 -0.3 -0.3 -0.3 -0.3 -0.3 -0.3 8 12.2 15 13.8 18.8 23.8 27 26.9 23.5 21.3 22.4 27.5 32.5 37 43.4 49.3 54.8 56.2 54.8 54.4 52 49.5 38.6 24.4 12.7 -0.3 -0.3 -0.3 -0.3 -0.3 -0.3 -0.3 -0.3 -0.3 -0.3 -0.3 24 31.5 39 44 47.7 48.9 51.7 58.4 67.2 70.4 70.8 63.2
120.9 119.9 116.6 109.9 98.8 85.2 61 48.4 36.8 27.8 16.9 16.6 21 26.2 33.9 42.2 51.3 60 66.2 72.3 78.4 83.1 86 84.1 78.3 64 49.8 38.4 27.2 17.7 -0.3 -0.3 -0.3 -0.3 -0.3 -0.3 -0.3 4.4 7.7 8.3 5.8 10.9 17 20.6 21.8 20.1 17.7 18.1 22.3 29.8 35.3 43.5 51.4 54.5 53.9 53 52.2 50.4 45.3 35.9 25.5 15.3 -0.3 -0.3 -0.3 -0.3 -0.3 -0.3 -0.3 -0.3 -0.3 -0.3 -0.3 19.6 26.8 34.5 40.2 44 46.6 52.3 59.3 65.2 69.4 70.1 62.7
115.6 115.4 111.8 104.8 92.1 75.8 52.8 43.6 33.7 22.3 9.3 10.8 14.6 19.5 27.2 35.3 43.3 52.7 58.2 64.5 73 80.7 83.2 81.9 75.6 65.6 53.1 38.4 26.1 16 -0.3 -0.3 -0.3 -0.3 -0.3 -0.3 -0.3 -0.3 -0.3 -0.3 -0.3 -0.3 8.5 13.1 15.7 13.8 13.1 13.3 18.6 26 33.5 43.8 51.9 52.3 51.5 50.5 52.2 50.3 48 35.4 23.2 12.8 -0.3 -0.3 -0.3 -0.3 -0.3 -0.3 -0.3 -0.3 -0.3 -0.3 -0.3 8.5 22.3 30 36.1 40.7 45.9 51.2 56.8 61.2 63.6 65.1 59.6
109.3 108.7 104.5 96.4 82.6 65.3 47.2 33.5 25.4 17.3 2.9 8 10.1 13.4 20.1 28 35.8 45.5 52.7 60.5 68.5 77.6 80.8 80.6 73 63.1 52.4 35.9 27.4 18.4 -0.3 -0.3 -0.3 -0.3 -0.3 -0.3 -0.3 -0.3 -0.3 -0.3 -0.3 -0.3 -0.3 -0.3 -0.3 -0.3 -0.3 9.3 16 25.4 33.8 42.8 51 52.3 51.2 49.4 49.9 49.8 46.4 35.1 23.7 11.3 -0.3 -0.3 -0.3 -0.3 -0.3 -0.3 -0.3 -0.3 -0.3 -0.3 -0.3 -0.3 16.8 24.1 30.9 35.1 38.7 45.2 52.4 56.2 58.5 59.8 57.1
101.8 100 95 84.6 69.3 51.5 40.2 28.8 19.4 11.5 3.2 4.4 5.3 8.6 15.7 21 28.7 38.4 50.4 58.2 65.7 73.2 79.2 80.5 71.3 59.4 46.1 32.5 24.9 17.3 -0.3 -0.3 -0.3 -0.3 -0.3 -0.3 -0.3 -0.3 -0.3 -0.3 -0.3 -0.3 -0.3 -0.3 -0.3 -0.3 -0.3 -0.3 16.3 25.5 34.4 44.1 50.6 51.9 50.9 47.3 48.2 47.5 45.6 34.1 20.3 9.7 -0.3 -0.3 -0.3 -0.3 -0.3 -0.3 -0.3 -0.3 -0.3 -0.3 -0.3 -0.3 12.9 18.8 24.9 28.8 32.6 38.8 45.9 50.7 53.5 57.8 54.3
91.6 87.1 83.1 68.3 52.5 42.8 32.3 21.7 12.6 9.1 3.1 -0.3 -0.3 -0.3 9.2 16.3 23.7 33.8 46.5 57 66.7 77.2 80.1 74.9 68 56.1 41.3 29.4 21.1 12.2 9.5 -0.3 -0.3 -0.3 -0.3 -0.3 -0.3 -0.3 -0.3 -0.3 -0.3 -0.3 -0.3 -0.3 -0.3 -0.3 -0.3 -0.3 14.5 21.9 33.6 41.7 49.5 49.8 48.2 47.6 49.8 47.8 44.2 37.4 23.3 -0.3 -0.3 -0.3 -0.3 -0.3 -0.3 -0.3 -0.3 -0.3 -0.3 -0.3 -0.3 -0.3 11.1 17.1 21.5 24.5 28.1 32.7 39.1 45.1 49 51.5 49.1
69.9 68.1 63.7 50.8 43.7 35.2 24.6 13.4 7.4 -0.3 -0.3 -0.3 -0.3 -0.3 -0.3 -0.3 18 29.3 45.8 57.2 65 72.1 77 71.7 59.3 52 37.1 26.3 -0.3 -0.3 -0.3 -0.3 -0.3 -0.3 -0.3 -0.3 -0.3 -0.3 -0.3 -0.3 -0.3 -0.3 -0.3 -0.3 -0.3 -0.3 -0.3 -0.3 12.3 18.3 30.7 38.1 44 47.6 45.9 42.4 44 44.7 38.9 29.9 19.3 -0.3 -0.3 -0.3 -0.3 -0.3 -0.3 -0.3 -0.3 -0.3 -0.3 -0.3 -0.3 -0.3 11.6 16.5 20.2 23.6 27.6 31.7 35.7 39.8 42.6 44.4 43.2
47 49.4 45.5 40.2 33.9 26.6 15.8 7.9 4 -0.3 -0.3 -0.3 -0.3 -0.3 -0.3 -0.3 -0.3 22.8 36.7 45.9 55.8 60.4 67.3 64 58.8 45.7 36.8 11.6 -0.3 -0.3 -0.3 -0.3 -0.3 -0.3 -0.3 -0.3 -0.3 -0.3 -0.3 -0.3 -0.3 -0.3 -0.3 -0.3 -0.3 -0.3 -0.3 -0.3 11.6 16.7 24.3 30.7 36.1 39.4 41.4 41 40.9 40.9 35.5 27.9 16.6 -0.3 -0.3 -0.3 -0.3 -0.3 -0.3 -0.3 -0.3 -0.3 -0.3 -0.3 -0.3 -0.3 -0.3 15.8 19.8 24 28.3 30.7 34.8 38.8 40.5 39.9 36.5
54.9 40.8 30.7 27 22.6 16.7 9.6 5.9 -0.3 -0.3 -0.3 -0.3 -0.3 -0.3 -0.3 -0.3 -0.3 -0.3 -0.3 -0.3 -0.3 45.8 52.1 53.1 47.1 37.3 28.7 21.7 -0.3 -0.3 -0.3 -0.3 -0.3 -0.3 -0.3 -0.3 -0.3 -0.3 -0.3 -0.3 -0.3 -0.3 -0.3 -0.3 -0.3 -0.3 -0.3 -0.3 9.3 14.8 20.6 26.2 31.1 35.5 40.1 40.2 39.5 39 31.2 22.3 -0.3 -0.3 -0.3 -0.3 -0.3 -0.3 -0.3 -0.3 -0.3 -0.3 -0.3 -0.3 -0.3 -0.3 -0.3 14.2 20.4 25.7 28.1 31 34.5 38.1 38.5 36.8 31.8
61.2 45 30.4 17.7 15.6 10.6 5.8 4.9 -0.3 -0.3 -0.3 -0.3 -0.3 -0.3 -0.3 -0.3 -0.3 -0.3 -0.3 -0.3 -0.3 -0.3 27.5 30.2 32.2 27.2 22.2 -0.3 -0.3 -0.3 -0.3 -0.3 -0.3 -0.3 -0.3 -0.3 -0.3 -0.3 -0.3 -0.3 -0.3 -0.3 -0.3 -0.3 -0.3 -0.3 -0.3 -0.3 9.3 9.6 18.8 24.8 28.7 34.2 40.6 40.6 39.5 36 27.9 17.4 -0.3 -0.3 -0.3 -0.3 -0.3 -0.3 -0.3 -0.3 -0.3 -0.3 -0.3 -0.3 -0.3 -0.3 -0.3 -0.3 19.4 25.6 28.8 31.3 34.6 37.3 39.2 39.9 31.6
62.1 50.3 36.5 23.5 13.4 7.4 3.9 3 -0.3 -0.3 -0.3 -0.3 -0.3 -0.3 -0.3 -0.3 -0.3 -0.3 -0.3 -0.3 -0.3 -0.3 -0.3 13.3 16.9 16.3 12.9 -0.3 -0.3 -0.3 -0.3 -0.3 -0.3 -0.3 -0.3 -0.3 -0.3 -0.3 -0.3 -0.3 -0.3 -0.3 -0.3 -0.3 -0.3 -0.3 -0.3 -0.3 8.9 10.2 17.6 23.9 28.9 35 39.8 40.8 42.3 39.6 31.4 18.7 -0.3 -0.3 -0.3 -0.3 -0.3 -0.3 -0.3 -0.3 -0.3 -0.3 -0.3 -0.3 -0.3 -0.3 -0.3 -0.3 -0.3 24.8 28.6 32.5 34.3 37.3 41.9 44.8 40.4
63.4 52.6 40.6 27.5 18.7 10.1 8.7 7.1 -0.3 -0.3 -0.3 -0.3 -0.3 -0.3 -0.3 -0.3 -0.3 -0.3 -0.3 -0.3 -0.3 -0.3 -0.3 -0.3 7.2 6.2 5.6 0.7 -0.3 -0.3 -0.3 -0.3 -0.3 -0.3 -0.3 -0.3 -0.3 -0.3 -0.3 -0.3 -0.3 -0.3 -0.3 -0.3 -0.3 -0.3 -0.3 7.2 9.4 12.4 16.6 22.6 29.3 36.3 40.8 42.9 44.6 42.4 36 21.4 -0.3 -0.3 -0.3 -0.3 -0.3 -0.3 -0.3 -0.3 -0.3 -0.3 -0.3 -0.3 -0.3 -0.3 -0.3 -0.3 -0.3 24.2 28.1 31.6 33.3 35.1 42 47.4 44.2
65.7 52.9 41.6 30.1 18.1 12.2 13.8 10.9 8.6 -0.3 -0.3 -0.3 -0.3 -0.3 -0.3 -0.3 -0.3 -0.3 -0.3 -0.3 -0.3 -0.3 -0.3 -0.3 -0.3 0.1 0.6 -0.3 -0.3 -0.3 -0.3 -0.3 -0.3 -0.3 -0.3 -0.3 -0.3 -0.3 -0.3 -0.3 -0.3 -0.3 -0.3 -0.3 -0.3 -0.3 -0.3 -0.3 9 11.6 16.1 21.8 28.4 35.4 40.7 42.6 44.4 43.9 35.3 21.7 -0.3 -0.3 -0.3 -0.3 -0.3 -0.3 -0.3 -0.3 -0.3 -0.3 -0.3 -0.3 -0.3 -0.3 -0.3 -0.3 -0.3 24.3 26.5 30.2 32.1 33.1 38.1 43.9 48.2
63.6 51 37.8 26.1 16.2 17.3 19.4 17 16.3 16.2 12 -0.3 -0.3 -0.3 -0.3 -0.3 -0.3 -0.3 -0.3 -0.3 -0.3 -0.3 -0.3 -0.3 -0.3 -0.3 -0.3 -0.3 -0.3 -0.3 -0.3 -0.3 -0.3 -0.3 -0.3 -0.3 -0.3 -0.3 -0.3 -0.3 -0.3 -0.3 -0.3 -0.3 -0.3 -0.3 -0.3 -0.3 -0.3 8.8 14.5 20.6 26.9 33.1 38 41.2 44.1 42.6 34.9 22.4 -0.3 -0.3 -0.3 -0.3 -0.3 -0.3 -0.3 -0.3 -0.3 -0.3 -0.3 -0.3 -0.3 -0.3 -0.3 -0.3 -0.3 21.7 25.1 27 28.6 29.9 34.1 39.4 44.8
59.8 44.3 31.6 22.1 22.9 25.1 27.2 25.2 23.9 22.1 20.9 16.3 10.9 -0.3 -0.3 -0.3 -0.3 -0.3 -0.3 -0.3 -0.3 -0.3 -0.3 -0.3 -0.3 -0.3 -0.3 -0.3 -0.3 -0.3 -0.3 -0.3 -0.3 -0.3 -0.3 -0.3 -0.3 -0.3 -0.3 -0.3 -0.3 -0.3 -0.3 -0.3 -0.3 -0.3 -0.3 -0.3 -0.3 -0.3 12.6 18.7 25.6 29.8 33.8 38.6 42.5 41.4 34.9 24.3 -0.3 -0.3 -0.3 -0.3 -0.3 -0.3 -0.3 -0.3 -0.3 -0.3 -0.3 -0.3 -0.3 -0.3 -0.3 -0.3 -0.3 19.4 22.9 23.9 23.8 26.6 31.1 36.5 39.2
51.9 35 32.3 31.2 31.1 33.6 34.3 34.4 33.6 30.8 32 28.1 17.6 10 -0.3 -0.3 -0.3 -0.3 -0.3 -0.3 -0.3 -0.3 -0.3 -0.3 -0.3 -0.3 -0.3 -0.3 -0.3 -0.3 -0.3 -0.3 -0.3 -0.3 -0.3 -0.3 -0.3 -0.3 -0.3 -0.3 -0.3 -0.3 -0.3 -0.3 -0.3 -0.3 -0.3 -0.3 -0.3 -0.3 8 13.5 19 23.8 30.8 37.6 41 40.5 31.9 20.7 -0.3 -0.3 -0.3 -0.3 -0.3 -0.3 -0.3 -0.3 -0.3 -0.3 -0.3 -0.3 -0.3 -0.3 -0.3 -0.3 11.9 17.4 20.6 20.3 20.7 23.8 29.8 34.7 37.2
42.8 45.3 45.7 43.7 42.1 41.7 42.5 43.4 44.9 44.4 47.2 38.7 28.1 16.5 -0.3 -0.3 -0.3 -0.3 -0.3 -0.3 -0.3 -0.3 -0.3 -0.3 -0.3 -0.3 -0.3 -0.3 -0.3 -0.3 -0.3 -0.3 -0.3 -0.3 -0.3 -0.3 -0.3 -0.3 -0.3 -0.3 -0.3 -0.3 -0.3 -0.3 -0.3 -0.3 -0.3 -0.3 -0.3 -0.3 3.7 8 12.9 19.1 28 38.9 40.9 38.8 29.8 -0.3 -0.3 -0.3 -0.3 -0.3 -0.3 -0.3 -0.3 -0.3 -0.3 -0.3 -0.3 -0.3 -0.3 -0.3 -0.3 -0.3 13.9 16.1 17.4 18.4 18.1 20.6 24.5 29.3 33.7
53.1 55.1 55.4 54 54.3 54.2 54.5 55.6 56.9 58 58.6 52.6 42.1 29.1 -0.3 -0.3 -0.3 -0.3 -0.3 -0.3 -0.3 -0.3 -0.3 -0.3 -0.3 -0.3 -0.3 -0.3 -0.3 -0.3 -0.3 -0.3 -0.3 -0.3 -0.3 -0.3 -0.3 -0.3 -0.3 -0.3 -0.3 -0.3 -0.3 -0.3 -0.3 -0.3 -0.3 -0.3 -0.3 -0.3 -0.3 5.8 11.3 17.9 26.6 36.5 40 25.4 -0.3 -0.3 -0.3 -0.3 -0.3 -0.3 -0.3 -0.3 -0.3 -0.3 -0.3 -0.3 -0.3 -0.3 -0.3 -0.3 -0.3 -0.3 11.7 13.3 14.6 15.9 16.2 18 19.9 24.4 27.6
62.9 63.1 63.7 65.4 65.4 63.1 61.2 63.3 68.1 71.5 74.5 74.7 56.4 40.9 21.5 -0.3 -0.3 -0.3 -0.3 -0.3 -0.3 -0.3 -0.3 -0.3 -0.3 -0.3 -0.3 -0.3 -0.3 -0.3 -0.3 -0.3 -0.3 -0.3 -0.3 -0.3 -0.3 -0.3 -0.3 -0.3 -0.3 -0.3 -0.3 -0.3 -0.3 -0.3 -0.3 -0.3 -0.3 -0.3 -0.3 5.4 10.9 17.7 26.2 36.3 39.6 17.8 -0.3 -0.3 -0.3 -0.3 -0.3 -0.3 -0.3 -0.3 -0.3 -0.3 -0.3 -0.3 -0.3 -0.3 -0.3 -0.3 -0.3 -0.3 7.3 9.1 10.4 12.7 13.3 14.8 17.3 20.5 24.4
73.1 72.6 73 75.7 76 74.7 72.6 75.1 79.3 81.3 87.6 87.9 76.4 55.6 20 -0.3 -0.3 -0.3 -0.3 -0.3 -0.3 -0.3 -0.3 -0.3 -0.3 -0.3 -0.3 -0.3 -0.3 -0.3 -0.3 -0.3 -0.3 -0.3 -0.3 -0.3 -0.3 -0.3 -0.3 -0.3 -0.3 -0.3 -0.3 -0.3 -0.3 -0.3 -0.3 -0.3 -0.3 -0.3 3.7 7.3 10.2 18.6 26.4 32.4 36 23.7 -0.3 -0.3 -0.3 -0.3 -0.3 -0.3 -0.3 -0.3 -0.3 -0.3 -0.3 -0.3 -0.3 -0.3 -0.3 -0.3 -0.3 -0.3 -0.3 4.7 7.1 9 9.9 12.4 14.5 18.2 20.7
83.3 82.3 82.3 85.8 87.6 84.5 81.4 89.1 89.7 89.9 96.7 96.5 91.7 69.2 44.3 -0.3 -0.3 -0.3 -0.3 -0.3 -0.3 -0.3 -0.3 -0.3 -0.3 -0.3 -0.3 -0.3 -0.3 -0.3 -0.3 -0.3 -0.3 -0.3 -0.3 -0.3 -0.3 -0.3 -0.3 -0.3 -0.3 -0.3 -0.3 -0.3 -0.3 -0.3 -0.3 -0.3 -0.3 6.2 10.4 12.8 14.5 21 28.9 33.3 35.8 32.3 -0.3 -0.3 -0.3 -0.3 -0.3 -0.3 -0.3 -0.3 -0.3 -0.3 -0.3 -0.3 -0.3 -0.3 -0.3 -0.3 -0.3 -0.3 -0.3 -0.3 -0.3 6.4 7.9 11 13.1 16.8 19.9
92.9 92.7 92.4 95 97.3 96.4 93.4 97.2 98.5 101.3 106.5 107.8 103.7 79.5 55.1 31.1 -0.3 -0.3 -0.3 -0.3 -0.3 -0.3 -0.3 -0.3 -0.3 -0.3 -0.3 -0.3 -0.3 -0.3 -0.3 -0.3 -0.3 -0.3 -0.3 -0.3 -0.3 -0.3 -0.3 -0.3 -0.3 -0.3 -0.3 -0.3 -0.3 -0.3 -0.3 -0.3 -0.3 11.6 13.9 16.2 18.9 25.4 30.8 34.8 35.2 33.2 25.9 -0.3 -0.3 -0.3 -0.3 -0.3 -0.3 -0.3 -0.3 -0.3 -0.3 -0.3 -0.3 -0.3 -0.3 -0.3 -0.3 -0.3 -0.3 -0.3 -0.3 -0.3 -0.3 6.9 11.7 16.1 20.3
