data/440000-310000.asc
ncols 200
nrows 200
xllcorner 440000
yllcorner 310000
cellsize 50
[rows 140 to 174 of 200, columns 0 to 77 of 200]
138.7 139.8 140.4 142.3 142.5 142.3 140.4 137.9 135.3 136 139.5 142.1 142.6 142.8 142.1 141.3 140.3 139.6 135.4 132.4 129.5 129.5 130.7 135.9 137.6 138 139.4 141.8 145.2 147.2 148.2 148.7 149.3 149.8 149.9 150.9 151.5 151.4 151.4 151.8 151.9 152.1 152.3 152.4 152.8 153.3 153.5 152.7 151.5 152 152.2 152.9 153.3 150.3 147 142.8 141.9 142.9 144.2 144.7 144.9 145 145.1 146 147 148.1 149.3 148.1 145.3 142.4 141.1 144.6 146.9 148.6 149.8 150.6 151 150.8
140.4 141.5 142 142.4 142 140.3 138 134.8 134.1 137.1 140.3 141.7 142.3 142.5 140.3 138.2 137.4 135.4 132.6 129.7 129.2 129.4 133.6 138.1 141.2 142 142.4 144.3 146.6 148 148.5 149 149.6 150.2 150.6 151.1 151.1 151.1 151.2 151.3 151.4 151.5 151.5 151.2 150.9 151.2 150.9 150.9 150.3 151.4 152.4 153.5 154.6 151.9 148.4 144.5 142.8 142.9 144 144.2 144.3 144.3 144.2 145.1 146.3 147.5 148.9 147 143.5 140 139.9 143.4 146.3 147.7 148.4 148.4 147.9 147.9
141.6 141.5 141.8 141.4 140.2 138.4 135.7 133.4 134.6 138.1 139.9 140.7 141.3 141.4 139.4 137.3 134.4 131.9 130.8 129.2 128.8 129.7 133.4 138.2 141.6 144.2 145 146 147.6 148.3 148.8 149.3 149.8 150.2 150.6 151.1 150.8 150.5 150.6 150.4 150.5 150.5 150.2 149.8 149.5 149 149.1 149.3 149.2 150.1 151.1 152.1 154.2 152.4 150 146.5 143.9 143.1 143.8 143.5 142.8 142.6 143.3 143.8 146.1 147.3 148.7 146.4 142.9 139.1 139.5 142 143.6 144.8 145.3 145.7 145.6 145.5
141.2 141.1 140.9 140 138.3 136.4 133.5 133.3 135.1 139 140.6 141.2 141.3 141.4 140 138.3 134.7 130.9 128.4 128.1 129.3 131.4 134.2 138.1 141.6 144.2 145.8 147 148.1 148.6 149 149.5 149.9 150.3 150.7 150.8 150.5 150.2 150 149.3 149.6 149.3 148.8 148.3 147.7 146.8 146.8 147.1 147.9 148.8 149.8 150.1 152.5 152.7 151.7 148.4 145.4 143.4 142.8 142.1 141.4 140.6 141.2 142.4 145.8 147.7 148.3 145.5 141.6 138.6 138.7 139.4 140.2 141.5 142.5 143.2 143.3 143.1
139.5 139.5 138 137.2 135.3 131.7 130.1 132.3 135.6 142.9 140.8 141.7 141.5 140.9 138.8 135.9 133 129.2 126.7 125.8 129.6 134.2 137.4 138 141.7 144.4 146.4 147.9 148.3 148.8 149.2 149.5 149.9 150.2 150.5 150.9 150.6 150.2 149.7 148.1 148.2 147.8 147.3 146.5 145.5 144 143.8 144.6 145.8 146.9 148.1 147.4 150.2 151.1 151.4 149.5 146.6 143.1 140.7 140.6 138.4 138.2 138.6 140.9 144.6 146.5 147.8 143.2 139.3 137.5 138.7 139.3 139.5 139.5 140.8 141.5 141.6 142.9
138.8 137.7 136.2 133.7 129.1 127.2 127.3 130.8 133.8 139.5 141.7 140.9 140.1 138.2 136 133.4 129 127.2 126 128.4 131.8 134.9 139.1 140.8 143.3 144.9 146.7 148.2 148.6 148.9 149.2 149.4 149.6 149.9 150.1 150.5 150.5 150.4 149.6 147.9 146.4 145.9 145.3 144.3 142.9 141.2 140.7 141.4 142.4 143.5 143.9 145 147.6 148.7 148.8 147.9 146.6 143.2 139.1 139.4 136.3 136.4 137.4 138.4 140.6 147.5 139.2 138.7 138.7 137.5 138.8 139.4 139.3 139.3 140.1 140.9 142.5 144.8
137.1 136 134.3 131.4 127.2 127.2 128.2 130.2 132.5 135 140.8 139.7 138.2 136.1 133.7 130.2 127.5 125.8 125.7 128.2 133.8 137.8 140.6 142.8 144 145.3 146.6 148.2 148.7 148.9 149.2 148.8 149.2 149.5 149.8 149.7 149.4 149.3 149 146.4 145.4 143.5 142.6 142.2 140.9 139.4 138.7 138.6 138.9 140.1 140.9 141.9 143.7 145.5 145.7 145.6 144.9 142.8 137.2 136.8 134 134.4 135.4 136.1 138.9 142 138.9 139.3 139.7 140.4 140.8 141.4 141.1 141.4 142.7 144 145.7 148.4
136.2 135 133.1 131 127.2 127.9 129 130.6 132.5 134.5 140.1 138.8 136.7 134.7 131.7 128.4 125.9 127.8 127.7 129.7 136 139.2 141.7 143.3 144.5 145.7 146.5 147.7 148.5 148.9 148.9 148.4 148.6 149 149 148.7 148.3 148.2 147.8 146.3 144.2 142.4 140 139.7 138.4 137.4 136.4 135.8 136.5 137.2 138.1 139.4 140.7 141.8 142.6 142.4 142.3 138.5 134.8 133.2 132.5 132.9 134.7 136.8 146.3 141.1 140.8 141.1 141.8 143.8 143.3 144.4 145 145.2 146.3 149.1 150.6 150.7
135.9 134.3 132.1 129.7 129 129.4 130.6 131.8 133.5 135.2 139.3 137.9 134.8 132.5 130.2 126.9 125.8 126.4 127.6 133.1 137.9 140.7 142 143.2 144.5 145.4 146.2 147.1 147.9 148.6 148.8 148.7 148.8 147.9 147.3 147.1 146.9 146.1 145.8 144.9 143.9 142.1 138.5 137.5 136.6 134.7 133.9 133.3 134.3 134.8 135.4 135.8 136.2 137.4 139.6 139.4 137.5 134.2 132.4 134.6 135 135.6 138.1 142 144.2 144.2 144.2 144.8 145.3 145.8 145.6 146.2 147.5 148.6 150.4 151.1 151.6 151.7
135.5 133.6 131.1 128.1 129.9 130.9 132.4 134 136.1 137 138.5 135.3 132.8 130.5 128.3 126.7 126.5 127.8 130.5 136.3 139.2 140.6 141.8 142.8 143.7 144.4 146 146.7 147.5 148.3 148.3 148.2 147.3 146.2 145.3 144.9 144.1 143.3 143.1 142.7 139.5 141.2 139 136.4 133.9 132.7 132.4 132.2 132.1 132.3 133.2 134.4 132.7 132.5 132.8 132.6 132.8 133.4 135.5 138.5 140.4 141.7 142.8 143.8 146.2 146.6 145.9 145.9 146.5 147.2 147.2 148 148.9 150.4 150 150 150 151.1
134.5 132.5 129.2 128.6 130.4 131.6 133.8 136 136.6 136.5 135.8 132.9 130.8 128.7 126.6 124.7 126.1 130.1 134.1 137.1 139.4 140.7 141.2 141.6 142.4 143.7 145.6 146.4 147.1 147.7 147.7 146.2 145.8 144.6 143 141.9 141 140.1 139.6 141 139.1 137 135.4 133.4 131.5 130.8 131.1 131.1 130.2 130.5 132 132.9 133.6 132.7 129.2 133 133.1 134.2 138.2 139.9 140.9 141.5 144.9 143.8 146.7 147 146.3 145 146.2 147.1 147.8 147.7 148.7 148.9 148.6 148.8 150 150.9
133.4 130.9 127.5 129.5 130.7 131.2 132.9 134.1 134.6 134.9 133.3 130.4 129.3 127.2 123.5 124.4 127.4 132.2 136.3 138.2 139.6 140.5 140.2 139.1 139.8 142.3 145.4 146.3 146.8 146.4 146.3 144.5 143.5 142.3 140.2 138.7 137.8 137 137.1 137.4 135.7 134 132.5 131 130.3 130.1 129.9 130 129.9 130.4 132.6 133.5 133.5 133.2 133.1 132 132.2 133.7 135.6 137.4 139.6 142.4 141.1 142.8 145 144.4 143.3 143.3 143.6 145.3 147.2 147.3 147.6 147.5 148.1 149.4 150.6 151.3
130.8 128.7 128.4 129.8 130.5 130.7 131.8 132 132.4 131.7 129.3 128 127.4 124 123.5 124.8 129.3 135 137.8 138.1 139.4 139.7 137.5 138 139.4 142.9 145.8 145.9 145.4 144.9 144.7 143.1 142 139.3 138 135.5 134.9 134.6 135.1 134.9 133.7 131.9 130.4 129.2 129.2 129.5 130 130.6 130.7 130.4 131.5 132 132.7 133.5 131 130.1 129.8 131.9 134.1 136.3 145.7 138.1 139 140.9 141.8 140.6 139.1 139.4 140.6 143 145.3 146.7 147.1 146.8 148.6 150.1 151.2 151.4
129 126.6 128.6 129.6 130 130.1 130.4 130.1 129.1 128.4 126.6 125.3 123.3 121.3 123.4 126.9 131.9 137 137.8 138.2 139.1 139.3 136.7 136.6 139.6 142.5 144.4 141.8 141 140.9 140.6 139.3 138.7 135.7 134 132.2 132.1 131.9 131.5 131.4 130.9 129.8 128.3 128.1 127.9 128.8 131.6 133.2 134.5 133.8 134.3 136.7 136.6 135.4 132.9 132.5 131.2 132 133.5 142.7 139.4 136.6 137.3 137.1 137.4 137 136.1 137.3 138.7 141.1 143.2 145.5 146.3 147.3 148.9 150.1 149.8 149.8
126.8 126.7 128 128.4 128.7 128 128 127.8 126.8 124.9 124.6 122.4 120.6 121.9 124.5 129.6 134.7 136.2 137.4 136.9 138.3 137.9 134.8 134.8 138.1 140 141.1 138.9 135 135.8 134.8 133.4 133.2 131.2 130.2 129.3 129.1 128.6 127.9 127.7 127.2 126.6 127.9 128.8 129.4 131.1 135.2 139.8 139.4 136.9 135 135.6 139 139.6 136.1 135.9 133.7 133.7 133.6 145.5 136.3 135.9 135.5 135.8 136.2 136.8 137.7 138.2 138.9 140.4 142.1 142.6 144.5 146.8 148.2 149 146.5 146.3
125.1 125.3 127.2 127.1 127 126.5 125.5 124.6 122.7 121.2 121 120.8 120.6 123.2 126.1 130.3 134 136.1 137 136.7 136.2 135.7 132.5 133.2 134.6 134.6 134.8 133.6 130 128.9 129.1 128.1 128 128.1 127 126.3 126.1 126.3 124.1 125.2 125.2 125.7 127.7 129.8 131.6 134.7 138.1 142.1 141.9 138.5 135.8 135.8 137.5 140 140.4 139.4 137 135.7 135.2 146.2 137.7 136.4 135.8 135.8 137.1 139 141.2 143.2 143.9 139 142.7 143.7 143.8 145 146 145.7 145 144.8
122.6 123.5 125.9 125.8 125 123.8 122.9 121.3 120.4 119.1 119.3 120.6 122.4 124.8 127 129.1 131.2 132.3 134.2 134.6 131.1 131.9 129.7 129.8 130 130.1 128.6 126.8 125.6 124.8 124.7 124.9 124.2 123.9 123.4 123.3 123.7 124.5 124.7 124.9 125.8 126 128.3 132 135.8 139.5 139.9 142.3 142.6 137.7 136.3 136.8 140.3 141.1 143 143.4 142.3 139.8 138.8 147.2 151 144.8 137.1 149.4 147.3 142.3 144.6 146.1 147.4 145.6 143.4 143.8 143.3 143.1 143.5 143.7 144.5 146.4
121.9 123.1 124.7 124.4 122.4 121.1 120.1 119 118.5 118.2 118.5 120.3 121.9 124 125.9 127.4 128.5 129.1 130.7 130.7 128.8 127.9 126.1 124.6 124.5 123.6 123.1 122.2 122.3 122 121.9 121.7 122.1 121.8 123.4 124.2 124.1 124.9 126.4 126.4 127.2 129 131.3 135.9 139.5 140.2 138.5 136.8 137.6 142 142.4 142.7 142.9 142.2 145 146.3 145.6 144.6 142.1 147.3 155.3 157.3 149.6 157.5 157.9 156.7 148.2 149.2 149.9 147.7 141.2 143.9 143.7 143.3 143.4 144.1 146.2 148.7
121.9 121.6 122 121.7 120.3 119.1 118.6 117.8 118.3 117.9 117.8 119.9 121.1 121.9 122.9 123.6 123.6 124.3 125.2 126.1 125.7 123.9 123.1 121.4 120.2 120.2 120.2 120.3 121.1 121.1 121.5 122.2 122.9 123 124.4 125.5 125.8 125.9 126.4 127.5 128.1 133.5 136.9 140.3 139.4 140.9 142.1 143.7 144.5 145.6 144.2 144.5 141.6 141.9 145.8 149.4 150.1 149.3 148.6 148.3 149.5 155.9 154.8 157.6 159.3 161.1 150.7 152 152 149.7 147.3 143.7 144 143.2 143.6 146.7 149.7 152.4
120.8 120.3 119.3 118 117.8 117 117.1 116.6 117.5 117 117.6 120.5 120.1 121 121.3 120.9 120.9 121.1 121.4 121.6 121.3 121.4 120.3 120.2 120.2 120.8 122.7 124.1 123.8 124.1 123.6 124.5 124.5 125.5 126.8 128.2 128.6 128.9 129.8 128.4 129.7 135.2 140 142.8 144.3 144.8 145.5 146.3 147.3 147.7 147.8 145.6 143.6 142.7 146.9 151.1 152.8 154.1 153.8 153 148.3 154.3 156.3 157.9 159.6 161.3 152.8 154 153.6 151.6 151.3 150 146.4 143.2 144.8 148.7 153.4 155.9
121.3 119.9 116.9 118.9 119.8 120.5 121.2 120.5 119.7 119.4 119.5 121.7 118.9 118.8 119.6 120.6 120.4 121.1 121.2 121 121 121.7 120.6 121.5 122.3 123.1 124.2 126 126.8 127.4 128.5 128.6 128.5 129.3 130.6 131.8 134.3 135.1 134.8 131.6 131.2 134.8 140.7 144.4 145.9 146.4 146.9 147.7 148.8 150.1 149.9 148.8 146.2 144.1 145.8 149.4 151.5 153.4 154.3 154.6 154.2 149.6 156.7 158.3 159.8 160.4 157.9 154.8 155.3 154.8 154.6 153.5 149.5 144.4 147.3 152.5 157.8 158.9
121.6 118.6 118.8 120.3 121.3 122.6 124 123.8 122 120.7 121.6 122.7 121.2 121.1 120.8 120.7 121.3 121.7 120 120.5 118.8 118.8 120.5 122.6 124.1 124.4 125.4 127.7 130.3 131.8 133.9 133.8 134.5 133.9 135.3 138.6 140.5 141.2 139.5 137.2 133.9 134.3 138.1 142.7 146.1 147.3 148.3 149.1 149.8 150 150.4 150.1 148.4 146.7 146.1 146.7 148.6 149.4 151.3 153.3 154.7 153.8 156.6 158.4 159.8 160 157.9 155.9 156.8 157.6 157.8 156 151.6 146.7 147.5 154.5 157.9 159.7
118.5 115.1 119.3 120.7 122.7 124.1 124.9 124.9 124.1 123 123.2 124.8 125.7 125.1 126 125.3 123.6 121.8 120.7 118.8 120.1 124.8 124.7 125.9 128.3 130.6 132.2 134.1 135.6 136.5 137.8 136.7 135.3 137.1 140.6 142.1 143 143.1 142.2 140.6 138.9 136.3 136.8 140.3 144.2 147.9 148.6 149.5 149.9 149.9 150.8 150.6 149.7 148 147.4 147.7 147.9 148.3 149.8 152.3 154.2 155.1 152 159.7 159.8 160.4 160.4 160.4 160.9 161.5 160.7 158.6 154.5 149.6 147.6 152.8 157.1 159
115.1 115.5 119 121.4 123.7 124.9 125.2 125.5 125.2 125 125.4 130 131.6 130.8 131.1 130.3 127.8 124.3 119.9 119.1 120.2 123.6 126.5 130.3 132.8 134.9 136.5 137.7 139.4 140.4 141.3 140.1 138.7 140.4 141.9 142.8 144.4 145.3 144.7 143.6 143.5 140.8 138.3 139 142.6 146.7 148.1 149.1 149.5 149.8 150.7 150.8 149.3 148.4 148.8 149.6 149.7 149.4 150 153.7 154.8 156 157.2 157.2 160.1 161.1 162.2 164.1 165.1 164.9 163.8 161.7 157.8 152.7 149.7 150.4 154.8 158.2
113.1 114.7 118.4 121.6 123.9 125.9 126 126.1 126.1 126.5 128.5 135 135.4 135 135.2 134 130.6 126.6 122 121.8 125.2 129 133 135 136.6 138.2 140 141.4 142.4 143.3 143.5 142.7 141.3 141.3 142.9 144.7 146.7 147.1 146.3 146 145.7 144.1 140.5 139 141.6 145.3 147.5 147.8 148.1 148.8 149.3 150.3 151 150.4 150.5 151.2 150.7 150.6 150.5 153.6 154.1 156 156.9 157.9 160 161.5 163.4 165.9 166.2 166.7 166 164.5 161.7 156.9 152.5 149.5 152.7 157
113 114.8 117.8 121.3 123.8 126.6 126.6 126.9 127.6 129.5 131.6 135.5 137.6 137.6 137.3 136.4 134.4 130.6 126.6 124.5 126.4 130.4 135.3 137.6 139.2 140.9 143.4 143.3 143.7 144.1 144.9 145 143.8 143.6 144 146.1 148.1 148.6 148.2 147.8 147.3 145.9 142.8 140.1 140.3 143.2 144.7 145.8 146 147.2 148.9 150.5 151.5 151.9 152.7 152.5 151.9 151.9 151.7 151.7 152.8 155.4 156.4 156.9 154.6 161.7 163.7 166.4 166.9 167.6 167.3 166.5 164.8 160.8 157.1 153.4 151.2 155.2
113 114.4 116.9 120.4 124 127.2 128 128.2 129.9 132.3 134.4 137.7 139 138.2 137.9 138.1 136.8 133.2 126.9 124 125.7 130.7 136.8 139.7 141.4 142.4 144.1 144.3 143.3 143.9 145.2 146.8 146.3 145.8 145.2 146.6 148.5 149.7 149.6 149 147 145.3 144 141.3 139.9 141.6 143.5 145.7 146.4 147.5 149.4 150.7 151.7 152.4 153.5 153.6 153.4 153 152.8 152.6 153 154.7 156.4 158.3 159.7 159.7 163.6 165 166 166.3 167.2 167.7 166.9 164.7 162.1 159.5 155.8 154.8
112.3 114.3 116.1 119.5 125.3 129.8 130.2 130.9 132.6 135.1 137.9 139.9 140.5 139.6 138.8 139.7 139.1 135.8 128.5 125.2 126.3 129.9 135.9 140.1 142.1 143.8 145.2 145.5 144 143.6 145.3 147.2 147.3 146.9 146.3 146.6 148.6 150.2 150.7 148.1 146.6 145.5 144.4 142.5 142.3 144 145.3 146.9 147.5 148.2 149.3 151.2 152.1 152.4 153.6 154.7 154.3 154 153.8 153.4 153.8 155.3 157.4 159.2 159.8 161.4 162.7 163.3 164.3 164.7 165.4 166.9 166.9 166.8 165.2 163.6 161.4 159.8
111.8 113.4 115.5 118.5 125.4 130.4 132 133.4 135.1 137.3 140.7 141.1 141.3 140.4 139.9 139.8 139.4 135.7 130.2 127.5 128.3 131.3 135.4 139.4 142.1 144.6 145.8 145.1 144.4 143.8 144.6 146.1 146.7 146.2 145.8 146.6 147.8 149.8 151.3 148.6 146.9 146.1 145.3 144.3 144.4 145.7 146.8 147.7 148.4 148.8 149.2 151.2 152.7 153.3 154.6 155.2 155.3 155.2 155 154.1 154.4 155.5 157.5 159.1 160 161.7 156.3 162.3 163.4 164.3 164.2 165.5 166 167 166.3 164.7 164.3 163.8
111.6 112.5 113.9 117.7 124.8 130.3 133.1 135 136.6 138.7 141.2 142.3 142.1 141.4 140.2 139.3 138.6 134.2 129.5 128.1 129.6 133.1 137.2 139.9 141.8 144.1 145 144 143.5 143.5 145.1 146 145.8 145.5 145.9 146.9 148.1 150 151.5 149.9 147.9 147.1 146.2 145.6 145.8 147.4 148.6 149.3 149.2 150.5 152.7 153.5 154.3 155.2 156.1 156.6 156.7 156.4 156 154.8 154.7 155.4 157.5 158.4 158.6 159.3 159.9 156.9 162.9 164.9 164.8 164.9 165.4 166.6 167 165.9 166.7 166
111.6 112.4 113.7 117.6 124.7 132.5 135 137 138.5 139.7 141.5 142.5 142.6 141.2 140.1 138.7 135.8 133.6 131.2 130.9 130.3 132.9 136.7 139.3 139.9 142.5 143.2 143.1 143.5 143.9 145 145.9 146.5 145.9 146.6 147.6 148.6 150.1 151.7 151.1 148.3 147.5 147.6 147.6 147.6 149.4 150.8 151.8 152.1 153.5 154.6 155.2 155.7 155.4 156.6 157.1 157.6 157.8 157.2 155.9 154.8 155.2 156.9 157.9 158.8 159.7 160.3 160.2 162.5 165.3 166.4 166.6 165.7 166.1 166.8 167.3 167.4 167
111.8 112.7 113.7 118.2 126.5 134 136.8 139 140.1 141.1 142.6 142.6 142.7 141.9 139.8 136.8 134.6 134.6 134.9 134.4 133.4 133.6 135 136.4 138.3 140.1 141.3 142.2 143 144.3 145.1 145.9 146.8 147 147.3 148.1 149.1 150.5 151.9 152.6 151.2 150.6 150.5 149.2 148.8 150.6 152.4 153.4 154.6 155.1 155.6 155.4 155.3 155.6 156.5 157.4 158 158.6 158.6 157.1 155.5 154.4 157.9 161.3 159.6 160.2 160.1 160.8 161.7 165.9 167.4 167.5 167.8 167.4 167.4 167.6 167.5 166.9
112.1 113.2 114.7 120.9 128.4 136 139 140.5 141.3 141.4 142 142.4 142.7 141.3 139.1 136.8 135.9 136.7 137.9 137.2 135.6 134.4 135.5 137.5 140 140.6 142.4 142.8 143.4 144.7 146.2 147 147.7 148.1 148.1 148.8 148.9 150.3 151.7 152 151.8 150.3 149.6 148.8 147.8 147 147.8 153.5 154.9 155.3 155.3 154.4 154.3 154.8 154.9 155.8 157.4 159.6 159.7 159.1 157.3 155.1 157.6 162.3 163.7 161.9 161.7 161.9 162.9 165.9 167.9 168.1 167.8 166.6 166.7 166.6 166.4 165.5
112.6 114 115.4 122.2 129.7 140 141.9 141.8 141.4 141.4 141.7 142.4 142.1 141.7 140.4 140 137.9 138.3 138.9 138.6 138.4 138.5 139.9 140.2 142.2 143.1 143.8 144.2 144.7 145.4 146.5 147.9 148.3 148.7 148.7 148.6 148.8 145.5 149 146.9 148.7 147.8 147.5 148.8 149.2 150.3 151.1 152.5 153.4 153.1 153.9 153.5 153.9 154.3 154.4 154.6 156.8 159.5 160.4 161 160.5 157.9 158.4 161.4 160 163 163 162.6 163.6 165.7 167.9 168.2 167.1 166.2 166.4 166.2 165.9 164.2
112.9 114.3 116.7 123.4 132.7 141.6 142.3 142.7 142.1 141.7 142.1 142.5 142.2 141.8 141.3 141.1 140 139.6 140 140.6 141.6 141.8 142.4 142.7 143.2 143.5 144.3 144.9 145.4 145.9 146.7 147.9 148.2 148.3 149 148.7 148.3 149.7 152 151.8 150.2 148.3 148.3 148.9 149.5 150.5 151.3 152.2 152.9 149 152.1 153.1 154.3 154.3 154.5 155.9 158.2 160.1 161.9 162.3 162.6 160.9 159.2 159.6 160.5 162.2 162.8 162.2 163.1 164.5 167.4 168.1 166.7 166.9 166.8 166.8 166.2 164.8
