data/440000-1160000.asc
ncols 200
nrows 200
xllcorner 440000
yllcorner 1160000
cellsize 50
[rows 114 to 151 of 200, columns 0 to 84 of 200]
118.1 109.5 101.1 88.3 76.7 65 54.5 45.7 38.6 31.5 26.1 28.8 33.3 40.4 44.5 49.8 50.8 54.4 60.8 69.3 75.3 83.5 96.1 107.8 119.3 124.7 126.7 123.7 115.4 105.3 97.4 100.4 107.4 114.1 120.8 125.5 127.5 125.4 120.5 111.3 100.1 93.4 89.1 88.9 90 90 90.6 93.7 98.4 103 107.2 114.1 123.7 130.9 129.1 122.7 115.8 110.2 109.2 110.9 111 110.8 103.1 93.4 83 75.5 73.1 68.8 61.1 51.6 42.4 40.2 40.1 40.1 37.1 39.4 42.6 46.6 49.8 52.4 54.8 57.4 59.9 61.4 61.8
111.1 103.4 94 82 70.9 60 49.3 41.1 33 29 30.3 31.7 38.5 44.2 47.9 49.3 51.7 54.8 61.5 70.6 77 86.1 98.3 110.7 119.4 123 123.3 120.4 108.9 98.5 94.9 100.1 106.4 114.4 121.7 127.2 129.5 127 120.8 112.6 101 95.1 91.4 90.3 90.6 90.1 90.1 93.6 99.3 103.6 108.6 115.8 125.8 130.4 128.5 122.1 118.3 113.8 111 111.1 111.1 109.1 101.9 91 80.8 74.1 69.5 63.9 56.5 48.8 40.6 39.7 39.2 38.2 35.9 38 39.8 43.2 47 49.9 52.4 55 57.4 60.1 61.2
104.4 97.4 89 76.5 65.3 54.5 43.3 36 23.2 26.2 34.8 32.6 36.2 40.1 47.9 48.5 51 56 63.4 70.9 78.2 86.2 98.9 112.1 120.3 121.9 120 113.2 102.8 92.5 89 97.4 105.3 114.4 122 128.2 130.8 128.6 122.5 115.1 106.2 97.5 94.5 93.2 92.6 92.1 92.7 94.8 99.4 106.6 112.1 118.1 121.9 124.4 118.4 117.4 114.6 112 110.8 110.9 110.5 106.4 98.3 86.8 78.6 73.3 64.7 57.6 51.5 45.4 40.5 38.9 38.4 36.9 35.4 37.4 39.2 40.9 44.4 47.3 50 52.6 55.1 57.9 58.8
96.4 90.9 82.6 71.2 59.9 49.5 39.2 30.8 20.2 25.5 28.9 34.4 33.8 38.5 43.1 47.6 49.1 55.3 61.9 69.3 76.8 85.1 100.3 113.7 121.5 122.3 119 107.2 97 89.6 89 94.4 101.7 111.5 121.8 128.9 131 130.7 124.8 118.2 110.7 103.4 98.8 97.1 96.3 95.4 95.9 97.6 102.4 110.3 115.3 119.7 120.8 118.1 113 110.6 110.4 109.8 110.6 110.4 107.8 103.7 94.4 85.9 80 74.8 65.7 56.4 47.3 40.5 39.8 38.3 38.4 37.2 35.8 36.8 38.4 39.3 41.7 44.7 47.6 50.2 52.6 54.5 55.5
88.6 82.9 73.5 63.3 53.9 44.2 33.5 25.9 17.2 22.2 26.3 30.6 33.1 37.8 42.1 46.2 48.7 52.7 59.1 66.4 75.8 86.8 102.3 113.7 120.9 121.1 115.6 103.8 91.1 84.2 87.1 94.6 100.8 109.3 120.4 128.4 131 131.2 127.2 120.4 114.6 108.8 103.2 99.4 99.4 98.4 98.3 100.2 105.9 112.7 118.2 120.7 120.8 113.1 101.7 100 104 105 106.4 106.4 105.8 102.3 92.7 86.6 82.1 76.8 66.5 57.3 47.6 39.5 38.3 37.9 38.3 36.6 34.5 36.3 36.2 37.9 39.5 41.4 44.3 47.3 49.2 51.1 52.5
80.1 73.7 64.7 55.7 46.6 37.8 28.5 20.1 14.4 25.1 24.2 30.3 33.3 39.9 42.3 45 47.3 50.7 55.7 66.5 76.2 90 105.4 117.2 120.1 118.4 112.6 95.6 87.3 79.9 85.4 91.8 98.3 106.8 119.1 127 131.5 131.7 129 123.7 117.5 112.1 106.5 102.9 101.9 99.7 99.2 103.6 109 112.9 116.2 118.4 115.5 103.5 92.4 92.8 97.9 99.5 100.1 103.8 104 102.1 92.9 87.2 83.1 77.1 67.3 57.5 48.1 38.9 37.7 37.4 37.4 36.9 33.8 36.5 35.5 36.4 37.2 38.8 40.3 43.7 45.9 47.7 48.8
66.2 62.7 55 46.3 37.8 29.2 22 16.2 16.2 23.8 25.3 29.2 35.9 40.3 40.9 43.6 45.9 49.3 54.9 65.7 79 91.4 107.9 116.2 120.1 117.7 107.7 91.7 82.5 78.7 82.1 88.6 95.2 105 117.7 126.4 130.9 131.1 130.3 126 119.9 115 110 106 101.5 100.5 99.2 102.5 108.3 110.5 113.2 113.2 108.7 94.1 84.8 86.7 90.6 93 94.5 100.5 105.4 104.5 95.7 87.5 83.4 77.9 67.7 56.1 46 38.4 37.4 36.7 36.2 35.7 36.3 33 34.3 34.7 34.3 36.4 38.6 40 43.2 45.9 44.2
53 49.7 45.1 37.6 29.1 21 15.2 15.3 15.9 22.3 26.4 30.3 35.3 37.5 39.8 41.9 44.1 47.8 55.2 67.5 79.8 93.1 108.4 116.6 117.1 112.9 102.2 86.1 78 75.3 78.9 85.9 93.8 103.2 114.8 123.6 130.7 131.3 129.9 125.8 121.3 119.2 112.6 105 101.2 99.2 99.2 100.9 104.8 108.3 110 106.5 99.6 86.3 77.5 81.8 85.7 87.5 90.1 97.7 103.2 105.7 97.6 86.7 80.9 76.4 66.8 55.8 44 38.7 37 37.7 37.8 37.3 38.6 35.9 33.1 30.4 31.7 33 35.1 37.9 40.9 42.7 44.4
40.3 38.1 33.4 27.3 21.3 16.4 14.3 14.6 15.4 19.2 27.6 28.4 31.7 33.9 37 40.4 42.1 47 53.5 66.8 80.3 93.3 105.4 112.3 114.2 108.7 94.8 80.1 74.3 72.3 77.1 85.1 93.1 101.3 111.1 120 128.5 131.6 130.6 125.4 123.3 118.2 109.6 103.4 99.4 98.1 98.4 100 101.3 104.3 104.9 98.6 91.9 80 75.4 79.8 82.3 83.8 89 95.4 100.3 104 100.9 90.9 81 75.2 65.4 54.1 42 38.2 37.7 38.3 38.6 39.5 41 38.1 34.3 30.3 30 30.1 32.2 34.8 37.2 38.4 39.6
29.6 26.4 23.7 19 13.9 9.3 7.4 7.9 10.9 16.2 20.5 22.7 28 30.8 34.8 38.3 41.5 45 52.8 66.4 80.4 94.5 103.7 111.1 111.6 103.4 87.4 76.4 71 70.1 75.7 81.9 89.5 98.2 108.1 117.4 125.9 130.9 130.9 124.9 123.2 116.4 107.7 101.3 97.6 96.3 95.6 98.3 100.5 100.4 99 94.1 85.9 75.2 70.1 75.5 80.2 82.2 87.2 93.2 96.1 99.8 99.7 93.7 85.6 79 66.6 55.3 44.4 38 38.5 39.3 39 40 41 39.8 35.1 31.2 25.1 27.6 30.1 31.9 33.2 32.2 33.9
16.4 15.6 13.3 9.8 6.4 4.8 -0.8 1.3 8.5 16.2 19.7 21.7 24.3 28.5 32.5 36 39.7 44.3 55.7 69.4 79.2 92.7 103.5 111.4 110.4 101.1 80.7 75.2 70 69.1 74.7 80.4 85.3 94.7 107.5 116.5 124.2 130.3 129.4 124.9 122.1 114.2 105.1 99.5 95.2 92.1 91.6 93.7 95.3 95.7 94.4 89.8 80.6 70.9 69.5 74.6 79.4 82.8 86.4 89.3 92.9 97.7 99.7 96.2 90.6 83.2 69.7 56.4 44.7 38.9 40.2 40.4 40.1 41 41.6 40.2 36.4 31 27.8 24.4 29.2 28.1 28.1 28 29.7
-0.8 -0.8 -0.8 -0.8 -0.8 -0.2 -0.8 7.8 11.4 13.3 15.2 19.3 21.7 24.9 29 34.8 38.1 43.4 55.4 68.5 81.3 94.2 103.9 109.3 107.8 95.5 78.1 72.1 68.6 68 72.6 78.7 84.2 92.3 104.5 114.6 122.8 128.7 128.4 124.4 119.4 112.2 104.4 98.7 94.1 91.1 89.2 90 91.5 90 88.2 84.5 78 68.8 69.6 72.7 77.7 79.9 83.6 88 91.4 95.3 98.3 95.8 93.9 85.5 71.9 56.3 44.8 41.5 41.2 41.1 42.1 43.8 42.7 38.8 35.1 29 26.1 22.4 25.9 23.2 23.2 24.8 26.1
-0.8 -0.8 -0.8 -0.8 -0.8 -0.8 -0.8 8.2 13.9 11.2 10 14.5 20.2 23 26 32 37.4 43.3 54 66.6 80.9 95 104.7 110.9 105.8 90.6 77 68.6 66.1 67.3 71.5 77.8 83.7 91.3 102.7 114.2 122.5 126.7 125.7 122.3 117.4 110.2 101.7 96.7 92.4 89.4 87.2 87 88.3 87.6 85.3 81.1 74.2 67.8 70.2 70.9 75.6 78.8 81 84.7 88.4 91.9 95.2 96.9 95.4 86.7 71.3 56.1 44.4 44.4 43.8 43.6 44.8 46 43.6 38.1 32.9 29.5 26.2 20.5 24.5 21.2 21 23.3 22.9
-0.8 -0.8 -0.8 -0.8 -0.8 -0.8 -0.8 -0.8 8.1 10 11.5 11.2 18.9 21.9 24.7 27.9 34.8 43.4 52.2 64.4 79.7 95.4 107.7 110.9 103.4 84.5 75.7 67.7 64.6 65.7 69.5 77.1 82.5 89.9 101.8 114.1 122 127.5 123.8 119.9 114.5 108.4 99.9 94.1 90 87 84.4 83.8 83.4 83.4 81.7 77.8 70.5 67.5 69.3 70.4 72 74.9 77.2 80.3 84.6 88.6 92.2 96.9 92.4 83.2 68.6 54.3 45.5 44.7 45.3 45.8 47.1 48.6 43.4 38 33.3 31 26.5 22.3 21.9 19.2 18.1 19.6 23.2
-0.8 -0.8 -0.8 -0.8 -0.8 -0.8 -0.8 -0.8 5.3 5.8 10.4 9.4 19.5 20.8 22.9 25.4 33.1 41.3 51.8 61.7 78 96.8 107.2 107.8 98 80.5 72.7 65.6 63 64.6 66.9 72.8 79.8 90 101 112.2 121.2 126.6 123.2 118.2 112.5 105.1 97.6 91.9 87.6 84.5 81.9 81.1 80.7 79.7 77.1 72.2 66.3 67.4 68.4 69.6 69.7 71 73 76.1 80.8 88.1 92.4 92.8 85.4 75.8 64.4 51.4 45.7 46 46.7 48.3 50.8 49.2 44.5 39.3 34.3 32.4 27.5 21.6 17.7 17 18.2 18.2 17.9
-0.8 -0.8 -0.8 -0.8 -0.8 -0.8 -0.8 -0.8 -0.8 -0.8 -0.8 6.9 18.4 20.8 20.9 23.5 31.2 39.3 49.6 60 76.6 94.2 99.5 99.1 91.8 78.2 68.7 64.1 62 63 65.6 69.7 78.7 90.6 102.8 111.9 119.2 121.7 120.8 116.3 110.8 102.9 95.6 89.7 85.4 82.1 79.6 79.5 79.7 75.4 72.5 68.9 65.4 68.5 69.2 69.7 68.4 68.9 69.5 72.4 78.2 84.7 88.6 86.9 79.1 69.9 61.4 49.2 46.7 46.6 48.7 50.9 51 50.1 45.1 39.1 33.5 30 29.8 22.9 17.8 14.1 17.5 15.3 16.3
-0.8 -0.8 -0.8 -0.8 -0.8 -0.8 -0.8 -0.8 -0.8 -0.8 -0.8 -0.8 10.7 13.3 16.4 18.6 28.2 37.4 46.9 56.2 70.9 85.6 93.2 90.3 84.2 75.2 67.1 62.7 61.3 61.3 63.5 68.1 77.4 88.7 100.3 110.9 117.6 120.5 119.9 114.6 109.4 100.8 93.8 87.9 82.7 79.7 77.2 76.2 76.6 74.2 71 66.2 63.9 67.7 68 67.6 67.4 67.9 68.5 71.2 75.4 79 81.7 80.2 72.2 64.5 57.2 49.5 48.1 48.2 49.2 50.2 50.8 49.1 43.7 39 33.5 30 27.1 20.8 17.7 15.4 13.4 13.8 14.9
-0.8 -0.8 -0.8 -0.8 -0.8 -0.8 -0.8 -0.8 -0.8 -0.8 -0.8 -0.8 -0.8 -0.8 6.6 15.3 23.8 34.7 41.5 49.9 64.8 80.1 88 82.6 77.3 71.3 64.5 61.2 59.7 59.3 62.6 68.1 75.7 85.5 96.5 108.4 115.8 121.1 118.7 112.5 105.8 98.1 91.8 86 80.2 77.2 74.9 73 73.1 71.5 67.6 63.8 62.4 66.1 66.3 66.1 66.4 66.8 67.4 69.5 71.7 74.3 73.4 70.2 65.1 59.2 55 49.1 48.9 50.3 50.4 50.1 48.5 46.9 43.7 38.9 36.6 31.1 24.8 20.8 16.3 14.4 16.2 13.7 12.3
-0.8 -0.8 -0.8 -0.8 -0.8 -0.8 -0.8 -0.8 -0.8 -0.8 -0.8 -0.8 -0.8 -0.8 -0.8 8.4 16.8 26.8 34.6 42.5 56.7 72.3 77.8 75.4 72.3 65.4 60.3 60 56.8 60.9 62.6 68.7 74.4 82.5 93.2 102.4 108.4 116.2 112.5 106.2 101.1 94.8 88.5 83 78.1 74.9 72.6 70.7 69.6 67.6 63.9 60 61.6 64.5 65 65.5 66 65.8 66.4 67.9 68.8 69.7 67.8 63.4 59.9 56.2 52 48.7 49.6 51.1 51.3 51.3 50.4 48.7 46.2 40.3 38 32.6 26.1 21.5 14.9 14.2 17.1 15.2 13.7
12.5 6.1 -0.8 -0.8 -0.8 -0.8 -0.8 -0.8 -0.8 -0.8 -0.8 -0.8 -0.8 -0.8 -0.8 -0.8 7.3 16.1 25.4 33.3 44 58.2 66.2 66.8 62.8 60.9 54.3 56 54.3 59.5 62.5 67.7 72.6 81.7 89.7 92.9 100.2 107.5 104.2 99.7 96.7 91.7 86 80.1 75.7 72.8 70 67.4 65.8 62.9 59.9 57.1 61.6 62.9 65.5 66 65.5 65 65.3 66.2 66.4 65.4 62.4 57.9 55.3 52.5 49.1 46.2 49.7 51 50.9 50.9 51.1 51 47.2 41.5 38.8 33.3 26.4 19.9 14.9 14.4 17.2 16 15.6
20.1 14 5.8 -0.8 -0.8 -0.8 -0.8 -0.8 -0.8 -0.8 -0.8 -0.8 -0.8 -0.8 -0.8 -0.8 -0.7 5.8 13.1 23.2 33.4 43.7 51.8 58 56.9 51 48.5 51.7 52.4 56.9 61.7 64.8 69.4 78.8 83.5 84.3 95 100.5 99.2 93.7 91.6 89.3 82.8 76.9 71.9 69 66.2 63.8 62.3 59.9 56.7 57.2 60.9 61.4 65.1 65.6 65 64.3 64.4 64.1 64.1 61.9 58.6 54.3 50.7 48.3 46 44.5 47 50.5 50.2 50.3 50.7 51.2 49 43.3 38.6 35.3 26.9 19.2 16.3 13.5 17.5 16.2 17.6
27.9 20.8 13.3 7 -0.8 -0.8 -0.8 -0.8 -0.8 -0.8 -0.8 -0.8 -0.8 -0.8 -0.8 3.1 6.7 6.4 6.5 13.1 23.7 32.7 41.8 54 48.1 41.8 44.2 50.8 51.7 54.5 61 61.7 64.3 71.4 74.2 76.9 85 94.4 94.2 88.5 86.6 84.5 80 72.9 68 64.9 62.4 60 58.1 56.1 54.7 55.6 60.4 60.3 61.8 63.3 64.6 64.3 62.8 62.3 61.7 58.9 54.9 52.9 48 45.7 43.3 42.2 44.3 48.1 49.7 49.6 49.6 48.9 48.8 45.6 39.5 30.4 26.1 19.4 16.3 14 16.9 18.8 24.9
33.3 26.2 17.9 12.8 7 -0.8 -0.8 -0.8 -0.8 -0.8 -0.8 -0.8 -0.8 6.5 9.6 12.7 14.4 18.7 12.8 11.5 22.2 27.3 32.5 35.3 39.1 38.7 41.8 46.7 52.3 52.4 59.6 59.1 61 63.9 65.1 69.9 78.6 89.4 89.2 84.7 81.3 80 74.3 67.2 61.5 58.8 56.4 55.2 54.5 53 49.8 51.5 55.2 57.4 58.5 59.4 62.2 63.8 63.2 61.1 61.1 60.1 52.2 51.8 46 43.1 40.4 39.1 41.5 45.7 48.3 47.7 47.4 46.7 46.3 42.7 35.9 32.2 24 18.6 14.9 15.5 19.4 26.2 30.7
39.1 31 22.8 16.4 11.2 -0.8 -0.8 -0.8 -0.8 -0.8 -0.8 6.8 9.5 13.6 17.5 21.8 20.7 22.3 21.9 17.2 22.9 30.7 34 35.7 36 37.4 40.2 42.5 44.7 48.9 53.2 54 52.1 55.6 55.4 61.2 72.9 81.3 81.1 77.3 75.3 72.7 66.6 61.1 55.1 52.5 50.3 49.2 49.3 47.9 45.5 49.1 51.8 53.6 54.6 55.3 57.6 61.4 61.5 60.8 59.3 57 48.2 47.1 43.2 40.8 37.1 36.9 38.5 42 44.1 44.4 44 43.6 41.6 34.7 34.6 29.3 21.2 15.5 15.7 19.2 23.1 29.6 35.1
45 36.7 26.2 19.7 12.4 -0.8 -0.8 -0.8 -0.8 -0.8 10.8 15 16.7 22.1 21.7 25.7 26.6 30 30.6 29.7 32.4 38 39.8 43.2 38.5 37.8 39.9 43.2 43.5 44.4 43.6 45.2 43.6 42.9 45.7 50.4 64.8 71 69.7 66.1 65.6 66 61 54.6 49 45.6 45.2 45.8 44.5 45.4 45.8 47.8 48.9 50.5 51.6 52.6 53.5 55.8 57.2 58.4 53.6 51.4 45 42.4 38.8 37.7 36.3 35.2 37.3 38.3 39.4 38.9 38 36.9 36.5 36 32.2 25.8 19.1 15.5 17.5 21.6 26.7 33.6 40.8
51.9 39.6 30.4 22.5 15.6 10.6 -0.8 0.2 0.9 11.5 13.3 19.4 25 32.7 32.7 29.6 30.3 36.8 38.6 39.4 43.5 45.4 48.2 44.1 40.2 38.8 39.2 40.1 40.6 43.3 40.1 38.7 38.7 38.7 39.4 42.3 53.8 57.3 52.4 50.5 51 55.8 54.5 47.9 42.6 40.5 42.1 42 43 42.4 42.5 45.6 46.6 49.2 48.9 49.6 50.4 52.1 52.9 52.3 49.3 48 42.2 39.4 37.3 35.4 32.6 31.5 32.7 34.5 36.6 38.5 37.4 35 31.9 31.2 27.9 21.7 18.9 17 20.7 25.6 31.2 38.2 43
57.6 45.3 31.7 25.6 19.6 13.5 -0.8 6 6 15.2 17.7 25 30.6 35.6 43.3 37.5 40.8 46.7 53.6 62.9 58.7 57.3 56 51.7 45.6 39.7 37.7 38.7 40.5 41.4 38.7 38.7 38.7 38.7 38.7 39.6 47 49.7 48.6 43.4 43.6 49.9 47.4 44.5 38.9 38.9 39.8 38.4 40.5 41.2 41.5 43.7 46.2 46.6 46.2 46.3 47.5 48.3 46.9 45.2 45.1 43.2 40.1 37.6 35.9 33.5 31 27.6 30.1 31 32.7 34.9 33.8 30.6 26.7 25.1 22.9 18 17 22.1 26.2 30.6 36.2 41.6 47
63.8 51.8 38.5 27.7 19.8 13.7 2.3 11.3 13.8 17.4 24.7 31.2 36.3 39.1 44.8 47 48.6 56.2 62.5 67.8 67 66.1 63.4 58.9 51.6 43 38.7 38.7 39.8 41.6 38.7 38.7 38.7 38.7 38.7 38.1 41.1 44.1 43.4 44.6 45.2 46.9 46.6 39.8 38.9 38.9 38.9 38.9 38.8 40.7 39.9 40.2 42.1 44 43.5 44.1 43.9 44.6 45.2 45.6 44.5 39.7 37.3 35.6 34.3 32.4 29.4 26.6 27.6 28.3 30.8 31 30.3 25.8 21.1 23.8 17.3 16.7 18.9 25.7 31 36.2 41.6 45.8 50.9
68.6 52.9 40.5 30.5 22.9 16.3 12.3 16.7 18.2 27.2 26.8 34.5 40 45.9 51.2 53.9 59.7 63.4 70 72.8 72.8 71 69.2 63.7 56.4 46.6 38.6 38.7 39.2 40.7 38.7 38.7 38.7 38.7 38.7 38.7 38.7 39.8 42.6 47 47.8 47.2 43.5 38.9 38.9 38.9 38.9 38.9 38.7 40.1 38.9 38.9 39.6 40.6 41.1 39.5 39.1 39.2 40.9 43.3 43 38.6 35 33.4 33.1 32.2 29.4 24.5 25.8 27.6 30.1 30.3 26.8 23.6 20 18.9 16.7 19 23.6 28.8 36.6 42 47 51.7 56.5
71 55.5 43.1 35.1 27.6 16.7 17.5 20.3 28.6 34.3 34.1 37.8 42.6 49.8 55.6 59.1 67.4 73.8 77.1 80 80.3 78.2 73.4 67.6 59.8 50 41.2 38.7 38.7 38.7 38.7 38.7 38.7 38.7 38.7 38.7 38.7 40.1 42.6 47 48.7 49.3 45.5 40.5 38.9 38.9 40.1 41.2 41.1 40.5 38.9 38.4 41.2 40.7 39 37.4 35.6 33.8 34.7 38.2 39.5 31.9 31.2 29.9 30.8 29.6 26.4 24.9 25 26.6 29.6 26.5 22.1 19.8 17.9 17 18.9 23.5 29.7 34.9 41.9 46.6 51.2 56.6 62.1
73 57.9 46.7 38 26.7 7.4 20 30.3 40.3 44.1 45.6 43.9 45.4 49.5 55 63.3 73.8 81.7 87.7 89.5 86.9 82.8 78.3 70.9 60.7 50.6 43.4 38.7 38.7 38.7 38.7 38.7 38.7 38.7 38.7 38.7 38.6 41.8 44.9 47.1 50.1 52.8 48.3 42.6 38.9 38.9 38.9 41.1 40.6 40 39.2 38.1 41.9 41 38.3 35.4 33.4 31.6 31 30.7 30.6 28.6 28.1 27.1 26.2 25.8 25.3 24.6 24.1 25.1 26.2 23 18.8 19.1 16.9 19.5 20.9 25.7 32.8 39.2 45.3 51.1 55.7 60.9 67
76.1 60.3 48.1 40.1 30.3 20.4 22.7 34.1 33 34.2 48 49.6 50.2 52.7 58 66.3 79.8 90.4 95 96.3 92.2 87.8 81.9 73.6 61 52.5 45.5 38.7 38.7 38.7 38.7 38.7 38.7 38.7 38.7 38.7 40.3 43.9 47 50.9 56.1 59 53.2 45.4 40.8 38.9 38.9 38.8 38.4 38.6 38.4 37.6 41.7 39.5 36.7 33.8 30.6 28 29.1 29.2 29.1 26.6 25.4 24.4 24 23.3 24.4 24.2 23.3 24.5 24.8 21.2 18.9 19.2 18.1 21.8 22.6 28.7 35.7 42.5 48.6 54.5 59.9 64.9 70.3
78.6 63 49.9 41.3 33.8 23.3 26.3 35.6 42.3 49.2 53.8 55.1 54.8 57.8 62.2 69.4 84 97.6 103.7 103 100.3 94.9 86.3 77.1 62.6 54.2 47.9 40.6 38.7 38.7 38.7 38.7 38.7 38.7 38.7 40.7 42.4 46.1 50.3 61.4 65.7 62.5 57.5 51.3 44.1 39.2 39 39.9 39 38.4 38.1 37.8 39.2 34.4 33.1 32.6 30.3 29.5 27.2 29.1 28.1 25.8 24.7 25.1 25.4 25.5 24.2 23.2 23.1 24.4 21.4 20.4 19.6 19.2 20.3 22.3 25.7 32.4 39.9 45.4 51.1 56.8 62.3 67 71.4
80.1 65.4 51.7 45 36.4 29.6 25.7 36.1 45.3 59.3 60.2 59.3 59.3 63.6 67 73.6 89.5 102.2 109.5 111.7 107.9 100.9 90.4 79.5 64.6 55.5 49.5 42.9 38.7 38.7 38.7 38.7 38.7 38.7 38.7 43 45.2 49.8 61.1 71.1 74.5 69 63.6 58 50.2 43.5 40.3 39.8 39 38.7 38.6 38.3 38.5 38.7 36 33 32 31.1 30.9 31.1 29.4 28.5 27.1 27 27.7 28.9 26.6 25.1 24.1 25.5 25.9 24.9 23.3 22.1 20.6 26 28.9 36.7 43.1 47.7 53.3 59 64.6 69.3 73.5
79.6 65.4 54.5 44.2 37 31.4 30.2 39.4 51.6 61.6 63.6 62.6 64 68.6 73.2 79.8 94.7 105.1 112.9 119.3 113.8 104.9 94.5 82.2 64.2 55.6 49.5 48.6 39.6 38.7 38.7 38.7 38.7 38.7 41.3 43.8 45.9 57.9 70 80.7 83.6 78.8 70.8 64.8 57.2 48.5 42.6 40.7 39.9 39.8 39.4 40.1 41.8 41.3 39.2 38 35.8 37 38.9 35.7 35.1 31.5 29.8 29.2 31.8 34.4 31.8 27.8 28.8 29.9 29.8 28.3 26.7 25.4 25.8 27.5 33.8 40.3 45.2 50.2 55.8 61.5 67.3 71.2 75.9
78.8 66.8 55.4 45.1 40 34.1 33.4 40.3 48.4 61.1 64.5 65.9 67 72.7 78.6 86.5 99 110.1 118.5 121.4 117.7 108.2 98.4 82.4 62.1 54.6 50.5 48.7 46.1 39.5 38.7 38.7 38.7 38.7 41.3 45.1 52.3 56.9 68.3 86.1 87 82 76.4 70.2 62.8 54.3 44.8 41.7 40.7 40.6 42.5 43.8 45.5 45 42.9 40.7 41.1 44 42.3 40 36.4 34.1 31 31.1 35.4 36.9 34.7 31.6 31.6 32.3 33.3 32.1 29.5 28.1 27.1 30.4 37.6 43.3 48.5 53.7 59.8 65.2 70.4 74.1 78.7
76.8 64.5 53.8 46.8 40.8 36.3 33.7 38.1 45.2 56.6 66.1 67.5 69.7 75.6 82 90 100.7 112 121.1 126.9 119.6 110.2 96.9 81.5 65.4 52.9 50.9 48.5 44.6 41.7 40.3 38.2 38.5 39.1 43.2 48.9 51.9 57.4 66.5 84.1 89.6 84.8 78.9 72.6 65.4 59.6 49.1 42.4 41.3 40.9 44.1 47 48.9 48.9 46.5 44.5 44.8 45.5 44.5 43.9 39.1 35.6 34 34.2 38 38.9 36.6 35 34.6 34.8 38 35.7 33.5 31.2 29.3 33.1 38.3 43.8 50.3 57.1 63.1 69 73.3 77.1 81.1
71.7 60.8 51.7 45.4 39.8 35.3 37.6 39.6 44.6 56 61.4 68.1 70.2 76 84 92 101 112.9 123.1 127.8 119 108.3 94.4 79.2 63.5 53.5 48.3 47.3 43.9 40.9 38.5 38.4 39.2 41.8 47.1 49.6 52 57 66.6 82.9 94.4 88.7 81.8 74.5 67.4 61.9 52.1 44.2 42.4 42.8 46.1 49.5 52.9 52.4 50 49.1 50 48.5 50.3 46.9 44.7 41.8 37.8 39.9 42.1 43.2 39.8 38.2 40 38.4 37.8 37.2 35.2 33.6 33.8 31.2 37.7 43.7 50.4 58.3 65.2 70.8 75.6 80.4 85.6
