data/440000-530000.asc
ncols 200
nrows 200
xllcorner 440000
yllcorner 530000
cellsize 50
[rows 0 to 35 of 200, columns 81 to 161 of 200]
53.8 62.1 50.9 42.1 58.9 60.1 51.1 46.3 58.9 58 58.2 57.7 56 54.3 60.3 60.5 52.3 57.8 57.1 53.6 55.1 43.9 32.3 53.8 63.2 61.9 62.2 64.5 55.5 60.5 58.2 55.9 55.9 54.1 52.5 50 47.2 48.4 49.7 49.4 47.3 45.7 43.9 40.8 37.7 29.1 12.5 4.8 1 -1.4 -1.4 -1.4 -1.4 -1.4 -1.4 -1.4 -1.4 -1.4 -1.4 -1.4 -1.4 -1.4 -1.4 -1.4 -1.4 -1.4 -1.4 -1.4 -1.4 -1.4 -1.4 -1.4 -1.4 -1.4 -1.4 -1.4 -1.4 -1.4 -1.4 -1.4 -1.4
62.1 61.7 45.4 55.5 61.6 60.5 54.2 60.4 60.8 61 59.8 58.3 59.1 60.2 62.5 63.8 62 52.1 58.9 56 57.1 55.6 35.9 40 56.9 61.8 63.4 65.2 63.7 57.2 59 56.7 59.3 57.6 54 51.2 48.2 48.5 52 52.6 51.1 49.6 46.7 43.3 40 30.7 17.1 5.6 1.8 0.3 -1.4 -1.4 -1.4 -1.4 -1.4 -1.4 -1.4 -1.4 -1.4 -1.4 -1.4 -1.4 -1.4 -1.4 -1.4 -1.4 -1.4 -1.4 -1.4 -1.4 -1.4 -1.4 -1.4 -1.4 -1.4 -1.4 -1.4 -1.4 -1.4 -1.4 -1.4
65.6 62.5 49.5 60.1 62.4 60.9 61 62.9 63.8 63 60.6 61.6 61.5 61.6 64.2 65.6 64.5 52.7 59.7 59 60.2 58.2 58.4 34.9 53.5 59.3 63.4 65.4 64.4 62.3 58.6 56.6 56.9 57.1 56.4 54.1 51.4 52.5 54.4 55.3 54.6 52.5 49.6 45.7 41.7 35.5 24.2 5.8 4.7 1.3 -1.4 -1.4 -1.4 -1.4 -1.4 -1.4 -1.4 -1.4 -1.4 -1.4 -1.4 -1.4 -1.4 -1.4 -1.4 -1.4 -1.4 -1.4 -1.4 -1.4 -1.4 -1.4 -1.4 -1.4 -1.4 -1.4 -1.4 -1.4 -1.4 -1.4 -1.4
67.9 64.5 55.7 63.5 65.7 65.1 63.3 65.7 66.2 63.6 63.1 65 64.6 63.8 66 67.6 67.9 60.3 62.2 62.4 63.7 63.3 59 39.2 51.1 62.8 61.6 65.3 65.3 63.8 60.8 58.6 56.2 54.6 55.4 55.5 54.7 55.5 56.1 56.7 56.4 54.8 51.9 47.9 44 40.4 32.6 15.4 5.3 3.6 0.9 -1.4 -1.4 -1.4 -1.4 -1.4 -1.4 -1.4 -1.4 -1.4 -1.4 -1.4 -1.4 -1.4 -1.4 -1.4 -1.4 -1.4 -1.4 -1.4 -1.4 -1.4 -1.4 -1.4 -1.4 -1.4 -1.4 -1.4 -1.4 -1.4 -1.4
71.6 66.7 60.6 66.3 68.1 67.3 65.9 66.5 66 64.9 64.3 66.3 66.1 66.4 67.5 69.3 70.7 64.8 65.4 65.7 66.8 65.4 59.6 42.2 61 64.5 65.5 64.1 66.1 65.2 63.3 61.5 56 54.1 54.9 55.6 55 55.9 55.9 56.1 56.3 55.1 53.1 50.5 47.5 43.9 39.8 26.5 6.3 5.6 2.7 0.6 -1.4 -1.4 -1.4 -1.4 -1.4 -1.4 -1.4 -1.4 -1.4 -1.4 -1.4 -1.4 -1.4 -1.4 -1.4 -1.4 -1.4 -1.4 -1.4 -1.4 -1.4 -1.4 -1.4 -1.4 -1.4 -1.4 -1.4 -1.4 -1.4
72 67.4 67.7 69.7 70.7 68.7 68.1 68.6 67.4 67.1 66.9 67.3 67.6 68.6 69 70.8 69.2 64.9 68.2 69.3 68.2 66.9 60.8 45.9 65 65.8 66.7 67.1 65 65.6 64 62.5 60.9 58.6 56.2 55.1 55.4 55.2 55 55.1 55.1 54.8 53.5 51.5 49.3 46.5 42.5 35.9 18.3 6.2 4.6 2.1 0.3 -1.4 -1.4 -1.4 -1.4 -1.4 -1.4 -1.4 -1.4 -1.4 -1.4 -1.4 -1.4 -1.4 -1.4 -1.4 -1.4 -1.4 -1.4 -1.4 -1.4 -1.4 -1.4 -1.4 -1.4 -1.4 -1.4 -1.4 -1.4
70.4 69.3 71.5 72.2 72.5 71.9 70.6 70.9 69.5 68.4 69.6 70.5 71.2 72.1 72.1 71.3 67.3 68.7 69.9 72 71.3 68.9 60.7 46.8 66.8 67.8 68 66.8 66.2 65.9 64.7 63.1 61.1 59.6 58 56.4 55 54.7 54.2 53.7 53.5 53.5 52.9 52.1 50.3 47.5 44.4 40 34.9 18.5 5.5 5.1 1.9 -1.4 -1.4 -1.4 -1.4 -1.4 -1.4 -1.4 -1.4 -1.4 -1.4 -1.4 -1.4 -1.4 -1.4 -1.4 -1.4 -1.4 -1.4 -1.4 -1.4 -1.4 -1.4 -1.4 -1.4 -1.4 -1.4 -1.4 -1.4
72.7 73.5 74.8 75.6 75.8 75.1 74.7 76.3 74.8 73 73.6 74.6 75.1 73.5 72.9 71.9 69.6 69.6 72 74.4 73.4 71 68.1 55.2 67.3 69.1 67.9 66.9 66.2 66.1 65.3 63.5 61.3 59.7 58.1 55.7 54.7 54.2 53.9 53.7 52.7 52.1 51.7 51.4 49.4 47.9 44.9 41.3 26.4 6.9 12.9 5.4 4.6 1.6 -1.4 -1.4 -1.4 -1.4 -1.4 -1.4 -1.4 -1.4 -1.4 -1.4 -1.4 -1.4 -1.4 -1.4 -1.4 -1.4 -1.4 -1.4 -1.4 -1.4 -1.4 -1.4 -1.4 -1.4 -1.4 -1.4 -1.4
77.2 77.7 78.2 79.3 79.1 79.9 80.5 80.8 80.1 78.8 79 79.4 77.7 75.6 73.7 72.5 71 71.7 73.8 76.3 75.3 72.6 69.9 60.1 68.4 69 69.7 68.6 67.8 66.7 66 63.9 61.7 59.2 57 55.6 54.6 54.4 54.2 54.1 52.3 51.5 50.8 50.5 48.7 47.7 42.9 25.1 8.4 23.5 31.8 12.5 5.8 4.5 1.3 -1.4 -1.4 -1.4 -1.4 -1.4 -1.4 -1.4 -1.4 -1.4 -1.4 -1.4 -1.4 -1.4 -1.4 -1.4 -1.4 -1.4 -1.4 -1.4 -1.4 -1.4 -1.4 -1.4 -1.4 -1.4 -1.4
81.5 82 81.7 82.9 84 85.1 85.8 85.9 85.5 83.7 82.5 81 79.3 77.7 75.6 73.8 72.4 72.9 74.8 77.3 77.3 74.8 70.8 65 69.8 70.5 70.7 70.9 69.9 69 67.5 64.5 60.6 58.8 57.3 56.7 55.9 54.7 54.6 54.4 52.2 51 50.1 49.6 44.5 34.6 20.8 18.9 28.9 37.1 34.6 31.3 13.8 5.8 3.3 1.4 -1.4 -1.4 -1.4 -1.4 -1.4 -1.4 -1.4 -1.4 -1.4 -1.4 -1.4 -1.4 -1.4 -1.4 -1.4 -1.4 -1.4 -1.4 -1.4 -1.4 -1.4 -1.4 -1.4 -1.4 -1.4
85.9 86 86 88.7 89.6 90.4 90.5 89.8 87.6 85.5 83.5 82.1 80.2 78.6 77.1 75.3 73.5 74.8 76.1 78.1 77.8 76.5 72.1 58.9 71.8 73.3 73.9 73.4 72.6 71.3 68.5 65.5 62.4 59.5 58.3 58.1 57.4 56.5 55 54.7 52 50.7 49.9 39.7 25.1 24.9 33.9 41.3 40.6 37.9 35 32.2 26.1 15 5.2 3.3 1.5 -1.4 -1.4 -1.4 -1.4 -1.4 -1.4 -1.4 -1.4 -1.4 -1.4 -1.4 -1.4 -1.4 -1.4 -1.4 -1.4 -1.4 -1.4 -1.4 -1.4 -1.4 -1.4 -1.4 -1.4
90.2 91.2 91.4 94.1 94.4 93.9 93.6 91.7 89.4 87.4 85.3 83.5 81.1 79.5 77.9 76.2 75.3 76.6 77.9 79.1 80 78.3 72.8 64.1 74.8 75.6 76.3 76.5 75.1 71.8 69.8 67 63.7 60.6 59.4 59.2 58.9 57.9 56.9 55 53.3 51 49.6 49.3 39.4 43.3 48.7 44.6 40.8 38 35.4 32.9 30.7 28.8 13.8 5.8 4.9 1.6 -1.4 -1.4 -1.4 -1.4 -1.4 -1.4 -1.4 -1.4 -1.4 -1.4 -1.4 -1.4 -1.4 -1.4 -1.4 -1.4 -1.4 -1.4 -1.4 -1.4 -1.4 -1.4 -1.4
94.8 98.1 99.1 99.2 98 96.6 95.9 93.7 91.3 89.2 87.2 84.7 82 80.2 78.6 77.1 76.8 77.3 78.4 79.5 81.2 80 74.2 73.7 76.3 76.5 77 78.7 76.5 73.1 71 68 64.7 61.7 60.4 60.3 59.9 58.8 57.1 55.7 54 51.4 50.1 49.8 48.8 49.3 48.5 44.6 40.9 39.2 36.7 33.7 31.7 30.6 21.7 15.3 6.3 4.4 1.9 -1.4 -1.4 -0.6 -1.4 -1.4 -1.4 -1.4 -1.4 -1.4 -1.4 -1.4 -1.4 -1.4 -1.4 -1.4 -1.4 -1.4 -1.4 -1.4 -1.4 -1.4 -1.4
101.9 104.5 104.3 103.7 102.8 100.8 97.6 95.8 93.3 90.9 88.2 84.9 82.1 80.3 78.8 78.4 78.1 78 78.7 80.2 82.1 79.6 67.9 78.6 79.5 80.4 81.1 79.6 77.7 75.8 72.4 68.7 65.6 62.8 61.5 60.7 59.6 58.2 57.2 55.9 54 52.5 51.9 49.1 48.7 48.9 47.9 44.4 41 39.2 37.9 35.4 33.4 32 30.3 27.7 14.4 6.6 5.2 3 1.4 0 -1.4 -1.4 -1.4 -1.4 -1.4 -1.4 -1.4 -1.4 -1.4 -1.4 -1.4 -1.4 -1.4 -1.4 -1.4 -1.4 -1.4 -1.4 -1.4
108 108.7 107.5 105.8 105.6 104 100.9 97.5 93.5 90.3 87.8 85.2 82.3 80.6 80.1 79.6 79.2 79.2 80.1 81.3 83.1 80.9 72.2 81.2 81.5 82 81.2 79.5 77.7 76.8 73.6 69.5 65.2 63.2 61.6 60.7 59.4 58 57.2 56 54.3 55.1 54.7 52.4 50 48.4 47.1 44.8 40.5 40.9 39.6 38.2 36 33.3 30.4 28.9 26.5 21.9 13.7 13.9 2.2 -1.4 -1.4 -1.4 -1.4 -1.4 -1.4 -1.4 -1.4 -1.4 -1.4 -1.4 -1.4 -1.4 -1.4 -1.4 -1.4 -1.4 -1.4 -1.4 -1.4
110.9 111.2 109.8 107.6 105.7 104.2 101.9 96.7 93.2 90.5 88 85.7 83.4 82.2 82.4 82.3 82.2 82.3 82.5 83.2 83.8 83.4 76.8 83.4 83.4 83 81.5 79.5 78.2 77 73.3 67.1 64.8 63.1 61.3 60.8 59.9 58.5 56.5 55.6 55.5 56.1 56.9 56.5 54.7 51.4 48 45.2 44.9 43.5 41.7 38.5 35.6 34.9 32.8 29.6 27.4 25.7 24.1 14.2 3.4 -1.4 -1.4 -1.4 -1.4 -1.4 -1.4 -1.4 -1.4 -1.4 -1.4 -1.4 -1.4 -1.4 -1.4 -1.4 -1.4 -1.4 -1.4 -1.4 -1.4
112 111.2 110.1 107.8 105.3 102.2 99.2 96.9 93.6 90.8 88.9 87.6 85.4 83.8 84.1 84.5 85.3 85 84.1 84.5 84 76.6 78.5 83.5 83.5 83 81.8 80.3 78.7 77.1 73.1 68.7 65.2 63.9 61.3 60.5 60.2 59.2 57.5 55.2 55.5 56.5 56.1 55.8 54.6 51.8 49.3 49.5 47.6 43 41.8 41.7 40 37.8 34.2 31.2 29.4 26.6 24.7 22.7 5.4 2.6 -1.4 -1.4 -1.4 -1.4 -1.4 -1.4 -1.4 -1.4 -1.4 -1.4 -1.4 -1.4 -1.4 -1.4 -1.4 -1.4 -1.4 -1.4 -1.4
111.3 110 110 107.2 103.9 100.5 98.3 96.2 94.7 92.4 90.7 89.3 87.4 86.1 85.3 84.5 84.5 84.9 84.3 84.6 83.7 73.4 80.9 83.5 83.5 82.8 81.6 80.2 78.5 76.9 73.2 69 66.3 64.3 61.4 60 58.5 57.9 55.6 55.4 55.8 56 56.1 55.8 55.1 54.2 53.4 49.7 48.4 48.2 47.4 46.3 42.7 39.1 35.5 33.1 31.7 27.9 25.5 23.8 21.8 5.2 5.8 -1.4 -1.4 -1.4 -1.4 -1.4 -1.4 -1.4 -1.4 -1.4 -1.4 -1.4 -1.4 -1.4 -1.4 -1.4 -1.4 -1.4 -1.4
109.1 107.5 107.5 105.3 102.4 100.7 98.6 97.3 96.1 94.1 92.4 90.9 88.6 85.6 83 82.4 82.5 82.9 83.3 83.3 81.8 73.8 82.2 83.6 83.5 82.6 81.4 80.1 78.1 76.3 74.3 70.4 67.8 64.5 61.7 59.6 57.9 56.9 56.9 55.9 56.1 56.2 57.2 57.7 57.9 57.5 56.3 54.2 50.6 47.7 49.9 49.2 45.1 41.3 37.6 35.5 34 30.6 27.1 25.4 23.6 20.9 21.9 2 -1.4 -1.4 -1.4 -1.4 -1.4 -1.4 -1.4 -1.4 -1.4 -1.4 -1.4 -1.4 -1.4 -1.4 -1.4 -1.4 -1.4
107.9 105.8 104.5 103.2 101.6 100.6 99.2 97.9 95.3 92.5 90.6 88.8 86.4 83.7 80.9 80.5 80.6 80.9 81.3 78.3 76.2 76.8 79.5 83.4 83.2 82.4 81.1 79.9 82.5 81.7 77.2 72.7 68.6 64.3 61.8 60.2 58.7 58.1 57.8 56.4 55.9 55.7 57.9 59.2 59.6 59.2 58.4 57.4 54.9 50.6 51.7 49.7 47.9 44.2 40.5 38.1 36.1 31.4 29.2 26.1 23.8 21.5 23.2 17 1.2 -1.4 -1.4 -1.4 -1.4 -1.4 -1.4 -1.4 -1.4 -1.4 -1.4 -1.4 -1.4 -1.4 -1.4 -1.4 -1.4
107.3 105.4 105 103.1 101.6 100.4 99.2 96.9 93.7 90.5 88.2 86.4 84.3 81.6 79.5 79.1 79.5 80.1 78.2 80.7 80.9 80 81.1 82.6 83.1 82.6 80.8 81.3 82.8 83.2 79.1 74.6 68.8 65.2 63.8 62.4 61.1 59.7 58.5 57.3 56 56 57.2 59.5 61 60.6 59.9 58.7 56.4 52.8 53.6 51.1 48.7 46 42.4 39.2 35.3 33.7 32.8 27.9 25.2 23.5 23.9 25.2 9 -1.4 -1.4 -1.4 -1.4 -1.4 -1.4 -1.4 -1.4 -1.4 -1.4 -1.4 -1.4 -1.4 -1.4 -1.4 -1.4
104.9 103.6 103 102 101.1 98.9 97.9 95.5 92.1 89.2 86.6 84.2 82.1 80.2 79.3 78.4 78.5 78.5 76.7 80.9 82.2 82.7 82.5 83.3 83.5 82.8 81.4 82.3 83.8 82.8 80.7 76.6 71.7 68.6 66.6 65.7 64.2 61.8 59.6 57.9 56.7 57.8 59.3 61 62.1 61.8 61 59.4 56.3 56.2 55.2 52 49.1 48.2 44.6 41.5 39.1 38 36.3 31.1 26.9 25.1 26.2 26.5 22.5 1.8 -1.4 -1.4 -1.4 -1.4 -1.4 -1.4 -1.4 -1.4 -1.4 -1.4 -1.4 -1.4 -1.4 -1.4 -1.4
106.6 102.8 100.1 99.1 98.1 96.5 95.9 95.1 92 88.4 85.8 83.5 81.4 80.3 79.3 78.4 78 78.7 79.2 81.2 82.6 84 84.6 83.9 83.4 82.8 81.8 83.9 85.1 84.3 81.9 77 73.2 69.6 69.4 68.8 66.4 63.9 61.2 58.9 59.1 59.8 61.4 63 62.8 62.6 61.2 60 58.9 58 56.3 53.2 48.1 46.6 47.7 45.4 41.6 40.4 38.1 34.7 28.9 26.6 28.1 27.2 24.9 3 0.2 -1.4 -1.4 -1.4 -1.4 -1.4 -1.4 -1.4 -1.4 -1.4 -1.4 -1.4 -1.4 -1.4 -1.4
106.2 103.4 100.8 97.7 96.2 94.7 93.4 93.3 90.7 87 85 83.1 81.8 80.6 79.6 79.1 79.5 79.6 79.9 81.3 83.1 84.3 85.3 84 84.2 83.9 83 85.3 86.1 84.6 80.9 76.4 72.4 73.2 72.9 72 69.1 66.5 63.7 62.3 62 63.1 64.1 65.6 65.1 64.2 62.3 60 59.5 58.7 57.7 55.4 51.1 49.1 46.9 45.3 43.2 41.5 38.1 36.6 33.5 28.5 30 30 26.9 1.5 -1.4 -1.4 -1.4 -1.4 -1.4 -1.4 -1.4 -1.4 -1.4 -1.4 -1.4 -1.4 -1.4 -1.4 -1.4
106.8 104.2 102 98.5 96.9 95.8 93.9 92 89.7 87.2 86.1 84.8 83.9 82.6 80.2 80.1 80.3 80.8 81.7 82.6 83.5 84.5 85 84.6 85 85.1 84.8 85.1 85 82.4 78.6 75 76.1 76.8 76.7 75.2 72.4 69.5 67.8 66.7 66.2 68.1 68.6 69.2 68.4 67.3 65.9 64.1 60.9 59.4 58.6 57.8 54.6 51.6 49.2 46 42.6 41.1 40.2 39.2 36.5 33.4 32.5 31.7 15 0.9 -1.4 -1.4 -1.4 -1.4 -1.4 -1.4 -1.4 -1.4 -1.4 -1.4 -1.4 -1.4 -1.4 -1.4 -1.4
108.1 105.8 103.6 100.9 99.2 97 94.5 92.4 90.4 88.4 88.4 87.2 85.7 83.4 80.8 80.8 81.7 82.4 82.9 83.6 83.6 84.7 84.7 85.2 84.9 84.4 84.3 84.3 83.4 80.4 79.1 77.6 78.9 79.6 79.5 77.5 74.9 72.7 71.6 71.2 71.4 71.9 73.2 68 72.3 72.2 72.5 70.3 65.3 61.9 60.3 58.1 56.3 53.8 50.9 47.2 45.9 46.3 42.8 40.5 40.6 34.7 34.8 33.6 5.2 1.4 0.3 -1.4 -1.4 -1.4 -1.4 -1.4 -1.4 -1.4 -1.4 -1.4 -1.4 -1.4 -1.4 -1.4 -1.4
108.9 106.7 105.2 102.9 100.7 98.1 96.1 94.9 91.9 90.3 90.2 88.4 86.2 82.9 81.6 81.9 82.8 83.6 83.7 83.7 83.8 84.8 85 84.7 84.3 83.5 83.3 82.8 81.9 81.3 80.4 80.3 81.6 82.5 81.9 80.2 77.8 76.4 74.9 74.7 74.4 74 74 73.7 72.6 73.1 73.5 72.4 69.4 65.9 63.3 60.6 57.9 55.7 53 49.9 47.4 45.7 47.6 43.7 40.3 34.4 36.2 36 22.2 2.6 1.1 -0.1 -1.4 -1.4 -1.4 -1.4 -1.4 -1.4 -1.4 -1.4 -1.4 -1.4 -1.4 -1.4 -1.4
108.9 106 103.7 101.7 99.6 98 98.8 96.6 93.9 91.9 90.9 89.3 86.6 84.3 83.3 83.4 83.6 84.5 84.3 84.3 84.4 84.4 84.7 84.1 83.4 82.8 82.2 81.7 82 82.2 81 83.5 84.7 85.1 83.7 82 80.1 78.4 76.3 76 75.3 74.1 74.3 73 72.3 73.1 73 72.4 71.2 69.4 66.4 62.2 59.8 57.7 55.5 53.9 49.6 48 46.5 47.2 41.2 37.1 37.7 38 33.3 4.9 2.2 0.7 -0.4 -1.4 -1.4 -1.4 -1.4 -1.4 -1.4 -1.4 -1.4 -1.4 -1.4 -1.4 -1.4
109 105.9 102.8 101.2 100.3 100.9 101.5 98.4 95.8 94 92.1 90.7 88.1 86.1 85 84.7 83.6 84.6 85 84.9 85 85 84.7 84.4 83.4 82.7 82 82.8 82.7 81.8 81.9 85.3 86.2 85.7 84.6 82.5 80.4 78.9 78.1 76.9 75.7 74.5 74 73.4 72.9 72.4 72 73.2 72.3 69.9 66.6 63.9 61.9 59.6 57.5 54.5 52.8 50 45.7 44.3 40.7 37.8 40 40.2 36.3 25.8 4.8 1.6 0.6 -0.5 -1.4 -1.4 -1.4 -1.4 -1.4 -1.4 -1.4 -1.4 -1.4 -1.4 -1.4
109 105.9 104 103 103.5 104.1 103.5 100.4 97.8 95.5 93.4 92.2 89.9 88 85.9 85.6 85.2 86.2 86.4 86.1 85.6 85.6 85.3 85.7 84.8 83.4 83 83.1 82.1 81.3 82.5 83.9 84.3 84.2 84 82.5 80.6 79.1 77.7 76.8 75.8 74.7 73.9 73.4 73 72.7 73.3 73.9 72.7 70.2 66.8 64.4 62.7 61 58.3 53.7 51.7 50 44.9 42.4 40.8 41.1 41.8 41.5 38 34.6 23.8 3.7 1.5 0.3 -1.4 -1.4 -1.4 -1.4 -1.4 -1.4 -1.4 -1.4 -1.4 -1.4 -1.4
108.8 106.8 105.8 105 105.3 105.6 105 102.5 99.7 96.3 94.9 93.7 91.7 89.8 87.5 86.7 86.9 87.6 87.7 87.8 87.8 86.4 86.5 86.9 86.6 84.8 83.6 82.6 81.6 81.5 81.8 81.8 81.8 81.7 81.5 81.5 79.3 78.5 78 77.1 75.7 75.2 74.6 73.9 73.7 74.1 74.1 73.6 72.3 69.4 66.3 63.8 62.1 60.2 58.1 51.5 48.8 47.8 48.4 44.8 44.9 45 45.4 42.8 38.8 35.5 33.7 21.4 3.2 1.2 -0.1 -1.4 -1.4 -1.4 -1.4 -1.4 -1.4 -1.4 -1.4 -1.4 -1.4
110 109.4 107.9 106.5 106.3 106.7 106.5 104.5 101.6 98.9 96.8 95.1 93.2 91.1 89.1 88.1 88.3 89 88.1 87.9 87.5 87.7 88.4 88.4 88.5 86.9 85.4 84.4 83.5 82.2 81.9 81.4 80.9 79.4 79.6 79.9 79.1 78.6 78 77 75.2 75 75.2 74.7 74.4 74.3 74.4 73.3 72 69 65.2 61.1 59.6 57.3 54.2 53.8 53.7 51.9 51.3 46.5 44.8 45.1 46.9 45.6 42 39.1 35.9 35.3 25.5 2.6 1.1 -1.4 -1.4 -1.4 -1.4 -1.4 -1.4 -1.4 -1.4 -1.4 -1.4
111.4 110.8 109.9 108.6 107.4 107.4 107.7 105.5 102.3 99.8 97.9 96 94.5 92.8 90.8 89.5 89.9 90.3 90.5 89.6 88.8 89.6 91 91.3 91.3 89.5 88 86.4 85.3 84.1 83.9 83.7 80.2 78.2 77.9 78.2 78.7 77.6 76.4 75.7 74.7 74.3 74.5 74.8 75 74.6 74.1 72.9 71.7 68.9 65.6 60.7 57.9 57 55.3 55.1 54.7 53 50.8 44.1 43.8 43.2 44 46.7 44.4 42.4 40.4 39.1 34 19.1 2.3 0.6 -1.4 -1.4 -1.4 -1.4 -1.4 -1.4 -1.4 -1.4 -1.4
112.5 112.2 111.9 110.6 109.2 108.1 107.2 105.7 102.9 100.6 98.5 96.5 94.9 93.3 92 90.8 91.3 91.5 91.8 92.1 91.4 92.8 94.2 94.5 94.3 93 90.6 89 87.6 86.6 86.5 86.3 84 81.2 78.7 76.4 76.7 76.4 75.1 74.4 73.7 73.6 73.8 74 74.3 74.2 73.1 71.7 70.6 68.1 65.5 60 60.5 59.9 56.3 55.2 53.7 51.7 49.3 44.4 47.6 42.5 42.4 43.2 45.2 38.4 40.2 40.3 39.9 37.9 13.2 1.9 0.1 -1.4 -1.4 -1.4 -1.4 -1.4 -1.4 -1.4 -1.4
113.3 113.6 113.2 111.9 110.4 108.7 107.2 106 104.3 101.9 99.9 97.7 95.1 93.7 93.1 92.6 92.3 92.6 92.8 93.1 95.3 96.9 97.7 97.6 97.4 96.1 95.2 93.7 91.4 89.2 88.6 88.2 87 85.5 82.2 78.5 75 75.5 74.1 73.7 73.2 73.1 73 73.2 73.2 72.9 70.1 69 67.4 66.2 63.9 64.3 62.4 57.5 52.1 49.8 49.5 49.1 46.9 46.7 49.5 47.7 41.2 36.3 44 39.4 34.2 29.3 30 36.6 26.5 5.1 1.4 0 -1.4 -1.4 -1.4 -1.4 -1.4 -1.4 -1.4
114.8 115 114.4 113 110 109.1 107.7 106.5 105.4 103.7 101.6 98.6 96.1 95 94.8 94.4 93.3 93.4 93.6 94.9 98 99.5 100.1 99.5 98.7 97.8 95.9 94.4 93 91.8 89.6 88.5 86.6 85 82.7 79.6 76.4 74 73.6 73.6 73.3 73 73.2 72.8 73.1 74.8 74.5 73.7 72 68.9 66.3 63.5 57.4 52.3 49.9 50 48.3 47.4 48.2 49.3 47.5 40.1 41.8 40.2 43.1 43.2 42.1 41.1 34.4 20.1 13.4 28.2 4.1 1.2 -1.4 -1.4 -1.4 -1.4 -1.4 -1.4 -1.4
