data/440000-380000.asc
ncols 200
nrows 200
xllcorner 440000
yllcorner 380000
cellsize 50
[rows 74 to 110 of 200, columns 0 to 82 of 200]
115.1 113.7 112.2 111.6 111 110.2 108.8 108 107.7 107.3 107.7 108.2 110.4 112.5 117.9 120.6 120.7 120.6 122.1 122.8 123 120.7 118 113.2 109 105.4 102.6 100.2 97 93.6 90.6 88.2 85.6 84.9 84.2 81.8 78.9 77.1 74.9 70.4 68 65 63 59.3 56.1 53.5 54.6 56.8 55.9 54.7 53.2 51.8 50.4 49 47.3 46.5 44.3 42.4 40.9 40 39.2 38.4 39 37.4 34.1 32.8 32.1 30.6 33.3 32.6 31.9 31.6 31.6 29.8 29.2 29.7 30.5 32.2 34.4 37.8 43 48.9 54.3
116.4 114.5 112.4 111.7 111.1 110.1 108.7 108.2 107 105 105.8 106.4 108.5 110 114.3 117.2 120.8 121.2 122.4 123.2 123.5 122.2 119.5 114.4 109 105.2 100.9 98.4 95.9 92.9 90.6 88.7 86 84.3 80.2 78 76.5 74.3 72.6 69.7 67 64.1 62.1 59.5 55.8 54.2 53.3 56 55.9 54.6 53.3 52 51.2 49 46.9 45.4 44.6 43.1 41.8 40.7 39.6 38.3 37.5 34.8 33.1 32.1 31.1 32.1 34.9 31.9 30.9 30.7 31.4 31.3 31.6 31.8 32.3 33.3 35.6 39.3 45.2 51.1 56.2
117.2 116.7 115 113 111.9 111.1 110.1 109 107.8 106.4 104.8 104.9 106.2 107.4 109.7 113.3 116.2 119 120.4 121.9 121.9 121.4 120.8 115.7 110 105.2 101.4 99 96 92.9 90.2 87.7 85.2 82.4 78.8 75.6 72.6 71.2 69.8 67.6 65.3 63 60.5 57.7 54.7 52.9 52.9 52.9 56.1 54.8 53.6 52.5 51.9 50.2 47.1 44.9 43.6 43.1 42.3 41.3 40 38.9 36.6 34.6 32.5 31.2 29.4 33.2 33.2 34.7 30.8 31.2 32.2 32.8 33.3 33.9 34.2 34.7 37.8 40.4 44.7 48.9 54.4
120.7 119.4 117.9 115.9 113.5 112.4 111.4 110.2 108.9 107.2 105.7 104.5 104 104.6 107 109.9 112 114.4 115.9 117.5 119.3 118.6 117 113.8 108.6 105.3 102.8 100.4 97.1 93.9 90.9 88.1 85.7 82.7 78.8 75.2 71.8 68.7 67.8 65.5 63 61 59.1 56.3 53.7 52.9 55.2 55.6 56.9 55.2 54.1 53 52.1 50 47.7 45.3 44.5 43.6 42.6 41.7 41 40.6 38.4 35.4 30.9 30.5 33.9 33.7 33.2 35.5 30.7 31.4 32.4 33.4 34.2 34.8 35.5 36.9 38.8 41.1 43.6 47.5 52.3
124.3 122.9 120.5 117.8 115.3 114.6 113.6 112.2 110.2 108.6 107.3 105.6 103.9 103.7 103.9 105.5 108.2 109.9 111.6 113 114.6 114.9 113.2 111 108.3 104.1 100.7 99.9 96.3 94.3 91.4 88.4 85.3 82.2 78.9 76.3 72.9 70.4 67.7 65.9 64.7 62.9 60.2 57.5 56.9 56.8 58.2 57.4 57.4 55.6 54.5 53.4 51.9 50.2 48.6 46.6 45.1 44.1 43.1 42.3 41.8 41.5 39.8 35.9 29.4 33.5 33.5 33.6 33.6 34.3 35.5 31.5 32.6 33.8 34.8 35.8 37.3 38.1 39.4 42.1 44.7 49.5 55.9
127.6 124.9 122.5 119.5 117.7 117.3 116.2 115.1 113.6 111.9 109.9 107.5 105 104.3 104.6 106.1 106.1 108.1 109 109.2 111.4 111.6 110.9 110.7 108 104.4 99.9 96.3 93.5 91.4 89.1 86.5 83.6 80.8 77.6 75.3 73.3 71.4 69.4 67.4 66.9 66.4 64.5 62.1 58.3 58.2 59 59.1 57.9 56.1 54.8 53.7 52.3 50.8 49.2 48.1 47.2 46.2 44.8 43.4 42.7 41.1 38.6 33.7 29.4 32.5 32.7 32.8 33 33.2 35.5 31.9 32.8 33.9 34.6 35.5 38 39.4 41.2 43.1 46.8 51.5 59.5
129.9 127.3 124.2 122.9 121.3 119.9 118.1 117.2 116.4 115.1 112.7 110.3 106.8 105 107.3 109.1 109 108 108 107.9 108.2 108.5 108.3 108.7 107.4 105 101.3 98.4 95.4 92.3 88.1 85 82.8 80.7 79.2 74.5 74.4 72.5 72 70.4 69.3 69.3 67.2 65 61.8 59.9 59.3 58.6 57.7 56.8 55.1 54.1 53 51.4 49.7 48.7 48.4 48.3 47.7 45.2 42.7 39.9 36.5 31.7 32.4 32.8 33 33.2 33.3 33.3 34.3 36.1 32.6 33.7 34.5 36.3 38.4 39.8 43 44.6 48.3 52.6 59.2
123 126.3 125.6 123.2 122 121.1 119.4 117.6 115.8 114.6 112.9 110.3 106.2 106.7 110.3 112.2 111.3 109.7 108.9 108.1 107.9 107.1 106 105.7 105.3 104.1 101.7 99.9 97 92.1 90.8 89.5 89 88.9 81.4 75.7 75.1 74.9 75.5 73.5 71.8 71.1 70.5 67.9 65 61.8 59.4 58.3 57 56.2 55.2 54.5 53.6 51.2 49 46.9 46.6 45.7 46 45.8 42.4 39.6 36.1 29.4 32.6 33 33.4 33.5 33.7 33.1 33.1 35.6 35.9 34.6 35.9 37 39 40.2 43.3 46.2 48.4 52.3 55.9
132 126.1 120.2 123.5 121.8 121.1 119.8 117.5 114.9 113.6 111.8 107.6 101.8 106.3 110.7 114.8 112.9 111.2 109.3 108.1 107 105.8 103.2 101.4 100.3 99.8 99.8 99.9 98.2 92.8 91.7 90.7 90.3 89.2 83.8 80.7 78 76 76.6 75.6 73.9 72.6 72 71.3 68 64.7 60.7 58.5 57 56 54.3 54.6 52.5 50 47.6 45.8 44.2 43 42.9 42.4 40.9 38.7 36.2 29.4 32.8 33.2 33.6 33.9 33.5 32.9 32.9 33.7 37 42.7 41.7 39.1 39.2 40.1 42.3 46.3 49.1 49.8 52.4
134.1 131.5 127.9 122.1 115 119 117.9 115.4 114.3 112.7 109.9 106.4 100.8 103.4 107.5 112.5 113.3 112.2 110.4 108.9 107.2 103.9 100.9 99.4 95.1 94.9 95.6 95.2 94.8 94.5 94.9 92.7 91.2 89.9 89.2 83.6 80.4 77.8 75.9 74.1 74.2 72.6 71.5 70.9 68.9 66.6 63.8 59.5 57.3 56.3 54.2 54.7 50.8 48.4 46.2 44.4 42.9 40.7 40.1 40 38.7 37.3 35.8 29.4 33.4 33.7 34 34.2 33.8 35.3 38.7 41.1 35.6 36.5 36.9 39.3 39.2 40.6 41.8 44 45.8 47.6 48.3
134.3 131.6 128.2 125.2 122 119 111.4 111.3 110.7 108.7 106.9 105.3 101.9 99.3 102.3 105.8 110.9 112.6 111.5 110.7 110.1 106.9 104.5 100.9 96.5 92.7 90.2 89.7 89.6 89.7 90.6 91.5 90.4 88.8 88.2 87.6 83.6 80.4 77 73.7 71.7 70.6 69.2 68.4 67.2 65.6 63.9 62 58.7 54.8 53.9 51.6 49.4 46.8 44.9 43.1 41.5 39.9 38.7 37.4 36.2 35.1 33.9 32.3 33.9 34.2 34.3 34.7 34.9 37.4 38.5 36.3 35.8 36.7 39.6 39.4 39.9 41.2 41.8 43.6 45.5 46.6 47.9
134 131.3 128.2 125.2 119.9 116.9 114 111.3 108.2 106.3 103.5 101 98.1 94.8 99 101.3 105.2 110.2 112.2 111.6 110.4 109.2 107.5 104.1 100.1 95.7 91.8 88.8 85.5 85.6 85.9 86.5 86.9 86.8 87.4 87.5 86.3 83.5 80.2 75.6 71.6 68.9 67 64.8 63.3 61.7 60.6 58.9 57.3 55.3 53 50.5 53.7 45.4 43.7 41.7 40.1 38.3 37.3 36.2 35.1 34.6 34 33.3 31.2 34.4 34.6 34.8 34.5 34.3 34.8 35 35.2 35.7 39.4 39.6 40.6 41.2 41.7 42.8 46.1 47.8 49.7
133.5 130.7 127.2 123.7 119 115.5 112.3 109.6 106.7 104.2 102.5 101.7 97.1 93.6 93.5 99.3 102.3 107.2 112.1 112.2 110.8 109.8 108.5 106 103.1 99.5 95.6 91.8 88.5 85.6 82.2 80.9 82.2 82.4 82.7 82 82.5 80.7 78 74.4 71.3 68.9 66.2 63.1 60 58.3 57.2 55.9 53.7 52.1 50.4 48.9 47.7 49.3 42.7 40.4 38.6 36.8 36 35.3 34.6 34.1 34.1 34.8 31.6 33.4 33.2 33.3 34.4 34.4 34.2 34.5 35.3 35.6 35.7 39.9 40.5 41.1 41.7 44.6 46.6 48.2 50.2
133.3 130.2 126.8 122.6 118.9 115.5 112.5 108.8 105.3 101.9 100.1 99.6 99.8 94.1 89.5 95.8 100.2 106.1 111.7 112.5 111.3 109.8 108.6 106.1 103.3 99.9 96.5 93.1 90.7 86.8 82.8 78.7 78.5 78.4 77.9 78 77.4 76 73 70.6 68.5 66.1 61.9 58.8 56.6 54.5 53.5 51.1 49.3 48.8 47.5 46.1 45.6 50.2 41.6 39.1 37.6 36 35.4 35 34.6 34.3 34.2 35.1 33.6 29.5 32.4 32.5 32.6 34.3 34.1 32.8 35.3 35.5 35.7 37.5 40 40.5 42.2 45.2 47.3 48.6 50.5
131.7 129.5 126.9 123.1 119.6 116 111.9 108.7 104.9 101.5 98.9 97.2 95.7 95.9 90.5 93 98.5 104.7 111.9 112.1 111.1 109.3 108.4 106.3 103.6 100.1 96.7 94.1 91.7 89.1 85.1 80.7 76.6 75.2 74.5 72.8 72.1 71.5 66.4 66 64.6 62.1 59.9 55.5 53.4 51.9 49.6 47.5 46.7 45.8 44.4 43 42.4 43.3 51.4 37.9 36.4 35.8 36.5 36.1 35.7 34.6 34.5 35.1 33.5 32.4 30.9 32.1 32.2 32.3 32.3 32 35.5 35.7 35.7 35.7 39.6 40.1 42.5 45.2 47.9 50.2 52.7
128.6 126.5 124.8 122.4 121.2 117.6 113.7 110.6 107 102.7 100.1 96.8 94.3 95.4 90.8 90.1 95.2 102.2 108.6 111.1 110.6 109.1 108.2 106.5 103.9 100.7 97.9 95.1 92.8 90.1 87.5 83.5 79.8 75.7 71.7 68.8 68.6 67.7 64.8 63.2 59.6 58.4 57.4 52.7 50.4 48.3 47.4 44.8 45.2 43 41.3 39.8 39.2 39.4 46.5 46.2 37.9 39.4 41.4 39.9 38.4 37.6 37.1 35.4 33.8 32.2 32.5 31.8 32 32 32 32.2 32.8 35.7 35.5 35.5 35.7 38.3 41.2 44.7 48.2 52.4 55.1
126.1 124.6 122.8 121.1 120 116.9 113.7 110.3 106.9 102 100.4 97.3 94.3 94.1 93.5 85.7 91.7 96.9 101.4 104.6 107.7 107.7 107.6 106.8 105.1 103 100.3 96.7 93.8 91.1 88.5 85.8 82.3 77.8 72 66.5 64.2 64.1 62.8 61 58.5 55 53.9 52.1 48.5 47.2 45.2 43.1 41.7 39.2 39.4 39.2 38.9 38.8 39.8 48.9 44 43.6 45.6 45.2 42.5 40.3 39.7 36.5 34.6 32.9 32.5 32.5 31.8 31.9 32 32.2 32.5 33.6 35.1 35.1 35.3 37.1 41 44.3 47 51.3 56.6
125.3 123.3 122.3 119.1 116.9 113.7 110.6 108.4 104.9 100.9 99 95.9 93 93.1 93.3 82.4 86.1 90.7 93.5 94.6 95 96.6 102.1 104.2 104.5 104.4 102.5 98.5 93.8 90.8 88 85.4 81.6 78.1 72.6 69.1 67.8 61.1 60.8 60.5 57.9 54.3 53.2 51.8 49.8 44.4 41.7 41.5 41.4 40.8 40.2 39.8 39.8 40.4 43 46.4 49.7 47.7 48.9 48.7 46.5 44.6 41.3 38.4 35.5 33.8 32.4 32.5 30.9 31.9 32 32.3 32.6 32.8 34.9 35.1 35.2 35.2 39 42.6 46.5 49.6 54.5
125.6 123.5 119.4 117.3 115.7 112 108.8 106.8 103.1 100.6 99 96.1 94.4 92.1 94.5 87.4 78.8 80.6 84.7 85.2 85.2 87.4 89.9 94.1 97.3 100.6 100.3 97.1 92.3 88.2 86.1 83.2 79.6 77 73.5 70.5 67.8 64.2 57.2 57.2 57.5 53.6 50.8 47.9 44.7 45.2 43.9 43.2 42.7 42 41.7 41.7 42.3 44.1 46.5 48.9 49 49.4 52.8 51.9 50.2 47.5 44.3 40.5 37.2 35.2 33.7 32.6 32.6 29.5 32 32.6 32.9 32.9 32.9 35.2 35.3 35.7 35.7 40.1 45.1 48.5 53
129.1 124.9 121.9 118.6 115 110.6 108.5 105.1 101.2 99.1 99.5 98.8 97.6 95.2 95.2 92 83.3 83.2 80.2 74.5 75.2 77.5 80.3 78.4 80.5 84.7 86.4 87.5 86.5 82.7 78.3 71.9 68 61.5 58.4 58.1 59 60.8 59 52.2 50.8 48.5 49.3 49.7 49 47.9 46.5 45.2 44.1 43.5 44.8 45 46.4 48.8 51.4 53 53.4 53.2 48.9 54.3 54.2 50.7 47.6 44.5 41.6 38.6 36 34.3 33 32.8 29.5 32.3 32.8 32.7 32.7 32.8 35.7 35.8 35.9 35.9 40.8 45.5 49.6
131.7 127.4 124.1 120.8 117.2 113.8 111.4 108.4 104.9 102.4 102.5 101.8 100.7 97.6 97.2 94.3 89.3 88.4 86 82.8 79.3 75.1 70.4 70.4 71.7 72.7 73.1 73.3 71.6 71.7 68.2 62 59.7 65.9 66.3 62.8 57.8 55.3 55.6 53.4 56.9 52.9 55.3 56.1 53.6 51 49.6 48.2 47 46.4 49 51 52.2 54 55.6 58.1 57 56.9 57.2 48.8 50.8 55.6 51.5 47.9 45.2 42.4 39.5 36.4 33.6 32.9 32.7 29.5 32.2 32.3 32.5 32.6 35.8 36 36.2 36.1 37.1 39.9 45.3
134.1 130.2 126.5 123 119.6 117 114.2 111.2 108.2 105.7 105.1 104.1 103 102.2 100.5 96.4 93.8 92.3 89.9 85.9 82.3 79.8 76.7 75.1 70.8 67 64.5 64.4 64.1 64 65.1 69.6 76.4 76.7 77.7 75.4 72 66.8 65.7 67.1 67.5 64 59.3 61.5 56.9 54.4 54.8 52 49.7 50.5 53.4 55.7 56.7 59.2 63.5 62.1 60.6 58.1 58.6 58.7 52.6 48 54 51.2 48.8 46.1 43 39.6 36.1 33.5 33 32.8 29.5 32.1 32.3 32.8 32.9 36 36.2 36.3 36.2 37.1 43.7
137.3 132.8 128.6 125.1 122.1 119.3 116.4 113.5 110.9 108.7 107.6 106.1 104.6 103.1 101.6 100.7 97.4 96.6 94 89.7 86.1 82.3 81 77.8 74.9 73.8 72.4 71.9 70.8 74.4 80.3 84.2 89.3 91.6 90.9 84.5 81.8 81.1 79.8 77 73.1 69.9 66.4 64.1 60.2 58.8 57.2 54.7 53.3 55.1 57.9 59.2 59.6 62.3 64.5 65.2 59.7 60.8 59.9 59.7 59.1 55.3 47.4 49.9 51.8 49.8 45.9 42.7 40.1 38 35.1 33.1 32.9 32.2 32.8 32.8 33 34 36.7 36.3 36.2 36.5 38
137.3 136.1 131.9 127.9 124.4 121.9 118.6 115.4 113.1 111.6 110 107.9 106 104.4 103.7 103.8 98.1 99.5 97.7 94.1 89.8 86.2 85.2 82.1 80 78.1 75.8 75.5 80.2 86.9 93.1 96.2 97.1 96.2 94.3 91.2 90.5 88.1 85.3 81.3 77.4 73.8 70.4 67.6 64.3 63 59.9 57.4 57.3 60.7 62.8 61.7 63.4 63.3 63.8 62.6 66 62.9 60.9 58.6 58.5 57 54.8 47 46.6 50.7 48.3 45.5 42.4 40.3 38.7 34.9 33.4 29.9 32.7 32.8 33.4 33.7 36.6 36.4 36.1 36.4 36.5
134.1 137.6 135.4 131.4 127.7 124.3 120.7 117.4 115.3 113.7 111.8 109.9 107.8 105.2 104.3 103.6 98.4 101.7 100.6 97.9 93.6 90.5 88.5 86 83.3 80.9 80 82.1 90.8 97.9 99.7 100.6 99.8 98.8 97.1 95.3 93.7 92.1 88 84.9 81.5 78.2 73.5 67.8 67.5 66.9 64 62.4 61.6 64.1 66.1 65.6 65.7 64.5 63.6 63.7 64 63.9 62.1 59.6 58.2 56.5 54.6 52.5 46.8 46 46.1 45.4 42.9 41.1 39.5 38.6 34.7 33.5 31.7 32.8 33.1 33.6 34.2 36.4 36.1 36.3 35.3
128.9 132.4 134.3 133.9 130.5 127.4 123.8 119.7 116.9 114.7 112.8 111.1 109 106.7 105.5 104.3 98.1 103.9 103.5 101.6 97.1 94.3 92.1 89.8 87 84.2 83.6 87.9 97.9 101.3 101.4 101.3 100.7 99.6 99.6 98.1 96 94.3 91.4 88.9 85.3 81.8 75.4 74.4 73.2 70.6 68.9 67.4 65.7 67.1 68.3 67.7 67 65.1 63 62 61.4 61.3 60.8 58.1 57.4 56.3 54.4 52.4 50.4 47.5 45.8 45.3 42.9 40.8 40.9 39.1 35.6 34.8 33.8 32.8 33.1 33.6 33.9 34.2 36.4 34.3 34.1
123.5 125.6 128.6 130.2 129.8 126.7 125.5 122.4 119.1 115.8 113.9 112.1 109.7 107.7 106.2 105 97.4 105.6 106.3 105 102.1 97.8 95.8 93.9 91.4 89.3 88.9 89.7 98.5 102.4 102.2 101.4 101 100.1 100.1 99.7 97.9 95.8 94 91 87.9 83.1 80.3 80.1 77.3 74.3 73.3 71.6 69.5 69 69.5 68.3 67.1 65.2 64 62 59.4 57.9 57.3 56.6 55.6 54 52.2 51.6 49.3 48.4 46.7 45.4 44 44.3 39.7 41.1 38.5 37.6 35.3 34.2 33 33.5 33.8 34.2 34.1 33.7 33.3
119.5 117 119.5 122.2 124.4 124.8 123.5 122.7 122.1 118.7 115.3 113.2 110.9 109.1 106.9 105.6 96.2 105.5 106.4 106.1 104 101.3 99.5 96.9 94.7 93 92.8 91.8 97.5 101.9 102.8 101.4 100.8 100.5 100.1 99.7 98.2 96.7 95.3 92.5 89.4 85.6 86.3 83.6 80.9 78.2 77.8 74.8 72.7 71 69.7 67.3 65.5 63.9 62.1 60.8 58.8 55.8 53.9 53.1 52.8 51.3 49.2 48.1 48.2 48.5 45.2 44.6 43.2 41 43.7 43 38.1 37.4 37 35.4 33.9 33.5 33.7 34.1 33.8 33.6 33.5
117.5 112.8 109.7 113 115.9 117.9 119.5 120.2 120 119.4 116.7 114.2 112 109.5 107.7 106.1 94.3 103.9 105.6 106.2 105.3 102.4 99.7 97.6 96.4 95.6 95.5 95 97 102.4 103.9 102.4 102 101.6 100.5 99.6 98.5 97.4 95.9 92.9 90.5 86.7 89.3 86 83.1 80.6 79.1 76.1 74.3 71.8 69.3 67.4 66.5 65.3 63.2 62 60.1 58.5 56.1 54.5 52.9 50.2 48 46 44.3 44.8 45.7 44.3 41 40.3 38.8 40.9 43 42.9 40.2 39.5 38.4 33.7 34.2 33.9 33.9 34.3 34.3
115.3 111.4 108.1 105.2 107.3 109 110.5 112.8 115 114.6 113.5 112.6 109.1 108.1 107.5 104.1 92.6 103.2 103.8 104.3 104.9 102.6 99.8 98.7 98.5 97.7 97.3 97.2 99.2 101.8 103 102.9 102.8 102.3 101.8 100.4 98.9 97.1 95.7 94.1 91.1 89.9 91 88.1 85.2 82.7 80.1 77.8 76.5 73.8 71.4 67.9 67.2 66.9 66.3 64.9 63.8 61.9 59.1 56.8 53.7 50.7 48 45.8 44.6 42.7 44.9 41.1 40.1 41.3 37.9 36.6 38.2 42.8 43 43.3 43.6 42.1 38 34.8 34.6 35.5 35.1
115.5 111.5 108.3 105.1 102.9 101 101.9 103.2 103.7 106.1 107.4 109.1 108.8 103 105 99.2 90.9 102 102.4 102.8 103.1 102.4 100.1 99.9 99.7 99.2 98.8 98.9 101 101.3 102.9 103.1 102.9 102.4 101.1 99.8 98.5 96.6 94.9 93.6 92.2 92.4 92.5 92.3 89.3 86.1 82.7 81.2 79.4 77 75.9 74.6 73.1 71.2 70.1 68.8 67.3 64.7 61 57.2 54 51 48.6 47.2 45.8 43.7 41.6 40.2 38.9 40.7 37.1 35.7 34.2 36.8 42.5 42.8 43.2 43.3 42.4 37 37.1 45.9 45
117.2 111.8 108.5 105.6 102.9 100.6 98.7 97.2 97.2 97 97.1 96.7 97.2 96.8 96.6 94 91.4 100.3 100.2 100.8 101 100 99.4 99.9 99.5 99 99.1 99.3 100.3 100.4 102.1 103.1 103.1 102.1 100.6 99.9 99.7 97.7 97.8 97.7 96.5 96.4 96 94.5 92.1 90.3 86.7 84.2 82.7 81 79.6 78.5 77.1 75.2 73 71.7 69.1 66.3 61.9 58.1 54.1 51.1 49.5 48.1 48.4 47 44.3 41.3 38.9 37.9 36.3 35.1 34.4 34.2 37.8 42.2 42.8 42.2 43.1 44.4 30.2 35 35.5
119.5 112.5 109 106.1 102.9 99.7 98.1 95.3 95.1 94.7 95.3 95 94.9 94.8 94.1 88.6 90 96.7 99.8 99.4 98.7 98.6 97.5 97.5 98.4 98.8 98.5 98.2 98.9 99.7 101 101.9 101.9 101.7 100.3 100.2 100.7 100.4 99.8 98.4 98.4 98.4 98 96.5 94.6 92.4 90.1 86.5 85.5 84.4 82.9 81.6 79.9 77.7 75.3 73.2 70.7 68.2 63 58.9 55.5 52.5 50.4 50.4 50.7 49.7 46.8 43.8 41.8 39 37.2 35.9 35.4 34.6 35.1 38.4 41.9 42.6 43.1 43.3 36.9 34.4 35
121.7 115.9 109.6 105.5 102.2 98 97.4 93.6 93 92.3 89.6 86 86.7 86.9 86.5 83.6 86.4 92.6 96.2 97.2 97.1 97 95.8 95.1 96.3 97.1 97.1 97.2 97.4 97 99.8 101.3 101.2 101 100.6 100.6 100.6 101.2 100.8 99.4 98.8 99.1 99.8 98.6 97.1 95 92.8 89.3 87.8 86.9 85.9 84.6 82.8 80.2 77.5 74.8 72.2 69.8 65.3 61.7 58.8 55.9 51.6 49.7 49.6 50.8 47.9 45.9 44.1 40.5 38.2 37 36.2 35.3 35.2 35.2 41 41.8 42.2 42.4 41.9 34.2 34.7
122.2 118.6 111.5 106.9 102.7 98.2 96.2 92.7 91.5 89.3 86.3 84.1 82.6 82.3 81.2 79.9 81.2 87 91.3 94.4 94.9 94.1 92.9 92.8 95.2 95.7 95.5 95.5 94.4 94.2 96.8 99.9 100.4 100.2 101.7 101.8 101.9 102 102 101.1 100.8 101 101.2 100.6 99.5 97.4 95.2 92 89.9 89.1 87.8 86.3 84.6 82 79.3 76.7 73.7 71.1 68.1 64 61.6 57.9 54 49.9 47.9 45.9 44.6 44.4 43.4 41.7 39.2 37.9 36.7 36 35.4 35.5 35.3 41.2 41.5 41.8 41.1 30.3 34.4
117.4 114.7 111.7 107.6 102.8 97.1 92.8 91.7 90.1 88.2 85.9 83.6 81.4 79.8 78.3 79.1 79.1 81 84.6 88.8 91.6 93.7 91.7 90.8 92 90.5 90.6 90.9 91 91.1 92.2 96.1 99.1 99.9 101.5 102.9 103.3 103.5 104.5 103.6 102.6 102.2 102.1 101.6 101 99.6 97.3 93.8 91.7 90.4 88.6 86.7 84.9 82.7 80.4 78.8 75.7 72.7 69.4 66.2 63.1 59.3 55.4 52 49.5 46.4 43.8 42.1 40.7 39.7 39.1 37.8 36.5 36.4 35.8 36 35.7 35.7 41 40.8 40.5 36.5 34
115.5 111.7 108 101 98.1 95.8 92.1 90.1 88.1 86.4 84.9 82.6 80.3 78.4 76.8 77.8 77.5 75.4 76.5 82.1 86.6 90.5 88.9 87.1 88.2 86.7 85.9 85.3 86.2 87.1 88.5 91.7 94.7 98.4 100.8 102.9 104.1 104.7 105.4 106.2 104.9 104 103.3 102.5 101.4 100.6 99 95.9 93.2 90.9 88.3 85.9 84.3 83.1 82 80.4 77.3 74.6 71.5 68.1 64.5 60.9 57.3 54.1 50.9 47.5 45.2 42.1 39.5 38 37.4 37 36.2 36.1 36.1 35.9 35.8 35.9 35.5 40.5 40 39.1 31.8
