data/440000-1160000.asc
ncols 200
nrows 200
xllcorner 440000
yllcorner 1160000
cellsize 50
[rows 38 to 75 of 200, columns 0 to 84 of 200]
199.7 184.4 168.2 146.5 118.4 93.7 73 54.1 40.5 31.8 24.2 19 16.3 14.7 12.9 12.5 14.1 20.3 19.9 21.8 26.2 35.2 47.8 70.5 92.9 113.6 133.9 146.7 148 133.5 119 108.1 99 87.8 75.9 63.9 50.6 37.6 33 30.7 26.9 17.8 23.4 27.8 32.1 40 44.9 50.6 57.2 61 61 59.5 55.9 50.8 50.4 51.8 56.6 68.7 82.2 93.6 106.6 119.8 129.1 133.5 131.3 128.3 125.7 125.6 127.2 127.8 130.8 138.5 143.1 143.4 141.4 139.7 139.3 140.8 141.2 142.9 146.8 149.4 150 148.2 145
194 177.7 166.1 143.1 116.9 94.5 72.4 55.8 42.5 30.1 23.5 18.8 16.2 15 13.2 10.8 13.8 16 18.4 20.7 28.2 38.2 52 76.2 98.5 120.2 139.1 144.7 140.5 123.7 107.4 96.5 85.4 74.8 64.5 54.2 43 40.8 36.2 29.6 23 18.1 26.5 32.6 38.5 47.9 55.4 60.4 63.6 65.6 66 56.2 55.6 53 54.1 57 64.9 80.6 93.9 108.7 123 134.5 141 139.9 136.3 130.9 128.6 128.6 130 132.5 135.8 142.5 145.8 147.4 146.3 145.4 145 143.6 145.1 149.7 151.8 152.5 151.2 150.5 146
189.8 176.5 160.7 137.8 112.3 93.2 70.8 55.5 43.5 31.8 25.4 20.1 17.1 15.4 13.9 12.1 10.6 12.6 16.5 21.3 29.8 44.6 59.9 80.4 103.7 125.6 141 142.7 134.3 114.1 97.1 84 72.7 65.2 55.7 47.8 44.4 42.6 36.9 28.2 19.9 21.9 27.5 37.2 46.8 55.1 62.3 68.2 67.9 67.8 63.9 56.6 56.8 57 62.4 68.1 77 92.5 107.2 124.2 138.1 145.1 149.8 147.4 143.1 139.5 135.7 133.1 136.1 139.4 142.4 146.7 150.8 151.1 149.3 150.4 150.4 149.4 150.9 153.2 155.4 155 153.5 148.9 142.5
186.4 172.7 154.7 136.1 110.1 87.7 66.6 53.7 43.2 33.2 27.6 22.4 18.5 16.6 15.1 11.9 11.6 12.2 16.8 22.9 34.2 48.4 65.9 83.4 110.3 129.6 141 137.2 125.6 105.7 86.9 73.2 66.2 58.6 52.7 45.3 40.8 38.3 33.6 25.2 24.6 26 30 41.2 52 59.3 66.9 70.8 70.7 67.2 61.7 58.6 59.3 64.6 71.6 81.1 92 106.2 120.9 138.4 147.3 152.6 156.2 155 152.5 146.2 141.8 139.7 141.1 145 148.2 150 154.2 156.2 154.2 151.3 152.2 153.7 155.6 157.2 158.8 158.3 156.2 151.3 144.6
183.6 168.9 150.4 129.3 107.5 85.6 66 53.3 42.6 34.3 29 24.1 20.1 18 16.4 13.1 14.9 15.8 16.7 24 34.7 49.2 64.9 84.5 110.4 129.6 140.8 133.9 116.6 94.8 77.8 67.9 60.6 54.9 51.2 44.2 37.4 33.4 29.4 22.4 26.5 27.9 34.1 45.7 55 61.6 67.1 69.6 71 66.6 59.8 60.3 66 72.4 82.9 94.2 106 121.5 135.2 145.7 154.2 159.7 162 162.7 158.3 152.5 148.4 145.8 146.7 149.9 153.4 155.7 158.3 160.2 157.2 152.9 153.6 156 157.2 158.5 159.6 160.3 157.8 152.6 146.4
180.4 162.2 141.4 119.5 101.5 81.5 65.3 54.1 44.9 36.6 30.6 26.1 22.5 19.5 18 15.1 14.8 16 19.5 24.6 35.2 49.6 64.9 85.5 109.3 128.6 139.3 130.8 113.6 93.6 75.7 62.3 55.5 50.4 49.6 42.1 34.9 29.6 24.6 26.5 28.6 31.6 37.5 47.1 55.5 61.4 65.1 68.3 69.8 66.7 59.8 63.9 70.7 80.6 94.2 109.6 122.5 133.1 145.1 153.2 160 165.7 167.9 167.2 163.6 158.5 155.4 153.3 152.8 155 157.9 160.7 159 159.9 158 154.4 153.1 154 155.9 157.1 156.8 156.3 156.8 151.8 146.2
175.3 160.4 138.5 114.3 92 75.2 63.3 55 46.1 37.2 31.7 27.9 23.9 20.7 19.7 18.1 14.9 15.5 19.7 26.1 36.4 49.9 64.1 84.2 108.3 128.3 135.2 129.4 110.9 91.3 74.1 60.5 51.6 46.7 42.6 37.2 31.6 27.5 28.1 29.6 31 33.8 39.4 47.7 54.9 59.6 61.9 66.2 67 65 63.1 68.3 77.4 89.4 103.9 119.8 133.1 143 152.2 160.1 164.6 168 170.4 170.8 166.8 162.1 161.3 160.5 161.3 161.2 163 161.5 159.9 159.3 155.2 149.9 149.7 150.2 151.1 152 152.7 154.1 154.4 153.3 148.4
172.8 157.6 138.9 116.7 90.4 73.1 60.5 52.7 44.2 37.2 32.4 28.5 26.5 23.4 22.1 21.7 18.9 17.7 20.7 26.1 36.7 49.4 63.2 80.8 103.5 122.9 129.6 129.6 110.5 91.7 73.5 57.8 50.1 44.5 39.7 34.8 31.2 27.5 29.2 33.3 35.2 37.8 42 48.2 52.1 56.4 58 58.4 58.8 60.1 64.8 72.8 84.9 97.6 113.3 126.7 139.1 148.1 157.3 163.9 167.2 170.2 170.8 171 169.5 165.8 165.4 163.3 162.2 164.7 166.3 162.1 161 158 151.5 148.9 147.9 149.1 150.3 151.1 151.4 151.7 152 150.9 147.5
169.6 154.6 136.6 113 88.5 72.7 60.5 52.7 45.3 39.3 33.6 30.8 29.8 27.2 26 23.7 20.8 16.9 21.1 26.5 35.9 50.1 63.5 79.2 97.4 120.4 131.7 131 113.9 93.7 74.9 60.1 51.7 45.5 41.7 36.4 32.7 29.5 30.2 31.8 36.6 39.1 41.8 46.8 51.3 52.3 51.1 52 52.9 58.1 65.1 76.8 90.9 107.4 124.1 134.4 143.1 151.8 159.7 165.5 168.6 171.1 172.1 171.3 170.5 169.1 167.6 166.2 164.6 163.2 162.9 161.5 157.8 152.7 148.7 145.8 144.4 145.9 148.1 147.1 147.9 149.1 150.2 148.9 145
165.3 147.7 130.6 107.8 85.7 71.4 62.3 54.5 46.7 40.4 35.9 34.8 34.4 32.3 29.8 26.2 20.6 19.2 21.3 27 36.3 49.7 64.4 78.1 98 123 134.7 131.5 115.6 94.8 81.6 69.1 61.4 54.3 45 38.8 35.5 33.3 27.4 33 33.4 38.2 40.3 41.9 45.1 48 49 47.6 50.4 59.1 66.2 79.1 98.4 116.1 128.8 137.6 146 154.3 161.5 166.3 170 172.2 174.7 174.3 173 170.3 168.8 167 164.8 162.6 161.7 158.8 152.2 148.4 144.8 142.6 140.5 141.8 142.4 141 143.1 145.4 146.9 145 141.1
164 147.6 125.7 104.3 81.9 70.5 61.4 54.9 47.9 42.6 38.4 37.5 36.5 34.7 35.1 29.4 23.2 19.2 21.3 28 35.4 47.7 62.4 76.4 97.1 118.2 132.4 132.8 118.3 97.3 86 78.8 74.2 63.1 51.4 43.4 38 33.5 32.4 27.9 34 36.4 38.8 40 40.6 41.9 43.8 46.5 49.6 57.3 68.3 85.5 106.2 121.4 131.6 140.5 148.9 156.2 162.5 167 169.4 172.4 175.4 175.7 175.4 172.3 169.2 167.3 164.3 161.3 160.5 152.7 147.5 144.1 141.6 140.6 139.7 139.4 137 135.6 137.3 139.3 141.2 139.9 140.1
160.8 145.2 126.5 104.3 82.3 70.2 61.4 53.8 48 43.2 39.3 41.1 41.1 38.1 34.8 30.4 26.2 18.2 22 29.6 37.5 47.4 60.7 76.5 93.2 112.9 130.7 134.6 123.4 102.7 93 89.8 81.8 70.3 56.9 47.1 40.3 36.9 34.3 33.5 33.1 32.1 36.1 38.5 40.3 42.2 42.7 45.3 50.1 59.5 73.3 93 111.5 124.4 133.4 142.3 149.9 157.1 162.5 166.6 169.6 172.1 175.6 175.4 175 173.1 169.7 167.3 163.9 160.5 155.1 148.9 145 141.3 139 139.2 136.8 133.2 131.9 132.5 134.2 133.9 135.4 135.5 135.7
157.2 144.1 125.3 102.3 81.4 70.7 61.1 53.7 47.3 43 40.1 43.3 41.7 37.9 36.5 30 23.2 20.2 22.6 31.4 40.6 48.4 61.3 77 93.7 114.3 130.1 134.9 129.5 114.7 104.2 93.7 85.7 72 58.6 50.1 42.7 39.8 37.4 35.3 31 33.1 35.9 38.4 40.2 42.2 43.3 45.1 54.1 65 83.2 100.8 115.9 127.4 137.4 145.3 151.2 157 162 165.9 169.9 175.5 176.2 175 173.4 172.1 169.4 165.7 162.8 157.7 151.6 147.1 142.9 140.2 139.1 138.4 136.3 133 131.8 131.3 131.2 130.8 130.6 130.8 131.1
157.6 146 122.7 103.6 80.8 70.2 61.6 52.9 46.1 41.8 38.4 40.9 40.4 35.6 32.2 29.2 22.4 20 26 34.2 42.5 48.8 61.7 77.8 92.8 116.4 133 140.7 137.8 125.6 112.3 100.2 85.2 71.4 59.8 51.3 44.8 41.8 39.4 37.4 34.7 34.9 34 37.4 40.4 43.3 44.4 47.6 56.9 72.9 90.4 106.8 119.1 130.1 140.6 145.3 151.4 157 160.3 164.3 170 172.2 175.2 173.6 171.2 170.1 166.4 162.7 160.1 156 151.5 148 142.6 140 138.4 136.7 134.5 132.5 130.6 129.2 130.8 129.3 127.3 127.4 127.2
160 143.5 121.8 106.5 91.7 73.4 60.5 50.9 45 40 37.3 36.4 34.3 32.4 29 26.4 23.3 23.5 25.8 33.5 42.1 49 60.7 79 93.5 114 132.8 141.3 141 131.4 119.2 104.3 88.8 72.7 61.1 53 47.1 43.4 40.7 39.4 37.3 34.2 34.7 37.8 41.6 46 49.7 52.9 61.1 80.5 95.6 110 122.5 133.5 142.2 146.8 150.5 155.1 158.9 161.9 166.6 169.9 173.3 170.6 169.5 167.2 163.6 160.6 156.2 153.1 151.1 148.1 144.1 141.8 136.1 134.9 134.3 132.5 129.1 128.9 128.1 127.6 125.3 124 122.8
156.3 142.2 125.3 112.8 94.7 74.4 61.1 52.5 45.2 39.4 35.5 32.9 30.4 28.6 26.8 24.8 23.7 25 26.3 31.8 39.9 47.3 59.5 74.8 93.3 112.2 131.4 141.7 141.5 133.8 122 106.3 90.7 74.9 62.9 54.7 49.4 46.5 43 39.3 38.3 36.4 38.2 40.7 44.5 49.1 53.9 59.1 69.9 85.4 97.5 112.6 125.1 134.3 142.1 147.6 151.1 154.3 156.1 158.7 162.8 166.6 168.6 168.4 167.2 164.6 160.9 159.8 153.9 150.1 148.3 148.1 143.3 138.5 134.6 133.5 134.9 131 128.7 128.1 126.6 123.8 124.8 124 121.6
155.3 140 126.3 112.9 93.1 73.6 61.2 54 46.7 40.5 33.8 31.9 31 29.7 28 24 23.7 22.1 26.5 31.2 37.6 45.4 57.9 74 90.9 108.6 130.1 141.5 142.7 136.1 123.9 108.8 93.5 78.9 66.2 56.2 51.1 48.7 45.4 42 40.9 38.6 36.4 41 45 49.3 55.2 62.5 74.4 86.6 99.9 114.4 125.3 133.7 140.7 146.4 150.5 151.2 153 155.7 158.8 161.5 162.4 163.3 162.3 161.3 160.5 159.5 155.1 150.4 146.4 141.3 139 135.5 132.9 132 133.2 130.1 128.8 127.1 125.6 122.3 123.2 122.3 118.4
164.8 149.8 134.3 114.1 98.7 81.7 63.5 53.6 46.7 40.4 35.1 34.2 36.2 34.6 31.1 31.3 27.6 23.9 25.8 30.1 35.8 43.9 55 69 86.1 101.3 124.1 139 142.8 138 127.2 112.6 97.4 82.1 68.9 60.8 55.7 51.8 48.4 45 42.3 41.7 40.8 42.3 46.2 50.5 55.7 61.6 74.6 87.4 97.2 113 122.1 129.7 135.7 140.9 144.8 147.3 149.9 152.2 154.1 156.4 157.2 160.7 161.1 161.3 161.5 161.3 157.7 153 149.5 143.7 139.3 136.1 131.9 130.5 131.7 130 128.3 126.4 124.3 125.1 123.7 123.2 121.1
177.2 160.9 144.3 125.7 108.4 89.4 70.1 58.4 50 43 37.5 36.7 42.2 41.2 40.8 39.4 33.8 27.4 25.4 29 35.1 42.8 52.9 62.7 75.2 92.2 113.4 129.6 136.5 138.7 129.3 116.4 103 86.9 73.5 66.1 60.6 54.5 49.5 44.6 43 43.5 44.1 43.2 42.2 49.8 53.8 61.9 73.8 82.7 92.8 104.3 114.6 120.5 128.7 133.3 140.2 144.7 148.4 149.3 150.1 151.5 155.4 159.5 161 161.9 162.2 162.4 161.2 157.6 152.5 146.2 140.9 137 132.9 129.9 129.3 129.3 130.4 129 126.8 126.7 126.3 124.9 124.1
183.6 169 153 136.7 119 97.9 77.1 62.2 53 45.7 40.2 41.9 49.9 52.2 49.7 44.8 38.8 31.7 28.9 26.6 32.8 41.6 49.6 58.5 68.3 83.1 102.6 122.2 137.1 139.3 135.4 124.8 110.4 93.5 81.1 73.9 67.3 61.2 53.9 49.9 45.7 46.3 47.7 46.2 48.3 50.1 54.9 58.3 66 77.5 86.9 96.6 106.3 113.7 126 133.1 139.1 142 146.2 146 145.1 147.4 152.3 157.4 161.2 162.4 163.1 163.5 162.3 161.1 154.4 147.9 143.1 138.2 134.1 130.8 129.7 129.5 130.1 130.1 128.5 128.4 128.9 129.2 128.3
185.2 173.4 158.7 142.5 125.1 107 85.3 65.6 54.9 47.2 42.5 42.7 53 60.5 56.6 50 40.3 33.3 28.3 27 30.8 38.4 45.4 52.4 61.3 75.6 95.6 116.4 136.8 144.3 141.3 135.1 121.7 106.4 93.5 83.9 76.4 69 63 57.3 52.5 50.6 52.2 50.1 51.9 55.7 60.1 69.6 71.3 81.5 86.9 93.7 100.9 114 123.9 132.7 138 140.8 143.5 141.7 140.6 145.1 150.1 155.9 160.4 162.2 163.4 163.4 162.5 161.5 155.3 149.3 145 139.5 135.4 133 130.9 130.7 130.8 129.3 129.9 132 131.9 131.9 132.1
182.1 171.7 160.8 146.2 129 111.7 90.7 70.3 58.4 48.9 44.7 42.3 48.4 59.2 60.3 52 39.6 35.2 36.4 32.9 29.7 34.4 41.1 46.3 55.4 70.9 89.1 111.9 133 145.9 149.6 145.4 137.9 123.6 111.2 99.2 91.9 83.7 78.7 72.5 65.4 60 58.5 55.9 56.8 63.1 68.5 78.1 80.9 89.3 95.1 98.2 104.2 115.2 124.8 132.2 135.4 138.6 138.8 138.5 139.3 142.7 148.4 154.7 160.2 162.1 163.4 163.1 162 161.2 156.4 149.6 146.9 140.8 137.7 134.2 131.3 130.4 130.9 128.5 131.2 134.4 135.1 135.2 135.3
171.7 165.8 157 143.9 129.7 110.7 89.1 73.5 60.3 50.5 46.3 45 46.3 54 56.5 53.8 48.2 48.1 45.2 40.8 34 31.3 37.1 42.5 49.3 65.4 85.6 107.2 129 146.9 154.9 153.8 147.5 139.7 129.3 117.8 108.3 100.5 94.3 89.3 81.9 71.8 66.7 67.2 65.5 72.4 80.6 88.1 88.5 91.2 95.5 99.7 107.7 117.5 124.7 131.2 135.2 136.1 134 133.5 137.1 142 147.8 154 160 162.1 163.2 163.1 161.8 160.2 156.4 150.7 147.3 141.4 138.7 134.8 131.5 130.1 130.2 129.1 134.7 136.3 138.2 138.2 138.4
157.4 151.3 145.8 138.6 126.4 111.4 93 73.4 65.2 56.7 49.1 47.5 46.5 50.4 53.6 55.3 57.9 54.9 51.3 47.7 39.4 31.7 34.5 41.3 48.4 63.6 83 104.1 126.1 147.4 157.7 160.5 154.6 148.6 141.9 133.2 122.9 114.8 109.1 101.5 91.8 84 80.4 80.8 79.3 81.4 93.3 93.8 96.6 97.2 98 104 112.4 119.5 126.9 130.2 134.4 133.2 130.8 131.3 136.7 142.6 148.1 153.7 159.9 161.7 162.8 163.9 162.6 161.1 157.4 149.8 147.1 141.8 138.5 134.5 131.7 130.3 129.1 130.1 136.1 138.5 140.2 140.3 140.9
163.9 150.8 138.2 125 123.2 109.2 89.7 91.3 78.5 69.3 56.8 50.9 48.7 48.8 52.1 60.5 60 59.1 56.5 53.1 44.2 34.4 37.5 41.6 49.3 63.6 80.8 101.9 124 146.2 158.7 161.6 159.1 155.3 149.2 142.3 134.1 124.8 117.2 112.4 104.7 97 94.8 95.9 97.7 99.7 100.7 102.8 103.6 102.7 104.6 108.8 112.2 122.7 126.9 129.1 130.6 128.9 128.1 129.9 135.9 141.4 147 153.8 160.6 161.6 162.4 163.6 162.2 161.4 156.3 149.4 143.6 140 137 133.5 131.6 129.8 129.1 132.5 135.4 138.6 140 141.2 141.8
176 162.1 146.8 136.1 123.4 115.5 111.3 105.7 95.5 85.7 69.6 56.8 52.6 51.5 52.1 58.9 60.8 60.3 57.3 53.2 45.8 35.4 37.6 41.9 49.2 61 78.1 98.9 120.8 143.5 159.5 163.6 162.3 158.4 154.1 148.7 141.9 133.1 124.6 119.9 116.1 111.8 109.6 110.3 110.6 107.7 106 110.3 109.1 111.3 114 116.9 120.7 127.1 127.7 124.7 125.2 125.6 128.5 131.1 135.1 140.6 147.9 154.6 161.1 161.8 162.5 163.3 162.9 161.3 155.6 147 141.3 137.6 136.8 133.6 132 129.3 129.1 131.8 133.2 136.6 139 140.3 142.2
189.8 181.1 167 151.8 142.5 137 131.4 123.1 113.4 99.7 84.1 68.5 57.9 55.7 52.9 55.5 58.8 59.9 56.3 51.5 44.1 38.2 37.2 40.3 46.7 58.5 75.7 96.9 118.4 139.6 156.4 162.8 163.8 161.2 157 153.3 147.4 140.2 133 129 126.7 123.7 120 119 118.2 114.2 113.5 118.1 117.1 119.9 122.7 124.6 124 125.1 125.6 122.9 120.9 122 127.5 131.9 136 140.1 147.3 154.6 160.2 161.6 162.3 163.1 162.7 160.9 154.2 145.7 139.4 135.3 133.8 133.6 131 129 129.1 129.2 130.8 133.4 136.1 138.6 140.6
206.3 197.5 187.1 175.7 163.5 154.6 149.6 140.2 128 111.3 94.5 81.1 69.7 59.3 56.1 53.3 55.6 58.1 54.9 49.6 44.1 38.7 36 39.1 43.4 57.7 75.6 98.3 117.1 136.1 153.6 160.7 161.7 160.2 158.3 155.2 151.7 145.4 142.3 136.7 133.1 130.5 127.6 125.1 123 121.6 123.8 126.5 126.6 128.7 128.5 127.7 123.7 120.3 121.4 119.8 116.7 121.2 126.6 131.9 136.7 141.5 146.7 152.9 159.6 161.2 161.8 162.3 161.9 159.9 153.1 145.6 138.7 134.1 131.5 131 130.5 128.5 129.1 128.9 128.9 130.8 133.2 135.4 137.1
212.2 207.3 200.4 192.7 183.6 173.5 161.8 149.1 136.7 120 102.4 84.6 77 67 59.5 56.3 55 54.6 50.3 47.1 42.7 38.9 37 38.9 42.7 57.7 73.1 95 112.5 131.8 149 157.9 159.5 158.3 156.1 153.9 152.4 151 148.8 143.6 138.6 134.8 130.9 128.7 127.3 128.4 130.1 131.8 131.7 131.1 129 128 121.8 119 117.6 116 118.6 119.6 125.7 130.8 135.5 140.2 146 153.3 158.7 161 161 161.6 161.2 157.1 150.9 144 138.7 134.2 132 130.8 129.6 130.5 128.2 126 125.5 128.3 130.9 132.5 134
211.7 210.3 204 196.5 190.1 182.5 172 157.5 142 122.3 109.4 96.1 83.8 73.4 65.8 60.2 56.8 52.7 49.1 45.1 41.7 39.5 37 39.2 43.5 54.2 72 91.6 109.3 126.2 144.7 156 157.7 154.9 152.1 151 150.2 151.1 150.6 146.1 140.5 137.6 132.1 129.7 129.1 131.2 131.9 132.4 131.9 130.8 127.5 122.1 116.8 116.5 114.9 114.4 115.5 120.4 124 129.2 134.7 140.2 147.1 152.3 157.7 160.2 161 161 159.3 153.5 147.7 141.3 135.2 132.5 131 129.8 128.6 126.8 126.7 125.1 125 126.4 128 129.6 131.3
208.8 207 203.1 196.3 188.1 182.6 175 163.9 150.2 133.7 115.3 101.1 89.8 79.1 71.2 65 57.9 53.2 48.3 44.1 41.6 39.8 38.7 39 43.5 52.2 68.9 85.7 104 121.8 138.3 149.6 154.1 151.7 150.5 150 150.3 151.1 149.4 145.4 140.9 137 131.4 129.1 129 130.5 131 131.5 130.5 128 122.8 117.4 113.5 112.7 111.8 112.2 113.8 119.2 122.6 127.6 133.2 139.2 145.5 150.7 155.5 159.5 161 161 155.2 149.4 143.8 137.2 132 131.9 131 129.4 128.1 126.2 126.3 125.4 125 124.9 125.9 126.8 128.2
205.8 203.5 199.9 195.7 187.7 182.4 175.2 165.3 152.9 143.8 129.4 109.4 94.9 84.3 75.6 68.6 60.5 54.7 49.7 44.9 42.4 40.5 39.7 40.6 44.3 50.2 64.1 79.3 96.2 115.4 130.4 139.7 144.8 145 146.3 146.8 147.6 147.3 146.2 143.1 139.8 133.8 128.6 125.2 126.5 129.3 131 131.1 128.4 123.1 117 112 109.7 110 110.2 110.1 111.4 116.2 121.4 126.7 130.9 137.7 144.3 150.2 153.4 156.5 158.9 155.5 151 144.8 140 132.5 131.4 131.1 130.6 130.2 127.7 125.1 123.6 125.8 125.2 124.7 124.1 124.1 125.3
199.3 198 195.2 190.9 186.3 182.4 174.6 164.1 157.2 150.3 138.4 121.3 103.5 89.3 79.6 70.7 63 56.5 51.3 46.2 42.5 40.9 41.1 42.7 45.2 50.3 60.5 71.9 84.6 100.1 115.5 128.7 137.3 140.1 141.6 142.4 142.9 142.4 140.6 138.3 134 128.6 124 121.3 121.3 124.2 126.1 125.2 121.9 115.9 109.4 108.5 108.4 108.1 105.4 109 110 114.6 120.7 124.8 128.8 134.4 140.8 147 150.7 153.9 155.3 151.5 148.2 143.3 138.8 134.7 131.3 130.6 129.7 128.5 125.9 122.8 121.7 125.1 125 122.8 123.4 121.5 120.7
192.4 191 185.4 181.7 180.6 180.8 172.9 163.9 157.6 152.5 142.6 129.5 115.1 95.4 80.9 73.8 66 58 52.9 48 44.3 41.9 42.3 42.7 45.9 51.4 60 68.9 78.5 93 108.8 121.7 130.2 133.5 135.6 136.6 137.5 137 135 131.3 127.5 122.4 118.2 115.5 116.6 119.4 119.7 118.6 115.8 108.8 106.4 104.8 106.2 103.9 106.8 108.4 110 114 116.3 121 125.1 131.2 137.1 143.2 147.5 150.2 151.1 148.6 145.9 142.3 138.9 134.1 131.8 129.8 128.8 124.4 122.9 120.3 123.4 125.6 125.1 122 121.7 118.7 116.3
182.9 179.8 176.9 175.6 178 176.9 169.8 161.9 155.5 150 142.1 132.1 117.4 96.7 82.8 74.9 67.1 59.1 53.8 48.7 45.4 43 43.4 44 46.4 53.1 61.1 67.6 76.5 86.7 100.7 113.8 122.5 127.6 128.3 129.5 130.8 130 127.2 124.3 120.3 115.3 111.2 110.1 111.3 114.3 113.3 112.2 108.2 106.7 104.8 105.5 105.2 103 104.8 107.1 110.4 111 113.5 116.7 121.3 126.8 132.7 137.4 141.2 144.9 146 144.6 142 140.9 138.4 134.8 132.8 131.3 131.3 126.6 120.5 120.4 124.6 126.6 124.4 121.4 119.7 115.6 112.3
174 171.7 169.8 169.5 170.6 169.9 164.4 157.9 152.4 145.8 138.7 129.4 117.1 96.6 84.6 75 66.8 59.6 54.4 49.9 47.1 45.1 44.6 45.5 47.1 52.2 58.4 64.6 71.5 80.5 91.3 103.2 113.5 119.5 118.8 120 121.6 123 120.3 117.6 114.5 110.3 107.4 106 109.1 108.7 107.4 105.1 101.3 101.4 100.9 103.9 103.8 100.2 103.5 108.2 107.3 108.3 109.3 111.7 114.6 119.7 125.6 130.6 134.5 137.3 138.6 140.3 138.7 138 137 135.3 133.6 134.3 130.7 122.7 121.9 123.6 126.2 125.8 122.8 119.8 117 112.8 109.1
166 161.2 162.1 162.7 162.1 159.4 156.3 154.1 150 140.6 132.1 123.1 110 94.3 82.3 73.1 65.6 60.2 55.2 51.6 48 46.1 45.2 45.7 46.8 50.5 55.4 60.4 66.8 74.5 82.2 93.5 106.4 109.2 106.4 107.5 111.8 115.5 114.7 111.7 108.8 105.2 102.7 101.3 102.6 103.1 101.2 97.9 94.9 94.3 98.8 100.7 98.9 100.1 100.6 102.1 102.8 104.3 105.5 107.8 109.1 110.4 116.5 122.4 127.9 130.8 132.5 133.8 134.7 134.4 134.8 134.6 135.3 134.6 128.1 121.9 126.2 126.2 125.3 124.2 120.1 116.3 111.3 108.3 106.2
159.8 153.8 154.6 157.2 156.3 152.5 150 149.2 141.9 134.1 126.2 116.6 102.9 88.8 79.8 71.2 63.8 58.7 55 51.7 49 47.1 46.9 47.3 48.3 49.2 52.4 56.7 62.4 69.2 76 82.6 89.2 90.7 91.6 95.1 98.8 105 107.3 104.6 101.2 99.5 99.7 97.5 98 98.2 96.8 92.1 88.9 88.6 94.5 96.9 95.4 100.2 100.9 100.7 100.8 100.9 102.3 103.6 102.5 105 108.2 111.3 117.5 122.8 125.9 127.5 129.3 131.1 134.3 134.5 135.6 134.2 129.7 125 126.2 121.9 122.5 121.1 117.9 112.1 107.3 105 103
