data/440000-1180000.asc
ncols 200
nrows 200
xllcorner 440000
yllcorner 1180000
cellsize 50
[rows 0 to 36 of 200, columns 83 to 165 of 200]
-0.9 11.3 13 15.1 16.3 20.4 27.3 32 36.3 40.8 41 40.2 39.2 40.4 39.9 36.7 38.8 42.8 46.1 47 47.1 50.2 50.1 49.3 51.5 56.7 60.4 69.4 73.7 76.3 76.9 77.5 78.3 78.9 72.6 71 71 70.4 70.5 64.5 58.8 53.4 51.4 49.3 48.3 48.3 48.3 51.8 56.3 58.6 51.3 46.9 44.3 44.3 45.8 46.1 43.5 41 40 39.2 39.2 42.1 45.4 50.3 56.5 64.3 72.5 79 85 90.6 97.8 101 100.9 103.7 105.7 107.7 109.6 112.2 112.2 111.6 111.1 110.1 109.5
-0.9 7.7 13.5 13.6 14 20.7 29.6 34.3 37.9 41.6 43.9 45.2 42.7 44.1 43.4 39.5 41.9 46.7 51.1 49 48.1 50.1 53.1 52.5 54.3 59 63.8 71.5 78.5 78.8 78 78.5 79.6 80.1 73.7 71 71 70.3 70.7 67.2 62 57.5 53 50 48.8 48.3 49.8 53.1 59.3 60.9 56.6 48.4 46 45.6 46 48.8 46.1 42.6 40.2 39 40.3 42.7 46 50.7 56.2 62.8 72.2 80.4 86.3 91.5 97.8 101.1 100.9 101.7 103.2 105.8 109.4 112.6 113.3 113.4 113.4 113.3 109.5
-0.9 -0.9 10.9 14 13.3 20 30.3 36.7 39.4 43.7 46.3 48.1 48.7 45.1 46.6 44.8 46 49.5 53.7 51 50.2 51.6 53.8 55.4 57 62 66.4 72.2 81 80.7 78.4 79.9 80 79.7 74.8 71 71 71 72.1 70.6 65.9 60.2 54.1 50.9 49.2 49.4 52.3 56.7 59.8 60.7 59.7 52.1 47.6 47.8 48.9 50.7 48.6 45.1 41.5 40.2 41.3 44.1 46.9 51.6 57.8 64.4 72.8 81.5 87.6 92.6 96.8 98.8 99.7 99.5 101.1 104.7 108.3 111 114.7 115 116.2 115.8 109.6
-0.9 -0.9 12 14.3 15.1 20.4 30.6 38.5 43.1 46.3 49.8 51 53.1 48.7 48.9 46.5 46 53.1 57.9 55.4 52.5 53.2 54.4 55.8 59 62.6 71.1 70.8 77.1 78.1 82.5 80.7 80.4 78.7 74.6 71 71 71 71.8 73.6 69.8 63.5 57.8 52.9 52.4 54 56.4 59.7 62.9 65.5 63.7 56.7 49.2 48.9 50.6 50.9 48.6 44.2 42.6 42.5 43.2 45.4 47.8 51 58.7 65.8 74.2 80.7 86.6 91.4 94.3 95.3 96.7 98.8 100.2 103.4 107.2 109.8 112 117.5 119.2 116.7 109.6
-0.9 -0.9 11.7 14 15.7 20.6 30 41.2 45.1 48.9 52.9 53.9 55 52.5 51 50 49.4 53.1 59.9 57.2 54.6 53.3 53.8 56.8 59.1 64.5 70.9 72 77.4 79.3 82.3 80.8 80.2 77.4 74.1 71 71 71 71.1 73.7 73.3 67.9 60 56.8 57.4 59.2 61 63.6 66.1 70.1 67.8 60.7 53.2 51.4 50.6 49.8 48.3 44.9 44 45.3 45.2 47 49 52.1 58 65.5 72.9 78.4 84.1 89 91.3 91.9 94.5 96.7 98.9 102.4 106.4 108.9 111.6 118.1 120.9 118.4 112.5
-0.9 -0.9 -0.9 15.2 17.1 22.2 29 39.7 46.6 50.8 53.8 55.4 55.6 55.7 53.3 51.6 51 53.2 58.1 58.9 56.8 54 54.9 59.1 61 64 68.9 72.8 75 81 80.8 80.7 79.5 78 75.6 71.4 71 71 71 72.2 74.6 72.5 68.4 59.2 59.2 62.9 63.9 67.4 70 73.6 69.4 63 57.8 52.9 51.7 49.6 49.2 46.3 44.3 45.6 47.2 48.5 49.9 53.6 58.1 63.5 71 76.1 81.5 86.3 88.3 89.2 92.9 96.5 99.7 103.4 107 109.8 115 119.8 120.2 118.3 112.7
-0.9 -0.9 -0.9 15.3 17.9 24 30.8 37.7 45 50.7 53.7 56.7 58.1 58.3 55.8 53.8 52 53.8 56.9 58.3 56.1 54.2 55.8 58.8 62.3 63.4 67.8 71.3 77.1 83.9 84.6 82.8 79.2 79.5 76 72.4 71 71 71.2 75.5 78.4 78.8 75.4 65.8 63.3 66.9 67.3 70.9 75.7 81 75.7 63.9 58.6 54.4 52.7 50.6 49.1 47.9 45.8 45.7 47.4 49.6 50.8 54.2 57.3 61.2 69.9 74.4 79.4 83.6 86.4 88.9 93 96.9 100.7 104.5 108.7 111.4 116.5 118.3 119.4 116.9 111.8
-0.9 -0.9 -0.9 14.7 18.8 24.1 31.1 38.7 44.2 49.1 52.8 56.1 57.9 57.9 56.1 54.4 53.4 53.1 54.7 55.9 54 53.2 54.5 57.9 61.2 61.6 65.3 69.8 75.5 82.4 85.2 81.5 79.6 79.3 79.5 75 71 71 71 76.6 81.1 83.2 82.4 75.6 70.2 72.6 76.1 77.2 82.3 84.3 78.6 67.2 60.7 55.7 53.3 50.9 50 48.6 46.6 46 48.4 50.3 51.7 54.3 57.7 61.6 67.5 73.2 79.7 83.6 85.9 88.9 92.5 97.8 103.2 106.9 110.1 112.5 115.8 116.8 119.8 115.7 111
-0.9 -0.9 -0.9 14.7 21.3 24.3 31.1 40.5 41.6 46 51.1 53.4 55.8 56.5 54.7 54.3 54 53.5 53.3 52.3 50.2 50 52 56.5 59.3 59.9 63.4 68.1 75.2 79.7 80.8 80.2 79.6 80.1 82.3 77.5 72.8 71 72.1 75.8 82.1 87.1 88.4 86.7 80.3 81.6 83.9 84.6 88 89.4 80.9 69.5 62 56.1 53.4 51.7 50 48.7 46.9 46.7 48.7 50.3 52.3 54.5 57.9 61.1 67.1 73.8 80.4 84.2 86.2 89.1 94.3 99.7 106.9 111.9 114.1 116.1 115.6 115.7 118.3 115.5 110.1
-0.9 -0.9 -0.9 12.5 19.6 23.3 30.4 39.3 41.4 45.1 48.6 50.6 52.7 53.4 52.3 51.9 52.2 52.5 51.3 49.4 48.2 46.9 49.9 53.8 56.8 57.5 60.5 66.6 72 77.1 78.6 78 79.2 80.3 82.8 79.9 75.2 73.7 75 77.7 83.1 88.6 95 93.9 88.9 89.3 90.6 91.5 95.1 92.2 83.7 70.7 62.4 57 54.7 52.1 49.4 47.1 46.7 48 49.6 50.4 52.9 55.4 58.3 62.1 68.2 75 81.3 85.1 87.8 90.7 96 101.6 110.6 117.3 118.7 117.6 116.3 115.4 114.5 113.5 111.3
-0.9 -0.9 -0.9 -0.9 17.1 21.9 29 36.5 40.9 42.7 45.1 47.4 49.2 50.4 50.6 49.8 49.8 49.7 49.5 47.3 44.7 43.5 46.5 49.4 52.3 54.7 58.1 64.9 73.7 74.6 74.5 74.8 76.4 78.9 82.8 83.2 78.4 76.5 78.4 80.7 85.3 91.9 98.5 99.5 97.2 96.9 99.1 99.1 99.8 96 85.1 71.6 63.7 58.1 54.6 51.4 49 47.2 47.9 48.9 49.7 51.2 54.6 57.1 59 63.7 69.4 76.8 82.3 86.3 89.9 93.7 98.4 104.7 113.8 120.5 122.3 121.2 120.3 115.6 114.6 111.9 111.6
-0.9 -0.9 -0.9 -0.9 -0.9 18.7 25.6 32 38.3 42 42.6 43.2 44.1 46.3 47.6 47.3 46.5 46.8 46.9 44.3 39.2 39.2 42.3 45.2 47 50.4 55.9 61.2 68.4 70.9 73.9 73.5 75.3 78.6 82.4 85.5 81 79.4 81.7 83.8 88.5 94.9 100.8 106.7 105.7 102.7 104.1 103.5 101.8 98.6 84.3 70.3 62.8 57.4 53.4 51.6 49.8 49.1 50 49.7 51.1 52.4 54.6 58.7 61.3 65.3 69.9 77.2 82.6 86.9 90.7 95.2 99.4 105.9 116.2 121.9 123.7 124.9 121.6 118.7 115.6 114.3 113.1
-0.9 -0.9 -0.9 -0.9 -0.9 14.5 21.4 27.5 33.1 37.2 38.7 38.6 38.9 40.2 41.5 42.8 41.6 41.1 41.5 39.7 34.9 32.5 35.6 39.9 40.9 45.1 52.7 58.3 62.3 69 73.4 74.5 75.2 79.4 84.6 88.4 83.6 82 85.2 87.7 91.7 98.4 107 112.2 111.4 110.1 109 107.4 102.9 96.1 84.1 70.5 63.9 58.6 53.8 51.3 49.9 49.1 52.1 50.3 53.6 54.4 55.1 58.1 62.5 66.3 70.1 77 81.3 86.5 91.4 96 100.4 107.5 118.4 121.7 123.9 125.4 123.9 120.3 118.7 119.5 118.6
-0.9 -0.9 -0.9 -0.9 -0.9 -0.9 16.2 20.4 26.1 30.7 32.3 33 32.9 33.9 34.8 35.3 35.6 36.1 37.5 35.5 32.1 28.6 27.9 32.2 35.2 40.8 51.5 56.3 62.1 67.9 71.7 74.9 78.1 82.4 87.3 91.6 86.8 85.5 88.3 91.5 95.4 101.6 108.3 113.9 113.4 111.1 110.8 109.6 104.1 95.4 81.5 69.1 63.3 57.6 53.7 51.7 49.7 50.5 52.8 51.2 53.7 55.3 56.1 58.7 61 66.8 71.2 76.2 81.4 86.8 91.5 96.8 101 109 116.6 120.8 123.3 126.8 124.9 121.7 119.1 120.5 121.9
-0.9 -0.9 -0.9 -0.9 -0.9 -0.9 -0.9 12.1 17.7 22.6 25.5 26.9 27.6 29.1 30.4 29.8 30.6 32.5 34.1 31.3 27.9 23.2 24.1 27.9 33.1 40 49.5 56.5 62 66.9 71.8 75.7 79.5 84.2 88.6 94.1 90.3 90.2 91.6 95.9 99.2 105.3 110.3 112.7 112.2 111.4 110.5 109.8 104.3 94.4 78.2 68.7 62.9 57.4 53.6 51.6 49.7 51.1 53.6 51.9 53.3 55.3 57.4 60.1 62.1 66.2 70.8 75.9 80.8 86.4 91.3 96.7 102.6 110.6 115.5 119.6 123 126.1 125.4 122.7 121.3 125.5 127
-0.9 -0.9 -0.9 -0.9 -0.9 -0.9 -0.9 -0.9 -0.9 15.1 18.6 20.7 22 22.6 23.7 23 23.9 28.8 29.8 28.7 23.3 19.4 21.8 26.6 32.9 39.8 48.2 57.9 63.7 68 73.1 77 79.6 83.7 88 92.8 91.8 89.5 92.5 99.4 102.9 108.5 110.8 116.4 113.5 110.8 109.4 108.1 102.8 90.2 76.2 68 62.1 57.3 53.5 51.8 50.3 50.2 52.3 52.4 54 56.1 58.1 60.5 64.6 68.6 72.9 78 81.7 85.9 90.9 96.3 100.9 109.9 113.2 117.9 121 123.7 126.8 126.3 126.5 129.2 130.3
-0.9 -0.9 -0.9 -0.9 -0.9 -0.9 -0.9 -0.9 -0.9 9.2 13.1 15 15.6 16.2 16.7 17 17.7 19.3 21.1 21.5 18.2 18.1 20.1 25.8 31.4 36.6 45.8 57 65.2 67.9 73.7 79.4 81.1 82.4 85.9 90.1 90.3 90.8 92.8 97.7 104 108.9 112 116.3 112.5 110.1 108.8 106.2 99.6 87.8 77.2 67.9 62.3 57.6 53.7 52.2 50.6 49.8 51 52.8 55.3 57.8 59.5 62.9 67.1 71.2 77.3 80.7 82.5 86.9 92.1 95.7 100.2 107.1 109.8 112.6 117 121.3 125.7 126.5 128.6 130 131.6
-0.9 -0.9 -0.9 -0.9 -0.9 -0.9 -0.9 -0.9 -0.9 -0.9 -0.9 7.9 9.3 9.6 11 12.4 13 14.8 16.1 15.8 14.8 14.8 17.5 24.8 32.2 37.7 42.8 53 66.8 68.3 73 80.7 82.5 81.5 84.1 87.3 88.1 90.6 93.8 97.4 102.2 107.4 110.9 116.1 114 108.8 107.3 102.3 94.7 84.7 75.9 68.3 62.8 57.8 54.4 52.4 51.2 50.7 52 54.1 56.5 59.7 61.7 65.2 69.1 73.9 80.1 81.9 84.2 88 90.4 95.7 101.2 104.8 107 109.2 112.3 119.8 124.7 127.9 129.6 131.9 132.2
-0.9 -0.9 -0.9 -0.9 -0.9 -0.9 -0.9 -0.9 -0.9 -0.1 -0.9 -0.9 -0.9 6.2 8.1 8.8 9 12.2 17.7 14.8 14.8 14.8 14.8 22.2 32.1 40.2 41.8 48.5 60.2 68.7 73.4 79.5 83 80.8 82.4 84.8 87.6 90.5 92.1 96.4 100.7 106.4 111.5 114.3 115.9 109 103.6 98.5 91 83.2 75.9 68.9 63.2 58 54.9 52.9 51.9 51.9 53.5 56.5 58.6 61.2 64 67.3 70.7 76 81 83.9 86.6 89 93.6 98.8 102.1 105.2 106.3 108.2 114 120.5 125.2 128.8 130.8 133.4 132.1
-0.9 -0.9 -0.9 -0.9 -0.9 -0.9 -0.9 -0.9 -0.9 0.3 7.6 10.4 -0.9 3.6 5.3 8.7 11.7 14 16.7 17.5 14.8 14.8 14.8 19.4 28.6 39.3 42.8 46.2 54.1 63 70.1 75 80.2 79.1 80.7 84.6 87.5 90.3 91.9 94.7 98.7 104.5 113.4 115.9 113 108.5 103.2 96.2 88.1 81.5 75.6 69.4 62.9 58.2 55.5 53.2 52.3 53 55.2 58.9 60.2 63.8 65.3 68.7 72.5 76.8 81.6 85.1 89.3 92.8 96.5 102.5 105.2 107.4 108.3 108.8 114.7 121.4 127.6 130.5 132.8 133.5 131.4
-0.9 -0.9 -0.9 -0.9 -0.9 -0.9 -0.9 -0.9 -0.9 2.2 6.7 6.6 2.7 3.7 4.6 8.2 12.3 16.4 19.2 22.5 14.8 14.8 14.8 17.3 21.7 30 38.9 43.6 51.1 57.7 65.6 70.1 73.7 76.5 78.7 82.2 87.3 90.2 91.7 93.2 95.4 101.3 112.5 113.6 112 108.2 101.7 94.5 87.1 81.2 75.2 69.6 62.8 58.4 54.8 53.5 53.4 53.9 55.8 59.5 61 66.2 67.8 70.2 73.4 77.1 81.2 86.2 90.5 94.5 98.8 105.3 109.3 109.3 109 110.6 116.7 123.3 129 131.7 134.3 131.9 128
-0.9 -0.9 -0.9 -0.9 -0.9 -0.9 -0.9 -0.9 5.2 4.9 5.7 5 4.8 6.4 9.4 12 15.1 17.8 20.5 24.6 18.6 14.8 14.8 16.6 21.1 26 31.9 40.9 49.8 56.9 63.5 66.5 70.8 75.2 77.3 79.8 84.4 90.1 91 92.1 92.9 100 110.7 114.1 111.2 107.2 101.1 93.7 87.1 80.7 75.5 69.9 63.4 57.2 55.1 53.9 54.1 54.7 56.8 60.6 64.7 68.8 70.5 70.3 74.2 78.1 82.4 87.4 91.8 95.7 100.7 108.5 111 110.3 109.2 112.6 118.6 125.1 130.5 133.7 134 130.6 125.7
-0.9 -0.9 -0.9 -0.9 -0.9 -0.9 -0.9 3.5 8.1 7.7 6.3 5.8 7 11.2 12.7 14.2 16.8 19.6 22.7 26.9 18.5 14.8 14.8 15.8 19.5 24.2 30.3 37.4 47.6 55.1 61.8 66.5 71.3 75.1 76.8 78.5 81.7 89.8 91.2 91.4 92.1 99.4 111.1 113.7 110.8 106.4 99.2 93.5 87.4 82.1 77.8 71.2 64.7 58.8 55.8 54.7 54.3 55.7 58.2 63 67.3 70.4 71.9 74.4 76.5 79.5 83.6 89.1 92.3 97 101.8 110.3 111 110.8 112.3 116.1 120.8 127.1 131 136.5 132.8 129.1 124.2
-0.9 -0.9 5.2 -0.9 -0.9 -0.9 9.7 10.9 13.6 13 12.3 11.5 11.8 14.1 15.8 16.8 19.2 22.4 25.4 27.5 19.8 16.7 14.8 15.5 17.7 22.4 28.8 35 42.1 50.5 59.1 64.8 69.8 74.6 75.9 75.5 79.7 86.1 90.6 90 92.1 99.2 110.2 113.9 111.1 106.5 98.7 93.9 88.9 84.2 79.5 73.8 67.3 59.9 56.1 55.3 55.1 55.9 58.4 63.9 69.9 72.9 76 78.7 79.8 80.3 84.7 88.7 93.2 97.6 103.2 109.4 110.6 110.4 114.2 118 123.9 130.2 135.2 136.3 132.3 127.4 122.2
-0.9 -0.9 7.5 4 6.1 7.3 12.5 15.7 17.4 17.6 16 16.8 16.7 18 19.6 21.1 23.5 28.1 28.8 26.6 21.9 18.9 16.8 16.9 17.5 21.8 27.8 32.7 39.7 47.2 55.7 62.2 67.2 71.9 74.8 74.1 77.2 82 86.5 90.2 94.3 99.1 107.6 113.8 111.3 106.6 99.2 94.1 91.7 86.9 79.5 72.4 66.7 60.5 57.2 56.6 56.4 56.8 60.9 66.5 70 75 79.1 80.6 80.4 81.4 84.8 88.9 93.4 97.8 101.9 106 109 110.9 115.4 121 126.8 131.9 137.1 133.6 131.3 126.1 120
-0.9 -0.9 9.9 8.5 10.2 10.9 16.2 20 20.8 20.1 19.5 20.7 21.9 22.4 24.5 26.5 28.5 31 31.3 29.7 24 19.5 19.4 19.2 18.4 18.4 25.5 31.5 38.6 45.4 53.5 59.5 61.8 68.6 72 73.8 76.3 80.9 85.3 89.7 92.8 98.1 107 111 109.7 104.5 97.4 93.6 91.5 87.8 79.7 71.5 65.5 60.4 57.5 56.6 57.4 57.3 63.3 68.9 73.1 76.5 81 81.7 81.8 82.8 86.6 90 92.3 96.4 101 104.4 107.9 111.7 118.2 124.3 130.2 136.1 140.2 136.9 129.2 123.9 119.9
7.9 11.2 13.6 11 14.2 15.5 18.7 22.5 23.2 22.7 22.5 24.5 26.2 27.1 28.9 31.9 33 33.5 33.8 33 25.9 21.2 20.4 19.7 19 18.9 20.8 26.9 33.7 40.9 49.1 55.5 58.1 64 68 69.8 75.7 81 84.8 88.7 91.9 98.8 106.4 108.8 106.3 102.2 95.5 93.2 91.2 89.1 80.2 71.1 65.4 60.7 56.5 56.6 57.5 60.8 65.5 70.6 74.6 78.5 81.9 85.3 85.9 84.5 87.8 89.5 91.4 96.6 100.8 103.9 108.5 113.3 120.4 125.6 131.9 138.4 141 136.8 128.5 121.3 116.9
11 15.6 16.2 13.3 17.8 18.9 19.6 23.1 26 25.9 25.8 27.6 30.3 31.3 32.5 34.7 36.1 36.9 37 34.4 27.1 21.7 21 20.3 19.5 19.3 20.1 25.1 28.7 34.4 40.8 48.8 55.3 61.2 64.8 69 74.8 81.8 84.8 86.8 90.8 98.8 102.2 103.5 103.2 99.1 94.2 92.9 92.6 89.4 81 70.7 64.3 59.4 57.1 56.6 57.3 60.5 66.8 72.1 75.8 79.3 83.6 88.4 90.5 86.2 90 90.1 92 95.6 100.3 103.5 107.7 113.6 120.6 127.7 134.6 141 140.9 136.5 126.8 119.4 115.5
11.2 17 19.6 15.6 20.7 22.4 21.5 24.3 27.1 27.8 28.3 30.6 33.5 35.5 37 39.5 40.3 39.5 39.8 35.9 28 21.6 21.3 20.8 20.1 20.8 22.6 26.1 27.3 31.4 37.6 46.1 53.1 58.8 62.6 67.6 73.4 79.8 83.9 83.8 88.6 95.6 98.4 98.8 100.1 96.8 93 91.5 92 90.9 82.1 71.8 63.9 58.6 55.8 56.5 57.4 60.9 67.6 73.8 78.7 81.9 86.4 90.8 89.5 87.5 89.8 92 93.9 96.2 99.4 103.3 107.5 113.7 120.5 128.8 136.1 139.4 140.5 135.8 127.8 120.6 118
11 16.5 20.3 17.4 22.9 24.9 22.3 25.6 27.1 28.3 29.1 32.1 37.6 40.9 41.9 42.5 42.3 41.9 41.4 36.4 28.3 21.7 20 19.6 21.4 23.1 25.3 26.6 26.3 29.9 35.8 43.8 51.1 56.6 61.6 66.6 71.1 78.9 81.9 81.7 84.4 90.8 92.9 95 95.9 93.6 91.6 90.3 91.1 90.6 81.5 71.4 63.9 58.2 55.7 57.3 58.4 63 70 75.8 81 85.2 89.4 92.2 92.9 91 89.5 92 94.7 98 99.9 104.4 109.3 115.8 123.2 131.2 138.4 139 138.6 134.3 129.7 123.8 120.7
10.9 15.9 20.7 19.2 20.7 22.5 24 23.8 23.9 26.1 29.8 34.2 40.6 44.2 46 45.9 44.4 43.7 42.1 36 28.4 22.1 19 20.1 23.6 23.3 26.2 26.8 26.7 28.6 33.9 40.8 49 54.8 60.9 64.5 68.2 77.8 81 79.8 79.3 85.4 91 89.9 90.4 90.7 90.1 89.1 90.4 90.4 80.7 72.3 63.8 58.8 54.5 57.9 59.6 65.1 70.8 77 83.4 87.9 91.2 93.9 94.5 92.5 90.5 92.6 97 99.9 101.6 105.8 111.6 119.1 127.4 134.8 141.6 140.5 138.9 135.3 131.2 125.9 119
11.5 16.1 18.3 18.9 21.6 22.4 24.6 25.6 23.2 26.3 30.3 38.1 42.8 46.4 49.7 48.9 46.7 44.4 41.4 35.2 27.5 22.3 19.8 21.7 25.7 26.1 26.2 26.7 27.8 29.3 33.4 38.6 45.2 51.2 56.6 59.7 63.7 67.9 74.7 75.3 74.3 80.8 86.2 85 86.2 86.1 86.6 85.3 88.3 90.3 81.3 71.1 61.2 57.8 53.8 56.2 59 65.6 71.5 77.4 83.9 90.7 93.8 97.2 96.7 94.4 92.9 96.1 100.6 102 103.2 106.6 112.7 121.6 131 140.7 146.5 145.1 141.7 138.1 133.4 126.2 119.1
13.3 15.9 18.1 18.5 21.4 21.2 23.4 25.6 24.8 27.6 32.3 40.6 43.8 46.6 47.3 47.9 46.5 43.8 39.9 34.3 26.6 21.4 19 22.6 25.6 25.8 26 26.6 26.9 29.5 32.2 37.4 41.9 46.8 51.1 54.2 57.1 59.1 66.6 70.8 70.4 76.8 79.6 78.9 80.1 81.5 82.7 80.7 82.7 85.1 80.1 70 60.8 56.1 53.5 55.2 58.9 65.6 72.1 78.1 84.1 89.6 95.1 98.8 101.1 97.6 95.5 98.8 102 104.7 105.9 107.9 114 123.3 134.9 143.5 149.9 148.5 145 140.8 133.6 126.2 119.4
12.3 14.6 17 16.5 19.4 20.9 23.6 24.6 26.2 30.2 34.6 40.3 44.8 46.5 45.2 45.8 44 41.1 37 32.3 26.4 20.6 19.6 23.5 26.3 27.6 27.4 27 26.7 30.4 33.3 36.6 39.1 42.4 46.8 50.2 53 55 59.2 62.6 66.1 68.9 71.1 72.6 73.1 73.9 75.9 75.8 73.5 76.8 75.9 68 58.5 53 51.7 52.3 58.3 66.3 72.7 78.4 83.7 88.8 94.2 100.2 101.1 101 99.2 100.7 103.4 106.5 108.6 111.2 116.1 126.9 137.8 146.1 151.4 151.1 146.6 141.1 133.9 126.2 118.5
10.1 13.1 14.7 15.7 16.9 18.5 22.5 23.1 24.8 32.3 39.2 41.4 42.7 45.8 45.7 43.5 40.9 37.4 33.8 30.2 25.2 19.9 20.6 23.6 24.1 28.4 28.1 26.5 27 30.7 35 36.8 37.4 40.8 43.8 46.5 49.2 50.7 53.3 57.2 61 62.7 64.2 64.2 64.9 65.5 67.9 67.4 66.6 69.9 68 62.9 57 50.6 48.8 49.9 55.6 63.2 69.7 76.7 83.2 88.1 92.2 98.9 101.1 100.8 100.9 103.4 105.9 108.5 110.7 114 119.3 128.7 140.2 148.9 154.3 153.1 147.9 142.3 133.9 125.4 117.5
8.8 11.7 13 11.6 13.7 16 17.3 20.6 25 33.1 41.9 42.7 42.8 43.2 42.3 38.3 35.8 33.8 30 27.2 21.5 20.4 20.4 22.7 23.9 25.9 27.1 25.7 27.2 30.5 34.7 37.4 36.3 39.3 39.5 41.8 44.3 45.3 48.9 52.3 55.4 56.2 57.1 56 56 56.7 56.6 56.9 57.6 59.1 57.1 55.8 51.3 48.7 48.3 49.1 54.5 61.1 68.6 74.9 82.5 86.7 91.1 96.8 100.1 100.7 102.9 105.4 107.9 110.2 111.1 116.7 122.6 132.1 142.2 151.6 155.7 153.9 148.8 141.7 133.8 125.3 116.5
7.5 9.9 8 9.4 11.2 14.7 17.7 18 23.2 31.7 41.2 42.3 40.2 39.1 35.7 33.1 30.7 28.2 25.5 22.6 19 19.3 20.2 22.5 22.3 22.2 22.9 23.8 29.5 33.2 35.3 36.8 34.7 36.5 36.4 38.3 40.8 41 43.3 46.4 49.7 51.1 49.9 50.1 49.1 49.3 49.7 50.2 51.2 50.9 49.2 48.6 48.4 47.7 48.1 48.6 53.9 62 69.4 75.6 81.1 85.8 90.5 94.6 98.5 101.7 105.2 107.5 109.8 111.9 115.3 120.1 126.4 135.2 146.2 155 156.4 153.5 148 140.8 133.2 123.1 114.3
