data/440000-1190000.asc
ncols 200
nrows 200
xllcorner 440000
yllcorner 1190000
cellsize 50
[rows 74 to 110 of 200, columns 85 to 169 of 200]
-0.9 -0.9 -0.9 -0.9 -0.9 -0.9 -0.9 -0.9 -0.9 -0.9 -0.9 -0.9 -0.9 -0.9 -0.9 -0.9 -0.9 -0.9 -0.9 -0.9 -0.9 -0.9 -0.9 -0.9 30.3 53.9 66.9 74.3 88 106 100.4 92.9 80.4 71.6 66.1 64.6 60.3 56.8 50.5 47.9 44.9 37.5 -0.9 -0.9 -0.9 -0.9 -0.9 -0.9 -0.9 -0.9 -0.9 -0.9 48.7 64.9 74.2 80.5 82.8 80.9 76.6 73.1 69.7 66.2 62.5 60.6 58.1 52.3 53.8 59.7 63.9 70.1 73.5 72.8 70.4 68.6 62.2 56.7 51.3 46.5 44.4 43.2 39.6 37.2 34.7 33.5 33.4
-0.9 -0.9 -0.9 -0.9 -0.9 -0.9 -0.9 -0.9 -0.9 -0.9 -0.9 -0.9 -0.9 -0.9 -0.9 -0.9 -0.9 -0.9 -0.9 -0.9 -0.9 -0.9 -0.9 -0.9 -0.9 43.7 73.3 83.8 99 100.2 97.8 90.8 76.3 68.7 65 66.7 64.2 58.6 52.3 46.7 40.3 32.3 -0.9 -0.9 -0.9 -0.9 -0.9 -0.9 -0.9 -0.9 -0.9 -0.9 48.6 66 79.1 84.8 87.1 85 80.4 77 73.3 68.9 65.6 63.1 60.9 57.8 58.2 63.5 70.4 71.1 76.6 77.7 75.3 72.5 67.7 61.9 56.6 50.7 49.2 50 46.2 41 38.2 36.9 37.9
-0.9 -0.9 -0.9 -0.9 -0.9 -0.9 -0.9 -0.9 -0.9 -0.9 -0.9 -0.9 -0.9 -0.9 -0.9 -0.9 -0.9 -0.9 -0.9 -0.9 -0.9 -0.9 -0.9 -0.9 -0.9 32.3 69.2 87.3 94.9 94.8 94.2 88 75.2 67.4 62.9 62.9 62 59.4 53.3 46.2 36.6 -0.9 -0.9 -0.9 -0.9 -0.9 -0.9 -0.9 -0.9 -0.9 -0.9 -0.9 46.9 71.8 83.2 90.3 90.4 88.2 84.3 79.8 75.1 71.1 68 65.7 63.9 60.7 59.4 67.9 71 74.2 80.2 80.9 78.5 75 70.6 65.5 59.8 56.3 54 51.6 50 45.2 42 39.3 40.8
-0.9 -0.9 -0.9 -0.9 -0.9 -0.9 -0.9 -0.9 -0.9 -0.9 -0.9 -0.9 -0.9 -0.9 -0.9 -0.9 -0.9 -0.9 -0.9 -0.9 -0.9 -0.9 -0.9 -0.9 -0.9 38.2 69.4 87.2 91 90.9 90.4 82.7 73 67.3 62.6 58.6 58.2 57.8 53.9 45.9 37.2 -0.9 -0.9 -0.9 -0.9 -0.9 -0.9 -0.9 -0.9 -0.9 -0.9 23.4 47.4 79.1 87.8 92.9 92.9 91.1 88.5 81.5 77.2 73.1 70.5 68.2 67.6 63 63.6 68.3 71.6 76.7 79.5 81 79.3 75.6 71.7 66.5 61.2 57.9 54.7 52.6 50.2 48.3 45.1 43 40.9
-0.9 -0.9 -0.9 -0.9 -0.9 -0.9 -0.9 -0.9 -0.9 -0.9 -0.9 -0.9 -0.9 -0.9 -0.9 -0.9 -0.9 -0.9 -0.9 -0.9 -0.9 -0.9 -0.9 -0.9 6.4 44 76.3 87.5 93.8 93.1 90.5 79.4 69.6 66.9 60.1 54.7 52.6 52.1 51 44.8 35.9 -0.9 -0.9 -0.9 -0.9 -0.9 -0.9 -0.9 -0.9 -0.9 -0.9 29.6 47.6 76.7 89.5 95.4 96.6 94.7 90.6 84.3 78.9 75.1 72.6 70.6 71 68.7 67.5 69.1 70.6 74.3 78.1 79.8 78.9 75.7 71.5 66.4 60 57.5 55.1 53.4 51.4 50.9 47.6 44.7 43
-0.9 -0.9 -0.9 -0.9 -0.9 -0.9 -0.9 -0.9 -0.9 -0.9 -0.9 -0.9 -0.9 -0.9 -0.9 -0.9 -0.9 -0.9 -0.9 -0.9 -0.9 -0.9 -0.9 -0.9 -0.9 45.4 73 90.3 95.8 93.7 92.2 79.3 69.2 67.1 58.4 51.6 48 46.8 47.2 42.9 33.9 -0.9 -0.9 -0.9 -0.9 -0.9 -0.9 -0.9 -0.9 -0.9 -0.9 31.5 52.8 74.4 90.4 98.8 99.8 97.6 92.3 86.1 80.1 76.9 74.5 72.6 71.7 70 68.9 69 71.7 75.5 78.6 80.4 79.6 76.7 72.2 67.2 60.1 57.5 55.4 53.9 52.2 50.7 49 46.8 44.8
-0.9 -0.9 -0.9 -0.9 -0.9 -0.9 -0.9 -0.9 -0.9 -0.9 -0.9 -0.9 -0.9 -0.9 -0.9 -0.9 -0.9 -0.9 -0.9 -0.9 -0.9 -0.9 -0.9 -0.9 9.4 48.7 78 92 98.7 95.9 91 80.4 69.4 66.9 58.3 48.5 45.1 41.6 41.8 39.2 30.7 -0.9 -0.9 -0.9 -0.9 -0.9 -0.9 -0.9 -0.9 -0.9 -0.9 30.4 55.1 75.8 91.6 100.5 101 98.9 93.2 88.5 81.8 77.8 75.5 74 72.4 70.6 70.5 69.5 73.5 77.1 79.4 80.9 81 78.4 73.3 68.3 60.4 57.7 55.5 54.1 52.8 51.4 49 48.5 45.8
-0.9 -0.9 -0.9 -0.9 -0.9 -0.9 -0.9 -0.9 -0.9 -0.9 -0.9 -0.9 -0.9 -0.9 -0.9 -0.9 -0.9 -0.9 -0.9 -0.9 -0.9 -0.9 -0.9 -0.9 26.2 52.2 82.9 93.3 99.1 98.4 92.3 81.8 70.1 67.7 59 47.9 42.2 37.6 34.9 33.7 26.3 -0.9 -0.9 -0.9 -0.9 -0.9 -0.9 -0.9 -0.9 -0.9 -0.9 28.8 55.8 75.2 92.2 100.9 101.8 100 95.5 90.7 83.8 79.9 76.7 74.8 72.9 71.8 71.9 73.9 75.8 78.7 80.8 81.1 81.6 80.1 75 69.3 61.7 58 55.8 54 52.5 51.1 50.3 49.1 47.2
-0.9 -0.9 -0.9 -0.9 -0.9 -0.9 -0.9 -0.9 -0.9 -0.9 -0.9 -0.9 -0.9 -0.9 -0.9 -0.9 -0.9 -0.9 -0.9 -0.9 -0.9 -0.9 -0.9 -0.9 16.7 48.9 84.9 97.3 100.6 100.1 93 84 71.9 66.6 57 46.8 41 35.3 22 21 -0.9 -0.9 -0.9 -0.9 -0.9 -0.9 -0.9 -0.9 -0.9 -0.9 -0.9 26.7 52.8 73.9 93.4 101.2 103.1 101.2 98.6 93.3 88.3 81.5 78.9 77 76 75.2 75.8 78.4 80 80.2 83.1 84.6 83 81.4 75.3 69.4 62.2 57.9 54.8 52.8 51.8 50.9 49.9 49.7 48.7
-0.9 -0.9 -0.9 -0.9 -0.9 -0.9 -0.9 -0.9 -0.9 -0.9 -0.9 -0.9 -0.9 -0.9 -0.9 -0.9 -0.9 -0.9 -0.9 -0.9 -0.9 -0.9 -0.9 -0.9 28.9 65.5 92.9 100.2 101.1 100.2 93.3 83.7 72.5 63.2 52.8 45.9 41.2 36.9 35 20.1 -0.9 -0.9 -0.9 -0.9 -0.9 -0.9 -0.9 -0.9 -0.9 -0.9 -0.9 25 50.6 71.3 91 100.9 103.2 101.6 100.3 96.1 90.3 83.7 80.6 78.6 78.7 79 79.7 80.2 83.2 83.8 85.7 87.1 85.2 82 76.7 69.8 61.6 57.5 54.9 53.9 53.1 52.3 51.4 51.3 50.5
-0.9 -0.9 -0.9 -0.9 -0.9 -0.9 -0.9 -0.9 -0.9 -0.9 -0.9 -0.9 -0.9 -0.9 -0.9 -0.9 -0.9 -0.9 -0.9 -0.9 21.4 6.4 -0.9 -0.9 30.4 77.9 101.1 100.9 105.6 99.6 93.5 83.4 72.2 62.4 52.6 46.3 42.3 40.3 38.8 33.9 -0.9 -0.9 -0.9 -0.9 -0.9 -0.9 -0.9 -0.9 -0.9 -0.9 -0.9 -0.9 47 69.6 92.8 100.8 103.6 102.5 101.1 98.3 91.5 86 82.3 80.2 79.2 80.9 80.7 84.3 86.9 87.4 90.7 90.8 88.4 83.7 77.7 69.9 60.5 58.4 56.3 55.3 54.7 53.8 53.2 52.9 52.2
-0.9 -0.9 -0.9 -0.9 -0.9 -0.9 -0.9 -0.9 -0.9 -0.9 -0.9 -0.9 -0.9 -0.9 -0.9 -0.9 -0.9 -0.9 23.2 49.2 62.7 42.4 70.8 63.6 61.4 91.4 98.7 99.7 100.5 98.9 93.2 82.9 70 61.7 52.9 46.8 45 43.7 43.5 38.6 -0.9 -0.9 -0.9 -0.9 -0.9 -0.9 -0.9 -0.9 -0.9 -0.9 -0.9 -0.9 42.3 68.7 91.1 100.8 105 104.8 101.8 99.9 93.5 88.4 83.9 82.2 79.7 79.6 81.2 85.4 91.1 90.9 91.3 91.8 90.8 85.3 77.2 69.4 60.7 58.6 57.7 56.8 56.2 55.4 55 54.3 53.7
-0.9 -0.9 -0.9 -0.9 -0.9 -0.9 -0.9 -0.9 -0.9 -0.9 -0.9 -0.9 -0.9 -0.9 -0.9 -0.9 -0.9 19.2 62.1 79.7 78.4 73.9 78.7 88.5 94.2 93.4 95.2 94.4 97.2 96 90.8 80.9 68.5 60.4 52.2 48.2 47.3 47.6 47.9 46.1 35.1 -0.9 -0.9 -0.9 -0.9 -0.9 -0.9 -0.9 -0.9 -0.9 -0.9 -0.9 41.4 67.1 90.4 100.9 104.1 103.4 101.5 100.4 96.6 91.6 87.6 84.4 82.6 82.5 83.8 87.5 91.5 92.9 94.3 95.1 92 86.2 77.1 69.2 62.6 58.9 58.6 58.4 57.6 57 56.4 55.8 55.1
-0.9 -0.9 -0.9 -0.9 -0.9 -0.9 -0.9 -0.9 -0.9 -0.9 -0.9 -0.9 -0.9 -0.9 -0.9 -0.9 -0.9 38.9 81.9 93.9 87.2 80.9 84.4 89.3 90.1 91.3 92.8 89.3 94.2 93.1 90.5 80 67.7 59.2 52.6 49.1 48.4 50.7 50.7 47.9 36.3 -0.9 -0.9 -0.9 -0.9 -0.9 -0.9 -0.9 -0.9 -0.9 -0.9 -0.9 39.6 65.9 91.3 101.4 104 103.4 102.1 101 99 94.3 90.5 88.2 86.7 86.6 86.8 89.8 92.2 96 98 97.3 94 86.2 77.2 70.2 64.9 60.6 60 60.1 60.1 58.6 59 58.5 57.6
-0.9 -0.9 -0.9 -0.9 -0.9 -0.9 -0.9 -0.9 -0.9 -0.9 -0.9 -0.9 -0.9 -0.9 -0.9 -0.9 -0.9 50.8 96.5 98.9 94.7 89.7 87.7 90.2 88.6 89.1 90.4 88.1 89.8 91 88.3 79.7 67.8 59.5 53.1 49.3 49 51.3 54.8 51.9 45.2 -0.9 -0.9 -0.9 -0.9 -0.9 -0.9 -0.9 -0.9 -0.9 -0.9 -0.9 43.9 68.9 93.4 102.8 104.8 102.5 101.1 101 98.6 94.7 90.8 88.6 88.6 90.8 89.9 90.8 94.5 98.4 100.2 100.7 95.9 88 78.7 71.8 67.1 64.6 63 62 61.6 60.8 60.4 60.6 59.3
-0.9 -0.9 -0.9 -0.9 -0.9 -0.9 -0.9 -0.9 -0.9 -0.9 -0.9 -0.9 -0.9 20.6 -0.9 -0.9 67 100 106.4 103.1 99.7 97.1 90.9 88.5 85.6 88.3 89.4 84.9 87.7 89.8 87.6 79.6 65.8 57.9 52.8 50.8 50.9 51.1 54.7 53.4 47.9 -0.9 -0.9 -0.9 -0.9 -0.9 -0.9 -0.9 -0.9 -0.9 -0.9 -0.9 48 69.3 93.9 104.4 104.8 102.3 100.7 99.1 96.7 93.9 90.7 88.6 89 91.1 91.7 93.3 96.7 99.6 100.8 101 96.6 90.3 82.2 75.5 70.8 68.4 66.5 65.2 64.1 63.3 62.7 61.6 60.4
-0.9 -0.9 -0.9 -0.9 -0.9 -0.9 -0.9 -0.9 -0.9 -0.9 -0.9 -0.9 -0.9 26.8 73.4 111.8 115.3 112.3 110.4 108.5 104.9 101 93.5 87.8 84.9 85.3 85.5 80.7 84.5 86.4 85.8 80 66.6 57.8 53 52.8 51.2 52.7 55.9 57 48.7 28.8 -0.9 -0.9 -0.9 -0.9 -0.9 -0.9 -0.9 -0.9 -0.9 19.3 56.5 70.4 92.3 102.9 103.8 100.6 98.9 96.5 94.2 91.8 89.6 89 89.6 91.7 94 96.3 98.7 100.9 103.4 103.7 98.6 93.3 87.5 80.3 75.3 71.7 69.8 68 66.9 65.9 64.9 63.3 61.4
-0.9 -0.9 -0.9 -0.9 -0.9 -0.9 -0.9 -0.9 -0.9 -0.9 -0.9 -0.9 -0.9 26.7 59.2 63.6 89.4 114.2 111.1 109.6 105.4 100.4 92.2 84.5 81.4 80.8 84.1 77.6 82.4 84.1 83.6 79.3 65.2 57.9 52 51.5 50.6 54.9 56.5 57.1 52.7 37.9 -0.9 -0.9 -0.9 -0.9 -0.9 -0.9 -0.9 -0.9 -0.9 21.8 49 72.1 88.7 99.5 101 100.1 97 93 90.4 89.1 90.3 89.9 91.5 93.4 95.9 98.3 99.5 102.6 107 106.6 101.2 95.8 90.4 84.5 80.1 76.9 73.7 71.1 69.4 68.4 66.7 65.5 63.1
-0.9 -0.9 -0.9 -0.9 -0.9 -0.9 -0.9 -0.9 -0.9 -0.9 -0.9 -0.9 -0.9 -0.9 -0.9 32.7 71.5 102.5 111.6 109.6 103.8 97.6 88.2 77.6 77.6 77.6 77.6 77.6 81.6 81.8 81 73.8 63.5 55.2 51.7 51.9 53 57.1 58.2 57.3 55.1 40.6 -0.9 -0.9 -0.9 -0.9 -0.9 -0.9 -0.9 -0.9 -0.9 24.8 46.6 66.8 84.5 95.3 98.5 98 94.1 90.1 88.3 90.2 89.9 90.3 92.6 96 98.1 99.2 101.4 106.1 109 108.1 103 99.3 94.4 88.8 84.5 80.9 77.9 75 72.7 70.4 68.6 67.3 64.8
-0.9 -0.9 -0.9 -0.9 -0.9 -0.9 -0.9 -0.9 -0.9 -0.9 -0.9 -0.9 -0.9 -0.9 -0.9 29.9 59.9 94.7 112.4 109.6 103.9 96.2 85.6 77.6 77.6 77.6 77.6 77.6 79.1 79.8 79.4 72.2 63 57 54.5 54 55.9 58.3 59.2 58.6 55.3 39 -0.9 -0.9 -0.9 -0.9 -0.9 -0.9 -0.9 -0.9 -0.9 22.8 42 61.7 81.5 92.2 94.5 93.7 91 87.1 88.1 90 90.1 90.9 94.5 99 99.6 100 102.7 106.8 108.2 108.5 103.6 101.4 98.6 93.3 89.1 85 81.9 78.8 76.1 73.1 71 69.2 66.7
-0.9 -0.9 -0.9 -0.9 -0.9 -0.9 -0.9 -0.9 -0.9 -0.9 -0.9 -0.9 -0.9 -0.9 -0.9 31.6 58.7 93.6 112.1 109.2 102.5 96.4 83.6 77.6 77.6 77.6 77.6 77.6 78.5 77.4 74.2 69.1 63.8 59.4 57.2 56.4 58.1 58.6 58.8 58.1 53.4 37.5 -0.9 -0.9 -0.9 -0.9 -0.9 -0.9 -0.9 -0.9 -0.9 19.5 39.2 56.9 72.6 85.6 89.8 90.5 88.8 87.9 86.3 88.6 90.9 90.9 94.7 98.5 98.5 99.8 101.6 104.4 105.3 105.8 103.7 102.4 100.8 96.7 92 88 86 82.5 79.5 77.3 75.9 71.4 68.6
-0.9 -0.9 -0.9 -0.9 -0.9 -0.9 -0.9 -0.9 -0.9 -0.9 -0.9 -0.9 -0.9 -0.9 -0.9 31.5 59.8 92.8 110.6 110.1 106.7 100.1 83.7 77.6 77.7 79.9 79.4 77.6 78.4 80.9 74.2 67.7 62.5 59.3 58 58 58.2 58.1 57.4 55.2 48.4 34.1 -0.9 -0.9 -0.9 -0.9 -0.9 -0.9 -0.9 -0.9 -0.9 14.9 36.9 51.8 65.7 78.5 84 86.5 85.8 85.1 85.4 87.8 90.9 90.8 93.1 95.8 98.2 99.5 101.1 103 102.6 102 101.8 102.1 100.8 98.4 93.9 90.8 89.5 87 84 81.6 79.9 75.4 70.3
-0.9 -0.9 -0.9 -0.9 -0.9 -0.9 -0.9 -0.9 -0.9 -0.9 -0.9 -0.9 -0.9 -0.9 14 43.7 75.7 101.1 114.5 112.5 110 103.9 90.9 77.6 81.4 86.1 85.1 81.9 85.3 83.5 78.5 69 62.6 60.4 59 58.4 59.3 56.7 54.2 50.9 43.3 32.2 -0.9 -0.9 -0.9 -0.9 -0.9 -0.9 -0.9 -0.9 -0.9 10.5 32.1 46.1 61 70.7 78.3 82.2 83.1 84.1 84.8 85.8 88.1 90.3 92 93.7 96.2 98.9 100.6 101.8 101.5 101.2 101.5 102.1 100.9 100.1 96.3 93.5 92.3 91.5 87.4 84.5 81.4 79.4 72
-0.9 -0.9 -0.9 -0.9 -0.9 -0.9 -0.9 -0.9 -0.9 -0.9 -0.9 -0.9 -0.9 -0.9 35.8 56.8 89.3 110.6 119.5 116.6 113.1 107.6 96 83.3 86.8 91 88.5 86 84.6 83 80.1 69.7 63.1 60.8 59.1 58.2 57.5 53.5 51.1 46.7 40.2 29.9 14.5 -0.9 -0.9 -0.9 -0.9 -0.9 -0.9 -0.9 -0.9 -0.9 23.4 40.2 53.7 66.6 74.9 78.9 80.6 82.1 83.5 84.4 86.7 88.1 89.9 91.6 94.1 96.8 99.5 99.9 99.8 100.9 101.4 102 101.6 101.9 98.7 96.3 95.3 94.3 90.5 87.1 83.9 80.2 75.5
-0.9 -0.9 -0.9 -0.9 -0.9 -0.9 -0.9 -0.9 -0.9 -0.9 -0.9 -0.9 -0.9 19.4 53.3 76.6 103.6 115 119.6 120.2 116.5 110.9 102 91 90.3 91 90.8 88 86.2 83.4 81.1 71.8 64.4 59.6 57.6 56.4 54.8 52.5 48.7 44.5 37.8 26.9 9.9 -0.9 -0.9 -0.9 -0.9 -0.9 -0.9 -0.9 -0.9 -0.9 19.7 36.3 51.8 61.9 72.3 74.7 76.2 78.6 81.9 83 84.2 85.9 87.7 89.5 92.1 94.9 97.6 99.1 99.5 99.6 101.1 101.8 104.7 103.6 100.5 99.2 98.5 97 93.6 90.4 87.3 84.1 79.1
-0.9 -0.9 -0.9 -0.9 -0.9 -0.9 16 -0.9 -0.9 -0.9 -0.9 -0.9 -0.9 26.5 61.8 92 115.5 120.5 120.3 119.9 118.6 112.3 104 94.4 90.8 91 90.6 88.7 85.6 82.2 79.9 72.8 65.9 60.2 56.7 54.2 52.5 51.5 48.1 43.5 36 25.5 14.4 -0.9 -0.9 -0.9 -0.9 -0.9 -0.9 -0.9 -0.9 -0.9 18.4 30.9 43.8 56.9 65.7 70.3 72.7 75.1 78.1 80.2 81.9 83.5 85.3 87.5 90 93 95.8 97.6 98.4 99.7 101.7 105.7 108.7 107.4 104.9 102.9 102.4 100.5 97.6 94.2 91.1 88.2 83.2
-0.9 -0.9 -0.9 -0.9 -0.9 -0.9 74 -0.9 -0.9 -0.9 -0.9 -0.9 15.4 50.2 78.8 106.7 118 124.3 121.6 121.2 119.6 113 104.2 96.8 92.9 91.9 91.4 88.3 83.8 80.6 76.9 72.1 65.8 60.2 56 53.1 50.8 48.7 46.1 42.4 34.6 24.7 11.8 -0.9 -0.9 -0.9 -0.9 -0.9 -0.9 -0.9 -0.9 -0.9 16 26.9 38.4 51.6 61.9 66.7 69.2 71.5 74 77.3 79.4 81.1 83.3 85.5 87.7 90.9 93.9 96.1 97.3 99.1 102.4 107.2 109.6 109.7 109.2 107.2 105.5 103.5 100.6 97.4 94.3 91 87.2
-0.9 -0.9 -0.9 -0.9 -0.9 -0.9 79 79.2 -0.9 -0.9 62.6 -0.9 28.8 72.9 95.5 111 123.4 126.4 121.1 121 119.4 111.2 103.3 97.5 94.8 92.9 90.2 85.5 81.4 77.6 75 71.3 65.1 58.8 54.7 51.7 48.7 46.5 43.9 39.3 32.9 22 10.9 -0.9 -0.9 -0.9 -0.9 -0.9 -0.9 -0.9 -0.9 -0.9 11.2 26.4 37.2 47.2 56.8 63.6 66.6 68.4 71.1 74.1 76.9 79.1 81.3 83.5 85.6 88.6 91.8 94.5 96.5 98.9 101.3 105.7 110.2 111 110.8 109.5 108.1 105.5 102.6 99.4 96.4 93.2 90
-0.9 -0.9 -0.9 -0.9 -0.9 -0.9 80.5 88.5 -0.9 -0.9 86.5 88 64.1 83.6 106.2 120.1 128.5 130.3 122.2 117.4 114.3 107.8 101.9 96.7 94.7 92.2 88.6 82.5 78.7 74.9 71.6 69.5 63.4 56 51.6 49.3 46.5 43.8 41 38.1 32.3 21.8 7.4 -0.9 -0.9 -0.9 -0.9 -0.9 -0.9 -0.9 -0.9 -0.9 -0.9 22.7 31 42.3 54 60 64.2 66.2 68.6 71.4 74 76.5 79 81.4 83.6 86.3 89.5 92.5 93.8 97.1 100.2 104.2 108.8 111 110.9 110.6 109.2 107.3 104.5 101.4 98.4 95.4 91.8
-0.9 -0.9 -0.9 -0.9 -0.9 -0.9 69.4 86.8 92.9 88.5 93.4 94 92.9 96 114.7 124 132.9 131.5 123.1 112.1 110.3 102.9 97 93.9 91.1 90.1 83.1 76.5 72.6 69.1 67.6 65.8 61.3 54.6 48.3 46.5 43.8 41.1 38.5 35.8 30.1 21.3 9.5 -0.9 -0.9 -0.9 -0.9 -0.9 -0.9 -0.9 -0.9 -0.9 -0.9 14.9 25.9 42.2 53.7 59.2 61.6 63.5 65.6 68.3 70.9 73.4 75.9 78.3 80.6 83.9 87.2 89.5 91 92.8 97.2 102 107 111 111 111 110.3 108.6 106.3 103.4 100.5 97.5 93.6
-0.9 -0.9 -0.9 -0.9 -0.9 -0.9 49.9 85.6 88.9 91 90.4 90.7 91.6 99.1 109.5 123.3 133.9 130.2 118.5 107 102.8 95.4 90.9 88.6 86.1 84 77.3 71.1 66.9 64.1 63 62.1 59.7 52.4 48.1 44.6 41.2 38.5 36 32.4 27.3 20 11.4 -0.9 -0.9 -0.9 -0.9 -0.9 -0.9 -0.9 -0.9 -0.9 -0.9 7 22.9 42.7 53.7 56.7 58.9 60.4 62.7 65.7 68.2 70.8 73.5 76 78.5 81.8 84.8 86.7 88.1 89.6 93.2 98.3 104 109.8 111 111 111 109.7 107.8 105.3 102.3 99.6 95.3
-0.9 -0.9 -0.9 -0.9 -0.9 -0.9 72.2 82 83.2 85 87.6 89.4 91.4 97.7 105.4 118.7 129.5 125.9 114 99 93.2 87.8 85.2 83.2 80.9 78.9 72.5 66 62.2 59.5 60 60.9 57.7 51.2 47.5 43.9 40.2 36.6 33.4 29.4 24.7 18.4 8 -0.9 -0.9 -0.9 -0.9 -0.9 -0.9 -0.9 -0.9 -0.9 -0.9 -0.9 23.4 39.2 51.9 56.4 58.1 58.7 60.6 63.7 66.2 69.2 72.8 74.1 76.5 79.3 82 84.3 85.7 86.8 89.7 94.7 101 106.9 110.5 110.4 111 110.6 108.6 106.2 102.8 100.2 97.1
-0.9 -0.9 -0.9 -0.9 -0.9 -0.9 73.8 79.2 79.7 81.5 84 86.6 89.5 93.6 99.4 112.4 120.9 122.3 108.8 95.2 87.7 84.1 82.4 80.1 77.6 75.2 69.4 63.3 59.1 56.8 57.3 58.5 54 50.7 46.8 43.1 39.3 35.1 31.1 26.8 22 16.6 -0.9 -0.9 -0.9 -0.9 -0.9 -0.9 -0.9 -0.9 -0.9 -0.9 -0.9 7.6 24.4 41 51.8 57.9 57.8 57.3 59.2 61.6 64.7 68.4 70.9 72 73.9 76 78.9 81.4 82.7 84.1 86.6 90 95.7 101.8 106.9 109 110.5 109 107.9 105.4 102.8 100.4 98.6
-0.9 -0.9 -0.9 -0.9 -0.9 -0.9 79.3 79.2 79.6 79.7 81.8 83.9 86.6 90.8 97.4 107.1 117.7 120.9 106.8 94.6 87.1 82.8 80.8 78.3 75.3 71.5 67.6 61.7 58.2 54.6 53.2 53.8 52.9 50.8 46.5 42.3 38.2 33.9 29.8 25.8 19.8 14.9 -0.9 -0.9 -0.9 -0.9 -0.9 -0.9 -0.9 -0.9 -0.9 -0.9 -0.9 14 24.6 38.7 50 56.1 55 55.5 57.9 60.9 64 67.3 68.5 69.6 71.3 72.9 74.7 77.3 78 78.9 81.7 84.8 89.4 95 101.6 105.6 106.9 107.2 106.4 105.3 102.8 100.5 98.7
-0.9 -0.9 -0.9 -0.9 -0.9 -0.9 76.6 79.1 79.5 79.7 80.2 82 84.2 88.9 95.7 103 112.2 113.1 106.2 95.5 88.5 85 82 78.3 75.3 70.9 66.3 60.8 56.3 52.2 50.1 49.9 50.7 51 45.6 40.9 38.5 34.5 30.4 26.2 19.6 13 -0.9 -0.9 -0.9 -0.9 -0.9 -0.9 -0.9 -0.9 -0.9 -0.9 -0.9 10.8 22.9 38 48 53.7 52.9 54.3 57.3 60.2 63.4 67 69.2 69.5 69.1 70.1 70.4 72 72.2 72.9 76.1 79.5 84.2 88.8 95.1 100.6 103.3 104.7 105.1 103.9 102.5 100.7 99.8
-0.9 -0.9 -0.9 -0.9 -0.9 -0.9 70.9 78.7 78 78.4 78.8 79 79.8 84.5 91 98.3 108.8 111.1 108.9 99.3 91 87.7 85.2 81.7 77.9 71.9 66.8 60.8 56.2 50.9 49 49 50 49.6 45.2 40.7 37.7 34.8 31 24.9 17.8 11.9 -0.9 -0.9 -0.9 -0.9 -0.9 -0.9 -0.9 -0.9 -0.9 -0.9 -0.9 14.9 25.5 37.8 46.1 51 51.2 54 56.9 59.8 62.9 66.5 69.1 69.5 68.7 66.3 66.5 64.8 65.2 66 68.8 72.5 76.6 81 88.5 95.1 99.1 101.6 102.4 103.3 102.9 102.3 101.4
-0.9 -0.9 -0.9 -0.9 -0.9 -0.9 79.7 79.3 76.6 77.1 78.3 79 79 82.2 89.4 97.8 106.3 110.8 109.1 101.1 93 90.3 89.6 85.3 80.6 74.6 68.3 62.6 56.5 51.3 49 49 49.5 48.9 45.3 41 37.9 35.3 32.4 27.4 20.1 12.8 -0.9 -0.9 -0.9 -0.9 -0.9 -0.9 -0.9 -0.9 -0.9 -0.9 -0.9 20.3 29.8 39.4 44.9 48.3 51.5 54.2 57 59.8 62.1 65.9 68.7 69.1 66 63 61.9 59.2 57.4 58.9 61.2 65.5 70 75.1 81.9 89.4 93.9 97 100 101.7 101.9 102 102.2
