data/440000-1150000.asc
ncols 200
nrows 200
xllcorner 440000
yllcorner 1150000
cellsize 50
[rows 38 to 75 of 200, columns 0 to 86 of 200]
88.4 86.2 81.9 78.8 76.1 72.4 72.7 71 67 60.4 63.3 69.5 78.2 91.2 108.4 125.8 139.8 158.2 170.9 174.9 174.6 169.7 157.6 141.2 122.5 113.3 102 89.2 78.5 73.1 70.7 69.2 68.8 68.6 68.4 68.1 67.8 67.8 67.8 68.3 69.1 74.2 83.7 98.3 116.3 134.2 146.8 158.6 160.7 159.9 154.1 149.2 146 143.5 142.9 141.6 140.3 138.7 135.6 131.6 129.1 129.4 127 124.3 121 118.9 115.7 112.7 110.2 110 109.5 109.5 109.1 107 108.3 108.9 107.8 106.4 104.4 101.8 99.5 97.7 96.1 96.5 97.7 97.8 98.2
87.5 83.7 80.2 79.3 73.9 69.9 69.8 70.6 66.3 62.4 62.5 69.2 78 88.7 103.6 122.5 136.3 154.5 168.6 174.3 174.4 171.1 160.5 146.8 128.3 118.8 106.6 90.9 79.8 74.2 71.2 69.1 68.4 68.2 67.9 67.7 67.5 67.4 68.1 68.6 69 71.2 81.4 95.2 112.5 129.5 142.7 154.4 160.9 160.3 154.8 149.8 146.5 141.3 139 140.8 139.5 138 135.3 132.3 129.7 130.4 127 123.3 120.2 116.3 112.4 110.4 110.2 109.1 107.2 107.1 105.5 104 105.2 104.3 102.8 101.1 98.7 96.3 93.9 92.9 91.5 90.5 91.2 90.5 91
87.5 83.5 80.4 78.9 74.6 71.1 71.5 69.7 63.3 62.1 62 68.1 76.9 88.3 100.9 119.8 135.5 150 165.4 174.4 174.7 172.2 162.7 149.6 132.8 122.5 110.5 95.4 80.3 73.3 70.5 69 68 67.8 67.6 67.4 67.1 67.3 67.7 68.1 68.6 70.3 79.4 91.9 109.8 125.4 138.7 150.8 158.5 160.9 157.3 152 147.3 141 139 140.4 139 136.8 134.4 132.3 129.9 130.9 128.4 124.5 120.7 115.3 109.7 110.1 109.8 107.2 105.9 105.9 106.1 105.1 106.1 106.2 105.7 104.8 102.8 100 98.7 97.6 96.1 93.7 91.3 90.6 88.2
88.2 83.6 80.2 78.7 77.7 75.3 71.2 69 65.4 61.6 59.3 66.9 75.6 86.5 100.2 120.1 134.5 150.4 163.9 173.1 174.9 173.2 164.2 152.1 135.1 124.3 113.6 96 78.9 72.3 70 68.4 67.9 67.6 67.4 67.1 66.9 66.9 67.4 67.9 68.5 69.8 78 89.8 107.2 124.6 135.4 146.5 156.6 160.7 158.9 153.5 148.4 141.6 139.1 139.9 138.3 136 134.2 132.1 129.7 130.9 129.1 125.4 120.9 116.4 110.8 109.1 109 107.8 108.6 108.8 108.9 108.6 110 110.3 110.3 110.8 109.4 107.1 104.4 101.6 100.8 101.3 98.6 96 93.3
88.2 85.1 82.3 79.5 78.4 75 71 68.2 64.7 62.4 60 66.1 74.7 85 99.4 117.8 133.2 150 163.7 172.7 174.6 173.7 165.3 152.2 135.4 124.8 114.8 97.2 79.2 71.9 70 68.5 67.9 67.6 67.4 67.2 66.9 67.1 67.3 67.6 67.9 70.7 77.2 88.7 103.5 122.9 135.3 145.3 155.3 159.5 158.9 154.1 149.6 143.2 139.1 139.5 137.6 135.8 134.1 131.9 130.6 130.6 129.2 124.1 118.7 114.4 110.6 109.1 109.2 108.8 109.4 110 110.9 112.1 113.4 113.7 115.3 115.6 114.6 113.5 111.1 109.4 105.8 105.8 103.7 101.4 98
91.5 87.7 84.2 80.3 76.7 72.6 70 66.7 63.2 59.7 58.8 66.1 74.7 83.6 96.9 114.7 132.4 147.3 161.7 172.3 174.8 173.6 165.4 152 136.2 124.9 115.4 99 80.1 73.4 69.8 68.9 67.9 67.7 67.5 67.2 67 67.3 67.6 67.9 68.3 72 77.2 88.1 103.4 120.2 134.4 144.3 154.7 159.4 158.4 156.3 151.6 144.8 139.4 140.3 139 136.4 133.9 132.8 132.1 131.8 130 122.8 117 112.1 109.3 109.1 109.1 110 110.3 111.2 112.5 115.3 117.1 118.6 120.3 120.5 120 119.2 116.8 114.2 112.2 110.7 108.9 105.6 103.3
93.1 89.7 85.9 81.5 79.6 72.9 68.9 67 65.3 62 58.2 64.8 73.3 82.3 95.2 112.4 130.4 143.8 158.6 169.9 174.7 173.2 164.6 150.8 133.3 123.8 115.3 98.1 86.4 74.8 70.9 69.6 68.4 67.9 67.5 67.3 67.1 67.5 68 68.4 68.7 73 79.9 87.2 98.6 118.5 131.7 143.6 154.2 160.6 160.2 157.9 154 147.3 143 140.7 139 135.8 132.9 133.6 133 131.7 130.3 121.7 116.7 111.8 109.1 109.1 109.1 109.9 111.7 112.7 115.5 118.6 121.4 123.2 125.3 125.6 125.5 124.8 121.7 118.9 117.4 117 114.8 111.3 106.9
93.1 91.1 86.7 81.5 78 72.9 68.5 64.7 63.2 60.9 58.7 64.1 72 79.9 93.7 109 127.2 140.6 157.1 168.7 173.7 172.2 163.2 148.2 131.3 120.8 112.7 99.6 86.4 76.4 70.4 68.7 68.4 68.1 67.8 67.4 67.3 68 68.4 68.7 69.1 72 79.5 86.8 97.6 115.6 131.4 143 152.6 159.4 161 160.3 156 149.3 146.5 144.2 140.9 136.1 133.4 132.2 132.6 131.5 130.2 121.5 116.7 111.8 109.2 109.2 109.1 110 112.3 115.6 118.9 122 125.1 128.2 130.6 131.9 132.1 129.8 127.5 124.5 121.6 122.2 120.3 116.5 111.7
91.9 89.1 84.9 80 78.8 72.9 70.7 66.6 63.4 61.7 58.7 62.8 69.9 77.9 91.2 106.6 124 135.8 152.5 165.8 171.4 170.5 162.5 145.5 130.7 117.7 110.5 99.5 86.6 74.7 69.9 68.3 67.9 67.8 67.6 67.4 67.6 68.2 68.8 69.2 69.2 73.8 80.7 87.1 99.1 115.5 130.6 142.3 152.3 159.1 160.6 160.8 158.6 152.1 149.2 147.3 143 137.5 134.2 132.8 133.2 131.8 129.8 121.7 116.8 112.1 109.2 109.2 109.1 110.2 112.7 116.2 120.1 123.8 128.8 133.5 136.6 138.1 138.1 136 133.5 130.3 127.2 127 125.6 121.7 117.3
93.2 89.1 84.2 79.6 79.4 73.1 69.1 67.1 65.5 64.5 59.1 61.7 67.6 75.9 89.3 104.4 121.2 133 149.3 161.5 169.2 168 160.7 146 129.9 117.1 108.3 99.2 83.2 74.5 69.9 68.4 67.6 67.1 66.9 66.7 68.4 70.3 69.9 70.4 70.9 74.8 81.3 87.7 98.5 115 128.6 142.4 151.8 157.9 160.3 160.6 161 156.4 153.6 150.4 143.1 137.4 134.9 133.8 133.9 132.3 130.5 124.5 117.5 112.3 109.5 109.2 109.1 110.3 113.5 117 121.1 127 131.9 137.4 142.3 144.4 144.9 142 138 134.3 130.5 130.7 130.7 127.1 122.5
94.3 91.3 87.8 83.2 78.1 72.9 69.9 66.1 62.7 64.3 58.7 60.8 65 72.9 85.7 100.3 117.2 130.9 144.3 157.2 164.5 165.5 157.1 143.8 128.6 114.9 106.1 96.8 81.9 74 69.8 68.5 67.6 66.8 66.2 66.6 68.1 69.9 72.4 74.4 75 75 81.4 88.7 97.6 113.8 127.4 141.6 151.2 157.6 161 162.6 162.3 161 159.1 153.6 144.9 138.5 136.2 135.5 136 135.4 132 125.2 117 112.7 109.6 109.8 109.8 111.6 114.5 117.7 122.7 128.9 134.7 141.2 146.6 149.8 149.9 145.8 141.9 138 134.2 131.9 131 128.5 124.6
93.4 92 88.1 83.7 79.4 73.6 70 66.3 64.7 64 58.3 60.1 63.6 70.7 84.6 96.6 113.6 128.5 140.1 154.5 161.6 163.2 157 144 128.8 114.7 104.2 94.3 82.5 74.1 69.2 67.9 67.1 66.3 65.6 66.8 68.3 69.9 73 75 75.3 75.9 81.5 89.2 97.7 112.5 127 140.1 149.5 157.7 162.2 164.6 164.9 163.8 162.8 157.3 147.4 142.2 137.7 137.4 138.6 140.2 135.5 124.8 116.9 111.8 110 110.6 111.6 113.9 116.8 120.1 124.6 130.6 137.1 144.2 150.1 153 153 148.6 145.1 138.7 135.4 134.1 133 130.7 127.5
95.2 93.2 90.2 83.2 78.9 73 70 67.2 65.6 63.9 58 58.5 62.6 69.1 82.5 95.1 111.1 125.2 137.1 151.6 160.2 161.1 157.3 144.1 130.4 114.4 102.8 93.5 83.2 73.9 69 67.4 66.7 65.9 65.4 67.4 68.9 70 73.9 74.9 75.1 75.9 81.8 90 98.3 111.4 125.7 138.2 149.3 159.6 163.7 166.2 167.8 167.4 166 158.7 148.9 144.6 140.3 138.9 140.6 141.5 138.9 127.2 117.5 112.3 110.6 111.4 113.9 116.6 119.3 122.4 126.7 132.1 138.7 145.9 151.7 157.2 156.6 151.2 146.7 140.4 136.1 135.9 135.2 132.9 130.5
99.1 95.4 91.7 86.7 78.5 73.9 70.6 68.5 65.9 64 57.7 57.6 60.3 69.1 82.4 94.9 110.2 123.8 135.7 148.3 158 159.6 154.9 143.7 130.8 114.6 102.4 93 82.6 74.7 69.5 67.6 66.3 65.9 66.1 68 69.1 70.9 74.1 74.4 73.9 75.8 82.1 90.9 101.5 113.7 127.1 140.4 150.9 159.5 164.6 167.9 169.2 169.8 167.3 160.3 149.9 145.1 140.7 139.6 142.2 144.2 139.1 129.6 118.1 113.2 111.2 112 114.6 117.2 119.8 123.3 128 133.5 139.6 146.7 153.3 159.5 158.4 152.6 148.3 141.8 137.9 137.9 137.6 135.3 133.9
102.8 97.6 93 88.5 79.3 75 71.1 69.2 66.9 63.4 57.2 57.6 59.8 66.7 79.6 93.7 107.5 123.1 135.4 148.5 156.2 158.4 154.2 142.9 130.6 115.9 103.3 94.4 85.1 75.4 70.6 68.5 67.2 65.8 66.7 69.1 70.5 70.1 70.9 71.8 73.1 74.6 82.2 91.7 102.3 114.8 127.4 140.6 152 160.1 166 169.3 170.3 169.9 169.6 161 149.8 145.1 142.6 141.5 146.6 148 142.5 131.4 119 114.1 111.8 112.8 115.9 118.7 121.4 124.6 127.7 133.4 139.4 147.6 154.7 159.8 158.4 153.2 148.1 143.1 140.1 140.4 140.1 138.1 136.9
105.6 99.8 93.6 87 80.4 75.7 70.8 67 66 62.1 55.5 57.8 59.9 65.8 77.8 92.3 106 122.3 134.5 145.8 154.6 154.8 152.2 141.4 130.4 115.6 103.9 94.9 83.9 75.7 70.8 67 65 65.9 67.1 69.3 70.4 69.9 69.7 70.5 71 74.6 82.5 92.5 103.9 116.4 129.1 140.5 152.5 162.4 166.8 170.4 170.8 170.2 168.4 160.5 151 145.2 143.1 144.4 149.2 150.7 147.4 134.3 121.4 115.4 112.4 113.7 117.5 120.2 122.8 125.6 129.1 133.9 139.2 146.7 153.9 158.1 157.8 152 148.2 143.8 139.9 140.5 139.6 137.3 136.8
107.3 100.6 93.9 87.1 81.2 76.4 71.6 66.5 63.9 61.5 55.9 58.1 60.6 65.4 76.3 90.4 104.9 121.4 134 146.1 153.7 154.6 150.8 137.6 128.3 114.7 104 94.4 83.3 74.7 68.8 67.8 66.8 64.5 67.1 68.2 69.4 69.4 69.3 69.2 70.7 74 83 94.2 105.8 118.1 130.5 140.2 150.6 161 167.3 170.9 170.9 170.1 166.3 159.4 152.7 147.8 141.7 146.7 151 153.3 150.9 138.1 125.5 117.1 114.1 114.7 118.1 120.6 123.4 126.6 130.5 134.8 140 146.6 150.4 153.8 153.3 150.7 147.1 142.3 138.5 138.8 138.4 136.8 136.9
106.9 100.5 94 87.2 82 77.1 72.3 67.3 63.7 60.8 56.7 58.3 59.8 64.8 75.6 89.2 102.6 119.9 132.4 144.4 153.2 154.1 148.4 134.6 124.5 112.4 102.7 93.6 84.6 76.8 71.2 68.4 65.6 64.5 64 67.3 68.3 68.9 69 70.3 72.4 75 83.4 95.2 107.4 118.2 131.3 139.8 149.3 159.6 165.4 169.4 170 170.5 165.9 157.8 149.9 145.6 140.8 148.9 153.5 157.2 153.4 142.6 129.2 118.6 116.3 116.2 118.6 122.5 126.1 128.9 132 136 140.6 147 150.7 150.7 151.3 149.1 144.8 140.2 137 137.1 136.8 136.7 137.1
107.3 99.8 94.3 87.8 82.4 77.7 73.1 67.8 65.3 61 55.8 58.5 59.3 64.1 73 86.3 100.6 117.1 131.6 143.7 152.7 154.3 147.3 133.5 121.6 107.9 98 91.6 82.7 75.4 69.6 66.3 63 62.2 62.8 65.7 67.6 69.3 70.3 71.9 73.7 76 83.2 96.4 107.9 118.4 131.2 139.6 149.2 158.7 164.5 167.7 167.7 167.5 164.2 156.7 150 143.1 138.3 148.4 154.3 157.6 155 146.5 135.1 123.1 118.9 117.7 119.9 125.8 129.6 132.3 135.3 138.5 143.1 149.4 150.2 149.6 148.7 145.7 141.7 137.5 135.2 134.7 136.2 136.5 138.8
106.8 98.3 93.4 89 82.6 77.3 71.5 67.4 65.2 60.3 56.4 58.6 59.6 63.6 71.4 84.1 99.3 115.5 130.8 144.5 152.4 154.3 146 132.2 118.2 101.8 90.5 87.1 80.3 72.7 68.2 66 63.7 62.7 63.5 65 67.7 69.8 70.1 71.7 73.8 75.9 83.6 96.1 107.9 118.4 129.8 139.5 148.7 157.9 163.5 166.3 167.6 166.2 162.5 155.1 147.4 137.8 136.4 147 153.2 157.2 153.9 147.7 138.9 127.7 122.5 119.4 120.3 128 133.4 136.4 139.3 142.8 146.4 150.8 150.6 148.3 146.1 142.3 139.6 135.1 133.1 132.6 134.5 137.2 140.7
108.3 98.4 93.4 88.8 83.3 77.1 70.4 67.1 63.6 58.6 57.6 58.8 60.6 64.3 72.3 82.7 98.4 115.8 130.4 141.1 151.6 152.8 142.6 129.5 114 96.5 84.7 79.9 75.5 70.2 65.7 65.1 65.3 64.8 62.7 64.1 68.2 70.3 70.7 70.8 72.9 75.3 83.6 93.7 106.8 116.8 127.1 137 147.5 156.4 161.5 164.6 166.2 164.3 161.2 152.4 143.6 134.2 134.6 142.8 152.1 153.1 152.3 147.9 139.8 131.2 125.7 120.7 121 130.4 137 140.5 144.8 147.8 150.7 153.6 152 147.1 143.1 140.3 138 133.6 131 130.8 133.4 136.9 140.5
109.3 98.7 93.4 88.3 82.3 76.2 70.2 66.4 62.5 56.5 58 59 61.1 63.8 71.3 83.2 99.4 115.1 130.1 139.9 151.1 152.3 140.6 127 110.8 93 81.3 74 71.1 65 61.8 62.6 62 61.7 60.2 61.9 68 70.5 70.9 70.5 71.6 73.4 81.5 91.9 104.5 115.6 125.2 135.4 145.9 154 160 162.7 164.1 163.2 159.9 150.2 139.9 130.2 131.7 139.2 151.2 152 151.7 146.4 139.3 131.7 125.1 122 124.4 132.2 139.1 145.3 149.3 153.6 157.9 161 156 147.8 142.3 139.4 136.5 132.4 129.9 130.2 132.9 136.4 140.1
109.3 100.1 94.7 87.8 81.1 75.1 69.6 65.9 62.5 56.8 56.7 60.5 61.4 63.5 70.3 82.3 98.2 114 129.6 138.3 150 151.7 138.6 124.5 105.7 88.3 75.1 68.4 64.6 58.7 59 58.9 57.7 62.2 65.3 67.5 69.9 69.5 69.6 69.9 70.7 72.1 79 90 102.6 115.4 126.1 135.1 144.2 153.1 159.3 161.5 163.8 163.1 157.7 146 136.4 129.2 128.7 137.9 150.2 150.9 151.1 146.5 137.6 129.8 124.6 124 127.1 135.2 145.9 151 153.2 157.8 160.9 161.6 158.3 149.2 144.4 140 135.9 132.1 129.5 130.9 133.2 136.6 141.6
108.8 100.6 93.8 87.1 80.1 74.1 69 64.6 60.9 56.5 55.9 59 61.6 63.9 70.5 81.2 96.4 112.9 128.3 136.5 145 150.7 135.8 119.6 100.8 83.3 69.2 62 59 55 54.6 54.3 56.1 60.5 68.8 70.2 69.1 68.3 68.3 67.7 69.5 71 76.4 87 99.8 113.4 124.4 134.9 145.4 153.7 160 162.2 164.3 162.5 154 141.8 132.9 128.1 128.2 135.4 148.6 149.8 149.6 143.7 135.6 128.8 123.6 125.9 129 139.7 151.1 156.4 159 161.6 165.5 163.8 160 151 144.5 141.2 137.6 133 130.1 130.1 132.1 135.9 140.7
109.3 100.8 94 87 79.6 73.4 68.8 64.3 60.1 56.4 55.5 59.6 61.8 64.8 71.6 81.7 95.9 111.1 126.3 135.4 141.7 145 133.4 115.3 95.7 79.4 64.1 58.3 54.8 51.1 48.6 53.2 55.2 58.9 66.7 71 67.7 66.8 67.2 67.9 68.9 71.5 78 85.7 98.8 111 123.8 136 146.6 155.6 160.7 162.1 162.9 161.6 152.9 140.6 131.1 127.2 128 136.2 146.9 147.7 145.6 142.3 134.2 128 123.5 126.4 130.8 144.1 155 161 162.1 165.4 168.9 167.2 161.8 153.1 146.7 142.9 139 134.1 130.3 129.8 131.5 135.6 140
108.8 101 93.9 86.6 79.2 73.4 68.6 63.5 59.7 55.6 55 59.4 62.1 65.4 72.4 82.8 96.6 110.9 125.6 135.4 139.9 140.6 130.6 112.1 92.3 75.4 59.9 53.5 51.1 49.1 47.7 50.4 53.6 57.8 63.9 67.4 65.5 65.5 66.3 67.3 68.2 71.4 78.2 86.6 99.3 111.2 122.4 135.7 147.1 155.3 159.9 160.5 161.3 159.3 149.4 139.1 129.5 126.4 128.2 134.8 145.3 147.3 144.1 139.9 132 127.3 124.9 127.9 135.5 150.7 158.5 163.4 166.8 168 170.2 168.3 163.8 155 147.8 142.1 139.4 134.3 130 129.7 131.5 135.5 140.3
108 100.6 92.9 85.5 78.7 73 67.6 62.6 58.9 55.1 54.7 59.6 62.6 66.8 74.3 84.5 96.9 110.6 125.2 135.9 140.8 140.1 127.7 108.3 88.2 72.3 58.3 52.6 49.7 48.7 47.5 49.5 51.8 57.3 61.7 64.4 63.8 64.2 65.1 63 66.1 71.4 77.8 87.1 101.4 113.5 124.5 136.1 148 154.9 157.9 158.1 158.4 152.5 143.8 132.2 127.8 125.6 128.5 135.5 143.7 144.8 143.5 138.1 129.9 126.9 127 131.2 140.7 155.9 162 165.3 167.6 169.9 173.6 171.6 166.4 158.2 150.7 141.5 136.6 133 130.3 129.7 130.5 132.9 138.1
108.2 99.8 91.6 85 78.8 73.2 67.8 62.7 59.6 55 54.4 59.6 63 68.1 76.2 86.6 96.7 110.7 125.5 136.1 140.3 138.2 123.8 102.6 83.9 68.5 56.8 51.3 48.2 47.1 46.6 48.7 50.4 55.8 60.9 61.5 61.6 62.8 64.2 61.8 64.9 71.7 78.1 89.8 103.6 115.5 129.3 139.5 149.2 154.1 156.1 156 154.7 147.5 139.1 131.4 127.3 125.4 129.5 135.4 142.3 144.2 143.3 136.6 129.4 128.8 130 133.3 146.8 160.1 164.6 167.2 168.2 169.8 171.6 170.2 167.2 160 149.7 140.9 135.9 132.4 129.1 128.4 129.5 129.9 135.4
108.2 98.9 91.6 85.4 79.1 73.5 68.5 63.6 59.2 55.2 54.1 59.2 64.3 69.6 77 87.9 98 110.7 125.9 136.4 140.8 138 119 99.1 81.3 65.5 54.6 49.3 47.7 46.4 46 48.3 51.2 55.1 59.7 60.7 60.7 62.8 64 61.9 65.6 71.8 78.7 91.3 105.7 117.7 130.2 141 150.6 154.7 154.7 155 152.1 144.7 137.2 129.8 126.8 126.4 131.5 136.7 141.4 143.5 143.2 136.1 130.9 131.8 134.4 138.1 153.1 161.9 168.2 170.3 167.1 169.4 170.9 170.6 167.5 161.2 149.4 139.3 134.3 130.8 127.2 124.9 125.7 129 136
106.9 98.2 91.8 85.4 79 73.4 68.4 63.5 58.8 55.3 53.8 58.8 64.5 70.1 76.5 88.7 98.9 109 125.2 136 141.4 135.1 114.3 94.2 78.6 62.4 52 48.3 47.2 46 45.5 48 51.1 54.2 57.4 59.3 61.1 63.9 65.6 64.7 66.8 72 79.2 93 107.8 119.6 130.8 141.2 150.7 153.4 153.8 153.7 149.6 142 134.6 128.6 125.8 127.3 131.7 136.2 140.5 143 143.2 137.9 134.1 135.8 138.3 142.9 156.7 164.1 169.2 168.5 166.8 167.3 169.4 169.5 166.6 159.7 146.4 137 130.9 128.2 124.8 121.7 123.3 127.9 133.9
106.2 97.3 90.7 84.3 77.8 72.7 67.8 62.9 58.4 54.9 53.5 58.4 63.8 70.1 77.1 87.8 98.2 108 124.6 135.2 139.5 131.6 110.4 90.9 76.5 61.1 49 47.5 46.5 45.5 45.2 48 51.1 51.9 55.2 59.6 62.4 64.9 64.8 65.7 65.9 71.5 79.6 94.4 109.6 121.1 130.9 141.1 151 151.1 151.8 151.7 147.8 140.1 132.4 127.5 124.9 126.4 130.9 135.4 139.7 143.1 143.3 140.4 139.9 139.4 142.7 150.5 160 164.3 165.4 165.1 162.8 165.8 169 169.2 166.6 158.4 143.6 134.4 128.5 124.7 123.1 120.3 119.8 125.4 131.6
105.7 96 89.6 83.1 77.3 72.2 67.3 62.3 58 53.5 53 58 63.7 69.7 77.1 87.1 97.5 107.7 123.9 134.3 137.8 129.3 106.1 88.5 73.2 59.1 48.4 47.4 46.4 45.3 44.7 47.5 49.9 51.6 55.8 59.4 66 66 64 64.6 65.1 71.2 80 94.9 110.4 121.1 131.1 140.2 149.6 149.8 148.4 147 143.6 136.4 129.8 127.3 126.3 125.6 130.8 135.9 140.6 144.6 144.7 143.6 140 140.6 145 151.6 161.2 162.2 162 160.8 160.9 164.8 168.4 169.2 166.1 156 141.6 131.3 122.4 119.9 119.4 114.6 114.4 122.6 127.1
104.3 95.1 88.9 82.9 77.4 71.9 67.4 62.1 56.6 51.8 52.8 57.7 63.7 70.2 79 88 98.4 108.3 124.8 134.2 135.3 125.1 105.2 85.1 70.3 56.7 48.3 47.2 46 44.8 44.1 46.8 49.4 52.1 56.9 60.7 68.1 66.6 63.3 63.4 64.9 70.9 81.2 96 110.3 120.4 131.4 139 144.6 145.2 144.9 143.3 139.1 133.3 127.4 126.5 126.4 127 132 136.6 141.3 146.1 148 143.5 142.4 144.6 148.4 153.2 161.3 161.6 160.8 159.6 160 163.8 168.7 168.9 165.3 155.3 138.9 128.6 117.6 115.4 112.1 108.3 113.7 119.3 123.4
102.6 95.5 89.8 83.6 78 72.3 65.8 59.8 54.5 50.8 52.5 58.2 64.3 70.8 78.7 89.8 99.5 109.9 126 133.1 133.2 121.6 103.1 82.7 66.8 51.6 47.7 46.6 45.6 44.5 43.6 46.2 48.7 52.5 56.7 61 67.8 64.2 61.8 61.9 64.3 69.3 82.8 97.8 111.3 121.5 132.2 139.3 141.3 141.2 140.7 140.7 135.2 128.3 125.5 125.7 126.1 127.8 132.7 137.6 142.4 147.3 150.2 147.2 144.7 147.6 150.7 156.6 160.8 161.3 159.5 159.2 159.7 162.8 164.5 165.5 162.1 152.8 135.3 122.8 111.8 111.1 106.9 104.9 110.7 115.8 120.8
99.3 93.3 89.7 84.4 77.5 72.1 64.9 57.9 52.9 47.7 53.5 59.3 65 71.2 79.7 91.4 100.2 112.1 127.3 133.4 132.5 118.7 98.8 78.8 63.3 49.4 47.5 46.4 45.2 44.1 43.1 46.4 49.9 52 55.6 58.9 61.9 60.5 59.9 60.3 64.4 70.3 84.1 98.3 111.3 121.3 132.8 140.5 140.2 139.4 138 137.4 130.4 124.6 124.7 124.8 124.9 128 133.1 138.3 143.4 148.6 150.7 147.3 146.9 149.1 152 157 159.3 160.6 158.7 155.7 155.5 159.3 160.6 161.1 155.7 145.7 128.6 114.7 107.9 105.5 101.2 99.7 105.7 112.3 118.2
96.6 88.4 87.2 84.6 77 70.2 63.1 55.4 51.1 47.4 53.5 60.1 65.8 72.9 82.2 92.2 103 114.7 128.6 133.1 130.6 114.4 94.6 75.9 61.6 48.6 47.9 47.3 46.2 45.2 44.1 45.9 49 50.3 53.1 56.7 58.4 59.5 59.2 60 63.8 71.1 85.1 98.1 111.4 122.6 132.7 140.7 139.7 137.8 136 132.9 126.7 124.1 124.5 124.6 124.7 129.3 134.6 139.7 144.9 150.1 150.9 148.2 148.9 150.5 151.9 152.9 155.3 156.3 153.6 150 151.2 155.7 156.9 155.3 148.7 136.7 120.3 107.8 100.3 98 98.1 98.8 104.3 111.8 114.5
92.4 86.2 83.1 83.3 74.7 68.5 60.1 52.2 43.7 52.4 57.5 62.1 67.5 74.8 84.4 93.9 105.5 117 128.6 132.7 129.5 111.2 91.8 74.6 59.3 48.4 47.7 47.1 46.5 45.9 45.3 44.1 44.8 48.8 52 54.3 56.5 57.8 57.9 58.9 63.6 71.3 85.2 97.8 110.7 122.4 132.6 139.1 139 136.9 134.8 129.8 123.7 123.5 124 124.4 125 130.4 135.8 141.2 146.3 150.9 150.9 150.1 149.1 150.2 150.7 150.7 151.4 150.7 148.7 147.2 149.5 152.3 153.2 149.8 140 128.8 114 101.8 94.7 92.3 90.9 93.6 100.9 108.8 110.4
88.6 82.8 79.8 76.9 71.8 66.2 56.6 45.1 51.4 55.9 62.2 66.7 71.3 77.1 86 94.4 104.6 116.2 128.5 130.9 125.8 110.9 91.6 71.8 58.7 48.5 47.5 46.9 46.3 45.6 45 43.9 44 47 51.4 52.8 55.4 56.3 56.2 57.6 62.5 70.1 84.5 97.6 108.4 121.5 131.7 133.3 134.5 135.6 133.1 127.2 122.5 121.4 122.2 123 126.2 131.8 137 142.3 147.7 150.9 150.9 150.7 150 150.2 148.8 146.9 147.1 145.8 143.3 143.1 145.8 149.2 150.6 144 133.7 119.7 105.1 93.2 89.4 87.7 87.6 90.6 97.2 103.5 108
