data/440000-1140000.asc
ncols 200
nrows 200
xllcorner 440000
yllcorner 1140000
cellsize 50
[rows 0 to 37 of 200, columns 0 to 84 of 200]
19 13.7 11.8 10.7 10.4 7.8 4.5 -0.7 -0.7 -0.7 -0.7 -0.7 -0.7 -0.7 6.7 16.1 26.2 35.6 48.2 61.2 76.2 90.7 105.5 112.5 110.7 101.7 94.6 89.9 85.5 79.6 78.1 77.6 75.8 70.3 73 72.2 67.4 63.9 60.9 57.4 53.7 51.1 50.1 50.3 49.5 46.6 44.2 42.2 40.3 36.5 32.1 25.7 19.8 15.9 10.1 -0.7 -0.7 -0.7 -0.7 -0.7 -0.7 -0.7 -0.7 -0.7 -0.7 -0.7 -0.7 -0.7 -0.7 -0.7 -0.7 -0.7 -0.7 -0.7 -0.7 -0.7 -0.7 -0.7 -0.7 -0.7 -0.7 -0.7 -0.7 -0.7 -0.7
18.4 13.7 12 10.5 8.9 7.2 3.5 -0.7 -0.7 -0.7 -0.7 -0.7 -0.7 -0.7 13 20.6 29.5 39.3 51.3 64.5 78.8 95.5 110.6 117.7 111.8 103.9 96.3 90.7 85.7 81 78.4 76.7 74.3 76.9 79.7 77.8 69.6 65.9 63 60.7 57.8 54.6 53.2 52.1 51.2 49 46 43 40.2 34.9 29.4 22.7 16.4 11.4 5.9 -0.7 -0.7 -0.7 -0.7 -0.7 -0.7 -0.7 -0.7 -0.7 -0.7 -0.7 -0.7 -0.7 -0.7 -0.7 -0.7 -0.7 -0.7 -0.7 -0.7 -0.7 -0.7 -0.7 -0.7 -0.7 -0.7 -0.7 -0.7 -0.7 -0.7
17.7 13.8 12.2 10.6 9 6.5 -0.7 -0.7 -0.7 -0.7 -0.7 -0.7 -0.7 7.6 15.9 24.1 32.4 43.2 54.5 69.4 84.2 101.7 117.6 122.2 115.8 105.8 98.2 91.7 86.8 82.4 80.1 78.2 76.7 77.3 78.2 75.1 69 67 65.5 63.2 60.8 58.2 56.8 54.5 52.1 49.6 46.1 42.9 37.2 31.2 24.9 18.7 12.9 8.1 3 -0.7 -0.7 -0.7 -0.7 -0.7 -0.7 -0.7 -0.7 -0.7 -0.7 -0.7 -0.7 -0.7 -0.7 -0.7 -0.7 -0.7 -0.7 -0.7 -0.7 -0.7 -0.7 -0.7 -0.7 -0.7 -0.7 -0.7 -0.7 -0.7 8.2
17 13.9 12.4 9.8 7.3 4.7 -0.7 -0.7 -0.7 -0.7 -0.7 -0.7 -0.7 10.5 18.7 26.8 35.4 46.1 57.1 74.9 90.1 105.5 124.8 128.2 118.8 107.4 100 92.8 87.7 85.2 82.9 80.6 78.7 78.9 79 75.4 71.3 69.2 68 65.6 63.3 62.6 58.5 54.8 52.5 50.8 47 41.3 34.3 27.4 20.4 14.4 9.3 4.2 -0.7 -0.7 -0.7 -0.7 -0.7 -0.7 -0.7 -0.7 -0.7 -0.7 -0.7 -0.7 -0.7 -0.7 -0.7 -0.7 -0.7 -0.7 -0.7 -0.7 -0.7 -0.7 -0.7 -0.7 -0.7 -0.7 -0.7 -0.7 -0.7 9.7 11.7
16.2 13.2 10.6 8.1 5.5 2.9 -0.7 -0.7 -0.7 -0.7 -0.7 -0.7 -0.7 11.2 19.6 28.7 38.4 48.7 61.7 79.4 94.8 110.5 130.3 130.8 121.8 110.9 101.4 94.2 90.2 88.1 85.2 82 79.7 79.7 81.1 79 74.8 71.3 70.8 69.3 68.4 67.5 63.5 59.1 54.8 51.1 46.9 40.1 32.4 25.5 18.2 11.9 6.4 1 -0.7 -0.7 -0.7 -0.7 -0.7 -0.7 -0.7 -0.7 -0.7 -0.7 -0.7 -0.7 -0.7 -0.7 -0.7 -0.7 -0.7 -0.7 -0.7 -0.7 -0.7 -0.7 -0.7 -0.7 -0.7 -0.7 -0.7 -0.7 6.7 15.2 17.5
15 13.1 9.9 7.1 4.4 -0.7 -0.7 -0.7 -0.7 -0.7 -0.7 -0.7 6 12.3 21.3 31.4 41.7 54.6 67.3 83 99.8 118.8 133.5 131.3 124.9 114.5 102.9 95.6 92.4 89.8 87.8 85.6 86.2 87.3 86.5 83.7 79.5 74.7 72.2 69.9 69.7 69.4 65.8 60.2 54.6 49.9 46.5 40.3 30.9 22.7 16.1 10.2 4.8 1.1 0.1 -0.7 -0.7 -0.7 -0.7 -0.7 -0.7 -0.7 -0.7 -0.7 -0.7 -0.7 -0.7 -0.7 -0.7 -0.7 -0.7 -0.7 -0.7 -0.7 -0.7 -0.7 -0.7 -0.7 -0.7 -0.7 -0.7 7.3 13 19.4 25.1
14.5 12.9 10 6.8 3.7 -0.7 -0.7 -0.7 -0.7 -0.7 -0.7 -0.7 9.6 14.7 22.7 32.5 44.6 56 71.8 86.5 104.7 119.6 131.7 131.6 125.8 117.1 104.8 98.2 94.5 90.9 89.2 89.6 90.8 90.6 90.6 88.7 82.6 78.6 75.6 73.1 71.7 69.3 65.5 60.3 55.2 50.1 46.1 38.2 29.1 21.5 17.2 10.1 6.3 2.6 0.8 0.8 0.9 0.9 -0.7 -0.7 -0.7 -0.7 -0.7 -0.7 -0.7 -0.7 -0.7 -0.7 -0.7 -0.7 -0.6 -0.7 -0.7 -0.7 -0.7 -0.7 -0.7 -0.7 -0.7 -0.7 9.3 13.5 16.9 22.4 28.1
14.2 12.3 10 6.9 3.5 -0.7 -0.7 -0.7 -0.7 -0.7 -0.7 -0.7 -0.7 15.5 23.9 33 45.7 60.2 75.7 93.3 110.7 123.6 130.5 131.7 127.2 119.7 107.4 101.3 97.1 93.9 91.8 92.5 93 92.3 91.2 89.7 86.6 82.6 79 76.6 73.2 69.4 67.2 61.9 56.7 51.5 47.1 39.8 31 24 16.9 11.2 8.1 5 3.3 3.8 6.8 6.6 4.7 -0.7 -0.7 1.9 1.8 -0.7 -0.7 -0.7 -0.7 -0.7 -0.7 -0.7 5.9 4.5 -0.7 -0.7 -0.7 -0.7 -0.7 -0.7 -0.7 8.5 14.7 20.1 23.6 25.3 29.5
14.1 12.3 10.1 6.8 -0.7 -0.7 -0.7 -0.7 -0.7 -0.7 -0.7 -0.7 -0.7 15.5 25.1 33.5 45.8 62.7 80.2 97.4 114.9 134.2 139.8 135.1 128.3 121.8 109.9 104.4 99.8 96.9 95 95.1 94.9 94.6 93.4 91.4 90.9 86.7 81.5 77.4 73.5 70.5 67.5 63.5 58.4 53.2 47.9 41.6 31.8 25.2 20.5 15.7 10.3 7.6 6.8 7.1 10.2 10.4 7.4 1.9 3.6 5.7 5.3 5.8 5.7 4.9 4.3 4.6 5.2 7.2 8.8 8.1 8.1 7.1 -0.7 -0.7 -0.7 4.3 8.4 14.7 20.7 26.7 28.1 28.5 27.3
13.8 16.1 13.6 7.1 -0.7 -0.7 -0.7 -0.7 -0.7 -0.7 -0.7 -0.7 -0.7 16.1 24.8 33.4 47.7 66.5 83.6 100.8 122.2 140.6 146.8 138.4 131.4 122.1 112.2 105.9 101.5 98.4 98.1 97.1 96.8 96.5 95.9 93.4 91 89 82.3 78.2 73.8 70.9 66.7 63.1 58.6 54.2 49.7 44.3 37.5 31.2 24.6 18.3 13.1 9.5 9.1 9.2 13.4 13.2 9.8 4.7 5 6.9 8.3 8.4 8.4 8.1 7.4 7 7.2 8.7 10.3 11.6 11.8 10.8 7.1 6.4 6.2 8.9 14.3 20.7 27 32.2 33.1 29.7 27.6
16.9 19.8 15 8 -0.7 -0.7 -0.7 -0.7 -0.7 -0.7 -0.7 -0.7 -0.7 16.3 24.4 33.9 49.3 68.6 88.3 103.8 129 147.2 149.6 141 133.2 123.1 114.7 108 103.7 101.3 101 99.6 98.7 98.5 97.8 94.4 89.5 87.9 81 77.1 73.2 70.7 67.2 63.3 59.7 56.1 53.8 47.5 40.5 34.8 28.5 22.1 17.1 10 8.2 9.9 13.1 13.6 11.2 7.2 6 8.9 11.6 12 11.9 11.2 10.4 10.3 10.8 11.2 11.1 12.5 13.6 13.4 12.3 11.8 12.3 15.2 19.6 25.3 31 36.1 39 35.3 31.2
20 18.6 12.9 6.5 -0.7 -0.7 -0.7 -0.7 -0.7 -0.7 -0.7 -0.7 7.3 16.4 25.2 38.2 52 73.3 94.6 108 129.1 147.3 150.1 144.1 136.1 128.1 119.1 111.5 106.3 105.2 104.3 102.8 101 100.3 100.3 95.7 90.6 85.6 79.7 76.5 73.3 69.3 67.2 63.6 61.9 58.9 56.4 49.3 42.2 36.2 30.2 24.8 18.8 10.2 8.2 9.2 12.9 13.2 11.2 8.9 6.9 10.5 15 16.8 15.5 14 13.6 13.4 13.7 12.3 11.9 13.1 14.2 14.8 16 15.9 19 22.7 22.6 27.2 33 39 39.7 39.4 35
19.6 16.2 10.8 -0.7 -0.7 -0.7 -0.7 -0.7 -0.7 -0.7 -0.7 -0.7 7.1 16.3 25.5 39.2 55.3 76.6 97.7 111.3 130 148.1 155.3 146.9 139 131.2 121.7 114.7 110.4 108.5 107 105.3 103.6 101.9 100.4 95.7 90.3 84.7 80.5 78.5 75.6 72.4 69.8 68.9 66.5 62.2 57.6 50.4 43.6 37 31.2 25.5 18.7 11.8 8.2 9.5 12.8 12.5 11.1 9.7 7.6 9.6 14.8 18 18.2 17.4 16.1 16 14.6 12.5 12.5 13.7 15 17.5 19.8 21.6 26.5 28.6 26.4 27.7 32.3 34.9 36.2 36 33.1
18.1 13.8 9 -0.7 -0.7 -0.7 -0.7 -0.7 -0.7 -0.7 -0.7 -0.7 7.4 17.3 27.2 42.3 57.8 77.8 98.7 113.5 133.3 153.1 151.7 148.6 141 132.7 123.4 118 114.2 110.8 109.2 107.4 105.2 103.6 100.1 95.4 90.7 86.7 84 81.6 78.6 75.8 72.8 71 68.3 63 57.9 51.7 45 38.4 31.8 25.9 21.6 13.6 8.2 8.2 11.8 11.6 10.7 9.5 7.2 9.6 11.8 15 18.5 18.9 17 17.9 16.5 14.9 15.3 17.5 19 23.2 27.2 30.2 32.7 31.3 29.7 28.9 29.1 30 32.7 30.2 29.7
15.4 11.7 6.9 -0.7 -0.7 -0.7 -0.7 -0.7 -0.7 -0.7 -0.7 -0.7 10.7 20.9 29.9 44.5 60 81.4 100.8 116.4 137 151.5 151.6 147.9 141 131.1 125.3 119.9 116.4 113 109.9 107.6 105.9 105 101.1 97 92.3 88.8 85.5 83 80.7 77.4 75.4 73.1 70.8 66.5 58.9 53.9 46.6 39.7 32.8 26.2 18.9 12.8 8.6 8.2 12 11.3 10.3 8.5 8.1 10.5 12.8 15.1 18.1 18.7 19.2 21.2 20.7 20.2 21.3 25.9 29 32.7 35.6 36.6 35.7 35.2 33.6 30.6 29.3 30.5 29.7 28.9 26.8
12.7 9.6 5.5 -0.7 -0.7 -0.7 -0.7 -0.7 -0.7 -0.7 -0.7 -0.7 13.2 22.7 33.4 47.3 63 89.1 105.2 122.7 142.4 151.8 149.6 145.2 138.9 130.8 124.9 121 116.9 112.8 109.4 108.3 108.6 107.1 103.4 98.7 94.1 90.5 86.5 83.3 80.5 78.9 76.5 74.2 72.9 70.5 63.7 57 49.3 42.2 35.2 28.3 21.1 14.5 10.3 8.2 11.7 10.8 10.3 8.4 9.7 12.3 14.5 16.7 18.9 21.3 23 24.8 25.7 25.8 32 36.3 39.8 43 44.8 43.4 40.5 39.1 37.1 33.5 29.7 29.5 28.8 27.4 24
13 8.3 4.1 -0.7 -0.7 -0.7 -0.7 -0.7 -0.7 -0.7 -0.7 -0.7 16.2 24.9 36.6 50.9 68.3 91.3 106.3 127.2 148.7 151.4 148.8 142.5 136.2 129.8 123.8 120.1 116.4 112.5 109.3 108.7 109.5 108.8 106 99.2 92.7 88 84.7 81.7 79.5 79.1 77.7 77.6 75.6 72.5 67.7 60.3 52.4 44.7 37.7 30.6 23 16.2 10.2 8.2 9.9 8.9 9.1 9.1 11.4 14.1 16.8 19 22.5 26.2 28.5 30.5 32.7 37.7 43.3 46.7 50.2 52.2 52.7 49.2 45.8 43.4 40.4 37.3 32.4 30 28.6 26.5 21.5
11.4 6.4 -0.7 -0.7 -0.7 -0.7 -0.7 -0.7 -0.7 -0.7 -0.7 9.4 18.1 27.1 39.2 54 72.1 93.6 109.7 130.5 145.8 150.6 147.4 140.8 132.1 126.5 122.6 118.9 115.2 112.2 110.3 108.9 109.3 109 103.7 97.4 93.4 88.1 85.7 81.4 79.4 79.5 80.3 79.1 76.7 74.4 70.1 63.9 56.2 47.2 39.8 33 25.3 17.2 10.7 8.2 8.2 8.7 9 9.9 12.9 15.8 18.9 22.4 26.4 30.4 34.9 37.9 39.9 47.2 54 57.9 58.7 60.3 58.5 54.2 50.9 47.8 43.1 38.4 36.5 33.9 31.5 27.7 21.3
9.8 5 -0.7 -0.7 -0.7 -0.7 -0.7 -0.7 -0.7 -0.7 -0.7 10.5 19.7 29 42.2 57.8 76.7 95.6 111.9 133 146.3 149.3 144.7 139.1 129.3 125.3 121.4 117.8 114.8 112.2 110.3 108.9 107.3 105.9 100.5 95.8 93.1 90.8 86.4 83.1 82.5 81.4 80.4 80 78.5 75.5 71.6 66.4 59 49.8 42.5 35.1 27 19.1 13 10.7 8.2 8.5 9.2 10.5 13.6 17.2 21.3 26.7 31 35.6 41.1 44.3 47.6 55.7 62.1 65.4 65.2 65.2 61.7 57.6 53.9 49.1 43.2 39 39.6 39.2 38 32.1 26
9.2 -0.7 -0.7 -0.7 -0.7 -0.7 -0.7 -0.7 -0.7 -0.7 -0.7 11.7 22.1 32.2 46 63 83.4 100.9 117.8 134.8 145.2 144.4 142.6 135.5 128.1 124 120 117.1 114.5 112.2 110.1 107.5 104.4 101.8 97.9 95.3 92.9 90.6 88.3 86.1 85.5 84 83.4 82.5 80.4 76.6 72.9 68.2 60 51.5 44.3 37.1 28.8 21.7 16.6 12.2 10.4 9 9.4 11 15 19.1 24.5 29.8 36 41.5 45 50.1 56.8 61.8 66.8 69.1 68.3 67.2 64.3 61 56 48.9 43 39.1 40.8 38.9 36.7 29.9 26.3
8 -0.7 -0.7 -0.7 -0.7 -0.7 -0.7 -0.7 -0.7 -0.7 -0.7 13.4 24.8 37.4 51.3 74 92.5 108.9 124.7 138 143.4 142.7 140.3 132.8 127.6 122.4 119.1 116.9 116 112.2 110 108.4 105.2 102 98 95.6 93.2 91.2 89.6 89.2 88.1 87.1 86.3 85.5 83.6 79.9 76 69.6 61.1 52.8 44.8 37.9 31.1 24.3 19.2 14.8 12.9 10.5 9.3 10.1 14.6 21.9 27.1 32.8 40.4 44.6 48.1 54.4 62.4 67.3 71.4 73.1 74 70.8 67.3 64.1 57.2 49 44.4 41.1 39.7 37 34.4 30.2 25.4
6.7 -0.7 -0.7 -0.7 -0.7 -0.7 -0.7 -0.7 -0.7 -0.7 -0.7 18.4 29.8 43.7 57.6 83.7 101.1 117.4 133.1 141.7 144.6 142.6 139.7 133.8 129.2 124.2 120.3 119.2 118.8 115.9 110.8 109.2 108.1 105.5 100.1 96 93.6 91.8 90.5 90.2 90.4 89.9 88.5 87 85.3 82.8 80 70.6 61.8 54.5 46 38 32.3 26.8 20.9 18.4 16.5 13 10.1 9.8 14.6 23.6 29.8 37.2 43.4 48.2 52.4 60.5 68.3 72 75.8 78.2 80.2 76.9 71 65.5 59.4 50 44.6 39.9 39 35.2 32 29.4 26.7
6.6 -0.7 -0.7 -0.7 -0.7 -0.7 -0.7 -0.7 -0.7 -0.7 12.5 24.4 37.2 50.8 68.2 90.7 110 126.1 138.7 144.2 144.1 142.4 139.2 132.1 130.4 124.1 119 119 118.9 119.9 115.8 111.4 110.8 109 101.6 97.6 94 93 92.2 91.2 90.6 90.4 88.8 87.2 85.6 82.5 77.7 68.7 62.3 57.2 46.9 38.6 32 26.9 23.4 22.7 19.4 15 12 12.3 15.2 23.1 31.5 37.6 43.9 50.9 57.4 66.4 71.1 72.9 77.8 80.9 81.3 76.4 69.4 64 58.9 49.6 43.3 39.4 39.4 37 33.8 31.5 30.7
7 -0.7 -0.7 -0.7 -0.7 -0.7 -0.7 -0.7 -0.7 -0.7 19.1 31.2 44.8 59 77.5 99.1 117.6 133.6 141.1 143.9 142.2 141.7 137 129.7 128.7 122.8 119 119 119 120.9 116.2 111.1 109.7 110.7 104.1 98.1 96.3 95.1 93.5 91.8 90.6 89.5 88.5 87.4 84.4 81 75.3 67.7 59.5 53.6 46.6 38.2 31.9 26.5 25.4 26.6 22.2 17.8 14.6 11.6 17.5 22.3 31.2 37.8 44.4 52.2 59.6 69.8 71.2 71.7 75.1 79.8 84.2 74.7 67.6 61.6 56.7 49.2 44.3 39.3 39.9 39.1 39.1 36.4 31.4
5.9 -0.7 -0.7 -0.7 -0.7 -0.7 -0.7 -0.7 -0.7 11.3 25 38.1 52.3 67.2 87.3 108.7 126.8 138 144.1 142.8 140.7 139.6 132.8 129.1 126.2 122.9 119.4 119 119 118.3 111.5 108.1 107.8 110.3 105.2 99 99.1 98.6 97 95.7 92.6 88.6 87.6 86.6 83.3 79.7 75.1 69.1 59.7 52.6 44.4 37.5 31.4 26.7 26.1 26.5 23.4 19.6 16.3 12.8 17.1 22.9 31.4 38.6 49.3 55.6 61.4 69.3 69 70.2 71 75.8 79.7 68.3 62.9 59.5 54.5 50.8 46.9 44.9 46.8 43 40.8 38.7 31.2
4.5 -0.7 -0.7 -0.7 -0.7 -0.7 -0.7 3.1 9.4 16.5 28.6 43.2 60 78.1 98 118.7 138.7 144.3 143.9 142.4 139.9 135.7 130.3 128 125.2 122.3 120 119 119 116.2 111.2 108.6 107.8 110.4 107.7 99.5 100.4 100.9 99.5 99.5 95.7 89.9 88.1 86.4 84.4 81.7 76.7 69 59.5 50.8 43.4 36.9 30.9 25.6 23.6 22.7 21.8 19.8 16.6 13.3 17 23.4 31.7 39.9 49.9 56.9 63.4 68.9 69.3 69 67.5 65.7 67.8 61 57.7 56.5 53.7 51.9 49.2 49.6 50.5 45.9 41 36.6 30.2
3.9 -0.7 -0.7 -0.7 -0.7 -0.7 -0.7 8.6 15.3 22.3 34.1 47 64 85 108.3 129.2 142.9 143.9 142.6 141.4 139.5 135.2 130.8 128.4 125.3 122.8 120.7 119 119 116.9 114 111.1 108 110.9 108.2 103.9 101.5 101.1 100.3 100.9 98.5 92.3 89.5 87.5 86 84.2 79.1 69.9 60 51.7 44.2 37.1 30.9 24.6 21.8 19.8 19.3 18.5 16.6 14.1 17 23.6 32 41.4 49.3 55.8 62.3 69.5 70 66.3 63.1 60.5 56.6 54 52.2 51.8 51.3 51.1 51 50.8 49.2 45.9 41.5 36.2 29
-0.7 -0.7 -0.7 -0.7 -0.7 -0.7 -0.7 12.7 21.1 26 41.9 54.5 71.1 93.4 117.9 135.5 145.4 144.3 142.1 140.2 137.8 134.9 131.8 128.5 125.4 122.7 121.8 120 120.2 118.7 116.3 113.4 110.8 111.3 109.1 105 103.1 102.1 101.1 100.4 98.3 94.6 91.6 88.7 87.8 86.3 82.2 72.8 62 53.6 45.2 37.5 30.9 23.9 20.2 18.9 18.5 17.8 16.4 13.8 17.4 23.5 32.2 40.2 47 53.6 59.9 66 65.5 63.5 58.3 55.2 52.5 49.1 50.3 51.1 51.2 51 51 51 48.7 43.9 38.1 32 25.9
-0.7 -0.7 -0.7 -0.7 -0.7 -0.7 -0.7 18.8 19.4 27.7 49 63.6 79.7 101 124.9 141.7 147.2 145.4 141.2 138 135.5 132.6 129.9 128.6 125.5 122.5 122.2 121.3 120.4 119.4 118.9 116.2 113.6 112.6 109.9 106.1 104.8 103.7 101.7 99.2 99 95.6 92.1 90 89.3 87.8 82.4 75.1 64.6 55.6 47.2 38.6 30.5 22.5 16.2 18.9 18.4 17.8 15 13.8 17.3 23 30.2 37.7 44.5 51.2 57.1 60.9 61.9 60.4 55.5 50.3 50 49 49.6 50.2 51.1 51 50.6 45.9 44.2 38.5 33.3 27.9 22.9
-0.7 -0.7 -0.7 -0.7 -0.7 -0.7 9.2 17.1 20.6 35 54.7 71 91.9 109 127.1 144.4 150.9 143.6 139.8 136.6 133.5 131.1 129.6 127.9 125 122.6 122.5 122.2 122 121.4 120.6 118.8 116.3 113 110.7 107.6 106.5 103.5 101.1 99.9 98.2 95.3 91.3 91 91.2 91.3 83.5 71.3 63.6 54.5 44.1 35.6 28.5 20.1 13.7 13.2 16.1 14.9 13.8 13.8 19.6 23.4 28.7 35.2 42 49.1 54 58.2 60.6 58.6 51.1 47.3 48.1 48.4 49.2 50.1 51 50.4 44.7 39.8 37.7 33.7 29.8 23.6 20.2
-0.7 -0.7 -0.7 -0.7 -0.7 -0.7 10.9 17.8 26.1 43.6 59.6 80.8 100.8 121 133.6 147.5 149.2 142.7 138.5 134.6 131.5 128.7 129 127.1 124.1 122.6 123.6 125.7 125.5 123.3 120.6 118.6 115.9 112.6 109.8 108.5 105.6 102.6 100.6 98.4 93.3 91.4 91 91.1 98.3 101.1 90 76.5 65.1 55.9 43.5 36.4 29.4 19.3 14.4 13.8 13.8 13.8 13.8 13.8 17.2 22.4 28 35 42.4 47.5 52.6 55.7 58.3 55.6 49.7 45.1 46.4 48.1 47.9 48 47.1 46 40.8 37.6 34.9 30.4 26.1 21.7 18.8
-0.7 -0.7 -0.7 -0.7 -0.7 6.8 14.7 22.1 32.1 50.3 68.3 90.5 110 128.3 140.1 152.4 148.5 142 137.7 133.5 129.5 127.1 126.5 125.7 122.6 122.6 124 126.8 129 125.7 121.9 118.5 115.3 112.3 110.5 106.8 103.1 100.2 98.1 91.7 88.7 86.9 89 91 96.3 101 89.8 78.8 68.5 57.1 44.2 34.9 27.6 17.3 13.7 13.8 13.8 13.8 13.8 13.8 16.9 22.1 29 35.6 41.9 45.8 50 52 54.3 52.8 48.7 44.3 43.1 44.6 45.3 44.6 43.4 42.3 38.3 35.3 32.2 28.1 23.8 21.1 19.1
-0.7 -0.7 -0.7 -0.7 -0.7 11.1 17.4 25.7 38.7 57.4 76.2 99.6 114.6 133.4 144.6 150.9 147.8 141.3 137 132.8 128.6 126.1 124 122.9 122.6 122.5 126.3 129.8 129.2 125.8 122.3 118.6 114.6 110.5 106.4 102.1 98.9 100.4 97.5 88.6 83.5 82.3 83.1 85.6 92.1 94 86.8 76.3 65.6 54.6 43.9 34.6 26.4 18.7 13.9 13.8 13.8 13.8 13.8 13.8 15.7 21.5 26.7 31.7 37.4 42.2 46.8 50.2 50.7 50 48 43.6 42 43.3 42.4 41 40.2 38.6 35.7 32.5 29.6 26 23.9 21.6 20.5
-0.7 -0.7 -0.7 -0.7 -0.7 14.2 22.8 30.5 45.7 63.6 83.1 103.3 118.7 138.3 147.3 149.7 146.6 140.6 136.3 132.1 128 125.1 122.7 121 121.2 123.4 128.2 131 129.2 125.4 121.4 117.5 112.5 107.4 102.8 98.1 95.9 97.8 93.4 84.2 79.3 78.9 79 81.7 89.1 90.7 84.9 73.7 62.7 51.9 41.6 33.1 25.8 18.2 14.9 13.8 13.8 13.8 13.8 13.8 15.4 18.9 23.9 29.3 34.6 40.3 45.2 48.3 48.7 47.9 44.4 42.2 41.9 42.2 40.3 38.5 36.7 35.6 33.1 29.5 28.9 26.9 24.1 21.1 17.8
-0.7 -0.7 -0.7 4.7 9.1 16.8 25.5 37.5 50.3 67.8 84.8 105 129.3 145.3 151 149.8 145 140.5 135.5 131.3 127.1 123.7 121.4 119.3 119.6 124.2 129.4 131 129.1 125.3 120.9 114.5 109.3 104.3 99.7 94.9 91.3 92.1 85.5 78.9 76 78 78.8 80 87.5 89.4 82.4 71.8 60.8 51.7 41.2 32.2 24.3 18.2 15 16 15.8 13.8 13.8 13.8 15.5 19.1 23.7 29.2 35 41 44.1 46 44.9 43.1 42.4 42.3 41.7 40.9 39.7 37.5 35.2 33.3 31.6 29.3 28.1 24.6 21 17.9 15
-0.7 -0.7 -0.7 9.4 13.8 19.9 31.3 42.9 56 70.7 82.7 108.2 132.7 151.5 151.3 149.7 144.8 140.1 135.5 130.3 126.1 122.7 120 118.8 118.8 121.9 128.7 130.1 128.1 123.8 119.2 112.9 106.1 101.2 96.5 91.6 86.7 82.7 78.2 74.7 73.7 76.4 79.5 80.4 83.6 86.5 79.9 70.9 60.4 52.1 42 31.6 23.5 18.3 16.1 17.7 19 15.8 16.2 13.8 14.4 18.8 22.5 28.1 34.4 41.1 42.1 43.7 42.8 42.4 42.4 42.3 41.4 40.2 38.8 36.6 34.2 32 30.2 27.6 24.4 21.1 17.4 14.7 13.1
-0.7 -0.7 -0.7 11 17.4 24.9 37 48.9 61.3 72.8 89.1 113.2 135.5 152.3 150.9 147.3 143.3 138.6 133 128.9 125.2 122.1 119.8 118.8 118.9 119.1 128.2 129.8 126.6 121.9 116.2 110 103.4 97.9 92.9 88.1 83.8 79 71.6 68.8 71.1 75 78.5 80.8 86.1 86.4 81.4 73 62.7 52.5 41.5 31.6 24.1 19.1 19.2 18.8 19.2 16.6 14.1 13.8 13.8 17 21.6 27.3 33.7 40.9 42.6 42.5 42.2 42.7 42.7 42.5 40.9 39.7 37.9 35.8 33.7 31.5 29.3 26.4 22.2 18.3 15.8 12.9 10.6
-0.7 -0.7 5.1 14 22.1 29.7 42 55.3 67.4 79.2 92.6 112.6 137.6 150.3 149.3 144.5 138.8 132 129.2 126.4 123.8 121.3 120.7 119 119.6 120.9 124 126.4 122.1 118.5 113.6 107.3 100.6 95.1 90.3 85.5 81.2 74.7 67 67 70.2 73.8 78.1 81.6 86.1 85.8 80.9 73.4 63.1 51.7 41 31.3 24.2 19.1 20.4 21.7 19.5 17.5 15.4 13.9 14.3 17 21.1 29.4 36.9 43.5 43.3 44.8 44.9 44.7 43.2 41.7 40.5 39.2 38.7 37.1 35 31.4 28.8 26.3 22.5 18.6 15.2 11.4 7.2
