data/440000-1120000.asc
ncols 200
nrows 200
xllcorner 440000
yllcorner 1120000
cellsize 50
[rows 0 to 37 of 200, columns 0 to 84 of 200]
196.8 200.9 204.3 205.8 207.1 209.5 210.3 211.1 214.2 218.1 222.6 227.6 232.1 236 235.3 234.1 230.9 227.2 220.7 210.9 200.1 188.9 178.3 169.4 163.2 157.7 152.9 152.4 152.2 148.1 140.8 139.5 139.4 138.2 136.1 133.4 130.1 127.1 124.2 121.9 119.9 116.9 114.7 113 111.4 110.8 110.4 107.3 109.4 111.6 114.1 116.3 117.7 118.5 119.6 113.7 102.1 90.1 73.3 55.4 41.9 37.3 34.3 31 27.7 23.4 23.4 28.6 37.5 48.9 60.3 65.4 59.8 52.5 47.5 45.2 42.8 40.7 33.5 24.9 16.6 12.3 9.7 12.5 20.5
189.8 194.4 198.2 198.4 199.6 205.5 209.3 212 215.5 222.2 228.5 234.2 237.1 238.9 237.5 234.9 229.9 225.6 218.5 209.9 199.8 188 176.8 168.6 162.4 156.7 152 150.2 149.5 146.9 142.6 141.4 141.2 140 138.1 136.6 134.2 130.2 128.4 127.9 125.9 122.9 119.8 117.3 115.5 114.1 112.2 109.9 112.9 116.7 118.6 121.4 122.4 121.4 121.2 114.1 100.5 87 69.6 52.7 41.8 37.6 34.4 31 26.5 21.9 20.2 26.1 34.9 46 57.7 68.1 61.2 50.5 42.5 42 39 34.8 28.4 21 13.9 9.6 7 7.9 14.7
181.8 187.3 190.4 189.5 194.1 201 204.9 209.5 217.3 224.8 232.1 238.2 241.2 241.9 239.5 235.3 229.2 222.3 215.2 208.2 199 185.3 173.6 166.5 160.7 155.5 150.3 148.4 146.2 145.1 143.8 142.5 141.6 139.9 138.5 139.5 136.2 132.3 132.8 133.2 131.4 128.8 125 122.2 119.8 116.9 114.4 114.6 117.2 121.4 122.4 124.8 124.5 121.8 122 114.4 99.6 83.5 66.5 51.8 43.9 38.1 34.5 31.2 24.8 19.7 15.8 23 30.5 40.2 52.7 66.8 62.1 49.8 40.6 40.1 34.4 28.4 21.4 16.6 10.8 7.7 5.4 4.4 8.9
174.9 177.7 179.8 182.7 189.4 192.7 200.8 208.2 216 225.2 233.7 240.7 243.5 243.6 239.8 233.9 227.4 220.6 213 205.2 196.2 183.1 174.5 165.4 158.1 152.5 149.5 147.3 146 146.3 144.6 142.9 141.2 140.5 139.8 140.6 138.8 136.4 137.3 137.7 137.6 134.6 130.8 128 123.1 120 119.8 118.7 121.6 125.8 125.7 128.2 127.6 123.4 121.3 111.6 99 83.7 66.4 52.2 44.1 39.2 34.4 30.8 25 19.4 14.3 21.3 30.2 37.3 46.9 59.4 58.4 48.4 42.9 36.9 29.7 22.6 18.8 13.5 8.4 6.5 4.7 4.2 4.1
169.1 169.1 170.2 174.4 179 187.1 193.3 203.4 212 220.6 230.4 239.4 243.4 242.6 238.3 229.9 224.2 217.6 210.4 201.9 191.7 181.9 172.8 164.3 156 149.4 146.7 144.3 142.8 143.3 143.1 141.8 140.1 140.2 140.4 140.2 140.1 139.3 141 142 142 139.9 136.6 133.1 129.2 126 125 124.6 127.4 130.3 128.6 130.1 129.9 121.3 115.2 108.2 95.2 81.2 67.2 56.2 46.9 41.4 36.6 30.4 24.6 19 14.4 18.3 26.9 34.6 41.2 47.3 46.7 45.1 40.6 34.9 28.2 23 20.1 17.2 9.3 5.1 4.1 3.8 3.7
166.2 164.3 166.1 169.3 173.8 180.1 188.2 197.3 206.5 215.4 225.7 233.7 238.6 239.2 234.4 227.6 221 213.9 207.3 199.6 189.1 177.3 167.7 161.4 153.3 147.4 144 141.6 140 140 139.8 139.6 138.9 139.6 140 139.3 139.3 141.1 143.6 144.8 144.8 143.3 140.7 137.2 133.9 131.3 129.7 131 130.5 130 129.8 130.5 130.8 118.3 110.4 102.3 89 77.3 66.1 57.8 50.8 44.2 38.9 31 24.2 19 14.4 15.1 20.7 29.3 33.7 37.8 40 40.4 40.9 35.2 28.9 25.2 22.1 20.3 11.6 5.4 3.7 3.4 3.3
163.8 161.9 163.5 165.5 169.9 174.2 182.6 191 200.7 209.3 217.8 223.4 231.4 233.2 229.8 222.6 216.4 209.7 204.2 196.7 182.2 171.8 164.1 158.9 152.4 146.4 142.5 138.8 137.1 136.6 136.6 136.7 137.2 138.1 138.8 138.2 139.7 141.6 144.7 146.8 147.1 146.2 144.6 141.3 138.5 137.4 136.2 136.6 136.1 134.1 131.4 131.6 126.3 113.8 106.3 96.8 86.7 76.7 67.7 61 54.1 47 39.4 32.1 25.3 20.2 17.3 14.7 16.2 23.9 27.5 29.7 31.6 31 34.6 31.8 30.6 28 24.4 21.9 13.8 6.5 3.4 3.2 3.2
166.2 162.6 161.3 163.2 166.1 168.2 175.9 184.9 192.7 201.9 209.4 214.3 221.9 224.6 222 217.6 211.8 206.2 201.6 192.5 178.8 168.6 160.6 154.8 148.4 142.1 138.7 135.8 134.4 133.2 132.7 132.6 134 135.7 136.9 137.9 139.5 142.4 145.8 148 148.8 149.2 148.3 146.8 144.6 143.9 143.4 141.9 140.6 136.3 130.7 130.9 119.3 108.1 101.4 92.6 84.5 74.8 69.9 62.5 53.8 46.7 38.8 31.8 25.2 20 17.3 15.3 14.6 20 21.6 22.7 24.1 23.7 26.3 31.2 31.1 26.6 22.2 20 12.6 5.7 3.2 3.4 3.7
166.4 164.3 163.6 160.3 162.5 164.9 170.8 179.2 189.4 194.4 200.6 204.8 211.7 214.1 214.6 211.4 207.4 201.3 195.7 185.1 173.5 164.8 157.2 150.6 144.3 138 135.6 132.9 131 129.7 128.6 128.8 130.3 131.7 133 134.8 138.3 142.8 145.9 148.2 149.5 150.2 150.9 150.7 149.3 149.5 149.2 146.8 141.7 136.8 129.7 121.7 110.2 103.7 95.9 87.8 80.9 70.7 65.8 60.4 52.9 45.8 38.2 30.4 23.9 18.3 15.7 13.3 12.4 15.2 15.9 16.1 17.3 16.9 19.1 24.1 25.1 21.6 18.8 13.6 8.4 4 2.9 2.8 3.1
169.1 166.2 163.6 162.4 159.7 162.2 166.8 175 183.1 187.5 191.9 196 200.6 203.9 205.4 203.3 199.9 194.6 188.3 178.9 167.8 159.7 153 145.9 139.6 134.8 132.1 129.3 127.1 125.5 125.3 125.5 126.4 127.7 128.9 132.7 136.2 140.7 145.2 147.8 150 151.3 152.7 153.5 152.4 151.9 151.2 150.1 144.4 139.6 129.9 120.4 104.3 95 88.3 81.6 77 68.5 62.4 57.2 49.8 42.8 36.7 29.7 23.2 19 15.1 12.2 11.7 11.4 10.8 11.2 11.3 12 13.1 14.9 15.4 13.8 11.9 9.7 5.7 3.1 2.5 2.6 3.1
174.4 170.9 166.5 163.2 159.3 159.9 164.7 170.1 174.3 178.6 180.6 186.1 189.3 190.8 195.2 192.6 189 183.3 178.8 171.4 162.5 155.9 148.6 140.6 133.9 130 127.7 125.8 124.4 122.8 120.9 121.2 121.9 123 124.1 127.8 132.6 138 142.3 146.6 150.2 151.7 152.7 153.9 152.9 152.2 149.9 146.4 141.7 136.3 126.1 116.1 106.1 95.4 88.7 81.5 72.7 65.7 59.8 53.2 47.5 39.6 35.2 28.5 22.8 18.2 14.5 12.7 11.4 10.8 10.2 9.4 8.6 7.7 8.9 9.8 9.8 8.7 7.3 6.5 5 3.2 2.3 2.5 2.9
181.8 176 170.6 166.4 162.4 157.3 160.6 164.6 166.8 167.7 170 172.9 175.5 180.6 184.3 180.5 174.5 172.5 167.1 162.5 156.8 150.2 143.8 135 126.4 121.6 122.4 122.7 121.7 119.9 117.6 117.3 117.2 118.4 119.3 122.8 127.9 133.3 138.4 143.6 148.1 151.2 152.2 151.4 149.5 148.4 143.8 138.9 135.3 129.3 122.1 114.8 106.3 97.5 91 85 78.5 70.1 62.1 55.6 49.2 40.3 34.8 28.9 23.2 18.4 14.1 11.7 11.1 10.5 9.5 9 8.3 7.4 7 7 6.8 5.9 5.6 5.2 4.1 3.3 2.4 2.3 2.7
188.3 181.2 175.5 169 164.6 157.5 154.4 157.2 159.9 160.9 159.9 162.5 163.3 165.2 166.6 162.9 160.2 157.2 154.5 151.5 147.9 143.1 137.2 125.4 118.4 113.8 114.4 117 117.2 115.6 113.8 113.6 113.8 114.7 115.6 117.5 122.2 125.7 130.7 136.9 144.4 144.9 143.7 140.6 138.1 135.8 132 128.4 126 125.1 116.7 110.7 103.3 97.2 91.4 85.1 78.5 69.9 62.2 55.1 48.3 39.8 34.4 29 23.7 18.7 13.6 11.2 10.7 10.3 9 8.7 7.8 7.4 7 5.3 4.5 4 3.7 3.5 3.3 3.4 4.2 2.3 2.2
193.7 185.8 179.1 172.4 167.3 161.2 154.7 149.4 151.7 152.8 151.4 151.7 151.3 150.1 148.6 146.4 145.6 144.1 143.7 140.1 136.9 133 124.7 115.8 112.3 108.1 108.9 111.4 113.3 110.8 108.3 108.3 108.6 109 109.3 110.8 114.1 116.9 120.3 126.3 127.4 127.9 127.9 126.1 122.9 120.4 116.5 114.5 113.9 113.5 109.8 105.1 101.9 97.6 92.1 85.4 78.1 69.3 61.7 53.1 46 39.1 34.4 28.8 23 18.4 14.1 10.6 10.2 9.9 9.2 8.4 6.8 5.1 6.1 4.8 2.7 2.3 2 1.8 1.8 1.9 1.6 1.2 2.5
198.2 189.2 182.4 175.9 170 164.7 159.2 152.4 142.2 142.6 142.6 141.9 141.4 138.1 137.3 134.5 133.3 133.9 133.1 129 124.3 119.6 112.1 110.1 107 104.2 105.2 107.1 107.3 104.9 102.2 100.1 101 101.7 101 100.8 104.1 107.7 109.2 110.8 110.9 112.7 112.5 111.9 108 104.7 99.5 97.3 99.7 100.9 98.7 99.8 97.7 95 92.5 87.2 79.2 72.1 63.5 53.9 48 41.1 32.5 28.5 23 18.1 13.3 9.9 9.6 9.2 8.4 7.6 6.4 3.4 5.4 3.7 1.6 1.6 1.9 2 1.8 1.7 1.6 0.8 0.8
202.4 193.6 185.6 176.9 171.3 166.5 161 154.1 144.9 137 133.3 134 131.7 130.2 128.7 125.5 123.7 122.7 119.9 117 114 109 106.3 104.3 101.7 99.2 99.5 100.5 98.8 96.2 94.1 90.8 90.8 89 87.3 87.7 88.2 89.1 89.2 90.7 93.1 94 93.6 94.2 89.4 86.2 84.1 82 84.4 85.9 89.2 91.8 91.4 90.9 91.2 86.5 79.5 72.3 63.6 54.1 46.5 37.2 34.4 30.3 24.8 19.3 13.6 8.9 8.5 7.9 6.4 5.8 6.1 5.6 4.7 2.7 1.4 1.5 1.8 2.1 2.1 2 1.6 0.8 0.8
205.8 196 186.5 178.5 172.7 167.4 160.9 153.1 147.6 142 134.8 128 119.9 119.1 117 114.8 113.5 112.8 111.7 108.9 106.1 103 100.2 98.5 93.7 90.6 91.2 90.6 88.9 86.7 84.8 80.7 77.9 76.9 75.6 74.5 72.7 73.2 72 71 71.8 74.1 74.6 76.2 73 72.1 73.7 70.6 69.6 73.9 78.1 81.4 83.4 85 86.2 83.8 79.2 70.2 60.2 51.3 45.2 36.4 33.3 30.2 26.5 19.7 13.5 8.8 8 7 5.1 5.2 5.5 5 4.5 3.1 2.2 2.3 2.1 2.1 2.3 1.9 1.6 -0.3 -0.3
207.9 198.7 189.8 181.2 174.4 167.6 160.8 152.8 145.7 140.3 136.8 127.2 116.3 110.9 107.6 104.2 104 103 102.3 100.3 97.4 94.2 91.4 88.2 84.7 84 83 81.7 80.6 79.2 75.6 72 68 65 65.1 64.4 58.8 59.2 57.1 56.9 58.7 60.1 59.6 59.4 59.1 61 62.2 59.8 60.3 63.4 68.3 70.6 74 77.4 78.9 80.2 76.1 66.2 56.6 46.1 39 33.6 30.9 29.5 27.4 20.1 12.4 8.7 7.6 6.3 5.1 4.7 5.3 5 4.3 3.6 2.5 3.3 3.1 3.2 3.4 1.9 -0.3 -0.3 -0.3
211.6 202 193.4 184.8 177.2 169.4 161 151.9 143.5 137.9 133.2 127.3 115.4 106.1 97 93.9 93.4 90.7 88.8 87.2 86.7 84.8 81.3 79.3 77.9 77.9 77 74.4 73.2 70 66.8 62.6 57.9 55.1 54.3 51.2 44.9 46.1 43.8 42.8 45.3 47.5 45.8 47.5 48.5 50.8 51.5 51.2 52.3 55 57.3 58.6 63.8 65.7 68.7 73.5 71.6 64.4 53.3 40.8 32.9 28.6 26.5 26 23.2 17.7 11.2 8 7.8 7.2 6.3 5.8 5.7 4.8 3.9 3.1 2.5 5.2 4.9 5.5 5.6 2.7 -0.3 -0.3 -0.3
215.2 205.6 197 188.4 180 171.3 161.3 152.8 142.8 135.9 130.3 121.1 113.8 105.8 96.5 92.8 88.2 81.8 77 78.2 77.4 76.3 74.8 73.2 72.9 71.5 70.9 68.6 66.5 62.9 58.9 53.7 49.5 45.9 44.7 40 37.7 37 35.5 34.4 33.9 34.9 37.6 38.1 39.9 41.4 42.3 45 46.5 47.5 46.5 47.1 50 53.9 60.4 69.2 70.4 60.5 50.5 39 30.2 22.2 18.5 18.9 18 14 8.7 8.2 7.8 7 6.6 5.8 4.9 4.2 3.2 2.5 1.9 2.6 1.3 0.8 1.6 0.9 -0.3 -0.3 -0.3
219.7 209.9 200.7 192.1 182 171.4 161.3 151.9 143.1 136.9 129 120.5 112.7 109 106 102.1 98.1 88.8 82.7 75.7 70.7 70.2 68.9 68.9 67.9 66.6 65.4 63 60.7 57 52.1 48.7 44.6 42.1 39 35.2 33.8 33.4 32 30.4 28.2 27.2 26.7 27.2 26.6 30 34.9 39.1 40.2 39.6 38 37.7 41.7 45.1 53.4 61.8 63.8 57.9 50.9 40.9 29.6 20.2 13.5 12.9 12.4 9.4 8.6 8.5 8.4 8.3 6.3 4.8 4 3.4 2.9 1.8 1.1 1.7 0.5 -0.3 -0.3 -0.3 -0.3 -0.3 -0.3
223.8 213.9 204 193.2 182.9 171.7 162.5 152.7 144.9 138.4 130.6 122.5 119.7 117.2 113.8 107.7 101.7 94.5 87.8 81.9 76.8 72.1 65.8 65.5 63.7 62 61.4 58.9 56.1 53.8 49.3 47.7 47.6 47.3 45.6 41.6 39.5 39.2 36.5 33.3 28.2 26.3 22.9 23.1 23.2 21.7 26.9 30.8 33.6 32.2 28.9 29.4 32.7 39.3 46.9 55 59.6 59.8 54.4 44.6 30 20.1 13.4 11.4 8.9 8.6 8.5 8.4 8.3 8.2 7.4 4.6 3.7 2.3 2.7 1.3 -0.3 0.5 0.8 -0.3 -0.3 -0.3 -0.3 -0.3 -0.3
225 214.7 205 194.5 183.1 171.9 162.2 153.6 145.7 139.1 132.9 127.5 125.3 122.1 118.5 114.1 108.6 102.7 95 87.6 81.4 73.9 70 66.5 62.9 61.4 60.7 56.3 53.7 53.1 53.8 53 53.2 53.8 52.4 48.5 47.7 48.4 40 34.3 28.4 25.1 21.7 20.2 20.6 20 20.4 24.2 26.9 29.4 25.6 22.9 25.4 31.1 39.6 45.3 50 48.3 43.9 35.8 25.3 19 11.5 10.7 8 8.1 8 8 7.6 7.1 6.5 4.5 4.4 3.5 2.7 2.1 -0.3 -0.3 2.7 -0.3 -0.3 -0.3 -0.3 -0.3 -0.3
224.7 213.8 204.1 192.9 181.7 171.3 161.8 155.2 147.6 140.4 137.7 135.6 132.9 128.9 124.7 120.9 115.9 109.8 102.4 92.9 82.8 77.5 76.7 71.7 68.5 65.3 64.4 62.7 61.2 61.1 61.9 61.4 60.9 61.5 63.8 61.9 61.1 55.8 48.7 40.4 34.1 27.2 22.1 20.7 18.5 18.8 19 19.9 21 23.6 22.7 19.9 19.4 25.3 32.7 37.7 39.7 36.3 33 28.8 22.4 16.8 11 9.1 7.8 7.5 7.3 6.9 6.4 6 5.7 4.8 4.7 4.5 3.5 2.5 1.9 -0.3 -0.3 -0.3 -0.3 -0.3 -0.3 -0.3 -0.3
223.4 212.1 202.3 191.3 180.5 170.5 161.4 154.7 147.8 142.1 142.7 141 138.4 135.3 134.6 131.1 123.4 115.9 106.4 97.1 91.5 89.1 86.1 82.1 75.5 68 69.8 71.3 70.3 69.3 69.1 69.5 69.4 71.6 76.8 76.2 70.3 65.2 55.8 46 36.7 29.7 24.7 23.7 20.7 17.5 17.1 18 19.6 18.3 18.8 17.6 17.4 20.2 26.5 30.5 33.2 32.7 28.6 24.8 20.7 18.8 17.6 9 7.7 6.6 6 6.3 5.9 5.6 6.1 5.3 4.8 5.6 5.5 3.6 1.4 -0.3 -0.3 -0.3 -0.3 -0.3 -0.3 -0.3 4.1
221.9 210.1 199.6 190.3 181.3 171.2 162.7 153.2 150 148.2 148.8 148.8 145.5 144.1 143.8 140.5 132.4 122.5 112.9 104.1 100 96.6 93.8 88.2 81.1 75.7 79.6 80.3 78.4 76.6 75.3 75.6 78.2 81.6 87.6 90.3 88.5 78.4 65.2 51.7 39.7 33.8 30 27.8 23.9 19.7 16.9 15.7 16.2 15.8 15.9 15.7 15.9 18.1 22.8 25.6 27.8 28.8 26.3 23.5 20.8 20.3 17.4 13 10 8.3 6.3 5.9 5.9 5.8 7.7 8 5.8 4.8 5.5 5.2 3.5 -0.3 -0.3 1.7 1.8 3.4 -0.3 3.5 8.5
221.5 208.2 197.5 188.8 179.9 168.8 162 157.5 155.8 156 156.8 156.1 153.4 152.8 151.6 147.6 141 131.1 121.4 112.4 107.4 104.1 99.5 94.7 89.8 85.1 88.6 87.7 85.5 83.3 81.2 82 84.3 87.9 94.5 99.2 100.2 92.3 74.5 58 48.4 41.6 36.8 32.8 27.4 21.5 17.5 16.2 15.3 15.2 15 14.7 15.5 17 20.8 21.9 23.3 24.5 22.3 21.2 20 20.8 18.3 15.7 12.3 9.7 5.8 5.8 5.9 6 9 9.9 7.8 6.3 4.5 1.5 -0.3 -0.3 -0.3 2.1 1.5 3.6 5.7 8.5 14.1
221.5 207.7 198.8 190.2 181.4 171.4 166.5 165 163.4 163.1 164.1 163.2 160.6 159.5 157.6 154.1 147.4 140.2 130.7 119.9 115.2 110.7 106.4 102 96.6 94.4 96.3 94.7 92.8 90 87.1 87.3 90 93.2 99.8 106 108.5 98.7 79.9 66.5 57.7 51.1 43.8 39.3 31.9 24.8 18.7 16.6 15.8 14.9 14.2 13.8 15 17.3 18.2 18.9 19.7 20.9 20.9 19.4 18.3 18.7 17.9 13.9 10.1 7.6 5.9 5.6 5.7 5.7 8.1 10.2 9.5 8 4.5 -0.3 -0.3 -0.3 -0.3 -0.3 3.3 5.2 8 11.7 19.2
221.2 208.7 198.3 191.5 183.9 175.9 171.1 172 171.8 171 171.6 171 167.5 164.7 162.4 157.3 152 146.3 138.1 128.4 122.9 119.8 114.1 109 103.1 101.5 102.3 101.2 99.2 96 92.4 91.9 94.2 97.6 103.8 109.3 111.2 103.7 91.5 80.5 70.6 59.5 49.7 42.9 35.2 28 21.7 17.4 16.6 15.5 14 12.1 12.7 14.5 15.2 16 17 18.5 19.1 18.9 17.9 16.3 13.9 11.8 10 8.1 6.3 5.3 5.4 5.5 7.3 9.3 9.5 7.2 3.8 -0.3 -0.3 -0.3 -0.3 -0.3 3.4 6.1 8.8 12.6 21.1
221 208.8 199.4 191.8 185.5 180.5 178.6 178.3 178.5 179 179.1 177.9 173.1 170 165.9 161.4 157.1 151.3 143.5 135 131.6 126.6 120.1 113 108.8 108.7 108.4 107.7 105.5 102.1 97.7 94.1 94.5 100.4 107 113 115.7 113.8 107.9 97.4 84.1 69.1 56.4 47.7 39.2 31.2 25.1 20.4 17.3 16 14.4 13.1 12.4 12.1 12.9 13.7 14.1 16 17.6 19.8 17 15 13.4 11.6 10.8 8.8 6.8 5.4 4.8 5.7 7.4 10.1 9.6 7.3 3.6 -0.3 -0.3 -0.3 -0.3 -0.3 -0.3 6.1 9.3 13.5 21.9
221.6 210.5 200.8 194.3 188 185.8 186.6 187.2 188 189.3 187.1 183.5 178.7 173.9 169.7 166.9 162.5 156.1 150 139.5 134.9 130.4 124.7 116.3 113.9 114.9 115.3 114.7 111.7 108.3 104.8 100.5 96.9 103.8 110.2 116.7 119.9 121 115.4 104.9 93.9 77.1 64.5 54 45 36.2 29.3 24.3 18.7 16.2 14.9 14.1 12.6 11.3 11.2 11.1 12 13.1 15.6 19.1 16 15.4 13.7 11.8 11 9 6.1 3.9 4.4 5.9 7.4 9.8 9.7 7.9 4.8 -0.3 -0.3 -0.3 -0.3 -0.3 -0.3 6.5 9.8 16 22.7
220.1 210.4 202.9 196.9 192.8 191 193.9 194.6 195.9 195.6 192.6 188.7 183.8 179.1 175.8 173.1 166.7 160.2 151.1 143.2 138.7 134.2 128.6 119.8 120.5 121.1 120.5 121.5 119.7 116.5 111.8 108 101.1 107.7 114 118.3 121.3 121 118.9 111 100.6 86.8 75.9 62.7 52 42.7 34.3 27.3 21.1 18.3 15.7 14.2 12.7 11.1 11.4 11 9.9 10.4 13.4 18 14.3 13 11.8 10.1 9.5 7.6 5.4 3.9 4.4 5.9 7.5 9.5 10.7 8.9 7.1 -0.3 -0.3 -0.3 -0.3 -0.3 -0.3 6.3 11.2 14.3 18.9
219.3 209.1 202.8 198.8 198.2 198.8 199.5 200.1 201.5 200.9 198.1 194.8 191.3 187.4 183.2 179.6 174.6 167.9 157.6 148.3 142.8 138 131.5 127.1 126.5 127 128 127.9 126.2 124 117.9 113.1 107.2 111.8 117 121.2 124.8 124 121.7 118.6 108.9 105.3 90.8 73.8 61 51.6 41.9 31.4 24.8 21.3 17.6 14.5 12.8 11.6 10.6 10.1 9.2 9 11 14.3 12.4 11.5 9.9 9.8 8 6.2 4.3 3.9 4.5 6 7.6 9 9.8 9.8 10.4 3.7 -0.3 -0.3 -0.3 -0.3 -0.3 5.4 10.9 12.9 17.2
218.6 208.6 203.7 201.4 200.9 202.8 204.3 204.8 204.8 204.2 201.7 200 198.6 194.9 190.7 186.2 182.3 175.2 163.8 153.4 145.6 139.8 132.5 131.8 132.7 134 134 134.3 132.6 130.8 125.7 119.7 114.5 115 119.4 125.6 129.2 130.1 127 123.5 119.9 122.6 120.5 92.1 73.4 58 46.7 36.6 29.2 25.6 21.6 17.9 14.1 12.2 11 9.3 8.8 8.6 8.4 8.3 9.2 8.9 8.7 8.6 7 5.5 3.8 3.6 4.8 6.3 7.9 9 10.8 9.7 9.8 6.2 -0.3 -0.3 -0.3 -0.3 -0.3 3.6 8.1 12.8 19.5
217 208.8 203.2 202.5 204.1 206 207.2 207.9 208 206.7 205.1 203.5 201.9 200 195.8 193.1 189.1 180.8 170.3 160.8 150.4 141.8 137.8 137.5 140 142.1 141.2 139.7 139.4 137.7 132.2 125.8 118.1 119.2 125.5 132.2 133.8 135 132.3 130.2 131.5 130.4 121.1 100.1 85.7 68.2 52.9 43.4 37.4 32 26.2 20.1 15 12.5 10.6 8.3 8 7.6 7.2 7.3 8.7 8.3 8.1 7.2 5.5 4 3 3.8 5.5 7.2 8.9 11 10.5 9.4 8.5 7 -0.3 -0.3 -0.3 -0.3 -0.3 2.7 2.9 -0.3 -0.3
214.8 206.7 201.2 200.7 202.2 206.2 209.1 209.7 209.3 207.8 205.9 205.2 203.8 202.3 201.7 200 196.1 189 177.3 168.3 160 153.1 148.1 147.1 148.8 150.4 149.9 147.1 146 143 137.1 130.6 120.8 123.8 132 138.5 140.1 139 140.1 141.7 145.3 146.8 139.4 119.6 102.7 80.9 62.7 53.6 44.3 36 28.5 21.7 16.3 12.1 9.8 9 6.5 5.7 5.8 8.5 8.6 7.8 7.5 6.1 4.9 4.2 3 4 5.7 7.3 8.9 10.8 9.9 8.9 7.4 5.9 5 -0.3 -0.3 -0.3 -0.3 -0.3 -0.3 -0.3 -0.3
213.7 204.5 199.9 197.1 198.9 202.7 205 207.2 207 206.1 205.4 205.2 205 204.7 205.5 204.1 201.2 194 184.8 176.7 169.7 162.8 158 157.1 156.3 155.3 154.9 153.2 151.4 147.6 142.7 134.4 126.9 129.2 138.8 144.8 146.7 147.3 150.4 154.5 158.6 160.1 156.1 135.4 114 88.7 73.7 60.5 49.8 39.7 28.5 21.3 16.2 12.1 10.5 8.4 5.1 4.2 4.5 7.4 8 7.4 7 6.6 5.2 2.5 2.7 4 5.6 7.1 8.7 9.6 9.9 8.1 6 5.9 5.9 5.5 -0.3 -0.3 -0.3 -0.3 -0.3 -0.3 -0.3
208.8 201.7 191.5 188.4 193.6 200.2 200.7 201.8 202.9 202.8 203 204.2 205.4 205.7 206.8 206 204.7 199.2 192.1 187.8 181 174.1 169 166.6 166.1 162.8 161.3 159.5 156.8 152.3 146.7 136.2 127.8 135.1 144.3 148.3 152.7 159 162.3 168 171.1 172.3 170.2 155.4 125.4 100.3 78.9 62.2 51 38.1 28.8 23.9 19.7 17.6 11.8 7.3 5.3 4.5 5.1 6.6 6.9 7.3 6.9 6.5 4.9 2.4 2.8 3.8 5.3 7.1 8.8 10.3 10.1 7.5 4.9 4.9 6.5 6.9 -0.3 -0.3 -0.3 -0.3 -0.3 -0.3 -0.3
