data/440000-1130000.asc
ncols 200
nrows 200
xllcorner 440000
yllcorner 1130000
cellsize 50
[rows 38 to 75 of 200, columns 0 to 84 of 200]
-0.4 -0.4 -0.4 -0.4 -0.4 -0.4 -0.4 -0.4 -0.4 -0.4 -0.4 -0.4 -0.4 6.9 12.5 21.4 32.1 39.9 45.8 54.2 58.8 54.3 52.5 55.6 57.9 60.5 67 78.8 87.7 95.2 102.6 111.3 118.2 123 128 133.2 138.4 132.7 125.1 119.8 117 111.1 103.9 92.2 88.5 88.4 88.4 89 91.8 92.3 92.7 93.1 89.6 85.1 80.9 76.9 75 73.1 71.3 71.3 71.6 75.3 79.5 83.6 87.9 92.4 98.9 102.9 103 98.7 88.4 82.3 73.9 66.6 61.7 58 54.1 50.2 41.8 33.6 26.4 21.5 16.4 9.1 -0.4
-0.4 -0.4 -0.4 -0.4 -0.4 -0.4 -0.4 -0.4 -0.4 -0.4 -0.4 -0.4 -0.4 8.2 10.5 15.7 24.3 31.6 38.7 46.2 51.3 46.7 48.1 51.6 55 58.6 65.9 80.1 89.3 96.7 105.2 114.9 123.7 127.7 132.2 137.2 142.3 135.2 126.9 120.8 118.2 117.7 106.6 98.2 92.3 88.2 88.2 91.4 94.5 96 96.4 96.2 91.4 86.6 82.2 77.9 75.9 74.1 71.3 71.3 73.1 77 81.2 85.8 90.4 94.2 99.6 104.8 105.9 99.1 88.8 81.8 73.3 66.5 61.7 57.8 53.6 49.6 42.8 35.6 28.6 21.9 18.4 3.9 -0.4
-0.4 -0.4 -0.4 -0.4 -0.4 -0.4 -0.4 -0.4 -0.4 -0.4 -0.4 -0.4 9 9.5 13 14.3 19.9 24 31.6 39.2 44.3 40.4 44 47.8 51.6 55.6 68.4 81.7 90.9 99.2 108.9 118.6 128.3 133.2 137.2 141.4 146.5 138 128 122.4 120.5 116.6 105 97.3 92.4 89.6 91.8 94.4 97.1 99.8 100.2 98 93.2 88.4 83.6 79.2 76.8 74.1 71.3 71.3 74.3 79 83.7 88.3 92.9 96.7 100.1 105.8 106.1 98.7 88.7 81.9 72.3 66.7 62.1 58.3 54.5 50.7 44.7 37.2 30.2 23.6 17.1 7.5 -0.4
-0.4 -0.4 -0.4 -0.4 -0.4 -0.4 -0.4 -0.4 -0.4 -0.4 -0.4 -0.4 4.1 8.9 14.6 16.1 19.6 21.5 24.8 30.6 37.2 38.3 40 44.6 49.9 56.4 69.9 83.6 93.2 102.9 112.6 122.3 132 138.8 142.7 146.7 150.7 141.4 131.2 124.2 120.9 114.6 106.1 98.7 96.2 93.5 94.5 97.3 100 102.8 103.9 99.7 95 90.2 85.4 80.6 77.4 74.4 71.7 71.3 74.8 81.9 87 90.8 95.4 99.3 101.1 101.1 101.6 98.4 90 82 76 67.1 63.5 60.1 56.6 52.9 46.5 39.1 31.9 25.6 19.6 13.8 -0.4
-0.4 -0.4 -0.4 -0.4 -0.4 -0.4 -0.4 -0.4 -0.4 -0.4 -0.4 0.8 4.4 10.3 16.6 19.7 20.5 22.6 26 28.9 34.9 37.1 42.4 46 49.6 57.8 68.4 84.9 97 106.6 116.3 126 135.7 144.3 148.3 152.5 156.4 145.3 134.4 126.6 123.2 118.3 109.7 100.5 97.6 95 97.1 99.9 102.7 105.5 106.3 101.4 96.6 91.7 86.9 82 77.9 75.6 73.1 71.3 76.2 82.7 89.4 95.9 99.7 100.5 101.9 102 101.9 100.5 94.2 87.3 79.8 69.9 64.9 61.5 58.6 57.8 51.2 42.7 35.3 27.9 22.2 15.5 9.3
-0.4 -0.4 -0.4 -0.4 -0.4 -0.4 -0.4 -0.4 -0.4 -0.4 -0.4 0.8 3 5.7 11.4 12.7 17.6 25.5 29.3 33.1 36.8 42.3 47 50.9 55.2 63.5 72.3 88.7 101.4 110.7 120.3 129.9 139.5 149.1 154.3 159.2 161.2 150.4 139.6 130.4 125.3 121.8 112.7 102.4 99.5 96.9 99.7 102.6 105.4 108.2 109.3 103.1 97.5 92.6 87.8 82.3 78 75.6 73.2 72.9 78.2 84.2 89.9 95.4 100.7 101.6 102.7 102.8 102 100.7 95.7 89.4 83 72.7 66.8 64.1 62.6 61 55.4 48.5 41.6 32.1 25.1 18.9 13.9
-0.4 -0.4 -0.4 -0.4 -0.4 -0.4 -0.4 -0.4 -0.4 -0.4 -0.4 0.9 2.6 5.1 15.7 26.5 30 31.1 34.2 37.8 45 47.5 51.6 55.7 62.2 70.5 78.8 91.6 108.1 117.4 126.7 136.1 144.9 152.9 163 169.4 167.9 156.8 145.8 136 130.4 124.9 115.6 104.6 100.6 99.6 102.5 105.3 108.2 111 112.7 106.5 100.3 94.1 88.7 82.1 78 75.7 75.4 75.3 78.7 84.7 88 92.5 97.9 102.5 103.5 103.2 101.9 100.6 97.3 90.9 84.6 79.5 74.7 67.7 65.9 63.6 59.1 54.7 47.9 38.5 29.2 23.1 18.1
-0.4 -0.4 -0.4 -0.4 -0.4 -0.4 -0.4 -0.4 -0.4 -0.4 -0.4 -0.4 7.1 10.2 23.4 35.8 39.1 39.9 34.2 43.4 50.3 54.4 57.4 60.7 67.3 74.8 82.4 95.2 110.5 123.4 132.6 140.2 147.9 156.8 167.2 177 171.2 158.2 147.8 138.7 132.3 127.6 118.5 108.9 102 100.8 104.2 107.6 110.9 113.8 116.1 109.9 103.7 98.8 90.8 81.8 78.3 78 77.8 77.7 79.2 84.9 86.9 89.5 95 99.6 104.2 103.1 101.8 100.4 98.9 92.5 87.9 83.8 76.7 72.5 68.8 66 62.2 57.6 53.5 45.8 36 26.5 21.8
-0.4 -0.4 -0.4 -0.4 -0.4 -0.4 -0.4 -0.4 -0.4 -0.4 -0.4 -0.4 8 15.3 30.3 44.8 51.2 51.9 44.2 47.2 53.8 58.7 62.2 66.2 71.5 78.8 86.2 99.3 114.3 127.9 135.6 143.3 150.9 160.7 171.1 182.5 170.1 160.5 151.4 142.3 133.3 128.5 121.3 113.3 105.3 102.8 106.4 109.9 113.5 117.1 120.6 116.4 111.5 102.7 93 83.6 80.8 80.4 80.2 80.1 80.8 83.8 85.8 87.8 92.1 96.7 102.3 103.7 102 100.4 99 95.1 90.7 86.3 78.2 74.2 71.3 68.4 65.3 61 57.7 55.9 46.3 35.4 28
-0.4 -0.4 -0.4 -0.4 -0.4 -0.4 -0.4 -0.4 -0.4 -0.4 -0.4 -0.4 14.4 23 36.6 47.4 58 58.7 46.2 49.6 56 63.2 67.4 71.6 75.9 83.1 93.6 104.2 118 131.1 138.7 146.3 154.3 165 175.4 183.8 170.2 161 152.5 144 135.7 128.6 121.7 114.4 110.4 109.1 112.1 115.6 119.2 122.7 126.3 124.3 114.8 105.6 96.3 88.2 86.8 85.1 82.5 82.4 81.8 81.9 84.5 86.7 89.1 94.5 100.3 104.2 102 99.7 97.9 95.5 92 87.6 79 75.9 72.8 69.7 67 64.7 61.9 60.2 56.5 46.2 36.6
-0.4 -0.4 -0.4 -0.4 -0.4 -0.4 -0.4 -0.4 -0.4 -0.4 -0.4 4.9 17.5 32.2 43.4 55.7 66.8 66.4 49.8 51.7 57.6 66.8 70 76.3 81.4 87.3 102 112.7 121.9 134.2 141.8 149.3 158.4 170.7 181.4 183.1 170.5 161.3 152.3 143.8 135.9 129.3 122.6 116 115 113.7 117.6 121.3 124.8 128.3 131.8 128.8 118.2 109 99.7 93.8 92.4 89.8 85.9 82.1 81.1 80.8 81.6 83.9 86.5 90.6 95.6 100.8 99.4 97.9 96.4 93.9 90.9 87.9 79.1 76.2 73.1 70.1 68 66.6 65.1 63.2 62.3 56.8 48.1
-0.4 -0.4 -0.4 -0.4 -0.4 -0.4 -0.4 -0.4 -0.4 -0.4 -0.4 10.1 29.3 40.1 49.8 63.2 72.1 70.7 56.6 56.6 61.3 65.8 70.8 76.4 83.2 94.1 110 120 128.8 136.6 144.1 151.6 161.6 174.6 183.2 184 172.5 161.1 152.3 144 138.9 133.3 124.5 119.9 117.7 118.8 122.7 126.6 130.4 133.7 135.5 135.4 124.8 114.2 103.6 97.7 94.1 90.5 86.9 83.1 80.8 79.3 80 81.1 83.2 86.4 91.3 96.3 97.8 96.3 94.9 92.3 89.3 86.8 79.2 76.4 73.5 70.5 69 68.3 67.8 66.9 66.1 63.8 55.7
-0.4 -0.4 -0.4 -0.4 -0.4 -0.4 -0.4 -0.4 -0.4 -0.4 -0.4 16.6 32.1 42.7 51 69.4 78.9 72.9 60.4 58.3 63.1 67.3 72.2 77 85.6 100.5 113.7 122.1 131 138.3 145 152.5 161.6 174.6 184.9 186.5 175.1 163.2 154.4 147 141.3 136.9 129.1 122 120.9 123.8 127.7 131.7 135.6 135.9 137.1 138.4 127.3 115.3 106.2 98 94.6 91.3 87.7 84 81 78.9 78.4 79.3 80.2 82.5 87.1 91.1 93.7 94.5 93.4 91.1 88.4 85.8 78.9 77.3 73.9 71.3 72.8 72.3 71.8 71 70.1 69.3 60.9
-0.4 -0.4 -0.4 -0.4 -0.4 -0.4 -0.4 -0.4 -0.4 -0.4 -0.4 18.2 34.2 47.2 57.6 72.8 84.9 76.9 64.5 61.2 63.6 68.4 73.3 79.7 90 103.2 115.5 124.4 133.4 140.2 146.5 153.5 161.6 174 184 188.7 176.6 164.7 156.7 149.9 144.8 142 138.2 126.7 124.6 128.7 132.6 136.5 139.2 139.2 139.2 137.5 127.6 118.4 109.4 101.3 94.8 91.5 88.1 84.8 81.6 77.9 76.3 77.4 78.4 79.4 83 86 90 93 91.8 88.3 85.4 83.1 78.5 75.9 72.8 71.3 73.7 76.2 75.9 75.1 74.5 74.2 65.9
-0.4 -0.4 -0.4 -0.4 -0.4 -0.4 -0.4 -0.4 -0.4 -0.4 -0.4 18.9 35.3 51.6 63.9 76.3 87.5 80.1 68.3 61.7 67.4 71.3 75.2 83.1 94.3 107.7 117.9 126.8 135.6 142 148.4 154.8 161.9 173.1 184.8 190.8 178.4 166.1 159.2 153 150.1 147.3 144.4 134.1 128.6 132.8 137 141.2 142.4 142.3 142.4 139.4 130.7 121.6 112.7 104.7 96.6 91.6 88.3 84.9 79 76.3 74.1 75.2 76.3 77.3 78.9 83.6 88 91.8 89.7 86.2 82.7 79.3 77.1 74 70.8 71.2 73.6 75.9 78.2 79.5 79.4 79 71.8
-0.4 -0.4 -0.4 -0.4 -0.4 -0.4 -0.4 -0.4 -0.4 -0.4 -0.4 20.2 37.1 53.3 66.9 82.3 90.7 81.2 70.3 61.5 70.1 74.4 78.4 86.6 98.6 111.6 120.4 129.2 137.5 143.8 150.2 156.6 163 176.2 188.7 193.8 180.1 166.7 161.5 156 155 153.5 148.8 139.3 134.9 137.6 141.9 144.4 145.2 145.5 149.1 141.5 133.6 124.7 116.1 108 99.9 91.8 88.4 83.1 77.4 74.8 72.7 72.9 74 75 74.4 80 86.1 90.5 87.7 85 83.6 78.9 75 71.1 67.5 68.7 71.1 73.1 75.7 79.4 81 81.1 77.6
-0.4 -0.4 -0.4 -0.4 -0.4 -0.4 -0.4 -0.4 -0.4 -0.4 -0.4 22.6 39.5 54.9 69.8 88.7 95 83.9 72.3 61.4 72.9 77.3 81.8 88.9 102.6 114.4 123.3 132.3 138.5 145.3 151.9 158.2 164.9 176.4 189.6 195.2 180 167 161.6 157.3 157.2 156.6 149.1 142.4 141.3 142.5 146 147.1 148.7 152.2 151.4 143.5 135.6 127.7 119.4 111.3 103.2 95.1 87.8 82.1 76.4 73.3 71.2 70.7 71.8 71.6 70.7 75 81.2 86.9 89.2 87.7 83.9 77.7 73.7 69.8 65.2 66.3 68.1 69.8 73.5 77.2 80.9 82.6 80.2
-0.4 -0.4 -0.4 -0.4 -0.4 -0.4 -0.4 -0.4 -0.4 -0.4 8.9 25 41.5 56.5 71.8 94.5 98.1 87 75.2 66.7 75.9 80.2 84.7 93.1 109.1 118.4 127.2 135 139.6 145.4 152.2 159 166.6 177.6 188.7 193.6 182 167.7 161.5 156.7 156.7 158 150.3 146.7 146.7 148.6 148.3 148.4 151.3 156.9 154.4 146.9 139.2 128.5 118.5 110.1 101.7 93.4 85.1 79.5 74 71.2 69.7 68.5 68.8 68.1 67 69.8 74.6 79.9 85.8 85.6 81.1 76.9 72.3 66.4 65.3 64.5 64.5 67.6 71.3 75 78.7 82.3 80.5
-0.4 -0.4 -0.4 -0.4 -0.4 -0.4 -0.4 -0.4 -0.4 -0.4 12.2 28.4 43.5 58.9 76.2 101.2 101.1 90.8 80.5 71.1 78 82.7 87.3 96.6 111.7 122.7 131.1 136.2 140.9 145.5 152 158.5 166.4 176.5 187.3 192.7 184.1 167.9 163.2 157.7 156.4 157.9 154.6 150.1 151.6 155.6 153.1 149.3 153.6 159.1 159.2 149.5 139.1 127.1 116.8 108.4 99.9 91.5 83.1 76.8 71.3 68.4 67 66.8 66.8 66.8 66.8 66.8 67.4 74.5 80.3 81.7 78.1 52.9 59 63 63.5 62.2 61.1 64.3 67.6 70.9 74.6 77 80.1
-0.4 -0.4 -0.4 -0.4 -0.4 -0.4 -0.4 -0.4 -0.4 -0.4 15.7 35.4 51 66.5 85.4 105.9 101.6 92.4 84.1 72.1 79.7 84.1 88.4 98.7 111.1 122.5 132.4 136.9 141.4 146.1 151.5 158 166.2 176.3 186.4 191.8 185.5 168.6 162.1 156.3 155.1 157 156.5 152.3 154.2 158.4 157.1 152.8 157 159.1 158.9 149.8 137.7 125.7 115.2 106.7 98.2 89.7 81.3 74 68.5 66.8 66.8 66.8 66.8 66.8 66.8 66.8 66.8 68.2 75.6 76.9 76.6 51.5 50.9 53.4 62.4 60.9 59.4 59.5 62.2 64.5 66.9 71.5 77.2
-0.4 -0.4 -0.4 -0.4 -0.4 -0.4 -0.4 -0.4 -0.4 -0.4 21.5 38.9 57.6 74 97.5 107.4 102.2 94.6 87.1 79.5 80.7 85.1 89.5 99.1 110.5 121.9 132.7 137.2 141.8 146.5 151.3 157.4 166 176.1 183.8 188.9 186.5 171.2 160.3 155.5 153.8 155.8 157.2 155.5 155.8 159.5 158.4 156 160.3 159.6 156 148.4 136.4 124.3 113.5 105 96.5 88 79.5 71.3 67.3 66.8 66.8 66.8 66.8 66.8 66.8 66.8 66.8 66.8 70.6 75.3 70.8 52.9 51.7 65.6 62.7 61.1 58.8 57 54.6 56.8 59.9 65.9 71.8
-0.4 -0.4 -0.4 -0.4 -0.4 -0.4 -0.4 -0.4 -0.4 11.1 28.3 47.7 66.4 85.1 108.3 109.5 103.5 97.1 90 82.9 81.6 86.1 90.5 98.5 109.9 121.2 132.6 137.5 142.3 147 151.8 156.9 165.8 172.8 179.4 185.8 181.7 171.3 158.7 153.3 152.7 155 156.2 155.3 155.4 159.4 158.2 157.7 163.2 156.8 150.4 144.1 135 123 111.8 103.3 94.8 86.3 78.4 68.9 66.8 66.8 66.8 66.8 66.8 66.8 66.8 66.8 66.8 66.8 71 76 68 53.3 56.9 65.1 62.6 60.2 58.1 56.4 53.2 49.9 53.7 59 64.3
-0.4 -0.4 -0.4 -0.4 -0.4 -0.4 -0.4 -0.4 -0.4 15 34.5 53.9 73.2 98.3 114.9 111.8 104.5 97.5 90.5 84.1 82.8 87.2 91.6 98.2 109.4 120.7 132 138 142.7 147.6 152.5 157.4 163.8 170.8 177.8 182.7 180 167.5 156.8 151.9 152.1 154.2 155.3 154.5 154.1 157.5 156.2 157.7 154.4 150.1 144.9 138.5 132.1 121.6 110.1 101.6 93.1 85.3 78.3 66.9 66.8 66.8 66.8 66.8 66.8 66.8 66.8 66.8 66.8 66.8 71.3 75.4 63.6 51 53.2 65.6 61.3 58.3 54.8 51.6 48.4 46.6 45.8 51.1 56.3
-0.4 -0.4 -0.4 -0.4 -0.4 -0.4 -0.4 -0.4 -0.4 17.4 38.2 58.7 86.5 114.8 119.2 114.6 107.4 100.1 92.9 85.9 82.8 87.5 92.2 98 109.8 121.5 132 139.8 144.7 149.6 154.6 158.1 165.5 172.8 179.6 179.2 178.2 166.4 155.6 151.9 151.9 153.6 154.5 153.9 153.6 154.5 155.8 151.4 144.8 140.4 136.2 131.9 126.5 120.1 108.4 99.9 92.2 85.2 76.7 66.8 66.8 66.8 66.8 66.8 66.8 66.8 66.8 66.8 66.8 66.8 71.3 73.8 59.1 49.3 51.1 64.3 58.2 53.9 50.1 47 44.7 43.6 42.5 43.1 48.4
-0.4 -0.4 -0.4 -0.4 -0.4 -0.4 -0.4 -0.4 -0.4 22.4 43.5 66.1 96.4 120.6 121.1 115.9 109.1 102.2 95.2 89.6 87.3 86.9 91.9 100.8 111.7 122.1 131.9 141.7 146.8 151.7 154.8 159.6 167 174.3 180.4 178.2 178.2 166.4 156.2 151.9 151.9 152.5 153.2 153 153.2 153.3 157.3 150.4 144.3 138.3 132.2 125.6 119 113.7 106.8 99 92 84.9 81.9 71.2 68.5 66.8 66.8 66.8 66.8 66.8 66.8 66.8 66.8 66.8 71.4 71.4 54.3 48.3 47.5 61.8 54.6 49.2 45.5 42.8 41.7 40.6 39.6 38.5 40.3
-0.4 -0.4 -0.4 -0.4 -0.4 -0.4 -0.4 -0.4 -0.4 28.7 51 77.2 105.7 125.5 122.4 115.9 110.2 103.2 96.2 92.4 88.5 88.7 93.7 102.4 112.1 121.9 131.7 141.5 148.9 152 155.1 161.1 168.5 175.4 182.4 183.1 179.6 171.6 159 153.1 151.9 151.9 152.6 151.3 151.6 153.4 156.1 147 139.1 133.1 127 120.9 114.8 108.8 103.9 98.6 91.5 88.7 86 81.5 75 66.8 66.8 66.8 66.8 66.8 66.8 66.8 66.8 66.8 70.3 65.8 51.5 47.7 47.5 51.9 49.7 44.5 40.8 39.8 38.7 37.6 36 34.5 36.1
-0.4 -0.4 -0.4 -0.4 -0.4 -0.4 -0.4 -0.4 14.4 37.6 60.6 88.7 117.1 127.6 123.7 117.2 110.6 104.2 99.4 95.6 91.8 88 92.9 102.8 112 121.7 131.5 141.3 148.6 152.2 155.3 162.6 169.6 176.5 183.5 188 182.7 175.9 163.4 156.1 153 151.9 151.8 150.1 150.1 152.3 150.8 144 135.8 127.9 121.8 115.7 109.6 103.6 101 98.1 94.8 93.1 90.2 87.2 81.9 72.5 66.8 66.8 66.8 66.8 66.8 66.8 66.8 66.8 71.4 67.5 56.8 48.5 47.1 49.4 38.9 38.1 36.9 35.4 33.8 32.3 30.7 32.1 34.6
-0.4 -0.4 -0.4 -0.4 -0.4 -0.4 -0.4 -0.4 22.3 46.3 75.9 104.4 127.8 129.8 126.4 119.7 112.8 104.9 100.9 97.7 94.1 90.3 93.6 102.8 112.1 121.5 131.3 140.5 147.1 152.2 156.8 163.7 170.6 177.2 183.8 190.4 185.8 176.1 165.9 158.5 155.1 153.8 152.4 149.9 148.1 150.1 147.6 137.5 131.7 124.6 116.6 110.5 104.4 100.4 98.2 97.3 98.5 97.2 94.7 92.3 86.9 82.2 75.5 70.2 66.8 66.8 66.8 66.8 66.8 67.4 71.6 72.4 64.4 53.3 47.9 48 36 33.5 31.1 30 28.5 26.9 28.1 30.8 33.2
-0.4 -0.4 -0.4 -0.4 -0.4 -0.4 -0.4 -0.4 29.9 53.4 83.8 113.3 131.6 130.5 129 121 112.9 106 101.7 97.6 94.7 91.5 97.4 104.7 112.2 121.5 131.1 138.9 145.6 150.7 158.2 164.8 170.3 176.9 183.5 190.1 186.6 178 168.7 159.9 157.5 155.5 152.9 150.4 147.9 148.2 145.9 134 124.2 118.4 112.6 105.3 99.8 98.3 97.4 96.6 97.8 99.4 100.4 96.9 92.6 88.2 83.1 75.9 67.2 66.8 66.9 70.7 68.4 68.6 71.2 69.4 64.7 54.4 50.7 39.9 37.1 31.6 25.4 24.1 23.1 24 26.7 29.4 31.8
-0.4 -0.4 -0.4 -0.4 -0.4 -0.4 -0.4 -0.4 23.8 47.2 78.2 115.4 133.1 131.1 127.7 120.5 113 107 102.7 98.5 94.3 92.7 95.1 103.9 112.8 121.7 130.3 137.3 144.5 151.8 159.3 166.9 174.6 181.1 186.5 191.9 187.5 178.9 170.2 161.8 158.2 156 153.2 149.7 146.4 143.9 141.2 130.4 120.6 110.9 105.1 99.5 97.9 97.5 96.7 95.8 96.9 99 100.3 101.6 97.6 93.6 89.5 83.3 77.9 72 72.8 77.5 77.6 72.8 66.9 59.7 57.1 51.2 49.4 35 32.5 27.4 22 20.4 19.2 22.6 25.4 28.1 30.4
-0.4 -0.4 -0.4 -0.4 -0.4 -0.4 -0.4 -0.4 19.2 42.1 74.4 108.8 133.1 130.1 126.4 119.2 112.2 106.6 102.4 98.2 94 93.4 95.4 101 109.9 119.3 130.1 137.2 145.9 153.3 160.7 168.2 175.7 183.4 191 197.3 190.9 182.8 174.5 165.9 159.3 156.8 154.3 151.8 149.4 146.7 138.2 125.8 116.3 106.8 99.3 96 94.1 94 93.9 93.8 96.2 98.3 101.5 104.2 101.8 97.8 96.8 96.1 88.5 83.6 78.6 80.9 80 74.7 64.9 54 47.8 46.2 44.5 24.4 18 19.5 18 16.5 17 20.4 23.8 26.7 30.3
-0.4 -0.4 -0.4 -0.4 -0.4 -0.4 -0.4 -0.4 15.7 37 71 104.5 128.2 129.1 125.2 118 111.7 105.3 101 96.8 94.9 94.2 96.2 98.1 107.3 118.7 130 138.6 147.3 154.7 162.2 169.7 177.1 184.6 192.2 199.8 195.5 187.2 178 168.8 162.3 159.8 157.3 154.9 152.5 150.1 143.6 132.9 123.3 109.8 100.2 93.1 90.4 89.5 88.8 90.1 92.7 95.4 99 103.7 106.2 106.2 106.3 106.7 100.1 94.4 85.5 83.7 86.5 75.3 64.2 48.9 40.4 33.4 29.1 21.8 15.1 18.7 13.9 13.6 14.3 17.1 20.5 23.8 28.1
-0.4 -0.4 -0.4 -0.4 -0.4 -0.4 -0.4 -0.4 -0.4 32.4 63.8 94.9 116.3 125.8 123.9 117.5 111.2 104.8 99.7 96.9 96.2 95.2 95.7 98.3 105.6 116.6 128.4 139.9 148.6 156.2 163.6 171.1 178.6 186.1 193.5 199.7 198.3 189.8 180.6 171.3 165.1 162.8 160.4 158 155.6 155.3 149.9 139.9 125.5 110.8 102.5 95.3 87 84.2 84.2 86.3 90 92.9 96.8 101.1 103.9 106.1 107.2 107.2 105.7 93.2 79.5 82.2 84.3 72.3 64.2 48.6 38.3 32.2 26 19.8 16.3 13.8 12.3 12.2 13 13.4 16.9 20.1 23.9
-0.4 -0.4 -0.4 -0.4 -0.4 -0.4 -0.4 -0.4 -0.4 29.8 52.7 80.9 108.1 122.5 122.6 117.2 110.8 104.4 98.9 97.7 96.5 96.6 97.4 98.1 102.9 114.6 126.5 138.1 149.7 157.7 165.3 172.9 180.5 188.1 195.7 202.6 198.6 190.8 183.1 173.9 168 165.7 163.5 161.1 160.3 158.9 155.8 141.2 126.5 112 104.8 96.6 89 81.1 80.6 84.5 88.1 90.2 94.4 96.8 99.8 102.8 104.6 107.4 106.7 96.9 81.3 74.5 73.9 66.1 61.7 49 36.8 31.2 25.6 19.9 16.4 15.1 13.4 12 11.7 12.5 13.3 16.4 19.8
-0.4 -0.4 -0.4 -0.4 -0.4 -0.4 -0.4 -0.4 -0.4 35.2 58.7 82.6 105.4 122.2 120.7 115.3 109.9 104.4 98.9 97.8 97.6 98.4 99.1 99.4 100 111.8 124.6 137.1 152 161.3 169.7 177.9 185.5 193.1 200.7 208.8 202.9 194.3 185.7 175.5 168.9 165.4 164.5 164.6 163.3 162 152.9 140 127.1 114.3 106.5 98.8 90.8 82.8 77.5 82.8 85.7 87.6 89.6 92.6 95.6 98.6 101.6 104.1 109.4 95.2 81.6 70.7 66 61.5 56.8 45.1 35.9 31.5 26.6 21 17.5 16.7 15.7 14.5 13.1 11.6 11.7 12.7 15.6
-0.4 -0.4 -0.4 -0.4 -0.4 -0.4 -0.4 -0.4 21 40.8 65.9 90.1 112.2 122.9 118.8 113.4 108.5 103.6 99 98.6 99.2 99 98.8 98.7 99.4 107.2 121.1 139.3 155.8 165.2 173.6 181.8 189.6 197.9 205.7 209.6 207.1 197.1 186.2 175.3 169.1 165.3 164.1 166 166.9 165 152.9 139.5 125.3 113.2 104.3 96.2 88.2 80.1 72.5 79.8 80.9 82.4 85.4 88.4 91.5 94.5 97.5 102.2 112.2 97 80.1 68.8 64.4 61.1 54.2 41.6 34.4 30 25.7 21.4 19.2 18.3 17.5 16.7 15.8 16.5 13.5 11.3 11.9
-0.4 -0.4 -0.4 -0.4 -0.4 -0.4 -0.4 -0.4 27.3 46.9 71.3 97.1 117.3 122.8 119.2 114.3 109.5 104.6 99.8 99 98.9 98.9 99.9 100.4 101.8 107.3 122.2 139.5 157.1 166.5 174.9 183.2 191.5 199.8 208 210.7 208.8 197.3 185.9 173.8 168.2 165.6 164.7 164.9 164.8 165 150.2 136.7 123.2 111.8 102.8 93.8 85.3 78.6 73 74.2 74.5 77 79.8 82.7 85.5 88.5 91.7 99.2 108 94.9 78.3 67.1 63.6 60.7 54.8 43.7 34.1 29.8 26.8 23.8 21.1 19.8 19.1 18.9 22.3 23.1 18.8 14.1 10.1
-0.4 -0.4 -0.4 -0.4 -0.4 -0.4 -0.4 13 32.4 52.9 75.9 102.2 122.3 121.1 118.2 115.1 110.5 105.6 101.2 99.2 99.8 100.3 100.8 102.5 104.2 108.5 123.6 140.9 158.3 168 176.2 184.4 192.6 200.8 208.9 210.5 207.7 196.2 185.3 170.1 164 161.5 162.6 162.8 162.7 162.5 148.1 134.6 121.1 110.4 101.4 92.4 82.9 77.8 75.4 65.1 68.9 70.7 73.5 76.5 79.7 82.9 86.2 94.8 105.5 93.7 76.1 68.6 65.5 62.5 56.2 48.1 39.1 32.8 29.7 26.7 24 21.3 20.6 20.5 24 27.3 22.5 18.2 14
