data/440000-1150000.asc
ncols 200
nrows 200
xllcorner 440000
yllcorner 1150000
cellsize 50
[rows 76 to 113 of 200, columns 87 to 173 of 200]
106.1 104.4 102 97.3 88.4 78.1 73.2 72.9 71.7 68 65.4 71.5 75.8 81.4 87.3 96.4 100.8 100.6 99.4 99.2 92.7 88.6 85.5 83.2 79.7 76.2 69.9 62.7 60 60 60 60 60 60 60 60 62.8 68.5 74.1 79.1 80 78 75.2 73.8 75.3 74 73.5 76.2 78.9 80.4 78.4 68.4 57.2 48.1 36.8 23.4 13.6 11.3 12.6 8.1 -0.7 -0.7 -0.7 -0.7 -0.7 -0.7 -0.7 -0.7 -0.7 -0.7 -0.7 -0.7 -0.7 -0.7 -0.7 -0.7 -0.7 -0.7 -0.7 -0.7 -0.7 -0.7 -0.7 -0.7 -0.7 -0.7 -0.7
102.4 101.4 98.2 89 80.4 74.2 69.3 68.8 67.8 64.8 62 68.4 73.8 79.4 85 93.8 97.1 100.3 99.3 94.6 89.2 89.1 88.9 85.7 81.1 75.1 67.7 60.3 60 60 60 60 60 60 60 60 62.8 67.3 72.1 77.2 79 74.1 70.3 69.1 70.7 69.6 70.1 72.9 74.5 76.7 70.6 64.2 49.9 37.6 23 10.8 9.9 10.2 10.2 -0.7 -0.7 -0.7 -0.7 -0.7 -0.7 -0.7 -0.7 -0.7 -0.7 -0.7 -0.7 -0.7 -0.7 -0.7 -0.7 -0.7 -0.7 -0.7 -0.7 -0.7 -0.7 -0.7 -0.7 -0.7 -0.7 -0.7 -0.7
99.2 100 96.2 86.1 76.2 67.5 64.9 65 63.5 61.2 61.2 65.6 70.5 75.2 81.7 85.1 87 93.4 92.2 89.4 88.8 88.9 88.9 88.8 82.2 75.6 68 60.6 60 60 60 60 60 60 60 60 60.6 63.8 67 70.8 69.6 68.3 66 63.8 61.6 62.9 66 70.3 69.5 69.6 62.5 51.7 37.6 26.8 13.3 7 8.8 8.6 -0.7 -0.7 -0.7 -0.7 -0.7 -0.7 -0.7 -0.7 -0.7 -0.7 -0.7 -0.7 -0.7 -0.7 -0.7 -0.7 -0.7 -0.7 -0.7 -0.7 -0.7 -0.7 -0.7 -0.7 -0.7 -0.7 -0.7 -0.7 -0.7
95.2 93.3 92.1 85.8 73.3 63.1 60.4 62.3 60.1 57.7 58.9 62.3 67.1 71.7 76.1 78.8 81 83 85 85.3 87.8 90.2 91 90.5 84 77.1 69.9 66.8 64.6 65.6 66.7 68 60 60 60 60 60 61.8 63 59 58.7 61.8 60.8 58.9 56.6 55.8 62.1 63.4 63 56.4 48.2 39.2 30.6 20.8 9.1 4.5 -0.7 -0.7 -0.7 -0.7 -0.7 -0.7 -0.7 -0.7 -0.7 -0.7 -0.7 -0.7 -0.7 -0.7 -0.7 -0.7 -0.7 -0.7 -0.7 -0.7 -0.7 -0.7 -0.7 -0.7 -0.7 -0.7 -0.7 -0.7 -0.7 -0.7 -0.7
88.7 86.5 83.2 77.8 68.4 62.2 59.3 60.4 60.2 55.3 57.6 59.5 64.3 70.1 74.1 75.2 77 79.1 80.9 81.6 84.7 89.1 90.5 91 86.3 80.9 76 73.1 71.1 75.8 74.3 70 66 60 60 60 60 62 59.5 58.6 56.4 53.6 54.7 53 49.9 46.4 44.2 42 40.3 36.6 32.5 30.8 31 24.3 12.4 5.3 -0.7 -0.7 -0.7 -0.7 -0.7 -0.7 -0.7 -0.7 -0.7 -0.7 -0.7 -0.7 -0.7 -0.7 -0.7 -0.7 -0.7 -0.7 -0.7 -0.7 -0.7 -0.7 -0.7 -0.7 -0.7 -0.7 -0.7 -0.7 -0.7 -0.7 -0.7
83.3 80.9 73.8 68.5 64.1 58.4 56.5 58.1 56.8 53.3 55 58.6 65.6 71.1 72.2 73.3 73.7 75.4 76.3 78.4 83.5 88 89.9 91 89.1 84.1 80.4 79.2 76.9 76.1 72.9 70.3 64.1 60 60 62.7 66.7 66.8 66.2 65.6 59.5 53.7 49.6 47.4 44.3 38.1 35.1 30.8 24.5 23.4 23.5 24.3 26.8 19.9 -0.7 -0.7 -0.7 -0.7 -0.7 -0.7 -0.7 -0.7 -0.7 -0.7 -0.7 -0.7 -0.7 -0.7 -0.7 -0.7 -0.7 -0.7 -0.7 -0.7 -0.7 -0.7 -0.7 -0.7 -0.7 -0.7 -0.7 -0.7 -0.7 -0.7 -0.7 -0.7 -0.7
79 76.1 69.9 63.9 59.2 56.1 55.8 56.5 55 51.7 51.9 55.8 62.4 68.8 71 71.4 70.8 70.5 72.5 77 81.8 87.1 89.6 91 88.8 86.6 83.5 79.7 78.6 75.1 77.3 70.5 66.5 67.6 67.9 70.4 72.9 73.7 73.3 71.1 65.3 54 48.9 45.5 41.2 34.4 29.7 24.9 16.6 14.6 14.8 13 -0.7 -0.7 -0.7 -0.7 -0.7 -0.7 -0.7 -0.7 -0.7 -0.7 -0.7 -0.7 -0.7 -0.7 -0.7 -0.7 -0.7 -0.7 -0.7 -0.7 -0.7 -0.7 -0.7 -0.7 -0.7 -0.7 -0.7 -0.7 -0.7 -0.7 -0.7 -0.7 -0.7 -0.7 -0.7
74 70.3 66 60.9 57 53.8 54.2 54.8 53.4 50.2 47.3 53.2 58.2 63.8 66.9 68.7 66.4 66.6 68.9 73.3 79.1 84.7 90.9 90.7 89.2 87 83.2 81.4 78.9 75.8 74.6 68.8 72.7 76 77.3 78.9 79.1 80.6 79.5 72.6 62.2 53.5 46.9 41 35.5 29.7 24.1 17.6 9.3 -0.7 -0.7 -0.7 -0.7 -0.7 -0.7 -0.7 -0.7 -0.7 -0.7 -0.7 -0.7 -0.7 -0.7 -0.7 -0.7 -0.7 -0.7 -0.7 -0.7 -0.7 -0.7 -0.7 -0.7 -0.7 -0.7 -0.7 -0.7 -0.7 -0.7 -0.7 -0.7 -0.7 -0.7 -0.7 -0.7 -0.7 -0.7
68.1 65 62 60.9 55.7 52.4 50.7 50.8 51.1 49.1 46.2 50.7 55.5 59.4 59.3 61.3 61.1 63.1 66.4 70 75.4 81.7 87.8 89.5 87.7 85.4 82.5 79.9 76.9 75 72.4 74.4 80.5 84.6 85 90.5 91.9 87 72.7 62.8 57.8 51 49.1 42.1 34.1 26.1 16 9.3 -0.7 -0.7 -0.7 -0.7 -0.7 -0.7 -0.7 -0.7 -0.7 -0.7 -0.7 -0.7 -0.7 -0.7 -0.7 -0.7 -0.7 -0.7 -0.7 -0.7 -0.7 -0.7 -0.7 -0.7 -0.7 -0.7 -0.7 -0.7 -0.7 -0.7 -0.7 -0.7 -0.7 -0.7 -0.7 -0.7 -0.7 -0.7 -0.7
62.9 61.4 60.8 59.2 56.3 50.3 47.4 47.1 47.9 48 45.2 47.8 50.9 55 56.3 56.7 58.5 61.2 64 67.8 72.9 79.1 84.4 86.1 84.1 82 80.6 77.8 74.9 74.1 76.2 79.9 88 91 90.7 95.7 95.2 86.8 71.6 60.3 53.5 50 48.9 43.1 35 25.9 15.9 5.6 -0.7 -0.7 -0.7 -0.7 -0.7 -0.7 -0.7 -0.7 -0.7 -0.7 -0.7 -0.7 -0.7 -0.7 -0.7 -0.7 -0.7 -0.7 -0.7 -0.7 -0.7 -0.7 -0.7 -0.7 -0.7 -0.7 -0.7 -0.7 -0.7 -0.7 -0.7 -0.7 -0.7 -0.7 -0.7 -0.7 -0.7 -0.7 -0.7
59.2 60.6 59.4 56.1 52.9 49.5 46.3 44.4 46 45.5 43.7 44.7 47.9 50 51.9 55 57.4 59.3 62.4 66.2 71.7 77.4 81.1 81.5 81.6 81.5 81 76.6 72.6 74.1 78.3 88.4 92.7 95.7 97.4 92.4 86 80 68.6 59.4 53.2 50.2 47.2 40.5 30.8 23.6 13.2 7.2 -0.7 -0.7 -0.7 -0.7 -0.7 -0.7 -0.7 -0.7 -0.7 -0.7 -0.7 -0.7 -0.7 -0.7 -0.7 -0.7 -0.7 -0.7 -0.7 -0.7 -0.7 -0.7 -0.7 -0.7 -0.7 -0.7 -0.7 -0.7 -0.7 -0.7 -0.7 -0.7 -0.7 -0.7 -0.7 -0.7 -0.7 -0.7 -0.7
57.9 59.5 56 52 48.9 46 43 43.3 44.5 43.2 41.9 43.6 46 49 51.4 53.8 56.3 58.7 61 64.9 70.7 76.2 80.4 80.5 80.6 81 77.5 74 72.8 73.8 81.6 92.8 100.3 101.2 97.4 84 76.8 71.2 63 58.7 54.4 51.3 41.7 31.1 22.9 14.2 -0.7 -0.7 -0.7 -0.7 -0.7 -0.7 -0.7 -0.7 -0.7 -0.7 -0.7 -0.7 -0.7 -0.7 -0.7 -0.7 -0.7 -0.7 -0.7 -0.7 -0.7 -0.7 -0.7 -0.7 -0.7 -0.7 -0.7 -0.7 -0.7 -0.7 -0.7 -0.7 -0.7 -0.7 -0.7 -0.7 -0.7 -0.7 -0.7 -0.7 -0.7
53.9 54.5 51.2 47.9 45.1 42.4 39.6 41.9 42.1 40.8 41.1 44.3 47.3 50 52.1 53.9 55.9 58.2 59.1 64 68.9 73.1 76.8 77.3 76.2 74.6 72.8 72.8 72.8 75.7 84.6 93.2 98.7 94.7 85.5 80.9 76.9 71.8 66.1 60.7 58 50.7 35.9 24.8 14.9 -0.7 -0.7 -0.7 -0.7 -0.7 -0.7 -0.7 -0.7 -0.7 -0.7 -0.7 -0.7 -0.7 -0.7 -0.7 -0.7 -0.7 -0.7 -0.7 -0.7 -0.7 -0.7 -0.7 -0.7 -0.7 -0.7 -0.7 -0.7 -0.7 -0.7 -0.7 -0.7 -0.7 -0.7 -0.7 -0.7 -0.7 -0.7 -0.7 -0.7 -0.7 -0.7
50.3 49.9 47.9 45.3 42.9 40 39.1 40.5 39.5 39.7 41.6 45.2 48.6 50.6 52.4 54.2 56 58 59.5 62.7 67.2 70.9 74 74 73.2 72.8 72.8 72.8 74.9 79.6 85.1 90.3 91.1 89.4 88.2 83.6 80.4 77.5 72.8 66.3 57.8 46.3 30.8 21.7 -0.7 -0.7 -0.7 -0.7 -0.7 -0.7 -0.7 -0.7 -0.7 -0.7 -0.7 -0.7 -0.7 -0.7 -0.7 -0.7 -0.7 -0.7 -0.7 -0.7 -0.7 -0.7 -0.7 -0.7 -0.7 -0.7 -0.7 -0.7 -0.7 -0.7 -0.7 -0.7 -0.7 -0.7 -0.7 -0.7 -0.7 -0.7 -0.7 -0.7 -0.7 -0.7 -0.7
47.1 47.1 45.4 42.8 40.6 39.1 38 38.2 38.5 41 42.6 46.5 49.3 51 52.8 54.5 56.3 58.1 60.9 62.9 66.8 70 73.2 73 72.7 72.8 72.8 72.8 76 80.5 83 85.2 85 84.8 89.6 88.9 87.3 83.6 81.1 71.7 57.7 41.2 27.1 19 -0.7 -0.7 -0.7 -0.7 -0.7 -0.7 -0.7 -0.7 -0.7 -0.7 -0.7 -0.7 -0.7 -0.7 -0.7 -0.7 -0.7 -0.7 -0.7 -0.7 -0.7 -0.7 -0.7 -0.7 -0.7 -0.7 -0.7 -0.7 -0.7 -0.7 -0.7 -0.7 -0.7 -0.7 -0.7 -0.7 -0.7 -0.7 -0.7 -0.7 -0.7 -0.7 -0.7
48.6 44.6 42.9 40.5 39 37.4 36.4 36.6 39.2 40.8 43.4 48 49.8 51.9 53.6 55.3 57 58.7 59.5 63.9 68.1 71.5 72.6 72.9 72.7 72.8 72.8 72.7 74.4 77.9 80.2 80.2 79.2 81.3 87 90 90.4 83.6 78.1 68.1 55.3 41.1 27.1 16 1.2 -0.7 -0.7 -0.7 -0.7 -0.7 -0.7 -0.7 -0.7 -0.7 -0.7 -0.7 -0.7 -0.7 -0.7 -0.7 3.7 7.4 -0.7 -0.7 -0.7 -0.7 -0.7 -0.7 -0.7 -0.7 -0.7 -0.7 -0.7 -0.7 -0.7 -0.7 -0.7 -0.7 -0.7 -0.7 -0.7 -0.7 -0.7 -0.7 -0.7 -0.7 -0.7
50.1 46.6 43.3 40.7 38.8 36.7 35.6 34.9 38.8 40.2 43.1 47.9 50.3 52.7 54.4 56.1 57.8 59.4 61.9 66.3 70.5 70.8 72.1 72.8 72.8 72.8 72.6 72.9 70.4 74.1 74.5 74.6 78.5 80.1 82.6 83.6 82 78 71.1 58.1 52.2 39.7 23.8 12.7 3.7 -0.7 -0.7 -0.7 -0.7 -0.7 -0.7 -0.7 -0.7 -0.7 -0.7 -0.7 -0.7 -0.7 -0.7 -0.7 10.2 7.4 -0.7 -0.7 -0.7 -0.7 -0.7 -0.7 -0.7 -0.7 -0.7 -0.7 -0.7 -0.7 -0.7 -0.7 -0.7 -0.7 -0.7 -0.7 -0.7 -0.7 -0.7 -0.7 -0.7 -0.7 -0.7
50.9 47.9 42.8 40.8 39 35.4 34.1 35.4 40 41.7 44.1 47.9 50.8 53.2 55.3 56.9 58.5 60.1 64.7 69.6 71.6 73.1 72.9 72.8 72.8 73.3 80 74.3 68.9 67.8 66.3 70.7 74.9 76.8 74.2 70.8 66.8 62.5 56.6 50.3 44.9 29.4 18.5 13.4 4.6 -0.7 -0.7 -0.7 -0.7 -0.7 -0.7 -0.7 -0.7 -0.7 -0.7 -0.7 -0.7 -0.7 3.8 6.9 9.8 -0.7 -0.7 -0.7 -0.7 -0.7 -0.7 -0.7 -0.7 -0.7 -0.7 -0.7 -0.7 -0.7 -0.7 -0.7 -0.7 -0.7 -0.7 -0.7 -0.7 -0.7 -0.7 -0.7 -0.7 -0.7 -0.7
51.2 48 41.4 40 37.9 33.1 32.2 35.5 39.1 41.5 44.1 46.9 50.5 53.4 56 57.1 58.6 60.9 67.3 72.1 72.2 73.2 74 73.3 73.9 76.6 75.4 70.1 64.4 60.2 61.6 66.7 71 70.5 66.1 61.6 58.6 55 51 42.8 33.9 22.7 14.9 10.8 6.2 -0.7 -0.7 -0.7 -0.7 -0.7 -0.7 -0.7 -0.7 -0.7 -0.7 -0.7 -0.7 -0.7 4.4 7.3 9.6 -0.7 -0.7 -0.7 -0.7 -0.7 -0.7 -0.7 -0.7 -0.7 -0.7 -0.7 -0.7 -0.7 -0.7 -0.7 -0.7 -0.7 -0.7 -0.7 -0.7 -0.7 -0.7 -0.7 -0.7 -0.7 -0.7
49.3 45.9 39.2 37.3 32.9 30.7 31.8 34.5 37.6 40.3 43.9 48.2 51.8 53.9 56.5 58.2 60 63.5 68.8 73.5 72.5 74.3 75.2 76.8 77.7 74.9 70.4 65.4 59.8 57.7 57.4 60.1 64.1 62.6 59.1 55.1 52.1 49 46.6 39.5 28.2 18.9 15.9 8.3 3.8 1.2 -0.7 -0.7 -0.7 -0.7 -0.7 -0.7 -0.7 0.6 -0.7 -0.7 -0.7 -0.7 4.8 8.1 -0.7 -0.7 -0.7 -0.7 -0.7 -0.7 -0.7 -0.7 -0.7 -0.7 -0.7 -0.7 -0.7 -0.7 -0.7 -0.7 -0.7 -0.7 -0.7 -0.7 -0.7 -0.7 -0.7 -0.7 -0.7 -0.7 -0.7
47.4 42.6 38.2 34.6 31.3 29.9 31.3 34.5 37.5 40.6 44.8 49.5 53.3 57.1 60.7 62.9 64.5 66.8 69.3 72.5 73.2 72.4 73.6 75 73.1 68.2 63.6 59.6 55.8 53.1 52.2 53.2 55.6 55.8 51.8 48.4 45.4 43.6 39.6 33.5 25.7 18 11.7 7.8 5.7 3.6 4.4 -0.7 -0.7 -0.7 -0.7 -0.7 7.9 7.2 -0.7 -0.7 -0.7 -0.7 8.1 -0.7 -0.7 -0.7 -0.7 -0.7 -0.7 -0.7 -0.7 -0.7 -0.7 -0.7 -0.7 -0.7 -0.7 -0.7 -0.7 -0.7 -0.7 -0.7 -0.7 -0.7 -0.7 -0.7 8 -0.7 -0.7 -0.7 -0.7
45.6 40.7 37.5 34.3 32.6 28.4 31.7 35.7 38.7 41.5 45.5 49.5 53.7 57.6 61.4 63.9 67 67.1 67.9 70.1 72.2 72.9 71.5 68.7 66.4 61.3 54.5 52 49.6 48.3 46.6 46.8 47.2 49.9 46.5 42.6 38.6 36.8 33.4 28.7 23.5 18.4 12.9 8.7 7.7 7.5 9.6 10.2 10.4 10.7 11.1 11.7 11.6 9.7 5.9 -0.7 -0.7 3.4 6.3 -0.7 -0.7 -0.7 -0.7 -0.7 -0.7 -0.7 -0.7 -0.7 -0.7 -0.7 -0.7 -0.7 -0.7 -0.7 -0.7 -0.7 -0.7 -0.7 -0.7 -0.7 -0.7 11.4 1.1 -0.7 -0.7 -0.7 -0.7
43.9 39.7 36.5 34.1 26.4 31.8 34.1 36.8 39.5 43 46.8 50.8 54.4 58.2 61.2 65.1 66.7 66.4 66.3 67.3 69.6 70.6 68.3 62.5 58.5 53.7 50 48.1 45.6 43.2 42.4 42.6 42.8 40.7 38.5 36.2 33.8 31.2 29.2 25.7 22.2 18.5 14.7 12.4 11.9 12 14.5 15.1 16 16.4 16.4 15.3 14.8 11.2 6.2 5.2 5.3 9.1 10.2 -0.7 -0.7 -0.7 -0.7 -0.7 -0.7 -0.7 -0.7 -0.7 -0.7 -0.7 -0.7 -0.7 -0.7 -0.7 -0.7 -0.7 -0.7 -0.7 -0.7 -0.7 -0.7 -0.7 -0.7 -0.7 -0.7 -0.7 -0.7
44 38.9 36 33.2 26.7 33.9 37.2 39.3 42.3 45.3 49.3 51.8 55.2 58.8 62.6 65.1 65.7 65.4 65.5 65.5 65.4 66.3 63.9 60.3 54.6 51.2 47.6 44.6 42.6 39.8 38.8 38.5 38.4 36.9 34.8 32.8 30.7 28.2 25.4 22.7 20 19.1 16.6 14.8 15.3 16.4 17.7 19.1 21.9 22.4 22.5 20.3 17.2 11.6 6.8 5.5 4.2 3.7 -0.7 -0.7 -0.7 -0.7 -0.7 -0.7 -0.7 -0.7 -0.7 -0.7 -0.7 -0.7 -0.7 -0.7 -0.7 -0.7 -0.7 -0.7 -0.7 -0.7 -0.7 -0.7 -0.7 -0.7 -0.7 -0.7 -0.7 -0.7 -0.7
43.3 37.6 33.9 30.8 30.1 33.9 37.7 41.4 44.8 48.1 50.3 52.8 55.2 58.6 61.8 63.5 63.9 64.4 65.3 65.5 65.2 63.6 60.6 57.2 51.4 45.7 43.1 42.1 40.1 37.8 35.1 34.5 34 34.5 33.4 31.2 29.2 26.4 23.7 21.5 19.6 18.5 16.8 17 18.1 20.2 21.4 22.8 25.9 28.6 25.4 23.3 19.5 12.4 7.4 3.5 -0.7 -0.7 -0.7 -0.7 -0.7 -0.7 -0.7 -0.7 -0.7 -0.7 -0.7 -0.7 -0.7 -0.7 -0.7 -0.7 -0.7 -0.7 -0.7 -0.7 -0.7 -0.7 -0.7 -0.7 -0.7 -0.7 -0.7 -0.7 -0.7 -0.7 -0.7
41.9 36.4 32.1 24 30.6 33.2 37.3 42 46.4 50 52.8 54.3 56.7 57.6 58.8 61 62.1 64.6 66.8 68 67.2 65.3 61.5 56.5 50.8 45.2 39.3 40.6 38.3 34.7 32.3 32.3 32.3 32.9 33.2 31.2 28.3 27.1 23.5 21.2 20 18.9 19.7 21.7 23.4 24.5 25.1 26.3 28.1 28 24.3 23.2 19.6 11.1 -0.7 -0.7 -0.7 -0.7 -0.7 -0.7 -0.7 -0.7 -0.7 -0.7 -0.7 -0.7 -0.7 -0.7 -0.7 -0.7 -0.7 -0.7 -0.7 -0.7 -0.7 -0.7 -0.7 -0.7 -0.7 -0.7 -0.7 -0.7 -0.7 -0.7 -0.7 -0.7 -0.7
40.5 34.1 30.2 25.5 32.1 34.5 37.9 42.4 49.8 51.4 53.8 56.3 56.8 57.6 57.5 58.6 59.9 62.6 65.3 67.3 68.5 66.5 62.5 58.3 53.5 46.5 42.4 39.2 35.9 33.4 32.3 32.3 33.4 34 33.3 30.5 29.2 26.7 23.8 22.3 21.7 22.4 23.8 26.3 28.8 28.8 28.5 28.2 29.3 30.2 25.3 21.4 17.4 10.4 -0.7 -0.7 -0.7 -0.7 -0.7 -0.7 -0.7 -0.7 -0.7 -0.7 -0.7 -0.7 -0.7 -0.7 -0.7 -0.7 -0.7 -0.7 -0.7 -0.7 -0.7 1.2 4.8 -0.7 -0.7 -0.7 -0.7 -0.7 -0.7 -0.7 -0.7 -0.7 -0.7
38.5 31.3 25.8 27.9 30.8 33.7 37.9 42.6 49.8 51.7 54.3 56.2 56.6 56.8 57.1 57.1 57.6 59.1 62.8 64.4 63.6 64.7 63.1 61.4 55.2 48.1 43 40.5 36 34.3 33.8 34.3 35.5 36.5 36.3 32 29.9 27.4 25 24.5 24.3 24.9 28.4 30.3 31.5 32.1 30 28.5 28.7 28.3 21.9 22.3 11.4 -0.7 -0.7 -0.7 -0.7 -0.7 -0.7 -0.7 -0.7 -0.7 -0.7 -0.7 -0.7 -0.7 -0.7 -0.7 -0.7 -0.7 -0.7 -0.7 -0.7 -0.7 -0.7 4 7.4 -0.7 -0.7 -0.7 -0.7 -0.7 -0.7 -0.7 -0.7 -0.7 -0.7
35.5 29 19.5 27.2 27.8 32.3 36.7 42.8 49.1 52.1 54.9 56.4 57.2 56.5 56.1 55.4 55.6 56.4 57.9 59 58.2 59.3 60.4 59.3 53.1 48.3 43.6 40.4 36.4 35.1 34.7 34.9 35.9 36.7 35.2 32.9 30.7 28 26.3 25.4 26.1 28.2 30.2 31 30.8 30.9 28.2 27.6 29.3 21.5 21 12.2 -0.7 -0.7 -0.7 -0.7 -0.7 -0.7 -0.7 -0.7 -0.7 -0.7 -0.7 -0.7 -0.7 -0.7 -0.7 -0.7 -0.7 -0.7 -0.7 -0.7 -0.7 -0.7 -0.7 1.5 -0.7 -0.7 -0.7 -0.7 -0.7 -0.7 -0.7 -0.7 -0.7 -0.7 -0.7
32.3 25.3 24.2 24.4 27.2 31.8 36.7 42.6 50 52.9 55.1 56.7 56.7 57.2 56 54.1 53.1 53.8 53.6 53.5 53.2 51.4 51.2 47 43.4 41.5 38 35.7 36.9 40.2 35.8 34.1 32.7 33.3 31.2 30 28.8 27.9 26.6 25.8 27.8 30.3 31.7 31.2 30.3 28.7 26 27.4 25.5 23.4 15.1 8.9 -0.7 -0.7 -0.7 -0.7 -0.7 -0.7 -0.7 -0.7 -0.7 -0.7 -0.7 -0.7 -0.7 -0.7 -0.7 -0.7 -0.7 -0.1 0.4 -0.7 -0.7 -0.7 -0.7 -0.7 -0.7 -0.7 -0.7 -0.7 -0.7 -0.7 -0.7 -0.7 -0.7 -0.7 -0.7
31 21.4 23.3 23.2 26.2 31.1 37.7 43.3 49.3 52.9 55.2 56.4 57 57.7 56.9 54.2 51.5 50.7 50.1 48.6 47.9 45.9 44.8 39.2 33.6 31.2 32 32.1 34.9 37 34.7 33.5 31 29.3 28.5 28.1 27.6 27 25.8 26.6 28.9 32.7 34.6 32 31.1 27.1 23.6 22 23.6 20.5 13.4 6.9 -0.7 -0.7 -0.7 -0.7 -0.7 -0.7 -0.7 -0.7 -0.2 -0.7 -0.7 -0.7 -0.7 -0.7 -0.7 -0.7 5.3 9.1 2.4 -0.7 -0.7 -0.7 -0.7 -0.7 -0.7 -0.7 -0.7 -0.7 -0.7 -0.7 -0.7 -0.7 -0.7 -0.7 -0.7
28.8 20.5 21.1 22.5 25.9 30.5 38.1 43.9 49.4 52.3 55.4 56.3 57.2 57 56.1 54.2 52.6 51 50.3 46.2 41.1 41.3 41.1 34.7 28.5 27.3 31 31.6 32.6 32.6 32.3 31.1 31 30.1 30 29.2 28.5 27.6 27.6 28.6 29.6 32.7 33.8 33.4 29.8 25.5 21.5 21 19.2 14.6 9.4 1.8 -0.7 -0.7 -0.7 -0.7 -0.7 -0.7 -0.7 -0.7 5.2 -0.7 -0.7 -0.7 -0.7 -0.7 -0.7 5.7 9.9 7.8 7.3 9 6.9 -0.7 -0.7 -0.7 -0.7 -0.7 -0.7 -0.7 -0.7 -0.7 -0.7 -0.7 -0.7 -0.7 -0.7
25.1 17.9 20.7 23.1 25.7 29.5 38.4 46.4 50.8 52.7 55.2 56.7 57.7 59.2 60.3 59.7 57.1 50.4 49.3 46.9 41.8 35.5 31 27.7 26.4 25.1 29.1 31.4 31.4 34.1 34.7 36 34.6 33.5 32.2 31.2 30.2 28.8 29.2 29.8 29.5 32.1 32 31.8 29.1 25.1 20.9 18.8 16.1 11.2 3.1 1 -0.7 -0.7 -0.7 -0.7 -0.7 -0.7 -0.7 -0.7 -0.7 -0.7 -0.7 -0.7 -0.7 -0.7 7.5 10 9.4 12.3 15.9 11.7 10.9 -0.7 -0.7 -0.7 -0.7 -0.7 -0.7 2.9 -0.7 11.9 10.1 -0.7 -0.7 -0.7 -0.7
22.3 11.1 18.4 21.2 25 28.9 38.1 47.5 51 52.7 55 57 58.6 60.5 60.9 62.5 61.6 51.1 49.6 48.3 43.9 34.5 28.1 21.7 20.1 22.3 25.4 28.7 30.7 33.9 36.4 37.9 39 37.8 38.1 36.5 31.5 29.7 29.5 31.5 31.3 32.2 32.3 30.1 28.3 24.2 20.2 17.7 14.2 9.1 3.9 1.5 1 -0.7 -0.7 -0.7 -0.7 -0.7 -0.7 -0.7 -0.7 3.5 2.8 -0.7 -0.7 9.4 10 10.7 12.8 16.7 17.3 7.9 2.6 -0.7 -0.7 -0.7 -0.7 -0.7 6.9 12.2 9.2 5.3 -0.7 -0.7 -0.7 -0.7 -0.7
15.6 12.2 16.2 19.4 23.8 27.7 36.3 46.2 51.8 53.4 55.9 57.2 59.7 63.2 62.4 60.5 56.1 48.7 44.9 44.1 40.4 33.3 26.7 20.5 19 19 22.4 25.3 30.4 33.6 35.1 36.5 38.5 39.9 40.9 40.3 31.5 28.3 27.7 27.7 28.7 30 27.5 25.4 23.3 20.4 19.7 16.7 10.7 4.6 1 1 1 -0.7 3.4 -0.7 -0.7 -0.7 -0.7 -0.7 3.2 3.9 4 5.2 7.5 9.3 10.9 17.2 18.7 16.7 9 4 2.8 1.3 1 3.3 4.4 15.2 17.8 14.3 6.6 -0.7 -0.7 -0.7 -0.7 -0.7 -0.7
12.2 11.2 13.9 18.3 22.6 26.1 33.1 42.2 50.1 51.9 53.9 55 57.2 61.8 65.7 61.3 55 45.3 38.4 34.6 30.6 23.5 20.1 19 19 19 22 25.9 30.2 32.8 33.4 35.9 38.8 40.6 43.2 41.7 33.6 27.9 25.6 26.3 27.4 26 22.8 20.9 17.9 17.6 17.1 15.3 10.3 5.4 2.4 1.9 1 -0.7 -0.7 -0.7 -0.7 -0.7 -0.7 -0.7 3 3.9 7.4 10 10.7 12.2 13.8 15.3 11.7 9.4 7.6 5.9 4.5 2.7 6.2 14.4 11.3 14.3 14.7 8.8 2.1 -0.7 -0.7 -0.7 -0.7 -0.7 2.1
8.9 10.7 12 15.7 19.5 23.5 29.6 38.7 48.6 51.3 50.9 51 51.7 55.1 60.5 56.1 50.9 45.5 35.6 30 21.8 19 19 19 19 19 22.5 26.6 29.6 32.6 32.1 34.4 36.4 40 44.3 38.6 35.4 28.9 24.8 24.6 28.8 28.5 24.2 21.4 14.7 14 13.7 12.6 9.6 7.5 7.2 7.9 9.5 5.3 1.8 -0.7 -0.7 -0.7 -0.7 -0.7 3.5 5 8.7 10.9 13.9 18 18 14.1 13.7 10.9 13.8 13.2 11.6 11.5 16.3 18.2 13.8 12.3 10.1 5 4.1 1.7 5.7 3.5 3.4 7.6 10.9
5 8.5 8.9 12.8 15.8 20.6 25.9 35.2 45.5 51 49.4 48.9 45.6 47.8 51.5 46.5 42 37.5 30.8 27.4 19.7 19 19 19 19 19.6 23.2 25 27.9 31.4 32.3 31.4 31.8 33.3 33.9 33.6 29.8 27.3 23.8 21.8 21.1 20.8 19 18.1 12.6 12.4 12.5 10.8 9.2 9.8 11.1 13.3 11.4 7.5 4.5 2.6 -0.7 -0.7 -0.7 1.1 2.7 5.8 8.7 11 13.8 17.4 21.2 17.9 16.3 19.7 20.2 19.8 17.8 17.8 17.4 20 18 11 11.7 8.1 8.1 9.3 4.9 7.1 9.2 16.5 20.5
