data/440000-310000.asc
ncols 200
nrows 200
xllcorner 440000
yllcorner 310000
cellsize 50
[rows 70 to 104 of 200, columns 78 to 155 of 200]
153.7 162.3 167.9 172.3 177.5 184 183.7 183.1 183.7 184.4 186 187.8 189.6 191 192.1 191.5 192.4 190.9 189.2 187.5 185.7 183.5 181.4 180.8 180.6 181.8 182.4 183.7 185.2 186.8 179.8 172.8 165.7 159.3 159.7 163.2 166.1 169.6 173.6 177.5 179.8 179.8 176.7 173.6 170.1 167.2 164.2 162.2 161.1 160.3 160 159.4 159 159 158.9 158.8 158.4 157.6 156.7 155.7 153.8 153.8 155.1 157 156.4 152.2 147.7 141.5 134 129.7 125.9 125.5 129.6 136.1 139.5 143.6 148.2 153
155.8 162.8 168.1 171.6 175.5 179.9 182.1 182.4 183.3 184.9 187.6 190 192.6 195.3 198.4 199.8 198.3 194.7 195.6 193 188.1 184.4 182.7 181.2 180.3 180.4 180.5 181.3 182.1 183.9 178.1 171.7 164.8 162.6 166.9 169.5 172.1 174.3 176.9 179.3 182 182.3 180.5 177.8 174.4 171.8 169.8 168 166.4 165.5 164.6 163.7 163.4 163.1 162.1 161.6 160.8 159.9 159 157.7 155.7 154.6 154.5 154.9 154.4 150.7 146.1 139.7 134.1 130.8 128 126 127.1 133.1 136.6 140.1 145.2 149.3
160.8 166 168.6 171.5 174.2 176.9 179.6 181.1 182.6 184.5 188.3 192.5 196.6 200.8 205.3 209.5 206.1 205 202.2 195.8 189.1 185.6 184 182.1 180.2 178.9 179 179 179.5 178.2 174.2 169.6 166.7 168.9 173.4 177.6 178.5 179.1 179.2 181.2 183.1 182.7 182 180.4 178.8 176.8 175.1 173.1 170.8 168.9 168.6 167.9 167.3 166.5 165.2 164.3 163.2 162.2 161.3 159.3 157.4 156.1 154.4 152.4 150.6 147.5 143.7 141 137.3 133.4 129.3 125.6 126.7 131 134.7 138.4 142.9 146.4
164.6 167.7 170.1 172.4 174.6 176.8 178.6 180.3 181.9 184.2 187.8 193.2 199.1 203.1 207.1 208.5 208.1 205.3 202.8 198.4 190.7 186.6 184.5 182.7 180.7 178.5 177.4 177 176.5 175.1 171.1 169 170.1 173.6 177.9 183 184.1 183.3 183.3 182.7 182.6 182.4 181.7 181.1 180.6 179.7 178.4 177.8 175.3 173.8 172.5 171.8 170.9 169.6 168.2 166.7 165.5 164.5 163 161.1 159.2 157.2 155.1 152.7 150.8 148.1 145.5 142 138.9 134.2 129.9 126.6 126.8 130 133.2 136.9 140.7 145.3
165.7 169.2 171 172.2 174.2 175.9 177.7 179.4 181.7 183.7 187.5 191.7 197.5 200.3 202.2 202.5 175.7 202.7 206.2 199.6 191.4 187.8 185.1 183.2 181.2 179 176.9 175.3 174.3 172.6 170.9 169.8 172.3 175.9 180.4 185.8 188.5 190.5 185.9 183.9 182.5 182.1 181.8 181.4 181.6 181.8 182.2 182.1 179.9 178.2 176.4 175.3 174.4 172.9 171.4 169.6 167.8 166.1 164.6 162.6 160.6 158.2 156 154.1 152.4 149.9 146.7 140.4 137.6 133.6 128.8 126.2 126.8 129.7 132.6 135.5 139.3 144
164.8 169.1 170.1 171.3 172.4 173.8 175.8 177.9 183.5 187.8 190 186.8 185.2 184.8 189.6 179 163.8 173 200 198.3 192.1 189.3 186.5 183.9 181.7 179.7 177.5 175.3 173.9 172.4 171 170.8 173 176 180.7 186.6 186.6 187.3 186.7 183.6 182.6 182.4 182.2 182.2 183.3 184.4 185.7 186.7 184.8 182.6 180.7 179.5 178 176.1 174.3 172.5 170.6 168.6 166.1 164 161.8 159.5 157.6 155.8 154 151.7 148.9 140.7 135 131.1 128.1 126.8 127.1 129.9 132.3 135.3 139.1 144.2
163 166.1 168.5 169.9 170.7 172 173.4 175.2 184.3 191.2 193.2 185.2 170.4 163.7 161.1 164.7 139.5 139.6 164.1 200.6 193.6 190.8 188.6 186 183.5 180.3 178.1 175.7 174 172.7 171.8 171.8 173.5 175.8 178.7 182.6 182.3 183 183.5 183.2 182.5 182.2 182.3 183.2 184.2 185.4 187.8 189.5 188.3 186.8 185.1 184 181.9 179.5 177.6 175.7 173.4 170.8 168.1 165.4 163.5 161.6 159.7 157.5 155.7 150.7 143.4 138 133.6 130.5 128.4 127.5 128.2 130.3 132.5 135.4 139.3 143.6
159.5 162.7 165.5 167.5 168.1 169 170.9 173.5 185.6 193.6 195.3 191.2 177.8 164.7 164.3 155.8 139.7 138.5 141 177.7 202.8 194.6 190.6 188.7 186.2 182.3 178.6 176.2 174.8 173.5 172.9 172.9 173.4 174.9 177.3 180 180 180.7 181.3 181.6 182.3 182.2 183 183.8 184.9 186.4 189 191.4 192.1 191.5 191.2 189.8 188.1 185.6 181.9 178.9 176.1 173.5 170.6 167.7 164.2 162.6 161.1 158.1 153.6 147.6 139.8 135.2 132.1 130.2 128.5 127.3 128.1 130.2 132.4 135.2 139 142.6
154.3 159 162.5 163.7 165.4 167.8 168.8 179.4 190.3 196.6 199.2 196.4 188.7 170.4 166.5 162.4 138.7 132 132 138.3 185.2 202.5 197.7 191.4 189.3 184.5 179.9 177.5 176.1 174.8 173.9 173.8 173.9 175.1 176.5 178 178.4 179.3 180.3 181.4 182 183.5 184.4 185 185.5 186.9 188.9 191.2 193.4 195.3 198.1 196.3 195 191.1 186.7 183.5 179.1 175.7 172.8 169.8 166.1 162.8 157.5 152.5 149.1 142.5 137.6 134.8 132.7 130.7 128.8 127.4 128 129.9 131.8 134.6 138.3 141.8
149.9 154.4 158.8 160.4 163.8 166.8 176.8 185.2 189.7 194.6 200.3 200.8 196.9 187.4 166.1 137.3 132 132 132 132 148.2 183.9 195.7 200 192.6 187.1 182 178.9 177.4 176.1 175.1 174.7 174.8 175.2 175.9 176.9 178 179.1 180.8 181.8 183.4 184.9 186.2 185.8 186.1 187.1 188.5 190.8 193.3 195.3 196.8 199.1 198.8 195.4 192.4 188.7 182.4 178.3 175.1 171.7 168.2 162.9 156.3 151.1 145.4 141.3 137.6 134.9 133.1 131.2 129 128 128.1 128.5 130.9 133.7 136.8 140
146 150.4 154.9 158.5 161.9 165.9 179.1 184.7 187.4 191.3 196.9 201.4 202.9 200.3 165.1 137.5 132 132 132 132 132 145.6 164.6 187.7 194.5 188.3 183.4 180.3 178.9 177.5 176.3 175.8 175.8 176.3 176.8 177.5 178.2 179.1 181.6 183.3 186.2 188 188.4 187.9 187 187.5 188.7 190.4 193 194.2 195.5 197 198.1 196.7 194.4 192.7 192.2 183.1 178.5 174.2 170.7 165.8 159 152.8 146.9 142.8 138.7 135 132.8 131 130.6 129.4 129.1 128.7 130.3 132.6 135.4 138.1
145.1 149.1 152.7 156.5 159.5 161.9 165.9 173.1 179 186.8 194 198.3 201.8 204.2 182.8 163.7 137.3 132 132 132 132 132 132 147.2 168.6 189.4 184.8 182.1 180.6 179.4 179.5 178.8 177.9 178.1 178.1 178.8 179.5 180.2 181.9 184.4 187.7 189.9 190.1 189.6 188.9 188.3 188.9 190.3 192.1 193.3 194.4 195 195.3 194.8 193.5 192.4 193.5 186.8 181.9 177.9 174 168.6 161.2 153.5 147.4 143 139.2 135.4 133.4 132.5 131.3 130.8 129.7 129 129.4 131.7 134.3 137
144.5 147.8 151.1 154.9 157.8 160.7 164 167.9 171.8 178.3 183.2 187.8 193.7 198.9 201.1 165.2 164.6 151.5 132 132 132 132 132 137.2 157.2 188.5 186.8 184.9 182.8 182.9 182.6 181.7 180.7 180.2 179.6 180.2 180.8 181.5 182.6 185.5 188 190.1 190.7 190.5 190 189.9 190.2 191.2 191.4 192.4 192.7 192.8 192.8 192.1 191.4 190.7 189.6 187.4 182.8 179.5 176.3 170.8 162.6 154.8 148.1 143.2 139.8 137.1 135.2 134 133 131.7 130.6 129.9 129.6 130.6 132.8 135.7
143.8 146.8 149.8 153.2 156.1 159.1 162.2 165.9 169.4 171.9 175.4 180 183.5 188.6 193 203.9 187.3 165.6 160.5 140.1 132 132 132 132 142 187.8 188.1 186.4 186.2 187.2 187.2 186.3 184.5 182.5 181.4 181.4 182 182.6 183.7 186.3 189 190.9 191.7 191.8 192.3 192.4 191.8 192.6 191.8 191.7 191.7 191.6 190.9 189.9 188.9 187.9 186.5 184.8 182 179.5 176.3 171.1 162.5 155.8 148.6 144.1 140.6 137.9 137 135.9 134.7 133.8 132.8 131.8 130.1 130.3 132.4 134.3
143.2 145.5 148.3 151.1 154.5 157.7 161 164.4 167.1 170 173 175.4 178.5 181.3 186 196.6 201.8 191.1 168.9 165 151.4 140.2 143.4 154.7 178.5 190.9 189.8 190.2 192.1 193.9 192.4 189.7 187.3 185.3 183.9 183.3 183.2 183.9 185 186.6 189.4 191.6 193.2 194 194.5 194.6 194.2 193.8 193.3 192.6 191.5 190.5 189.7 187.8 186.2 184.8 183.5 180.9 178.1 176.5 175.3 169.9 164.2 157.1 149.9 145.1 141.9 138.9 138.3 137.7 137.8 136.7 135.6 133.5 131.2 130.5 132 133.5
143.3 144.9 147.1 149.1 151.9 155.5 158.4 161.7 165.3 167.9 170 172.2 174.9 177.4 179.6 185 197.6 197.9 186.8 170.6 159.2 167.1 172.1 191 193.5 191.6 190.8 194.5 202.6 203.1 201.2 195.3 191.9 189.6 187.6 186.6 185.8 185.9 186.5 187.5 189.3 191.7 193.8 194.9 195.1 195.8 197.4 197.4 197.5 196.2 193.1 191.3 189.3 187.4 184.8 182.4 180.5 177.9 174.1 173 171.5 169.7 165.8 159 151.3 145.5 142.7 141.9 141.3 141 140.1 139 137.9 135.7 131.7 131.2 131.3 133.1
143.2 144.4 145.9 147.7 150.1 152.8 156.1 160 162.8 165.1 167.3 169.5 171.2 173.2 176 179.5 184.9 193 194.2 168.8 163 176.2 192.6 203.4 198.8 190.3 191 194.1 199.8 205.4 204.8 200.9 197.5 195.5 194 191.1 188.7 188.1 188.7 189.4 190.3 191.7 194.1 195.1 195.9 196.7 198.7 199.8 200.2 202.7 196.2 193.6 191.4 188.1 184.3 181.4 179.5 177.4 174.1 171.2 170 167.8 164.5 160.2 154.3 149.2 146 145.3 144.5 143.4 142.4 141.2 138.9 136.7 133.6 131.7 131.6 131.8
146.4 144.5 145.8 146.4 148.6 151.5 154.7 157.6 160 162.3 164.7 167.6 168.7 170.2 173.7 177 179.8 184 189.1 167.4 167.6 180.8 206.7 204.9 194 187.5 189.6 193 200.8 206.2 206.5 203.4 202 200.8 198 194.9 192.7 191.1 191 191.7 192.3 193.2 194.4 195.3 196 197.1 198.6 200 201.5 202.5 200.1 196.6 193.8 189.5 185.1 182 179.9 177.3 174.3 171.3 168.1 165.8 162.4 159.5 155.6 151.6 149.8 148.5 147.6 146.2 144.6 142.4 140.2 137.8 134.7 132.9 132.4 132.1
153.1 152.9 146.9 145.7 147.2 150 153.1 156.1 158.4 160.4 162.6 164.7 166 167.9 171.4 174.3 176.9 179.4 183.7 174.1 179.1 188.1 195.3 192.9 184.4 185.6 187.3 192.5 199.4 202.7 203.4 204.7 206.3 204.8 202.3 199.4 196.9 195.1 194.1 194.2 195.1 195 195.6 196.5 197.2 197.7 198.5 200 201.5 202.2 202.1 198.8 194.8 190.5 186 183.8 182.4 179.3 175.5 173.6 170.8 166.8 163.5 160.2 157 155.1 153.9 152.4 151.1 149.1 146.2 144.5 141.8 139.1 137.3 135.3 133.5 132.7
155.6 157.2 155.7 146.5 147.7 149 151.1 153.9 156.2 158 160.3 162.5 164.4 166.7 169.3 171.6 173.7 175.4 179 180.7 181.2 186.5 181.4 181 181.6 182.8 185.5 192.1 196.6 199 201.5 205 209.1 207.1 204.8 202.5 201.2 199.5 198.5 197.8 197.5 197.3 197.8 198.2 198.7 198.9 199.2 200 201.5 201.9 202.8 199.9 195.6 191.4 188 186.7 185.2 182.4 179.5 179 176.5 172.3 168.1 164.6 162.2 160.4 158.5 156 154 151.2 148.3 145.9 143.3 140.7 138.6 136.8 135.2 134
157.3 156.6 155.4 149.7 149.2 149.3 149.2 150.5 153.5 155.7 158.7 160.8 162.8 165.5 171.3 169.9 171.2 172.6 174.5 177.9 179 179.7 178.5 178.4 178.8 180.9 183.9 189 193.2 196.5 200.6 205.8 210.2 209.2 207.4 207.2 206.5 203.9 203.3 202.7 200.5 201.4 200.2 200.4 200.6 200.5 200.5 200.9 201.8 202.6 203.2 200.7 196.5 192.2 190.9 189.7 188.2 186 183.6 184.6 183.1 178.2 173.9 170.5 166.3 164.1 162.3 160.8 157.5 154.6 150.8 147.2 144.8 142.6 140.4 138.4 136.7 135.2
156.4 155.7 154.6 152.9 151.9 151.7 150.5 151.6 152.2 153.7 156.1 159.2 161.9 163.3 168.1 169.2 173 170.6 171.5 173 173.7 175.8 177.4 176.3 177.5 179.7 183.4 187.4 190.7 194.8 200.2 205.4 209.7 211 210 210.7 210.8 207.7 206.6 206.6 209.7 208.9 204.3 204.2 203.6 202.9 202.2 202.7 203.3 203.4 203.5 200.7 197.8 194.3 193.5 192.4 192.1 191.4 190.9 190.6 189.5 186.1 183.5 180.1 174.5 170.1 167.3 165.7 161.5 158 152.8 148.1 146.5 144.8 143 140.8 138.7 136.7
155.5 155.2 155.4 155.3 154.3 154.2 154.2 152.8 153.2 154.1 154.3 157.3 160.9 162.6 164.1 167.2 168.7 172.5 169.8 170.3 172.2 172.6 173.8 174.8 176.5 178.8 182.5 185.8 189.3 193.6 198.2 205.1 208.1 210.6 211.9 213.1 212.5 211.2 210 210.7 213.5 211.6 208.7 207.2 206.5 206 205.2 204.6 204.7 204.7 204.4 203.2 200.4 197.6 196.5 196.5 196.7 195.7 195.8 196 195.3 193.7 190.1 186.8 181.4 177.4 173.7 170.7 166.7 161 154.9 150.3 148.7 147.3 145.5 143.1 141.1 138.7
155.5 155.5 155.7 156.1 156.4 155.9 155 154.2 154.1 154.2 154.1 155.8 159.3 161.8 163.5 164.1 165.6 168.3 169 170 170.5 171.1 171.9 173.9 177 179 181.6 184.9 188.9 193.3 197.8 202.7 207.9 211.7 213.3 214.7 214 213.7 213.3 214.9 214.9 213.2 212 210.2 209.4 208.9 208.4 207.2 206.8 205.7 205 205 203.5 201.9 200.2 200.2 200.4 200.4 200.7 200.9 200.1 198.4 195.8 191.4 186.9 183.3 179.4 176 170.4 164.3 157.5 153.1 151.2 150 147.7 145.2 142.2 138.2
155.8 156 156.1 156.5 156.8 157.6 156.8 156.6 156.3 154.9 154.4 155.5 158.6 162.1 160.8 160.8 163.4 165.4 167.3 167.9 168.8 169.3 170.7 172.9 175 179.6 181.3 184.8 190.2 195 199.7 205.8 209.4 212.7 214.2 215.6 215.8 216 220.3 220.4 216.9 216.3 215.9 214.2 212.9 212.4 211.3 209.5 207.6 206.7 205.5 205 204.8 203.5 202.6 203 203.9 204.2 204.7 205.3 205.3 203.6 199.5 195.4 191.7 189.2 185.5 180.9 175.3 169.5 162.5 158.8 156.5 153.2 150.7 147.3 142.2 139
156.6 157 157.3 157.3 157.5 158.4 158.5 158.7 158.5 157.6 156.2 155.7 157.5 160.7 162.4 163.4 163.6 163.9 164.4 165.3 167 168.7 170.5 172.4 174.5 176.9 179.4 184.3 195.6 198.6 204.4 208.2 207.5 208.5 212.8 216.9 219.1 219.4 221.2 222.8 221 220.1 219 217.7 216.7 215.3 214.3 212.1 209.3 207.9 206.8 206 205.6 205.6 205 206 207.1 207.6 209.1 210.2 210.5 209.3 204.5 199.7 196.4 193.9 190.6 186.8 180.7 174.5 166.5 163.5 160 156.7 153.8 149.8 143.7 140.6
157.7 158.1 158.4 158.6 159.1 159.6 160 160 159.8 159 157.7 156.4 156.8 157.6 158.9 159.7 161.1 162.5 163.8 165.2 166.8 168.5 170.2 172.3 174.4 176.7 180 183.5 197.3 201.7 203.4 203.3 203.5 206.2 211.4 217.4 223.6 227.2 228.8 227.7 226.2 224.8 223.4 222.7 221.5 219 216.8 213.9 211.4 209.7 208.6 208.7 208.6 208 207.5 209.1 210.2 212.2 214.7 215.1 214.7 213 210.3 207 203.3 200 195.4 191.7 186.4 179.5 171.9 167 163.2 159.9 156.7 152 146.6 143.1
158.9 159.1 159.4 159.8 160.3 160.6 161 160.8 160.3 160.1 158.9 157.9 156.9 157.7 158.5 159.6 160.9 162.7 164.3 165.5 166.7 168.3 170.2 172.2 174.3 176.6 180.2 184.6 189.3 195.6 196.9 198 200 202.9 208.5 213.5 218.8 225.3 229.6 231.9 232.8 233.6 230.9 229.5 226.8 221.8 218.6 215.7 213.4 211.6 210.7 210.8 211.4 210.5 210.3 212 213.9 216.1 218.3 220.3 220.4 218.5 215.7 211.8 209 207 201.5 196.9 191.6 185.2 178.9 172.3 166.3 162.9 159.1 153.9 148.4 144.5
159.9 160 159.8 161.1 162 162.1 162 161.7 161.4 161.1 160.4 159.3 157.8 158.1 158.9 160.3 161.9 163.6 165.2 166 166.7 168.5 170.3 172.2 174.2 176.4 180.2 183.2 186.4 189.1 191.6 192.5 195.1 200.2 205.3 210.3 215.6 222.1 227.5 232.4 235.7 237.2 234 231.4 227.6 224.3 220.5 217.8 215.5 213.9 213 212.9 213 213 213 214.6 216.3 218.9 221.9 225.2 227.6 224.8 220.4 216.5 214 211.3 208.1 202.6 197.1 191 184.5 179.8 173.4 167.8 161.9 155 149.7 145.5
160.6 160.3 161 162.3 163.2 164.2 163.7 163.4 163 162.7 161.9 160.9 159.3 158.7 159.1 160.4 162.3 164.3 165.8 166.5 167.4 168.7 170.6 172.4 174.2 176.3 179.2 181.5 183.6 185.2 187.5 190.3 192.8 196.7 202.2 207.9 213.5 219.7 224.8 229.7 235.2 236.2 235 231.7 229.2 226.2 223.5 221.1 218.8 217 216.3 215.9 215.5 215.4 215.7 217.2 219.4 221.8 225.1 228.7 232.6 230.8 227.7 222.4 219.1 216.3 212.7 207.2 201.7 196.1 190.5 184.5 178.9 172.9 167.4 159.2 151.5 146.9
161.3 161 161.7 163.3 164.8 165.4 165.2 165 164.6 163.9 163.3 162.4 160.9 159.3 159.6 160.4 162.7 164.7 166.2 167.1 168.1 169.1 170.9 172.7 174.4 176 178 180.3 182.1 183.3 185.1 187.9 190.7 194 199.1 205.3 211.3 216.7 222.7 227.6 235.1 238.1 236.6 233.8 231.3 228.7 227 225.2 223.5 221.7 220.3 219.1 218.7 218 218.3 220.1 222.6 224.8 228 232.5 238.1 239.3 235.6 230.2 225.2 221.5 217.4 211.6 205.2 199.5 193.9 190.2 184.4 178.9 173.6 166.4 155.6 149.5
161.8 161.9 162.1 163.9 165.6 166.2 166.2 165.5 165.7 164.9 164.3 163.7 162.7 160.5 159.3 160.4 163 164.8 166.2 167.6 168.6 169.7 171.1 172.6 174.1 175.6 177.2 178.6 180.5 181.9 183.2 186.9 189.6 192.4 197.2 202.6 207.7 213.2 219.2 225 229.5 235.4 237.8 236.3 233.7 231.4 230.1 228.8 227.5 226.1 224.7 223.3 221.7 220.7 220.8 222.5 225.1 227.6 230.8 234.6 239.5 242.8 241.4 239.2 236.4 232 224.4 216.1 209.1 201.7 197 193.7 189.1 183.6 177.8 168 157.5 151.4
162.1 162.4 162.7 164.2 165.6 166.3 166.7 166.9 166.8 166.4 165.1 164.3 163.1 161.6 160.3 160.4 162.4 164.8 166.2 167.6 168.9 169.7 170.6 171.8 173.3 174.8 176.4 177.7 179.9 181.6 186.2 186.4 188.7 191.2 193.6 200.5 204.1 208.5 214.9 219.5 224.1 227.8 232 240.9 237.4 234.7 233.4 232.2 231.3 230 228.4 227 224.9 224.2 223.4 224.9 227.2 230.2 233 237.2 241.1 244.5 246.4 245.2 242.3 239.2 232.9 218.3 210.6 203.7 199.4 195.8 191.7 185.8 179.2 170.7 159.6 155.4
162.4 162.9 163.5 164.5 165.5 166.2 166.5 167 166.5 167 166.1 164.4 163.4 161.7 160.7 160.6 161.6 164 165.1 166.5 168.1 169.3 170.4 171.3 172.4 173.9 175.7 177.3 179.2 180.8 182.5 186.1 187.4 189.8 191.9 193.6 200.4 205.1 209.7 215.4 219.7 223.8 226.2 230 238.9 238.4 236.9 235.9 234.8 233.5 232 230.2 227.8 227.1 226.3 227.5 229.6 232.2 235 238.8 242.7 245.8 248.6 249.1 246.6 244.7 233.3 218.3 210.5 204.8 200 195.7 191.7 186.4 179.8 172 162.9 160.1
162.8 163.5 164 164.8 165.5 166.1 166.6 167.2 167.6 167.1 166.3 165.3 163.6 162.1 161.3 161 161.2 162.5 163.9 165.7 167.2 168.5 169.6 170.7 171.9 173.2 175 176.7 178.4 180.1 181.8 183.8 185.9 188.5 191.9 194.1 199.3 202.5 206.5 211.3 215.5 219.1 221.7 225.4 230.9 235.7 239.6 238.8 237.6 236.4 235 232.9 230.9 229.4 229 230.2 232.7 235.1 237.7 240.5 244.1 246.5 250.2 248.8 244 237.5 227 217.5 211 204.9 199.9 195.1 190.1 184.7 179.5 173.3 168.3 164.5
