data/440000-1180000.asc
ncols 200
nrows 200
xllcorner 440000
yllcorner 1180000
cellsize 50
[rows 111 to 147 of 200, columns 83 to 165 of 200]
-0.9 -0.9 -0.9 -0.9 -0.9 -0.9 -0.9 -0.9 -0.9 -0.9 -0.9 -0.9 8.5 26.4 30.9 31.1 31.8 34.2 39 48.1 56.5 65.3 67.7 67.1 72.3 85.2 98.3 110.6 122.6 131.7 130.8 129.7 129.8 132.7 133.6 137.4 138.3 130.6 121.4 121.4 121.4 121.4 121.4 122.1 124.7 123.5 121.9 120.5 118 112.3 104.6 99.7 98.3 96.6 95.8 95.4 95 94.3 95 96.1 96.4 94.9 93 89.7 85 78.1 70.4 61.4 52.8 45.3 41.5 44.9 51.1 57.9 63 66.4 69.5 71.3 73.3 75.5 77.7 77.7 75.9
-0.9 -0.9 -0.9 -0.9 -0.9 -0.9 -0.9 -0.9 -0.9 -0.9 -0.9 -0.9 -0.9 26.1 30.7 31.4 31.9 34.3 42.6 50 57.9 64.9 67.7 69 71.2 85.4 100.1 112.8 124.3 134.1 136.3 135.8 134.1 136.3 136.7 138.9 139.6 133 121.7 121.9 121.4 121.4 121.4 123.7 125.9 122.4 121.5 120.7 120.5 114.1 105.4 99.7 98.2 96.7 95.4 94.8 94.2 94.5 95.7 94.1 95.7 95.6 92.8 88.6 82.7 76.2 69.3 60 51.6 44.1 40.1 41.5 50.5 55.8 60.6 64.1 67.2 69.1 70.9 72.1 73.4 73.1 71.7
-0.9 -0.9 -0.9 -0.9 -0.9 -0.9 -0.9 -0.9 -0.9 -0.9 -0.9 -0.9 -0.9 24.8 29.6 31 32.1 36.4 43.5 51.9 59.5 64.5 67.2 69.5 73.7 85.3 102 115.4 124.9 134.2 138.1 139.2 142 142.7 141.5 139.9 139.6 135.9 122.8 121.4 121.4 121.4 121.4 124.8 127.2 123.4 122.7 122 121.6 115.8 105.9 100.7 98.3 96.2 94.9 94.2 93.6 96.3 92.8 91.3 92.4 93.4 90.4 86.2 81.2 74.9 67.3 58.2 49.7 40.3 40.3 42.1 49.2 53.8 58.7 61.7 64.5 67.2 69.4 69.3 69.7 69 66.4
-0.9 -0.9 -0.9 -0.9 -0.9 -0.9 -0.9 -0.9 -0.9 -0.9 -0.9 -0.9 -0.9 17.5 28.1 30 31.3 37.1 43.7 52 57.6 62.9 66.1 68.5 77.9 87.6 102.4 115 125.6 135.7 143.3 143.7 146.4 147.9 144.4 141.4 139.5 133.5 125.2 122 121.4 121.4 121.4 123.9 128 124.5 124 123.5 122.2 117.7 107.5 100.7 98.3 95.8 94.3 93.6 93.6 93.2 89.2 90.1 91.1 90.9 87.5 83.3 81.1 75 66.8 57.6 49.6 40.6 38.6 41.2 46.6 52.4 56.5 59.8 63.1 65.3 64.7 64.4 64.3 62.4 58.1
-0.9 -0.9 -0.9 -0.9 -0.9 -0.9 -0.9 -0.9 -0.9 -0.9 -0.9 -0.9 -0.9 4.4 25.5 28.3 29.4 35.3 42.4 50.3 56.2 61.9 64.9 67.6 77.2 88.6 102.1 114.8 125.7 139.6 148 148.9 150.9 151.4 147 144.4 140.2 132 126.9 123.2 121.4 121.4 121.4 121.4 128.6 125.5 124.8 124.8 124.5 118 108.1 101.2 97.5 95.3 94.8 93.8 92.2 91.2 90.8 89 88.7 88.3 86.5 81.8 80 77.3 69.8 61 52.3 42.8 36.6 38.9 43.5 50 54.9 59.8 61 61.7 60.5 60.2 57.3 54.5 61.8
-0.9 -0.9 -0.9 -0.9 -0.9 -0.9 -0.9 -0.9 -0.9 -0.9 -0.9 -0.9 -0.9 9 17.9 25.3 27.3 32.9 40.6 50.2 55.5 60.1 63.8 65.5 75.1 88.5 102 114 125 140.2 152.3 153.7 153.1 154.6 151.5 150.2 143.5 136.5 127.6 124.3 122.1 121.4 121.4 121.4 126.8 124.7 124.8 127.4 126.1 118.7 108.9 100.8 99.6 98 97 95.5 93.4 90.9 89.1 88.3 87.6 86.7 86.8 85.4 83.9 81.8 73.9 65.2 55.9 45.5 38.4 36.8 40.8 46.5 50.8 54.2 57.2 56.5 52.9 49 53.3 59.1 63.3
-0.9 -0.9 -0.9 -0.9 -0.9 -0.9 -0.9 -0.9 -0.9 -0.9 -0.9 -0.9 -0.9 7.7 14.2 23.2 26.1 32.5 40.8 50.1 54.9 57.9 62 64.8 73.6 87.1 100.1 112.2 124.1 140.4 153.7 156.5 155.6 157 156.1 154.2 147.9 139 131.9 127 123.6 121.5 121.4 121.4 125.9 124 127.4 129 126.2 119.1 109.4 102.3 99.8 101.8 100.5 98.3 95 91.1 89.3 88.2 87.1 87.6 88.3 90 89.8 85.4 79.1 68.6 58.5 48.9 40.2 36.5 38.1 39.7 44.8 47.2 50.4 48.5 43.4 50.8 55.2 60.3 64.3
-0.9 -0.9 -0.9 -0.9 -0.9 -0.9 -0.9 -0.9 -0.9 -0.9 -0.9 -0.9 -0.9 6 11.3 20.9 25.4 30.7 41.4 49 54.5 57.5 60 64.1 70.6 84.6 97.8 109 120.3 140.4 153.6 158.5 156.9 158.4 159.2 156.1 148.7 139.7 133.4 129.5 126.4 123.8 121.4 121.4 122.8 124.9 127.1 129.3 126.3 118.9 110 103 101.1 103.9 103 98.8 95.1 91.5 89.4 87.8 87.2 88.4 89.6 91.7 91.9 86.5 79.5 72.6 63.9 54 43.6 37.6 35.2 38.6 42.1 41.9 42.8 42.6 45.8 51.3 56.1 60.6 65
-0.9 -0.9 -0.9 -0.9 -0.9 -0.9 -0.9 -0.9 -0.9 -0.9 -0.9 -0.9 -0.9 -0.9 9.4 16.2 21.9 29.7 40.1 47 53.3 57.6 58.7 63.4 67.4 80.3 92.9 105.8 119.4 141.9 156.9 160.9 158.1 159.5 158.3 157 147.9 139.8 133.1 129.1 127 125.8 123.2 123.9 122.9 125.1 125.9 128.7 124.9 117.9 109.6 103.4 103.1 102 102.9 99 95 91.1 89.2 87.3 87.3 89.4 91.1 93.5 93.2 87.3 81.4 76.3 70 60.5 49.8 39 33.8 37.5 38.9 37.4 37.7 42.8 48.5 52.4 57.2 61 65.8
-0.9 -0.9 -0.9 -0.9 -0.9 -0.9 -0.9 -0.9 -0.9 -0.9 -0.9 -0.9 -0.9 -0.9 -0.9 12 18.8 28.8 38 44.3 49 53 57.1 60.2 63.5 76.3 88.5 97.3 119.4 140.4 156 162.2 160.1 159.7 158.9 156.5 148.6 141 132.9 127.7 126.7 126.5 125.5 125 125.1 124.6 124.9 125.9 122.7 116.6 108.8 105.2 103.4 102.2 100.1 97.9 95.7 91.4 88.2 85.4 87.6 91.1 94.2 94.4 92 87.8 82.9 77.8 72.2 63.8 52.7 41.3 32.5 36.6 37.4 35.6 39.3 44 48.8 53.3 57.4 60.8 65.5
-0.9 -0.9 -0.9 -0.9 -0.9 -0.9 -0.9 -0.9 -0.9 -0.9 -0.9 -0.9 -0.9 -0.9 -0.9 8.5 15.4 24.5 34.1 39.4 42.4 46.8 51.6 53.1 53.6 70.3 84.1 98.1 115.6 136.3 152.9 161.6 162 160.9 159.9 155.8 148.5 141 131 128.1 126.3 126.4 126.2 124 124.2 124.7 124.1 125.1 121.4 116 109.1 105.5 102.6 101.4 100.3 99.6 96.1 92.3 88.5 84.1 88.1 91.7 95.5 94.7 90.9 86.9 82.1 77.9 73.4 66 56.7 44.3 32.3 35.6 34.7 34.9 38.7 43.5 49.2 53 56.8 59.5 65.1
-0.9 -0.9 -0.9 -0.9 -0.9 -0.9 -0.9 -0.9 -0.9 -0.9 -0.9 -0.9 -0.9 -0.9 -0.9 -0.9 11.4 19.1 27.3 35.5 38.1 40.2 44.3 47.2 50.5 62.5 81.1 94.5 113.1 133.9 149.9 161.7 164 162 159.4 153.9 148.6 141.5 130.7 127.2 126 126.6 126.5 124.1 122.8 123 123.5 122.8 120.8 114 108.7 104.8 102.4 100.8 100.7 99.9 96.4 92.9 89.6 84 88 91 92.7 93.5 90 86 81.5 76.6 72.3 65.6 56.5 45.8 32.8 30.4 31.1 34.2 38.3 43.3 49.7 52.7 55.6 60.2 67
-0.9 -0.9 -0.9 -0.9 -0.9 -0.9 -0.9 -0.9 -0.9 -0.9 -0.9 -0.9 -0.9 -0.9 -0.9 -0.9 -0.9 14.5 21.2 30.7 35.1 37.2 40.4 41.8 44.7 58.5 78.5 95.3 112.2 129.9 145.8 159.4 163.4 161.5 159.1 153.7 147.8 140 132.2 127.9 125.9 126.9 126.4 124.2 122.8 122.3 121.5 120.5 118.7 111.9 107.9 104.5 102.2 100.4 99 97.8 93.7 90.6 87.5 82.2 85.7 89 89.6 90.4 88.4 84.1 79.7 74.8 69.6 63.5 54.2 43.4 32.6 29.2 30.6 34.4 37.8 41 46.6 50.4 53.6 59.8 66.4
-0.9 -0.9 -0.9 -0.9 -0.9 -0.9 -0.9 -0.9 -0.9 -0.9 -0.9 -0.9 -0.9 -0.9 -0.9 -0.9 -0.9 10.9 17.6 25.7 30.5 34.5 36.7 37 43.5 56.5 69.3 88.1 111.3 124.5 140.5 157.6 163.5 161 159.1 153.4 147.2 141.4 133.1 127.3 126.4 127.2 126.5 125.4 123.2 121.7 120.8 120 116.3 111.4 108.6 104.9 101.7 99.7 96.6 91.5 90.3 90.1 84.6 79.9 81.7 85.2 86.5 87.2 84.5 81.3 76.2 71.1 65.9 60.3 49.5 40.1 32.8 29.1 30.6 32.5 35.6 39.4 43 47.5 52.3 60 67
-0.9 -0.9 -0.9 -0.9 -0.9 -0.9 -0.9 -0.9 -0.9 -0.9 -0.9 -0.9 -0.9 -0.9 -0.9 -0.9 -0.9 7.3 15.2 21.4 26.5 30.7 33.7 34.6 42 54.6 66.8 84.2 102.4 118.8 133.2 155.4 162.8 160.2 156.8 150.3 145.6 140.5 131.2 127 124.5 128.9 129 126.4 124.2 122.3 119.9 117.5 115.6 111.6 109.3 106.7 103.6 101 98.7 93.2 90.2 85.9 81 79.5 80 81.6 82.1 82.9 82 77.8 72.4 65.9 59 53.6 46.4 38.6 32.1 29 29 30.5 32 35.5 38.7 43.6 51 59.1 66.5
-0.9 -0.9 -0.9 -0.9 -0.9 -0.9 -0.9 -0.9 -0.9 -0.9 -0.9 -0.9 -0.9 -0.9 -0.9 -0.9 -0.9 5.8 14 18 21.9 27.1 30.5 34.6 38.9 52.2 64.1 77.2 92.6 109.8 129.8 150.6 159.8 159.4 155.5 148.8 143.9 138.3 131.4 127 121.3 126.6 128.2 127.5 125.8 124.9 122.1 120 117.8 114.5 111.3 109 106.6 104.4 100.4 96.2 91.9 87 81 76.5 74.3 75.8 77.2 77.6 76.5 70.5 64.4 57.2 52.8 47.7 40.3 35.9 33.1 29.8 27.6 27.7 28.9 31.1 35.6 41.8 49 58.1 68
-0.9 -0.9 -0.9 -0.9 -0.9 -0.9 -0.9 -0.9 -0.9 -0.9 -0.9 -0.9 -0.9 -0.9 -0.9 -0.9 -0.9 -0.9 11.2 17 21.3 25.1 27.3 31.1 36.4 46.6 60 73.4 88.3 102.4 125 142.1 155.9 155.7 151.9 146.9 141.5 136.3 130.3 125.3 119.5 125.8 128.5 128.7 127.5 127.5 124.5 121.4 119 116.1 113.1 110.8 110.3 106.5 102 98 94.5 90 82.8 77.9 74.1 70.8 71.1 71.2 68.9 65.5 67.8 64.5 62.8 55.8 47.6 40.7 35.2 29.9 27.7 25.8 27.4 29.1 34.5 41.2 50 58.9 68.9
-0.9 -0.9 -0.9 -0.9 -0.9 -0.9 -0.9 -0.9 -0.9 -0.9 -0.9 -0.9 -0.9 -0.9 -0.9 -0.9 -0.9 -0.9 -0.9 13.5 19.3 22.6 24.8 28.9 33.9 41.6 55.1 69.5 84.1 98.8 120 136.9 151.7 151.7 149.1 143.9 138.3 133.4 128.7 123.9 119 123.8 127.3 128 129.1 129.9 126.9 123.9 120.5 117.6 115.3 113.7 111.8 109.4 105.9 100.3 97.1 94.2 87.2 80.7 76.7 73 70.8 69 69.4 69.6 70.5 71.3 67.8 61.7 54.7 44.8 37.8 30.8 26.2 25 26.3 28.5 33.9 42.5 52.1 60.3 70.8
-0.9 -0.9 -0.9 -0.9 -0.9 -0.9 -0.9 -0.9 -0.9 -0.9 -0.9 -0.9 -0.9 -0.9 -0.9 -0.9 -0.9 -0.9 -0.9 9.7 16.4 21.5 24.3 27.5 32.9 38.3 50.7 65.1 79.5 93.1 114.3 134.8 145.6 149 145.6 141.2 136.4 130.7 126 121.1 116.9 120.4 125.3 128.6 130.2 131 129.7 126.7 122.5 119.9 117.6 115.6 114.2 112.3 109.5 105.1 101.6 96.7 91.4 84.7 79.8 74.4 73.4 73.1 73.2 72.8 73.7 74.6 72.1 67.2 61.4 51.4 41.1 32.7 24.8 24.4 26.7 29 34.7 44.6 53.6 61.8 73.9
-0.9 -0.9 -0.9 -0.9 -0.9 -0.9 -0.9 -0.9 -0.9 -0.9 -0.9 -0.9 -0.9 -0.9 -0.9 -0.9 -0.9 -0.9 -0.9 -0.9 16.1 20.9 23.7 26.8 31.7 37.4 45 60.7 74.3 89.5 106.8 128.3 139.6 143.3 141.4 138.1 134.1 130 123.7 119.9 115.1 117.7 121.1 126.4 130 131 130.7 130.1 126.6 122 118.7 117.4 116 115 112.8 109.7 105.4 99.1 92.5 88.1 80 77.8 77 77.1 77.2 77.1 77.5 77.8 77.3 74.3 66.8 57.7 45.5 36.1 26.7 23.3 26.1 29.4 35.6 43.5 53.3 64.4 79
-0.9 -0.9 -0.9 -0.9 -0.9 -0.9 -0.9 -0.9 -0.9 -0.9 -0.9 -0.9 -0.9 -0.9 -0.9 -0.9 -0.9 -0.9 -0.9 -0.9 16.3 20.8 24.1 27.1 30.8 36.8 41 55.6 68.8 80.3 97 115.6 132 138.6 139.1 134.5 129.7 125.1 118.9 114.9 111.4 114.2 118.6 123.1 128.5 131.2 133.8 132.5 129.8 124.6 119.1 119.4 118.7 117.7 115.1 111.9 107.3 101.6 94.9 87.6 81.7 80.1 78.9 79.4 79.1 80.6 79.6 80 81 80 72.2 62.9 49.6 38.2 28.8 22.3 22.6 29.2 35.6 44.7 56.5 68.2 81.8
-0.9 -0.9 -0.9 -0.9 -0.9 -0.9 -0.9 -0.9 -0.9 -0.9 -0.9 -0.9 -0.9 -0.9 -0.9 -0.9 -0.9 -0.9 -0.9 -0.9 14.3 21.2 24.5 26 29.9 34.5 38.1 51.3 62 73.4 90 104.7 124.4 136.7 134.5 130.4 125.8 121.5 115.1 110.5 109.6 110.2 114.6 121.5 125 128.7 132.5 131.7 129.5 123.9 119.4 120.6 120.5 118.9 116 112.7 109.2 103.3 95.4 88.7 84.4 82.8 81.2 79.9 80.5 80.8 81.8 82.6 82.3 82.4 77.8 68 53.6 40.7 31.5 24.9 22.5 28.2 36.6 46.7 59.5 71.9 83.7
-0.9 -0.9 -0.9 -0.9 -0.9 -0.9 -0.9 -0.9 -0.9 -0.9 -0.9 -0.9 -0.9 -0.9 -0.9 -0.9 -0.9 -0.9 -0.9 -0.9 9.8 22.1 25 26.1 28.2 32.6 36 45.3 56.6 68.4 81.8 95.6 118.6 132.8 130.5 127.2 122.2 116.6 109.8 105.4 106.1 108.6 112.4 118.5 123.1 128.2 131.1 131 129.1 123.8 119 119 120.4 119 115.8 112.8 109.6 103.6 97.3 89.4 86.9 84 82.6 81.4 80.9 81.4 82.9 84.9 86 83.7 79.9 70.1 56.9 42 33.2 23.4 23.2 29.4 37.4 48.6 61.7 73.6 86
-0.9 -0.9 -0.9 -0.9 -0.9 -0.9 -0.9 -0.9 -0.9 -0.9 -0.9 -0.9 -0.9 -0.9 -0.9 -0.9 -0.9 -0.9 -0.9 -0.9 -0.9 17.4 25.4 26.9 29.1 31.5 33.2 38.3 51.5 63.2 74.1 89.5 113.1 128.4 127.8 122.8 116.1 111.5 106 99.2 101.3 105 109.1 114.8 121 126.7 130.8 130.3 128.5 122.4 119.2 119.6 119.3 116.3 114.3 111.6 107.9 103.3 97.5 89.3 86.7 84.6 83.8 82.5 81.4 82.1 84.3 88.5 88.6 86 79.5 71.5 57.8 43.2 33.6 24.1 24 29.3 37.6 46.7 59.5 71.7 88.8
-0.9 -0.9 -0.9 -0.9 -0.9 -0.9 -0.9 -0.9 -0.9 -0.9 -0.9 -0.9 -0.9 -0.9 -0.9 -0.9 -0.9 -0.9 -0.9 -0.9 7.9 17.2 23.3 26.4 28.6 30.3 34.1 36.2 46.6 57.4 67.3 88.1 106.9 119.4 124 116.9 109.8 105.6 100.8 99 99.2 102.5 105.8 110 115.4 122.1 129.7 129.5 126.8 122 119.8 118.7 117 113.8 111.5 110.7 106.4 101.9 95.8 90.4 86.5 84.3 83.4 82.6 81.7 82.6 84.6 89.3 89 85.9 79.3 71 58 44.2 34.1 24.9 23.1 28.1 36.3 44.7 57.1 70.8 89.4
-0.9 -0.9 -0.9 -0.9 -0.9 -0.9 -0.9 -0.9 -0.9 -0.9 -0.9 -0.9 -0.9 -0.9 -0.9 -0.9 -0.9 -0.9 -0.9 -0.9 7.2 14 19.4 24.6 25.8 27.2 33.3 36.5 41.9 54.6 66 85.2 101.3 117.6 119.4 111.7 106.1 101.5 99.4 97.8 98.3 100.5 103.1 106.4 111 118.4 125.4 126.5 123.7 121.1 119 116.8 114.3 110.9 109.3 106.6 105.2 99.2 92.4 87.8 85.8 83.8 82.9 82 81.6 82.9 85.1 90 90.1 86.2 78.3 69 56.5 45 35.1 25.5 21.7 26.1 33 42.5 55.2 70.2 90
-0.9 -0.9 -0.9 -0.9 -0.9 -0.9 -0.9 -0.9 -0.9 -0.9 -0.9 -0.9 -0.9 -0.9 -0.9 -0.9 -0.9 -0.9 -0.9 -0.9 -0.9 8.5 18.7 23.3 24 25.5 32.2 38.2 42.2 51.9 68.5 81.9 97.9 111.8 114.7 105.5 102.3 97.5 96.5 95.3 96.2 98.2 101.2 105.2 109.2 114.6 120.9 124.1 121.9 121 118.8 116.6 114.1 111.4 107.3 102.3 99.2 93 88.1 85.3 83.7 82.4 81.5 80.9 81.6 82.7 87.3 89.8 90.6 85.6 77 66.3 55.8 44.4 36.7 25.7 17.5 20.8 28.9 38.5 52.8 67.4 83.6
-0.9 -0.9 -0.9 -0.9 -0.9 -0.9 -0.9 -0.9 -0.9 -0.9 -0.9 -0.9 -0.9 -0.9 -0.9 -0.9 -0.9 -0.9 -0.9 -0.9 -0.9 7.3 11.5 18.3 21.7 24 31.2 36.4 43.1 51.1 65.1 83.1 98 108.8 112.9 102.5 97.3 93.4 92.5 93.1 94.4 98.1 101.7 104.9 107.7 110.6 116.7 122.4 121.5 120.7 118.7 116.8 114 111.4 106.4 99.9 92.3 88 85.7 83.9 85.3 82.9 79.2 79.8 80 83 87 90.4 87.1 82.6 72.4 63.3 54.3 45.4 36.8 28.2 20.6 18.1 23.9 34.8 47.9 62.1 76.3
-0.9 -0.9 -0.9 -0.9 -0.9 -0.9 -0.9 -0.9 -0.9 -0.9 -0.9 -0.9 -0.9 -0.9 -0.9 -0.9 -0.9 -0.9 -0.9 -0.9 -0.9 8.8 11.2 14.9 18.4 22.6 32.1 34.3 41.6 49.6 60.8 77.8 95.1 106.4 107.8 100 92.5 89.3 88.3 89.6 92.1 96.1 99.8 103.2 106.6 109.6 114.3 120.3 121.4 119.7 119 117.3 114.4 111.6 105.4 98.3 88.8 86.6 84.8 83.4 82.5 80.5 78.5 77.6 79.4 81.8 85.9 87.3 84.3 79 70.3 63.1 55.8 47.7 38.5 29.8 25.8 17.9 22.2 29.8 41.5 56.7 70.7
-0.9 -0.9 -0.9 -0.9 -0.9 -0.9 -0.9 -0.9 -0.9 -0.9 -0.9 -0.9 -0.9 -0.9 -0.9 -0.9 -0.9 -0.9 -0.9 -0.9 -0.9 -0.9 9.8 14 17.1 20.9 29.1 32.9 38.3 49.5 57 70 86 100 105.5 98.3 89.1 86.1 85.1 87.2 90.7 94.7 98.7 102.1 105.5 109.1 113.7 119 121.6 120.5 119.2 117.4 114.5 111.6 104.2 96.2 89.1 85.1 83.5 81.8 78 75.5 74.2 74.3 76.4 80.1 84.1 84.1 81.1 77.6 70 63.9 57.7 50 41.1 32.5 24.3 17.7 20.7 25.7 36.7 50.8 66.6
-0.9 -0.9 -0.9 -0.9 -0.9 -0.9 -0.9 -0.9 -0.9 -0.9 -0.9 -0.9 -0.9 -0.9 -0.9 -0.9 -0.9 -0.9 -0.9 -0.9 -0.9 -0.9 -0.9 10 16.5 19.8 24 28.5 31.8 45 55.6 65.1 76.9 91.2 100.5 95.9 85.8 83 82.3 84.4 88.4 93.7 97.6 101 104.4 107.8 112.7 119.5 122.4 120.3 119.3 116.9 113.7 110.5 103.7 96.6 89.8 84.7 81.4 79.1 74.6 70.7 69.6 70.4 73.6 78 81.3 78.8 77.1 72.5 68.3 64.7 60 52.8 43.3 35.8 28.5 17.8 19.8 24.2 32.2 44.3 61.8
-0.9 -0.9 -0.9 -0.9 -0.9 -0.9 -0.9 -0.9 -0.9 -0.9 -0.9 -0.9 -0.9 -0.9 -0.9 -0.9 -0.9 -0.9 -0.9 -0.9 -0.9 -0.9 -0.9 8.9 13.2 17.5 20.9 25.8 29.1 39.3 53 61 71.3 84.6 93.6 90.6 82.8 80.4 80.1 83.1 87.7 92.5 96.4 99.9 102.1 105.3 111.9 118.7 122 119.6 116.4 113.7 111.4 109 102.2 95.3 87.8 83.9 80.8 77.8 74.2 70.2 68.7 68.9 70.6 74.8 76.2 72.8 71 70.3 67.8 66.1 62.5 56 46.9 38.6 31.1 19.3 18.8 22.2 27.2 37.2 54.2
-0.9 -0.9 -0.9 -0.9 -0.9 -0.9 -0.9 -0.9 -0.9 -0.9 -0.9 -0.9 -0.9 -0.9 -0.9 -0.9 -0.9 -0.9 -0.9 -0.9 -0.9 -0.9 -0.9 8.9 13.8 17.2 20.4 23.3 28.4 33.6 44.3 54.9 65 76.8 88.1 87.3 80.4 77.3 78.7 81.4 86.2 90.6 95.3 99.6 100.7 104.1 111 117.5 120.4 117.6 114.1 110.3 110.5 107.9 101.6 93.4 87.1 83.6 81.3 79.1 74.4 69.5 68.2 68.5 69.2 69.7 70 69.3 69.4 69.1 68.7 67.3 64.1 61.3 51.9 41.9 33.8 24.3 17.9 19 24.2 32.1 46.1
-0.9 -0.9 -0.9 -0.9 -0.9 -0.9 -0.9 -0.9 -0.9 -0.9 -0.9 -0.9 -0.9 -0.9 -0.9 -0.9 -0.9 -0.9 -0.9 -0.9 -0.9 -0.9 5.6 9.3 13.5 17 19.8 21.9 27.7 33.1 41.6 51.4 62 71.1 81 85.1 79.8 76.9 79.5 82.3 86.2 90.8 96.1 99.7 100.7 102.4 108.5 115.7 119 115.8 111.4 109.2 110.4 105.3 99.7 90.8 86 82.7 80.4 81 74.3 68.7 67.7 67.1 67.3 68 69.1 69 69.2 69.1 69.1 68.1 67.9 64.5 58.6 47.8 37.6 29.9 19 17.5 21.1 27.3 39.6
-0.9 -0.9 -0.9 -0.9 -0.9 -0.9 -0.9 -0.9 -0.9 -0.9 -0.9 1 13.6 19.9 21.4 20.8 -0.9 -0.9 -0.9 -0.9 -0.9 -0.9 7.8 12.9 14.6 16.5 18.3 21.7 26.9 32.7 39.9 49.3 58.8 67.8 76.3 83.5 80.3 75.9 79 82.1 87.5 91.1 95.2 98.2 100.7 100.7 106.5 113.2 118.4 115.4 109.1 104.8 105 103.2 97.7 89.7 84.9 80.6 79.7 80.7 73.4 67.4 65.7 64.8 65 65.7 68.4 69.2 69 70 69.9 70.1 70.1 69.2 63.3 54.2 44 35.1 25.1 17.8 17.5 23.7 30.9
-0.9 -0.9 -0.9 -0.9 -0.9 -0.9 -0.9 -0.9 -0.9 -0.9 -0.9 7.2 16.2 21.3 24.7 24.9 -0.9 -0.9 -0.9 -0.9 -0.9 -0.9 3.7 13.5 14.1 16.4 17.7 20.5 24.5 31.3 41.3 48.1 58.5 66.1 75.1 84.3 81.4 74.8 76.7 80.2 85.4 90.2 94 97.7 100.2 100.7 103.6 110.3 114.3 116.1 108.4 103.4 101.8 99.4 94 87.7 83.4 79.5 79.2 76.1 70.1 66.6 63.8 62.7 62.6 64.4 67.1 69.7 70.9 70.9 70.5 71.1 72.3 72.7 68.1 61.9 51.1 40.2 30.3 19.2 18.4 18.6 24.2
-0.9 -0.9 -0.9 -0.9 -0.9 -0.9 -0.9 -0.9 -0.9 -0.9 -0.9 13.6 20.3 25.2 26.6 27.4 22.6 14.2 -0.9 -0.9 -0.9 -0.9 5.3 9.8 13.7 15.4 16.9 21 26 31.6 41.2 50.6 59.7 67.3 73.9 84.2 83.1 74.6 75.4 78.1 83.4 89.2 92.9 96.6 99.8 100.7 100.9 105.3 108.8 112.5 106.8 100.5 99.1 95.4 91 87 83 79 75.8 71.8 67.9 65.6 62.8 61.4 61 62.8 65.5 68.6 70.3 70.8 71.5 73.2 74.5 75.6 73.3 68.8 60.2 48 35.6 26.5 18.6 17.9 20.7
