data/440000-1170000.asc
ncols 200
nrows 200
xllcorner 440000
yllcorner 1170000
cellsize 50
[rows 129 to 171 of 200, columns 0 to 94 of 200]
5.4 5.2 5 0.7 -1 -1 -1 -1 -1 -1 -1 -1 -1 -1 -1 -0.5 0.7 3.3 3.3 3.1 2.8 2.5 3.3 4.2 5.7 7.5 7.1 8.3 8.5 8.8 9.2 10.2 10.5 11 12.4 14.5 14.4 18.4 22 24.4 26.4 27.1 28.1 28.4 31.8 35.1 39.5 42.9 44.3 45.2 45.3 48.8 51.1 51.1 51.1 51 50.9 50.3 48.1 44.7 41.7 39.3 35 32.4 30.5 31.5 34.7 37.3 37.5 37.1 34.8 34.1 32.4 30 28.6 27.3 26.4 24.3 24.3 25.8 24.8 23.1 26.9 30.7 29.3 28.5 28.2 27 27.9 28 30.1 36.4 40.9 46.1 52.8
5.5 5.6 5.2 4.6 -1 -1 -1 -1 -1 -1 -1 -1 -0.5 -0.1 -0.3 -1 3.2 4.1 4.1 3.5 3.6 4.2 4.6 4.9 5.6 6.3 7.3 8.2 8.8 9.3 9.5 9.8 9.3 10 10.7 11.4 12.9 15.6 19.5 22.6 23.6 23.8 25.7 26.4 28.6 30.3 37.1 41.5 42.5 44.7 45.7 48.2 51.1 51.1 50.8 49.4 47.7 47.5 45.2 43 41.3 39.3 38 33.7 34.5 34.8 37.5 39.1 40.2 40.4 40 39 37.2 35.9 34.6 33.2 33.4 32 32.8 34.1 35.9 35 36 36.2 34.5 34 33.6 35 36 37.8 40.6 45.6 51.7 57.6 62.7
5.5 6.1 5.9 5.5 5.4 1.7 -1 -1 -1 -1 -1 -0.1 0.3 0.6 0.9 -1 2.1 3.3 5.1 4.9 4.1 4.3 5.4 5.5 6.7 7.2 7.8 8.5 9.2 9.8 10 10.6 11.1 10.5 10.6 10.5 11.7 13.4 17.2 18.7 19.4 21.7 21.9 22.9 26.3 30.9 33.1 38.6 40.7 43.2 45.5 47.8 48.6 49.3 48.8 47.7 45.6 43.8 42.1 42.2 40.8 39.5 35.7 39.1 37.9 38.5 41.6 43.9 44.9 44.9 44.2 44.2 43.5 42.1 40.8 40 39.5 39.4 41.3 42.4 43.8 43.5 43.8 42.9 40.3 39.3 40.5 43.1 46.1 49.1 49.7 53.9 59.6 65.2 69.8
5.8 6.7 8.8 6.6 5.7 4.8 7.4 0.5 -0.2 0 0.4 0.8 3.3 3.5 3.1 2.3 1.8 3.1 5.6 5.1 4.2 4.2 6.7 7.7 7 7.7 8.5 9.1 9.6 10.2 10.8 11.1 11.2 11.6 11.2 11.4 12.7 13.1 14.7 17.3 19 18.6 20 20.8 23.5 27.9 32.4 35.8 36.5 41.7 44.1 44.8 45.3 46.3 46.4 45.1 43.4 41.8 41.8 41.8 39.6 39.1 40.5 41.4 41.4 42.9 45 47.5 49.5 50 50.1 49.7 49.3 48.7 46.7 44.9 45.1 46.4 47.6 49 50.7 50.9 51.5 51 49.2 47.6 50.7 53 54.9 56.5 57.7 61.3 65.5 70.9 76.1
6.1 7.1 10.1 6.5 6.3 6.2 7.6 7.3 0.8 1.1 4.1 4.7 5.3 4.8 3.9 3.8 3.8 4.3 5.3 6.4 6 4.9 5.8 8.7 7.7 8 8.5 9.3 9.8 10.3 10.5 11.5 12.3 12.6 13 13.3 16.2 17.6 15 14.9 15.5 15.8 19.1 19.7 22 25.8 28.9 32.5 36 37.9 38.1 41.8 42.4 43.1 43.7 43.6 42.1 42.5 40.6 40.2 41.6 41.2 42.6 43.1 44.7 47.1 49.2 51 53.5 55.4 55.9 56.1 55.6 54.7 52.7 52.2 52.8 54.3 55.9 57.6 59 60.1 59.6 58.8 58.7 60.7 61.5 62.9 63.5 64.3 65.5 67.7 71.4 76.4 82.3
6.1 8.4 9 8.2 7.2 6.5 7.7 6.8 5.9 4.7 5.2 5.3 6.2 7.1 5.7 5.5 5.5 6.1 6.5 7.6 7.6 6.5 4.6 7.3 9.4 8.9 9.4 9.8 10.1 10.5 10.4 11.9 13.2 13.6 13.8 16 18.3 17.6 16.2 16.3 16.8 18.3 17.6 19 20.4 22.5 25.4 28.3 31.1 33.9 37.2 40.1 40.4 39.7 40.1 39.9 40.8 41.7 42.4 42.9 43.2 42.4 43.7 45.1 47.6 50.7 53.3 56 58.4 60 60.8 61.4 59.9 59.1 58.9 59.2 60.4 61.6 63.5 64.6 65.4 67.9 70.1 70.6 71.6 70.8 70.9 70.8 71.4 72.8 71.6 74.1 77.9 83.4 88.5
6.2 6.4 8.8 9.1 9.6 9.2 8.9 8.7 7.3 5.9 6.1 6.9 6.9 7.7 6.6 6.2 6.4 5.5 7.6 8.1 9.2 9.1 7.8 7.4 9.6 9.1 9.3 9.8 10.6 11.3 11.1 12.4 13.7 15.4 15.5 18.9 18.8 18.2 16.6 16.9 18 20.3 18.8 17.9 18.7 20.6 22.2 24.8 26.8 29.1 32.1 35.8 36 36.7 37.5 37.8 39.6 41.1 42.5 43.1 43.8 43.7 45.1 46.7 50.1 53.5 56.5 59.2 61.4 63.3 65.4 65.2 65.2 63.8 63.3 64.2 66 67.3 70 72.3 73.9 76.7 78.9 80.8 82.7 81.4 81.8 82.1 82.4 82.4 79.8 79.3 83.9 88.5 93.7
6.6 9.7 8.6 11.7 10.5 10 10.4 11.1 9.6 7.9 8.2 8.9 8.7 8.3 7.3 7.3 8 7.3 8.7 9 9.7 10.8 8.8 7.6 9.4 9.9 9.8 10.2 11.1 11.8 12.3 13.1 14.3 15.5 16.5 19.8 18.9 18.5 17.6 16.9 22.3 21.3 19.7 18.6 18.4 20.3 21.2 21.8 23.4 25.6 28.2 30.3 31 31.6 32.9 34.6 36.3 38.7 40.3 43 43.9 45.5 46.7 48.8 52 56.2 59.8 61.7 64.7 66.9 69.3 70 69.6 68.4 67.4 69.1 71.8 75.5 79.7 82 84.2 86.4 87.7 89.4 92.4 92 93 92.1 90.2 88.9 86 82.9 87.4 92.8 97.9
7.6 8.5 10.2 10.7 10.5 9.7 10.1 10.8 10.7 9.9 9.4 9.4 10.1 9.5 8.9 9.5 10.4 10 9 9.9 11 11.6 10.3 7.2 8 10.6 10.2 11.8 11.8 12.3 13.5 15 16.2 16.6 17.3 21.2 19.5 19 18.7 20.5 23.4 22.3 19.8 19.4 19.1 19.3 20.1 21.3 22 23.7 24.4 27.5 28.4 28.5 29.3 31.1 35.4 38.3 40.5 41.8 43.9 46.6 49 50.8 54.6 59.3 62.3 64.1 67.3 70.6 72.4 73.1 74.2 74.7 75 77.9 81.8 84.5 88 90.6 91.8 93.3 96 98.3 100.8 101.6 100.8 97.6 94.5 92.8 90.9 88.8 92.7 98.9 102.6
9.2 10.2 11.4 11.2 11.3 12.4 12.1 12.7 12.8 12.7 11.8 11.3 11.8 12.9 12.1 12.6 13.3 12.7 12 11.9 12.3 12.4 12.2 11.3 10.8 10.4 11.9 11.8 12.1 13.4 14.1 15.1 16.4 16.8 17.8 22.4 19.8 19.2 19.6 21.3 24.5 22.2 20.7 19.9 20.5 21.9 24.4 25.4 23 23.4 24.5 24.8 25.7 27.1 28.5 30.3 31.9 38.3 39.7 41.2 44.5 48.3 49.7 54 58.5 62.8 65.4 67.4 69.9 72.7 76.2 80.3 80.3 80.9 83.5 85.7 88.1 91.1 94.1 98.3 98.1 100.6 102.9 104.5 106 106.1 105.1 102.6 99.6 97.7 97 94.9 93.9 100.8 104.3
10.6 11.6 12.6 13.1 14.3 14.7 15 15.3 16.1 15.7 15.3 15.6 15.9 16.2 15.9 16.4 16.8 15.9 15.2 14.3 14 14.3 14.2 13.4 12.6 11.1 12.9 11.5 12.1 13.5 12.9 15.3 17.2 17.9 19.4 21.9 20.5 19.4 19.3 21.6 23.3 24.3 24.3 23.9 23.6 26.6 27.4 25.1 24.2 24.8 25.5 26.2 27 27.8 28.9 30.4 35.2 36.9 36.6 42.6 47.5 49.1 50.9 58 63.2 68.1 70.2 71.1 71.7 76.6 79.8 81.9 84.1 87.1 89.4 91.7 94.3 96.9 99.5 102.5 103.5 105.6 107.7 110.1 110.9 109.2 107.7 106 104.1 102.2 100.6 99.1 97.7 100.7 100.7
12 13.3 14.4 15.4 17.2 18.6 19.3 19.4 19.8 20.8 21.8 22.6 22.9 22.3 21.1 20.5 20.8 19.7 18.6 17 15.8 15.8 16.1 15.8 15.1 14.4 14.4 14.5 12.3 16.2 18.5 18.4 15.3 19.6 20.9 22 21.5 20.1 21.1 22.9 24.4 25.9 27.4 27 27.6 29.6 30.4 29.4 27.6 27.9 29.2 30.7 29.2 30.3 32.8 36.4 39.8 40.8 42.1 46.2 49.1 50.9 55.6 62.2 66.6 71.4 73 73.1 73.2 79.2 82 85.4 87.6 89.6 92.2 94.9 97.4 100.5 103.6 106.6 108.2 110.2 112.4 114.7 114.2 113.1 112.6 110.9 109.8 108.8 105.3 105.6 100 98.7 99
12.4 14.3 15.9 17.2 21.3 22.6 24.5 26.1 27.1 28.4 28.8 29.5 29.2 27.8 26.8 25.3 24.6 24.5 23 21 19 17.3 17.1 17.1 16.6 17 16.2 16.2 17.4 18.2 20.5 20.6 17.7 19.2 21.4 23.3 23 22.4 23.5 24.3 25.3 27.3 29.2 30.4 31.9 33.8 34.1 34.4 33.5 36.1 37.6 38 36 37.6 41.9 45.3 46.6 47 46.9 49.1 52 55 58.6 66 70.3 74.4 76.5 77.5 78.1 80.4 84 88.3 89.4 92.6 95.2 98.3 103.3 106.1 108.5 110.8 113.5 116.5 118 119.7 119.3 119.3 117.6 115.4 114.3 113.1 108.9 105.9 101.7 99.5 98.3
13.2 14.5 16.4 21 23.9 29 31.9 35.7 37.1 38.8 39.2 38.8 37.4 35.6 33.3 31.3 29.9 29.4 27.4 25.4 23.9 22.5 19.7 19.9 18.2 19.4 19.9 22.1 21.4 22 24.3 23.9 21.1 19.8 22.4 24.1 25.3 25.6 27.4 28.9 29.9 29.4 32.1 36 37.4 38.8 41.2 41.6 42.6 44.1 45.3 46.9 45.7 46.9 51.1 52.9 53.3 52.3 51.5 51.1 54.5 57.4 61.6 69.8 74.6 78.8 81 82.6 84.1 85.4 88 92.1 94.7 97.3 100 103.2 108.3 113.5 115.9 118.8 120.9 122.9 123.5 124.9 124.2 122.8 121 119.1 118.4 114.7 108 105.3 102.3 100.6 97.9
14.1 15 16.6 20.2 25.8 32.5 38.4 43.7 46.4 48.4 50.1 49.7 48.1 45.3 43.2 39.8 36.9 35 33.6 32.1 30.7 28.4 25.4 22.7 20.8 20.3 24.5 26.7 27.3 27.1 26.8 26.5 24.3 21.9 23.4 25.5 27.9 29.3 31.1 32.9 33.7 35.2 38.1 42.6 44.9 47.4 49.4 51.4 51.9 52.3 51.1 51 52.6 53.7 57.4 58.8 59.3 57 54.6 52.6 56.2 60.3 64.7 72.4 76.9 81.9 86.4 88.4 89.3 90 92.3 96.3 99.9 102.7 106.3 111.3 116.5 120.2 122.3 124.4 126.8 128 129.2 129.7 128.6 125.4 121.8 118.7 114.4 109.9 105.6 103.2 100.5 96.8 89.1
14.9 16 17.2 21.4 27.8 34.5 41.5 47.7 52.7 57.4 59.7 60 57.6 54.8 52.4 49.9 46.2 44.2 41 38.8 37.3 34.3 31.2 27.8 26.1 25.9 30 32.9 34.6 32.3 32.6 30 29.6 25.5 23.9 27.9 31 33.6 36.7 39 40.4 42.6 45.1 49.1 52.5 57.2 60.1 60.8 60.1 59.2 59.1 57.9 59.2 60.8 61 63.3 63.5 60.3 57.1 57.3 59.5 64.4 70 75.8 80.5 85.3 90.1 92.3 93.6 94.5 96.6 100.5 105.1 109.5 113.2 118.2 123.1 125 127.4 129.2 131.2 132.4 133.3 132.7 129.7 123.6 119.3 115.9 111 107.4 104.3 97.8 93.2 84.9 76.1
16.4 17.4 18.7 21.8 27.7 35.3 42.2 49.7 57.2 62.7 65.6 67.8 65.7 62.6 59.7 57.8 55.2 53.2 50.1 46.5 43.6 41 38.2 36.3 33.7 28.9 33.3 36.8 38.3 38.2 37.7 39.1 34.4 29.4 21.3 30.9 34.9 38.7 43 46.1 47.7 50.7 53.3 55.8 59.4 66.6 70.1 68.3 66.9 66 65.1 61.6 65.6 66.6 65.6 64.5 64.2 62.6 60.7 61.7 65.7 69.7 74.8 80.2 84.3 89 93.4 96.2 97.8 99.5 102.2 107.3 111 115.9 119.1 123.7 127.7 130.6 133.2 134.4 135.6 136.3 134.8 129.9 124.9 117.2 114.3 110.9 106.7 101.2 95.9 89.2 82.1 72.7 63.2
17.2 18.8 21.1 23.8 27.9 35.1 42.9 50.9 59.8 66.2 71 74 71.2 68.7 67 64.7 61.6 59.3 55.8 52.8 49.7 47 44.4 42.1 38.9 34.7 36.4 39.8 41.9 45.1 40.2 40.6 38.9 31.4 25.7 34.4 38 43 48.3 53 55.7 59.5 60.8 62.7 64.9 69.6 77.7 75.5 73.3 72.5 71.1 69.2 70.1 71.3 69.7 68.5 67.4 67.2 66.3 67.7 70.9 75.5 80.3 84.8 88.2 92.9 96.8 99.7 103 105.8 109.7 113.3 117.9 121.3 124.9 128.2 131.4 135.4 137.4 139.2 138 136.6 132 125.9 119.3 113.1 108.8 104.4 97.5 92.4 83.7 78.3 70.7 60.9 50.1
19.5 21.5 23.9 26.8 29.4 33.4 43.3 50.5 58.9 65.9 72 77.7 78.3 75.6 72.4 70.1 68.1 64.9 60.9 58 55.2 52.4 50 46.6 42.2 40.6 40.9 43.6 45.7 46.3 42.1 40.5 34.1 27.6 28.6 38.7 40.2 47 52.5 57.8 64 68 68.7 69.3 70.9 72.6 77.1 78.5 76.8 75.6 74.3 72.9 74.1 75.2 73.2 72.1 71.9 71.7 73.4 72.6 77.1 81.7 86.4 89.6 92.7 97.5 101.3 105.2 109.1 112.3 115.3 119.1 123.6 127.9 129.9 132.1 134.8 137.8 139.9 138.9 136.8 132.2 128.5 121.5 116.4 109.5 102.9 95.7 88.7 80.4 71.7 63.9 56.2 46.7 36.9
21.1 23.8 26.5 29.7 32.9 35.1 42.1 49.9 57 63.6 70.8 76.1 78.8 81.5 78.7 74.4 72.5 69.8 66 62.8 60.4 57.8 54.7 51 47.1 44.5 39.3 46.1 50.5 48.3 38.7 30.1 32.3 39.8 41 41.8 45.8 50.6 55.9 61.5 70.4 73.2 75.2 76 77.1 77.4 79.9 81.1 78.4 76.6 74.9 75.1 77.5 78 77 78.1 79.2 79.9 79.9 79.2 81.7 86 91.7 95.1 98.5 102.7 105.4 109.3 113.1 116.7 120.3 125.3 129.4 132.4 135.1 137.6 138.9 139.5 138.4 136.2 132 127.5 123 116.4 109 100.9 93.8 83.6 74.8 67.9 59.1 48.8 39.5 32.9 25.2
23.2 26.4 29.1 32.5 36.5 40 40.3 46.1 54.8 60.7 65.8 71.4 75.9 79.9 80.9 80.1 77.7 74.6 70.9 67.5 64 60.8 59.3 55.8 51 48.3 43.4 45.3 47 37 30.1 41.4 42.6 43.9 45.4 46.6 49.6 53.5 59.5 66.1 73.1 76.9 80 82.1 82.3 82.5 82.4 82.4 79.9 78.8 77.5 78.8 80.7 80.9 81.7 83.2 84.3 84.7 84.9 81.7 85.6 91.4 97.2 101.6 105.3 107.5 109.8 113.3 116.9 120.6 124.2 129.5 133.4 136.6 139.1 139.6 139.3 137.7 135.4 132.4 127.7 123.1 117.8 109.2 98.8 90.3 79.5 69.3 59.7 50.2 42.2 36 29.1 21.7 14.5
25.3 27.5 30.6 35.4 39.4 42.7 46.1 49.6 53.4 58.4 60.8 65.1 70.6 75.7 79.3 80.5 81.6 79.5 76.3 71.4 66.5 61.9 60.3 58.6 55.3 51.3 45.6 42.2 36.1 36.5 41.1 44.8 47.3 49.4 51 51 55.2 57.8 62.3 69.7 76.4 80.3 83.7 86.3 87.4 87.4 86.1 84.3 82.3 80.5 79.7 82.2 84 85.1 86.7 88.2 89.3 89.6 90 90.3 90.2 95.5 101 107.4 110.5 111.8 113.6 115.9 120 124.2 128.2 131.3 136.4 139.6 140.2 140 137.5 133.8 130.7 126.6 122.8 116.6 107.4 97.1 88.2 77 65.6 55.4 46.1 36.3 30.1 26.4 19 14.2 6.5
28.6 30.8 33.8 38.5 42.5 46.1 49.6 54.6 57.4 58.7 60.3 59 64 70 75.8 78.5 80.7 83.6 81 74.2 68.3 64.4 60.8 57.3 52.3 49.1 43.3 38.2 32.3 42.8 45.9 48.4 53.5 56.7 58.3 59.2 61.7 62.5 67.4 72.7 79.6 83.6 87 90.2 91.7 91.8 90.4 88.7 85.7 83.5 83.7 85.9 88 90.4 92 93.1 94 94.9 95.5 93.8 94.9 97.9 103.6 109.1 112.9 115.1 116.9 118.7 121.5 127.2 130.6 133.4 138.4 140.1 141 138 134.7 129.9 125.3 120 115.1 106.4 94 85.4 73.6 63.6 52.5 42.6 34.6 26.6 19.9 14.5 10.1 -1 -1
31.7 33.8 36.8 41.8 45.6 49.4 53.1 57.8 61.4 62.1 62.8 63.1 64.6 66.5 71.6 76.9 80.8 83.4 79.9 73.6 68.3 64.4 60.6 56.1 49 42 36.9 42 38.6 47.8 51 55.3 59.7 63.3 66.9 67.5 70.5 70.2 74.9 79.8 85.9 89.8 92.4 94.4 95.2 95 94.4 93.3 90.7 88.1 86.7 90.2 92.5 95.2 97.6 97.7 98.4 99.2 100.6 98.5 98.5 102 107.2 112.7 116.4 118.3 120.2 122.4 124.9 129.2 131.3 134.6 137.6 139.7 137.8 134.9 130.2 124.6 119.2 113.6 105.3 93.3 84.7 73.1 62.3 51.6 41.3 33.8 26.1 16.8 10.7 6.6 -1 -1 -1
34.7 36.8 39.6 44.4 48.3 52.2 56 59.6 62.8 66.5 67.5 67.6 68.4 68.3 71.3 76.3 79.5 82.7 79 74.1 68.8 62.8 59.7 50.1 39.4 37.1 37.7 46 49.2 52.3 56.9 62.4 67.3 72.3 77.4 80.4 81.7 80.8 82.6 86.9 91.9 95.3 97.2 98.8 98.9 99 98.2 96.6 94.6 92.5 88.9 93.5 97.7 100.7 101.9 102.5 102.5 103.2 103.7 104.1 104.7 107.1 111.5 116.3 119.7 122.1 124.4 126.4 128.2 130.1 131.8 133.7 136 134.7 132.5 128.5 123.8 117.5 110.6 103.5 93.1 83.1 71.3 60.2 49.5 38.3 30.1 23.4 18.4 11.2 4.9 -1 -1 -1 -1
37.2 39.4 42 46.4 50.9 54.8 58.4 62.6 66 69.1 72 71.6 71.8 71.5 72.9 76.9 79.1 83.8 80.5 75.5 69 63.4 52.6 45.7 43.7 46.2 48.5 45.5 53.5 57.7 62 68.5 75 81.8 86.7 90.7 91.6 91.3 92.7 94.5 98.3 100.6 102.1 102.8 103 103.1 102.1 100.1 98 96.1 91.9 96.8 100.7 103.7 106.3 107.5 108.5 109.2 109 109.2 111.8 113.9 117.6 120.2 122.5 125.6 127.9 129 129.8 130.9 131.8 132.2 130.9 129.6 125.4 120.8 115.9 109.4 99.8 92.9 80.3 69.1 58.2 47.5 36.3 25.5 18.3 13 8.7 -1 -1 -1 -1 -1 -1
39.7 42.1 45 48.6 53.5 57.3 60.9 65 69.2 72.3 75 75.9 74.6 76.3 77.3 78.6 79.3 83.8 82 75.9 68.1 58.7 47.8 44.5 47.5 50.1 52.2 49.5 57.3 63.8 71 77.8 84.2 91.4 96.5 99.5 100.8 101.4 101.5 103.8 105.7 107.2 108.1 107.9 107.1 107.2 105.9 103.9 100.7 99.2 95 97.6 100.8 105.4 109.7 112.5 114.4 115.6 116.1 115.7 118.3 120.4 122.6 124.7 127.2 129.3 131 131 129.9 129.4 127.9 128.3 126.2 122.8 115.9 110 105.1 98.8 89.9 78 66.1 57.4 46.2 35.4 26.4 18.1 10.3 4.2 0.5 -1 -1 -1 -1 -1 -1
43.4 46.4 49.8 52.3 56 59.2 63.3 67.4 71.6 75.5 78.1 79.9 79.5 79.5 80.8 80.4 80.5 83.2 82.1 75.3 66.7 52.7 48.3 47.6 54.6 57.1 58.8 59.7 61.6 69.5 77.5 86.7 95 102.8 106.4 109 108.9 110.1 110.6 111.9 113.1 113.3 114.2 114.5 113 111.5 110.8 107.4 103.4 101.7 98.2 100.4 104.5 109.1 114 116.8 120 120.3 122.3 123.1 124.5 125.3 126.9 129.2 131.2 133 132.3 131.3 130 127.5 125.7 122.2 118.7 115.4 109.8 102 94.3 87.2 76.4 64.8 52.8 43.3 37.4 27 17.7 10.3 -1 -1 -1 -1 1.1 -1 -1 -1 -1
48.6 52.2 56.3 59.5 61.1 62.5 67 71.5 75.4 79.3 81.1 82.9 83.4 83.2 84.1 84 82.6 81.2 79.1 74.1 65.7 55.6 44.6 56.2 60.9 65.6 68.5 68.5 65.9 71.4 80.6 90.6 101.5 108.9 113.8 115.5 115.7 116.9 118.6 119.4 119.5 120.4 121.5 120 117.5 115.3 112.5 109.4 105.2 101.9 101.3 103.5 107.3 110.7 117 120.8 125.5 127.5 128.4 128.2 127.7 127.5 129.7 132.7 134.5 134.2 132.5 130.8 129 127.4 123.8 118.5 112.8 107.4 99.5 92.8 85.3 74.4 63.2 52 41.1 31.2 23.7 17.2 10.4 -1 -1 -1 -1 -1 -1 -1 -1 -1 -1
54.8 59.1 63.4 66 67.5 69.8 72.2 76.3 81.2 84 85.7 86.5 86.8 87.4 88.3 87.2 84.8 82.1 78.9 75 66.5 57.8 46.5 62.5 69.4 74.2 77.8 79.9 80 77.1 76.5 90.2 99.9 109.5 115.5 118.9 121.1 121 121.5 122.5 124 125.4 124.6 122.7 120.6 118.1 114.8 109.6 108.1 105.8 103.7 106 110.2 114 118.1 120.4 129.5 130.4 131.1 130.3 129.8 130.4 132.2 135.2 134 132.6 131.3 129.6 127.8 126.2 121.1 113.6 105.5 96.8 90.5 81.5 72.5 62.6 52 39.3 29.5 21.3 15.4 8.7 -1 -1 -1 -1 -1 -1 -1 -1 -1 -1 6.4
67.2 70.2 72.1 75.4 76.6 79.7 83.2 84.4 88.5 89.4 90.6 91.9 92.7 92 94.8 93 90 86 82.1 78.8 72.7 63.5 50.7 67 76.4 82 86.1 90.8 91.4 92.6 87.6 83.5 95.9 106.3 113.7 119.2 120.9 122.5 124.4 125.4 127.2 128.2 127.1 125.5 124 121.5 117.8 113.4 111.9 110 107.9 109.4 112.8 116 119.6 122.4 127.2 130.4 131.7 129.8 129.1 130.7 134.4 137.2 136.4 135 132.2 129.6 126.4 122.1 115.5 105.5 94.2 86.1 74.7 64.5 57.4 48.3 39.3 31.5 23.5 13.5 7.7 -1 -1 -1 -1 -1 -1 -1 -1 -1 -1 8.1 15.6
80.4 83.9 86.7 88.5 91.8 93.5 94.6 94.9 96.9 99.9 100.6 101.3 101.5 101 102 100.9 96.9 91.8 87.5 84 76.7 66.2 53.1 72 81.4 88.7 94.6 98.5 100.1 101.3 100.8 98.6 92.9 98.9 108.5 116.1 120.5 123.6 126.4 127.4 128.5 130.8 129.8 128.6 127.1 125.3 121.1 116.7 114.7 112.8 111.3 111.4 114.2 117.4 121.1 123.4 125.4 127.3 129.5 129.3 131 133.2 136.5 139.2 138.8 136.8 133.7 130.4 126.1 117.9 109.8 97 85.7 73 60.2 52.2 45 36.3 27.2 23.2 16 9.5 -1 -1 -1 -1 -1 -1 -1 -1 -1 -1 0.7 15.1 26
93.7 97.4 101.1 102.7 103.3 104.4 104.4 104.3 105.8 109.8 110.6 110.7 109.9 108.1 107.1 105.6 101.7 97.1 91.9 86.7 79.6 69.2 56.4 76.3 85 91.1 98.4 102.4 104.5 106.4 107.4 107 105.3 102 106.5 114.5 121.1 125.1 128.3 129.4 131.6 132.7 132.8 132.5 131.4 129 125.6 120.2 117.5 115.8 113.6 110.8 114.7 117.1 119.7 122.1 125.5 127.7 129.8 131 135 138.9 142.1 143.5 142 138.9 136.1 131.3 123.7 114.5 102.4 90.1 74.4 61.9 51.1 40.1 32.6 25.2 19.4 13.3 5 -1 -1 -1 -1 -1 -1 -1 -1 -1 -1 -1 12.4 25.4 37.8
104.2 109.3 113 114.5 113.8 114.1 112 112.5 112.4 114.1 115.1 115.5 114.8 113.6 111.5 110.2 105.4 100 94.5 88.2 80.4 66.9 63.1 77.7 86.3 93.1 99.7 105.3 108 110.6 112.7 113.5 113.9 111.2 103.2 111.5 121.1 126.2 130.2 132.1 135.3 137.5 138.4 139.2 136.5 132.8 128.9 123.9 119.4 118.6 116.2 113.4 115.9 117.7 118.3 121.7 125.9 129 133.5 136.3 140.3 143.8 147.8 149 146.2 141.1 135.5 127.1 117.4 107.4 92 78.8 61.5 49.9 39.4 31.1 22.7 15.1 9.3 -1 -1 -1 -1 -1 -1 -1 -1 -1 -1 -1 -1 -1 19.3 33.7 48.8
112.2 116.4 119 121.5 122.9 123.3 121.1 119.7 117.9 118.3 119.5 119.5 118.9 118.1 115.4 112.1 107.3 103.3 96.9 87.6 76.6 62.4 68.5 79.9 88.5 95.5 102.2 107.9 111.9 114.7 116.6 117.8 118.2 119 112.3 108.9 120.9 127.2 132.6 136.2 139.5 140.3 141.6 142.4 140.8 137.5 132.7 128 124.1 121.1 118.5 116.3 117 118.8 120.6 123.6 126.8 130.5 137 140.5 144 147.3 150.4 151 145.9 140 130.4 119.4 110.3 94.5 80.3 62.7 51.1 39.6 29.7 23.4 15.1 9.1 -1 -1 -1 -1 -1 -1 -1 -1 -1 -1 -1 -1 -1 13 27 40.9 56
118.9 120.4 124.3 127.2 128.8 130 130.2 127.9 125.1 123 125.2 124.2 122.6 120.8 118.1 113.6 107.4 100 90.7 79.6 68 60.3 73.8 84 91.9 99.6 105.6 111.5 115.6 119.1 121.4 122.5 122.6 124.8 121.9 118 118.4 128.5 134.4 139.1 142 143.9 145.5 146.7 144.2 141.4 137.5 131.5 126.3 121.6 120.3 118.9 119.9 121.9 124 127.3 130.9 135.8 141.1 143.3 146.7 149 148.9 146.8 140.4 131.8 121 110.7 95.7 83.2 64.7 50.5 38.2 28.3 21.8 15.2 7.4 -1 -1 -1 -1 -1 -1 -1 -1 -1 -1 -1 -1 -1 8.2 20.1 32.3 47.9 62.6
120.5 123.3 126.7 130.4 132.6 134.2 134.5 133.3 131.7 130.5 131.1 129.1 124.9 120.8 115.8 109.3 102.3 94.6 86.4 74.1 61.1 66.9 77.4 85.8 94 101.8 110.1 115.2 119.8 123.4 126.1 127.7 128.7 130.7 132.1 129.4 119.1 127.6 135.4 141 143.3 146.8 149 149.3 147.2 144 140.2 134.3 128.7 124.5 121.7 119.7 123.1 125.3 128.2 131.6 135.8 139.9 141.5 144.3 147.4 147.9 146.9 141.6 134.2 124.1 112.7 96.5 83.9 68.1 52.6 39.3 29.5 21.8 14.2 9.7 -1 -1 -1 -1 -1 -1 -1 -1 -1 -1 -1 -1 -1 -1 10.5 22.5 32.1 46.2 63.1
121.2 123.3 126.3 130.4 134.3 135.1 137.2 135.9 135.1 133.1 130.6 128.5 123.2 117.9 112.7 107.4 98.9 91.3 76.8 64.7 68.9 70.4 80.2 89 97.1 104.7 111.9 117.8 123.4 127.2 129.9 131.6 133.5 134.7 135.9 134.8 128.9 124.9 134.1 140.9 141.8 146.1 148.8 148.7 146 142 140 132.2 129.9 127.3 123.7 124.2 127.6 131.1 135.2 137.1 140.2 143.8 144.2 146.8 146.8 144.2 141.9 135.5 126 114.2 99.1 87.7 73.3 57.5 43 32.2 23.2 16.2 11.1 -1 -1 -1 -1 -1 -1 -1 -1 -1 -1 -1 -1 -1 -1 -1 5.6 17.3 27.8 41.1 57.5
120.4 121.6 124.2 127.5 129 131.3 135.2 138.1 137.1 134.7 131.6 128.3 123.2 115.6 110.2 103.8 96.6 80.8 66.6 72.2 79.5 77.2 82.6 93.2 100.7 107.9 114.2 120.3 125.8 130.1 132.5 134.9 137.4 138.2 139.7 139.6 135.7 132.2 128.8 138.8 140.1 140.8 142.9 144.8 142.5 140.9 140.4 135.6 132.4 129 128.1 132 137.6 140.5 144.8 145.5 148.5 148.3 146.9 147.3 144.1 139.6 134.9 126.5 114.2 100.2 88.1 75 62.2 48 35.6 26.8 18.2 12.9 8.4 -1 -1 -1 -1 -1 -1 -1 -1 -1 -1 -1 -1 -1 -1 -1 -1 6.6 21.4 34.2 50.5
125.3 125 125.6 129.2 130.4 133.6 137.4 139.4 138.5 136.3 132.9 128.7 122.1 115 107.6 100.9 92.8 73.4 73.4 83.6 86.7 85.7 82 93.7 102.3 109.9 115.5 121.1 126.6 131 134.5 137.2 140.2 141 141.8 142.2 141 140.8 135.9 134.9 137.1 138.8 139.4 140.2 141 142.5 141.4 141.2 138.4 137.8 138.4 143.5 148.4 151.8 153.9 154.3 155.7 153.5 149.2 145.2 140.7 134.1 125.9 113.7 101.1 88.3 75.1 61.3 50.9 38.9 28 22.8 15 8.6 -1 -1 -1 -1 -1 -1 -1 -1 -1 -1 -1 -1 -1 -1 -1 -1 -1 -1 13.9 28.9 45.9
127.7 127.4 128.1 130.1 133 137.1 139.3 140.9 139.9 137.6 133.4 128.2 120.3 112.1 104.5 95.5 84.8 69.4 81.8 88.6 92.5 93.7 92.7 94.8 100 108.1 114.8 121.8 126.8 130.7 135 139.2 140.5 140.8 141.1 141.5 141 140.9 139.8 135.7 135.2 136.5 138.4 140.1 142.1 144.1 144.8 145.8 147.3 149.3 150.3 153.8 158 161.8 163.3 164.6 162.8 157.4 151.8 145.5 138.3 128 114.3 101.1 90.2 78.2 65.9 53.8 43.3 37.6 30.7 22.8 15 7.1 -1 -1 -1 -1 -1 -1 -1 -1 -1 -1 -1 -1 -1 -1 -1 -1 -1 -1 -1 26.2 42.5
132 130.6 129.8 130.3 135.3 140.3 141.2 142.4 141.3 138.3 133 126.4 117.6 108.2 99.8 90.8 76.3 76.5 89.5 93.8 96.6 99.6 100.8 103.5 106.8 111.7 118.8 122.8 126.1 130.2 133.9 138.5 139.8 140.6 141.9 141.5 141 140.8 140.6 138.3 135.9 136.5 138.1 139.2 143.1 147 149 152.2 154.5 156.5 158.9 163 167 170.9 172.5 171.9 166.3 161 154.4 144.7 135.5 120.7 104.1 90.2 83.7 69.3 57.1 51.3 47.8 39.1 30.3 19.4 10.5 -1 -1 -1 -1 -1 -1 -1 -1 -1 -1 -1 -1 -1 -1 -1 -1 -1 -1 -1 -1 22.6 39.6
136.2 136.3 135 136.2 138.8 144.4 144.4 143.9 142.4 138.8 132.1 123.7 113.8 101.6 94.2 82.5 72.7 87.8 93.5 97.7 101.3 106.1 107.7 110.8 113.7 116.8 121.4 126.2 129.6 132.4 136.1 138.1 139.8 142.3 142.4 142.8 143.4 142.8 142 140.7 138.4 137.3 138.9 141.3 144.2 149.8 153.7 158.3 160.5 162.3 165.4 169.9 172.8 174.8 176.2 173.5 168.6 161.2 152.2 140.3 127.3 112.9 95.2 87.5 78.9 69.4 61.5 58.8 51.6 38.8 25.9 14.1 -1 -1 -1 -1 -1 -1 -1 -1 -1 -1 -1 -1 -1 -1 -1 -1 -1 -1 -1 -1 -1 14.8 33.8
