data/440000-1170000.asc
ncols 200
nrows 200
xllcorner 440000
yllcorner 1170000
cellsize 50
[rows 86 to 128 of 200, columns 0 to 94 of 200]
3.5 3.5 3.5 4.3 8.5 7.9 9.4 11.2 11.7 12.5 13.5 14.4 17 19.7 22 24.2 27.5 31.7 35.4 37.6 40.3 43.1 46.8 47.2 46.9 48.4 52.4 56.8 61.9 66.4 71.5 77.7 83.7 88.4 92.2 95.2 98.4 101.5 107.9 113.3 114.6 110.1 105.9 102.9 97.8 93.8 92.4 89.3 84.9 80 74.9 68.1 62.7 58.4 52.8 47.3 44.6 42.5 40.4 41.7 43.6 43.5 43.4 43.4 42.8 42.3 39.3 33.7 28.7 26.8 22.3 16.5 9.9 5.7 -1 -1 -1 -1 -1 -1 -1 -1 -1 -1 -1 -1 4.1 11.5 15.8 20.4 20.1 21.8 22.9 21.9 18.7
3.5 3.5 3.5 9.2 8.2 8 8.7 10.9 13.4 15 16.6 17.5 19.6 22.2 24.6 27.1 29.8 33.7 37.2 40.2 42.3 44.6 47.9 51.1 51.1 51.4 51.2 56.1 61.6 64.9 68.7 73.4 79.4 84.7 88.7 91.5 94.6 97.7 102.5 108.1 114.2 112.1 106.2 102.6 98.7 94.8 91.4 87.1 82.6 78.1 74.1 68.8 63.3 59.7 54 50 50.1 47.8 45.5 44.5 46 46.7 46.6 48.2 47.2 44.9 42.7 37 30.4 28.7 25.5 18.5 10.9 5.4 -1 -1 -1 -1 -1 -1 -1 -1 -1 -1 -1 3.7 10 16 21.7 25.9 27.4 28.4 31.2 28.6 25.7
3.5 3.5 6.9 8.8 7.9 8 9.5 10.8 11 17.8 21.8 22.2 23.4 24.8 27.2 29.8 32.6 34.5 40.2 42.4 45.2 47.6 51.5 53.9 55.6 55.6 55.7 56.6 61.3 64 67.2 70.6 76.1 81.1 84.8 87.2 89.3 92.4 97.1 101.8 107.9 112.4 107.5 102 98.3 93.5 88.1 83.5 78.8 74.6 71.5 67.2 64.2 59.6 56.2 55.1 55 53 50.5 48.7 49.5 50.4 49.8 50.9 50 47.7 44.5 39.4 32.4 29.3 26.1 20 13 -1 -1 -1 -1 -1 -1 -1 -1 -1 -1 -1 6.1 9.5 15.2 20.7 26.2 30.4 32.1 34.3 38.6 33.8 29.5
3.5 3.5 8.1 8 8 8.8 10.3 10.4 11.3 18.8 18.2 20.3 27.9 29.2 29.4 32.5 34.9 37.7 42.4 45.6 47.2 46 53.7 55.6 58.4 58.4 58.5 58.6 61.8 63.9 66.5 69.5 72.7 77.1 80.3 83.6 85.6 88 91.7 96.7 102.1 107.8 107.4 102.6 96.6 91.5 85.1 77.8 73.5 69.6 67.1 65.6 65.1 62.6 61 59.4 59.2 57.7 54.7 54.3 53.7 53.4 53 53 51.4 48.7 45.2 40 34.1 29.4 25.2 20.8 13.5 -1 -1 -1 -1 -1 -1 -1 -1 -1 -1 5.2 8.8 13.1 18.7 24.8 31.2 35.8 35.7 38.7 40.9 36.2 29.3
3.5 6.2 7.2 8 8.4 10.9 12.6 12.7 19 19 18.8 26.6 29.4 29.2 31.6 34.4 38 40 44.1 45.8 47.6 46.2 55.4 58.1 60.6 61.3 61.3 61.1 63.7 65.5 67.3 69.2 71.6 74.5 78 81.5 83.8 85.4 88.4 93.9 97.9 102.7 104.3 102.7 96.5 89.7 81.4 73.6 68.6 66 65.6 65.6 66.4 66.9 65.1 63.4 62.7 60.4 58.7 57.9 57.2 56.2 55.5 54.8 52.6 50.4 46.9 40.8 34.5 31.2 26.4 20.8 13.4 -1 -1 -1 -1 -1 -1 -1 -1 -1 -1 9 12.5 16.7 22 28.3 36 40.5 41.5 43.1 41.5 35.4 36.6
3.6 6.5 7.1 8 10 11.2 10.9 14.2 19.2 19.1 21.1 28.6 29.2 32.8 35.9 38.2 42.2 43.4 46 47.8 46.3 48.7 57.3 61 63.4 64.2 64 63.7 65.5 67.3 69 70.8 72.5 74.2 77.1 80.5 82.6 84.2 85.8 89.8 93.6 96.7 99.5 101 97.3 89.5 80 70.1 65.6 65.6 65.6 65.6 68.1 69.7 69.1 67.3 65.5 63.3 62.1 61.4 60.4 58.5 58 56.7 54.6 52.2 47.1 40.3 35.5 30.7 26.2 20.4 12 -1 -1 -1 -1 -1 -1 -1 -1 -1 8.6 12.9 16.2 20.3 25.6 31.8 39.4 46.2 49 48.7 46.4 43.7 43.7
5.8 3.6 4.5 9.4 11.5 10.3 11.7 19.7 19.2 18.9 25.6 28.9 32.1 31.6 37.5 44.4 46.4 46.2 48.3 51.1 55.9 57.5 60.1 63.2 64.8 66.2 66.7 66.4 68.6 70.1 71.7 73.2 74.8 76.9 78 80.2 81.4 83 84.2 85.4 88.5 91.3 94.1 96.4 95 90.2 81.7 71.8 65.6 65.6 65.6 65.6 66.8 69.8 70.7 70.6 69.1 67.5 66.3 65.2 62.7 61.1 60 58.4 56.2 52.9 47.4 40.6 34.7 29.4 24.1 18.7 7.7 -1 -1 -1 -1 -1 -1 -1 -1 8.8 12.6 16.4 19.9 23.9 28.6 34.9 42.9 49.7 54.2 54.4 54.3 54.5 50.4
5.4 5.5 7.7 7.7 10.2 10.5 15.4 18.9 18.9 24.2 29 35.1 30 36.2 45 48.4 49.4 49.8 51.2 53.4 58.1 58.1 61.7 64.2 66.2 67.8 69.1 69 71.1 73.9 75.8 76.3 79 79.7 80.3 80.5 81.2 82 83.2 84 84.5 87.3 89.5 90.7 90.4 90.3 83.5 74.8 65.6 65.6 65.6 65.6 65.6 69.3 72 72.1 72.3 71.2 70 68.9 66.3 63.3 61 59.4 57.4 54 48 41.1 33.8 28.4 22.9 15.8 4.6 -0.3 -1 -1 -1 -1 -1 -1 10.3 13.8 17.7 21.5 24.4 28.1 31.9 37.5 45.7 52.8 57.1 60 61.8 60.6 56.2
5.3 5.4 9.9 11.6 11.5 13.7 18.3 18.7 18.8 25.5 28.5 31.3 35.6 37.4 49.7 51.8 53.1 53.2 58.2 59.7 61.3 62.8 65.7 67.2 68.8 70.2 72.2 72 73.3 76 78.1 79.4 82.4 85.8 84.2 80.6 80.2 80.9 82 81.8 81.7 83.5 84.9 86.2 87.2 88 83.2 77.7 65.6 65.6 65.6 65.6 66.3 71.2 74.2 74.2 74 73.5 73 71.5 69.8 65.8 63.4 61.4 58.2 54.5 48.2 41.7 34.1 27.1 21.4 13.8 2.7 0.1 -1 -1 -1 -1 -1 10.1 14.5 17.8 21.2 24 28.4 32.5 36.4 40.6 48.5 56.6 62 68.5 66.2 63.2 59.3
5.5 6 11.3 11.4 14.3 18.6 21.3 19.4 25.3 28.5 32.3 31.1 36.4 51.3 54.7 52.2 56 59.2 62 63.6 67.2 68.7 69.5 70.9 72.3 74 75.8 74.3 74.9 77 79.1 81.5 85.7 88.5 87.6 83.4 80.7 80.4 79.7 79.5 79.2 79.7 80.9 82.1 83.3 84.5 84.1 79.5 67.7 65.6 65.6 65.6 68.1 74.3 77.6 76.5 76.5 76.6 75.3 73.7 71.9 68.2 65.1 63 59.3 53.8 47.5 41.5 34.7 26.1 19.7 11.8 1.7 0.4 0 -0.1 0 2.1 10.9 14.1 17.7 21.1 23.9 26.8 31.9 37.4 41.5 45.8 51.6 59.8 66.1 71.3 68.7 64.1 61.3
5 6.8 11.4 11.4 16.7 23.6 23.9 25.8 23.2 30.5 31.2 33.4 43.9 55.9 57.1 57.5 60.2 62.2 66.2 67.6 71.1 73.9 72.7 74.5 75.9 77.7 77.7 75.9 76.3 77.9 80 82.9 86.3 89.5 87.2 83.7 80.7 79.3 78 77 76.7 77 77.7 78.8 80 81.3 82.6 80.3 71.9 65.6 65.6 65.6 71.4 75.6 79.3 79.2 79 78.2 77 74.5 71.9 69.1 65.8 64.1 58.8 52.6 46.3 40.9 33.3 25.4 18.6 11.4 4.5 0.8 0.7 0.7 7.2 10.3 14.6 18.3 22.1 25.1 27.6 30.9 36.8 42.2 46.9 51.3 55.8 62.5 69.2 71.4 69.6 66.3 59.9
4.4 4.8 11.7 12.1 15 29.4 31.8 44.9 35.6 32.4 43.2 55.7 57.6 60.5 60.5 61.3 62.6 65.7 69.8 71.4 72.7 76 75.5 77.4 79.2 80.6 78.5 76.5 76.6 78.4 80.2 82.6 86 87.8 85.8 82.8 79.9 78.2 77 75.5 74.3 74.3 74.9 76 77.1 78.2 79.4 76.9 73.5 66.5 65.6 67.8 71.1 74.8 77.8 79.7 80.1 79.2 77.1 74.7 71.9 69.1 66 62.4 57 51.1 45.1 38.7 30.9 23.4 17.6 12.2 5.8 2.2 -1 5.8 9.8 14.2 18.4 22.9 26.9 32 34.6 38.3 42.2 47.6 53.1 57.8 60.4 66.6 70.6 71.3 70.8 66.6 61.6
4.1 5 12 12.5 15.3 35.3 42 48.9 54 54.4 56.1 57.4 59.1 59.3 61.4 63.5 65.9 68.2 70.3 72 73.7 75.6 76.7 78.2 79.3 80.7 78.1 75.9 75.6 77.4 79.3 81.7 84.6 85.6 84.8 81.8 79.2 77.1 75.9 74.5 73 71.4 72.1 73.1 73.8 74.6 75.9 74.7 71.4 69.1 68.3 69.3 70.3 73.5 75.7 77.5 78.9 79 76.5 74.2 71.7 68.7 64.8 60.6 54.4 48 41.8 35.5 28.3 21 15.9 11.5 7.4 5.4 -1 9.2 13.5 18.2 23 28.6 34.2 39.8 44.5 46.3 49.4 53.6 59.5 65 66.3 68.3 71.2 71.7 69.9 66.1 62
4.2 5 11.7 11.9 14.3 35.7 43.2 48.9 56.8 58.1 59.1 59.6 60.2 60.9 62.5 65.3 67.8 70.1 70.7 72 72.9 75 76.5 77.8 79 79.3 77.8 75.6 74.9 76.7 77.9 80.3 81.6 83.5 83.8 80.8 78.4 76.4 74.5 73.5 71.9 69.6 68.2 69 69.8 71 72.4 73.1 71.3 69.4 68.8 69.3 70 71.6 73.2 74.5 75.8 76.3 75.2 72.9 70.6 67.3 63.5 58.1 51.2 44.5 38.5 31.7 24.5 18.7 14.2 9.8 7.4 -1 -1 12.6 17.2 22.1 27.7 34.3 42.5 48.3 52.2 54.4 57.2 60.6 66.1 71.4 70.7 69.6 71.7 73 71 65.8 62.1
4.2 5 12.5 12.9 13.6 35.3 42.5 48.7 56.1 59.2 61.1 62 62.2 62 63.4 66.4 69.2 71 71 70.6 70.6 72.3 74.4 76.4 78.1 77.2 74.9 75.4 74.4 77 78.8 80.2 81.1 81.3 81.3 79.9 77.8 75.7 73.5 70.4 68 68 65.4 65 65.6 67.2 68.6 69.8 69 68.4 68.5 68.8 68.5 69.2 70.2 71.1 71.7 72.2 72.1 70.9 67.4 62.9 58.8 54.6 47.8 41 34 27.3 20.5 17.7 12.3 9 5.6 8.8 11.5 15.9 21.1 26.7 32.8 41.5 51 58.2 60.7 63.2 66 68.3 72 73.2 72.2 72.7 72.5 73.8 71.3 65.5 63
-1 4.9 12 12.3 14 32.7 40 47.8 53.7 57.6 61 62.3 64 63.7 62.5 64.2 65.9 67.1 67.1 67 67.9 69.6 71 72.4 73.2 73 73 73.4 75.2 78.8 79.4 78.8 80.5 81.1 80.4 78.8 76.7 74.5 72.3 69.3 66.9 65.7 63.5 62 63.1 62.4 64.5 65.5 66.4 65.4 62.8 64.3 66.4 66.2 67 67.9 68.5 70.2 69.9 66.7 61.7 57.3 53.3 49.4 43.3 36.9 30.6 24.1 19.8 14.3 10.3 8.8 6.4 9 11.2 17.6 22.6 29.2 39.9 49.2 58.4 65 67.3 70.5 73.3 75.2 76.1 75 72.2 72.2 73.6 71.2 67.2 64.7 63.4
-1 5.5 12 12.3 18.4 30 37.9 45.5 50.6 54.6 58.4 61.1 63.6 62.6 60.8 61.3 62.6 62.7 62.5 62.7 64.2 65.6 67 68.6 68.9 69 70.3 72.7 77.7 79.5 79.9 79.4 79 80.7 79 77.8 75.2 72.8 71.2 69.7 67.5 63.7 60.2 60.7 60.1 60.4 60.7 61 60.9 59.9 57.5 57.9 60.3 61.7 63.1 64.7 65.4 64.3 63 60.7 57.5 53.8 49.2 44.5 39.7 34.2 27.7 21.4 17.3 12.3 8.9 6.8 9.6 9.9 13 18.5 25.6 33.2 45.4 56.1 65.1 71.5 73.7 77.5 78.8 80 81.1 80.9 76.6 71.7 70 68.2 66 64.3 63.7
-1 6.2 11.5 16.5 22.4 28.9 35.7 41.8 47.3 52 55.5 58.3 61.3 59.9 58.2 56.6 58.6 57.7 58.2 59.5 60.8 61.5 63.6 65.6 66.5 67.1 69.8 73 78.3 80.4 80.4 78.9 78.9 79.8 79.7 77.2 73.6 71.1 70.7 68.6 65.7 62.3 58.1 57.5 56.9 57.8 57.2 56.7 54.5 51.9 51.6 51.7 54.3 56.9 58.7 60.9 61.4 60.5 58.3 55.7 52.9 49.3 44.4 38.5 34.3 30.7 25 19.5 15.7 10.2 8.6 10.2 10.5 11.6 15.2 21.3 29.3 38.1 50.5 63.3 73.3 76.1 78.4 81.5 82.8 83.4 82.2 82.2 76.9 70.7 70.2 67 64.2 64 64.4
-1 5.8 11.7 15.9 21.8 27.1 32.2 39 44.5 48.1 52.2 55.6 57.3 56 53.8 51.7 51.8 53.1 54 55.3 57.1 57.8 61.4 61.8 62.4 64.9 68.5 72.3 76.6 80.1 79.1 80 81 81 80 77.3 72.8 69.5 67.6 64.5 62.6 60.5 57 54.2 53.8 55.2 51.6 51.6 51.6 51.6 51.6 51.6 51.7 55.1 55.3 57.2 57.1 56.2 54.7 52 50.2 46.5 41.4 35.5 30 25.1 21.6 16.9 14.4 12.4 12.6 13.1 12.6 14.8 18.4 24.2 32.9 41.7 54.3 67.6 75.1 80 82.9 85.5 86.9 86 83.6 79.6 73.7 70.2 70 67.8 64.4 62.8 62.8
-1 -1 6.6 15.1 21 25.7 28.4 34.2 40.4 43.5 47.7 50.7 50.3 48.3 47.2 46.3 46.8 48.5 50 51.1 52.3 54.4 56 58.2 60.4 63.6 67.1 70.6 72.9 76.1 78.3 79.6 80.7 81.6 81.6 79.9 74.6 69.5 65.2 60.8 59.8 58.5 55.1 51.6 51.6 51.9 51.6 51.6 51.6 51.6 51.6 51.6 52.8 54 54.2 54.4 54.5 52.9 51 49.2 47.4 44.2 41.2 34.8 28 24 19.6 15.1 13.6 14.5 15.7 16.6 16.5 18.7 21.9 26.3 35.7 45.9 58.1 70.1 77.1 82.1 85.7 88.3 89.5 88.8 84.2 78.9 73.5 69.3 67.9 67.2 64.5 62.4 61.2
-1 -1 5 10.7 17.8 20.7 24.4 30 35.5 37.6 39.9 43 41.8 40.5 40.9 41.3 42 43.6 45.2 46.2 47.9 49.9 51.8 55 58.4 61.8 65.2 67.8 69.7 71.5 74.7 77.1 79.5 81.4 82.9 81.4 78 72.7 67.4 61.3 57.5 55.3 51.6 51.6 51.6 53.2 51.6 51.6 51.6 51.6 51.6 55.4 55.4 54.2 53.6 53.5 52.1 50.5 48.4 46.6 44.8 42.8 41.1 35.8 28.4 22.7 17.8 18 19.4 20.3 20.4 20.4 20.7 23.1 26 29.1 38.1 48.2 59.2 70.2 75 80.2 85.9 89.1 91.5 88.7 83.9 78.1 72.8 68.4 67.3 66.3 63.9 64.9 62.8
-1 -1 -1 6.4 12.2 15.8 20.4 25.8 29.2 33.2 35.1 37.1 36.3 34.9 35.7 36.5 36.9 38.6 40.3 41.4 43.2 45.7 49.4 53.4 56.8 60 62.6 64 65.3 67 69.9 73.5 77.5 79.8 81.4 82.1 79.6 74.5 68.6 62.3 57.3 52 51.6 51.6 51.6 51.6 51.6 51.6 51.6 51.6 52.5 56.3 55.7 54.3 53.8 52.9 51.4 49 46.2 44.2 42.2 40.5 40.4 34.2 27 22 17.8 21.9 23.7 22.9 23.5 24.2 25.2 27.7 30.5 32.5 40.5 50.2 59.6 66.6 71.3 76.7 84.5 88.1 89.6 87.1 81.5 76.1 70.5 67.4 64.7 63.6 62.1 62.8 61.6
-1 -1 -1 -1 5.7 12.1 16.5 20.1 23.4 28 30.1 31.8 31.2 30.7 32.2 32 32.7 33.3 36 37.9 39.9 43.3 47.5 51.6 54.6 57.1 59.2 59.8 61 62.7 65.1 69.3 73.2 76.8 78.8 80.8 79.8 74.6 69.3 64 58.5 51.6 51.6 51.6 51.6 51.6 51.6 51.6 51.6 51.6 54.7 56.6 55.4 54.8 54.6 53.5 51.2 48.3 45.1 42 40.4 39 36.6 30.6 25.4 21 21 24.3 27.3 26.8 27 27.8 29.7 32 35.7 38.8 42.7 51.3 58.2 64.1 68.5 74.4 82.7 89.1 87.7 83.2 78.7 73 67.7 63.8 61.5 59.8 59.1 59.5 60.9
-1 -1 -1 -1 -1 5.9 11.7 15.6 18.3 21.7 25 26.4 26.6 27.3 27.2 28 28.7 29.4 30.7 34.2 37.2 39.8 44 49.3 51.6 53.5 55.7 57.6 57.1 60 60.5 63.2 68 71.5 74.7 76.7 75.6 73.3 69.3 65.8 59.5 53 52.6 54.5 54.4 51.7 51.6 51.6 51.6 51.6 55.7 55.6 53.6 53.6 53.6 54.1 51.4 47.8 44.5 41.5 38.4 33.6 30.7 28.3 24.1 22.4 25.5 27.8 28.9 30.4 30.6 32.5 34.6 37.6 42.2 45.5 48.3 53.4 59.8 63.9 67.3 73.4 81.5 88.5 86.1 80.8 75.3 69.7 64.1 59.6 56.6 55 53.7 54.3 54.7
-1 -1 -1 -1 -1 -1 6.6 11.5 14.6 17.5 20 21 21.8 22.6 23.3 23.9 24.6 25.4 27.4 29.7 31.7 34.5 38 42.3 45.4 48.7 52.2 54.3 54.7 54.7 55.4 57.3 60.7 64.7 68.9 71.9 71.8 70.9 68.5 65.3 60.1 55.3 55.1 55.6 55.4 55.5 51.7 51.6 51.6 51.6 54.3 55.5 53.6 53.6 57.7 55.1 52.1 48.5 44.8 40.7 36.9 32.7 29.4 28.6 25.3 24.8 27.9 30.1 30.9 31.3 33.9 36.4 39.3 43.3 48.3 50.7 53.5 57.9 62.5 67 69.7 73.7 81 81.9 82.4 77.9 69.6 64.8 59 53.6 50.4 48.9 47.7 49.4 48.4
-1 -1 -1 -1 -1 -1 -1 7.1 9.5 13.5 15.5 16.9 18.3 18.7 19.3 19.9 20.6 21.1 23.5 25.3 27.2 29.9 33.4 36.7 40.6 43.9 47.4 50.2 50.4 49.6 49.8 51.4 54.8 58.7 63 66.5 67.2 68.7 66.7 64.8 59.7 56.7 56.5 56.2 55.8 53.9 51.6 51.6 51.6 51.6 54.1 55.7 56.2 55.9 57.3 55.7 52.5 48 43.2 39.6 36.2 32.1 31.2 30.2 29.2 28.4 30.4 32.7 34 35.6 37.6 40.2 44.5 48.9 51.6 55.5 58.9 63.4 67.2 70.9 74.7 77.8 78.9 80.7 79.2 72.7 66.1 60.2 53 48.5 45.9 44.1 43 42 39.6
-1 -1 -1 -1 -1 -1 -1 -1 7 7 11.3 13.2 14.3 14.9 15.5 16.1 16.7 16.9 19.2 20.7 22.7 25.2 28.3 31.7 36.3 39.9 42.9 44.2 44.9 45 45.3 46.8 49.8 53.6 57.8 60.9 63.7 66.8 66.5 64.3 59.6 58.3 58 57.1 56.1 55.1 51.6 51.6 51.6 51.6 55.7 57.2 58.7 57.6 58.4 56.4 52 47.7 41.9 38.5 35.5 34 32.9 31.9 31.1 31.5 33 35.5 37.8 40.6 43.1 46 50.3 52.8 55 60.2 64.2 68.4 71.9 72 74.5 76 77 77.2 73.3 68.6 62.2 55.8 50.3 43.1 40.3 40.1 39 38 33.9
-1 -1 -1 -1 -1 -1 -1 -1 -1 -1 6.1 8 10.4 11.1 11.7 12.4 13 13.9 16.1 17.3 18.9 21 24.2 28.6 32.7 35.8 37.5 37.9 39.3 41.1 42.4 43.4 46.2 49.6 53.5 57.2 61.3 65.4 66 63.9 60.4 59.2 58.9 58.1 57.3 56 51.6 51.6 51.6 52.6 55.8 56.7 57.6 58.4 58.8 56.5 51.7 47.4 41.5 38.5 36.2 34.3 33.9 33.7 33.1 33.3 34.8 38.5 40.9 43.7 46.6 50.2 54.1 56.2 58.2 63.9 67.9 70.8 72.2 72.3 74.5 75.6 73.8 72 68 63.2 58.1 50.9 42.7 37.1 32.5 34.3 32.9 31.3 28.2
-1 -1 -1 -1 -1 -1 -1 -1 -1 -1 -1 4.8 4.1 7.3 8.1 8.8 9.3 11.4 13.1 14.1 15.9 18.2 21.7 25.5 28.8 31.4 32 31.6 34.2 37.8 39.2 40.5 43.3 46.2 49.8 53.1 58.1 62.2 63 61.6 60.2 59.8 59.5 59.2 57.7 56.2 54.6 55.2 51.7 52.7 56 57 58.5 59.7 60.4 56.4 52.5 47.3 42.6 39.5 37.2 35.3 33.4 32.5 33.1 33.9 34.7 39.7 43.1 46 49.2 53 56.8 59.4 61.6 65.5 68.8 71.3 71.5 72.1 73.3 69.9 68.1 65.7 62.1 57.3 50.2 43.4 37 31.4 29 28.2 27.5 23.1 16.3
-1 -1 -1 -1 -1 -1 -1 -1 -1 -1 -1 -1 4.8 3.5 4.6 5.4 6.4 8.9 10.5 12.3 14.2 16.2 19.3 22.2 25.2 28 27.2 28.8 30 34.4 37.1 38.2 41.3 44.5 47 49.5 54.5 58.1 59.1 60 60.8 60.6 60.3 59.9 57.8 57 56 55.2 53.2 53.7 56.3 57.3 57.7 58.4 58.4 53.8 50.6 47.3 43.9 40.5 38.3 36.4 34.5 32.9 32.7 33.8 34.9 39.7 44.3 46.5 50.8 55.8 60 61.2 63.3 65.7 68.6 69.8 70.4 70.8 67.4 63.9 61.6 58.9 55.4 50.5 44.3 37.9 30.7 27.1 25.1 24.2 19.5 13 -1
-1 -1 -1 -1 -1 -1 -1 -1 -1 -1 -1 -1 -1 -1 1.5 3.2 5.2 7.5 8.9 10.6 12.7 14.7 17.2 19.4 22.1 24.2 24.8 25.9 29 31.1 36.7 38.1 40.1 43.2 46 49 51.1 54.8 57.6 58 59.5 60 60 59.3 58.5 58.6 57.3 54.7 53.7 53 55.2 55.9 56.3 55.7 54.2 51.3 48.6 46.4 44 41.2 39.2 37.5 35.6 34.8 34.3 34.5 35.3 38.9 43.5 46.5 50.5 55 59.7 61.5 63.3 65.2 67.3 67.1 66.6 63.5 59.4 57.2 54.7 51.6 49.9 45.5 39.3 35 28.9 24.3 22.4 17.9 10.9 -1 -1
-1 -1 -1 -1 -1 -1 -1 -1 -1 -1 -1 -1 -1 -1 -1 -1 2.4 4.4 7.2 9.6 12 14 15.7 17.7 19.9 21.1 23 25 29.3 32.5 36.9 38.7 40.4 43 47 49.8 50.9 53.7 55 56.3 57.8 58.9 59.2 60.6 60 60.1 58.7 54.6 53.4 52.6 52.9 53.9 53 52 51.5 49.8 47.4 45.3 43.2 40.9 39.1 37.5 36.8 36.5 35.9 36.1 36.4 38.9 41.4 46 49.2 53.1 55.2 59.1 61.7 63.2 64.3 64.1 61.7 57.4 51.4 47.3 46.5 44.6 42.5 36.9 32.4 26.8 23 17.6 11.5 -1 -1 -1 -1
-1 -1 -1 -1 -1 -1 -1 -1 -1 -1 -1 -1 -1 -1 -1 -1 -1 4.9 6.6 7.6 10.6 12.9 14.7 16.9 17 19.7 21.6 23.9 28.4 33 36.7 38.3 40 42.5 47.4 50.6 51.1 51.9 53.1 54.5 56.1 57.6 59.6 61.1 61.1 61.1 59.4 55.8 53 52.3 50.8 51.1 50.6 50.8 49.9 48.4 46.3 44.4 42.5 40.8 40 37.9 37.8 37.8 37.5 37.5 37.6 39.6 41 44.6 47.8 50.4 52.7 55.2 58.2 59.2 60.2 60.9 59.2 54 46 40.1 37.9 36.4 33.9 27.6 21.4 19.3 16.4 10.5 -1 -1 -1 -1 -1
-1 -1 -1 -1 -1 -1 -1 -1 -1 -1 -1 -1 -1 -1 -1 -1 -1 4.2 6.6 7 10.3 10.8 13.4 14.4 17.7 19.3 19.9 23 27.6 32.1 36.2 37.9 39.5 42.1 46.5 48.8 50.1 50.9 51.2 52.7 54.1 55.6 58.3 60.3 61.1 61.1 60.3 56.4 53.4 51.2 50.5 49.9 49.6 49.5 48.9 47.8 45.9 44 42.1 40.3 40.8 38.8 38.6 38.4 38.4 38.2 38.3 39.7 41 44.3 45.6 47.3 48.2 49.5 51.1 51.8 54.1 55.2 52.5 46 38.8 32.1 29.1 25.8 21.9 19.5 14 10.9 -1 -1 -1 -1 -1 -1 -1
-1 -1 -1 -1 -1 -1 -1 -1 -1 -1 -1 -1 -1 -1 -1 -1 -1 4.9 6.2 9.1 10.4 11.4 12.7 14.9 16.8 19.4 20.6 22.9 27 30.8 34.8 37.2 39.7 41.9 44.7 46.5 47.6 48 48.8 50.6 52 53.5 56.3 58.9 61 62.1 61 58.4 54.7 51.4 51.1 49.5 49 48.8 48.3 47.5 45.6 43.6 41.7 40.2 39.8 38.9 38.9 38.8 38.8 38.8 39.1 41 41 41.7 42.9 43.3 45.3 45.2 46 47 47.6 47.9 43.3 35.8 29.9 25.8 19.1 17.6 16.8 9.9 -1 -1 -1 -1 -1 -1 -1 -1 -1
-1 -1 -1 -1 -1 -1 -1 -1 -1 -1 -1 -1 -1 -1 -1 -1 -1 5.1 7 8.2 9.4 10.6 12.1 14.1 14.1 17.8 19.6 22.8 26.4 29.6 32.9 35.9 38.4 41 43.3 44.2 44.6 45.1 46.3 48.1 49.9 51.4 54.1 57.3 59.4 60.7 60.6 59.7 56.9 52.8 50.2 48.2 47.6 47.5 47.2 47.1 45.8 44.2 42.5 41.3 40.2 39 39.1 39.2 39.2 39.1 39.3 40.5 40.5 39.3 38.2 38.1 38.8 40.2 42.1 40.4 38.5 36.9 34 26.2 20.5 18.2 16.3 10.3 -1 -1 -1 -1 -1 -1 -1 -1 -1 -1 -1
-1 -1 -1 -1 -1 -1 -1 -1 -1 -1 -1 -1 -1 -1 -1 -1 -1 3.5 5.9 6.4 7.7 8.9 10.6 13 15 15.2 18.4 21 24.2 27.3 30.6 34 37.2 39.9 41 41.3 42 42.1 43.8 45.5 47.4 49.2 51.6 54.5 57.3 58.3 58.1 57.2 54.5 51.9 50.2 47.7 46.2 46.1 45.8 46.3 45.9 44.7 43.3 42 40.9 39.8 39.5 39.6 37.2 32.7 34.8 36.4 36.4 35.2 33.6 33.2 32.5 34.5 34.1 33.8 32.2 32.3 26.6 20.8 17.7 10.5 0.8 0.1 -1 -1 -1 -1 -1 -1 -1 -1 -1 -1 -1
-1 -1 -1 -1 -1 -1 -1 -1 -1 -1 -1 -1 -1 -1 -1 -1 0.1 3.7 0.4 3.1 6 7.2 8.9 11 12.3 15.7 16.9 17.3 21.9 25.1 28.3 31.3 34.6 38.7 39.9 39 39.5 39.4 41.3 43 44.8 45.9 47.4 50.4 53.2 55.2 54.6 54 52.4 50.2 49 47.5 45.6 45.5 45.5 45.6 45.2 44.6 43.7 42.9 41.8 41.1 40.2 39.2 32.9 29.9 30.7 31.6 32.1 31.1 28.9 28 26.8 26.6 26.1 26.7 25.6 25.6 19.8 13.4 5.5 -1 -0.2 -0.8 -1 -1 -1 -1 -1 -1 -1 -1 -1 -1 -1
-1 -1 -1 -1 -1 -1 -1 -1 -1 -1 -1 -1 -1 -1 -1 -1 -1 0.7 2.4 -1 5 5.9 7 8.8 10.6 12.3 15.1 18.6 19.9 20.6 25.7 27.5 30.4 33.8 34.5 34.5 35.4 36.1 38 40.3 41.3 42.3 43.3 46.1 49.1 51.6 51.8 51.2 50 48.9 47.7 46.5 45.5 45.5 45.5 45.5 45.2 44.9 44.6 43.8 42.7 41.6 40.7 37.9 33.3 29.8 25.4 24.9 26 25.3 22.7 20.8 20 19.4 19.4 18.6 14.7 10.4 7.5 0.6 -1 -0.6 -1 -1 -1 -1 -1 -1 -1 -1 -1 -1 -1 -1 -1
5.9 -1 -1 -1 -1 -1 -1 -1 -1 -1 -1 -1 -1 -1 -1 -1 -0.4 0.7 2.6 -1 -1 4.2 4.9 6.9 6.8 8.2 12.8 15.8 18.1 21.1 23.6 23.2 23.2 29.1 29.7 30.8 31.7 33.2 33.7 36 37.7 38.8 39.8 41.9 44.8 46.7 47.6 48.4 48 47.5 46.5 45.5 45.5 45.2 45.4 46.1 46.5 46.1 45.7 44.2 42.8 41.6 40.3 36.5 32.2 28.2 21.9 18.6 18 17.1 16.3 13.9 12.1 10.9 10.2 10 8.8 6 2.9 -1 -0.2 0.2 0.1 0.1 -0.1 -1 -1 -1 -1 -1 -1 -1 -1 -1 -1
5.3 3.7 -1 -1 -1 -1 -1 -1 -1 -1 -1 -1 -1 -1 -1 -1 0.1 0.8 2.7 -1 -1 2.1 2.5 5.7 7.8 6.3 9.5 12.2 14.7 17.6 19.7 21.4 22.3 23.3 24.7 24.4 26.7 30 30.2 32.5 34 35.1 36.2 37.6 39.9 41.3 43.9 46 46.5 45.6 45.5 45.5 46 46.5 46 47.3 48 47.6 46.5 44.4 42.6 40.8 39.3 35.2 31.5 27.7 23.1 20 17.8 16 16.1 15.9 15 12.7 8.3 5.8 3.9 3.4 2.8 2.2 2.4 2.1 2.1 3.3 4.3 5.6 6.4 7.8 7.9 7.8 9.1 9.5 15.5 16.4 22
7.5 4.6 -1 -1 -1 -1 -1 -1 -1 -1 -1 -1 -1 -1 -1 -1 0 0.9 3.1 -1 2.6 2.5 2.5 5 7.3 7.6 5.6 10.1 11.8 13.1 15 16.8 18 19.6 21.6 22.9 23.6 26.3 26.5 27.2 30.1 31.4 32 33.6 36.5 39.3 42 43.9 45.5 45.5 45.5 46.3 49.3 49.5 48.7 48 49.8 48.8 46.7 44.7 42.8 40.4 37.8 33.5 29.5 25.5 23.3 26.8 25.6 22.2 22.7 21.5 20.6 17.4 14.2 10.4 7.3 5.4 4.8 5.1 6.2 6.7 9.6 10.9 12.6 14.4 12.9 14.3 12.8 12.7 13.4 14.9 20.4 21.7 31
5.3 4.9 -1 -1 -1 -1 -1 -1 -1 -1 -1 -1 -1 -1 -1 -1 0.2 3.4 3.2 3 2.5 2.2 3.1 5.9 7.2 7.8 8.2 8.1 9.5 10 11.5 12.5 14 15.6 16.3 18.9 19.4 21 24.2 26.7 28 28.2 29.8 30.3 34 38.2 40.7 42.9 44.9 45.5 45.5 48.2 50.2 51.1 51.1 50.1 50.5 49.8 48 45.3 42.2 39.7 35.8 32.5 28.7 26.9 31.2 33.8 31.2 29.7 28.7 28.1 26.3 24.3 22.4 19.1 18 15.1 15.1 15.3 16.5 13.4 17.1 21.1 22.8 22.6 21 20 20.4 18.8 22.3 26.7 29.7 34.9 41.2
