data/450000-240000.asc
ncols 200
nrows 200
xllcorner 450000
yllcorner 240000
cellsize 50
[rows 35 to 69 of 200, columns 79 to 157 of 200]
155.5 152.9 148.4 143.8 140.5 138.7 136.8 135.9 135.8 135.1 135.5 135.6 135.8 136 133.4 131.8 129.3 131.3 134.7 136.6 138.3 140.2 142.7 144.4 147.2 150.5 156.4 160.7 163.8 165.2 165.5 165.8 166 164.7 163.2 162 160.8 159 156.7 153.9 152.5 151.3 149.3 149 149.6 148.7 149 149.6 150.8 149.4 150.7 150.9 147 144.1 144 143.6 142.8 142.1 142.9 145.1 148.6 151.3 153.7 156 156.8 158.2 159 159.9 160.1 160.1 159.1 161 161 161 162 163.6 165.1 165.9 165.9
156.6 154.3 149.6 145 141.3 139 136.9 137.3 136.4 135.1 135.7 136.2 135.5 134.8 134.1 131.9 130.5 132.4 134.7 136.4 138.1 140 143.6 146.1 147.7 149 152.2 156.1 159.4 161.2 163.1 163.5 163.6 163.3 161.8 160.6 159.6 157.7 155.9 154.2 152.1 150 149 149 149.2 150.5 151.1 151.6 151.8 152 150 149.1 145.9 144 144 145.9 144.2 143.2 143.3 144 144.4 146.9 148.4 151.2 154.6 156.6 157.4 158.3 159 158.1 158.6 159.9 161 160.9 162.5 162.8 164.6 165.9 165.9
157.3 155.2 151.1 146.5 143.2 140 139.1 139.5 138.5 136.6 135.4 136.2 136 135 135.1 134.6 133.3 133.8 134 135.9 137.7 139.7 141.7 144 144.8 145.8 149.3 152.8 155.6 157.6 158.9 160.7 161.2 161.2 160.3 159.3 158.3 156.5 154.7 154.4 152.5 150.6 149 149 151.4 153.1 153.7 153.9 153.2 151.9 147.5 147.2 144.2 144 145.3 145.8 144.2 144 144 144.4 144.6 144.1 145.9 148.6 151.2 153.3 155.6 156.5 156.5 155.9 155 156.7 159.1 159.1 161 163.2 165.3 165.9 165.9
158.1 156 152.9 148.4 144.8 135 140.2 140.1 139.7 138.6 137.9 138.9 138.8 138.5 137.8 137.7 136.3 135 134.5 135.5 137.3 139.3 141.2 142.3 143 143.8 146.3 149.9 152.3 154 155.6 157.5 159.1 160.9 161 158.5 157.1 155.5 154.1 154.5 152.7 151.4 149.9 151.9 154.2 155.2 155.7 154.8 152.7 151.1 147.9 146.1 144.3 146 148.7 148.5 145.5 144 145.4 146.4 146 144.6 144.1 146.3 149.2 151 152.9 154.1 153.4 152 151.8 153.6 156 161 161.3 163.1 164.9 165.9 165.9
159.2 156.7 153.5 148.6 144.3 140.2 142.8 142.9 142.3 140.4 142.9 145.3 144.7 143.5 142.6 141.2 139.2 137.7 135.7 134.6 137 138.5 139.8 140.7 143 143.8 144.5 148 151.5 153.2 155 157.6 160.8 159.1 159.1 158.3 157.1 156 155.1 154.5 154.1 152.8 153 154.9 155.9 156.7 156.5 156 153 150 148.2 147.2 146.3 149.1 150.9 150.9 147.3 144 148 147.7 146.9 145.8 145.4 145 144.8 148.5 149.9 150.3 149.7 148.9 149.7 152.5 157.2 160.9 161.2 163 164.3 164.8 164.6
158.5 156 151.7 145.6 135.6 143.1 143.9 144.8 145.4 144.7 149.2 151.3 150.6 149.2 146.8 144.6 142.3 140.1 138.3 137.1 135.6 135.6 138.6 140.9 143.3 144 145.7 149.1 154.3 155.5 158.1 159.1 161 159.4 159.1 158.8 157.8 156.5 155.1 153.9 152.6 152.6 153.9 156.3 157.3 157.8 157.7 156.3 153.6 150.1 148.8 148.4 148.5 150.2 150.2 150.8 148.2 146.8 148.5 148.4 148.2 148.8 148.6 148 145.9 146.3 147.1 147.4 147.6 148.9 150.4 152.8 157.2 159.4 161.3 162.7 163.2 163.7 163
156.7 152.2 147.6 141.5 140.5 142 143.7 145 147.4 151.8 156.6 157 155.9 153.4 150.7 148 145.7 143.3 140.7 138.2 136.7 136.2 138.8 141.5 144.2 148.8 150.6 150.8 152.9 155.5 160.1 161 161 160.9 161 159.1 157.2 155.9 154.5 153.3 153.1 153.8 155.5 157 158.6 158.9 157.5 156.3 154.1 150.9 148.9 148.8 150.8 152.2 152.8 150.6 148.5 148.7 148.7 148.9 150.3 150.7 150.7 150.3 149 148.4 149.3 148.5 148.4 148.5 149.1 153.1 156 159.4 161.6 162 162.4 162.7 162
154.2 149.3 143.7 134.5 138.9 141 141.4 143.6 148.2 154.9 161 161.4 159.6 157.4 154.7 150.3 145.5 144.3 140.8 138.7 138.1 138.9 139.5 141.6 144.6 149.3 151.8 154.5 154.9 156 160.1 161 161 161 160.9 158.9 157 155.5 153.9 153.2 154.4 154.9 157.7 159.5 160.1 159.5 157.1 156.3 154.2 150.8 148.9 149.1 152.8 154.6 154.9 151.9 149.5 148.9 148.9 148.9 149 150 150.1 151.2 151 150.8 150.6 150.1 149 149 149 151.3 154.2 157.9 161 161.4 161.7 161.7 161.6
151.6 146.4 139.9 134.5 136.8 137.7 138.2 140.9 148.9 155.7 161.5 163 162.5 160.4 158 153.3 148.4 143.9 141.4 140 139.9 141.8 142.7 142.8 144 148.4 152.6 157.1 157.6 160.2 160.5 160.4 160.7 161 160 158.3 156.1 154.1 153.9 154.4 156.3 157 160 161 160.8 159.2 156.9 156.3 154.5 151.8 149.5 149.4 154.3 155.7 155.7 152.8 150.2 150 150.7 150.8 150.5 151.3 152.5 152.5 152.4 152.2 152 150.7 149.1 149 149 151.5 154.1 157.1 160.6 160.8 160.7 160.5 160.3
148.2 141.6 133 133.7 134.3 134.9 135.2 140.3 147.6 155.8 161.8 163.4 164.3 162.9 160.3 157.3 152.3 147.2 144.9 144.5 144.5 144.7 145.9 145.7 144.7 149.9 155.2 160 162.1 162.4 161.9 160.1 160.5 160.1 159.2 157.7 155.8 156.5 155.4 155.6 158.7 159.4 159.6 161 160.9 159.1 156.9 154.8 154.2 151.9 150.4 151.7 152.8 152.4 152.4 152.4 152.3 151.3 152.1 151.7 151.3 151.5 152.8 153.8 153.8 153.6 153.5 151.8 150.4 149.7 150.1 153.5 155.6 156.3 158.5 158.3 158.1 158.1 158.4
141.1 134.6 134 131.9 131.9 133 135.3 139.9 147.4 153.8 160.1 162.9 165 164.3 163.2 161.1 156 152.5 151.9 152.7 152.4 151.5 151.5 151.3 149.1 150.7 156.3 162.6 165.4 165.1 162.8 160.7 160.4 159.1 158.8 158.4 156.5 157.8 158.1 157.7 161 160.8 159.8 159.4 159.6 158.9 156.6 154.4 153.2 152.9 151.5 151.3 154.3 154.2 154.4 154.5 154.5 153 151.2 151.2 151.4 152.1 153.8 154.4 155.7 155.1 154.7 152.7 151.7 150.7 151 153.3 154.4 156 156.2 155.8 155.8 155.7 156.5
133.7 132.2 131.3 129.8 130 132.3 135.1 138.4 143.5 148.6 156.6 161.1 164.1 165.9 165.5 165.9 161.4 158.4 162.3 161.9 160.7 159 158.3 156.5 154 155.7 159.1 163.1 165.9 165 162.8 161.3 159.5 159.1 160.1 159.9 157.7 160.1 161 159.3 160.7 160.9 160.9 160.3 160.7 158.5 156.3 154.6 154.8 154.6 154.2 152.1 151 154.8 155.5 156.2 155.3 154 153.6 154 154.1 154.1 154.8 155.9 156.8 156 154.8 153.4 152.5 152.2 152.7 152.9 152.4 152.9 153.4 154.1 154.8 155.3 156.6
130.1 129.4 128.8 129.2 129 131.4 134.2 136.8 141.2 147.6 155.8 160.5 163.2 165.2 165.8 168 166.8 164.2 168.2 167.4 166.1 165.9 165.7 161.5 157.7 160.6 164.1 166.4 165.6 164 162.9 162.3 161.3 161.2 161.3 160 158.7 159.8 160.3 159.9 160.4 160.7 161.1 161.2 160.1 160.4 158 156.4 156.8 156.5 155.1 154.3 149.8 156.4 157.5 158 156.5 155.4 156.5 157 156.7 156.7 157 158.1 158.3 156.9 155.4 155 153.8 153.8 154.6 155.1 154.3 153.5 154 154.9 155.5 156.7 158.4
127.1 127.1 127.3 128 128.8 129.5 132.6 134.7 138.6 143.3 150.2 156.6 161.3 163.1 166.2 168.8 170.1 169.1 171.4 171.2 170.5 170.5 168.5 164.1 159.1 165 168 168.2 165.4 163.8 163 163.7 163.6 163.2 162.7 160.5 159.6 160.2 161.2 161.6 161.7 162.1 162.7 163.1 162 160.2 159 158.2 158.6 157.8 156.4 154.5 151.6 156.7 159.9 160.3 159 158 158.4 160 159.3 159.7 159.8 159.8 159.4 158.4 157.7 156.4 154.7 155.2 156.4 155.9 155 154.6 155.7 157.1 158.1 158.8 160.1
124.4 124.3 125.3 127.3 129.2 129 130.6 132.7 136.2 140.2 146.5 153.1 159.6 162.9 166 169 171.4 173.2 172.8 174.1 173.6 172.6 169.8 166.7 166.5 170.1 171 170.7 166.8 164.4 163.9 165.3 163.9 163.9 162.9 160.4 160.9 161.7 162.7 163.3 163.7 164.1 164.4 165 163.5 161.8 160.4 161 161 159.3 156.9 154.6 154.2 157.5 161 161 160.9 160.6 159.5 160.5 161.5 161.4 161.4 161 160.3 160.7 159.9 158.1 157.1 156.8 157.4 157.1 156.3 156.2 157.9 159.3 160.4 161.4 162.1
124.5 125.5 125.8 127.8 129.3 129.6 130.9 134.1 134.1 138.1 144.1 151.6 158.7 161.7 164.4 168.9 172.2 174.5 176 176.1 175.7 173.7 172.1 170.6 170.8 171.4 171.7 170.8 168.3 167 165.8 166.4 166.4 166.1 164 163 162.7 163.3 164.8 166.8 166.4 166.6 167 167.3 165.6 163.9 162.2 161.8 161 159.7 157.3 155.8 155.2 155.1 160.9 160.7 160.5 160.9 160.5 161.7 163.3 163 162.4 161.5 160.6 160.9 159.4 160.3 159.5 158.7 159 158.4 157.8 158.2 160 160.7 162 163.2 164.3
126.6 128.6 128.5 128.3 129.4 132.4 135.3 137.3 135.5 136.8 143.4 149.3 154.9 159.8 164.5 168.9 172.3 175.8 176.4 177 175.7 175.3 176 173.3 174.1 173.8 174.1 172.4 169.7 168.6 168.5 168.8 167.9 166.9 164.7 164 164.6 166.5 167 169.9 171.1 170.8 171.2 171.1 168 165.7 164 162.2 160.3 159.2 158.1 157.2 156.4 150.8 159.1 160.7 161 161.2 161.1 163 164.3 163.1 161.9 161.4 160.8 160.8 160.8 159.7 161 161 160.5 159.9 159.6 159.3 160.5 161.5 162.7 164.2 165.7
130 131.5 131.7 132.7 132.6 136.5 140.9 142 141.5 139.4 144.2 151 157.4 161 165 169.1 172.6 175.1 176.8 177.9 177.5 176.8 175.9 175.3 175.4 175.6 175.7 175.4 173.1 171.6 171.4 171.3 169.2 168.5 166.6 166.4 168.3 170.3 170.4 171.2 172.8 174.5 175 174.6 170.9 167.4 164.4 163.4 161.8 161.3 160.8 159.6 158.3 149.8 159.5 161.2 161.2 161 161.1 162.6 163.9 162.9 159.9 159 158.1 155.7 155.4 158 159.1 161 161.2 161.1 160.2 161 161.1 161.8 162.5 163.7 165
133.7 136.8 138.1 138.9 135.8 138.7 146.5 147.6 145.8 140.8 141.2 149 157 162.5 165.3 168.4 172 175.2 177.8 178.8 178.5 178.4 178 177.5 177.3 177.2 176.7 176.2 175.5 174.6 174.2 173.9 172.6 170.6 169.5 168.9 171.7 173.7 174.7 173.8 175.4 177.1 178.1 176.5 173.7 170.3 167.5 165.9 165.3 164.4 163.6 162.4 161.2 154.8 160.4 161 160.9 160.5 161.1 161.8 161.5 161.9 158.1 152.9 150.8 149.4 153 159.5 160.6 161 161.3 161.4 160.1 161 161.2 161.4 162.1 163.3 163.8
139.9 142.8 145 144.8 140.9 141.6 149.4 152.1 150.4 145.2 139.6 145.6 152.4 158.2 163.5 167.2 171.7 175.4 177.9 178.2 178.2 178.4 178.2 178 177.8 177.5 177 176.6 175.9 175.5 175.9 176 175.2 174.2 173.3 171.2 174.6 176.6 177.2 177.5 178.4 179.8 180.1 178.7 176.8 173.5 171.7 170.7 169.6 168.1 167.1 165 164.4 159 155.7 159.7 160 159.9 160.2 158.8 158.2 158.3 154.5 150.4 149 149 154.4 161.2 160 161 161.5 161.5 160.5 161 161.2 161.5 161.7 162 162.2
146.8 148.1 149.5 150.3 145.1 147.5 152.7 155.3 154.5 148.8 142.5 145.5 146.3 152.8 157.4 163.3 170.6 176 177.5 177.7 178 178.3 178.3 178.1 177.9 177.6 177.4 176.9 176.3 176.2 177 178.1 177.4 176.8 176.1 174.2 176.7 178.8 180.1 180.9 180.3 180.7 180.5 179.2 179.5 177.5 176 174.4 173 171.2 171 170.2 169 160.3 150.9 158.8 157.8 157.7 158 156.4 154.3 153.7 152.9 151.2 148.5 147.9 154.4 160.5 159.9 161.1 161.7 161.5 160.9 160.7 161.2 161.4 161.4 160.4 160.7
148.2 151 152.6 154.1 152.7 154.8 157.1 158.8 158.4 153.6 148.5 150.7 151.7 152.5 155 161.6 169.3 175.6 177.2 177.4 177.7 178 178.3 178.1 177.9 177.7 177.5 177.2 176.7 177.3 178.1 179.1 179.6 179.2 178.4 177.7 179 181 181.3 181.4 181.1 181.3 181.1 180.7 180.4 177.5 176.2 175 172.5 171.5 171 171 170 164 148.4 155.7 155.1 156 156.1 155 152.7 150.7 150.9 150.6 146.1 145.7 151 153.6 156.1 160.2 160.8 161.8 161.3 160.7 161.2 160.5 160.5 158.8 157.7
151.7 153 154.3 156.2 158.4 159.4 160.9 162.1 162.3 159.2 152.8 155.7 159.3 160.2 163.5 165.9 171.1 175.5 176.2 177 177.5 177.8 178.1 178.2 178 177.7 177.5 177.3 177.5 178.4 179.1 179.4 180.1 180.4 180.7 180 179.8 181.4 181.7 181 179.9 179.1 179.8 180.9 180 177.3 174.2 171.5 171.7 171.8 171 170 165.2 160.3 150.4 152.6 153.3 154.7 155.6 153.7 151.5 149.1 149.1 147.8 144 145.5 149.9 149.6 151.5 153.5 154.8 160.8 160.8 160.9 159 158.1 157 155.5 154.7
153.8 155.7 156.9 158.1 159.7 160.7 163.3 165.6 166 164.2 161.9 162.5 166.1 166.7 167.5 168.1 170.2 173.7 175.6 176.1 176.7 177.3 177.9 178.2 178 177.9 177.9 177.7 177.6 178.4 179.1 179.5 180.2 180.4 180.6 180.9 180.9 181 180 176.2 174.6 175.2 177.7 179.4 178.7 175.9 172.4 168.4 166 168 167.5 164.7 160.5 157.2 153.2 148 149.9 151.1 150.9 150.7 148.8 146.7 145.2 144 144 145.7 146.4 145.2 145.5 146.3 149.7 155.9 158.5 160.5 157.8 155.3 156 154.1 152.1
155.3 157.6 159.5 161 160.3 161.6 164.1 165.6 165.7 167.3 166.9 167.4 166.7 166.5 168.6 169.2 169.3 171.7 173.7 175.7 175.7 176.3 176.9 177.6 177.4 177.3 177.2 177.1 177 177.3 178.2 179.9 180.1 180.3 180.6 180.8 180.9 180.2 174.7 169 166 168 173.5 176.5 176.6 174.6 170.9 165.3 158.9 160.4 160.9 159.4 156.7 154.3 151 146.3 146.5 146.9 147.5 146.6 145.8 144 142.5 141.4 140 143.4 143.8 142 141.9 143.7 146.9 149.6 153.8 156.3 155.9 155.5 152.5 149.6 149
155.9 158.6 161 160.9 161.1 163.1 164.4 165.6 166.6 168.2 169 166.2 166.3 166.6 167.2 168.1 169.4 170.8 172.8 173.8 174.8 175 176.1 176.5 176.9 176 175.6 175.5 175.3 176.2 178 179.7 180.9 180.7 180.9 180.9 180 177.6 173.3 167.2 160.3 160.7 166.3 172.4 174.5 171.1 168.1 164.1 158.1 154.9 154.7 155.1 152.4 150.3 148.6 145.3 143.1 142.9 142.3 143.2 142.2 141.7 140.5 139.8 139.7 139.9 139.6 139.7 141.3 143.4 147.2 150.9 151.1 152.9 154.8 155.7 152.7 149 145.9
155.6 158 160.5 160.1 162 163.8 166 165.3 166.7 167.9 169.2 166.9 167.9 167.4 167.6 168.6 170.6 171.1 171.2 172.4 173.5 174.6 175.1 175.4 175.8 175.8 174.7 174.5 174.6 176 177.6 179 180.6 181 181.1 180.8 176.9 174.4 170.3 163.9 158.1 154.6 160.7 166.1 166.8 167.3 165.9 162.9 157.5 151.6 149.6 150.3 148.3 146.9 145.6 143.5 144.3 140.2 139.3 139.5 139.2 139.5 138.5 138.1 137.6 137.7 138.4 139.3 143 146.6 150.1 150.9 149.6 149.4 153.1 155.7 154.3 150.4 144
154.3 156.8 159.3 160.4 161.5 163 163.6 165.6 165.4 166.6 167.5 167.6 168.4 169.4 169.1 167.7 168.2 169.7 169.5 171.1 172.3 173.8 175 174.4 175 175.9 174.8 173.2 172.8 175 176.7 177.5 179.2 180.5 180.1 178.6 174 169.7 165.3 159.4 154.5 150.8 154.6 159.4 161.1 161.9 162.6 161.9 157.1 152.6 148.2 144.5 145.2 144.6 143 141.3 144.3 138.5 137.5 137 137.1 137.1 136.8 136.6 135.8 136 138.2 141.1 145 149.1 151.4 150.2 144.2 149.1 156 156 153.5 150.7 149.3
153 155.4 157.7 159.6 160.1 159.5 160.7 163.1 163.6 165.7 164.4 166.2 167.3 167.7 167.5 165.1 166.3 166.7 167.3 169.5 170.4 172.7 174.1 174.4 175.1 174.5 172.8 171.8 170.7 172 174.5 176 177.8 178.6 178.9 177.2 175.6 169.4 163.6 160.9 157.5 151.5 149 152.2 154.3 157.6 159.5 160.6 157.5 154 149.7 145.3 144.5 143.1 140.5 139 143.6 137.3 136.2 134.8 134.7 135.1 135.5 135.1 134 134.5 138 142.1 145.6 146.7 148.5 144.3 143.7 151.8 156 155.6 153.5 151.2 150.8
152 154.2 154.8 156.3 156.4 155.8 157.7 160.3 161.5 163.4 162.9 165.4 165.8 165.7 165.8 163.8 163.8 164.2 165.4 168.8 171.2 172.6 173.2 173.3 173.4 172.7 170.7 170.1 169.1 169.6 172.6 174.9 177 177.4 177.6 177 176 173.7 170.1 166.7 162.4 157 150.5 149.1 149.1 153.2 155.9 158 157.4 156.3 152.2 147.7 145.6 142.8 140.4 139.4 138.4 140.1 136.3 134.8 134.6 134.3 134.7 133.7 133.7 133.9 137.2 139.8 141.3 143.4 144.6 140 144 151 152.7 152.3 152.6 151.1 150.2
150 151.6 150.7 152.5 151.8 150.8 155.5 158.8 159.4 160.8 159.9 160.9 162.4 162.9 162.9 162.8 164.1 165.4 167.1 169 171.3 172.1 172.3 172.4 172.5 170.5 168.6 167.9 168.2 169.5 171.3 173.4 175.9 176 176.1 174.4 173.6 171.9 170.9 168.4 163.9 159.3 154.2 148.3 144.2 148.3 152.6 155.9 157.1 157.1 154.8 150.1 148.4 144.7 143.2 141.4 140 144 138.9 137.7 136.1 135.1 134.1 133 133.1 133.8 137.4 139.6 141.1 144.4 141.9 138.9 142.6 147.6 148.4 148.1 148.1 149 148.5
147.6 147.5 146 148.8 146.7 147.5 154.6 157.1 156.2 158.7 157.1 156.4 157.3 159.5 159.9 163.4 164.8 166.4 168.1 169.7 170.6 171.3 171.3 171.5 170.3 168.4 166.4 165.6 166.5 168 169.5 171.3 172.8 175.1 171.8 169.5 170 169.7 169.4 166.9 164.5 160.9 156.2 150 144.9 144.3 148.7 156 156.3 156.8 155.4 154.8 152.6 150.1 147.7 146.5 145.2 144.6 142 140.3 138.6 136.6 134.8 133.2 133.5 135.6 139.4 141 143.3 145.2 141.2 134.5 138.7 142.9 143.5 143.5 143.6 145.2 145
143.9 144.1 140.8 142.4 141.7 145.5 151.1 152.9 153.1 154.6 151 153.7 158.1 160.8 162.8 164.6 165.5 166.9 168.4 168.8 169.2 169.6 170.5 169.7 167.9 166.1 164.4 164.2 165.7 166.6 167.9 169.1 169.6 169.1 166.6 164.5 165.2 168.7 168.6 165.7 163.7 161.6 158.7 153.5 146.6 143.5 145.6 150 152.1 154 153.6 156 156.2 156 154.1 152.3 150.1 147.3 144.1 140.9 139.3 138 136.2 133.1 133.2 137.4 141 141 142 140.9 137.1 134.4 135.9 139.1 139.7 140 140.2 141.3 141.4
138.6 138.1 135.6 134.8 135.6 142.3 146.3 148.1 148.7 146.6 150.8 156.6 161 161.3 164.2 166 165.6 166.6 167 167.4 168.1 169 170 168.6 166.3 164.5 164.4 163.7 164.5 165.6 165.7 166.5 166.4 163.5 161.7 162.9 164.8 167 167.7 165.6 162.2 160 156 151.7 145.3 141 140.9 143.1 144.8 147.4 153.2 156.2 156.5 156.4 156.2 156 152.8 149.4 144.9 143.4 142.5 139.6 136.8 134 131.6 133.9 137.9 139 138.5 136.2 133.1 130.8 132.4 135.4 136.2 136.6 136.8 137.4 138.8
133.2 132.7 134.3 135.4 138.4 139.6 140.1 144.2 145.5 145.7 152.2 156.2 159.9 161.5 163.5 165.1 164.8 165.3 165.9 166.7 167.6 168.4 169.4 167.4 164.9 163.5 162.6 161.9 162.6 163.7 164.8 164.3 163.3 159.5 159.1 165.4 165.8 166.7 167 165.4 160.9 155.2 152.1 148.9 144.7 142.1 139.8 139.3 144 149.1 156 156.4 156.7 156.7 156.4 156 153.4 150.9 143.6 145.9 145.2 140.1 137.3 136.2 133.1 130.5 132.3 133.2 132.4 130.5 129 129 129 131.7 132.6 133.1 133.6 136 136.9
