data/450000-1160000.asc
ncols 200
nrows 200
xllcorner 450000
yllcorner 1160000
cellsize 50
[rows 114 to 151 of 200, columns 86 to 171 of 200]
11.1 19.6 28.3 32.9 38.1 42.9 45.7 40.6 32.4 29.3 33.8 34 37.6 39.9 40.8 49 43.4 39.7 37.6 35.8 37.7 47.6 45.2 38.9 35 35 35 35 35 35 38.3 39.7 42.2 47.2 52.2 60 63 66.3 67.7 67.4 64.5 60.9 57 53.7 50.9 47.9 45.9 45.3 44.1 43.4 43.1 42.5 42.3 41.7 41.4 40.2 39.5 39.6 36.5 34.7 32.9 32.1 31.8 31.8 31.8 31.8 31.8 31.8 31.8 31.8 31.8 30.7 28.2 29.6 30.6 28.9 26.6 24.2 21.6 19.8 18 15.5 13 -0.8 -0.8 -0.8
14.2 21.5 29.7 33.1 38.8 44.7 43.8 38.8 31.9 39.5 41.6 40.1 41 42.3 44.7 43.7 38.9 38.3 36.8 37.1 36.8 42.3 40.5 35 35 35 35 35 35 35 35.1 39.5 46.7 49.3 49.8 56.2 64.3 67.6 69.3 67.8 64.9 61.7 58.1 55.9 53.9 52 49.9 49 47.4 45.4 43.5 42.7 42.6 42.1 41.2 40.7 41.1 41.5 38.5 35.4 33.5 32.4 31.4 31.2 31.8 31.8 31.8 31.8 31.8 31.4 28.7 30.3 29 27.5 27.3 25.1 21.7 19 16.5 16.4 16.9 13.8 -0.8 -0.8 -0.8 -0.8
15.9 23.7 29.9 33.6 36.2 39.4 36.9 33.6 36.8 44.4 46.5 47.1 47.3 47.2 44.9 41 39 38.9 37.6 38.2 38 37.6 38.3 37.8 36.1 35 35 35 35 35 35 40 46.8 49.5 50.8 55.3 61.9 68 68.7 67.5 67.6 64.6 61.8 59.9 57.7 55.9 54 52.7 50.7 48.7 46.8 45.1 43.4 42.9 43.8 44.9 44 43.5 40.3 36.9 32.9 32.2 30.8 29.7 31.8 31.8 31.8 31.8 28.9 28.7 28.8 28.2 27.4 27.1 26.8 23.5 19.4 15.3 12.5 12.9 11 7.3 -0.8 -0.8 -0.8 -0.8
15.9 24.7 31 34.3 34.2 33.8 32 36 43.1 49.1 53.6 52.2 49.2 48.5 44.6 40.9 39.4 40.8 43.1 42.7 39.2 41.1 43.6 43 39.7 35 35 35 35 35 35 37.5 43.5 48.7 51.6 54.9 60.5 65 68 69.1 69.4 69.4 65.8 63.8 61.5 59.7 57.9 56 53.9 51.8 50.1 48.4 46.8 47.4 48.3 49.6 48.9 46 42 37.2 33.3 31.8 32.2 32.4 28.9 30.5 31.8 29.5 30 30 29.5 28.9 27.5 26.9 27.1 21.3 15.9 10.6 11.2 11.1 7.7 -0.8 -0.8 -0.8 -0.8 -0.8
15.5 24.6 31.3 33.1 32.2 30.9 33.6 45.3 56.4 62.7 63.6 57.9 53.6 48.2 46 42.9 42.8 48.6 46.4 44.7 42.7 45 47.7 47.1 44 37.5 35 35 35 35 35 35 39.3 48.1 53.5 55.7 57.8 61.6 66.5 69.4 69.3 69.3 69.4 67.6 65.3 63.5 60 58.3 57.2 55.2 52.8 51.6 50.4 51.6 52.8 54.2 54.6 50.1 45.1 40 37.8 36.6 36.7 34.2 30.8 29.1 31.8 31.6 30.9 31 31.3 29.5 27.3 26.6 22.9 17.4 11.1 8.5 8.8 9.6 7.8 -0.8 -0.8 -0.8 -0.8 -0.8
18.3 25.3 30.1 30.6 32.3 37.3 48.6 62.7 71.7 75.4 70.2 64.2 56.3 54 52.9 49.8 47.7 47.2 46.1 45.6 47.7 50.2 54.9 52.7 47.1 39.5 35 35 35 35 35 35 36.2 44.9 51.9 53 54.9 58.9 64.4 69.4 70.6 70.8 70.6 70 68.7 64.6 62.3 60.5 59.4 57.7 56.5 55.3 54.3 55.7 57.2 58.3 58.3 53.1 47.5 42.6 40.8 41.2 42.7 39.6 33.6 31.2 29 30.4 31.6 32.6 32.4 29.5 26.5 23.6 17.7 12.7 7.5 3.9 3.6 4.9 -0.8 -0.8 -0.8 -0.8 -0.8 -0.8
21.8 24.2 27 34.4 41.8 49.3 67.4 75.2 78.2 78 74.9 69.1 61.5 61.6 59.9 53.9 49.1 47 47.7 50.9 55.2 58.1 61.4 56 48 41.9 35.7 35 35 35 35 35 35 39 47.3 49.6 52.1 55.6 61 66.8 68.6 70.1 70.3 69 67.1 64.1 64.4 61.6 59.4 57.8 56.3 56.5 57.7 58.2 58.8 60.2 59.8 55.5 49.9 45.4 43.6 48 47.9 41.7 36.4 34.3 32.7 32.5 32.6 32.4 28.3 27.6 26.9 20.6 13.6 6.9 -0.8 -0.8 -0.8 -0.8 -0.8 -0.8 -0.8 -0.8 -0.8 -0.8
21.6 22.3 30.9 43.5 50.7 56.3 70.9 77 78.7 81.3 79.7 75.1 67.1 64.8 60.3 54.9 49.2 50.7 52.7 57.3 60.3 62.5 63.8 57.2 49.6 43.8 38.1 35 35 35 35 35 35 37.2 42.3 45.3 49.6 52.3 58.4 63.7 65.5 67.7 68.4 67.4 65.5 63.1 61.7 61.5 59.7 59 58.3 58.3 59.4 59.9 60.4 60.4 58.2 56.2 51.2 48.3 48.2 48.5 47.7 42.8 40.6 39.8 38.2 36.3 34.1 31.3 28.5 28.3 27.4 20 11.6 -0.8 -0.8 -0.8 -0.8 -0.8 -0.8 -0.8 -0.8 -0.8 -0.8 -0.8
20.9 23 34.8 46.7 53.6 58.5 67.1 70 76.3 82.4 80.6 76.3 71.1 66.1 61 54.7 55.5 58.6 60.1 62.6 64.5 63.5 61.3 57.6 50.1 43.5 38.2 35 35 35 35 35 35 35.4 38.9 41.4 48.1 49.6 55.6 61 63.8 64.9 65.7 65.8 63.8 62.1 60.8 60.3 61.4 61.9 61.3 61.4 61.5 61 60.6 60.1 57.6 54.2 50.3 49.4 48.4 47.3 44.8 44 44.2 44.5 42.9 40.5 40.7 34.4 30.1 27.4 24.8 14.8 7.6 -0.8 -0.8 -0.8 -0.8 -0.8 -0.8 -0.8 -0.8 -0.8 -0.8 -0.8
21.5 26.2 33.2 44.5 52.6 59.4 64.5 67.3 68.4 69.5 68.6 69.8 74.3 66.6 59.6 55.7 63.9 65.6 66.2 66.3 68.7 67.2 63 58.9 51.1 42.9 37.6 35 35 35 35 35.7 35.9 36.6 38.2 42.3 46 47.6 52.6 60.1 61.4 62.1 62.9 63.7 62.6 61.5 60.7 59.9 60.9 63.2 64.3 63 61.4 60.5 60 58.8 55.4 52 49.9 48.4 47.5 46.4 45.6 47.8 49 49.8 48.1 45.1 45.8 40 33.9 25 17.9 9.4 3.7 -0.8 -0.8 -0.8 -0.8 -0.8 -0.8 -0.8 -0.8 -0.8 -0.8 -0.8
28.5 32.5 35.3 40.6 48.1 55.7 61.5 65.5 67.8 67.8 64.7 74.7 71.8 64 59.5 67 69.5 68 72.7 72.9 72.5 69.5 65.4 59.6 51.2 44.1 38.1 35 38.7 45.6 43.5 42.1 41.3 39.2 39 43.2 45.8 48.5 54.1 57 58 60 60.3 61 61.1 61.3 60.5 59.7 60.3 62.3 62.5 62.1 61 60.1 59.5 56.6 53.1 51.1 49.7 47.6 46.7 46.5 48.3 50.6 51.7 51.4 48.9 48 48.3 42.4 33.6 23.2 13.3 6 -0.8 -0.8 -0.8 -0.8 -0.8 -0.8 -0.8 -0.8 -0.8 -0.8 -0.8 -0.8
35.2 40.8 41.8 43.5 45.6 48.4 54.4 65.7 64.5 65.4 63.2 64.3 64.6 59.5 65.1 71.6 70.3 70.4 75.1 78.6 77 72.6 66 59.2 51.8 45.6 40.2 41.3 47.5 52.2 49.6 47.3 45.2 43.2 43.8 45.9 48.5 50.4 51.7 52.6 54.6 57.1 58.5 59.3 57.1 57.6 58.2 58.7 59.1 59.4 59.2 58.4 57.7 56.8 56.6 53.5 50.6 49.8 47.6 47.4 47.6 48.8 50.4 52.9 53.6 51.1 48.9 49.5 48 41 31.2 20.2 10.4 3.9 -0.8 -0.8 -0.8 -0.8 -0.8 -0.8 -0.8 -0.8 -0.8 -0.8 -0.8 -0.8
40.7 45.8 47.3 47.6 48.2 49 50.6 56.5 57 61 62 63.6 62.7 60.7 69.2 73.9 72.6 74.4 79.3 80.4 79.6 70.5 63.5 57.5 52.5 47.1 44.4 47 52.8 55.5 52.5 50.5 48.5 47.7 48.8 51.3 52.6 51.8 52.1 54 56.9 59 60.5 60 55.7 53.9 54.6 55 55.4 54.8 54.7 54 53.1 52.1 51 48.9 48.4 47.9 47.4 48.5 50.6 51.8 53.3 54.7 55.4 52.6 49.6 48.8 44.4 37.5 28.8 17.3 8.6 3.4 -0.8 -0.8 -0.8 -0.8 -0.8 -0.8 -0.8 -0.8 -0.8 -0.8 -0.8 -0.8
44.3 46.6 46 50.3 52.2 52.3 52 51.3 52.6 57.7 61.1 63.8 63.4 65.9 70.8 75.7 75.7 75.6 74.9 75.8 72.9 67.7 60.6 55.4 52.1 48.9 50.1 51.2 55.8 56.7 55.3 53.4 53.2 52.9 53.2 55.7 53.2 52.5 54.6 57.2 60.1 62.2 64 60.6 55.8 50.6 49.6 49.9 50.1 49.2 48.7 47.7 46.4 44.6 45.7 44.3 45.4 47.9 51 53.6 55.5 56.1 56.9 58.1 58.1 54.8 47.9 45.7 39.2 31.8 24.3 15.5 6.7 2.5 -0.8 -0.8 -0.8 -0.8 -0.8 -0.8 -0.8 -0.8 -0.8 -0.8 -0.8 -0.8
37.7 43.6 49.3 55.6 56 56.1 55.7 52 51.8 54.6 62.3 66.1 65.9 70.4 72.8 75.9 78.1 77.1 73.3 69.4 66.8 62.9 58.5 56.4 53 51.7 54.8 57.5 56.5 55.4 55.3 60.8 57.1 57.8 58 57.1 54.3 56.6 58 60.3 63.2 66.3 67.2 62.6 56.3 50.8 48.4 46 43.9 42.7 41.3 38.9 38.9 39.8 40.8 40.5 42.7 47.2 51.2 54.4 56.9 58.6 59.8 60.6 60.9 56.1 48.7 42.6 34 28.2 20 12.5 6.8 3.8 -0.8 -0.8 -0.8 -0.8 -0.8 -0.8 -0.8 -0.8 -0.8 -0.8 -0.8 -0.8
35.6 40 52.6 55.8 55.1 56.9 57 54.7 52.6 52.8 57.4 62.6 69 72.4 74.9 74.3 74.1 74.3 73 69.9 65.2 62.2 60.1 58.2 55.6 56.3 59.5 60.1 59 61.8 66.5 66.7 60.9 59.7 58.7 56.5 55.5 61.3 60.7 60.1 60.5 63.8 66.8 64.1 56.7 50.9 47.3 44.7 42.9 40.9 38.9 38.9 38.9 38.9 38.9 38.9 41.6 46.1 50.6 54.9 57.9 59.5 60.3 61.4 63.3 57.2 49.2 43.6 34.7 24.3 16.2 8.7 6.9 8 -0.8 -0.8 -0.8 -0.8 -0.8 -0.8 -0.8 -0.8 -0.8 -0.8 -0.8 -0.8
35.5 36.6 44.7 48.7 52 55.1 55.9 55 53.3 54.6 57.9 61.7 69.6 75.8 76.7 74.5 73.4 73.2 74.6 74.3 70 70.3 64.7 61.5 59.6 58.8 59 59 58.8 68 71.8 68.5 63.9 61 57.5 55.7 57.2 60.7 60.1 60.1 60.1 64.4 65.3 61.6 56.7 51.3 47.7 43.6 40.8 38.9 38.9 38.9 38.9 38.9 39.4 45.5 48.4 51.1 53 55 57.3 58.3 59.1 63 66.5 57.3 48.2 41 31.1 20.1 11.1 9 7.9 5.3 -0.8 -0.8 -0.8 -0.8 -0.8 -0.8 -0.8 -0.8 -0.8 -0.8 -0.8 -0.8
35.8 36.4 39.2 43.6 48.3 51 51.7 52.6 58.5 58.8 62.5 66.3 69.7 72.7 74.6 75.2 75 76.9 78.3 80 80.9 79.2 74.5 69.7 65.4 60.2 58.8 58.8 61 68 67.6 64.4 66.9 63.1 58.2 57.1 58.5 60 60.1 60.1 60.2 66.5 64.1 60.6 56.1 53.3 50.2 45.2 40.1 38.9 38.9 38.9 38.9 38.9 46.2 49.1 49.7 50.9 57.1 55.1 54.5 56.3 57.4 59 58.5 53.2 43.4 34 24.1 12.4 6.7 7.9 4.7 -0.8 -0.8 -0.8 -0.8 -0.8 -0.8 -0.8 -0.8 -0.8 -0.8 -0.8 -0.8 -0.8
36.2 36.3 38.2 41.1 43.8 47.5 49.6 57.9 63.3 63.1 67.5 72.4 72.4 73.7 76.9 76.3 80.7 83.3 82.3 84 84.9 83 78.6 74.1 69 60.7 59.3 63.8 61.1 60.1 59.5 61.5 68.5 63.2 58.1 59.7 60.7 60.1 60.1 60.1 65.1 69 65.4 61.9 57.4 54.7 50.2 45.4 42.1 39.4 43.9 38.9 38.9 46.6 49.6 48.6 44.5 51.2 59.1 54.6 51.6 54.4 53.8 52.6 54.3 48.9 37.8 26.9 15.3 -0.8 -0.8 -0.8 -0.8 -0.8 -0.8 -0.8 -0.8 -0.8 -0.8 -0.8 -0.8 -0.8 -0.8 -0.8 -0.8 -0.8
32.9 34.3 34.9 37.7 39.4 43.5 50.7 58.6 63.1 68.7 70.8 71 70.6 72.1 77 80.5 82.7 83.4 83.5 83.4 82.4 78.5 75.9 72.7 68.6 62.6 71.1 68.8 63.6 59.1 56.9 59 60.6 59 59.7 62.2 63.9 63.8 64.9 66.6 70.2 73.4 70.3 61.9 56.9 53.5 48.9 46.4 43.5 43.9 41.2 38.9 44 49.1 46 40.4 42.5 47.7 53.2 51.1 50.3 52.6 49.4 47.6 48.3 40.1 31.1 -0.8 -0.8 -0.8 -0.8 -0.8 -0.8 -0.8 -0.8 -0.8 -0.8 -0.8 -0.8 -0.8 -0.8 -0.8 -0.8 -0.8 -0.8 -0.8
27.2 28.5 29.7 32.1 36 41.3 49.3 57.2 65.8 68.6 69.1 68.5 70 73.2 71.5 72 74.8 77.9 78.6 76.8 75.6 73.7 73.3 70.5 68.9 71.4 75.7 70.1 62 57.1 54.5 56.6 59.3 59.6 60.9 64.3 64.8 68.1 71.3 72.6 74.9 74.5 67.8 58.1 55 51.7 47.5 45.9 45.3 44.8 39.7 38.9 41.4 39.9 39 38.2 37.5 41.4 44.8 46 46.8 47.5 45.6 44.6 40.1 32.4 -0.8 -0.8 -0.8 -0.8 -0.8 -0.8 -0.8 -0.8 -0.8 -0.8 -0.8 -0.8 -0.8 -0.8 -0.8 -0.8 -0.8 -0.8 -0.8 -0.8
24.4 25.7 26.6 29.2 33.5 38 46 53.3 58.5 60.4 65.4 65.4 65.7 66.9 66.1 66 67.3 68.2 69 69.1 70.8 75.3 74.6 71.7 69.6 77.6 75.4 67 59.8 54.5 51.6 56.8 59.7 58.7 61.3 61.7 61.9 63.3 67.7 69 69.6 67.4 61 53.2 50.8 49.3 45.5 45.1 45.2 46 42.3 39.3 38.1 37 36.4 35.9 35.2 36.1 37.8 39.8 41 40.2 37.8 36 28.3 -0.8 -0.8 -0.8 -0.8 -0.8 -0.8 -0.8 -0.8 -0.8 -0.8 -0.8 -0.8 -0.8 -0.8 -0.8 -0.8 -0.8 -0.8 -0.8 -0.8 -0.8
21.7 21.8 23.1 26.4 30.9 36.8 39.3 44.9 50.5 54.2 59.9 63.2 63.7 63.4 62.9 63.6 63.6 64.8 66.7 65.8 68.8 72.6 73.3 72.1 78.8 78.8 70.7 62.4 54.5 47.9 46.5 51.4 54.8 55.7 59.7 61.1 61.4 62.8 65.1 64.7 65.7 64.8 56.1 49.5 46 44.3 45.8 46.3 44.9 43.3 39.6 36.9 35.2 34.3 33.8 33.3 32.6 32.9 33.5 34.9 35.4 32.6 29 24.3 16.7 -0.8 -0.8 -0.8 -0.8 -0.8 -0.8 -0.8 -0.8 -0.8 -0.8 -0.8 -0.8 -0.8 -0.8 -0.8 -0.8 -0.8 -0.8 -0.8 -0.8 -0.8
13.4 15.2 16.8 20.9 30.8 33.5 35.1 38.5 44.1 49.3 55.6 59.6 62 64.4 62 61.2 60.5 61 61.8 63.6 66.9 70.4 72.1 77.3 84.2 73.5 64 55.8 47.1 46.5 46.5 47.5 51.5 52.4 54.4 56.3 58.3 62.5 65 66.8 63 59.8 53.5 48.5 44.9 43 44.4 47.6 42.5 39.6 36.8 34.2 32.2 31.7 30.8 30 29.1 30.2 31.5 31.3 30.7 25 19.1 14.5 -0.8 -0.8 -0.8 -0.8 -0.8 -0.8 -0.8 -0.8 -0.8 -0.8 -0.8 -0.8 -0.8 -0.8 -0.8 -0.8 -0.8 -0.8 -0.8 -0.8 -0.8 -0.8
-0.8 -0.8 -0.8 11.4 16.4 21.7 29.1 33.2 37.2 46.6 52.6 55.4 57.8 59.2 57.8 57.7 57.4 57.8 58.2 61.1 65 69.3 75.4 82.1 77.3 68.5 58.5 51.1 46.5 46.5 46.5 46.5 48.2 50.8 52.2 54.1 56.7 60.3 62.2 64 59 54.8 51.4 46.9 43.4 42.9 43 42.2 38.1 34.2 32.2 29.9 29.9 28.9 27.7 26.5 25.6 27.1 29.6 30 25.7 19.6 13.6 9 -0.8 -0.8 -0.8 -0.8 -0.8 -0.8 -0.8 -0.8 -0.8 -0.8 -0.8 -0.8 -0.8 -0.8 -0.8 -0.8 -0.8 -0.8 -0.8 -0.8 -0.8 -0.8
-0.8 -0.8 -0.8 -0.8 9.6 16.9 23.1 25.9 33.6 43.8 48.6 51.1 51 52.9 52.4 52.4 53.2 54.8 56.2 61 69.8 76.2 78.3 75.9 71.8 63.3 54.3 46.5 46.5 46.5 46.5 46.5 46.5 47.9 51.5 55 57.8 57.3 57 56.9 56.9 56.9 57.1 47.4 42 41.3 40.3 35.8 31.3 29 26.5 26.1 27.1 27.5 26.3 25.1 23.5 19.8 22.7 22.9 20 14.4 8 -0.8 -0.8 -0.8 -0.8 -0.8 -0.8 -0.8 -0.8 -0.8 -0.8 -0.8 -0.8 -0.8 -0.8 -0.8 -0.8 -0.8 -0.8 -0.8 -0.8 -0.8 -0.8 -0.8
-0.8 -0.8 -0.8 -0.8 5.4 11.1 15.7 22.1 27.6 33 37.6 39.5 42.4 44.4 46 46.4 47.8 51.8 61 68 72.5 75.6 77.1 73.6 68.2 58.8 52.2 47 46.5 46.5 46.5 46.5 48 52.2 57.6 61.7 60.3 58.6 58.8 58.3 58.6 59.9 55.6 46 41.2 38.9 34.9 28.7 27.7 25.8 23.3 23.3 24.3 25.2 25 23.8 20.5 16.7 15.2 16 11.3 8.2 5 -0.8 -0.8 -0.8 -0.8 -0.8 -0.8 -0.8 -0.8 -0.8 -0.8 -0.8 -0.8 -0.8 -0.8 -0.8 -0.8 -0.8 -0.8 -0.8 -0.8 -0.8 -0.8 -0.8
-0.8 -0.8 -0.8 3.4 3.8 7.2 12.7 18.2 22 24.3 26 30.4 36.1 38.2 40.5 43.2 49.1 62.2 66.8 69.5 70.7 72.5 73.7 71.2 64 58.4 56.8 48.7 46.5 46.5 46.5 49.3 55.7 59.9 64.6 64.2 62.4 60.7 59.3 60.2 60.8 54.9 46.7 42.4 39.4 36.7 33 27.5 24.1 23.6 22.6 22 21.4 22.4 23.4 21.4 18.6 14.9 13.8 13 11.8 9.9 2.7 -0.8 -0.8 -0.8 -0.8 -0.8 -0.8 -0.8 -0.8 -0.8 -0.8 -0.8 -0.8 -0.8 -0.8 -0.8 -0.8 -0.8 -0.8 -0.8 -0.8 -0.8 -0.8 -0.8
-0.8 -0.8 -0.8 3.6 3.9 6.5 11.3 14.1 17.1 20.3 21.6 23.1 26.8 33.9 37.9 44.4 52.2 58.7 63.6 68.4 70 69.7 65.9 64.1 59.6 58.5 55.5 47.5 46.5 46.5 49.4 53.1 58.1 66.4 69.2 66.4 64.5 62.7 60.7 60.7 54.4 45.6 41.8 38.8 39.2 35.4 34.6 27.9 24.7 23.4 22.3 21.5 20.6 20.1 20 20.5 16.1 13.5 12.7 13.9 12.9 10.3 4.6 -0.8 -0.8 -0.8 -0.8 -0.8 -0.8 -0.8 -0.8 -0.8 -0.8 -0.8 -0.8 -0.8 -0.8 -0.8 -0.8 -0.8 -0.8 -0.8 -0.8 -0.8 -0.8 -0.8
-0.8 -0.8 3.2 2.8 3.5 4.5 9.5 12.4 14.9 18 20.2 22.1 23.9 28.5 34.8 41.9 48 51.7 56.3 68 68.1 64.6 60.7 56.6 53.2 51 49.1 46.5 46.4 48.4 52.9 56 61 68.3 69.5 66.8 66.5 64.7 62.8 58.1 49 43.6 40.1 39 40.3 42.7 40.8 31.8 29.1 29.3 25.7 21.7 20.2 20.1 19.2 16.8 15.8 11.8 11 11.6 12.7 7.3 -0.8 -0.8 -0.8 -0.8 -0.8 -0.8 -0.8 -0.8 -0.8 -0.8 -0.8 -0.8 -0.8 -0.8 -0.8 -0.8 -0.8 -0.8 -0.8 -0.8 -0.8 -0.8 -0.8 -0.8
8.6 5.7 4.1 4.9 5.2 5.7 7.6 12.4 14.7 18.1 19.6 20.7 21.8 22.6 31.3 40.9 47.3 50.6 58.8 64.5 62.6 59 55.4 52.8 50.4 48.1 46 46.1 46.1 49.5 55.1 59.4 61.9 66.8 66.5 67.1 66.1 64.6 63.2 54.9 47.8 45.5 44.9 46.4 45.6 43.2 41.9 35.9 35.4 37.1 31.6 25.3 22.9 20.4 20 22.3 18.1 12.9 8.8 7.4 1 -0.8 -0.8 -0.8 -0.8 -0.8 -0.8 -0.8 -0.8 -0.8 -0.8 -0.8 -0.8 -0.8 -0.8 -0.8 -0.8 -0.8 -0.8 -0.8 -0.8 -0.8 -0.8 -0.8 -0.8 -0.8
11.5 10.8 10.7 9.9 9.4 8.6 12.5 21.1 20.6 18.2 18.9 19.5 20.2 21.7 27.4 35.1 43.7 48.5 53.8 55 55.4 52 51.5 51.4 49.5 47.1 45.7 45.8 45.7 49 54.2 59.4 61.8 66 68 67.4 65.7 65.2 63.7 59.5 53.2 51.5 52 53 50.5 48.2 48.5 48 44.4 43.8 39.3 31.7 29.9 25.9 24.2 24.1 21.8 17.5 13.5 9.1 0.8 -0.8 -0.8 -0.8 -0.8 -0.8 -0.8 -0.8 -0.8 -0.8 -0.8 -0.8 -0.8 -0.8 -0.8 -0.8 -0.8 -0.8 -0.8 -0.8 -0.8 -0.8 -0.8 -0.8 -0.8 -0.8
15.9 16.4 15.5 15 14.8 12.7 14.2 16.8 18.7 19 19.2 19.9 20.5 21.6 24.4 30.1 36.8 46.5 49.3 48.9 49.7 50.1 50 49.8 48.6 46.7 45.2 45.2 45.4 47.6 52 56.5 61.7 65.4 66.8 66.5 65 66 66.1 63.1 61 59.4 58.5 59.2 57.2 54.3 55.9 55 52.4 48.3 43.7 36.9 32.9 30.4 23.4 22.4 26.3 20 19.4 9.8 -0.8 -0.8 -0.8 -0.8 -0.8 -0.8 -0.8 -0.8 -0.8 -0.8 -0.8 -0.8 -0.8 -0.8 -0.8 -0.8 -0.8 -0.8 -0.8 -0.8 -0.8 -0.8 -0.8 -0.8 -0.8 -0.8
17.7 18 20.1 20 20.1 18.2 16.6 17.3 20.5 20.5 20.8 20.2 20.8 21.3 23.7 28.4 29.7 34.8 38.5 43.3 45.2 46.3 47.3 47.5 47.8 48.3 45.8 44.6 45.4 47.6 50.7 57.1 61.5 65.1 65.5 65 67.7 70.7 71.7 72 69.6 67.4 64.6 64.3 60.2 64.6 62.1 59 55.4 50 45.9 43.2 39 34.5 26.5 27 25.2 20.6 18.4 5 -0.8 -0.8 -0.8 -0.8 -0.8 -0.8 -0.8 -0.8 -0.8 -0.8 -0.8 -0.8 -0.8 -0.8 -0.8 -0.8 -0.8 -0.8 -0.8 -0.8 -0.8 -0.8 -0.8 -0.8 -0.8 -0.8
22.8 24 24.1 24.2 24.3 23 20.8 22.8 26.9 26.2 24.6 22.4 22 21.8 22.8 25 27.7 30.1 33.2 37.6 40.8 42.2 42.7 43 43.2 43 42.3 41.3 42.5 45.1 47.9 52.3 56.5 59.7 62.6 65.9 71.7 77.1 78.6 78.9 74 70.4 67.3 65.8 64.3 70.8 68 60.2 54.6 51.9 49 44.2 38.2 32.3 30.1 32.4 27.3 24.4 14.8 -0.8 -0.8 -0.8 -0.8 -0.8 -0.8 -0.8 -0.8 -0.8 -0.8 -0.8 -0.8 -0.8 -0.8 -0.8 -0.8 -0.8 -0.8 -0.8 -0.8 -0.8 -0.8 -0.8 -0.8 -0.8 -0.8 -0.8
28.3 29.6 28.5 28.3 28 26.8 26.5 28.3 31.2 31.5 30.3 27.1 25.9 25.3 24.5 26.4 28.5 30 31.5 34.7 36.9 38.2 38.2 39 39.7 38.4 37.1 36.9 38.1 39.7 42.9 45.8 51.3 60.3 66.9 69.3 73.5 75.7 77.1 77.1 73.5 71.6 69.2 63.7 64.4 62.6 59.4 55.2 52.1 48.5 47.8 41 31.8 30.4 33.1 32.8 30.1 23.5 9.4 -0.8 -0.8 -0.8 -0.8 -0.8 -0.8 -0.8 -0.8 -0.8 -0.8 -0.8 -0.8 -0.8 -0.8 -0.8 -0.8 -0.8 -0.8 -0.8 -0.8 -0.8 -0.8 -0.8 -0.8 -0.8 -0.8 -0.8
37.7 37 36.4 36.4 34.2 34.1 37.9 35 35.2 38.3 36.9 33.1 30.8 28.7 29.1 28.7 30.2 30.4 31.9 33.3 34.7 36.9 38.7 37.3 35.7 33.4 30.9 30.9 30.9 34.7 39.5 44.2 50.4 59.6 63.6 64.9 66.8 69.3 69.4 69.3 64.5 60.9 58.4 57 56.6 52.3 50.1 47.3 44.7 42.9 39.1 33 29.1 29 27.5 27.2 23.7 -0.8 -0.8 -0.8 -0.8 -0.8 -0.8 -0.8 -0.8 -0.8 -0.8 -0.8 -0.8 -0.8 -0.8 -0.8 -0.8 -0.8 -0.8 -0.8 -0.8 -0.8 -0.8 -0.8 -0.8 -0.8 -0.8 -0.8 -0.8 -0.8
43 42.6 39.8 36.3 37.3 45.6 48.1 42.7 41.9 43.9 41.6 38.2 35.8 33 34.4 34.2 33.1 32.1 32.7 34 36.5 39.1 41.1 38.1 35 32.2 30.9 30.9 30.9 34.6 40.1 45.5 51.8 56 58.9 60.1 61.9 61.7 59.9 58.6 55.9 52.9 52.6 52.7 53.4 45.9 44 40.3 37.2 34.3 30.5 25 20 2.1 16.1 -0.8 -0.8 -0.8 -0.8 -0.8 -0.8 -0.8 -0.8 -0.8 -0.8 -0.8 -0.8 -0.8 -0.8 -0.8 -0.8 -0.8 -0.8 -0.8 -0.8 -0.8 -0.8 -0.8 -0.8 -0.8 -0.8 -0.8 -0.8 -0.8 -0.8 -0.8
