data/450000-250000.asc
ncols 200
nrows 200
xllcorner 450000
yllcorner 250000
cellsize 50
[rows 140 to 174 of 200, columns 78 to 155 of 200]
141.2 140.4 138.6 136.1 134.9 133.2 132.9 133.6 133.5 132.5 132.8 133 133.2 133.1 132.9 133.4 134.1 135.5 137 138.5 140.1 141.5 142.5 143.9 145.4 147.2 152.8 160.4 165.2 166.3 163.3 161.4 162.7 163.3 162 161.4 160.5 160.8 162.2 162.4 160.1 154 155.5 158.7 158.9 159.2 159.5 161.8 163.5 165.3 167.7 169.1 169.8 170.2 169.4 167.9 167 167.2 168.6 168.8 168.2 166.4 165.2 164.9 166.2 166.8 166.7 166.4 165.5 164.6 163.4 161.5 160.7 160.2 159.9 159.6 160.3 161.1
140.5 139.8 137.9 135.9 133.9 132.7 134.7 136.2 138.7 138.6 138.1 139 138.5 135.4 134.4 134 134.8 136.2 137.7 139.2 140.7 143.5 145.5 147 148.1 150.4 152.2 156.3 164.1 165 163.4 163.9 166 166.2 165 163.2 162.2 161.1 161.2 161.1 157.6 154.9 158.6 160.6 161.4 161.1 161 161.8 163.4 164.8 167.1 169.8 171.1 170.7 170.4 169.4 168.6 168.1 170.3 171 169.5 167.7 166 167 168.2 169.2 168.8 168.7 167.4 166 164.4 162.3 162.2 162.5 161.8 161.5 162 162.6
139.8 139 137.1 135.2 133.3 132.7 136.6 138.9 142.3 142.9 143 143.6 142.2 139.4 135.1 133.8 135.3 137 138.6 140.4 143 145.4 147.9 151.6 152.6 154.8 154.5 157.5 160.6 164.6 164 166.3 168.8 169.3 168.1 165.7 163.8 162.3 160.2 160.3 158.2 159.3 160.7 162.3 163.6 163.8 164.7 163.6 163.5 164.2 166.7 169.3 171.5 172.3 171.9 170.9 170.4 170.3 171 171.6 171 168.9 167.4 168 170.1 171.4 170.8 170.1 167.9 165.7 164.2 162.6 163.9 165 164 164 164.3 164.6
139 137.9 136.2 134.4 132.6 134.1 137.8 140.9 143.8 144.6 145.2 145 144.3 138.4 134.6 135.3 135.8 138.6 140 141.9 144.3 147 150.8 157.1 160.4 162.9 161.3 163.1 165 165.6 165.5 169.6 171.2 171.3 170.8 168.3 165.9 163.9 161.1 159.3 161.5 162.2 162.6 163.6 165.4 167.1 165.9 163.9 165 167.2 169.6 171.2 172.5 173.4 173.5 173.1 172.6 172.5 173 172 170.3 168.9 168.8 170.1 171.8 172.9 172.1 169.9 167.6 164.4 164.6 164.3 166.7 167.4 167.1 166.6 166.8 166.9
138.4 136.8 135.4 133.9 132.3 135.8 139.6 142.5 144.9 145.8 146.7 147.1 145.2 139.7 136.8 137.5 139.2 140.1 141.1 142.4 144.7 148.6 153.6 163.5 167.6 170.4 170.1 170.8 171.4 170.4 169.2 170.6 173.5 174.1 172.5 169.7 167.7 165.9 162.6 163.2 164.9 165.9 166.6 166.6 168.4 169.3 167.8 165.5 166.7 170.7 172.6 174.2 175.5 175.8 176.1 175.7 175.1 174.6 175 174.3 172.2 170.4 171.4 172.4 173.4 174.3 173.6 171.5 168.1 165.4 165.6 166.5 169 169.7 169.4 168.9 168.9 169
137.8 135.8 134.4 133.1 132 137.1 141.5 144.5 145.7 146.5 147.3 147 144.1 139.9 139.3 139.6 140.9 140.4 141.2 142.5 145.2 149.4 154.9 162.7 169.6 171.5 171.9 173.7 173.7 171.6 169.3 170.2 173.4 174.4 173 171 169.3 166.9 164.3 164.8 168.3 170.1 170.1 169.9 171.8 173.9 171 167.9 168.9 173.6 176.1 177.3 177.8 177.9 179.1 178.3 177.7 177 176.8 176 173.8 172.3 173.3 174.2 175 175.7 175.4 173.5 170.7 168.3 167.8 168.1 170.3 171.8 171.7 170.8 170.8 170.8
137 134.9 133.4 132.7 134.2 138.5 143.2 146.3 147.7 147.9 147.9 146.7 143.7 139.6 139 139.5 140.6 140.5 141.3 143.2 146.5 150.3 155.7 161.9 164 167.5 170.8 173.7 175.8 173.8 171.6 171.2 173.4 174.8 172.9 170.6 169.1 167.5 164.9 164.6 168.7 172.2 174.5 171.9 174.4 176 175.6 170.1 169.1 174.6 177.6 179.1 179.6 179.8 180.5 180.3 179.4 178.8 178.5 177.4 175.1 175.3 175.6 176.2 176.8 177.1 177.1 175.6 173.6 171.4 170.6 169.8 170.8 172.7 173.4 172.7 172.1 172.1
135.7 134.6 138.8 136.8 136.4 140.6 145.6 148.4 149.7 149.7 148.8 147.1 143.8 139 139.2 139.7 139.7 140.5 141.3 143.5 145.4 148.8 152.1 156.5 159.7 166.2 171.8 174.2 176.4 175.5 173.9 173.6 174.9 174.8 173.1 170.7 169 168 165.4 164.5 167 173.6 175.6 174.1 176 176 176 173.3 170.6 172.9 178.1 179.7 180.8 181.2 181.7 181.8 181 180.7 180.4 179.4 177.3 176.3 177 178.1 178.5 178.7 178.5 177.6 175.9 174.3 173.5 172.2 171.1 173.4 174.5 174.2 173.5 173.3
134.1 134.9 142.9 135.2 139.4 141 147.4 150.4 151.3 151.2 149.9 146.8 144 139.5 139 139 139 140.2 141.4 142.8 144.2 147.4 152.2 156.8 162.7 168.8 175.5 177.6 179 176.3 175.7 175.6 175.8 176 174.3 172.6 170.6 168.4 167.2 166.4 166.9 170.9 176 176 176 176 176 176 172.3 172.5 174.8 178.7 181.6 182.7 182.9 183.2 182.8 182.3 181.8 180.7 179.2 178.9 179.2 179.3 179.7 179.8 179.7 178.9 177.8 176.7 175.7 174.5 173.6 174 175.1 175.8 175.1 174.3
132.7 131.7 133.9 142.1 142 141.5 148.7 151.4 152.1 152 150.5 147.4 144.4 140.4 139.3 139.5 139.2 140.8 142.7 145.2 148.5 151.5 155.5 161.1 168 173.8 177.8 180.4 182 181.6 181 179.5 177 176.3 175.3 173.3 170.9 169.2 168.9 170.8 169.2 169 172.5 176 176 176 175.9 175.9 174.6 173.7 174.2 176.9 180.2 182.8 183.9 184.7 184.1 183.5 182.8 181.2 179.2 179.6 180.2 180.6 180.6 180.8 180.3 179.6 178.9 177.9 177 176.1 175.8 174.7 176.1 176 175.5 174.9
132.2 132.9 142.8 142.7 146.2 147.4 147.3 150 152.5 152.3 150.9 147.9 143.7 141.8 141 140.5 140.3 142.9 145.7 149.7 154.1 157.3 160.8 167 174.3 179.4 181.9 182.7 184.3 184.3 184.4 183.7 181.8 178.8 176.7 174.7 172.2 170.1 170.8 175.2 173.3 170.9 169 171.7 175.5 175.4 175.5 177 175.6 176.3 177.6 180.2 181.9 184.7 185.9 186 185.4 184.5 183.8 182 179.9 180.2 181 181.4 181.5 181.6 180.8 180.2 179.6 178.8 178.1 177.5 176.8 176 176.1 175.9 175.5 175.4
131.4 137.3 142.6 142.7 145.7 147.6 149.4 151.9 153.7 153.2 151.3 147.1 143.9 144.9 144.3 142.9 142.2 145.7 149.1 152.8 158.9 163 167.1 175.1 182 184.6 184.6 185.7 186.7 186.2 186 185.7 182.8 180.2 177 175 174.3 172.4 172.2 175.6 176.7 174.8 175 172.9 174.4 174.8 176 177.5 178.2 178.7 180.9 183.1 184.8 186 186 186 186 186 184.4 182.9 181.2 181.3 181.8 182.2 182.3 181.7 180.9 180.6 179.9 179.1 178.3 177.4 176.5 176.2 176 176 175.6 175.8
134.2 139.1 143 142.7 141.1 144.7 151.4 152.6 153.8 154 151.9 149.4 151.3 151.1 148.5 145.1 144.2 147.7 151.7 158.6 164 169.3 175.3 181.2 184 186 186.1 186.9 186.8 186.2 185.7 184.3 182.5 180.1 178.8 177.3 175.5 174.3 175 176.5 178.1 178.7 179.4 178.9 177.2 175.4 178.3 179.3 179.5 180.7 182.5 184.6 185.9 186 186 186 185.8 184.2 184.8 183.8 183 182.6 182.6 183 182.4 181.8 181 180.8 179.9 178.8 177.8 176.9 176.1 175.9 175.8 175.3 175.2 175.8
134.9 139.7 142.7 143.3 140.2 143.4 149.1 150.8 150.7 152.1 152.7 155.6 157.6 155.2 151.2 146.9 147.6 152 158.9 164.8 170.4 175.6 177.4 179 179.6 180.7 181.1 182.1 182.1 182 181.4 184.4 184.5 181.4 180 180 177.4 174.6 176.1 177.9 179.7 180.8 180.7 181 181 180.5 179.5 179 180.6 182.5 183.6 185.2 185.8 186 186.1 186 185.2 185 185 184.6 184.3 183.8 183.7 183.3 182.7 182.2 181.4 180.5 179.2 178.2 177.1 175.8 174.5 173.8 173.1 173.2 173.6 174.3
132.6 136.7 142 143 143.4 143.8 146.1 147.9 149.4 150.7 154 158.4 160.1 157.3 151.5 149 152.1 157 162.9 170.3 173.7 175.6 175.5 175 174.1 173.9 174.3 175.6 175.9 175.2 176.7 182.5 185.1 185.7 184.2 182.6 179.7 178.9 178.9 179.1 179.9 180.4 180.1 180.9 181 181 181 181.2 182.3 183.1 184.3 185 185.6 185.9 186.1 186 185.8 184.8 185 184.7 184.2 183.8 183.4 182.9 182.4 182.1 180.8 179 177.5 176.8 175.6 173.7 172.3 171.4 170.4 171.1 171.9 172.8
134.8 137 139.8 142.1 139.5 143.2 143.3 144.3 146.5 149.7 154 157.1 157.5 155.7 153.4 152.9 157.7 162.3 167.3 171.9 171.3 170.9 169.9 169.1 168.6 169.5 170.4 169.9 170.1 169 177.3 184.2 186.3 186.4 186.3 184 181.6 179.3 180.2 180.5 180.3 180 179.8 180.2 180.7 180.4 180.7 181.1 181.7 182.6 183.5 184.2 185 185.7 185.6 185.5 185.9 184.8 184.3 184 183.4 182.9 182.5 182 181.5 181.2 179.8 177.7 175.5 175.2 173.8 171.9 170.1 169 169 169.4 170.4 171.3
138.1 141.8 142.3 142 146.6 147 144.1 146.4 149.1 151.4 153.6 155.9 155.7 154.3 155.2 157.9 162.6 165.6 167.7 169.9 169 165.6 163.7 163.4 164.5 165.5 166.6 165.9 166.9 170.3 179.3 185.7 186.9 187 186.5 186.1 183.2 181.2 178.3 179.4 180.6 179.4 179.1 178.8 179.2 180 180.6 181.1 181.6 181.4 181.9 182.5 183 184 185.1 185.1 184.8 183.6 183 183.2 182.5 182 181.6 181.2 180.7 180.6 179.1 177.3 175.6 174.6 172.6 170.8 169.3 169 168.9 168.9 169 170.2
138.7 142.7 145.7 143 147.9 148.3 148.3 147.8 149.8 153.5 155.2 156.6 157.8 158.4 159.2 161.1 163.1 164.4 165.1 165.4 164 161.6 160.3 160.1 161.2 162.4 163.7 164 168.2 173.8 181.1 186.3 187.4 186.9 186.4 186.1 185.1 180.9 180 179.2 179.9 179 179.2 179 178.4 179.5 181 178.2 178 178.3 179.1 179.6 180.4 181.9 183.4 184.2 184.2 182.8 181.7 181.7 182.2 181.1 180.7 180.4 180.8 180 178.8 177.1 175.9 174.7 172.8 171.2 169.8 169 168.9 168.9 168.9 169.8
142.7 143.6 145.6 142.7 148.3 149.6 150.9 153.1 153.9 155.4 156.1 156.9 157.7 159.3 161 161.2 161.9 161.7 161.5 160.7 159.9 159 158.1 158.7 159.8 161.3 162.9 164 169.2 176.2 183.6 186.5 187.3 186.7 186.3 186 184.7 181.7 179.5 178 179.9 179 179.4 178.8 177.6 176.4 174.8 175.2 173.9 175.6 176.2 176.6 178.2 179.7 181 182 183.3 182.1 180.7 180.1 180.8 180.6 180.5 180.7 180 179.4 178.3 177 175.4 174.2 173.8 172.3 170.7 169.8 169.4 168.9 168.9 167.7
146.4 146.8 143.5 143.1 148.9 148.4 152.4 154.7 155.6 156 155.9 156.6 157.4 159 159.2 161.1 159.8 159.2 158.8 158 157.4 156.9 157.2 158.1 158.9 160.2 163.1 165.5 168.9 175.1 181.8 186.4 187.1 186.5 185.6 184 183.8 180.7 178.6 176.7 177.6 179 180.4 180 178.9 177.4 176.2 169.6 167.5 170 171.6 171.1 172.8 178 180 182.2 182.1 181.8 180.3 178.8 179.3 178.1 177.8 179.9 179.5 178.9 178 177.3 175.7 174.5 174.8 173.3 171.7 170.2 169.6 169 167.7 166.6
147.4 147.7 150.9 143.3 144.4 151.4 153.2 155.1 156 156 155.9 156.3 157.1 158.1 157.4 158 157.5 157 157.1 156.6 155.2 155 156.2 157.8 159.8 160.8 166 166 168.6 174.7 181.5 184.6 186.6 186.6 185.8 185 184.2 182 179.4 175.3 174.9 178.2 178.9 179.5 178 177.1 175.9 172.5 167.4 164.6 165.4 169.4 173.8 178.3 181.1 181.8 182.2 181.6 179.9 178 176.6 178.4 179.1 179.2 179 178.5 178 177.5 176.1 175.1 174.8 173.6 172.1 170.5 169 167.7 166.5 165.2
148.7 145.6 152.2 150.6 143.2 153.4 154.2 156 156 156 156 156.2 156.7 156.3 155.5 155.1 155 155.7 155.5 155.3 154 154.9 156.6 158.3 160.3 160.5 162.9 165.8 166.1 171.3 175.6 180.3 183.8 186.3 187.2 187.3 186.1 184.3 181.9 178.8 175.5 173.1 175.6 175.8 176.4 174.7 174.5 171.5 168.2 162.8 164.2 168.9 174.5 178.7 180.7 181.3 181.4 180.5 177.9 175.9 174.8 178.7 178.9 178.3 178.1 177.9 177.6 177.3 176.9 175.9 174.1 172.7 171.4 170.3 168.6 167.6 166.6 165.5
145.7 150.9 152.1 151.8 146.8 152.1 154.5 155.7 156 156 156 155.9 155.1 155.1 154.3 153.4 154.1 154.8 155.7 154.1 155.2 156.7 157.9 159.5 161 161 158.5 159 161.7 164.1 167.8 173 178 182.8 185.9 186.9 187.4 186.3 183.6 180.6 177.2 172.5 169.7 170.8 171.6 171.7 169.8 167.6 165.5 161.6 163.1 167.1 172.5 176.2 178.8 180 180.7 180 175.9 172.8 174.4 177.8 178 176 175.6 176.2 176.8 176.6 176.3 176 174.7 173.1 171.7 170 169.1 168.5 167.7 166.7
147.5 148.8 149 150.1 151 145 154 154.2 154.5 154.9 155.1 154 153.6 153.2 152.4 152 152.9 154.2 154.8 154.8 156.2 158.5 160.1 160.9 161 158.6 155.6 155.2 157.2 160.1 160.7 164.2 169.4 174.9 180.3 185.9 186.7 185.8 184.2 181.8 178.1 174.2 168.8 165.2 166 166.5 165.1 162.5 162.1 159.9 161.5 165.7 170.7 174.5 176.4 178.1 178.9 177.5 173 167.8 171.6 175.5 176.6 175.9 174.9 175.2 176.1 176 175.7 175.3 174.7 173.2 171.6 169.6 169.4 169 168.3 167.8
144.6 145.9 146.3 148.6 149.6 143.6 153 152.8 153 153.4 153.6 152.6 151.6 151.2 150.4 151 152.7 154.6 154.2 155.1 156.9 158.6 159.8 161 159.2 155.7 152.9 151.4 153.3 155 156.7 159.9 164.3 167.8 174.1 181.9 185.7 185.1 183.3 181.3 178.7 175 170.8 165.5 162.8 161.9 161.7 158.9 158.4 157.8 159.7 163.9 168.5 170 172.6 174.2 175 174.1 170.5 165.8 167.5 171.4 172.8 173.4 172.5 172.9 175.1 174.8 175.1 174.8 173.9 173.2 171.6 169.8 169.6 169.6 169.1 168.6
144.3 143.9 146.8 149.4 150.1 151.2 147.5 151.3 151.6 151.9 151.8 150.7 149.8 149.2 149 150.3 153.2 155 156 155.8 156 157.4 158.5 157.2 154.5 152.5 149.8 148.4 150.6 153.7 156.5 159.6 161.8 165.9 171.5 178.7 183.8 184.5 182.2 180.7 176.6 174.2 169.4 164.9 163.3 161.1 158.9 158.3 155.6 154.1 156.4 159.7 162.4 163.5 166.5 168.4 169.3 169.5 167.5 163.1 163.9 166.1 167 166.9 166.7 170.8 173.8 173.6 173.9 173.9 173.8 173.3 172.2 171.3 170.8 170.3 169.9 169.3
145.5 145.4 144.3 150.7 145.7 148.9 142.6 149.7 150 150.4 149.8 149 149 149 149 151.1 153.7 155.6 156 155.9 155.9 156.4 155.6 152.5 149.8 148.3 146.3 147.5 149.8 153.4 160.3 164.9 169 170.8 176.7 181.8 183.6 183.7 181.1 180.3 174.6 171.5 167.3 165.7 165 163.2 161.4 159.4 156.5 154.2 154 156 157.5 158.8 160.8 162.2 163.3 163.6 162.7 159.8 161 161.4 161.6 161.5 164.6 168.8 171.3 172.4 172.8 173.2 173.3 173.4 172.6 171.8 171.2 170.7 170.2 169.6
146.7 149.8 151.2 144.2 146.8 150.9 149.7 147.5 148.3 148.1 148 148.1 149 149.1 149.8 152.1 154.4 156 156 156 156.2 154.7 152.3 148.1 145.5 144.5 144.1 146.3 149 152.7 158.2 166.1 175.9 180.7 181 182.7 183 182 179.9 177.5 174.1 169.6 168.7 168.2 166.6 164.9 163.1 160.5 157.4 154.4 153.5 153.7 154.1 155.3 156.8 157.4 158.2 159 158.6 158.9 157.8 157.3 158.1 159.3 161.4 164.2 168.4 171.6 172.7 173.5 173.6 173.5 172.8 172.1 171.5 170.9 170.3 169.4
149 150.6 150.4 150.5 149.6 141.5 148.5 144.9 146.8 145.8 145.4 145.6 147.1 150.1 151.2 154.4 155.3 156 155.7 155.1 152.7 150.2 147.2 145.1 144.8 144.1 146.3 149.4 152.5 154.3 158.5 163.1 170.9 179.3 180.3 181.4 182.8 179.8 178 174.5 172.2 170.5 171 170.5 168.2 164.6 163.8 161.6 158.5 156.3 155.1 154.1 153.4 152.4 153.8 155 155.4 155.6 156 156.7 156.7 156 155.5 158.5 160.6 164.1 169.1 171.3 172.8 173.8 173.9 173.5 172.9 172.2 171.6 170.4 169.1 168.2
150.6 151.1 151.2 149 149.5 148.4 143.6 146.6 141.4 144.7 144.3 144.8 148.3 151 150.6 152.1 152.4 152.1 152 149.7 147.2 145.7 144.9 143.1 144 144.7 148.8 153.3 155.9 158.6 159.2 162.8 167.7 175 182.3 184.8 184.1 181.6 179.1 177 174.7 172.2 170 169.5 166 165.3 163.5 160.7 159 158.1 156 154.6 153.2 151.8 151.1 152.5 153.2 153.7 154.5 155.1 155.6 155 154 158 163.6 167.8 170.2 172.4 173.6 173.8 173.5 173.2 172.9 172.1 170.7 169.1 167.9 166.8
151.6 151.6 150.5 149.6 148.7 147.3 145.9 145.5 146 144.1 144.4 144.1 146.1 148.8 148.2 148.5 148.3 146.9 146.3 143.9 143.8 143.9 142.9 141.6 141.8 145 149.5 154.9 158.6 161.1 162 166.9 173.5 179.7 185.3 186.6 185.6 184.7 182.7 180.5 177.9 174.7 170.1 169.2 165.2 164 163.2 161.7 160.6 158.4 155.6 154.5 153.1 151.8 150.4 150.8 151.4 152.2 153.1 153.6 154 153.7 153.7 157.1 164.1 169.2 170.9 172.7 173.9 173.3 172.9 172.5 172.2 171.3 169.7 168 167.1 165.5
153.5 152.6 151.1 149.8 148.3 146.6 144.9 144.9 145.3 145 143.1 143.4 144.8 144 145.3 145.6 144.9 143 141.5 141.3 141.8 142 140.9 139.8 140.6 144.6 148.3 151.3 155.5 158.8 164.1 171.3 179 184.3 186 186.3 186.7 186.5 185.9 184.3 182.3 178.6 174.3 170.6 167.9 165.5 164.1 162.2 159.2 158.1 155.2 154.2 153.1 151.3 149.5 149.2 149.9 150.9 151.9 152.2 152.1 152.4 152.8 156.4 161 166.5 170.2 172.3 173.3 172.9 172.3 171.9 171.4 170.7 169.2 167.3 165.4 164.7
155.2 153.4 151.6 149.9 148 146.3 144.5 144.1 144.1 143.6 140.4 142.6 143.1 142.8 144.2 145.6 143.7 141.4 139 139.1 139.7 140 139.6 139.3 140.6 144.6 146.8 147.8 150.2 157.2 164.5 175 180.2 182.4 184.6 184.9 186.4 186 186 186 184.5 180.9 176.1 172.6 169.8 166.1 164.4 161.7 159.1 156.9 155.5 154.3 153.3 151.8 149.2 149 149 149.6 150.4 150.8 150.6 150.3 151.1 153.9 158.5 163.2 167.8 171.3 172.2 172.5 171.9 171.3 171 170.1 168.9 166.9 164.4 164.5
156.7 154.5 152.8 150.3 148.2 146.3 144.4 143.9 143.7 143.6 143.1 140.5 142.6 141.6 142.1 142.7 141.4 139 139 139.3 139.2 138.7 138.6 138.6 140.9 143.8 145.1 145.1 149.2 156.3 164.9 173.5 178.3 180.4 182.8 184.2 185.7 186 186 185.8 183.2 180.5 178.1 174.6 171.1 166.9 164 161.5 158.9 156.9 156.1 155.3 154.1 152.5 150.4 149.7 148.7 148.1 148.6 150 149.6 149.2 150 152.7 155.8 159.9 165 169.9 171.2 172.2 171.3 170.8 170.4 169.6 168.5 167.2 164.1 164.4
158.8 155.9 153.2 150.6 148.6 146.9 145.4 144.7 144 143.5 143.5 142.1 140 140.4 140.3 140.6 139.8 139.3 138.9 138.3 137.7 137.2 137.6 138.7 140.2 142.1 142.8 143.9 148.4 154.7 163.2 171.8 176.7 178.1 179.6 182.4 183.6 184.2 185 183.6 181 178.8 176.9 173.9 169.4 165.7 163.7 161.2 159.9 158.7 157.6 156.4 155 152.8 151 149.6 148.4 147.6 148.8 149.3 149.7 149.2 148.9 152.3 154.6 158.3 162.7 168 171 171.4 170.7 170.1 169.4 168.6 167.8 166.5 164.7 164.5
