data/450000-1140000.asc
ncols 200
nrows 200
xllcorner 450000
yllcorner 1140000
cellsize 50
[rows 148 to 184 of 200, columns 0 to 84 of 200]
53.6 54 54.9 54.9 53.9 52.6 51.8 51.6 51.6 51.3 49.4 46.2 42.3 38 32.9 28.8 24.1 20.1 18.5 20.4 25.3 30.1 24.9 20.6 11.9 3.5 -0.6 -0.6 -0.6 -0.6 -0.6 -0.6 -0.6 -0.6 -0.6 -0.6 -0.6 -0.6 -0.6 -0.6 -0.6 -0.6 -0.6 -0.6 -0.6 -0.6 -0.6 -0.6 -0.6 -0.6 -0.6 14.7 17 17.8 17.7 22.3 29 28.1 -0.6 -0.6 -0.6 -0.6 -0.6 -0.6 -0.6 -0.6 -0.6 -0.6 -0.6 -0.6 -0.6 -0.6 -0.6 -0.6 -0.6 -0.6 -0.6 -0.6 -0.6 -0.6 -0.6 -0.6 -0.6 -0.6 -0.6
58 59.3 60.4 59.8 58.6 57.4 56 55.5 54.5 53.7 53.3 50.5 47.7 44.2 39.5 34.4 29.5 25.2 20.9 24.2 31.7 38.7 33.1 24.9 15.6 6.5 -0.6 -0.6 -0.6 -0.6 -0.6 -0.6 -0.6 -0.6 -0.6 -0.6 -0.6 -0.6 -0.6 -0.6 -0.6 -0.6 -0.6 -0.6 -0.6 -0.6 -0.6 -0.6 -0.6 -0.6 -0.6 18.4 19.4 17.4 16.3 23.6 29.3 28.8 -0.6 -0.6 -0.6 -0.6 -0.6 -0.6 -0.6 -0.6 -0.6 -0.6 -0.6 -0.6 -0.6 -0.6 -0.6 -0.6 -0.6 -0.6 -0.6 -0.6 -0.6 -0.6 -0.6 -0.6 -0.6 -0.6 -0.6
60.8 61.9 63.4 63.8 63.1 62.5 60.9 59.2 58.5 57.6 56.9 55.9 54 50.3 47.1 42.1 36 31.7 27.6 28.7 34.3 40.1 38.1 30.3 20.8 11.4 1.4 -0.6 -0.6 -0.6 -0.6 -0.6 -0.6 -0.6 -0.6 -0.6 -0.6 -0.6 -0.6 -0.6 -0.6 -0.6 -0.6 -0.6 -0.6 -0.6 -0.6 -0.6 -0.6 -0.6 9.1 19.2 19.2 16.7 14.8 26.3 30.7 28.2 -0.6 -0.6 -0.6 -0.6 -0.6 -0.6 -0.6 -0.6 -0.6 -0.6 -0.6 -0.6 -0.6 -0.6 -0.6 -0.6 -0.6 -0.6 -0.6 -0.6 -0.6 -0.6 -0.6 -0.6 -0.6 -0.6 -0.6
62.8 64.2 65.7 67.6 68.2 66.9 65 63.5 63.8 64.4 64.3 65.3 62.3 59.4 54.7 50.4 43.9 37.7 33.4 33.3 37 41.6 45.6 37.6 24.1 15.5 7.1 -0.6 -0.6 -0.6 -0.6 -0.6 -0.6 -0.6 -0.6 -0.6 -0.6 -0.6 -0.6 -0.6 -0.6 -0.6 -0.6 -0.6 -0.6 -0.6 -0.6 -0.6 -0.6 -0.6 10.9 17.6 17.7 15.5 14.6 19.8 25 -0.6 -0.6 -0.6 -0.6 -0.6 -0.6 -0.6 -0.6 -0.6 -0.6 -0.6 -0.6 -0.6 -0.6 -0.6 -0.6 -0.6 -0.6 -0.6 -0.6 -0.6 -0.6 -0.6 -0.6 -0.6 -0.6 -0.6 -0.6
64.2 66.3 67.6 69.4 70.9 69.8 69.7 70.1 70.6 72.2 73.7 73.3 71.4 66.6 61.6 57.1 51.3 44.6 40.1 37.6 39.3 42.1 42.9 41.4 28.3 19 10.6 -0.6 -0.6 -0.6 -0.6 -0.6 -0.6 -0.6 -0.6 -0.6 -0.6 -0.6 -0.6 -0.6 -0.6 -0.6 3.8 4.6 -0.6 -0.6 -0.6 -0.6 -0.6 -0.6 7 13.2 14.9 17.7 19.5 19 15.9 -0.6 -0.6 -0.6 -0.6 -0.6 -0.6 -0.6 -0.6 -0.6 -0.6 -0.6 -0.6 -0.6 -0.6 -0.6 -0.6 -0.6 -0.6 -0.6 -0.6 -0.6 -0.6 -0.6 -0.6 -0.6 -0.6 -0.6 -0.6
64.9 66.5 68.3 70.1 70.5 72.5 74.2 74.6 74.8 76.2 77.3 78.3 75.4 71.7 68.4 63.6 57.8 51.8 46.4 42.8 41.7 41.1 40.9 40.5 32.8 23.7 13.1 0.9 -0.6 -0.6 -0.6 -0.6 -0.6 -0.6 -0.6 -0.6 -0.6 -0.6 -0.6 -0.6 -0.6 5.4 9.3 7.8 5.8 -0.6 -0.6 -0.6 -0.6 -0.6 13.2 15.4 17.9 23.6 25.2 20.2 12.6 -0.6 -0.6 -0.6 -0.6 -0.6 -0.6 -0.6 -0.6 -0.6 -0.6 -0.6 -0.6 -0.6 -0.6 -0.6 -0.6 -0.6 -0.6 -0.6 -0.6 -0.6 -0.6 -0.6 -0.6 -0.6 -0.6 -0.6 -0.6
65.2 67 68.5 70.5 73.7 75.8 78 78.9 79.1 80.4 81.2 81.2 78.6 75.7 72.1 68.2 61.2 55.3 51.3 47.1 44.1 42.2 41.2 39.3 37.1 27.9 16.7 9.4 -0.6 -0.6 -0.6 -0.6 -0.6 -0.6 -0.6 -0.6 -0.6 -0.6 -0.6 -0.6 -0.6 9.6 11.4 9.2 5.8 -0.6 -0.6 -0.6 -0.6 10.6 15.8 18.3 24 31.4 31.6 22.6 -0.6 -0.6 -0.6 -0.6 -0.6 -0.6 -0.6 -0.6 -0.6 -0.6 -0.6 -0.6 -0.6 -0.6 -0.6 -0.6 -0.6 -0.6 -0.6 -0.6 -0.6 -0.6 -0.6 -0.6 -0.6 -0.6 -0.6 -0.6 -0.6
65.4 67.9 69.7 71.8 75 78.4 80.5 83.9 85.2 86.3 86.9 84.6 82.2 79.4 76 70.1 63.2 58.7 54.6 50.1 46 43.5 40.2 37.5 33.8 27.1 20 14.7 8.5 -0.6 -0.6 -0.6 -0.6 -0.6 -0.6 -0.6 -0.6 -0.6 -0.6 -0.6 -0.6 8.7 9 8.3 4 5.9 7.1 6.1 7.8 12.9 18.7 22.5 32.2 38.9 36.3 25.6 -0.6 -0.6 -0.6 -0.6 -0.6 -0.6 -0.6 -0.6 -0.6 -0.6 -0.6 -0.6 -0.6 -0.6 -0.6 -0.6 -0.6 -0.6 -0.6 -0.6 -0.6 -0.6 -0.6 -0.6 -0.6 -0.6 -0.6 -0.6 -0.6
65.2 68.2 70.9 71.9 74.7 77.6 81.4 84.9 88 89.6 89.3 86.7 84.2 81.9 79.3 72 66.1 61.4 56.4 51.5 46.3 42.9 39.1 35.4 31.1 27.4 22.7 21.1 14.4 -0.6 -0.6 -0.6 -0.6 -0.6 -0.6 -0.6 -0.6 -0.6 -0.6 -0.6 3 6.2 6.2 4.2 5.5 9.1 9.9 10 13 18.3 23.8 27.5 39.7 43.5 38.9 31 -0.6 -0.6 -0.6 -0.6 -0.6 -0.6 -0.6 -0.6 -0.6 -0.6 -0.6 -0.6 -0.6 -0.6 -0.6 -0.6 -0.6 -0.6 -0.6 -0.6 -0.6 -0.6 -0.6 -0.6 -0.6 -0.6 -0.6 -0.6 -0.6
63.9 66.9 69.7 70.4 72.9 76.7 81.5 84.4 88.1 89.8 89.6 87.8 85.1 82.7 80.3 73.8 67.1 61.4 56.3 51.9 46.2 42 38.7 35.6 33 27.1 30.4 27.7 20 10.8 -0.6 -0.6 -0.6 -0.6 -0.6 -0.6 -0.6 -0.6 -0.6 -0.6 1.1 2.6 2.8 5.4 8.8 12.3 11.9 13.5 19 24.6 31 37 45.3 48.2 41.4 31.9 -0.6 -0.6 -0.6 -0.6 -0.6 -0.6 -0.6 -0.6 -0.6 -0.6 -0.6 -0.6 -0.6 -0.6 -0.6 -0.6 -0.6 -0.6 -0.6 -0.6 -0.6 -0.6 -0.6 -0.6 -0.6 -0.6 -0.6 -0.6 -0.6
62 65.1 68.6 69.7 71.9 77.1 81.8 85.5 89 87.9 87.4 86.2 83.6 81.8 78.3 71.9 66.6 61.1 55.5 49.9 45.7 41.3 37.7 34.2 31.2 28.8 37.2 35.5 26.7 17.5 -0.6 -0.6 -0.6 -0.6 -0.6 -0.6 -0.6 -0.6 -0.6 -0.6 1.6 5.2 7.7 9.8 12.3 14.5 14.3 19.5 24.7 30.6 39.1 47.4 53.6 54.7 45.5 34.3 -0.6 -0.6 -0.6 -0.6 -0.6 -0.6 -0.6 -0.6 -0.6 -0.6 -0.6 -0.6 -0.6 -0.6 -0.6 -0.6 -0.6 -0.6 -0.6 -0.6 -0.6 -0.6 -0.6 -0.6 -0.6 -0.6 -0.6 -0.6 -0.6
62.9 65.6 68.3 69.9 73.9 78.9 81.8 84.5 86.2 85 82.9 82.8 81.8 78.4 74.4 64.6 62.6 59 53.3 47 42.7 38.5 35.8 32.4 30.1 29.3 32.6 36 32.1 21.7 10.5 -0.6 -0.6 -0.6 -0.6 -0.6 -0.6 -0.6 -0.6 -0.6 6.6 10.4 13.2 15.8 17.7 22 25.7 28.1 33.1 39.7 47.7 56.5 63.2 58.8 50.1 34 -0.6 -0.6 -0.6 -0.6 -0.6 -0.6 -0.6 -0.6 -0.6 -0.6 -0.6 -0.6 -0.6 -0.6 -0.6 -0.6 -0.6 -0.6 -0.6 -0.6 -0.6 -0.6 -0.6 -0.6 -0.6 -0.6 -0.6 -0.6 -0.6
65 67.3 69.1 70.3 74.1 78.4 80.9 82.2 82.7 82 79.3 78 77.1 73.2 68.3 61.2 58.2 54.1 50.4 44.2 39 34.7 32.3 30.2 27.2 26.1 28.3 32.1 32.4 22.5 11.7 -0.6 -0.6 -0.6 -0.6 -0.6 -0.6 -0.6 -0.6 7.9 11.7 15.4 18.6 21.4 27.2 34.2 40.3 44.5 49 52 55.9 65.9 72.1 65.9 52.1 36.9 -0.6 -0.6 -0.6 -0.6 -0.6 -0.6 -0.6 -0.6 -0.6 -0.6 -0.6 -0.6 -0.6 -0.6 -0.6 -0.6 -0.6 -0.6 -0.6 -0.6 -0.6 -0.6 -0.6 -0.6 -0.6 -0.6 -0.6 -0.6 -0.6
67.2 70.1 69.9 70.1 70.7 72.2 76.9 80.1 80.8 78.1 74.2 74.1 72.6 65.3 59.6 55.2 51.6 48.5 43.9 39.2 35.4 30.9 29.5 27.4 22.7 22.2 23.3 28 32.1 24.8 13.7 -0.6 -0.6 -0.6 -0.6 -0.6 2.5 6 10.5 13.7 17.1 20.6 24.8 29.5 37.5 45.4 53.2 57 62.9 66.7 69.4 78.5 78.3 72.5 55.1 35.8 -0.6 -0.6 -0.6 -0.6 -0.6 -0.6 -0.6 -0.6 -0.6 -0.6 -0.6 -0.6 -0.6 -0.6 -0.6 -0.6 -0.6 -0.6 -0.6 -0.6 -0.6 -0.6 -0.6 -0.6 -0.6 -0.6 -0.6 -0.6 -0.6
71.7 72.5 70.9 69.4 68.4 67.8 71.7 69.7 78.1 73.8 69.9 67.8 65 59 55.6 51.5 47.8 43.2 39 35.5 32.2 29.5 27.1 24.1 20.7 19.7 19.6 22.2 26.3 23.1 16.5 10.8 -0.6 -0.6 5.3 4.9 6.7 11.6 15.3 18.5 21.8 26.5 32 38 45.5 53 60.1 66.5 74.5 80.5 86.6 89.9 84.7 77.3 57.3 33 -0.6 -0.6 -0.6 -0.6 -0.6 -0.6 -0.6 -0.6 -0.6 -0.6 -0.6 -0.6 -0.6 -0.6 -0.6 -0.6 -0.6 -0.6 -0.6 -0.6 -0.6 -0.6 -0.6 -0.6 -0.6 -0.6 -0.6 -0.6 -0.6
73.4 73.4 70.9 67 66.5 66.5 66.8 68.9 73.3 67.8 63.7 61 57.1 53.7 50.4 47.2 42.1 38.1 35.7 32.4 28.6 26.4 24.1 22.3 18.4 16 16 17.9 19.5 19.9 17.7 13.3 8.7 10.1 8.8 7.6 10.5 16.1 21.1 24.5 27.4 31.2 37 45.3 52.8 60 66.4 75 86 94.4 101.3 96.7 91.4 78.8 59.2 31.8 -0.6 -0.6 -0.6 -0.6 -0.6 -0.6 -0.6 -0.6 -0.6 -0.6 -0.6 -0.6 -0.6 -0.6 -0.6 -0.6 -0.6 -0.6 -0.6 -0.6 -0.6 -0.6 -0.6 -0.6 -0.6 -0.6 -0.6 -0.6 -0.6
72.5 72.6 70.3 69.9 68 66.2 65.3 65.1 65.3 61.9 57.4 53.9 50 45.7 43.3 40 35.9 33.3 31 28.8 25.2 22.7 20.5 19.3 16.9 14.3 14.3 15.5 15.7 16.1 14.6 13 13.9 14.3 12.8 12.8 15.8 21.6 26.8 30.6 32.8 36.2 42.3 54.2 60.5 67 73.1 83.8 96.1 106.1 109.7 103.9 94.6 79.3 55.5 25.2 -0.6 -0.6 -0.6 -0.6 -0.6 -0.6 -0.6 -0.6 -0.6 -0.6 -0.6 -0.6 -0.6 -0.6 -0.6 -0.6 -0.6 -0.6 -0.6 -0.6 -0.6 -0.6 -0.6 -0.6 -0.6 -0.6 -0.6 -0.6 -0.6
67.8 69.5 70 68.7 67.3 65.9 64.3 62.8 57.3 54.3 50.6 47.4 43.3 40.1 37.1 34 31.2 28.5 26.1 24.4 21.7 19.9 19.3 17.4 15.2 14.3 14.3 14.3 14.5 14.6 14.4 16.6 17.8 17.9 17.6 18.9 21.3 26.7 31.9 36.8 39.5 42.2 48.8 58.9 67.9 76 80.3 96.2 107.4 118.7 117.7 107.8 95.2 78.8 51.4 -0.6 -0.6 -0.6 -0.6 -0.6 -0.6 -0.6 -0.6 -0.6 -0.6 -0.6 -0.6 -0.6 -0.6 -0.6 -0.6 -0.6 -0.6 -0.6 -0.6 -0.6 -0.6 -0.6 -0.6 -0.6 -0.6 -0.6 -0.6 -0.6 -0.6
60.7 64 67 68.8 67.5 66.8 66.4 65.7 57.7 51.5 47.1 41.3 37.6 36.2 33.9 29.5 26.2 24.4 22.5 20.5 18.9 18.5 18.1 15.7 14.3 14.3 14.3 14.3 14.3 14.3 16.5 18.6 21.6 22.9 23.8 24.6 26.9 30.6 37 42.4 46.4 49 56.3 66.8 75.5 84.1 93.5 110.6 118.5 127.5 121.3 106.3 94.3 74.1 44 -0.6 -0.6 -0.6 -0.6 -0.6 -0.6 -0.6 -0.6 -0.6 -0.6 -0.6 -0.6 -0.6 -0.6 -0.6 -0.6 -0.6 -0.6 -0.6 -0.6 -0.6 -0.6 -0.6 -0.6 -0.6 -0.6 -0.6 -0.6 -0.6 -0.6
55.6 56.9 61.9 64.9 67.3 68.4 67.2 63.1 58.8 53.1 46.2 39.5 35.7 34.5 32.1 27.7 24.2 21.2 19.2 18.8 18.7 18.5 18.6 14.8 14.3 14.3 14.3 14.3 14.3 14.3 17.2 19.3 22.6 27.1 30.4 30.2 32.5 35.7 42.2 47.9 52.3 55.4 63.4 73.5 82.9 91.7 105.2 120.6 128.1 131 121.4 105.9 90.8 70.7 41.1 -0.6 -0.6 -0.6 -0.6 -0.6 -0.6 -0.6 -0.6 -0.6 -0.6 -0.6 -0.6 -0.6 -0.6 -0.6 -0.6 -0.6 -0.6 -0.6 -0.6 -0.6 -0.6 -0.6 -0.6 -0.6 -0.6 -0.6 -0.6 -0.6 -0.6
53.7 54 56 61.6 64.9 65.4 62.6 61.1 57.7 52.9 45.9 39.4 36.1 32.8 30.3 26.6 23.6 21 19.1 19 19 19.1 18.1 17.5 14.9 14.3 14.3 14.3 14.3 14.6 16.9 19 23 27.4 30.7 33 35.8 40 46.8 53.1 55.2 60.8 68.3 77 86.9 98 118 129.7 138 131.1 116 101.7 87.6 63.9 36.7 8.8 -0.6 -0.6 -0.6 -0.6 -0.6 -0.6 -0.6 -0.6 -0.6 -0.6 -0.6 -0.6 -0.6 -0.6 -0.6 -0.6 -0.6 -0.6 -0.6 -0.6 -0.6 -0.6 -0.6 -0.6 -0.6 -0.6 -0.6 -0.6 -0.6
53.8 54.7 57.8 60.5 61.8 62.4 61.5 60 56.8 52.8 47 40.4 36.5 32.5 29 26 23.1 21.7 20.4 19.6 19.1 20.7 20.6 20.5 17.5 14.5 14.3 14.3 14.4 16.1 17.6 19.6 24 28.7 32.4 35.6 37.9 43.7 50.1 54.6 58.4 64 73.1 81 92.4 106.2 130.9 139.1 139.1 124.7 111.2 99.6 86.7 60.6 34 16.9 -0.6 -0.6 -0.6 -0.6 -0.6 -0.6 -0.6 -0.6 -0.6 -0.6 -0.6 -0.6 -0.6 -0.6 -0.6 -0.6 2.3 -0.6 -0.6 -0.6 -0.6 -0.6 -0.6 -0.6 -0.6 -0.6 -0.6 -0.6 -0.6
56.6 59.1 61 63.7 64.1 62.5 61.6 60.8 56.2 52.2 47.2 42.2 37.5 32.9 29.2 26.4 24.4 23 21.8 20.8 20 22.7 23.8 23.1 20.2 17.2 14.5 14.6 15 16.3 17.7 19 24.5 30.9 35.2 37.9 39.9 47.4 53.1 56.4 61.1 66.9 77.6 84.6 96.7 114.4 136.2 140.9 133.8 119.2 107.2 97.6 81.2 56.7 34.7 19 7.4 -0.6 -0.6 -0.6 -0.6 -0.6 -0.6 -0.6 -0.6 -0.6 -0.6 -0.6 -0.6 0.9 -0.6 9.6 -0.6 -0.6 -0.6 -0.6 -0.6 -0.6 -0.6 -0.6 -0.6 -0.6 -0.6 -0.6 -0.6
58.9 62.5 66.7 66.2 64.6 62.8 61.4 61 56.6 51.8 47.4 43 39.7 35.2 31.2 28.4 25.8 24.3 23.1 22 23.2 26.8 26.8 25.6 22.9 19.8 16.7 16.4 16.2 16.7 18.1 19 25.3 32.2 37.8 39.2 40.3 50.5 54.9 59.6 64.2 69.8 81.8 87.5 100.7 118 134.6 135.9 125.7 114.6 103.4 94.5 81.3 62.1 37.4 22.6 14.8 -0.6 -0.6 -0.6 -0.6 -0.6 -0.6 -0.6 -0.6 -0.6 -0.6 -0.6 -0.6 9.9 14 12.6 14 15.7 -0.6 -0.6 -0.6 -0.6 -0.6 -0.6 -0.6 -0.6 -0.6 -0.6 -0.6
59 63.5 67.5 66.2 63.4 62.6 61.4 60.9 57 53.2 49.3 45.2 42 37.8 33.6 30.4 27.8 26 25.3 24.9 27.7 28.7 28.5 26.9 25 22.1 19 18 17.9 17.6 18.3 20 26.3 34.1 40.8 41.4 44.3 50.8 57.9 62.6 67.2 73.1 82.5 88.9 101.8 113.8 129.7 131.9 124.7 112 97.7 89.3 77.7 57.8 37.4 22.9 17.5 11.1 -0.6 -0.6 -0.6 -0.6 -0.6 -0.6 -0.6 -0.6 -0.6 -0.6 8.4 13.5 17.8 18.8 19.2 21.3 -0.6 -0.6 -0.6 -0.6 -0.6 -0.6 -0.6 -0.6 -0.6 -0.6 -0.6
54.7 59.9 64.4 64 61.5 60.7 60 58.5 56.8 54.8 51 48.2 45 40.6 36.2 32.4 29.5 28.8 28.5 28.2 29.1 30.5 30.6 28.1 27 24.8 19.9 18.6 18.5 18.4 20.3 22.8 27.3 32.8 39.9 42.6 45.6 48.7 58.2 64.8 69.4 76.1 81.6 88.7 97.4 107.9 122.6 132.2 122.6 105.2 92.9 85.3 77.1 60.3 41.2 27 23.5 13 -0.6 -0.6 -0.6 -0.6 -0.6 -0.6 -0.6 -0.6 0.8 7 11 16 19.4 21.5 23.3 -0.6 -0.6 -0.6 -0.6 -0.6 -0.6 -0.6 -0.6 -0.6 -0.6 -0.6 -0.6
50.5 55.9 59.9 59.5 59.7 59.2 58.2 57.9 57.9 57 55.5 51.9 48.1 43.7 39.2 35.2 31.8 30.9 30.4 29.2 30.1 30.7 30.2 27.6 27.1 25.6 21 19.2 19 20 21.8 24.4 29.2 34.2 39.8 44.4 47.7 49 56.2 62.4 70.5 76.8 82.5 89.2 95.9 103.8 120.6 129.3 114.4 99.3 86.2 79.9 74 59.7 42.4 27.6 23.3 12.3 -0.6 -0.6 -0.6 -0.6 -0.6 -0.6 -0.6 -0.6 3.5 9.4 13.5 18 19.9 22.9 25 -0.6 -0.6 -0.6 -0.6 -0.6 -0.6 -0.6 -0.6 -0.6 -0.6 -0.6 -0.6
46.8 51.6 55.3 57.6 57.5 57.7 58 58 57.8 58.3 57.5 55 51.2 46.4 41.6 38.2 34.9 32.4 30.9 30.7 31 29.9 29.4 27.4 26.6 25.9 22.6 20.1 20.2 21 22.4 25.6 29.4 34.4 39.9 45.5 49.7 51.5 52.1 58.8 69.1 76.2 84.1 90.9 94.6 102.7 115.9 127.5 110.8 94.5 83.4 75.2 66.6 52.5 36.8 26.4 19.1 9.8 -0.6 -0.6 -0.6 -0.6 0.5 -0.6 -0.6 -0.6 7.5 12.1 15.7 18.8 20.4 22.9 25.4 -0.6 -0.6 31 -0.6 0.1 -0.6 -0.6 -0.6 -0.6 -0.6 -0.6 -0.6
44 48.4 52 54.3 54.8 56.1 57.2 58.2 57.5 57.6 57.6 56.1 52.3 47.7 44 40.2 37 33.8 31.3 30.7 29.5 28.2 27.5 27.8 27.8 26.6 23.7 21.2 21.6 22.2 23 25.5 28.8 32.6 38.4 44.6 49.6 51.9 51.5 54.9 65.8 78.2 84.6 88.1 95.4 102.3 109.9 118.2 111.4 93.3 80.6 73.6 63.5 49 34.9 24.3 16.6 9 -0.6 -0.6 -0.6 -0.6 0.9 -0.6 -0.6 5.3 8.4 12.9 16.3 19.1 20.4 21.8 23.5 15.1 33.8 33.5 -0.6 7.7 -0.6 -0.6 -0.6 -0.6 -0.6 -0.6 -0.6
40.7 45.4 49.6 51.4 52.6 53.8 55.7 58.4 57.5 57.3 56.9 56.3 53.9 50 46.3 42.3 39.1 35.4 32.5 30.6 29.5 27 26.5 28.7 28.9 27 24.3 22.7 22.4 22.6 23.5 24.8 27.7 30.9 37.1 43.9 49.7 52 52.1 52 62.7 75.5 80 83.6 91 97.3 99.8 105.2 108.2 94.5 78.1 69 59.2 47 32.8 22.8 14.7 7.3 -0.6 -0.6 -0.6 -0.6 1.3 5.3 5.7 6.6 8.3 13 17.7 20.8 21.2 21.8 22.9 29.4 32.6 30.3 18.2 11.3 10 7.5 -0.6 -0.6 8.5 19.3 24
37.3 41.4 45.6 49 50.5 52 54.7 57.4 57.8 57.6 56.1 55.5 54 52.2 48.6 43.1 39.8 36.3 34 31.7 29 27.1 25.8 26.2 26.3 25.8 24.9 24.1 23.9 23.8 24.1 25.1 27.6 30.3 36.2 43.2 49.6 52.7 54 53.7 58.5 69.3 75.2 75.7 80.4 86.8 90.6 94.4 96.3 89.9 76 65.4 54.6 41.1 26.7 19.5 12.5 -0.6 -0.6 -0.6 -0.6 -0.6 5.6 5.7 5.4 6.3 9.1 13.9 18.9 22.6 23.4 23.9 27.4 31.9 31.1 28.1 19 12.1 11.4 11.1 13.6 16.5 21.5 24.9 25.5
34.9 37.2 40.1 44.9 50.5 52.5 54.7 56.4 58.6 57.3 55.7 54.4 52.9 51.3 48.9 41.2 39.3 38.1 36 33.5 30.2 28 25.5 25.8 25.8 24.4 25.8 25.4 25.5 25.6 25.6 26.3 28.4 30 36.1 43 49.5 53.1 54.6 54.8 58.3 64.5 70.1 70.4 68.7 75 82.8 82.6 83.8 78.2 72.5 61.5 47.3 32.2 22 14.3 9.7 -0.6 -0.6 -0.6 -0.6 8.5 7.2 5.6 5.3 6.7 10.1 14.5 19.8 24.2 25 25.8 32.5 29.2 27.2 27.8 19.8 13.1 11.9 13.2 15.9 18.6 24.7 27.3 26.1
32.4 34.7 37.9 42.3 48.2 52.3 51.8 51.8 54.9 55.1 53.2 50.5 49.9 49.2 48.5 44.4 42.1 40.4 38.3 35.4 32 29 24.4 25.8 25.8 25.8 25.8 25.6 27.3 27.4 27.4 27.8 28.7 31.2 37.2 43.7 49.9 54.8 55.5 55.1 56.4 61.4 64.9 65.9 63.8 66 72.9 74.7 72.9 69.2 66 55.1 38.3 24.3 16 8.8 5.6 -0.6 -0.6 -0.6 -0.6 7.8 -0.6 -0.6 0.8 4.4 8.9 13.1 18.4 22.9 25.8 29 29.6 24.9 29.3 30.7 23.1 13.1 12.6 15.1 17.8 19.7 24.8 28.7 27.3
30.1 32.6 35.9 39.7 44.8 48.9 50 50.4 52.5 51.6 49.7 49.6 50.5 49.6 50.4 46.8 46.4 44.2 41.7 39 34.5 29.5 24.9 25.8 25.8 25.8 25.8 27.4 28.9 29.1 29.3 30.1 31.4 35.3 39.8 44.6 51.3 55.7 55.4 54.9 55.8 57 60.1 62.6 60.7 58.7 62.8 66.8 64 60.2 59.1 51.1 34.6 18.6 11.8 -0.6 -0.6 -0.6 -0.6 -0.6 0.7 7.6 -0.6 -0.6 -0.6 -0.6 3.9 12.8 19.2 22.5 25.3 30.6 25.5 22.5 23.7 24.1 19.1 14 14.6 16.9 19.3 19.1 25.2 28.6 28.7
29.2 31.6 34.7 37.6 40.6 45 49.3 51 52.9 53.6 53.5 54.1 54.3 52.5 49.3 49.8 50 47.3 44.9 42.4 36.5 30.5 25.1 25.8 25.8 25.8 25.8 25.9 31.4 31.1 32.3 33.4 35.4 37.8 41.9 45.9 50.1 54.8 55.4 55.6 56.1 56.1 56.1 58.4 59.2 56.7 54.3 58.8 57.7 53.5 50.3 46.4 31.9 14.2 7.7 -0.6 -0.6 -0.6 -0.6 -0.6 5 7.6 -0.6 -0.6 -0.6 -0.6 4.5 12.6 20 22.6 26.4 26.4 21.1 17.8 17.4 17.5 16.4 14.1 15.4 17.9 20 20.6 23.8 27.7 29.4
28.5 30.8 34.7 39 43.1 46 50.3 53.4 55.9 56.8 57.6 58.1 57.7 56.8 54.1 51.7 52.9 51 48.4 44.8 37.9 32 26.8 25.8 25.8 25.8 25.8 24.9 31 35.9 37.5 38.3 40.3 42.5 44.8 47.3 51 55 56.9 57.1 56.5 56.1 56.1 56.1 57.7 58.4 54.6 52.3 51.3 45.8 40 36.7 24.9 9.5 3.1 -0.6 -0.6 -0.6 -0.6 -0.6 5.2 -0.6 -0.6 -0.6 -0.6 -0.6 9.1 15.3 19.3 21.4 26 21.9 16.5 12.5 11.4 14.1 15 13.7 15.6 17.6 19.6 21.7 23.7 27.1 29.3
30.6 35.7 40.4 43.8 46.2 48.9 52 55.3 58.8 60.5 61.4 61.8 61.1 60.2 58 56.2 55 53 50.9 47.8 39.1 33.1 27.9 25.2 25.8 25.8 25.8 25.8 28.9 34.5 40.6 40.9 43 45.1 47.3 49.7 53.4 57 58.1 59.2 57.3 56.1 56.1 56.1 57.3 57.9 56.7 51.5 46.4 43.6 34.6 29 22.3 6 1.4 -0.6 -0.6 -0.6 -0.6 -0.6 -0.6 -0.6 -0.6 -0.6 -0.6 3.8 10.4 16.3 18.3 19.4 20 17.3 12.3 0.9 6.6 10.5 13 13.7 15.2 17.3 19.2 21.3 23.8 27.4 29.9
