data/450000-1200000.asc
ncols 200
nrows 200
xllcorner 450000
yllcorner 1200000
cellsize 50
[rows 152 to 189 of 200, columns 0 to 84 of 200]
74.8 75.4 77 73.1 69.2 62.4 56.3 51.9 44.9 36.6 21.3 13.4 14.2 24.7 35.7 46.7 57.1 68.4 76.2 76.4 74.8 74.7 78.9 83 87.7 91 91.4 90.9 89.5 89.4 89.5 89.3 90.1 89.8 91.2 92.8 94.1 95.3 97.6 100.1 101.6 101.9 101.4 99 97.8 97.9 93.7 90.4 86.5 83.1 88 92.9 92.5 89.1 88.3 85.9 87.8 90.7 89 78 73.9 72 70.9 71.2 66.8 59.2 55.7 55.7 59.3 62.1 63.7 66.1 58.6 50.1 48.6 45.4 38.5 42.5 44 33.3 26.1 19.4 13.2 7.7 4.5
74.3 74.8 75.6 71.8 66.7 61.7 57.7 52.5 44.8 35.5 21.4 20.5 10.7 22.5 33 42.3 51.5 63.1 71.8 77.6 76.3 73.6 75.4 79.5 83.5 87.7 89.3 89.4 89.3 89.1 88 87.6 88.8 89.8 90.8 92 93.1 95.3 98.2 100.8 101.1 101.1 99.3 95.6 93.4 92.7 90.7 89.5 84.1 84.5 91 93.9 93.8 93.3 93.3 91.6 91.8 92.8 86.8 75.4 74.1 72.4 71.8 71 65 58.8 55.7 55.7 56.8 61.3 64 66.3 60.8 52.4 47.5 45.1 40.5 46 50.9 39.9 29.4 22.1 15 9.2 6.2
74.7 74.7 74.7 72.7 67.5 62.8 59.3 52.9 45.4 37.4 24.1 25.8 14.2 15.3 29.4 37.8 48.8 58.1 67.8 70.7 71.9 71.3 72.5 76 80.3 84.5 87.5 87.4 86.8 86.4 85.2 84.2 85.5 87.4 89.1 90.5 91.8 95 97.8 98.7 99.4 97.1 93.4 90.9 89 88.6 89.7 86.8 82.3 86.1 91.2 94.3 94.9 95.7 96.6 95.3 94.7 93.5 84.4 75.4 74.1 73.3 72.6 69.1 63.2 57.3 55.7 55.7 58.1 63.6 67.4 68.1 63.1 54 46.4 43.2 41.5 48.2 53.6 46.2 32.7 25 17.6 10.9 8.3
75.1 75.4 75.9 73.5 68.6 65.1 60.1 53.9 45.2 37.1 24.1 24.5 27.6 11.6 18 31.6 42.7 53.9 61.8 66.8 67.9 68.2 68.9 73.3 77.8 81.9 85.1 85.2 84.6 83.8 81.8 80.7 81.1 83.2 85.4 87.7 89.8 91.8 93.9 94.5 93 91.3 89.3 89.1 89.6 86.1 85.7 82.3 82.3 84.9 90 92.9 93.5 96.2 98.1 97.3 95.5 88.2 80.4 75.8 75.1 76.8 74 68.4 62.2 55.7 55.7 55.7 59.6 64.6 67.1 70.2 66.1 58.2 46.8 44.1 42.8 47.5 54.7 53.1 39.6 29.3 21.9 14.2 12.4
75.3 76.4 74.8 73.3 69.8 66.8 62.3 54.9 46 34.9 23 30.3 35.2 25.7 14.4 16.3 33.8 44.9 56.9 64.4 63.7 64 65.6 69.4 74 78.6 81.8 82.5 82 80.8 78.7 77.9 78 80.1 82 84.3 86.6 88.6 90.6 89.9 88.4 86.7 85.5 89.3 90.2 87 82.3 82.3 82.3 84.3 89 90.4 91.6 94.1 98.2 95.9 90.7 84.4 80 76.4 77.6 80.6 75.9 68.8 61.7 56.3 55.7 55.7 61.5 65.2 65.7 68.6 69.6 61.9 49.5 45 44.1 44.8 53.5 54.7 46.4 33.4 24.6 16.1 15.9
76 77.3 75.6 72.7 71 68 64.8 58.2 48.9 35.1 22.6 36.2 38 37 28.8 19.4 12.3 32.7 46.3 57.9 59.3 59.2 61.7 65.6 69.8 74.5 78.3 79.3 78.7 77.5 74.9 73.5 74.9 77.1 79 80.9 83.1 85.3 86.6 85.4 84.1 82.3 84.4 89.5 89.8 88.1 82.3 82.3 82.3 87.8 89.6 90.1 91 92.9 95.7 92.4 86.9 84.1 81.1 77.4 79.9 83.6 79.1 71.2 66.6 62 57.6 55.7 62.7 67 65.7 71 70.9 65.3 54 46.7 45.7 45.4 50.7 55.5 47.6 34.1 26.3 18.7 19.5
76.3 78.7 80.5 74.2 71.5 68.4 66.3 60.3 49.6 35.8 25.8 40.5 42 44.2 40.7 32.3 21.9 19.2 31.9 43.7 52 55.2 56.9 59.8 65.9 71.5 75 76.2 75.1 73.2 70.2 69.6 71.9 75 77.9 79.8 81.7 83.3 84.5 83.6 82.3 80 83.3 87.9 90.1 90.5 86.4 82.3 82.3 89.7 91.5 91.7 91.7 92.2 91.6 89.8 86.9 84 81.2 78.5 81.6 85.1 81.3 75 71.5 67.2 63.2 59.8 64.8 70.1 68.1 69.6 70.6 65.4 54.2 49.1 48.2 47.1 50.7 55.1 49.7 35.4 28.2 21.4 21.7
79.4 80.9 80.7 77 72.8 70.5 67.2 62.8 51.8 41 29.8 44.9 48.3 51.1 50.1 43.4 33.6 18.8 18.6 30.3 36.4 40.9 46.1 52 59.4 66 70.4 72.5 70.9 68.9 65.4 67.2 69.9 73.8 77.5 81 82.9 84.2 85.4 84 80.8 78.5 82.6 86.9 89.6 90 86 83.6 87.4 91.8 93.7 93 92.9 93 92.5 90.6 87.1 84.2 81.3 80.6 83.6 86.6 83.9 79.9 75.3 70.5 64.9 60.9 65.9 70.7 70.7 67.4 68 63.3 55.1 50.1 49.2 48.6 51 54.2 49.7 37.7 29.6 24.8 23
79.3 82.3 83.3 79 75.8 73.2 69.3 63.8 53.9 39.9 36.1 49.5 55.7 58.4 57 51.4 43.6 33.6 21.3 18.1 21.3 24.1 28.6 40.2 51.4 59.8 64.1 65.8 65.3 63.8 60.8 65.4 69.2 72.6 76.8 80.5 83.6 84.6 84.1 82.3 79.7 78.7 81.9 86.1 90.8 92.8 92.7 93.2 94.8 97.2 96.7 96.5 95 94.4 94 91.6 88.3 84.5 81.5 82.7 85.6 88.6 86.2 84 78.2 71.4 65.8 62.1 67.6 71.8 71.9 68.9 65.5 62.6 56.1 51 51.5 53.8 52.4 54.8 51.2 43.8 30.6 27.3 23.7
79.5 82 84 82.1 80.7 76 71.9 66.1 54.7 36.2 42.8 53.4 59.4 61.4 60.8 57.3 52.6 45.3 34.4 27.9 19.6 18.4 21.8 25.6 38.1 51.3 56.2 57.2 58.7 55.1 61.3 65.9 69 71.3 75.7 79.4 82.2 83.8 82 79.7 79 79 82.5 87.7 93 96.4 99.1 98.9 100.4 102.2 102.3 100.3 98.1 95.8 95.5 92.3 89.4 85.9 83.3 84.8 87.7 90.6 88.8 86.2 78.9 72.3 66.7 63.5 69 73.7 72.6 68.9 64.4 60.8 56.6 55.1 58.2 58.5 55.4 56 52.6 48.2 32.3 28.3 24.5
77.2 81 82.3 81.8 81.4 80.1 75.9 71 59.7 40.7 44 55.7 62.7 63.4 63.5 60.2 56.7 52.9 44.8 36.3 31.7 25.1 18.7 22 29.7 41 42.7 43.1 51.8 54.2 62 66.6 70.4 70.4 73.5 76.8 79.5 81.6 80.3 79 79 79.7 84.6 89.8 95.6 100.4 103.5 104.7 106 107.7 106.8 103.2 100.5 98.8 97 93.8 90.7 88.8 89.2 88.6 90 91.6 89.7 84.6 78.8 73.2 67.9 65.2 70.3 74.5 72.9 68.5 63.7 60.1 56.1 60.1 62.3 63 59.9 57.2 54.2 49.6 37 28.8 26.2
76.1 80.1 81.1 81.1 81.1 80.2 77.7 73.6 64.2 46 49 58.9 65.5 65.5 65.4 63.8 60.2 56.5 52.8 45.8 38.5 31.8 24.2 21.5 25.4 32.5 37.8 49.8 56.6 58.8 59.1 64.4 67.7 69.8 71 72.7 75.7 78.2 77.5 78.8 79 81.5 86 91 98.1 103.1 105.7 106.7 110.4 110.8 110.2 104.9 102.1 100.7 99.9 96.6 92.6 91.5 92.5 93.1 91.6 91.3 89.3 86.1 79.9 74.3 69.3 67.5 70.8 75.7 72.3 67.7 63.5 60.1 56.7 59 62.4 63.7 61.8 59.5 55.9 51.4 43 29.9 28.7
71.6 74.4 78.4 79.5 80.5 78.1 73.6 70.9 61.9 46.3 51.2 62 67.4 67.1 66.7 66.1 64 60.4 56.8 51.5 44.3 38.5 30.6 20.9 24.2 28.5 40 50.5 57.7 61.9 63.3 64.9 65.3 65.1 68 69.9 72 73.5 75 76.4 77.9 82.6 87.4 92 98.3 102.7 104 104.8 109.7 113 110.2 104.8 103.4 103 102.7 98.8 94.8 95.4 96.8 97.2 94.8 92.4 90.6 87.9 81.5 75.4 71.2 69 72 77.5 72.2 67.8 63.9 60.2 58.9 58.5 61.7 64.6 63.7 62.5 58.4 55 47.9 34.3 28
69.9 70.2 72.9 75.7 76.2 73.3 68.1 58 47 44.3 54.6 66.3 69.5 69.7 68.2 67.9 67.3 64.1 60.2 55.8 48.9 41.8 34.6 24.1 22.9 27.2 38.2 49 59.5 63.5 66 68.2 68.4 68.6 70.1 71.9 73.5 75.1 75.7 75.1 77.6 82.2 87.2 91.9 97.9 100.8 100.2 102.5 106.7 111.2 107.2 104.9 104.6 103.6 104.9 101.1 97.3 98.3 100.9 100.2 96.9 93.6 93.4 89.7 83.3 76.9 72.8 70.8 72.7 78.9 72.6 68 64.1 61.7 60.4 59.5 60.2 62.7 62.6 62.3 61.3 57.9 51.3 38.9 28.8
70.4 67.2 70.4 72.2 72.8 69 62.7 47.4 45.3 50.1 60 66.6 70.8 70.1 70.6 70.9 69.9 67.8 63.1 57.3 50.3 44 38.6 30.2 21.6 25.7 35.2 46 57.3 62.7 66.7 69.5 72.4 72.8 74.2 75.8 77.4 79.5 79.7 76.5 78.8 82.3 86.4 90.9 95.6 99.6 98.9 99 101.5 105 103.5 104.6 105 104.9 106.2 102.9 99.6 100.5 102.7 100.3 97.2 94.2 94.4 92.4 85.4 78.8 75 72.6 72.8 77.3 72.4 68.6 65 63.4 61.9 60.7 59.7 60.7 60.5 59.6 61.1 59.3 53.6 43 34.6
68.7 67 66.7 67.1 67.5 64.5 58.2 48.8 50.5 55.4 63.4 71 71 70.9 73.7 73.1 72.2 70.2 65.9 59.9 54.3 48.7 44.3 35.5 23.1 25 32.6 43.4 53.7 61.2 65.6 70.7 74 76.4 77.9 79.2 80.3 81.3 81.6 78.2 81.5 85.1 87.6 90.5 93.3 96.3 96.8 96.5 97.9 101.2 104.5 104.6 104.5 105 106.7 103 99.7 101.9 101.4 100.1 97 94.9 95.9 96.5 87.5 80.6 77.5 74.3 73.8 77.3 74.2 70.2 66.7 65.1 63.4 62.5 59.3 59 58.6 58 59.3 57.4 54.9 47.8 37.3
65.5 63.5 61 61 60.4 56.5 49.5 47.1 52.1 58.6 63.8 70.4 71.9 72.9 76.5 76.3 72.9 70.8 68.5 64.6 59.1 53.6 47.2 37.6 26 24.9 31.2 41.3 51.1 58.7 65 69.9 75.2 78.6 80.7 82 83.3 84.7 85.2 82.5 85 87.6 90.2 93.4 96 98.5 97.8 98.4 99.1 100.4 103.3 103.7 103.2 102.9 103.2 102.7 101.2 100.4 98.7 97.1 96.4 95.5 96 98 89.2 82.2 79 75.6 76.1 79.3 79.2 73.6 68.4 66.9 65.7 65 60.1 57.8 56.1 54.6 53.9 53.5 52.2 47.6 38
61.4 59.2 59.1 58.2 56.2 54.1 48.5 48.5 54.1 59.7 65.2 69.7 72.1 75.2 79 79.2 73.6 73.9 69.4 64.6 59.1 52.4 44.9 38 27.7 25.1 31 39.4 48.9 57.1 64.1 70.5 76.2 81 82.6 84.7 86.4 88.1 89.1 86.7 88.9 89.5 91.5 95.7 98.7 99.7 99.8 101.2 101.9 100.8 102.1 102.5 101.7 101.3 101 100.2 99.6 97.9 96.2 94.5 93.6 93.8 94.9 96.6 90.1 83.9 81.1 79.4 78.9 81.3 83.3 78.6 71 67.5 67.7 65.4 59.1 54.8 52.7 51.1 49.8 49.1 48.4 44.1 38.1
58.5 58.2 57.9 56.5 56.6 56.2 49.8 51.2 56.2 60.6 65.6 69.9 72.8 76.4 79.8 77.9 74.1 72.5 69 64.4 57.6 50 43.8 37.7 28.9 24.7 31 38.9 48 54.7 61.7 68.7 76 81 82.4 86 88.2 90.7 92.2 90.5 89.3 90.6 93 97.4 100.6 101.9 103.7 105 103.4 101.8 100.8 100.6 99.9 99.9 99.2 97.3 97.7 96 94.2 91.6 90.2 92.1 94 96 90.2 85.4 82.8 81.7 80.9 83.1 85.7 80.8 73.8 68.2 66.3 63 57.7 52 49.6 50.1 47.1 46.4 44.4 41.1 36.9
51.4 53.6 54.6 54.1 51.6 51.8 50.6 54.6 58.9 62.4 66.5 69.3 72.5 76.2 78.5 75 75.4 71.6 67.8 62.3 55.4 50.2 46.1 39.9 30.8 24 31.6 37.2 44.7 51.4 58.4 65.7 72.9 79.5 81.5 85.8 89.4 92.1 94.5 92.4 90.7 92.2 94.4 98.4 100.1 103.4 106.8 108.2 106.4 105 102.2 99.3 98.3 97.8 96.6 95 93.1 93.2 90.7 88.1 87.7 89.7 92.3 94.8 90.4 86.4 85.3 84.2 82.9 85 88.7 82.7 75.2 67 65.5 60.6 55.4 51 49.3 47.2 45.1 43.5 40.8 38.7 35.6
45.9 47.9 49.9 52 50.2 48.4 50 56.6 60.4 64.6 68.1 68.7 70.9 72.3 73.8 74.2 74.9 71.1 66.5 60.6 56.1 52.7 48.1 41.9 31.9 23.7 30.7 36.8 42.6 49.3 53.9 60.3 67.1 74.2 80.3 85.1 90.5 94.4 95.4 95.1 94.6 93.3 95.4 97.9 100.5 104.8 108.8 109.9 109.9 107.7 104.9 101.9 98.5 95.5 94 92.8 90.9 89.2 87.1 85.1 84.8 86.9 89.2 93 92.7 87.5 86.3 85.5 84.7 85.7 90.1 85.6 79.6 67.5 63 58.7 53.1 49.8 47.3 44.8 42.8 40.8 38.7 36.6 33.9
46.9 42.9 45.8 47.2 48 47.1 51.3 56.8 61 66.7 69.9 69.3 70.6 71.2 71.8 73.8 72.6 69.6 67 62.1 58.5 54.6 49.3 39.9 30.3 24.6 32.9 38.2 43.9 50.4 58.1 63.6 66.7 72.1 79.8 84.6 89.2 93.5 94.6 95.7 95.3 94.7 96.5 98.9 101.4 104.6 109 110.9 113.7 110.5 107.7 104.1 100.2 96.6 93.9 91.2 89.6 86.7 84.1 82 81.8 84 86.1 90.7 91.9 88.3 87.4 86.6 86.2 85.7 87.7 86.5 82.2 68.8 61.6 56.4 50.9 48.3 46.2 44.1 41.8 39.4 36.7 34.6 32.7
47.3 44.9 43.7 44.5 46 48.3 50.7 54.4 60.4 67.2 70.8 71.6 71.1 71 70.5 71.3 70.5 67.8 66.1 64.2 59.7 54.2 48 37.8 28.2 27 34.2 38.1 42.4 48.4 57.8 65.1 72.1 72.3 78.1 83 87.6 91.5 92.5 93.5 93.9 93.8 96.1 98.6 100.9 103.8 108.5 111.7 114.7 113.9 109.6 105.7 101.8 97.7 95 89.3 86.9 84.2 81.6 79 78.9 81.1 83.2 88.8 91.5 88.9 88.5 87.9 87.3 86.7 86.8 85.7 79.6 69.9 64.8 60 53.3 48.4 45.7 43.6 41.4 38.9 36.1 33.4 30.9
46.1 44.2 41.7 44.5 44.4 47.2 49.4 53.6 60.4 66.3 71.6 73.1 71.9 71 70.1 68.1 68.5 66.1 63 62 58.8 52.6 45.3 34.9 25.4 28 34.4 39.4 42.6 47.9 57.2 66.8 74.3 78.6 78.8 81.2 85.6 89 90.1 91.4 92.1 92 93.3 95.7 98.6 101.2 106.7 109.2 110.8 112.5 109.9 106.7 103.3 99.1 93.6 89 85 82.3 79.5 76.8 75.9 78.1 80.2 85.4 91.7 88.5 88.4 88.8 88.2 87.9 87.7 86.6 80 74.8 72.7 63.6 55.7 50.8 45.9 43.2 41 38.3 35.6 32.9 30.2
46 43.9 41.2 43.9 42.9 45.9 49 52.3 57.1 65 71.6 74.1 72.4 71 69.7 67.7 65.8 63 60.4 58.1 54.4 49.6 43.8 30.4 26 34.7 36.4 39.8 42.8 47.3 57.1 66.9 76.4 80.9 83.3 82.2 84.3 86.5 87.1 88.5 89.7 89.7 90.2 92.9 95.9 99.8 104.6 105.9 107.2 107.8 106.4 103.8 100.4 96.4 91.9 87.6 83.9 80.7 78.2 75.9 73.5 75.1 77.4 87.2 92.1 88 87.7 88.3 88.8 88.7 88.4 87.8 81.6 78.3 77.2 67.3 58.2 53.2 48.3 43.4 40.5 37.8 35.6 33.5 30
46 43.5 39.6 43.4 42.5 45.8 49.1 52.7 56.8 61.3 70.9 74 72.6 70.6 67.6 65.4 62.3 58.2 55.1 50.6 46.8 44.2 39.2 24.7 31.6 38.7 41 38.7 42.4 46.9 56.6 68.2 76.8 82.4 84.6 85.6 85.3 85 85.2 85.7 86 86.9 87.7 90.3 93.7 97.6 101.4 102.4 101.6 101.3 99.5 99.8 96 93 88.7 85 82.6 79.6 77.4 75.1 72.7 72 79.4 86.2 91.6 87.8 87.8 89.5 90.3 89.4 89.3 88.5 83.7 79.9 80.7 71.2 61.8 56.1 51.4 46.1 41.3 39.3 37.2 33.6 29.9
45.9 43.5 41 42.6 42.7 45.3 48.6 52.2 56.1 59.9 66.9 71.9 71.4 68.7 65.2 61.6 57.7 53.8 49.7 45.5 41.4 32.5 27.6 33.8 38.7 42.6 45.9 44 43.4 46.6 55.5 66.4 77.4 83.3 86.5 87.6 87 86.5 86.3 83.8 83.9 84.1 84.9 87.5 91.3 95 97.4 97.6 96 94.5 93.9 94.1 91.9 89.2 84.7 82.8 80.6 79.2 76.6 74 71.2 71.8 78 84.5 87.8 87.5 87.2 89.1 91 89.1 89.9 88.2 83.9 80.6 82.7 74.5 66.6 59.9 54.3 48.6 42.6 40.6 37.9 34 30
45.6 43.5 42.8 42.2 42.6 44.6 48.1 50.8 54.7 58.2 61.8 66.5 67.1 64.1 60.6 56.9 52.9 48.5 44.1 39.2 31.1 33.3 39.8 40.4 40.6 45.8 49.5 49.5 44.1 48 53.1 63.3 74.9 83.2 87.5 88.1 87.4 87.2 85.9 84.2 81.7 81.2 81.9 83.9 87.4 91.4 93.8 92.6 90.8 89.6 89.9 88.5 86.9 84.8 80.2 79.8 81 79 75.7 71.8 69 71.1 76.6 82.5 83.5 84.8 86.7 88.6 90.6 90.5 90 86.9 82.9 81.6 83.4 77.5 70.7 64.4 57.4 50.7 44 41.9 39.7 35.1 30.3
45.7 40.6 42 39.1 42.6 43.8 47.9 50.7 53.3 56.4 59.6 61.5 61.6 58.7 55.7 51.8 47.4 43 38.6 32.2 36 43.1 46 44.1 43.5 47.3 52.3 53.4 50.4 48.7 50.6 59 72 81.3 86.6 88.3 87.6 86.6 83.5 81.5 79.9 78 79 79.7 82.4 87 90.2 88.5 87.6 86.8 85 83.5 82 81.3 79.8 78.4 77.6 75.9 72.9 69.8 67.2 70.5 75.8 81.1 82.6 84.1 86 88.1 90.1 89.6 89.4 86.6 83.4 81.8 84.4 82.2 75.4 68.7 61.3 53.3 45.4 43.2 41.1 36.8 31.2
45.8 44 42.5 41.3 42.4 43.5 46.2 49.5 52 54.6 56.6 58.4 56.9 53.7 50.6 47.2 42.7 39.4 35.5 31.9 39.1 44.9 49.3 49 48.9 48.8 52.3 56.4 55.3 50.4 50.2 55.8 66 78.2 84.2 85.5 85 83.6 81.1 78.7 76.9 74.8 75.8 77 78.9 81.9 85 84.6 84.4 83.2 81.4 79.6 79 79 76.9 75.5 73.8 72.3 70.8 68.7 66.5 69 74.1 80 82 83.2 85 87.1 87.8 87.7 86.8 84.2 81.8 82.7 85.8 86.9 80.1 73.2 65.5 56.3 47.2 44.6 42.4 38.1 32.4
46.6 42.4 42.5 42.1 41.1 41.5 43.7 47.1 50.1 52.3 53.6 54.1 52.8 49.7 46.5 43.5 39.9 37.2 32.7 35.1 38.8 44.3 48.5 48.4 48.4 48.1 51.6 56.7 57.4 54.4 50.7 54.8 60.8 71.2 79.9 82.6 82.4 80.2 79.3 75.7 72.4 71.5 72.6 74.6 77.1 79.5 80.7 80.9 81.3 80.6 78.7 77.5 76.1 75.4 73.8 72.6 71.2 70.7 69.6 68.1 66.1 68.4 73 78.2 81 82.2 83.3 84 84.6 85.2 84 81.9 81.3 82.9 86 90.3 85.7 78.2 69.4 60.6 52.2 48.6 45.3 40.9 34.6
47.2 45.4 43.5 42.4 36.6 40.6 41.3 44.4 47.1 49.2 50.1 49.9 48.6 45.2 42.7 39.9 37.6 34.6 33.8 34.1 36.5 41.3 46 47.6 47.9 47.6 50.3 54.1 56.3 56.5 52.7 52.6 57.4 64.4 70.8 78.8 79.8 77.9 75.4 71.2 68.2 69 70 71.5 74.1 76.3 77.8 78 78.1 77.1 76.6 74.6 73 71.9 70.9 70.8 70.8 69.7 68.1 66.6 65.1 68.9 73.7 79.1 80.8 81.3 80.6 79.5 78.3 78.7 79 80.5 81.4 83.1 87 90.5 91.8 83.3 74.8 66 58.3 54.5 50.3 43.1 36.2
46.1 44.9 42.3 42.4 40.8 36.9 39.4 41.5 43.9 44.8 45.9 44.5 42.8 41 38.6 37.1 35.8 34.8 35.1 35.3 34.2 35.2 40.4 43.6 46.1 46.7 48.3 51.8 54.3 53.1 53.6 51.9 55.4 59 64.3 71 75 73 70.8 67.3 65.6 66.8 68.1 68.9 71.2 72.8 74.4 74.8 75.2 74.9 74.1 71.9 70 69.1 69.5 70.4 68.8 67.1 65.6 64.3 63.3 69.3 73.9 78.8 82.1 79.8 78.5 77.6 76.7 75.9 77.2 78.4 80.7 83.3 86.7 91.4 95 87.2 79.5 71.3 63.7 59.4 54.2 45.8 37.5
46 44 41.8 41.4 40.8 38.5 38 39.6 40.5 41.7 41 39.8 38.4 36.5 35.1 34.4 34 34.2 34.8 35.5 36.3 37.1 35.7 38.1 41 43.3 45.5 47.6 49.2 50.5 50.7 50.4 52.4 54.8 59.2 64.8 69.8 69.1 65.4 62.6 62.5 64.4 66.2 68.8 69.7 70 72.2 72.9 73.4 72.9 71.7 69.4 67 66.7 66.8 66.9 64.9 64 62.7 60.9 64.8 68.5 72.1 76.5 78.4 77.2 76 75.4 74.7 74 75.2 77.6 81.4 84.6 86.5 91.4 98 90.5 82.9 75.8 68.6 64.3 57.3 48.7 40.1
46.4 44.5 42.4 42 41 39 34.1 38.6 39.6 38 37.2 36 34.6 33.2 32.5 32.1 32.5 33.2 34.1 35.3 36.2 37.8 40.8 40.2 38.9 39.3 42 44.3 46.8 47.2 47.6 48.2 49.8 50.9 55.3 59.3 62.5 61.7 59.7 58.3 59.6 62.6 65.6 68.3 70.3 70.6 70.1 70.8 71.6 70.9 69.1 67.4 65.6 64.4 64.1 62.9 61.5 60.9 59.8 57.9 63.6 67.2 70.7 74.6 74.2 73.8 73.3 72.7 72.3 72.4 74.5 78.3 81.8 85.5 87.3 89.2 94.9 90.3 83.4 77.9 71.6 66.5 59.3 50.8 42.3
46.2 44.6 43 41.2 39.6 38.3 35.8 33.7 35.5 33.8 33.6 32.4 31.4 30.3 29.9 30.5 31 32.2 33.8 35.7 36.9 38 39.7 44.4 43.9 41.5 41.6 40.9 44.3 45.3 46.1 46.6 47.6 48.7 51.9 56.2 57 53.9 56.5 58.9 60.4 62.9 65.9 68.5 69.5 70.8 70.4 70.8 69.8 70.8 70.7 69 66.2 62.7 60.9 59.5 58.8 57.6 56.2 57.2 62.1 65.7 69.2 71.5 71.1 70.9 70.5 70.6 70.7 70.7 71.1 75.2 79.3 82.8 86.8 87.6 90.7 88.7 85.7 80.8 75.1 68.8 61.3 52.9 44.7
45.6 44 42.1 40.8 38.3 37.2 36.4 28.2 30.2 30 30.2 29.7 28.9 28.2 29 30.6 31.2 32.6 34.4 36.5 37.9 38.8 39.5 44 47 43.1 44.5 44.8 41.4 41 42.4 45.2 46.8 48.6 50.2 51.4 51 55 58.6 60.6 62.3 63.8 67.4 69.1 70.9 71.1 70.8 69.8 69.1 69.2 70.1 69.8 66.3 62.7 59.1 56.9 56.7 55.4 54.1 56.2 60.3 63.8 67 69.6 69.2 68.4 68.1 68.3 68.5 68.7 69.1 72.5 76 79.9 84.2 87.4 87.4 87.9 88 83.6 78.8 71.8 63.6 55.3 47.1
44.9 43 41.3 40 38 36.8 35.9 34.3 26 28 27.8 27.3 26.6 27.1 28.3 30.2 31.6 33.5 35.4 37.6 39.6 40.9 40.7 43.3 45.8 45.8 46.4 46.4 45.2 45.2 43.9 44.2 45.6 47.6 49.4 48.2 52.4 55.7 57.8 60.8 63.1 65.7 69.6 69 71.2 71.4 71.1 70.1 68.9 69.4 69.1 68.3 66.2 62.8 59.1 56 54.5 53.6 52.1 54.7 58.1 61.8 64.2 66.5 66.1 65.5 65.4 65.8 66.2 66.6 67.4 69.4 72.7 76.8 81 85.8 87.9 88.3 88.9 85.4 81 72.6 65 57.5 49.5
