data/450000-230000.asc
ncols 200
nrows 200
xllcorner 450000
yllcorner 230000
cellsize 50
[rows 0 to 34 of 200, columns 0 to 78 of 200]
113.3 112.8 111.2 109.7 106.1 102.6 99.7 98.6 98.1 97.4 96.9 96.5 96 95.2 94.8 94.8 94.8 95.1 95 95.1 95.4 95.8 96.1 96.1 96.4 97 97.7 98 97.5 98 97.8 97.8 97.9 98.1 98.2 98.6 99 99.9 101.7 103.6 104.1 103 103.3 105.3 110 112.8 114.2 112 107.7 109.1 113.2 115.3 118 120.2 121.2 122.3 123.3 124.6 125.8 128 131 133.2 137.4 141 142.7 141 138.7 132.1 134.6 140.8 140 138.8 138.9 139.6 140.4 140.1 141.3 144.1 147.9
109.8 108.4 106.2 104.8 103.4 100.9 98.7 97.8 96.8 96 95.4 95 94.3 94.5 94.5 94.5 95.3 95.7 94.9 95 95.3 95.7 95.9 96.1 96.2 96.6 96.8 97 97.3 97.4 97.5 97.9 98.2 98.7 99.9 99.3 100.4 103.3 106.3 108.3 107.9 107.5 107.2 107.1 107.2 111.2 113.8 115.9 113.5 108.5 110.2 112.4 114.8 119.4 120.6 121.9 122.7 123.2 123.9 126.7 130.9 138.1 142.3 146.2 146.8 145.2 140.7 134.7 137.4 147.2 146.9 148.3 148.2 148.9 149.2 148.6 148.7 150.7 149.8
104.1 103.4 102.1 99 98.8 97.1 97 96.1 95.2 94.6 94.3 93.9 94.2 94.2 94.3 94.4 96.2 96.2 95.5 94.9 95.2 95.3 95.6 95.9 96.1 96.6 97 97.3 97.4 98.6 99.7 100.3 100.6 101.7 103.3 102.6 101.9 103.7 108.6 112.8 113.5 111.8 111.5 109.7 109.4 110.5 113.8 115.4 115.7 112.5 109.6 112 116.9 119.3 120.2 121.4 122.1 122.7 124.8 127.6 132.3 138.5 147.7 150.2 150 147.7 142.3 142.1 146.5 148.4 150.6 151.1 152.2 153.9 154.3 154.9 154.8 153 151.5
100.2 99.4 98.6 96.4 94.9 94.9 94.7 94.4 94.2 94.1 93.9 93.9 94 94.1 94.2 95.4 96.5 96.2 95.7 95 95.1 95.2 95.5 96.1 96.6 97.1 97.7 99 100.5 102.6 104.5 105.8 105.5 105.9 106.6 105.4 104.3 104 110 115.7 115.7 115.3 114.1 112.7 111.8 113.5 115.3 115.1 115.1 115.4 110.7 113 116.5 119 120.8 120.9 121.7 122.6 124 128.5 133.7 139 147.4 153.1 152.3 148.4 148.3 148.2 149 149.2 152.5 154.2 156.1 155.8 155.5 155.7 155.1 153.1 152.2
97.3 95.9 94.9 93.6 93.3 93.3 93.7 94.3 94 93.8 93.6 93.7 94 94.2 95.5 96.5 96.2 95.9 95.6 95.1 95.1 95.3 95.9 96.6 97.1 98.7 100.8 102.7 106.1 109.6 111.6 111.6 111 110.8 111.5 108.9 106.5 105 109.8 116 116.3 116.2 115.3 114.5 114.5 115.4 116.5 116.2 115.9 115.6 114.8 112.8 114.5 115.3 118.5 119.4 121.2 122.3 123.4 127.4 133.3 138.6 146.7 153.2 154.6 151.3 153.4 151.2 151.5 151.9 152.7 155.5 157.1 156.9 156.8 156.4 154.7 153.5 152.9
94.9 93.6 93.1 93 92.9 92.8 93.3 94.1 93.9 93.6 93.4 93.8 94.3 94.8 96 96.8 97.1 96.4 96 95.6 95.7 96.3 97.3 97.4 97.7 99.7 102.7 106.8 110.2 114.5 115.5 115.8 115.5 115.6 115 111.8 109.7 107.9 109.3 115.5 118.1 117.5 116.8 116 116.1 116.7 117.7 117.3 117 116.7 116.3 114.9 114.9 115.2 115.3 117.2 120 120.8 122.6 126 131.8 137.9 145.4 152.9 156.3 154.2 155.7 154.7 154.3 154.8 155.2 155.8 155.9 156.7 156.6 156.2 155.1 153.7 152.8
93.1 92.9 92.5 92.3 92.3 92.3 92.5 93.6 93.3 93.2 93.7 94.1 94.6 95.1 95.8 96.8 97.7 97.9 97.1 96.3 97.2 97.8 98.1 99.4 99.5 99.7 102.7 107.9 114 116.7 118.1 118.5 118.4 118.6 116.9 114.1 113.7 113.2 111.6 115.2 118.1 118.6 117.8 117.2 117.1 117.4 118.8 118.8 118.1 117.8 117.4 116.6 116.1 117 115.2 115 117.3 119.5 121.9 124.9 130.2 136.8 144.4 152.1 155.4 155.7 156.7 156.5 155.5 155.4 155.7 156.2 156.1 154.1 155.9 155.2 154.4 153.5 152.7
93.3 92.2 91.8 91.9 91.9 92 92.1 92.7 93 93.4 93.8 94.2 95 95.2 95.9 96.7 97.6 98.6 98.8 98.1 99.8 101.5 102.4 104 104.5 103 100.5 106.1 113.4 117.4 118.8 119.2 119.4 119.3 118.3 116.4 116.2 116.1 115.4 114.2 115.7 119.2 118.8 117.4 117 118.8 119.8 120.6 119.9 119.2 118.5 118.2 117.6 118.2 117.7 115.7 115.8 118.1 121.5 125.5 130.1 136.4 143.6 150 155.9 156.9 156.5 157.1 156.7 156.2 156.2 156.4 156.2 155 155.5 154.6 153.4 152.8 152.2
91.8 91.7 91.7 91.6 91.6 91.6 91.7 92.1 93 93.4 93.8 94.7 95.4 95.9 96.7 97.4 98.1 98.8 99.5 100.4 102.3 104.4 107.5 109.6 110 108.3 105.8 104.8 110.5 114.7 119 119.6 119.7 119.6 119.4 118.3 118 117.7 116.4 115.4 114.3 117.9 119.7 118.7 118.5 119.8 120.8 122.5 121.8 121 120.3 119.6 119.1 119.6 119.2 118 118 118.4 122.1 126.2 130.4 136.9 144.2 151.3 156.2 157.2 157.2 157.1 157 156.8 156.9 156.6 156.3 156.1 155.7 154.7 153.8 152.9 152.1
91.7 91.8 91.7 91.7 91.6 91.5 91.3 91.8 93 93.4 94.3 95.4 95.9 96.7 97.4 98.2 98.9 99.6 100.3 101.1 102.9 106.7 112.3 115.4 115.3 113.9 110.2 104.6 108.7 113.9 118.9 119.9 120 120.1 119.8 119.5 119.4 117.8 116.6 116.3 117 117.3 119.1 120 120 120.7 121.8 123.6 123.6 122.9 122.2 122.1 120.6 120.5 120.2 119.6 118.4 118.7 121.1 125.3 130 136.6 144.2 151.5 155.7 157.5 157.6 157.6 157.7 157.7 157.8 157.9 156.9 156 155.5 155 154.4 153.6 152.9
91.8 91.8 91.8 91.8 91.7 91.6 91.5 92.4 93.1 94 95 96 96.6 97.4 98.2 98.9 99.7 100.4 101.1 101.9 103.2 107.4 114.3 117.8 119.1 118.4 113.5 109.1 109.4 115.1 118.6 120 120.4 120.5 120.3 119.9 119.9 118.3 117.7 117.9 118.1 118.4 118.8 119.8 120.9 121.6 122.8 124.7 125.5 124.8 124.9 124.1 122.9 122.1 121.8 121.1 119.9 118.8 121.1 124.2 129.2 134.8 142.6 150.6 154 156.6 157.7 158.2 159 159.2 159.1 158.6 157.3 156.7 156.1 155.5 154.9 154.1 153.3
91.9 91.8 91.8 91.8 91.9 91.7 92.7 93.7 93.9 94.5 95.7 96.6 97.4 98.7 100.7 100 100.5 101.2 101.9 102.7 104 107.4 113.7 120.4 120.6 120.5 116.3 111.9 110.4 116.4 118.2 119.6 120.7 120.9 120.6 120.2 120.1 120.2 119.1 119.8 120 120.2 119.9 120.3 121.6 122.5 123.8 125.7 127.3 127.2 127.8 127 125.9 124.9 124 123.5 122 120.2 120.7 123.2 128.5 133.9 140.9 149.1 153.3 155.7 157.7 158.5 159.1 159.3 159.4 158.6 157.8 157.2 156.6 156 155.3 154.5 153.7
92.3 92.2 91.8 91.8 91.9 92.7 93.6 94.5 94.4 95.3 96.8 98.8 100 102.5 104.4 105.2 105 103.5 103.2 104.4 106.3 107.4 111.9 117.8 121 121.1 118.7 114.4 111.4 116.3 118.4 119.5 120.7 120.9 120.8 120.4 120.2 120.5 120.1 120.9 121.6 122.1 122 122 122.6 124 126.9 128.8 130.2 132.3 133 131.5 130 128.5 127 125.9 123.8 121.6 120.8 122.3 127.5 133 138.6 145.4 150.8 154.9 156.9 159.1 159 158.9 158.9 158.7 158.1 157.4 156.5 155.7 154.8 154 153.1
92.3 93 92.8 92.4 92.4 93 93.9 94.5 96.5 97.5 99.7 101.9 103.8 106.6 108.1 109.4 109.2 107.3 105.7 107.7 109.5 108 110.4 116.9 121.2 121.7 121 116.9 113 115.3 118.5 120.6 121.1 121.2 120.8 120.4 120.3 120.3 121.3 121.9 122.6 123.7 124.6 124.7 125.3 127.3 130.9 133.2 136.1 138.3 138.5 136.7 134.9 133.1 131.3 127.3 124.5 122.4 120.9 122.9 126 130 134.9 140.8 146.8 152.3 155.9 157.3 158.4 158.4 158.9 158.6 157.7 156.9 156 155.2 154.3 153.5 152.6
92.5 93.1 93.7 93.5 93.2 93.6 95 97.1 99.2 100.7 102.8 105 108.6 111.3 112.7 114 113.2 110.7 108.8 111.4 113.8 111.2 109.6 116.1 121.3 121.8 121.4 118.7 115.4 114.5 118 120.2 121.2 121.2 120.8 120.8 120.9 121.1 122.5 124.6 126.5 128.2 128.2 128.1 129.6 131.4 135.2 140.3 144.2 146.5 143 140.5 138.7 136.9 133.7 128.8 125.2 123 122.5 124.4 125.4 127.7 131.6 136.3 142.9 149.2 154.8 156.1 157.1 158 158.9 158.3 157.4 156.5 155.6 154.7 153.9 153 152.1
92.9 93.5 94.2 94.6 94.9 96.5 98.3 100.1 101.9 104 106.4 110.6 114.4 116.2 117.5 117.6 115.7 114 112 115.3 118.1 114.5 110.9 115.4 119.9 121.9 121.8 119 117.1 115.3 116.8 118.7 119.9 120.6 120.8 121.3 121.8 122.4 124.2 126.5 129 132.2 133.3 133.1 135.3 137.7 142 147.5 152.1 150.4 147.7 144.8 142.4 139.8 135.3 130.2 127 126.4 126.2 124.1 125.1 126.6 131.3 136.4 143.6 150.4 154 155.3 156.5 157.4 158.2 157.6 156.7 155.9 155.1 154.3 153.4 152.6 151.7
93.4 94.2 94.5 94.9 97.3 99.9 101.7 103.5 105.3 107.3 111.4 115.8 118.7 119.8 120.2 120.6 119.4 117.7 116.1 118.7 120.8 117.6 114.2 115.1 118.8 121.4 122 121.2 119.7 118.6 118.2 117.7 118.4 119.2 120 120.8 122 123.7 125.7 128.1 131.1 135.4 138.8 140.5 142.6 144.5 148.6 152.9 154.6 153 151.4 148.8 145.9 140.8 136 132.9 131.5 130.9 129.6 126.6 125.3 126.3 131.9 137.4 144.8 150.1 153 154.5 155.9 156.8 157.1 156.5 155.9 155 154.2 153.4 152.5 151.7 151
94.1 94.8 95.4 96 98.7 101.6 104.3 106.7 108 111.4 115.1 118.5 120.9 121.3 121.5 121.6 121 119.6 119 119.8 120.8 120.5 117.4 114.4 117.4 120.4 122.1 121.7 120.8 120.5 120.2 119.6 118.7 119.2 120.2 121.5 123 124.8 127 129.7 132.8 137.5 144.2 147.4 149.9 151 153.2 154.8 155.2 154.4 153.3 151.9 147.7 142.2 139.6 137.6 136.1 135.4 132.4 128.5 125.3 125.3 130.9 133.6 139.8 145.4 150.7 153.5 155.2 156.2 155.9 155.4 154.8 154.1 153.3 152.5 151.6 150.9 149.8
95.4 96.4 97.2 96.8 98.1 102.4 107.7 109.8 112.2 114.5 117.1 120.4 120.8 121.2 121.9 122.4 121.9 120.7 119.6 120.2 120.9 121.1 120.2 116.5 118.2 121.2 122.2 122 121.4 121.4 121.1 120.4 120.4 120.9 121.7 122.9 124.1 126.4 128.8 131.5 134.5 140.3 148.4 152.2 153.1 153.9 154.7 155 155.5 155.5 154.3 152.8 150.5 148 145.2 143 141.1 138.4 135 131.7 128.2 125.6 126.9 128.4 134.2 140.9 147.3 151.3 153.8 155.1 154.8 154.3 153.7 153.2 152.4 151.6 150.9 150.1 148.7
96.8 100.2 101.9 101.2 100.3 99.4 104.3 111.6 116.1 117.7 119.6 121 120.6 121 121.7 122.3 122.8 121.8 120.6 120.8 121.4 121.7 120.7 119.7 119.8 122.2 122.4 122.1 122.4 122.4 122.2 122 122.3 122.8 123.9 125.2 126.4 127.4 129.9 132.9 136.8 142.4 148.6 154 154.8 155.6 156 155.8 155.7 156.2 155.4 153.6 153.3 152.2 150.6 148.1 145.2 142.2 139.2 136.1 135 132.1 127.4 128.6 134.1 143.6 146.8 151.2 154.2 154.2 153.8 153.2 152.6 152 151.5 150.8 150.2 149.4 148.1
101.1 106 108.6 107.3 104.6 101.3 102.9 108.5 114.3 116.4 118.4 120.1 120.4 120.7 121.3 121.8 122.2 122.7 121.7 121.3 122 122.2 121.2 120.3 120.4 122.1 121.6 122.3 123.5 123.6 123.5 124.4 125.1 125.3 126.7 127.9 128.9 129.7 130.6 134 138.2 140.5 145.7 150.3 153.2 155.4 156 156.2 156.5 156.6 156.4 155.4 154.5 153.6 152 150.7 148.9 145.9 142.7 139 135 133.9 132.5 133.4 137.9 146.4 150.3 153.3 154 154.2 153.5 152.8 152.1 151.5 151.1 150.5 150 149.1 147.9
105.3 111.3 114.3 112.7 109.5 106.4 103.5 105.9 110.2 113.9 116.6 117.9 120 120.3 120.8 121.2 121.7 122.1 122.6 121.8 122.6 122.7 121.9 121.6 121.4 121.4 122.5 123.8 125 126.3 127.3 128.1 128.6 129.1 129.6 130.5 131.4 132.3 131.5 133.7 136.2 137.9 140.8 145.6 149.4 152.6 155.5 155.8 156 156.3 156.7 156.6 155.7 154.8 153.5 152.2 151.1 149.2 145.9 141.8 137 134.7 137.9 140.8 139.5 147.1 153.2 154.2 154.8 154.3 153.7 153 152.1 151.6 151.3 150.7 150.1 149.3 148.2
108.9 114.8 117 117.3 114.2 110.8 107.2 105.3 109.2 113.4 117.1 119.6 120.3 120 120.2 120.7 121.1 121.6 122 122.5 123.7 124 123.7 122.9 122 123 124.4 126 127.6 129.3 131.7 132.3 132.6 132.9 133.1 133.2 132.6 131.8 131.1 132.5 134.3 135.5 136.7 140.4 145.4 151.6 154.5 154.7 155 155.5 155.9 156.3 156.3 156 154.9 153.7 152.8 151.9 148.9 144.6 140.5 138.5 143 145.2 145.5 149.2 154.8 155.3 155.3 154.8 154.3 153.7 152.9 152.2 151.9 151.3 150.7 150.2 148.8
111.5 116.1 118.7 119.5 118.2 114.7 110.6 107.9 110.3 115.7 119.6 119.9 120.5 120.1 120.2 121.5 121.9 122.4 122.8 124.6 126.6 127 125.7 124.9 124.4 125 126.4 128.5 132.8 135.2 137.1 136.9 136 136.2 135.1 134.1 133.3 131.9 130.4 129.9 131.6 132.8 134 138.2 144.9 151.5 153.4 153.9 154.3 154.7 155.2 155.6 155.9 155.9 155.8 155.1 154.1 153.1 150.2 148.5 146 146 147.7 149.5 152.1 156 155.8 156.1 155.7 155.2 154.8 154.3 153.6 152.9 152.4 151.9 151.4 150.9 149.8
117 118.4 120.4 120.8 120.6 117.9 113 110 111.5 117.2 120.1 120.6 120.4 120 119.6 121.1 122.7 123.2 125.1 127.3 129.5 130.1 128.7 128.1 129.4 128.1 128.8 132.3 136.8 140.7 141.2 140 137.9 136.3 134.9 133.7 132 130.5 129.1 127.8 129.3 131 134.1 138.5 145.2 151.8 152.8 153.2 153.6 154 154.5 154.9 155.4 155.4 155.1 154.7 154.3 152.8 150.5 150.2 150 151.6 152.2 154.8 155.5 155.8 156.3 156.4 156 155.6 155.2 154.8 154.3 153.7 153.3 152.9 152.5 152.1 150.9
119.5 121.3 120.3 120.2 120 119.5 116.1 112.4 111.3 116.1 119.3 120 120 119.7 119.4 121 122.9 125.2 128.5 130.1 132.2 133.2 134 135.3 134.5 132.8 132 136.8 141.8 146.1 144.7 141.5 139 136.4 134.6 132.5 130.4 128.8 127.7 126.3 127 129.8 133.7 138.5 146.5 151.6 152.2 152.6 153 153.4 153.8 154.2 154.6 154.9 154.7 154.5 154.3 154 152.7 152.2 151.7 152.5 154.7 155.2 155.4 155.6 156.2 156.5 156.2 155.8 155.4 155 154.7 154.4 154 153.7 153.4 153.2 152.8
119.6 120.8 121.5 119.8 119.4 119.1 119.8 115.1 112.2 113.3 117.1 120.1 119.6 119.3 120.3 122.2 124.4 126.4 129.9 133.4 136.8 140.7 141.5 140.9 139.3 137.7 136 141.4 146.5 148 145.5 142.5 139.9 136.2 133.6 131.2 128.9 127.1 125.3 124.4 125.7 128.4 132.2 136.3 144.2 150.7 151.5 152 152.4 152.8 153.2 153.6 153.7 154.3 154.4 154.3 154.2 153.6 153.7 153.9 153.7 153.3 154.5 155.1 155.5 155.7 156 156.4 156.4 156 155.7 155.3 155 154.7 154.4 154.1 153.8 154 153.6
119.7 120.5 120.4 119.9 119.6 119.7 119.3 118 116.6 115.7 114 117.5 118.7 120.2 121.4 123.3 125.5 127.8 131.4 135.5 140.9 147.7 148.2 145.4 144.4 142.8 139.9 144.7 148.9 148.4 145.7 142.7 138.9 135.3 132.3 129.5 127.4 125.5 124.2 124.2 124.6 127 130.2 134 141.1 146.8 150.9 151.3 151.8 152.2 152.4 152.4 152.8 153.5 154 153.8 153.5 153.1 153.2 153.4 153.5 153.6 154.3 154.9 155.5 155.7 155.9 156.2 156.5 156.3 155.9 155.6 155.4 155.1 154.8 154.5 154.3 154.4 154.5
119.6 120 120.1 120.2 119.3 118.9 118.7 119 118.3 117.6 116.8 117.4 119.5 121.1 122 123.8 126.1 129.6 134.7 140.3 146.4 153 152.3 149.6 148.6 147.5 146.8 148.4 149.8 148.5 145.7 141.5 137.5 133.7 130.2 127.1 125.8 124.6 124.6 124.6 124.5 125.3 128.3 131.4 137.1 142.8 147.7 150.7 151.1 151.2 151.1 151.4 152 152.7 153.7 153.4 152.9 152.6 152.6 152.8 153 153.2 153.5 154.1 154.8 155.3 155.7 156 156.3 156.4 156.2 156 155.7 155.5 155.2 154.9 154.7 154.8 154.6
119.1 119.5 119.7 119.7 121.6 120.7 120.2 120 118.6 117.5 116.8 117 118.9 120.6 122.2 124.1 127.3 131.1 136.6 143.4 150.6 155 154.9 154.2 152.8 151.4 150.3 150.5 150.3 149.3 145.7 141 136.9 132.6 129 127 124.9 123.7 123.1 122.9 122.7 124 126.2 128.8 133 137.8 142.5 147.1 150 149.9 149.9 150.5 151.4 152.9 153.6 153.7 153.2 152.7 152.5 152.3 152.5 152.7 153 153.4 153.8 154.4 155 155.8 156.3 156.5 156.6 156.4 155.9 155.6 155.3 155.1 155 154.7 154.4
118.7 119 119.2 119.2 119 121.5 121 119.5 118.6 117.9 117.4 117.5 118.2 119.9 121.9 124.3 127.3 132.4 139.3 146.4 152 154.3 155.1 155 154.9 154.5 153.1 152.4 151.6 150.6 148.2 143.6 137.9 132.3 129.5 127 124.6 123.1 122.2 121.1 121.5 123.1 124.6 126.2 128.2 131.8 135.9 140.5 144.9 147.6 149.1 150.2 151.8 152.8 153.7 153.8 153.4 153 152.7 152.4 152.1 152.2 152.4 152.6 153 153.6 154.4 155.3 156.2 156.4 156.5 156.4 156 155.6 155.2 154.9 154.7 154.2 154
118.3 118.5 118.7 118.7 118.6 121 120.2 118.6 118.6 118.5 118.1 118.5 119.6 120.5 121.3 123.7 127.6 133.1 142.1 149.1 152.9 154.2 155 155.3 155.1 154.9 154.5 153.2 151.8 151 148.1 143.8 138.3 132.1 129 126.5 124 122.4 121.6 120.7 120.9 121.8 122.6 123.8 125.4 127.7 131.4 134.6 137.3 139.9 142.4 146.8 151.4 151.9 152.2 153 153 152.8 152.7 152.4 151.9 151.7 151.7 151.8 152.2 153 154 154.8 155.6 156 156.2 156.1 155.8 155.4 155 154.7 154.3 153.9 153.8
117.9 118 118.2 118.3 119.1 119.5 120.7 119.5 119 118.8 119.5 120.9 121.8 122.7 123.2 123.9 127.6 135.1 144.2 151.1 152.7 154.3 154.6 154.8 154.7 154.8 154.3 153.3 152 150.2 146.4 141.9 136.5 132 128.2 125.9 123.9 122.5 121.4 120.5 120.3 119 120.3 121.7 122.6 124.6 126.1 128.9 131.7 134.5 138.7 144.6 150.4 150.1 150.5 151.3 152.1 152.7 152.8 152.4 153.1 152.7 152.1 151.6 151.7 152.6 153.5 154.3 155.1 155.7 156 155.8 155.2 154.5 153.8 154.2 154.3 153.8 153.9
117.5 117.6 117.7 117.7 117.9 118.4 119.4 120.4 120 120.1 121.8 123.1 124 124.9 125.9 126.8 130 134.4 144.8 150.3 151.9 152.9 153.9 154.3 154.2 153.5 153 152.4 151.6 149.6 145.4 141.4 136 130.7 127.7 125.7 123.9 122.7 121.6 120.8 119.9 118.8 118.7 119.8 120.4 121.8 123.5 125.9 128.4 130.8 136.7 143.2 148.8 148.3 148.8 150 152 152.4 152.8 152.6 152.6 152.2 152 151.8 151.3 152 152.8 153.5 154.2 154.7 154.9 154.4 153.7 153 153.1 153.6 154 154.2 154.3
117.1 117.2 117.3 117.2 117.3 117.6 118.2 119.8 121.1 121.7 123 124.4 125.7 127.3 129.7 131.7 136.5 142.2 149.2 151.4 151 151.8 151.7 152 152.1 152.2 151.6 151.4 151.5 148.8 144.8 140.9 136 131.2 127.8 125.9 125 123.1 121.9 120.9 120.1 118.9 118.1 117.5 118.6 120 121.5 122.9 125.2 128.5 134 141.2 144.7 146.5 148.2 150.5 151.6 151.4 151.5 152.4 152.4 152 151.6 151.3 150.4 150.2 151.3 152.4 153.2 153.3 153.3 152.9 152.2 152 152.4 152.9 153.3 153.7 153.9
