data/450000-230000.asc
ncols 200
nrows 200
xllcorner 450000
yllcorner 230000
cellsize 50
[rows 105 to 139 of 200, columns 79 to 157 of 200]
121 123.6 126.4 129.5 130 129.2 128.7 128.5 128 127.8 127.2 126.7 126.1 125.9 125.3 124.6 123 120.9 123.3 125.1 126.1 127.8 130.5 133.7 136.8 138.8 140.5 142 142.5 142.9 143.2 143.5 143.7 143.7 143.2 142.8 142.6 142.4 141.9 141.6 141.6 140.4 138.5 136.4 134.5 133.1 131.7 130.4 128.9 127.6 126.6 125.9 125.3 125.9 126.8 128.8 130.9 132.8 133.3 132.8 132.3 131.7 131.2 130.8 130.8 129.7 129.1 127.6 129.5 131.5 132.6 133 133.4 133.7 133.6 133.3 133.3 132.7 132.6
119 123.2 126.8 127.6 128.5 128.2 127.4 131 126.6 126.1 125.5 125.1 125.5 125.2 124.1 123.1 120.8 121.4 123 125.1 127 129.7 131.5 135.2 137.7 139.5 141 141.1 140.9 141 141.1 141.4 141.8 142.1 141.8 141.3 140.7 140.3 139.9 139.6 139.5 138.5 136.7 135 133.2 132.4 131.4 130.1 128.7 127.3 126.3 125.6 125.2 125.2 126 127.1 129.3 131.5 132.4 132.2 131.9 131.5 131 130.9 131.2 129.9 128.2 127 128.9 130.6 131.5 131.7 132.1 132.5 132.6 132.6 132.9 131.8 131.5
119.3 124 125 125.7 126.6 126.9 126.5 126 125.2 124.5 123.8 124 124.7 124 121.9 119.9 119 122.2 123.6 125.5 127.7 130.8 133.8 136.7 138.4 140 140.1 139.2 139 139.1 139.1 139.1 139.8 140.4 139.7 139 138.5 138.1 137.8 137.6 137.1 136.4 134.9 133.5 132.4 131.5 130.7 129.7 128.4 127.1 126 125.2 124.8 124.5 125.1 125.9 127.6 129 130.3 130.3 130.2 130 130.2 130.5 130.4 129.3 127.6 126.3 128 129.7 130.6 130.7 130.9 131.1 131.3 131.6 132.5 131.2 130.7
119.9 123.9 125.5 125.4 125.1 125.5 125 124.2 123.4 122.6 121.7 121.6 122.4 121.2 117.7 116.9 120.1 122.4 124.3 125.8 128.9 132 135 137.2 139.1 139.7 138.9 137.4 136.8 136.6 136.7 136.8 137.2 138.3 137.9 136.6 136.1 135.9 135.8 134.9 134.4 133.8 132.7 131.9 131.2 130.6 129.8 129 128.4 127.3 126.5 125.6 124.4 123.6 124.2 125.8 127.2 128.5 128.9 128.7 127.8 127.8 128.1 129.3 129 129 127.2 127.9 127.3 128.8 129.6 129.7 130.1 130.5 131 131.5 131.3 131.5 130.9
120.2 123.7 125.8 125.9 125.9 124.6 123.4 122.5 121.8 120.9 118.8 118.9 117 115.8 116.8 119.2 122.6 124.3 125.9 128 130.2 133.3 136.2 138.4 139.5 138.6 137.6 136.2 134.8 134.4 134.2 134.3 134.5 134.9 134.9 134.3 134.2 134 133.9 133.5 132.5 131.4 131.2 130.5 129.9 129.2 128.6 128.4 128.2 127.6 127.1 126.5 125.6 124.4 123.5 126.5 128.1 129.2 129.2 127.7 126.1 126 125.7 126 126.6 126.4 126.2 127.4 128 128.4 128.9 129.8 130.6 130.9 131.3 131.7 131.1 131.5 130
121.1 124.3 126 125.9 124.7 123.5 122.2 121.2 120.2 119.3 117.3 115.7 114 117.7 120.4 122.8 124 125.5 127.7 130 132.4 134.8 137.6 139.4 138.7 138 136.4 135 133.6 132.3 131.9 131.8 132 132.5 132.8 132.9 133 132.5 132.1 132 131.2 130.2 129.6 129.1 128.4 128.3 128.2 127.9 127.6 127.6 127.5 127.3 126.8 125.1 123.9 127.4 129 129.8 129.5 127.3 125 124.3 123.5 123.5 123.6 123.7 124.2 126.2 126.8 127.5 129.2 130.3 131.1 131.4 131.6 131.5 131 130.7 130.1
122.5 124.7 125.8 124.6 123.4 122.2 120.9 119.9 119 116.5 114.9 114 116.4 120.4 122.3 124.5 126.8 128.5 130.5 132.6 134.4 136.5 138.4 138.4 138 136.6 134.7 133.7 132.3 130.9 129.5 129.2 130.6 130.9 131.5 131.5 131.5 131.3 130.8 130.3 129.9 128.7 127.5 128.1 128.4 128.4 128.2 128 127.9 127.8 127.7 127.5 127.2 124.4 125 128.1 129.5 129.4 128.1 126.1 124.1 122.9 122.3 122.3 122.3 122.8 123.6 124.6 125.5 127.2 128.8 129.8 130.5 130.8 131 131 130.9 130.7 130.4
122.8 124.8 124.2 123.1 122 120.8 119.7 118.1 115.6 113.3 114.8 117.1 119.6 121.9 124.1 126.5 129.1 131.1 132.8 134.5 136.3 137.5 136.9 136.9 136.7 134.7 132.8 131.7 130.7 129.2 127.5 128.2 129.7 129.8 129.9 130.2 130.2 130.1 129.6 129.1 128.7 128.4 127.8 128 128.4 128.7 128.5 128.4 128.2 127.9 127.8 127.4 126.8 123.7 124.7 127.1 127.9 127.9 126.8 125.4 123.1 122.1 121.7 121.9 123 123.8 124.6 125.4 126 126.7 128.4 129.3 129.8 130.1 130.4 130.9 131.1 130.5 131.1
122.5 124.1 122.6 121.5 120.4 119.2 118.1 115.3 114 114.3 116.3 119.7 122.3 124 126.1 128.5 130.9 133.1 134.6 135.8 137 136.7 135.7 134.6 134 132.8 130.3 128.6 127.2 126.6 126.9 127.5 128.7 128.7 128.6 128.8 128.8 128.8 128.4 127.9 128 127.8 127.9 128.2 128.5 128.8 128.6 128.3 128 127.8 127.8 127.3 126.4 123.4 122.8 125 126.3 126 125.2 124.3 122.3 121.8 122.6 124 124.7 124.8 125.7 126.1 126.8 127.6 128.3 129 129.7 130.4 131 131.2 131.5 130.9 130.7
122.3 123.1 121.7 119.9 118.7 117.6 116.2 113.7 113.7 115.4 118 121 124.1 125.7 128.1 130.7 132.3 134.3 135.5 136.4 136 135.8 134 131.8 131 130.3 128.1 126 125.5 125.8 126.2 126.9 127.6 127.5 127.4 127.3 127.5 127.4 127.2 127.2 127.4 127.5 127.4 127.9 128.7 128.6 128 127.8 127.6 127.6 127.5 126.9 126.2 123.2 120.8 122.6 123.8 123.3 122.7 121.7 121.1 122.8 124.6 126 126.7 126.4 126.3 127 127.8 128.4 128.8 129.5 130.3 131.1 131.6 131.9 132 131.3 130.7
121.3 122.1 121 119.2 117.4 116 114.4 113.7 115 117.5 120.4 123.3 125.8 127.5 130.1 132.1 133.6 134.9 135.8 135.4 135 133.4 131.5 129.7 128.2 127.3 126.1 125.1 124.5 124.6 125.2 126.1 126.3 126.4 126.3 126.2 126.2 126.4 127.1 127.7 127.6 127.1 126.5 126.9 127.5 127.5 127.4 127.2 127 126.9 126.6 126.3 125.8 123.1 120.8 120.2 121 120.7 120.2 120.2 121.6 123.5 125.2 127 127.6 127.7 127.4 127.9 128.3 128.7 129.1 129.8 130.7 131.5 132.3 132.4 132.5 131.7 131.1
121 121.1 120.4 118.6 116.3 114.7 114.2 116.2 117.8 120.1 123.1 126.1 127.9 129.4 131.3 132 133.4 134.6 134.4 133.7 132.4 130.5 129 127.1 125.6 124.9 124.5 124 123.6 123.4 124.5 125.3 125.5 125.4 125.3 125.2 125.6 126.4 127.4 128 127.1 126.4 125.7 125.7 126.4 126.7 126.5 126.6 126.6 126.3 126.1 125.8 125.2 124.3 122.7 121.1 119.6 119.2 120.6 120.8 123.3 124.7 126.4 127.9 128 128.2 128.2 128.2 128.6 129 129.5 130.1 131 131.8 132.6 132.9 133 132.4 131.8
121 121 118.1 115.8 113.3 114.4 116 119 120.6 122.7 125.6 128.2 129.2 130.8 131.3 132 132.6 132.4 131.7 131 129.6 127.6 126.1 124.6 123.5 123.2 122.8 122.5 123.2 124 124.7 125.1 124.9 124.8 124.5 124.3 124.9 125.7 126.4 126.9 126.2 125.6 124.9 124.6 125.3 125.9 125.3 125.4 126 125.9 125.7 125.5 125.1 124.1 122.7 121.3 119.4 119.8 121.7 123.8 125.5 126.5 127.6 128.4 128.6 128.7 128.6 128.5 128.9 129.3 129.8 130.4 131.3 132 132.7 133.2 133.4 133.3 133.2
119.6 118.7 115 112.3 110.7 115.6 119.2 121.2 122.7 124.6 127.3 129 130.3 130.8 131.1 131.4 131 130.6 129.7 128.8 127.2 125.6 124.1 123 122 121.2 120.9 122 123.5 124.6 125.3 125 124.6 124.3 123.9 123.4 124.1 124.7 125.4 125.9 125.3 124.8 124.1 123.5 124.1 124.5 124.1 124.2 124.9 125.5 125.2 125.2 124.9 123.8 122.1 120.5 119.6 119.5 121.5 123.7 125.8 127 128 128.7 129.1 129.2 128.9 128.7 129 129.6 130.2 130.8 131.5 132.3 133 133.6 133.4 133.3 134.1
117.8 114.7 111.2 112.2 115.1 118.6 120.9 122.7 124.1 126.2 127.6 128.5 130.1 130 130.2 130.2 129.9 129.3 128.5 127.1 125.4 123.7 122.5 121.5 120.5 119.5 120.2 121.9 123.8 125.2 126 125 124.3 123.7 123.3 123.1 123.4 123.4 124.6 125.3 124.9 124.5 123.7 122.8 122.7 122.8 122.6 123.1 123.9 124.6 124.8 125 124.2 122.9 121.3 119.5 119.2 119.5 121.6 123.7 125.8 127.4 128.4 129.2 129.7 130.3 129.7 129 129.4 129.9 130.5 131.1 132.5 133.3 133.6 133.8 134 134.2 133.5
114.5 110.7 109.1 113.4 117.8 120.2 122.4 124.3 125.3 125.9 126.9 128.3 128.8 128.6 129.1 129.3 128.9 128.1 126.7 125.2 123.4 122.2 121 119.9 118.9 118.6 119.9 121.8 123.8 125.7 126.1 125.1 124.1 123.2 122.5 122 121.7 122.3 123.7 124.6 124.7 124.2 123.5 121.9 121.7 121.5 121.6 122.2 122.9 123.7 124.3 124.2 122.9 121.3 119.8 118.4 118.5 119.6 121.7 124 126.1 127.5 128.6 129.7 130.1 130.4 129.9 129.3 129.8 130.2 130.7 131.4 132.9 134.2 134 134.1 134.3 134.8 133.6
109.5 109.1 111.9 116.7 119.1 121.5 123.9 125.8 125.4 125.3 126.1 127.8 128.2 127.1 127.5 127.7 127.2 126.8 125.4 123.1 121.3 120.9 119.7 118.4 118 118.3 119.6 121.7 123.7 125.3 125.8 124.8 123.7 122.5 121.7 121.4 121.4 121.4 122.6 123.9 124.5 123.6 122.8 121.6 120.2 121.2 121.8 122.5 122.9 123.4 123.2 122.6 121.2 119.6 118 118.4 120.4 120.9 121.9 124.3 126.4 127.5 128.6 129.7 130.2 130 129.6 129.9 130.3 130.7 131.1 131.8 133 134.1 134.3 134.3 134.3 134.3 133.6
106.7 110 115.4 117.6 119.9 122.1 124.3 125.5 125.6 125.2 125.5 125.8 127 126.3 125.7 125.6 125.5 125.3 124.2 123 121.7 120.3 118.7 117.3 117.5 117.9 119.4 121.5 123.6 124.8 125.4 124.5 123.1 121.9 121 120.6 120.3 120.9 122.1 123.1 123.5 123.1 122.1 121 119.1 120.7 122 122.9 123.2 122.9 121.7 121.1 119.2 117.5 118.2 121.9 122.8 123.4 124.4 125.9 126.5 127.5 128.6 129.4 129.9 129.9 130.3 130.5 130.9 131.2 131.4 131.6 132.6 133.6 134.2 133.7 134.1 133.3 133.5
106.3 112.7 116.2 117.4 119.6 121.8 124 124.9 124.9 125 125.1 125.3 125.4 124.9 124.4 124.2 123.7 123.6 123 122 121.1 119.4 117.9 116.9 116.3 117.3 119.1 121.3 123.5 124.6 123.9 123.9 122.5 121.3 120.3 119.8 119.5 120.3 121.7 122.3 122.3 122.3 121.5 120.3 118.4 120.5 121.7 122.6 122.6 122.5 121 119.2 117.4 117.8 120.4 123 124.9 125.7 125.9 126.1 126.8 127.4 128.5 129.1 129.5 129.9 130.3 130.6 130.9 131.3 131.6 131.8 132.2 133.1 133.5 132.9 132.7 132.4 132.7
108.2 112.9 116.8 118.2 119.4 121.5 123.4 124.1 124.2 124.4 124.4 124.3 123.7 123.6 123.2 122.9 122.8 122.6 122.1 121.1 120.1 118.7 117.1 115.8 114.7 117.1 119.6 121.6 123.6 124.2 123.5 122.8 121.9 120.7 119.6 118.7 119.2 120.1 120.8 121.6 121.4 121.2 120.7 119.3 117.5 119.5 120.4 121.2 121.7 121.1 120.5 118.3 117.4 118.6 120.5 122.8 124.8 126.2 126.5 127.1 127.4 127.7 128.3 128.7 129 129.4 129.7 130 130.2 130.6 130.9 131.3 131.4 131.4 131.6 132.1 131 131.5 132
109.3 113.2 117.1 118.7 120.1 121.4 122.3 122.6 122.4 122.2 123.3 122.8 122 122.2 121.6 121.7 122.1 121.6 121.2 120.2 119.5 118.4 116.4 114.5 114.3 116 119.3 122.1 123.2 123.2 123.1 122.5 121.4 121 119.9 117.8 118.2 120.2 120.1 120 120.3 120.2 119.7 118.2 116.6 118.3 119.4 120.1 120.7 119.7 118.9 116.9 117.5 118.7 120.4 122 123.9 125.4 125.8 126.7 127.2 127.5 127.9 128.2 128.6 128.9 129.1 129.3 129.5 129.8 130.2 130.4 130.2 130.1 130.3 130.5 130 130.3 130.5
110.2 114.1 117.4 119.5 120.6 121.2 121 120.9 120.5 120.2 122.1 122 121.8 121.5 120 120.3 120.9 120.6 120.4 119.6 118.8 117.8 116.1 114.5 113.2 114.3 119.5 121.3 121.6 121.5 121.1 120.8 120.6 120.2 119 116.2 116.8 118.1 118.9 118.9 118.9 118.7 118.3 116.6 114.9 117.3 118.8 119.3 118.7 117.5 116.7 117.2 117.8 117.9 119.8 121.2 122.8 124.6 125.9 126.5 126.9 127.2 127.5 127.8 128.1 128.2 128.3 128.6 128.8 129.1 129.3 129.6 128.9 128.9 129.3 128.6 128.8 129 129.1
110.7 113.8 116.4 118.9 120.5 120.5 119.9 119.5 119.4 119.2 119.5 119.2 118.1 118.6 117.9 119 119.4 118.9 119.7 119 118.1 117.1 115.8 114.5 113.5 112.6 116.7 119.7 119.8 119 118.2 117.7 117.5 117.3 116.6 114.3 114.1 115 115.9 116.8 117 116.4 115.7 114.8 113.4 114.8 116.8 117.1 117.3 116.4 117.4 118.7 118.1 118.9 119.8 120.7 121.6 124.8 125.6 126 125.9 126.3 126.5 126.8 126.9 126.8 127.2 127.6 127.9 128.1 128.2 128.4 128.4 128.2 128.2 127.4 127.9 127.9 128
109.7 112.7 115.4 117.8 119.5 119.3 118.9 118.3 118 118.4 118.1 118.2 117.5 116.5 114.8 116.9 117 117.1 118.7 118.4 117.3 116.7 115.6 114.5 112.9 111.3 113.8 116.7 117.1 116.1 115 114.8 114.6 114.4 113.7 111.9 112.1 113 113.9 114.8 114.8 114.3 114.2 113.1 114.1 113.9 114.5 113.6 115.5 116.4 118.8 118.8 118.8 118.8 118 121 122.7 125.5 126.1 125.7 125.6 125.4 125.2 125.4 125.3 125.3 125.7 126.1 126.1 126.3 126.6 126.8 127.3 127.2 127.6 127.1 127.1 127.2 127.4
107.8 111.2 114.4 117.1 117.7 117.7 118.2 118 116.4 116.3 116.5 116.1 115.7 114.4 113.4 113.4 113.6 113.5 114.2 115.6 116.3 116.6 115.4 113.7 112.2 110 111.7 113.6 113.7 112.6 111.8 111.7 111.7 111.5 110.8 109.8 110.6 111.5 112.4 112.9 113.4 113.8 113.3 112.9 115 115.8 115.8 114.6 115.3 116.9 118.8 118.8 118.8 118.8 118.8 119.1 123 124 125 124.8 124.5 124.1 123.8 123.5 123.4 123.7 124.2 124.5 124.9 125.1 125.4 125.6 125.9 126.4 128.5 127.5 127.7 128.1 128.7
106.1 113.1 115.3 118 117.4 116.6 117.8 117 115.4 114.1 114.2 113.9 113.6 113.3 110 111 113.2 114.1 115.1 116.7 116.1 114.9 114.1 112.5 110.5 109 110.4 111.4 110.3 109.5 109.2 109.4 109.1 108.8 109 109.3 109.4 109.9 110.5 111.1 111.6 112 112.2 112.5 113.9 114.2 114.4 115 116.4 117.1 118.1 118.6 118.8 118.8 119.2 118.4 121 122.3 122.8 122.9 122.5 122 121.5 121.3 121.6 122.4 123.3 124.2 125 124.9 125.6 126.6 127.7 128 129.7 129.3 128.4 129.3 130
107 114.6 116.9 118.5 117.5 116.5 116 114 112 111 111.5 110.1 110.4 109.6 110.1 110.9 112.4 114.1 114.7 115.2 112.7 111.5 110.5 108.9 106.7 106 107.4 105.9 104.8 105.3 105.8 105.8 106 108.1 108.3 109.2 109.1 110.3 111.4 112 112.4 112.5 113.5 115 113.5 115 116.5 117.4 118.5 119.1 118.7 118.3 119 119.7 119.9 119.9 119 119 119 119.3 120.4 121.3 122.5 123.5 124.2 125.1 126.1 127 127.6 127.6 127.9 128.4 128.8 129.2 130.6 130.5 130.2 130.6 131.3
104.5 111.6 115.5 116.5 116.8 115.9 112.5 110 108.2 106.9 106.6 105.5 106.5 106.3 106.3 107.8 109.3 109.6 108.9 108.2 108.9 108 107.4 105 104.8 104.2 104.9 107.1 108.9 108.5 108.5 108.4 108.8 109.1 109.3 110.6 110.9 112.1 114.1 114.4 114.1 115.1 116.7 118 116.3 117.6 119.3 120.6 121.5 121.4 120.9 120.4 120.6 120.8 120.4 121.1 121.9 122.3 122.2 123.2 123.6 124.2 124.6 124.7 125.6 127.8 127.6 128.4 129.3 130.1 129.8 130.1 130.3 131.5 131.7 131.6 131.8 131.8 132.6
104.3 109.2 110.3 111.8 111.7 110.5 107.8 105.3 103.9 102.8 102.3 102.3 103.4 103.1 103 103.9 104.5 104.9 104.1 103.3 104.4 103.9 104.2 105.3 106.8 107.3 108.5 111.9 113 111.6 110.8 111 112.4 112.1 112 113.1 113.2 115.3 117.7 119.2 118.8 119.2 120.3 120.7 120 120.2 122 123.5 124 123.7 123.4 122.6 122.4 122.2 122.5 123.4 124.4 124 123.3 125 125.7 125.3 125.6 126.3 126.6 128.6 128.8 129.9 130.9 132.2 132.6 133 133.6 131.2 133.3 133.7 133.7 133.7 133.8
103 105.1 104.9 106 105.9 104.6 103.3 101.4 100.3 100.5 99.8 100.2 100.7 101.3 101.9 102.9 102.2 102 102.2 102.5 104.2 105.6 105.3 106.7 110.2 112.1 113.5 115.5 116.4 115.3 115 115.5 116.8 116.4 116.3 116.1 117.1 118 120.5 123 123.6 123.3 124.3 123.2 122.5 123.1 123.9 125.5 126.8 126.3 125.7 124.8 124.8 124.7 124.8 125.6 126.1 125.3 124.1 125.3 126.9 126.8 127 128 128.4 129.3 130.5 131.5 132.6 133.8 134.9 135.5 135.6 134.2 136.1 135.8 135.7 135.6 135.6
104.3 101.5 101.3 101.8 101.1 100.5 100.1 99.7 101.2 103.5 104.3 104.6 104.8 106.4 107.2 106.7 104.5 104.7 105.7 106.5 107.6 108.8 109.8 110.1 113.1 114.6 114.9 116.3 117.2 116.7 117.9 118.8 119.2 119.1 119 119.4 119.9 119.7 121.4 124.2 124.6 126.3 126.7 126.4 126.3 125.7 126.5 127.5 128.6 128.4 127.4 126.8 126.5 126.7 127.5 127.3 127.7 126.9 126.3 126.9 127.8 128.6 129.4 130.2 130.7 132.2 133 134.3 135 135.7 136.8 137.7 136.5 136.2 137.9 137.9 137.8 137.4 137.3
107.8 104.1 100.6 99.8 99.5 100.2 102.6 106.5 108.1 108.4 110.7 112.7 113.4 112.9 112.9 111.1 107.6 107 109.8 111.5 111.8 111.9 112.1 112.8 114.2 115.8 116.4 116.9 118 119.5 120.5 120.9 120.7 120.4 119.9 120.5 121.8 121.8 122.3 124.7 125.4 127 127.2 127.8 127.7 128.4 129.1 130.1 130.9 130.7 129.9 129.4 128.8 129.4 129.4 129.4 129.4 129.7 129.1 128.9 130 130.9 132.1 133.2 134.2 135.7 137.7 137.5 137.8 138.3 138.9 139.4 136 138.6 138.2 138.2 138.3 138.3 138.3
107.9 105.4 101 99.2 104.6 108.7 111.9 113.8 113.6 113.2 114.8 115.6 116.7 116.2 115.8 115.2 110.5 108.6 112.9 113.7 113.9 113.2 113.9 114.9 115.8 116.7 117.4 118.5 119.9 120.7 121.3 122.3 124.1 122.2 121.3 122.1 123.4 124.4 124.9 125.2 125.8 128.6 130 131.2 130.3 130.9 131.9 132 132.5 132.5 131.9 132.1 132.9 132.4 132.5 132.1 131.3 130.8 130.6 131.5 132.6 133.6 134.8 135.7 136.7 137.6 138.9 139.5 139.6 139.8 139.9 138.5 138.1 139.1 138.7 138.5 138.5 138.5 138.2
107.4 102.7 99.3 105.7 111 114.9 114.7 115 115.3 115.6 116.1 116.9 117.9 118.7 117.7 116.5 112.3 110.2 112.5 114.4 115.1 114.2 115.2 116.5 117.4 118.3 119.3 119.6 120.8 121.8 123.3 123.5 126.1 123.9 123.7 124.5 125.1 125.9 126.5 127.3 126 130.5 132.1 134.6 135 134.8 135 134.9 134.6 134.5 134.2 133.9 133.8 133.4 134.1 134.7 133 133 136.9 134.1 135.2 136.1 137.1 138.3 139 138.9 139.2 139.3 139.6 139.7 140.2 136.7 139.7 139.7 139.2 138.8 138.8 138.4 138
102 98.9 99.7 109.1 113.4 114.4 114.9 115.2 115.8 116.7 117.6 118.2 119 119.8 118.1 116.2 112.6 109.5 111.5 114.8 116 116.1 116.9 117.7 118.6 119.6 120.8 122 123.1 124.4 125.3 125.4 125.5 126.2 126.4 126.3 126.3 128.3 128.9 130.3 131.5 132.8 134 135.4 135.4 136.2 136.8 136.6 136.6 136.3 136.2 136.1 136.3 135.8 135.9 135.8 135.5 135.6 136 136.2 136.5 137.3 138 138.9 139.1 139.3 139.2 139.2 139.3 139.5 136.9 139.6 139.6 139.8 139.3 138.8 138.5 138.2 137.9
