data/450000-1190000.asc
ncols 200
nrows 200
xllcorner 450000
yllcorner 1190000
cellsize 50
[rows 0 to 36 of 200, columns 0 to 84 of 200]
29.6 27.5 24.4 21.5 19.8 17.6 16 17.1 15.3 14.1 12.5 12.1 15.4 18.7 21.7 27.2 31.7 34.8 38.3 41.3 43.6 46.2 49.6 54.7 58.7 62.3 65.5 67.8 71.1 70.3 71.4 71.6 71.4 71.1 70.6 67.6 67.9 70 77.6 84 89.9 92.3 91.1 89 83.1 76.9 75.1 73.6 72.2 70.9 69.7 68.6 67.5 66.4 65.3 64.1 63 61.8 60.5 57.8 53.1 50.4 50.4 48.2 45.2 42.8 41.2 39.5 40.7 40.2 40.5 42.1 46.1 50.1 54.5 59 63.5 69.6 71.9 73.1 72.1 70.4 63.5 52.3 48.7
30.7 29.8 27 24.5 22.7 21.1 18.9 14.8 13.8 13 11.8 11 13.2 16.5 19.8 25.2 29.9 33.8 37.2 39.5 41.7 44.4 47.7 51.6 56 58.8 61.5 64.4 67.6 68.9 70.8 70.6 71.2 70.1 70.5 70.8 68.7 71.2 76.3 82.7 89.7 90.9 90.9 89.6 83.1 76.7 76.3 73.6 72.2 71 70.5 69.3 67.6 65.9 65.1 64.3 63.3 62.1 60.2 57.7 53 49.6 50.3 48.7 46.7 44.7 42.2 40.3 40.3 37.5 39.1 39.3 41.6 46.5 51.4 55.8 62 67.7 71.5 72.3 71.3 68 61.3 51.1 46.2
32.2 30.4 30.4 27.8 25.7 24 21.7 19.3 15.9 14.3 12.6 10.6 10.7 13.4 17.3 21.1 27 31.6 34.1 36.5 39.1 42.1 45.2 49 53.1 55.1 57.8 61.5 64.1 65.9 67.9 69.9 70.3 69.7 70.2 70.2 70.7 72.4 75.5 83.1 90.4 91 91 89.3 83.6 77.4 76.3 74 72.4 70.9 69.8 68.5 66.8 65.4 64.7 63.8 63.1 61.7 59.4 57 53.8 50.9 50.6 49.6 47.5 45.6 43.5 41.5 40.9 40 39 38 38.5 42.3 46.5 52.6 58.9 64.5 70.1 71.3 71.1 66.6 60 51.1 43.3
34.3 32.7 31.5 31.1 28.8 26.9 24.9 21.9 18.6 15.6 13 11 9.6 10.9 13.6 17.6 22.6 28.1 31.5 34.4 37.4 40.5 43.6 46.8 49.6 51.5 54.5 58.7 60.1 61.5 63.5 65.5 65.7 68 69.7 70.7 72.5 75.1 77.1 80.8 88.7 90.7 91 88 82.5 79.6 76 74.2 72.4 70.5 69.7 67.8 65.7 64.1 63 61.8 61.5 61.2 59.2 56.9 54.3 52.5 50.7 50.5 47.7 45.8 43.9 41.9 40.4 38.5 36.6 35 35.9 39.2 43.3 49.4 55.7 61.3 68 71 70.9 67 60.3 52.1 41.9
37 35.4 33.7 33 32.5 30.3 27.7 24.4 21.2 18.1 15.2 12.2 9.8 9.5 10.5 14.3 19.5 25.3 29.8 33.1 36.1 39.2 42.2 45.4 47 48.5 51.3 54.8 58 58.6 60.1 61 62.4 65.5 68.7 70.6 72.9 75.9 78.8 80.3 84.2 88.9 90.6 88.4 83.4 79.1 75.9 73.1 71.2 70.2 68.2 66.3 64.2 62.3 60.9 60.6 60.9 59.9 58.6 57.2 54.6 52.9 51.5 50.2 48.3 46.6 44.3 41.5 40.1 38.1 34.9 32.3 31.9 36.3 40.5 46.3 52.5 58.8 65.6 70.5 70.6 67.1 59.8 50.8 39.5
38.9 37.8 36.7 36.5 37 34.8 31 27.8 24.6 21.5 18.5 15.5 12.2 10.6 9.2 11.4 18.3 23.2 27.9 31.7 34.8 38 41.3 44.2 46 48.2 49.8 53.2 54.8 56.8 58.8 61 59.8 61.9 65.4 70.1 72.7 75.7 79.8 81.7 84 84.6 87.2 86.4 82.5 78.8 75.2 72 70.7 69.4 67.2 64.9 62.7 61.2 59.6 59.1 60.7 59.4 58.6 57.5 54.9 53.3 52.1 51.3 49.4 46.4 43.5 40.9 39.6 37.6 34.1 30.9 29.6 32.1 36.4 42.3 49.5 55.9 62.7 69.7 70.5 64.2 57 46.9 38.9
41.9 41 39.9 39.7 40.8 40.3 36.1 31.6 28.3 25.3 22.3 19.4 15.9 12 10.7 9.9 16.6 20.8 25.5 30.5 33.8 37.1 40.3 42.9 44.1 45.3 48.2 51.6 52 54 56.1 58.3 58.9 59.7 62.4 67.2 71.3 74.5 79.4 80.8 82 81.6 83.4 83.1 80.8 78.7 75.1 71.4 70.1 68.5 66.2 63.9 61.5 60.1 59.1 59.1 59.1 59.1 58.5 57.4 55.2 53.8 52.9 51.5 48.7 45.8 42.9 41.1 39.4 38.9 35.6 32.6 31 29.5 32.7 38.1 46 53.4 60.4 66.8 66 59.1 53.3 45.1 38.4
44.7 43.9 43 42.3 42 41.9 39.7 35.7 32.1 29.1 26.1 23.3 19.1 15.4 11.7 9.7 11.5 17.8 24 28.5 32.2 35.8 39.1 40.9 42.8 42.8 45.5 49 49.5 51.4 53.4 54.7 55.7 57.4 59.8 64.3 68.5 72.5 75.5 78.1 80.4 80.8 80.5 81.2 80 77.8 73.7 69.6 69 66.8 65 62.7 60.6 59.2 59.1 59.1 59.1 59.1 58.4 57.4 55.6 54.5 53 51.4 48.7 46.8 45.6 43.6 42.2 40.6 39.6 37.8 34.1 30.7 29.3 34.3 40.9 48.5 56.4 60.4 61.1 61 55.8 47.7 39.3
47.6 47.2 46.1 44.8 44.4 43.4 41.2 38.3 35.2 32.4 29.9 26.8 22.5 19.3 16.3 11.2 9.1 14.9 20.2 24.5 29.9 33.4 36.7 38.8 40 40.6 42.4 45.2 46.8 49 51.2 51.7 52.5 54.2 57.2 61.1 64.9 69.4 71.3 74.5 77.7 78 79 79.3 78.7 76.4 73.7 70.6 68.3 65.7 63.5 61.5 59.6 59 58.8 59.1 59.1 59.1 59.1 57.5 56.1 54.6 53.2 51.6 50.1 49.5 48 46.3 44.4 42.7 41.4 40.8 37.6 33.6 31 30.7 36.2 42.9 51.5 57.6 60.9 61 58.4 49.8 40.1
51.1 51 48.7 47 45.7 44.5 42.3 39.4 37.2 34.8 32.3 30.2 26.3 23 19.5 14.7 9.3 9.7 15.5 20.7 25.7 28.9 34 35.1 36.3 37.5 39.2 40.9 43.4 46.8 48.6 49.3 50.3 52 53.5 56.9 60.5 63.8 68.9 72.3 74 75.1 75.6 75.8 76.1 76.7 73 69.9 67.7 65.1 62.5 61 59.5 58.9 58.7 58.6 59.1 59.1 59.1 58.1 57.5 56.1 54.8 52.4 50.4 49.2 51 49.2 47 44.9 43.6 41.2 40 36.3 32.5 29.1 32 38.8 46.2 52.8 58.7 61.2 60.2 52.6 41.7
56.2 54.5 51.8 49.4 47.3 45.7 43.5 41.3 39.2 37.1 34.7 32.5 29.8 26.3 22.3 18.2 11.4 8 11.7 16.3 20.2 27.4 31.2 31.1 32.2 33.6 39.3 40 42.5 46.2 49 49.7 49.1 50.6 52.3 53.5 56.3 59.1 64.2 68.3 71.9 72.6 72.6 72.6 72.6 76.1 73.5 70.5 68.2 65.6 62.3 59.9 58.8 57.1 58.3 58.4 58.7 59.1 59.1 59.5 59.1 57.3 55.6 53.3 51.5 50.8 51.7 51.2 49 46.4 43.6 41.3 39.7 35.3 31.4 29.1 28.8 33.2 41 47.5 53.5 58.6 59.8 52.9 42
60.9 58 55.3 52.6 50.3 48.2 45.4 43.2 41.1 39 36.7 34.4 32.1 29.2 24.4 19.8 14 9.3 7.6 12.9 17.2 22.4 25.3 27.5 29.4 35.6 40.8 41.8 46.3 49.4 50.9 51.1 50.8 50.1 51.7 52.5 53.6 56.5 59.9 65.2 68.6 70.1 70.2 70.3 70.8 74.9 72.4 70.4 68.2 65.6 61.8 60.2 58 56.3 55.5 57.1 58.1 59.1 60.4 60.8 60.2 58.9 57.3 55.3 54.2 53.2 52.8 51.5 49 46.4 43.4 41 38.6 33.3 29.5 29.9 29.3 29.3 35.3 41.7 47.4 53.3 55.3 49.8 40.8
65 62.9 59 56.2 53.5 50.6 47.2 45.1 42.9 40.7 38.4 36 33.8 31 26.7 21.5 16.7 10.4 6.8 10.8 14.4 18.1 19.8 21.4 28 34.2 40 44.7 48.6 51.2 52.7 54.3 54 53.3 51.9 52.1 52.9 54.3 58.2 62 65.4 66.5 67.2 67.9 70.6 73.8 71.8 70.3 69.1 65.8 61.7 59.1 56.8 54.9 54.1 54.3 56.3 58.2 60.1 63.1 64.6 61.7 59.7 57.6 56.6 55.5 53.7 52.1 49 46.2 42.1 39.6 36.4 32.1 30.1 28.1 26.5 26.8 29.8 36.1 41.7 46.9 49.8 45.8 39.6
68.7 69.4 64 59.5 56.8 52.7 49.2 46.9 44.6 42.4 40.1 37.7 35.4 32.4 28.8 22.8 18.1 11.7 8.1 8.4 11.6 12.5 16.6 19.3 25.8 32.2 38.4 43.6 49 53.4 55.4 56.6 58.2 56.7 54.3 52.6 53 53.7 55.7 59.1 61.8 63.8 65.3 66.1 70.2 73.6 73.1 71.7 69.8 65.8 61.5 57.9 55.3 52.5 51.4 52.3 54.2 56.8 60.9 66.5 69.4 68.6 64.2 59.5 58.7 57.3 55.4 53.1 49.7 45.4 40.8 38.4 34.3 30.6 28.4 26.1 23.8 24.5 26 29.6 34.7 40.1 43 39.2 34.4
69.6 70.4 68.8 62.8 58.3 54.6 51.2 48.6 46.3 44 41.7 39.4 37 33.6 30 23.6 19.1 12.2 7.6 5.3 9.1 9.8 12.1 18.7 25.4 31.3 37 42.4 47.9 56.5 59.5 60 61.5 60.3 58.2 55.5 53.3 53.8 54.2 57.3 59.4 61.1 62.8 64.3 69.9 71.9 73.7 72.3 70.9 66.4 61.4 57.7 54.4 51.8 50.2 51 52.8 56.3 60 67.3 70.4 70.8 68.8 64.8 62.7 60.1 57.7 55.3 51.6 47.4 42.9 39.2 35.5 31.3 28.1 24 21.4 21.3 23.3 25 27.2 31.1 33.4 31 25.2
68.2 70.5 69.6 64.8 60 56.2 52.5 50.2 47.7 45.4 43.1 41 37.9 34.2 31 25.4 19.2 12.1 7.9 4 7.7 9 12.2 18.5 24.7 30.6 35.1 40.9 46.8 55.6 60.4 62.8 64.2 63.1 61.1 58.1 55.5 54.7 54.6 55.4 57.1 59.2 61.2 65.6 67.8 69.8 72.6 72.5 71.1 68.9 63.1 58.3 54.2 50.9 49.3 50.2 52.7 55.9 58.9 64.3 70.1 70.7 70.8 69.3 66.5 63.2 60.8 58.1 54.2 49.6 45.1 40.6 37.4 33.5 30.1 25.8 20.9 19 21.3 20.4 21.2 20 15.7 14 14.5
64.4 68.4 69.5 65.5 60.4 56.1 52.2 49.5 46.4 44.8 42.9 41.4 38.2 35.1 31.5 27.1 20.8 12.6 7.1 3.8 5.2 8.1 12.1 18.1 24.1 29.5 34.3 39.9 45.8 52.7 58.9 62.4 64.8 65.3 63.6 60.4 57.5 54.9 54.9 54.9 56.4 58.5 61.3 63.3 65.6 68.2 69.4 69.9 70.5 68.9 63.4 59.5 55.4 51.8 50.3 50.9 51.4 54.3 57.3 60.9 70.2 70.6 70.4 70.8 68.8 66.4 63.8 60.5 56.5 52.1 47.6 43.5 40.9 36.9 32.3 26.7 22.8 20.8 18.3 18.4 18.6 20.6 27 30.9 30.6
59.8 64 65.2 63 58.9 53.9 50.5 47 44.7 42.1 40.2 38.8 36.3 34 31.3 27.2 20.6 13.8 6.4 3.4 3.2 7.4 12.1 17.6 23 28.4 33.5 38.8 44.7 50.5 56 61 64.3 66.5 66.6 63.6 59.3 56.2 55.1 54.7 55 57.2 58.6 59.7 61.6 64.1 65.7 66.9 67.5 65.4 62.4 59.2 56 52.2 50.8 49.2 50.7 52.6 56 60.7 67.3 69.3 71.1 71.3 70.4 68.4 65.6 62.4 58.6 54.3 49.4 45.9 42.7 38.5 33.7 28.6 25 22 20.1 19.3 21.5 25.6 29.2 31 31
52.2 56.4 59.1 59.2 55 50 46 43 40.5 38.8 35.7 34.1 33.9 32.2 29.8 25.6 20 13.5 6.9 -0.9 2.5 7.4 12 17.5 22.8 28 32.9 37.9 43.6 48.7 53.2 58.7 62.2 64.5 65.2 66.1 61.1 59.8 55.5 54.5 54.5 55.5 56.9 57.8 58.4 60.4 62.2 63.6 64.2 62.7 61.6 59.3 54.6 50.6 47.7 47.3 50.3 50.5 53 57.1 62.8 70 71.2 71.7 71.2 69.6 67.2 63.9 60 55.5 51.3 47.8 44 39.9 35.3 30.4 26.4 22.9 21 20.6 20.8 26.4 29.7 33.7 36.7
44.8 45.1 47.2 49.1 47.1 44 41 36.3 33.3 31.6 29.1 29.2 29.5 30.2 26.9 24 19.4 13.8 7.7 -0.9 3 7.1 11.4 16.9 22.5 27.7 32.6 38 42.1 46.6 51 56.4 60 62.3 62.6 63.4 64.7 62.1 59 55.3 54.5 54.5 55.1 55.4 55.4 57.3 58.7 60.1 61.2 60.9 61 59.9 56 50.5 47.8 44.9 48.3 49.5 50.3 54.7 59 65.9 70 71.9 71.7 70.5 68.4 65.3 61.8 58.2 53.5 49.2 45.2 41.1 36.7 31.7 27.6 23.9 21.7 19.8 21.2 25 29.3 34.6 40.3
38.6 39.3 39.1 38.6 38.4 33.2 31.5 29.2 29.1 28.3 23.3 22 20.8 23.6 23.2 21.7 18.3 13.9 9.2 -0.9 -0.9 5.3 9.9 16.1 22.3 27.3 32.3 37.3 40.7 44.3 48.8 53.4 57.5 60.4 62.2 63.7 64.8 63.6 61.5 57.5 54.5 54.5 54.5 54.5 54.5 54.9 57 58.7 60 60.3 58.9 56.4 52.8 49.2 46.8 43.9 46.1 48.3 49 52.5 57 62.4 69.5 71.8 72.2 71.4 69.3 66.6 63.6 60.6 56.5 51.8 46.7 42.8 38.2 33.1 28.5 24.7 22 20.6 21.9 24.8 28.4 33.8 39.1
37.4 39.7 39.8 40.1 38.1 33.2 31.1 32.7 31.4 29.1 22.4 20.5 19.3 19.2 17.7 15.4 14.7 12 10.2 6.4 -0.9 3 9.1 15.3 21.5 26.7 31.4 36 39.7 43.4 47.2 50.7 54.8 58.5 61.7 63.6 64.2 64.2 62.2 58.9 56.3 54.5 54.5 54.5 54.5 54.5 55.2 56.7 58.1 59.3 56.3 52.9 49.8 47.4 45.5 43.6 44.2 47.2 48.5 51.3 55.9 60.3 69 73.5 75.5 74.9 70.9 68.1 65.6 63.3 60 54.6 49.2 44.8 39.9 34.7 29.1 25.4 22.6 21.7 23.4 26.9 30 34.4 39
39.7 41.6 42.9 41.6 42.2 38.6 36.3 36.1 33.7 31.4 28.2 24.8 21.8 19.9 13.6 9.6 9.3 9.3 8.3 6.4 -0.9 -0.9 5.4 12.8 19.2 26 30.5 34.7 38.9 43.3 46.2 49.2 52.5 57.3 60.3 63.3 64.7 63.5 62.2 59.6 57.3 55.3 54.5 54.5 54.5 54.5 54.8 56 57.3 57.8 55.4 51.7 49.5 47.6 45.4 42.9 42.3 45.6 48.1 50.3 54.7 58.5 66.7 72.6 78.4 79.2 74.5 71.4 68.8 66.3 62.6 57.7 51.7 46.5 40.8 34.7 28.8 25.7 23.8 23.2 25.1 29 33.3 38 40.9
40.3 43.4 46.9 48.6 47 44.1 42.3 39.4 36.3 33.9 31 28 24.5 20.4 15.9 12.3 9.4 9.4 8.7 6.4 4.2 -0.9 8.3 8.9 16.1 19 29 33.1 37.8 41.5 44.2 47.3 51.6 56 59.3 62.5 63.8 62.8 61.5 59.5 57.9 54.8 54.5 54.5 54.5 54.5 54 54.6 55.5 55.8 53.4 50.7 49.4 46.6 44.1 41.8 40.2 41.4 44.8 48.4 52.2 56 64.2 71.7 77.8 79.9 78.8 75.2 72.6 69.2 64.5 59.4 54.1 48.1 41.6 34.1 28.4 25.4 24.8 24.4 28.7 33.1 38.1 41.6 44
40.7 44.9 49 51.2 52.1 50.4 48.7 45 39.8 37.7 34.7 30.5 26.1 23 18.7 14.4 10.6 9.8 8.5 6.1 4 1 -0.9 6 12.5 18.9 24.6 29.7 34.5 38.7 42.2 46.6 50.8 54.7 58.4 61.2 62.2 62.1 60.7 58.8 56.8 53.9 53.2 52.9 53.9 54.1 53.1 52.9 53.7 53.9 51.4 50.2 48.7 46 43 39.6 39.6 39.6 40.9 45.3 49.5 53.6 60.8 69.2 75.3 79.9 80.2 78.3 74.6 70.8 66.1 60.9 55.2 49.4 42.1 33.8 28.3 27.1 26.7 26.6 31 37.1 42.4 45.9 48.1
41.3 45.4 49.8 53.6 56.3 56.7 54.1 50.5 46.7 41.1 36.6 32.1 27.9 25 21.3 16.8 12.6 9.9 8.9 6.1 4.6 1.3 -0.9 1.9 8.1 14.4 21.4 27.6 33.1 37.4 41 45.3 49.3 52.9 55.8 59.5 61 61 59.5 57.9 55.1 52.7 51.8 51.1 51.8 53.1 52.4 52 51.9 51.9 50.7 50.6 48 45.4 42.8 39.6 39.6 39.6 39.6 41.6 46.6 50.6 57.1 65.3 72.3 76.2 78.4 78.1 75.4 71.7 67.3 60.8 55.6 50.3 40.7 33.2 29.1 28.8 28.1 29.1 35 40.5 46.5 51.4 51.6
43.1 46.2 50.5 53 59.1 60.9 59.2 55.4 50.2 43.6 38.2 33.7 29.4 25.7 21.4 17.8 14.1 10.7 9.1 6 4.5 0.4 -0.9 0.4 5.3 11.6 18.5 26 33.2 36.6 40.2 44 47.2 49.9 52.9 56.3 59 58.7 57.7 56.2 53.9 51.5 50.2 49.4 49.3 51.8 51.5 51.1 50.9 50.9 50.9 49.8 47.6 45.2 43.6 39.6 39.6 39.6 39.6 39.6 42.1 46.5 52.2 59.8 67 71.1 73.4 73 72 71.3 67.5 61.1 55.9 49.7 40 32.8 30.3 30.7 30.2 31.5 36.5 42.7 49.3 55.1 56.8
45.3 47.9 49.8 53.7 59.4 60.9 61.4 58.6 52.9 46.2 40.3 35 29.8 26 22.2 18.6 15.3 12.2 9.9 6.5 1.6 -0.9 -0.9 0.2 1 7.7 14.8 22.9 30.5 36.3 40.7 44.4 46.5 48.1 49.9 52.9 54.4 54.5 54.1 53.8 51.6 50.7 49.6 48.6 49.1 50 51 49.2 49.6 50.1 50.7 49.1 47 44.5 45.3 39.6 39.6 39.6 39.6 39.6 39.6 40.6 47.2 53.4 60.3 67 70.6 71.3 71.3 70.5 66.7 61.1 55.4 49.5 39.7 34.6 31.5 33.3 35.1 36.9 39.2 46 53.3 58.5 60.8
48.2 49.3 49.1 54.1 60.3 63.2 64 61.7 56.4 48 41.9 35.9 30.6 26.8 23 19.5 16.7 13.9 11 7.9 4.2 -0.9 -0.9 -0.4 0.3 4.7 11.1 18.8 26.2 33.8 39.2 44.1 46.5 46.9 48.1 49.8 50.5 51.2 51.1 51.3 50.3 49.3 48.2 47.4 47.6 47.9 48.3 48.9 49 49.4 49.1 48 45.9 43.6 43 39.6 41.2 39.6 39.6 39.6 39.6 39.6 41.9 48.4 52.9 60 67 71 71 69.5 64.9 59.3 53.4 48.1 39.9 35.7 34.7 37.5 40.1 41.6 44.3 50 56.2 59.9 60.7
49.4 50.8 53.6 58 63.6 67 67.2 64.6 58.1 50.2 44.6 36.9 29.8 26.5 23.6 21 18.6 15.7 12.7 9.6 6.2 -0.9 -0.9 -0.9 -0.9 -0.9 7.4 14.5 21.7 29.1 35.7 40.1 44 45 45.7 46.4 47.2 48.5 49.1 49.5 48.7 47.1 45.7 45.1 45.2 45.7 46.4 47 47.4 47.6 46.9 46.3 44.3 42.4 40.7 40.4 41.2 42.4 42.2 40.6 39.6 39.6 42 45.6 48.4 52.6 60.5 67.4 71 67.3 62.5 57.4 51.2 44.6 38.6 35.9 34.4 38.3 43.2 45.9 48.5 52.5 60.2 61.8 61.9
49.6 53.8 56.8 61.4 68.2 71.6 71 68.5 61.3 52.7 45 37.4 30.8 27.8 24.8 22.5 20.4 17.5 14.3 11.1 7.7 2.8 -0.9 -0.9 -0.9 -0.9 5.5 11 18.1 25.1 31.8 36.5 39.6 40.5 41.3 42.3 43.4 45.1 45.6 46 46.4 44.8 43.5 42.7 43.1 43.8 44.5 45 45.4 45.5 44.8 44.1 43 41.9 41.4 40.7 42.9 44.7 45.4 45.7 44 41.9 43.5 44 46 49.8 54.2 61 65.2 63.9 60 54 48.6 42.3 38.7 36.8 35.6 38.6 44.7 49.8 52.2 55.8 61 62.8 62.4
51.3 55.1 58.7 64.6 71.4 76.5 77.2 73.1 64.4 54.3 45.2 38 33.2 29.2 26.2 24.3 22.3 19.1 16 12.9 9.4 5.5 -0.9 -0.9 -0.9 -0.9 3.7 8.2 14.3 21.5 28.7 33.4 36 37.6 38.5 39.5 40.3 41.7 42.2 43.6 43.4 42.5 41.4 40 40.9 41.9 42.6 43.1 42.9 43.2 42.7 42 41.7 41.4 41 39.9 42.4 44.7 45.9 48.6 49.2 47.5 45.8 44.2 45.3 46.8 49.5 54.3 58.6 59.8 56.4 50.6 45.3 40.7 38.2 36.7 36.7 39.8 47.5 51.1 55.3 59.3 61.5 62.9 63.5
53.9 57.7 61.5 67.7 74.4 81 81.3 77.5 66.8 55.9 46.3 39 34.5 30.9 28.8 26.8 25.1 21.8 19.1 16 11.1 7.1 -0.9 -0.9 -0.9 -0.9 -0.9 5.8 11.2 19 27.6 30 33.3 35.3 36.4 36.9 38.4 40.2 40.8 40.6 40.3 39.7 38.3 36.9 37.8 39.2 40.6 40.8 40.4 40.9 40.8 40.1 41.1 40.5 40.2 41.2 42.3 45 49.2 51 50.9 49.1 48.3 46.4 44.7 46.5 47.1 49.7 52.6 55.3 51.6 47.1 43.3 39.5 38 37.3 38.2 40.2 47.7 51 56.5 60.1 62.2 63.7 65.6
57.5 61.6 65.2 71.6 78.4 83.5 85.3 80.6 69.7 58.2 49.4 40.9 35.6 33.2 31.2 29.3 27.7 24.5 20.9 18.4 13.1 9.2 -0.9 -0.9 -0.9 -0.9 -0.9 -0.9 9.7 16.9 23.4 27.8 31.1 33.2 33.9 34.1 35.4 36.4 37.5 37.5 37.1 36.6 35.3 33.9 34.8 36.2 36.8 36.8 37.3 38.3 38.9 39.2 39.1 40 40.1 40.6 41.9 45.6 49.5 51 51.5 53.1 51.8 49.9 49.8 47.1 45.7 47.8 50.1 50.6 48.3 45.5 41.5 38 38.1 38.2 38.9 40.5 45.5 50.7 56.7 60.7 63 64.9 67.4
61.4 66 69.3 75.2 82.4 86.6 88.4 84.2 74.6 61.9 52.2 43.6 37.7 35.7 33.6 31.9 30.3 27.4 25 19.1 14.8 11.4 6.6 -0.9 -0.9 -0.9 -0.9 -0.9 6.6 13.5 20.3 26.1 31.2 32 32.8 32.3 32.2 31.6 33.1 34.6 34.3 33.1 31.1 30.4 31.7 33 32.9 32.5 34.2 35.1 36.2 36.5 35.8 35.4 38.8 39.2 39.8 43.4 46.9 50 54.6 57.7 57.2 53.9 49.1 47.3 44.5 45.1 47.3 47.5 45.2 42.7 39.1 37.6 37.9 38.1 39.3 41.3 45.5 50.5 56.7 61.1 64.4 67.6 69.4
62.4 68.9 73.8 78.8 85.2 91 91.6 87.7 78.9 64.9 55.9 47.6 41.4 39.4 36.8 34.3 32.7 30.3 28.6 22.3 16.9 13.4 9 -0.9 -0.9 -0.9 -0.9 -0.9 -0.9 10.2 17.9 24.3 29.4 31 31.5 30.9 30 29.6 31.1 31.7 31.6 29.7 27.6 26.2 27.7 28.7 29.6 29.6 31.1 31.9 33.4 34.1 35.8 38.4 39.4 40.3 40.2 40.2 43.5 48.3 55.1 61 61 59 51.8 47.2 43.5 42.2 43.8 44.4 42.3 40 38.5 37.9 37.8 37.5 39.1 41.5 45.8 50 55.6 60.6 63.8 66 68.8
65.6 71 76.1 79.8 85.2 92 95.2 89.6 81.1 69.3 59.5 51.8 46.6 43.5 39.9 36.5 34.9 32.3 30.4 23.6 18.1 14.3 9.5 -0.9 -0.9 -0.9 -0.9 -0.9 -0.9 -0.9 15.4 22.5 27.4 30.4 31.5 30.4 28.7 29.1 29.3 29 28.4 26.9 24.5 21.8 22.4 24 24.6 29 30.1 30.6 32.2 34.3 36.2 38.6 41 40.6 40.6 40.4 43.5 47.6 53.2 61 61 60.9 53.6 48.2 45.4 43.1 41.2 41.1 40.4 39 38.2 37.3 37.1 37.8 39.5 41.4 44.6 48.3 52.4 58.3 60.6 62.4 66.6
