data/450000-1200000.asc
ncols 200
nrows 200
xllcorner 450000
yllcorner 1200000
cellsize 50
[rows 114 to 151 of 200, columns 85 to 169 of 200]
12.8 18.1 18.6 19.9 22.6 17.5 14.9 -0.8 -0.8 -0.8 -0.8 -0.8 -0.8 -0.8 -0.8 -0.8 -0.8 -0.8 -0.8 -0.8 -0.8 -0.8 -0.8 -0.8 -0.8 -0.8 -0.8 -0.8 -0.8 -0.8 47.3 60.3 41.2 25.8 17.3 12.5 12.4 16.3 25.8 29.8 25.1 26.6 29.3 31 31.6 35.2 33.4 22.3 -0.8 -0.8 -0.8 -0.8 -0.8 -0.8 -0.8 -0.8 -0.8 -0.8 -0.8 -0.8 -0.8 13.5 19.3 25.5 34.4 38.7 40 42.4 44.7 45.2 46.3 46 47.1 49.6 46.1 41.5 42.1 46.1 58.1 66.5 80.3 83.5 85.5 84.3 85.2
12.5 18.6 21.1 21.9 23 17.7 14.9 -0.8 -0.8 -0.8 -0.8 -0.8 -0.8 -0.8 -0.8 -0.8 -0.8 -0.8 -0.8 -0.8 -0.8 -0.8 -0.8 -0.8 -0.8 -0.8 -0.8 -0.8 -0.8 -0.8 32 62.9 43.6 30.4 21.8 16.1 16.1 16.4 21.1 28.8 24.6 25.7 28.3 30.3 32.3 34.5 32.9 25.7 11.1 -0.8 -0.8 -0.8 -0.8 -0.8 -0.8 -0.8 -0.8 -0.8 -0.8 -0.8 6.9 15.6 21.4 28.4 35.4 40.7 41.1 40.5 42.8 44.3 48.5 48.3 52.2 51 45.4 41.2 41.8 44.4 53.2 63.8 74.5 79.8 80.5 77.8 78.6
11.1 14.6 19.3 21.4 21.1 19.7 14.9 7.8 -0.8 -0.8 -0.8 -0.8 -0.8 -0.8 -0.8 -0.8 -0.8 -0.8 -0.8 -0.8 -0.8 -0.8 -0.8 -0.8 -0.8 -0.8 -0.8 -0.8 -0.8 -0.8 -0.8 61.3 45.8 34.5 24.2 19.7 19 19.4 19.5 21.8 23 24.2 26.1 27.9 29.7 30.3 29.1 22.4 14.5 -0.8 -0.8 -0.8 -0.8 -0.8 -0.8 -0.8 -0.8 -0.8 19.3 10.4 10.7 16.3 23.3 30.6 38.6 44.7 44.5 42.1 41.5 43.6 48.2 49.6 51.3 47.7 40.9 40.2 43.7 49.4 52.5 61.9 69.9 74.4 73 72.6 72
8.6 8.9 12.9 16.9 19.5 19.5 12.2 -0.8 -0.8 -0.8 -0.8 -0.8 -0.8 -0.8 -0.8 -0.8 -0.8 -0.8 -0.8 -0.8 -0.8 -0.8 -0.8 -0.8 -0.8 -0.8 -0.8 -0.8 -0.8 -0.8 -0.8 -0.8 -0.8 36.3 26.9 24.4 23.8 23 22.9 24.5 23.7 23.1 23.7 24.4 25.6 25.8 23.9 18.7 13.5 -0.8 -0.8 -0.8 -0.8 -0.8 -0.8 -0.8 -0.8 -0.8 14.4 17.7 13 17.5 23.5 32.5 43.4 48.7 46.6 44.6 42.9 43.5 45.5 45.9 45.2 41.9 38.2 38.6 44.6 55.3 60.8 62.6 64.8 68.6 68.2 68.5 66.9
4.8 5.1 8.6 13.8 18.4 15.6 9.9 -0.8 -0.8 -0.8 -0.8 -0.8 -0.8 -0.8 -0.8 -0.8 -0.8 -0.8 -0.8 -0.8 -0.8 -0.8 -0.8 -0.8 -0.8 -0.8 -0.8 -0.8 -0.8 -0.8 -0.8 -0.8 -0.8 40 30.6 28.8 28.8 29.2 29 26.9 23.1 21 20.1 20.4 22.2 21.8 20.6 16.3 11 -0.8 -0.8 -0.8 -0.8 -0.8 -0.8 -0.8 -0.8 -0.8 3.2 15.1 16.6 19.6 24.3 32.6 44.1 50.9 49.2 46.4 44.6 45 45.3 45.6 44.6 42 38.1 37.7 41.9 51.4 64.2 67.8 68.8 65 64.8 63.4 61.1
-0.8 -0.8 5.2 9.3 11.6 -0.8 -0.8 -0.8 -0.8 -0.8 -0.8 -0.8 -0.8 -0.8 -0.8 -0.8 -0.8 -0.8 -0.8 -0.8 -0.8 -0.8 -0.8 -0.8 -0.8 -0.8 -0.8 -0.8 -0.8 -0.8 -0.8 21.4 39.4 39 33.6 33.6 32.1 31.9 30.5 28.7 23.4 19.7 17.9 17.3 18.3 18.1 16.8 13 9.6 5.3 0.9 -0.8 -0.8 -0.8 -0.8 -0.8 -0.8 -0.8 2 10.3 18.7 21.8 29.4 32.6 42 49.4 52.6 46.7 43.4 42.5 43.3 45.5 45.2 41.6 38.1 35.5 38.8 48.4 60.8 71.2 66.1 61 58.9 56.3 54.6
-0.8 -0.8 -0.8 -0.8 -0.8 -0.8 -0.8 -0.8 -0.8 -0.8 -0.8 -0.8 -0.8 -0.8 -0.8 -0.8 -0.8 -0.8 -0.8 -0.8 -0.8 -0.8 -0.8 -0.8 -0.8 -0.8 -0.8 -0.8 -0.8 -0.8 -0.8 -0.8 -0.8 38.5 37.6 38.5 36.1 34.5 32.2 29.2 24.1 18.8 15 13.2 11.9 13.4 12.7 10.7 8.2 5.4 6.8 5.5 6 6.4 11.6 11.3 6.6 6.7 3.3 3.7 13 22.6 28.8 35.6 40.6 49.2 49.4 45.4 42 40.2 40.5 41.8 42.6 39.5 36.4 34.5 36.7 44.6 55.4 65 60.2 51.9 48.1 46.9 46.4
-0.8 -0.8 -0.8 -0.8 -0.8 -0.8 -0.8 -0.8 -0.8 -0.8 -0.8 -0.8 -0.8 -0.8 -0.8 -0.8 -0.8 -0.8 -0.8 -0.8 -0.8 -0.8 -0.8 -0.8 -0.8 -0.8 -0.8 -0.8 -0.8 -0.8 -0.8 -0.8 -0.8 39.8 40.5 40.7 39.5 36.1 32.1 29.2 20.5 16.8 12.8 10.8 9.7 9.7 9.7 9.5 10.2 9.1 7.8 7.1 7.1 8.3 13.7 17.3 15.8 10.1 5.1 3.7 4.2 13.7 20.9 30.3 38.7 43.4 43.6 41.9 40.4 36.7 36.4 37 38.8 36.4 33.8 32.8 34.9 42.9 48.5 48.3 46.8 42.7 42.7 42 41.2
-0.8 -0.8 -0.8 -0.8 -0.8 -0.8 -0.8 -0.8 -0.8 -0.8 -0.8 -0.8 -0.8 -0.8 -0.8 -0.8 -0.8 -0.8 -0.8 -0.8 -0.8 -0.8 -0.8 -0.8 -0.8 -0.8 -0.8 -0.8 -0.8 -0.8 -0.8 -0.8 -0.8 40.6 43.6 43.9 40 36.8 32.1 27.4 19.5 14.2 10.1 9.7 9.7 9.7 9.7 10.3 10.7 11.1 11.1 12.4 12.2 12.4 15.1 20 22.6 17.9 10.5 3.8 3.5 4.8 13.2 22.7 31.6 39.4 37.3 34.9 33.9 30.3 31.3 32.4 34.7 34.6 32.7 31.5 32.8 38.4 37.9 38 38.1 38.6 39.3 38.4 36.6
-0.8 -0.8 -0.8 -0.8 -0.8 -0.8 -0.8 -0.8 -0.8 -0.8 -0.8 -0.8 -0.8 -0.8 -0.8 -0.8 -0.8 -0.8 -0.8 -0.8 -0.8 -0.8 -0.8 -0.8 -0.8 -0.8 -0.8 -0.8 -0.8 -0.8 -0.8 -0.8 -0.8 39.7 43.9 42.2 39.6 36.4 32 27.1 18.6 13 9.7 9.7 9.7 9.7 9.7 10.5 12 13.5 15.4 18 18.1 18.4 20 24 26 24.5 18.9 11.4 3.6 4 4.8 13.1 20.7 27.8 30.6 27.9 25.5 24 25.9 27.7 30.2 32 31.7 31.2 29.7 31 32.1 33 33.1 34.9 35.8 34.8 32.9
-0.8 -0.8 -0.8 -0.8 -0.8 -0.8 -0.8 -0.8 -0.8 -0.8 -0.8 -0.8 -0.8 -0.8 -0.8 -0.8 -0.8 -0.8 -0.8 -0.8 -0.8 -0.8 -0.8 -0.8 -0.8 -0.8 -0.8 -0.8 -0.8 -0.8 -0.8 -0.8 -0.8 37.2 41.1 41.4 38.8 35.6 31.2 26.9 19 13.5 10.6 11 11.1 9.7 9.7 13.8 16 17.5 18.2 20.2 22.1 24.8 27.9 30.1 31 31.6 28.3 22.2 15.1 6.7 3.9 3.6 8.3 16.8 22.1 22.4 18.8 17.2 20 23 25.7 27 28.4 30.4 28.1 26.2 27.2 28.5 30.4 32.6 35 31.7 30.9
-0.8 -0.8 -0.8 -0.8 -0.8 -0.8 -0.8 -0.8 -0.8 -0.8 -0.8 -0.8 -0.8 -0.8 -0.8 -0.8 -0.8 -0.8 -0.8 -0.8 -0.8 -0.8 -0.8 -0.8 -0.8 -0.8 -0.8 -0.8 -0.8 -0.8 -0.8 -0.8 -0.8 37.5 37.8 36.7 35.7 33.3 30.1 25.9 19.4 13.8 12.1 13 13.7 12.7 11.6 15.3 19 21.2 21.1 22.2 25 29.1 33.7 37.4 36.6 37.6 35.3 31.7 26.7 17.9 9.9 4.2 4.2 7.5 13.3 17.9 15 12.4 14.8 17.1 18.3 20.3 22.3 24.9 24.2 23.4 24.8 26.7 28.5 30.5 32.4 29.2 32.7
-0.8 -0.8 -0.8 -0.8 -0.8 -0.8 -0.8 -0.8 -0.8 -0.8 -0.8 -0.8 -0.8 -0.8 -0.8 -0.8 -0.8 -0.8 -0.8 -0.8 -0.8 -0.8 -0.8 -0.8 -0.8 -0.8 -0.8 -0.8 -0.8 -0.8 -0.8 -0.8 -0.8 29.5 31.1 31.2 33.1 32.1 29.9 24.7 19 13.5 14.1 15.2 17.4 18.8 16.5 17.5 21.2 24.8 24.4 24.3 27.7 31.6 36.8 41.2 41.8 41.8 40.8 36.4 32.6 28.1 20.9 12.6 4.6 5 5.2 9.4 11.9 10.4 10.2 12.1 13.6 14.4 15.9 18.7 21.2 21.2 21.6 23.7 25.3 27.3 28.9 29.6 35.1
-0.8 -0.8 -0.8 -0.8 -0.8 -0.8 -0.8 -0.8 -0.8 -0.8 -0.8 -0.8 -0.8 -0.8 -0.8 -0.8 -0.8 -0.8 -0.8 -0.8 -0.8 -0.8 -0.8 -0.8 -0.8 -0.8 -0.8 -0.8 -0.8 -0.8 -0.8 -0.8 -0.8 -0.8 22.8 28.1 30.6 29.8 28.4 23.1 18.3 14.6 15.9 18 20.5 23.2 23.2 20.9 23.3 26.9 28.3 27.6 29.2 34.1 39.3 42.6 44.1 45 43.3 38.5 36 35.6 29.3 20.7 12.1 5.5 5.2 5.9 6.4 7.6 9.1 10.8 12.3 13.7 14.7 16.2 18.4 19.8 20.9 21.2 22.5 24.3 27.5 31.9 37.5
-0.8 -0.8 -0.8 -0.8 -0.8 -0.8 -0.8 -0.8 -0.8 -0.8 -0.8 -0.8 -0.8 -0.8 -0.8 -0.8 -0.8 -0.8 -0.8 -0.8 -0.8 -0.8 -0.8 -0.8 -0.8 -0.8 -0.8 -0.8 -0.8 -0.8 -0.8 -0.8 -0.8 -0.8 22 25.3 27.2 27.7 24.3 20.8 17.9 17.2 18.2 22 24.8 28 30.1 28.6 27.7 28.5 30.2 30.9 30.7 35.4 41.5 43.9 46 47.8 46.4 44.6 38.7 34 30.6 25.6 17.4 11.6 9.1 6.5 7.1 7.5 8.7 9.7 13.4 14.1 14.9 16 18.5 21.4 22.5 22.4 23.8 27.1 31.2 36.3 40.6
-0.8 -0.8 -0.8 -0.8 -0.8 -0.8 -0.8 -0.8 -0.8 -0.8 -0.8 -0.8 -0.8 -0.8 -0.8 -0.8 -0.8 -0.8 -0.8 -0.8 -0.8 -0.8 -0.8 -0.8 -0.8 -0.8 -0.8 -0.8 -0.8 -0.8 -0.8 -0.8 -0.8 -0.8 19.3 21.5 22.2 21.5 19.7 18.7 18.2 18 21.1 24.9 28.4 30.7 32.3 33.6 30.5 30.6 31.1 34.1 34.4 34.7 42 47.7 48.7 50.2 48 46 40.5 33.7 27.6 24.4 18.7 21.9 21.9 16.5 10.8 8.3 8.9 9.8 12 17.4 18.1 17.4 17.4 19 24 25.3 24.5 27.2 32.3 39.7 44.2
-0.8 -0.8 -0.8 -0.8 -0.8 -0.8 -0.8 -0.8 -0.8 -0.8 -0.8 -0.8 -0.8 -0.8 -0.8 -0.8 -0.8 -0.8 -0.8 -0.8 -0.8 -0.8 -0.8 -0.8 -0.8 -0.8 -0.8 -0.8 -0.8 -0.8 -0.8 -0.8 -0.8 -0.8 15.6 17.8 18.5 17.5 16.7 19.3 20.1 20 23.8 27.9 31.3 34 36.1 39 38.4 35 31.8 35.3 38.2 37 41.7 49.1 50.7 52.1 48.9 46.8 41.4 33.8 28.7 24.1 21 25.6 29.7 24 17.8 13.9 11.7 11.2 11.1 13.4 17.8 20.7 20.5 20.8 19.5 22.9 24.4 26.2 32.3 38.8 44.3
8.1 -0.8 -0.8 -0.8 -0.8 -0.8 -0.8 -0.8 -0.8 -0.8 -0.8 -0.8 -0.8 -0.8 -0.8 -0.8 -0.8 -0.8 -0.8 -0.8 -0.8 -0.8 -0.8 -0.8 -0.8 -0.8 -0.8 -0.8 -0.8 -0.8 -0.8 -0.8 -0.8 -0.8 11.2 13.9 15.7 14.6 14.4 17.2 21.2 22.8 26.6 30.5 33.8 37.2 40 42.9 42.8 39.3 35.7 36.1 38.9 38.7 38.3 44.7 50.4 53.1 50.9 46.8 41.2 35.3 30.1 26.2 23 23.8 27.4 26.5 21.1 18.2 16.1 15.3 14.2 12.3 13.6 17.9 23.2 28.5 26.6 20.9 21 25 31.4 36.6 41.8
8.3 -0.8 -0.8 -0.8 -0.8 -0.8 -0.8 -0.8 -0.8 -0.8 -0.8 -0.8 -0.8 -0.8 -0.8 -0.8 -0.8 -0.8 -0.8 -0.8 -0.8 -0.8 -0.8 -0.8 -0.8 -0.8 -0.8 -0.8 -0.8 -0.8 -0.8 -0.8 -0.8 -0.8 -0.8 10.4 12.3 10.9 10.4 15.9 20.5 24.9 28.4 32.4 35.6 39.3 43.8 46.7 47.6 45.3 41.3 36.6 39.2 40.3 40.1 40.6 47.5 50.2 49.6 45.7 41.2 37.3 31.7 27.9 24.5 24 24.3 24.5 22.8 20.4 19.2 18.7 17.6 16 13.7 16.7 21.9 24.5 25.9 22.9 19.7 23.2 28.1 32.9 36.9
7.6 -0.8 -0.8 -0.8 -0.8 -0.8 -0.8 -0.8 -0.8 -0.8 -0.8 -0.8 -0.8 -0.8 -0.8 -0.8 -0.8 -0.8 -0.8 -0.8 -0.8 -0.8 -0.8 -0.8 -0.8 -0.8 -0.8 -0.8 -0.8 -0.8 -0.8 -0.8 -0.8 -0.8 -0.8 -0.8 9 6.8 7.2 11.5 22 26.3 29 33 37.1 40.6 46.1 50.2 50.7 50.8 45.9 40.6 39.4 39.3 39.1 39.1 42.8 47 46.7 44.4 41.2 37.3 31.9 28.1 26.6 25.3 24.2 24.8 24.1 22.7 21.2 21.8 20.4 18.3 15 16.1 20.1 21.7 22.3 20.7 18.5 21.4 24.7 28.2 32.9
6.8 -0.8 -0.8 -0.8 -0.8 -0.8 -0.8 -0.8 -0.8 -0.8 -0.8 -0.8 -0.8 -0.8 -0.8 -0.8 -0.8 -0.8 -0.8 -0.8 -0.8 -0.8 -0.8 -0.8 -0.8 -0.8 -0.8 -0.8 -0.8 -0.8 -0.8 -0.8 -0.8 -0.8 -0.8 -0.8 -0.8 -0.8 5.9 10.1 19.9 25.8 29.7 34.2 38.9 42.6 47.2 50.6 52.1 52 48.1 43.2 38.5 37 37.9 38.9 40.7 41.7 41.4 40.6 40.8 36.4 31.3 29 29 28.5 27.1 26 25.7 26 23.7 23.5 21 18.3 16.2 15.6 18.9 20.1 19.5 18.1 17.9 20 24 26.5 31.4
8.2 -0.8 -0.8 -0.8 -0.8 -0.8 -0.8 -0.8 -0.8 -0.8 -0.8 -0.8 -0.8 -0.8 -0.8 -0.8 -0.8 -0.8 -0.8 -0.8 -0.8 -0.8 -0.8 -0.8 -0.8 -0.8 -0.8 -0.8 -0.8 -0.8 -0.8 -0.8 -0.8 -0.8 -0.8 -0.8 -0.8 -0.8 -0.8 -0.8 15.4 22.3 30 35 40.1 44.8 48.6 51.8 56.8 53.5 49.8 44.8 39.8 36.3 35.3 36.1 38 37.7 38.6 39.6 38.7 34.1 30.2 29 29 30.8 30.2 30.3 30.2 29.9 26.6 24.9 22.2 19.3 17.2 16.5 16.7 18.4 18 17.2 18.7 20.5 23.5 27 30.9
10.7 3 -0.8 -0.8 -0.8 -0.8 -0.8 -0.8 -0.8 -0.8 -0.8 -0.8 -0.8 -0.8 -0.8 -0.8 -0.8 -0.8 -0.8 -0.8 -0.8 -0.8 -0.8 -0.8 -0.8 -0.8 -0.8 -0.8 -0.8 -0.8 -0.8 -0.8 -0.8 -0.8 -0.8 -0.8 -0.8 -0.8 -0.8 -0.8 14.1 20.7 28.3 34.8 39.6 44.3 49.1 53.2 57.5 55.3 51.9 49 44.4 37.9 35.2 33.9 33.6 33.8 34.4 35.6 36.8 32.6 29.8 29.1 31 34.1 35.4 34.9 35.2 33.2 29.7 26 22.8 19.6 18.2 17.7 17.1 16.7 16.8 17.5 18.8 20.7 23.8 27.4 29.9
13.5 4.8 -0.8 -0.8 -0.8 -0.8 -0.8 -0.8 -0.8 -0.8 -0.8 -0.8 -0.8 -0.8 -0.8 -0.8 -0.8 -0.8 -0.8 -0.8 -0.8 -0.8 -0.8 -0.8 -0.8 -0.8 -0.8 -0.8 -0.8 -0.8 -0.8 -0.8 -0.8 -0.8 -0.8 -0.8 -0.8 -0.8 -0.8 -0.8 -0.8 20.7 26.8 32.5 37.7 42.6 47.7 51.1 55.1 55.7 56.3 53.8 49.8 44.1 37.2 33.5 33 32.4 31.6 31 32.1 31.9 30.4 30.5 36.4 40.2 38.3 38.8 39.4 36.4 31.9 27.6 24 20.1 19.5 19 18.4 18 17.5 17 18.7 21.2 24 27.2 28.8
15.3 6.8 4.2 3.6 -0.8 -0.8 -0.8 -0.8 -0.8 1 -0.8 -0.8 -0.8 -0.8 -0.8 -0.8 -0.8 -0.8 -0.8 -0.8 -0.8 -0.8 -0.8 -0.8 -0.8 -0.8 -0.8 -0.8 -0.8 -0.8 -0.8 -0.8 -0.8 -0.8 -0.8 -0.8 -0.8 -0.8 -0.8 -0.8 10.6 20.7 26.9 30.9 35.6 40.1 44.6 49.8 52.8 57 59.6 57.5 51 47.9 40.3 36.4 33.8 33.2 31.8 31.2 31.2 31.2 30.8 34 44.2 46.2 42.6 41.1 41.1 38.8 32.8 28.1 24 20.8 19.8 18 18.9 19.7 18.9 17.6 19.5 23.4 25.8 27.5 27.7
18.3 9.6 5.5 3.1 -0.8 -0.8 -0.8 -0.8 2.5 6.5 -0.8 -0.8 -0.8 -0.8 -0.8 -0.8 -0.8 -0.8 -0.8 -0.8 -0.8 -0.8 -0.8 -0.8 -0.8 -0.8 -0.8 -0.8 -0.8 -0.8 -0.8 -0.8 -0.8 -0.8 -0.8 -0.8 -0.8 -0.8 -0.8 -0.8 13.3 22.1 27.6 31.4 35.5 39.2 43 48.4 53.4 57.9 59.6 56.8 49.3 45.8 42.9 39.7 36.8 34.8 32.8 31.3 31.1 31.2 31.2 35.4 45.9 49.7 48.9 43.5 39.6 35.6 31.7 27.9 24.8 21.6 19.4 16.5 15.7 17.4 18.1 17.4 19.2 24.4 28.2 30 28.2
19.9 12.7 7.3 -0.8 -0.8 -0.8 -0.8 -0.8 7.7 9.1 -0.8 0.4 -0.8 -0.8 -0.8 -0.8 -0.8 -0.8 -0.8 -0.8 -0.8 -0.8 -0.8 -0.8 -0.8 -0.8 -0.8 -0.8 -0.8 -0.8 -0.8 -0.8 -0.8 -0.8 -0.8 -0.8 -0.8 -0.8 -0.8 -0.8 13.5 20.1 28 32.3 34.7 37.5 40.6 46.5 52.4 59.1 59.7 53.5 46.7 43.3 41.8 41.2 40.6 38.5 36.4 34 30.4 31.2 31.2 37.3 48.2 50.4 50.1 44.7 37.3 31.8 27.9 25.2 22.7 20.5 17.8 15.1 15.1 14.8 17.8 18.3 18.2 20.6 29.3 29.4 26.4
21.1 14.5 9.1 4.4 -0.8 -0.8 -0.8 -0.8 8.9 10.7 -0.8 6.6 -0.8 -0.8 -0.8 -0.8 -0.8 -0.8 -0.8 -0.8 -0.8 -0.8 -0.8 -0.8 -0.8 -0.8 -0.8 -0.8 -0.8 -0.8 -0.8 -0.8 -0.8 -0.8 -0.8 -0.8 -0.8 -0.8 -0.8 -0.8 10.8 20.4 30.6 31.1 32 35.1 40.3 50 52.9 56.9 55 51 46.1 43.3 42.6 42.8 43.5 42 40.8 37.5 32.5 33.6 34.2 35.8 45.2 51.6 47.6 42.1 36.3 29.7 23.9 22.1 20.7 18.3 15.7 15.1 15.1 15 18.3 19.4 19 18.8 19.7 22.7 24.1
20.5 15.9 11.7 4.9 1 -0.8 -0.8 4.5 9.8 11.1 10.9 7.2 -0.8 -0.8 -0.8 -0.8 -0.8 -0.8 -0.8 -0.8 -0.8 -0.8 -0.8 -0.8 -0.8 -0.8 -0.8 -0.8 -0.8 -0.8 -0.8 -0.8 -0.8 -0.8 -0.8 -0.8 -0.8 -0.8 -0.8 -0.8 11 22.6 27.5 29.3 31.1 35.9 42 46.8 52.2 53.8 51.2 49 46 46 46 46.2 46.5 45.3 43.5 40.1 37.6 38.4 39.2 38.3 40.1 44.9 42.4 36.6 31.1 23.8 17.9 17.6 17.2 15.7 15.1 15.1 15.1 17 20.5 22.1 22.8 21.5 20.1 23.7 25.3
17.5 12.9 11.6 5.2 3 3.1 3.6 5.2 10.2 11.3 11 8.9 -0.8 -0.8 -0.8 -0.8 -0.8 -0.8 -0.8 -0.8 -0.8 -0.8 -0.8 -0.8 -0.8 -0.8 -0.8 -0.8 -0.8 -0.8 -0.8 -0.8 -0.8 -0.8 -0.8 -0.8 -0.8 -0.8 -0.8 -0.8 10.7 23.3 27.6 32 33.3 35.7 45.4 47 50.9 50.9 48.5 47 47.1 48.9 50.1 50.4 49.1 48.5 45.9 42.3 40.8 40.5 40.4 40.2 37.2 37.1 35.8 31.2 25.1 18.2 15.1 15.1 15.1 15.1 15.1 15.1 16.4 22.1 26.5 28.2 28.2 26.1 24.5 22.7 26.2
14.9 10.7 7.3 5 3.4 3.2 4 4.8 7.7 10.2 9.7 8.1 1.1 -0.8 -0.8 -0.8 -0.8 -0.8 -0.8 -0.8 -0.8 -0.8 -0.8 -0.8 -0.8 -0.8 -0.8 -0.8 -0.8 -0.8 -0.8 -0.8 -0.8 -0.8 -0.8 -0.8 -0.8 -0.8 -0.8 -0.8 8.2 21.3 27.6 33.3 37.4 38.5 46.2 51.1 47.8 47.5 47.4 47 47.7 49.1 50.9 51 51 50.1 47.4 44.1 42.8 42.2 42 40 38.4 36.1 31.2 27.7 21.7 15.1 15.1 15.1 15.1 15.1 15.1 15.1 20 27.6 33.4 36.1 35.7 32.2 29.3 28.2 25.4
12.2 8.2 4.4 2.7 2.7 2.3 3 3.6 5.2 9.3 9.7 7.2 2.7 -0.8 -0.8 -0.8 -0.8 -0.8 -0.8 -0.8 -0.8 -0.8 -0.8 -0.8 -0.8 -0.8 -0.8 -0.8 -0.8 -0.8 -0.8 -0.8 -0.8 -0.8 -0.8 -0.8 -0.8 -0.8 -0.8 -0.8 4 16.9 26.3 36.2 40.5 42.1 44.2 53.5 50.7 47.7 47.7 47.9 47.3 48.7 49.9 52.2 53 49.6 47.1 45.6 44.3 42.9 40.4 39.1 39.3 38.3 32.4 26.3 18.6 15.1 15.1 15.1 15.1 15.6 18 19.8 24.7 31.4 40.3 43.5 43.1 40.4 37.1 33.4 30.4
8.9 5.8 2.8 -0.8 -0.8 1.3 2.1 2.2 3.2 6.5 10.2 7.6 2.5 -0.8 -0.8 -0.8 -0.8 -0.8 -0.8 -0.8 -0.8 -0.8 -0.8 -0.8 -0.8 -0.8 -0.8 -0.8 -0.8 -0.8 -0.8 -0.8 -0.8 -0.8 -0.8 -0.8 -0.8 -0.8 -0.8 -0.8 -0.8 19.7 27.1 35.8 42.1 43.9 44.8 48.4 50.6 47.7 47.7 47.7 47.7 47.2 48.1 49.6 49.5 47.9 47.3 47 46.1 44.7 41.3 39.1 39.1 36.8 31.1 23.6 15.1 15.1 15.1 15.1 15.1 17.4 22.2 26.6 32.2 38.5 45.6 50.3 47.4 43.9 41 38.5 34.8
6.6 3.7 -0.8 -0.8 -0.8 -0.8 -0.8 -0.8 -0.8 -0.8 6.9 5.6 3.3 -0.8 -0.8 -0.8 -0.8 -0.8 -0.8 -0.8 -0.8 -0.8 -0.8 -0.8 -0.8 -0.8 -0.8 -0.8 -0.8 -0.8 -0.8 -0.8 -0.8 -0.8 -0.8 -0.8 -0.8 -0.8 -0.8 -0.8 -0.8 20.5 26.9 33.7 41 42.7 44.1 46.9 49.4 48 47.7 47.7 47.3 46.9 45.6 45.5 46.3 49.3 50.1 50.6 49.3 48.5 43.3 39.4 40.4 34.7 27.7 19.9 15.1 15.1 15.7 17.2 16.9 19.4 25.5 33.8 39.5 45.3 49.7 51.4 50.9 47 44.2 41 37.8
3.8 -0.8 -0.8 -0.8 -0.8 -0.8 -0.8 -0.8 -0.8 -0.8 4 3.3 3.4 1.3 -0.8 -0.8 -0.8 0.6 -0.8 -0.8 -0.8 -0.8 -0.8 -0.8 -0.8 -0.8 -0.8 -0.8 -0.8 -0.8 -0.8 -0.8 -0.8 -0.8 -0.8 -0.8 -0.8 -0.8 -0.8 -0.8 6.9 19.5 24.5 31.6 37.9 40.5 43.5 46.5 49.1 48.4 47.7 47.7 48.1 49.2 45.2 44.4 45.3 49.3 50.7 53.7 52.4 48.4 44.8 41.2 34 29.5 22.7 15.1 15.1 15.1 15.1 24.7 21.7 23.1 27.8 39.1 47.4 52.1 54.2 54.3 50.8 49.1 46 42.9 40
-0.8 -0.8 -0.8 -0.8 -0.8 -0.8 -0.8 -0.8 -0.8 -0.8 -0.8 -0.8 2.6 2.6 -0.8 4.9 0.9 5.8 7.8 -0.8 -0.8 -0.8 -0.8 -0.8 -0.8 -0.8 -0.8 -0.8 -0.8 -0.8 -0.8 -0.8 -0.8 -0.8 -0.8 -0.8 -0.8 -0.8 -0.8 -0.8 -0.8 22.7 26 28.6 33.7 37.8 41.9 44.9 48.7 48.2 47.1 47.7 47.7 49.1 46.6 43.9 43 46.4 51.2 53.5 51 46.8 42.8 36.8 29.3 23.3 17.5 14.9 15.8 17.9 19.3 22.4 24.4 28.1 34.4 40.4 51.3 56.1 58.9 57.8 53.6 49 46 43 41
-0.8 -0.8 -0.8 -0.8 -0.8 -0.8 -0.8 -0.8 -0.8 -0.8 -0.8 -0.8 -0.8 3.1 5.5 7.3 7.7 7 10.5 -0.8 -0.8 -0.8 -0.8 -0.8 -0.8 -0.8 -0.8 -0.8 -0.8 -0.8 -0.8 -0.8 -0.8 -0.8 -0.8 -0.8 -0.8 -0.8 -0.8 -0.8 3.1 20.8 27.1 27.3 32 35.9 39.7 43.3 46.3 47 46.9 47.2 48.4 49.8 48.7 45.4 41.7 41.3 46 50.4 47.9 44 41.2 32.1 24.4 18.4 14.6 17.1 22.4 24.6 26.5 28.3 31.1 36.9 43 48.7 54.9 59.9 60.9 59.6 55.2 50.2 46.1 44.4 45.3
-0.8 -0.8 -0.8 -0.8 -0.8 -0.8 -0.8 -0.8 -0.8 -0.8 -0.8 -0.8 -0.8 -0.8 3.3 5.8 6.9 9.6 11.1 9.3 0 -0.8 -0.8 -0.8 -0.8 -0.8 -0.8 -0.8 -0.8 -0.8 -0.8 -0.8 -0.8 -0.8 -0.8 -0.8 -0.8 -0.8 -0.8 -0.8 -0.8 16.2 23.7 26.9 31.1 34.8 39.4 40.3 42.7 43.8 45 45.9 47.6 50.3 50 46.2 41.5 39.9 39.1 44.7 43.1 40.6 33.1 25.2 19.5 14.9 13.9 18.7 27.3 32.2 34.5 38.1 40.5 45.9 51.4 56.5 59.2 61.1 60.4 58.4 55.2 50.6 46 46.3 47.9
