data/450000-1190000.asc
ncols 200
nrows 200
xllcorner 450000
yllcorner 1190000
cellsize 50
[rows 37 to 73 of 200, columns 0 to 84 of 200]
66.4 73.9 78.4 79.6 84.8 91.1 93.8 90.8 83 72.5 62.5 55.6 50.3 46.9 42.9 38.8 36.9 33.4 30.3 25.6 20.1 16.1 12.5 6 -0.9 -0.9 -0.9 -0.9 -0.9 -0.9 9.1 18.9 24.5 28.6 29.8 30.5 28.6 26.8 26.7 26.2 25.3 23.7 20.2 19.6 19.4 19.5 23.8 28.5 29.2 31 33.1 34.3 36.3 38.3 40 40.3 40.7 41.8 43.4 47 51.2 60.1 60.6 61 58.2 50.1 48 46 43 41 40 38.7 37.8 37.1 37.1 37.7 38.9 40.2 43.3 46.3 50 55.1 58.4 60.4 64.1
67.3 74.8 80.6 80.9 83.9 89.4 90.7 90.8 83.8 75 66.2 58.7 54.2 50.1 45.9 41.6 38.1 34.2 30.2 27.2 21.7 17.2 13 6.2 -0.9 -0.9 -0.9 -0.9 -0.9 -0.9 -0.9 12.2 20.7 25.8 28.7 28.9 27.2 24.8 24.1 23.7 22.7 21 17.9 13.7 13.9 19.8 23.1 27.3 29.7 32.2 33.3 35.9 37.9 39.8 40.4 40.2 41.1 42.8 43.9 47.6 49.8 57.6 61 61 60.2 52.9 48.8 46.9 44.2 41.5 40.4 38.5 37.6 37 37.1 37.2 38.4 39.4 41 44.3 48.8 52.6 55.7 58.1 60.8
68.6 74.3 80.7 82 86.6 89.5 89.3 90 84.6 79.1 70.5 61.9 56.5 52.5 48.5 44 39.1 35.1 31.2 28 22.6 18.8 13 6.3 -0.9 -0.9 -0.9 -0.9 -0.9 -0.9 -0.9 6.9 15.1 21.9 26.6 27.5 25.4 23.1 21.4 21.2 20.1 17 12.9 10.8 14.4 19.5 23.5 27.2 31.7 34.4 37.1 37.6 39.7 39.7 40.2 40.7 41.5 43.3 44.9 47.5 49.4 57.5 60.8 60.6 59.5 56 49.7 47.5 44.9 42.1 40.6 38.6 37.7 37.3 37.5 36.1 37.5 38.9 39.9 41.7 46 50.7 53.7 56 57.5
68.6 73 80.4 82.5 85.9 88.7 89.9 89 85.5 80.2 72.2 63 58.1 54.2 50 45.7 41.1 36.2 32.1 28.2 23.1 19.3 13.7 8.3 -0.9 -0.9 -0.9 -0.9 -0.9 -0.9 -0.9 -0.9 9 17.9 22.2 24.2 23.6 22.1 20.2 17.7 16.6 13.9 8.9 9.9 14.3 18.6 23 26.2 32.1 36.7 39.5 39.3 39.2 39.2 40.6 41.2 41.9 43.6 45.3 47.3 49.6 54.7 60.4 61 61 59 51.2 48.2 45.6 43 40.7 38.8 38.2 37.6 37.8 36.2 35.5 36.8 38.3 39.9 44.6 49.3 51.7 52.7 54.2
68.8 70.8 78.5 81.9 84.7 87.8 89.6 87.6 85.9 81.7 74.7 64.6 57.8 54.1 49.6 45.6 41.1 36.6 31.9 28.2 23.3 19.3 13.1 9 -0.9 -0.9 -0.9 -0.9 -0.9 -0.9 -0.9 -0.9 -0.9 9 13.9 16.5 20.1 19.5 17.1 14.3 12 10.5 10.3 12.1 14.5 18 22 26.3 30.8 36.2 41 40.9 40.7 40.9 41.5 42.1 42.6 43.3 44.7 46.5 48.9 52.2 59.7 61 61 60.1 54 49.6 47 44.2 41.4 39 38.5 38 36.8 34.7 34.3 35.2 36.6 38.5 41.6 46.8 48.6 49.5 51.4
68.6 70.4 76.5 80 82.1 85.7 88.5 87.2 85.8 83 76.9 64.9 58 53.7 49.2 45.2 41 36.4 31.8 28.1 23.7 18.7 12.6 8.3 -0.9 -0.9 -0.9 -0.9 -0.9 -0.9 -0.9 -0.9 -0.9 -0.9 -0.9 10.6 15.5 15.6 13.6 10.9 8.9 5.9 7.9 10.6 13.6 17.1 21 25 32 37.9 40.9 40.8 42.2 43.3 43.9 44.2 44.8 45.2 45.5 47 48.5 52.8 57.8 60.4 61 61.3 57.2 52.5 48.1 45.3 42.6 40.4 38.6 36.6 34.7 33.9 33.1 33.9 35 37 39.1 42.7 44.5 46.7 49
68.6 70.7 76.1 79.3 81.1 84.4 86.6 86.1 85.1 83.6 80.1 68.5 59.3 54.6 49.7 44.9 41 36.3 32.8 29.1 24.2 18.5 12.4 7 -0.9 -0.9 -0.9 -0.9 -0.9 -0.9 -0.9 -0.9 -0.9 -0.9 -0.9 -0.9 9.5 10.3 10.5 8.8 6.1 2.3 6.4 9.5 12.6 15.9 19.9 25.1 31.7 38.1 41.4 42.9 44.4 46 45.7 46.2 47 47.1 47.4 48.6 48.7 51.3 56.1 60 61.6 63.9 62.7 56.5 49.5 46.5 43.5 41.4 39.6 37.3 34.5 32.7 31.9 32.1 32.9 35 37.6 39.8 42.5 44.2 46.4
68.6 71.6 76.4 80.4 81 83.3 84.5 85 84.2 82.9 80.2 72 64.1 57.4 51.7 46.5 41.3 37.2 33.8 30.3 24.6 18.9 12.9 8.7 -0.9 -0.9 -0.9 -0.9 -0.9 -0.9 -0.9 -0.9 -0.9 -0.9 -0.9 -0.9 -0.9 -0.9 7.2 6.4 2.8 -0.9 5 8.6 11.9 14.8 19.1 24.1 30.1 36.7 41.5 44.7 46.8 48.5 47.9 48.3 49.1 48.9 49 48.8 48.6 49.1 54.6 59.2 66.3 69.4 66.8 60.4 53.6 48.2 44.3 41.9 39.8 36.7 33.7 31.8 30.4 30.5 30.9 33.5 35.2 37.3 40.5 42.1 43.9
69.1 70.5 74.3 79.3 81 81.6 82.4 83.1 83.2 82 80.4 75.5 69 61.3 52.9 47.3 42.2 37.4 34.4 30.2 25.2 19.5 14.2 7.3 -0.9 -0.6 -0.9 -0.9 -0.9 -0.9 -0.9 -0.9 -0.9 -0.9 -0.9 -0.9 -0.9 -0.9 -0.9 -0.9 -0.9 -0.9 0.7 6.2 10.5 13.1 17.7 23.6 29.5 37.1 42.8 46.7 48.8 49.5 49.7 49.8 49.2 49.2 49.6 49.5 49.1 49.5 55.4 61.2 69 71.2 70.3 63.5 57.6 52.3 47 42 38.8 35.9 33 31.1 29.9 29.5 30.9 31 32.9 35.1 38 40.5 40.9
67.7 70.1 72.4 76.7 80.2 80.8 81.1 81.5 81.8 81.2 81 78.4 72.1 64.9 56.4 48.5 43.1 38.1 34.4 29.9 25.3 20 14.6 -0.9 -0.9 6.6 -0.9 -0.9 -0.9 -0.9 -0.9 -0.9 -0.9 -0.9 -0.9 -0.9 -0.9 -0.9 -0.9 -0.9 -0.9 -0.9 -0.9 -0.9 7.3 10.9 16.1 22.8 30.7 37.4 43.5 48.2 51 51 50.4 50.6 49.2 49.2 49.6 50.6 51.1 52.4 55.4 59.6 67.5 72 72.8 68 61.5 55.8 50.6 43.7 39.3 36 32.9 31.5 30.2 29.5 29.1 29.1 30 32.1 34.8 36.9 39.5
65.9 68.2 70.8 72.7 76.9 77.6 78.2 78.8 79.7 80.8 81 79.1 73.5 67.2 58.7 50.9 45.2 39.1 34.2 30.3 24.8 19.5 12.5 -0.9 10.8 10 6.3 -0.9 -0.9 -0.9 -0.9 -0.9 -0.9 -0.9 -0.9 -0.9 -0.9 -0.9 -0.9 -0.9 -0.9 -0.9 -0.9 -0.9 5.5 9.9 13.4 21.4 29.6 37.4 43.7 48.6 51.3 51.6 51.3 50.6 49.1 49.1 49.7 51 53.3 55.2 56.9 60.3 65.7 72.8 75.6 69.9 64.9 57.7 52.2 44.9 40.1 36.4 33.2 31.8 30.6 29.8 29.1 29.1 29.1 29.1 31.4 33.6 36.2
64.1 66.5 69.2 70.5 73.3 74.5 75.1 76.4 77.9 79.3 80.1 77.7 72.7 67.2 58.9 50.8 44 37.9 33.7 30.1 24.5 19.1 11.5 4.7 11.8 14.8 11.8 -0.9 -0.9 -0.9 -0.9 -0.9 -0.9 -0.9 -0.9 -0.9 -0.9 -0.9 -0.9 -0.9 -0.9 -0.9 -0.9 -0.9 4.9 7 12 19.7 27.9 36.4 43.3 49.2 51.3 51.7 51.3 50.6 49.1 49.1 51 50.9 52.9 55.8 58.8 61.5 66.5 69.8 70.8 71.1 66.9 59.9 52.2 45.7 40 36.6 33.8 32 31 30.1 29.3 29.1 29.1 29.1 29.1 31.5 32.7
62.2 64.9 67.7 68.9 70.3 71.7 73.1 74.5 75.8 76.6 76 74.4 71.6 65.4 57 49.2 43 36.7 32.3 28.4 23.4 17.6 9.9 7.7 14.2 17.9 15.9 8.5 -0.9 -0.9 -0.9 -0.9 -0.9 -0.9 -0.9 -0.9 -0.9 -0.9 -0.9 -0.9 -0.9 -0.9 -0.9 -0.9 -0.9 5.2 10.4 17.6 26.1 34.4 41.3 48.2 51.1 51.1 51.2 50 49.1 49.2 51 50.8 53.1 56 58.5 61.4 66 68.9 70.5 70.7 65.5 59.3 53.5 47.7 40.2 36.9 34.7 32.8 31.5 30.4 30.5 29.1 29.1 29.1 29.1 29 29.6
60.6 63.3 66.1 67.3 68.2 68.2 69.4 70.7 71.9 72.1 71.2 69.5 67.2 62 54.3 46.5 39.4 34.6 29.7 26 22 15.6 10.5 10.2 13.1 17 18.2 12 5.3 -0.9 -0.9 -0.9 -0.9 -0.9 -0.9 -0.9 -0.9 -0.9 -0.9 -0.9 -0.9 -0.9 -0.9 -0.9 -0.9 -0.9 8.7 16.9 25.3 32.3 37.9 46.2 50.9 51 50.5 49.9 49 48.9 50.1 51.3 53.5 56 59.3 61.1 64.4 67.7 67.2 66.2 62.3 57.7 52.9 47.5 41.2 38.7 36.5 34.4 32.7 31.4 30.4 30.8 29.6 29.1 29.1 28.8 28.7
59 61.9 64.5 66 65.2 65.4 65.6 66.9 67.4 66.2 65 63.6 61.4 57.3 49.9 42.5 34.3 29.7 25.4 21.6 20 12.7 10.4 10.8 12.7 15.3 15.4 11.1 8 5.2 -0.9 -0.9 -0.9 -0.9 -0.9 -0.9 -0.9 -0.9 -0.9 -0.9 -0.9 -0.9 -0.9 -0.9 -0.9 -0.9 -0.9 15.1 23.5 29.5 37.2 47.7 51.7 50.5 49.4 48 47.2 46.9 48.5 50.2 52.3 55.9 59.4 61.1 62.5 63.7 62.7 62.1 59.7 55.6 50.8 45.9 42.4 40.2 37.7 35.9 34.2 32.5 31.3 30.2 30.2 29.1 29.1 28.6 28.2
55.9 59.7 62.5 63.5 62.6 62.1 62.4 62.3 61 59.7 58.4 56.7 55 52.3 44.7 37.2 29.6 24.8 20.8 19 18.3 13.2 11.2 12.4 14.5 14.6 14 12.8 12.3 10 7.5 -0.9 -0.9 -0.9 -0.9 -0.9 -0.9 -0.9 -0.9 -0.9 -0.9 -0.9 -0.9 -0.9 -0.9 -0.9 -0.9 11.5 19.3 26.6 36.2 45.8 50.7 49.9 47.5 45.6 44.6 45.6 47.4 49.2 50.9 54.3 57.2 59 59.9 60.8 59.9 59.1 57.5 53.6 49.4 46 43.1 40.7 39.1 37.4 35.8 34.1 32.4 31.3 30.4 30 28.9 27.3 25.5
52.6 57.1 60.3 61.1 60.1 59.4 58.7 58.2 57 55.7 52.2 48.7 46.3 43.1 38 32 26.1 21.7 18.2 16.8 20 16.5 16.1 15.6 16.4 16.1 16.2 16.6 16.9 15.5 11.4 6.8 -0.9 -0.9 -0.9 -0.9 -0.9 -0.9 -0.9 -0.9 -0.9 -0.9 -0.9 -0.9 -0.9 -0.9 -0.9 -0.9 16.1 24.3 33.7 43.8 50.4 48.7 46.8 44 42.9 44.3 45.9 47.8 49.6 51.3 53.7 55.2 56.3 57.3 58 57.4 55.4 52.5 49.8 47.1 44.3 41.9 40.5 39.3 37.7 36.1 34.2 32.6 31.4 31.1 29.7 27.8 25.6
48.3 53.6 59.3 60.9 59.2 56.5 54.8 54.3 53.1 49.8 46 42.2 38.4 34.8 30.6 25.4 20.3 19.1 18.6 18.9 21.5 20.9 19.5 19.4 18.3 18.5 18.8 20.4 20.3 20.4 17.1 12.9 7.1 -0.9 -0.9 -0.9 -0.9 -0.9 -0.9 -0.9 -0.9 -0.9 -0.9 -0.9 -0.9 -0.9 -0.9 -0.9 13.2 21.6 29.6 39.7 46.9 46.7 46.2 43.9 42.4 43.1 44.5 46.3 46.8 48.8 50.3 51.5 52.9 54.2 55.5 55.6 55.3 52.4 50.5 48.1 45.5 43.6 41.8 39.9 39.7 37.9 36.1 34.5 32.6 31.3 31 29.6 26.7
44 48.5 53.2 56.3 55.9 53.7 51.7 50.4 49.1 45 40.8 36.6 32.4 29 24.8 20.6 19.1 19.9 20.2 21.3 22.7 21.9 20.8 20.2 19.5 19.6 21.1 22.4 24.3 23.5 21 18.1 13.2 -0.9 -0.9 -0.9 -0.9 -0.9 -0.9 -0.9 -0.9 -0.9 -0.9 -0.9 -0.9 -0.9 -0.9 -0.9 -0.9 17.8 26.6 37 44.8 47.4 46.8 45.6 43.2 42.1 43.2 43.1 43.9 45.5 46.9 49 50.4 51.7 53.4 55.5 56.6 54.5 51.4 50 47.6 45.7 43.9 41.9 40.4 39.7 37.9 36.1 34 31.8 30.6 29.6 26.6
37.3 41.6 46.3 49.6 51.1 49.1 47.4 45.9 44.1 40.4 36.2 32 28.8 25.8 22.1 20.2 19 20.2 21 22.7 23.9 23.4 23 23.9 23.4 23 23.3 27.1 26.3 25.1 23.1 20.7 17.2 9.4 -0.9 -0.9 -0.9 -0.9 -0.9 -0.9 -0.9 -0.9 -0.9 -0.9 -0.9 -0.9 -0.9 -0.9 -0.9 14 23.5 33.4 42.1 45.7 44.8 43.4 41.3 40.3 41.1 41.1 41.2 42.3 44.2 46.5 49.1 50.8 52.4 56.4 58.6 57.8 54.9 52.6 49.8 47.9 46 44 41.9 40.8 39.6 37.7 35.5 32.5 30 28.5 25.3
28.8 31.9 37.6 41.2 41.3 42.3 39.9 37.9 37.2 35.5 31.6 28.1 24.4 21.7 19.9 19.2 20.5 21.3 23 24.2 25.3 26 26.3 30.6 30.9 30.2 29.2 30.6 29.6 26.8 25.2 22.8 19.8 13.5 -0.9 -0.9 -0.9 -0.9 -0.9 -0.9 -0.9 -0.9 -0.9 -0.9 -0.9 -0.9 -0.9 -0.9 -0.9 12.9 20.9 30.6 39.1 44.1 44.1 41.3 40.4 39.6 39.4 40.6 39.4 40.6 42.2 44.3 47.3 50.3 52.5 57.8 60.6 60.4 59.2 58.2 54.1 50 48.1 46 44 41.8 40.1 39.4 38 33.9 30.5 27.6 24.6
22.9 22.9 24.9 28.9 30.4 30.2 30.5 29.9 30.4 30 28.1 24.4 21.4 20.6 19.7 20 21.5 23.8 26 28.9 28.4 28.5 29.6 31.7 35.2 34.7 33.5 32.6 31.8 29.6 27.1 25.1 22.2 16.6 9 -0.9 -0.9 -0.9 -0.9 -0.9 -0.9 -0.9 -0.9 -0.9 -0.9 -0.9 -0.9 -0.9 -0.9 14 21.8 28.3 38.2 43.1 44.8 43.2 41 39 38 38.4 38.1 39 41 43.3 46.1 48.9 51.7 58.2 61.3 62.4 61.4 60.6 59.3 54.4 50.1 48.1 45.8 43.3 41.2 40.9 39.8 35.8 31 28.2 25.5
22.9 22.9 22.9 22.9 22.9 26.5 27.1 26.6 26.3 26.3 25 21.8 21.3 20.8 20.9 22.1 23.9 25.9 28.8 30.2 34.5 31.8 31.6 34.5 37.1 39.8 38.8 37.9 34.6 32.2 28.9 26.7 22.8 16.5 10 -0.9 -0.9 -0.9 -0.9 -0.9 -0.9 -0.9 -0.9 -0.9 -0.9 -0.9 -0.9 -0.9 -0.9 14 21.3 28.1 36.7 42.9 44.5 43.8 40.7 38.2 36.4 36.5 37.1 38.2 40.1 42.6 45.3 47.9 50.5 55.7 61.1 64.8 64.4 63.6 61.6 58.5 53 50 47.6 44.7 40.3 39.2 37.8 34.8 31.6 29.1 26.5
22.9 22.9 22.9 22.9 22.9 22.9 23.3 22.8 22.8 23.2 23.8 24.5 23.1 23 24.5 25.5 26.8 27.3 29.2 30.1 33.1 34.6 32.7 34.4 36.8 38.8 39.7 39.3 37.2 34.3 30.9 27.3 23.9 19.7 12.3 -0.9 -0.9 -0.9 -0.9 -0.9 -0.9 -0.9 -0.9 -0.9 -0.9 -0.9 -0.9 -0.9 -0.9 13.7 22 27.5 35.8 42.3 45.9 45.4 41.5 38.1 36.4 35.2 35.6 37.5 39.3 41.2 44.2 47.1 49.7 54.3 59.5 62.6 64.6 65.4 62.3 59.8 56.4 52.3 49.2 44.9 40.7 39.5 38 35.1 31.9 29.7 27.5
24.8 25.6 24.5 23.4 22.9 23.5 25.1 26.3 29.2 26.9 26.7 26.8 26.3 27.2 27.6 28.9 30 30.5 31.9 34.3 34.6 35.5 33.8 34.6 35.1 35.7 37.4 40.1 38.9 36 32.5 28.9 24.7 19.2 12.8 -0.9 -0.9 -0.9 -0.9 -0.9 -0.9 -0.9 -0.9 -0.9 -0.9 -0.9 -0.9 -0.9 -0.9 13.9 21.4 27.6 35.4 41.9 46.9 49.5 42.4 37.6 35.3 34.6 34.1 35.4 36.8 38.4 40.5 43.8 47.4 50.8 54.3 59.5 62.4 63.2 61.6 59.7 56.3 52.7 49.3 45.9 42.4 39.9 38.3 35.3 32.2 29.9 28
28 28.1 28.6 29.3 27.5 27.8 28.7 28.9 30.5 30.5 30 29.1 29.6 30.6 30.8 31.5 33.6 35.2 37.1 38.7 38.1 36.5 34.7 34.8 35 34.7 35.7 39.4 37.1 33.9 31.6 29 23.3 19.9 14.3 7.6 -0.9 -0.9 -0.9 -0.9 -0.9 -0.9 -0.9 -0.9 -0.9 -0.9 -0.9 -0.9 6.5 15.4 22.5 28.4 34.9 40.6 46.1 48.2 43.7 37.9 34.6 34 33.5 33 34.4 36 37.9 40.1 42.8 45.9 49.1 52.8 57.7 59.5 59.3 56.9 54 51.1 49.4 46.6 43.8 41 38.6 35.5 32.5 30.5 27.8
30.7 30.5 31.6 32.3 32.7 32.5 32.6 33.1 34.7 35.7 35 33.1 30.1 31.3 34.4 38.3 38 40.4 41.6 41.7 39.8 37.6 35.3 34.5 33.7 33.3 35.1 36.9 34.5 31.8 30.9 28.6 23.2 19 13.8 7.5 -0.9 -0.9 -0.9 -0.9 -0.9 -0.9 -0.9 -0.9 -0.9 -0.9 -0.9 3.1 8.9 15.2 22.4 28.8 33.8 38 42.4 45.4 45.1 39.1 35.2 33.3 32.9 32.6 33.1 33.7 35.2 37.4 39.5 41.3 44.3 47.7 51.3 52.9 53.7 51.5 50.5 48.3 47.6 45.9 44 41.4 37.9 33.8 30.4 27.4 24.1
30.5 32.3 34.5 36.7 39 37.6 37.2 38 39.9 40 40.5 38.4 34 35.1 38.2 41.1 42.8 44.5 44.8 43.8 41.6 40.2 35.9 33.9 32.5 31.8 32.2 32.7 32.3 29.4 29.7 28.1 23.6 18.8 13.1 6.8 -0.9 -0.9 -0.9 -0.9 -0.9 -0.9 -0.9 -0.9 -0.9 -0.9 -0.9 -0.9 6 14.5 21.8 27.9 33 37.4 40.8 43.2 43.7 40.8 37.3 34.6 32.9 32.2 32.7 33.2 33.4 34.9 36.5 37.7 39.6 42.6 45.4 48.2 48.2 46.6 45.1 44 45 43.5 42.4 40.4 35.7 30.6 28.2 24.5 20.7
32.5 35.3 37.9 40.4 42.5 43 42.1 42.8 43.7 44.3 45.2 44.8 40.5 36.9 39.2 42.9 48 49.6 49 47.5 43 40.5 36.3 33.6 31.7 30.5 30.9 30.8 30.6 29.4 28.1 26.4 23.2 18.8 13.7 7.4 -0.9 -0.9 -0.9 -0.9 -0.9 -0.9 -0.9 -0.9 -0.9 -0.9 -0.9 -0.9 3.5 11.4 19 25.9 30.9 34.9 38.3 41.3 43.2 40.8 40.3 37.4 35.5 32.9 31.3 31.8 32 32.3 33.7 35.1 36.2 38.1 40.1 42.3 43.1 41.4 39.9 39 38.3 36.5 35.6 34 30.6 29.4 27.4 25.7 21.9
33.7 37.1 39.8 42.5 45.5 48 48.9 48.4 48.5 49.3 50.5 50.1 47.2 42.6 41.3 45.5 50.5 53.3 52.4 50 45.3 39.5 36.3 33.5 30.3 30 30.9 31 28.6 27.5 25.8 24.5 21.2 17.7 13.1 7.3 -0.9 -0.9 -0.9 -0.9 -0.9 -0.9 -0.9 -0.9 -0.9 -0.9 -0.9 -0.9 -0.9 9.8 16.5 22.5 28.1 31.9 35 38.3 41.4 40.7 40.2 39.7 36.7 33.9 30.5 30.8 30.3 30.3 31.4 32.6 33.6 34.7 36.2 37.7 38.5 38.7 38.7 37.1 34.8 33.9 33.1 32.1 30.6 30.4 30 28.5 24.7
34.4 38.8 41.8 44.7 47.6 49.5 52.4 53.9 53.3 53.9 54.5 53.6 51.2 48.8 46.7 49 50.5 52.2 55.4 51.1 39.5 42.3 38.1 33.2 29.8 30.1 31 30.2 28.8 26.5 24.3 22.4 19.7 16.3 11.7 7.7 -0.9 -0.9 -0.9 -0.9 -0.9 -0.9 -0.9 -0.9 -0.9 -0.9 -0.9 -0.9 -0.9 7.6 14.9 20.8 24.9 28.3 31.8 34.4 38.6 40.2 40.9 39.9 38.5 35.5 32.1 29.3 30.5 29.7 28.9 30 31.1 31.3 31.1 32.5 35.6 38.8 38.5 36.6 35.9 35.4 34.8 34.1 34.5 33.6 33.5 31.2 27.3
35.6 39.9 43.8 46.8 49.8 52 54.9 58 58.7 58.8 58.4 57.2 54.4 51.6 51.1 49.4 49.2 50.9 51.6 47.3 41.1 45.6 37.9 33.6 30.2 29.1 29.4 30.5 28.8 26.8 24.7 22.5 20.1 16.4 12.4 8 -0.9 -0.9 -0.9 -0.9 -0.9 -0.9 -0.9 -0.9 -0.9 -0.9 -0.9 -0.9 -0.9 4.6 13.4 18.2 21.8 25.7 29.3 31.4 34.3 38.7 39.5 39.7 39.3 38.6 34.9 29.7 30.1 29.2 27.4 27.2 28.4 29 29.7 29.4 32.6 37.4 38.2 38.9 39.1 39.8 40.5 40.3 39.4 37.9 37 34.4 29.9
37 41.1 45.2 48.8 52.4 56.8 59.2 61.5 63.5 63.6 62.9 61.6 58.5 55.7 53.6 51.8 50.3 50.6 51.4 52.1 47.7 46.8 37.4 34.4 31.5 29.1 29.3 28.9 28.1 27.2 24.8 22.4 20 17.2 13.4 9.1 -0.9 -0.9 -0.9 -0.9 -0.9 -0.9 -0.9 -0.9 -0.9 -0.9 -0.9 -0.9 -0.9 -0.9 8.5 15 19.2 23.1 26.8 28.5 30.5 34.1 36.2 37.5 38.8 38.1 36 31.3 28.9 27.2 25 24.7 25.2 26.2 27.7 29.5 31.4 36.9 41 41.5 42.4 43.8 44.2 44 43.1 42 40.3 37.5 32.9
39.5 43.6 47.3 51.1 55.8 60.5 64.2 66 67.9 68.5 67.9 66.2 62.5 59.8 56.3 53.3 51.5 50.9 51.2 51.3 50.5 45.4 38.4 35.3 30.8 28.8 27.2 27.7 27.2 27.2 25.3 23.1 20.6 18.2 14.7 11 7 -0.9 -0.9 -0.9 -0.9 -0.9 -0.9 -0.9 -0.9 -0.9 -0.9 -0.9 -0.9 -0.9 -0.9 11.6 16.9 22 25.2 26.8 28 30 32 33.6 35.2 36.2 35.7 32.5 29.5 25.7 22.8 21.9 23.4 24.9 26.1 28.3 29.6 35.6 41.4 43.6 44.7 46.8 48.4 47.5 46.4 45.5 43.1 41 36.3
41.7 46.6 50.5 55 59.6 64.2 68.3 71 72.8 73.8 74.3 72.7 67.5 60.4 58.4 54.5 51.6 49.9 49.6 49.1 45.4 39.1 39.3 35.5 30.5 25.8 22.7 25.5 25.6 25.8 24.1 22.1 20.7 18.6 14.2 14.1 10.5 6.5 -0.9 -0.9 -0.9 -0.9 -0.9 -0.9 -0.9 -0.9 -0.9 -0.9 -0.9 -0.9 -0.9 5.4 13 18.4 22.4 24.6 25.7 26.7 28.4 30.2 31.9 33.3 33.5 32.4 29.2 25.3 21.1 20.7 22.6 24.5 25.4 27.7 30.3 34.5 40.6 43.7 47 49.9 52.1 50.6 49.8 48.7 46.7 44.5 39.8
44.7 49.7 54.3 58.8 63.4 68 72.5 76.1 77.7 79.2 81 78.5 71.9 64.8 59.5 55.4 50.9 48.3 45.8 43.6 40.3 39.5 38.1 33.8 29.6 23.5 20.3 22.4 24.5 24.3 22.8 21.6 21.6 21.2 17.4 14.3 11.3 8.6 -0.9 -0.9 -0.9 -0.9 -0.9 -0.9 -0.9 -0.9 -0.9 -0.9 -0.9 -0.9 -0.9 -0.9 8.3 14 19.3 21.4 23.2 24.3 25.4 27.8 29.8 31 30.7 29.8 27.5 23.9 21 20.6 22.4 23.6 24.6 25.9 28.3 32.6 38.5 45.1 48.5 51 53.8 54.7 54.2 52 50.2 47.9 43.4
48.8 53.2 57.8 62.4 67 71.6 77.4 80.6 81.7 83.1 81.4 79.4 73.5 67.6 60.1 55.8 50.7 46.8 43.7 40.3 38.9 36.7 34.7 30.8 26.3 20.1 19.7 20 23.4 23.9 23.6 23.7 23.8 23.9 19.8 15.5 12.9 10.8 7.2 -0.9 -0.9 -0.9 -0.9 -0.9 -0.9 -0.9 -0.9 -0.9 -0.9 -0.9 -0.9 -0.9 3.4 9.2 13.8 17.7 20.8 21.6 22 22.8 26 27.5 27.3 26.4 25 22.7 20.8 18.7 21.4 22.7 23.6 26.1 28.5 33 38.5 44.1 50.7 51.6 54.8 58.8 58.9 56.1 54.1 51.2 46.9
