data/450000-1180000.asc
ncols 200
nrows 200
xllcorner 450000
yllcorner 1180000
cellsize 50
[rows 111 to 147 of 200, columns 0 to 82 of 200]
165.6 157.4 153.2 149.8 147.5 144.5 141 140.2 140.6 140.4 143.8 148 147.5 140.1 142.2 146.3 146.4 143.1 140.4 133.6 128.6 123.4 119.2 112 107.4 109.6 110.5 111.6 113.4 116.1 117.1 118.1 118.9 119.2 119.7 117.9 116.2 112.1 108.9 100 92.3 83.5 75.5 69.9 64.2 58.8 59.2 60.5 61 59.2 54.6 47.6 41.3 31 20.4 9.6 -0.8 -0.8 -0.8 -0.8 -0.8 -0.8 -0.8 -0.8 -0.8 -0.8 -0.8 -0.8 -0.8 -0.8 -0.8 -0.8 -0.8 -0.8 -0.8 -0.8 -0.8 -0.8 -0.8 -0.8 -0.8 -0.8 -0.8
161 152.6 147.5 145.4 143 141.5 140.5 140.6 140.9 143.5 145.7 150.8 145.4 144.2 147.2 146.5 145.1 141.5 135.8 127 122.4 118.9 113.6 107.7 105.2 105.2 108.1 110.9 112.4 112.6 113.5 115.1 116.1 116.4 116.6 115.5 114 110.7 105.1 96.8 90.3 84.8 78.1 72.6 67.2 62.1 61.6 60.9 59.2 56.5 51.7 45.4 38.5 28.7 18.7 10 -0.8 -0.8 -0.8 -0.8 -0.8 -0.8 -0.8 -0.8 -0.8 -0.8 -0.8 -0.8 -0.8 -0.8 -0.8 -0.8 -0.8 -0.8 -0.8 -0.8 -0.8 -0.8 -0.8 -0.8 -0.8 -0.8 -0.8
153.2 146.3 142.2 141.2 139.2 139.4 141 140.7 140.7 145.8 147.1 150.1 143.6 148.9 149.3 147.8 144.9 141.1 131.5 122.4 118 111.4 109.7 105.2 105.2 105.2 105.2 108.2 110.8 109.8 110.7 112.3 112.5 113.2 113.5 111.8 110.7 108.6 103.1 95.3 88.6 83.5 78.6 73.4 68.5 64 62.5 61.6 58.6 52.9 47.3 40.2 32.5 24.2 14.2 5.8 -0.8 -0.8 -0.8 -0.8 -0.8 -0.8 -0.8 -0.8 -0.8 -0.8 -0.8 -0.8 -0.8 -0.8 -0.8 -0.8 -0.8 -0.8 -0.8 -0.8 -0.8 -0.8 -0.8 -0.8 -0.8 -0.8 -0.8
144.3 140.5 138.4 138.4 137.9 138 139.5 139 140.1 144.8 148.3 149.1 146.6 151 150.7 150.1 145.2 139.2 132.1 122.1 115.1 106.7 105.3 105.2 105.2 105.2 105.2 106.8 108.1 107.1 107.7 109.1 109.8 110.8 110.3 108.9 107.3 104.2 100.4 92.8 88.4 82.3 76.8 71.7 67.9 64.2 61.8 60.8 56.8 51.3 42.5 33.3 25.3 18.2 12.7 10.7 7.6 -0.8 -0.8 -0.8 -0.8 -0.8 -0.8 -0.8 -0.8 -0.8 -0.8 -0.8 -0.8 -0.8 -0.8 -0.8 -0.8 -0.8 -0.8 -0.8 -0.8 -0.8 -0.8 -0.8 -0.8 -0.8 -0.8
140 137.1 134.8 134.2 133.8 133.5 134.4 137.5 140.6 144.6 146.9 149 149.2 151.2 151.2 151.1 149.1 141 131.5 121.4 110.3 105.7 105.4 105.2 107.4 107.1 105.4 104.8 105.3 104.5 104.5 105.3 106 107.7 106.3 104 102.8 100.9 99 92.4 90 82.2 74.8 69 66.2 62.5 59.7 58.3 55 48.2 38.6 27.2 18.6 15 12.1 11.5 10.8 9.4 7.6 7.9 9.1 -0.8 -0.8 -0.8 -0.8 -0.8 -0.8 -0.8 -0.8 -0.8 -0.8 -0.8 -0.8 -0.8 -0.8 -0.8 -0.8 -0.8 -0.8 -0.8 -0.8 -0.8 -0.8
135.8 132.3 131.7 131 130.3 129.9 130.4 135.2 140.3 143.2 145.5 147 149.2 151 151.7 152.2 151 143.1 130.7 118.1 108.6 105.8 105.6 108.9 111.6 110.6 109.5 106.3 102.4 101.1 101.3 101.5 101.6 103.2 102.2 99.9 99.8 98.2 95.8 91.1 86.9 82.3 73.3 65.6 62.4 59.6 57 54.8 49.6 41.7 32.5 22.9 17.6 14.5 12.2 12.3 13.1 10.3 10 9.6 4.4 -0.8 -0.8 -0.8 -0.8 -0.8 -0.8 -0.8 -0.8 -0.8 -0.8 -0.8 -0.8 -0.8 -0.8 -0.8 -0.8 -0.8 -0.8 -0.8 -0.8 -0.8 -0.8
131.7 129.6 128.7 129.2 128.2 129 129.8 135.4 141 141.7 143.6 146.2 149 150.5 151.3 153.3 154.3 145.4 132.2 118.8 109 109.8 109.1 108.9 111.7 115.5 110.6 104.7 100.7 99.4 100.8 99.2 98.6 99.6 100.3 99.2 97.8 95.2 92 88.5 84.4 79.3 70.4 61.6 57.7 55.1 53.3 48.8 40.6 32.1 25.8 19.6 17.2 15 12.6 12.8 12.5 10.4 8.7 8 -0.8 -0.8 -0.8 -0.8 -0.8 -0.8 -0.8 -0.8 -0.8 -0.8 -0.8 -0.8 -0.8 -0.8 -0.8 -0.8 -0.8 -0.8 -0.8 -0.8 -0.8 -0.8 -0.8
128.5 125.5 124.2 123.4 124.2 125.6 128.6 133.7 138.8 140.1 143.3 146.2 149 150.7 151.1 153.5 154.1 143.7 130.9 118.9 111.3 112.7 112.7 110.7 109.1 109.5 108.3 104.3 100.4 97.3 98.7 97.6 95.5 97.2 98.5 98.5 96.7 92.7 89.9 85.5 81.3 75.3 67.2 59 53.1 51 48 42.2 32 25.2 19.5 14.8 14.4 14 12.1 11.8 11.3 8.4 6.2 -0.8 -0.8 -0.8 -0.8 -0.8 -0.8 -0.8 -0.8 -0.8 -0.8 -0.8 -0.8 -0.8 -0.8 -0.8 -0.8 -0.8 -0.8 -0.8 -0.8 -0.8 -0.8 -0.8 -0.8
125.8 122.6 120.6 119.7 121 124.4 128 132.4 136.4 139.4 141.9 145.6 148.8 151.4 154.2 158.3 156 145.7 132.3 120.3 114.6 116 118.9 113.5 109.1 108.8 105.2 101.9 99.4 95.6 96.4 94.5 89.3 91.4 95.2 99.7 96.9 92.2 87.1 81.7 76 69 62 53 47.7 45.8 42.1 35.7 27 19.6 14.9 11 10.9 9.3 9.7 7.9 7.4 5.6 5.2 -0.8 -0.8 -0.8 -0.8 -0.8 -0.8 -0.8 -0.8 -0.8 -0.8 -0.8 -0.8 -0.8 -0.8 -0.8 -0.8 -0.8 -0.8 -0.8 -0.8 -0.8 -0.8 -0.8 -0.8
122.8 120.9 119.3 120.9 120.6 123.5 127.3 132 135.7 139.1 140.9 144.7 148.1 150.6 155.5 157.9 155 146 131.1 120 116.5 120.8 119 114.8 112 108 102.5 99.1 96.6 93.6 90.4 89.7 86.9 89.1 95 98.2 96.4 92.5 85.3 75.8 69.4 62.5 55.7 45 41 39.3 35.9 29.8 22.2 16 11.4 8.2 6.5 6.5 5.3 5.7 5.2 2.4 1 -0.8 -0.8 -0.8 -0.8 -0.8 -0.8 -0.8 -0.8 -0.8 -0.8 -0.8 -0.8 -0.8 -0.8 -0.8 -0.8 -0.8 -0.8 -0.8 -0.8 -0.8 -0.8 -0.8 -0.8
121 119.1 119 119.2 120.9 122.4 127.3 131 134.6 138 140.8 142.2 145.7 150.9 152.6 155.1 155.9 146.4 131.9 122 120 124.4 124.2 117.4 114 107.4 100.2 96.3 93.2 90.7 89.1 86.1 83.8 88 93.5 94.5 93.7 90.8 84.4 75.3 65.8 58.2 49.8 38.8 32.3 31.8 29.1 24 18.4 12.4 8.2 4.9 1 -0.8 -0.8 -0.8 -0.8 -0.8 -0.8 -0.8 -0.8 -0.8 -0.8 -0.8 -0.8 -0.8 -0.8 -0.8 -0.8 -0.8 -0.8 -0.8 -0.8 -0.8 -0.8 -0.8 -0.8 -0.8 -0.8 -0.8 -0.8 -0.8 -0.8
119.3 119 118.4 118 119.2 120.5 124.8 127.3 132 136 139 140.1 144.2 149.4 152.2 154.1 154.5 145.2 133.7 125.2 121.4 127.8 126.4 119.8 114.3 106.9 98.8 93.4 89.8 87.3 83.8 81 80.8 87.8 93.3 91.2 91.7 88 81 74.1 66.2 57.7 45.8 34.5 27.5 25 22.7 19.5 14.8 11.7 6.6 4.1 -0.8 -0.8 -0.8 -0.8 -0.8 -0.8 -0.8 -0.8 -0.8 -0.8 -0.8 -0.8 -0.8 -0.8 -0.8 -0.8 -0.8 -0.8 -0.8 -0.8 -0.8 -0.8 -0.8 -0.8 -0.8 -0.8 -0.8 -0.8 -0.8 -0.8 -0.8
120.8 120.4 118.8 116.6 116.3 118.7 121 123.9 128.1 132.4 135 138.9 142.6 148 150.8 152.4 151.6 143.4 134 127.5 124.1 128.9 126.7 121.3 115.3 104.9 96.8 90.6 86.3 81.7 79.9 79.1 81.2 87 91.3 89.3 87 83.1 77.9 72.4 65.9 57.4 45 33.7 25.7 19.9 17.7 13.8 11.3 9.3 5.7 1.6 -0.8 -0.8 -0.8 -0.8 -0.8 -0.8 -0.8 -0.8 -0.8 -0.8 -0.8 -0.8 -0.8 -0.8 -0.8 -0.8 -0.8 -0.8 -0.8 -0.8 -0.8 -0.8 -0.8 -0.8 -0.8 -0.8 -0.8 -0.8 -0.8 -0.8 -0.8
120.6 120 116.5 114.4 113 112.7 114.2 118.4 122.3 127 129.9 135.2 139.4 143.9 148.8 150.4 147.5 141.4 133.9 127.9 127.8 130.9 127.2 122.3 117.6 105.4 95.3 88.2 82.1 78.7 76.9 77.6 80.6 85.6 88.9 87.9 84 79.7 74.3 69.8 63.6 56.1 43.4 33.7 25.2 18.4 13.7 10.1 8.2 6 4.1 -0.8 -0.8 -0.8 -0.8 -0.8 -0.8 -0.8 -0.8 -0.8 -0.8 -0.8 -0.8 -0.8 -0.8 -0.8 -0.8 -0.8 -0.8 -0.8 -0.8 -0.8 -0.8 -0.8 -0.8 -0.8 -0.8 -0.8 -0.8 -0.8 -0.8 -0.8 -0.8
121.4 118.3 113.6 110.7 110.9 109.3 107.7 111.3 117.4 120.7 127 132.5 136.1 140.2 143.7 144.1 144.3 139.4 132 126.5 128.9 131.4 128.8 124.2 117.2 105.2 93.5 84.3 78.4 75.5 72.4 73.7 78.7 81.6 84.4 82.5 80.2 74.7 70.1 65.6 60 52.9 40.3 31.1 24 17.2 10.6 7.2 4.5 3 4.2 -0.8 -0.8 -0.8 -0.8 -0.8 -0.8 -0.8 -0.8 -0.8 -0.8 -0.8 -0.8 -0.8 -0.8 -0.8 -0.8 -0.8 -0.8 -0.8 -0.8 -0.8 -0.8 -0.8 -0.8 -0.8 -0.8 -0.8 -0.8 -0.8 -0.8 -0.8 -0.8
119 115.7 111.8 109.5 106.5 104.8 103.6 105.8 110.1 114.7 123.2 127.4 132.4 136.5 138.3 138.5 138.4 135.5 129.2 123.9 126 130 128 123.7 116.3 105 93.9 84 76.2 71.8 69.8 71.5 76.4 80 79.9 77.7 74.1 69.3 63.7 60.8 54.6 49.2 38 27.3 19.5 14.4 8.6 6.1 7.2 8.2 7.5 6.2 6.8 8.1 3.1 -0.8 -0.8 -0.8 -0.8 -0.8 -0.8 -0.8 -0.8 -0.8 -0.8 -0.8 -0.8 -0.8 -0.8 -0.8 -0.8 -0.8 -0.8 7.4 -0.8 -0.8 -0.8 -0.8 -0.8 -0.8 -0.8 -0.8 -0.8
116.5 111.4 109.5 106.8 101.9 99.7 100.2 99.7 104.9 110.7 117.4 123.3 129 130.6 131.3 133 132.4 128.7 124.2 120.6 124.1 126.9 126.6 122.5 115.6 103.7 93 82.7 73.1 67.1 66.7 70.7 73.2 75 74.7 72.1 69.5 62.2 56.8 55.3 49.9 44 33.6 25.1 17.5 10.9 9 8.3 9.7 8.9 8.9 8.9 10.5 10 9.3 4.3 -0.8 -0.8 -0.8 -0.8 -0.8 -0.8 -0.8 -0.8 -0.8 -0.8 -0.8 -0.8 -0.8 -0.8 -0.8 -0.8 -0.8 14.2 18 8.1 -0.8 -0.8 -0.8 -0.8 -0.8 -0.8 -0.8
112.1 109.2 106.9 104.6 100.4 101.7 98.9 99 102.7 107.2 112.3 118.9 124.3 126.2 128.9 129 126.9 123.6 119.7 119.4 120.4 124.5 124.1 121.3 113.4 101.9 89.6 78.4 68.7 63.3 60.5 64.4 69.3 69.4 69.4 65.9 62.3 57.2 51 47.1 42.3 38.3 30.4 22.8 15 10 10.4 9.8 10.1 9.9 10.9 11.6 12.8 12.8 11.1 9.8 7.3 -0.8 -0.8 -0.8 -0.8 -0.8 -0.8 -0.8 -0.8 -0.8 -0.8 -0.8 -0.8 -0.8 -0.8 0.9 11 18.6 21.5 15 -0.8 -0.8 -0.8 -0.8 -0.8 -0.8 -0.8
109.6 107.2 104.8 102.4 104.6 104.4 98.5 97.2 100.2 103.1 109.3 115.5 120.5 122.3 125 124.4 122.3 119.1 117.9 119 119.8 120.7 121.1 118.6 109 97.9 86.1 73.2 64.2 60.7 60.2 60.3 63.5 63.8 62.6 59.8 55.5 51.5 45.4 39.6 36.1 31.7 25.8 19.7 11.9 10.1 11.4 12.5 13.5 13.7 14.6 14.8 15.3 14.6 12.6 10.1 7.2 -0.8 -0.8 -0.8 -0.8 -0.8 -0.8 -0.8 -0.8 -0.8 -0.8 -0.8 -0.8 -0.8 -0.8 12 16.2 21.6 24.7 20.3 -0.8 -0.8 -0.8 -0.8 -0.8 -0.8 -0.8
107.1 104.8 102.7 99.9 101 100.1 95 92 96.4 99.8 107 113.3 117.6 119.7 120.8 120.7 119 116.6 114.8 116 118.2 117.9 117.8 112.8 104.3 92.2 81.9 68.6 59.4 58.4 58.2 57.3 57.8 58.6 55.2 52 48.9 44.8 40.1 35.1 30.3 25.5 20.7 14.7 13.9 14.4 15.2 16.4 17.4 17.8 18 17.9 17.2 17 13.7 9.9 5.9 -0.8 -0.8 -0.8 -0.8 -0.8 -0.8 -0.8 -0.8 -0.8 -0.8 -0.8 -0.8 9.8 14.5 16.2 19.6 26.6 28.3 22.7 -0.8 -0.8 -0.8 -0.8 -0.8 -0.8 -0.8
105.2 101.8 99.3 97.7 96.3 94.6 90.7 90.3 95.2 100.8 106.1 110.7 114.9 117.9 120.4 121 118.8 114.7 112.3 114.2 116.9 117.5 116.2 111 100.9 88.3 78.5 66.6 58.1 55.3 55.9 50.9 51.3 51.3 48.8 46.2 43 39 34.8 30.7 26.4 21.9 17.2 18.7 19.7 19.8 19.3 20.1 20.9 20.8 21.3 21.2 20.2 18.7 15.2 11.7 9 -0.8 -0.8 -0.8 -0.8 -0.8 -0.8 -0.8 -0.8 -0.8 -0.8 -0.8 8 11.2 18 19.9 22.5 29.5 28.2 16.5 -0.8 -0.8 -0.8 -0.8 -0.8 -0.8 -0.8
103.5 99.8 96.2 93.5 91.1 91.4 89.5 90.9 96.4 102.8 109.6 111 112.7 116 119.2 120.9 115.3 110.5 110.5 112.4 114.5 115.5 114.9 110.8 98.9 86.5 74.7 64.8 58.7 55.8 54.3 49.7 49.1 48 45.3 42.4 39.5 35.1 30.6 27 23.5 19.6 19.4 22.6 22.7 23.3 22.4 24 24.5 24.5 26 24.3 21.8 19.1 16.9 14.1 12.5 8.5 -0.8 -0.8 -0.8 -0.8 -0.8 7.1 7.2 7.6 8.6 12.4 12.6 13 17.8 20.8 24.2 29.4 27.5 -0.8 -0.8 -0.8 -0.8 -0.8 -0.8 -0.8 -0.8
105.3 98.5 94.1 91 89.1 89 89.1 91.5 97.4 105.5 111.5 110.3 111 114.2 117.3 117.1 111.2 109.3 110.8 111 111.9 113.4 113.3 107.5 96 83.4 71.6 63 58.8 56.8 53.8 52 50.6 49.4 45.6 39.2 35.9 31.4 29.5 25.2 23.6 20.3 24.8 25.7 26.9 27.9 27.8 29.1 28.6 28.3 28.9 26.6 23.9 21.9 19 14 12.9 9.1 7.7 3.4 1 1 6.8 7.3 8.8 10.3 12.5 17 15.6 15.3 17.4 21 26 29.9 23.1 -0.8 -0.8 -0.8 -0.8 -0.8 -0.8 -0.8 -0.8
104.7 99.1 94 90.6 90.2 89.1 88 89.2 97.7 108.4 113.8 115.7 114.7 111.6 114 113.2 108.8 107.7 108.7 111.2 111.9 114.1 111.9 105.1 93.3 81.5 70.1 62.4 59.9 58.7 58 56.2 54.1 51.7 48.5 42.6 37 33.6 28.3 25.1 23.8 25 28.3 30.2 30 30.7 31.5 31.7 31.4 30.7 30.9 29.2 26.6 23.5 18.5 13.7 11 7.3 5.9 7.4 5.9 3.4 5.7 6.9 9.3 12.3 13.9 16.2 19.2 18.4 18.6 21.2 27 30.3 17.2 -0.8 -0.8 -0.8 -0.8 -0.8 -0.8 -0.8 -0.8
105.4 99.6 94.2 90.1 88.9 88.3 87.9 88.9 98.5 111.2 116.8 120.5 115.9 110.9 110.5 109.4 107.5 105.6 109.1 111 111.6 112.6 111.1 102.8 91.3 78.3 70.5 67.9 66.9 64.2 62 59 57.4 54.6 50 45.4 39.4 34.2 29.4 27 24.6 27.4 30.5 32.5 33.5 33.4 35 34.7 33.1 32.7 32.7 32.3 29.7 25.1 19.9 14 10.6 7.1 5.7 5.4 4.9 5.2 6.2 7.3 8.7 12.2 15.3 15 18.7 20.1 22.4 23.5 24.8 22.3 -0.8 -0.8 -0.8 -0.8 -0.8 -0.8 -0.8 -0.8 -0.8
105.7 99 92.3 89.6 87.8 87 88 89.8 99.3 109.1 113.9 117.6 113.3 110 108.7 108.5 107.4 105.5 109.1 110.9 111.5 111.3 109.8 100.6 90 82 74 71.9 70.8 69.4 65.7 62.6 60.4 57.7 52.8 46.7 40 35.5 31.6 29.5 28.8 30.6 33.6 37.4 36.9 36.3 35.9 36.6 35.1 35.2 34.7 34.2 32.2 26.9 20.9 15.9 11.3 7.9 7.2 6.5 6.9 7.9 8.4 9.2 10.2 12.6 14.5 15.1 18.1 20.8 26.2 24.7 16.8 -0.8 -0.8 -0.8 -0.8 -0.8 -0.8 -0.8 -0.8 -0.8 -0.8
105.9 96.7 89.9 86.6 83.7 83.4 85.9 92.6 100.7 107 109.9 111 110.8 109.4 107 105.3 104.7 105.8 109.7 112.5 113.7 117 117.1 112.4 103.9 88.5 78.2 76.9 74.9 72.4 69.7 67.4 64.2 60.7 54.2 47.6 41.4 37.9 32.2 29.4 28.8 33.7 37.9 41.9 40.4 38.3 37.3 36.6 37.4 36.5 36 35.5 33.5 28.8 24.2 19.6 14.5 9.4 8.5 7.8 8.4 9.6 11.2 11.1 11.9 13.4 14.3 15.3 17.4 20 24.2 22.6 11.4 -0.8 -0.8 -0.8 -0.8 -0.8 -0.8 -0.8 -0.8 -0.8 -0.8
100.9 93.1 87.4 83.6 80.4 79.7 86.2 93.6 100.6 104.6 106.8 109.1 110.8 105.6 102.3 103 104 107.1 110.5 115 118.2 121.3 122 119 109.7 91.5 80.7 79.4 78.3 74.9 72.5 70.4 67.1 62.8 56.8 49.3 43.2 37.7 32.8 30 30.7 37.3 42.2 44.9 40.2 38.5 37.7 36.6 36.6 37.5 37 36.4 34.8 32 28.7 24.6 19.2 13.9 10.7 9.6 10.8 13.5 16.2 13.6 13.3 13.3 14.1 15.4 17.2 20.2 22 21.4 -0.8 -0.8 -0.8 -0.8 -0.8 -0.8 -0.8 -0.8 -0.8 -0.8 -0.8
95.9 91.3 85.2 81.1 80.5 80.4 87.2 94.2 100.8 102 102.8 103 102.7 100.1 99.5 101.8 104.8 107.4 111.6 115.6 120.1 124.1 123.5 121.4 111.1 92.4 84.2 81.4 80.9 78.1 75.1 72.5 69.6 65.3 59 50.1 42.3 38.2 33.9 30.8 34.8 40.2 45.2 44.4 41.4 39.7 37.7 36.6 36.6 36.6 37.5 36.8 36.3 35.1 33.6 29.4 23.6 19.1 15.5 13.8 16.1 18.9 19.9 16.9 14.8 14.4 15.1 16.8 19.5 25.4 19.5 -0.8 -0.8 -0.8 -0.8 -0.8 -0.8 -0.8 -0.8 -0.8 -0.8 -0.8 -0.8
90.1 86.9 83.4 80.4 79.8 84.2 91.4 95.7 99.2 99.6 100.1 98.5 97.8 95.9 98.1 102.7 106.6 109.8 113.1 118.6 122.3 125.6 125.3 121.7 110.5 90.4 84.8 82.4 81.2 79.3 76.4 74.3 71.8 67.1 59.1 50.2 42.6 37.6 33.8 33.6 38.2 43.7 50.2 49.1 45.5 41.7 38.7 36.6 36.6 36.6 37.9 37.6 37.2 38.3 36.3 32.5 28.3 23.1 20.3 17.8 18.5 20.5 24.9 17.1 17.3 16.9 16.6 18.5 25.4 20.1 15.6 -0.8 -0.8 -0.8 -0.8 -0.8 -0.8 -0.8 -0.8 -0.8 -0.8 -0.8 -0.8
87.2 83.1 80 79.2 80.7 88 92.4 95.5 97.5 97.9 97.9 95.9 94.2 94 95.3 101 105.3 110.1 114.1 119 122.6 125.9 126.5 121.9 108.2 89.5 83.5 82.3 81.3 78.8 75.4 73.6 71.7 67.7 59.4 50.7 42.7 37.8 32.6 35.7 40.3 49 52.7 53.1 50.8 46.2 39.8 37.7 38.3 38.6 38.8 39 39 41.3 38.7 34.5 28.9 24.9 22.1 19.1 18.8 19.5 19.8 19.2 19.7 19.6 17.7 17.6 21.9 11.4 -0.8 -0.8 -0.8 -0.8 -0.8 -0.8 -0.8 -0.8 -0.8 -0.8 -0.8 -0.8 -0.8
83.8 80.6 79.1 79.6 81.2 88.7 92.1 94.2 95.6 96 99.6 95.4 94.2 94.3 94.2 98.8 104.7 109.7 114.1 119.2 121.8 124.2 125.2 120.2 101.8 86.7 82.6 81.7 79.1 75.7 72.2 71.7 70.9 69.5 60.3 51.3 43.3 38 33.7 37.5 43.1 51.2 56 58 56.3 50.5 44.9 40.9 40.4 41.5 41.2 41 41.7 44.2 42.5 34.9 28.8 24.6 21.6 20.3 19.8 19 19 19 20.4 22.2 18.6 17.8 10.6 -0.8 -0.8 -0.8 -0.8 -0.8 -0.8 -0.8 -0.8 -0.8 -0.8 -0.8 -0.8 -0.8 -0.8
80.9 78.5 78.5 79.6 81.2 87.6 91.1 92 93.6 95.9 96.7 91.7 92.9 94.4 96.6 98.8 104 109.8 113.9 119.5 120.9 122.7 122.6 115.5 95 84.3 82.7 78.6 75.8 72.4 68.6 68.5 70.1 66.4 57.5 49.4 41.7 38.1 36.6 39 46.7 54.2 59.6 61.2 60.6 54.9 48.4 44.9 43.7 44.7 44.5 43.9 42.5 41.3 42 34.5 28.5 25.5 22.4 21.4 20.7 19.1 19 19 19.1 20.2 16.7 11.2 6.7 -0.8 -0.8 -0.8 -0.8 -0.8 -0.8 -0.8 -0.8 -0.8 -0.8 -0.8 -0.8 -0.8 -0.8
78.2 74.6 76.4 78.2 80.4 86.1 89.8 90.7 91.2 90.2 92.2 90.9 92.7 94.5 96.6 99.2 103.5 109 112.8 119.3 121.1 123.9 122 108.7 87.9 80.3 79.5 75 72 69 65 63.2 62.5 59.7 54.1 47.4 41.8 38 38.9 41.8 49.8 57.3 62.6 64.5 62.3 58.1 51.9 48.8 47.8 47.9 47.2 46.3 44.6 42.9 39.9 33.6 29.3 26.8 24 22.4 21.3 19.9 19.2 19 19 18.5 10.1 5.1 1.1 -0.8 -0.8 -0.8 -0.8 -0.8 -0.8 -0.8 -0.8 -0.8 -0.8 -0.8 -0.8 -0.8 -0.8
73.1 71.2 73.5 77.4 79.8 83.6 86.6 87.8 88.3 88.3 90.5 90.6 92.7 94.9 97.7 99.8 103.2 108.1 112.2 119.3 122 124.4 118.6 99.8 82.2 74.1 73.7 70.9 67.8 64.6 59.8 57.6 56.4 54.9 50.3 45 40.1 39.4 41.3 45.8 52.6 60.3 65.9 68.5 65.8 61.8 56.4 53.9 51.8 51.1 49.9 48.4 47.1 44.2 40 33.8 29.8 28.1 25.3 22.9 21.6 20.5 19.9 19.2 20.3 19.2 10.9 0.8 -0.8 -0.8 -0.8 -0.8 -0.8 -0.8 -0.8 -0.8 -0.8 -0.8 -0.8 -0.8 -0.8 -0.8 -0.8
70.8 69.8 72.5 76 80.2 80.5 83 85.3 85.2 86 89.4 91.7 93.6 96.3 99.2 101.6 104.8 107.6 111.9 118.8 121 120.7 110.5 91.1 77.4 71.3 68.2 66.2 64.1 60.3 55.4 52.1 51 49.9 45.9 42.7 40.7 42.8 45.2 50 56.3 62.7 68.2 70.8 68.7 64.3 61.4 58.2 55.5 52.6 49.4 49.3 49.9 46.6 40.5 35.7 31.9 28.6 25.7 23.2 21.7 20.4 20.5 20.3 21.4 20 12.4 0.8 -0.8 -0.8 -0.8 -0.8 -0.8 -0.8 -0.8 -0.8 -0.8 -0.8 -0.8 -0.8 -0.8 -0.8 -0.8
67.1 69.1 71.7 75.1 79.1 79.8 82.1 85.2 85.9 86.1 88.6 89.4 92.3 96.5 101.1 102.7 105.7 108.8 114.1 119.2 121.1 116.7 103.2 86.8 74.1 70.2 64.5 62.1 59.9 55.7 51.7 48.4 46.2 44.8 42.4 42.3 43.4 46.1 48.4 53.3 58.3 64.8 68.6 70.5 70.4 66.8 63.5 60.5 59.5 55.9 51 49.3 51.1 46.9 40.3 35.9 33.3 29.4 27 24.7 21.6 20.1 19.4 21 24.8 19.5 13.5 6.8 0.3 -0.8 -0.8 -0.8 -0.8 -0.8 -0.8 -0.8 -0.8 -0.8 -0.8 -0.8 -0.8 -0.8 -0.8
