data/460000-410000.asc
ncols 200
nrows 200
xllcorner 460000
yllcorner 410000
cellsize 50
[rows 129 to 171 of 200, columns 96 to 191 of 200]
4.8 4.8 4.9 4.8 4.2 4.3 4.7 4.9 4.6 5 5.2 5 5.4 5 5.2 5.5 4.5 5.2 4.7 4.8 4.9 4.9 4.6 4.8 5.2 5.3 4.9 4.6 4.3 4 4.3 4.2 3.9 4.2 4.5 4.6 4.4 6 2.7 3.4 -1 -1 3.8 3.6 4.3 7.6 3.4 4.8 4.8 7.9 5.2 4.4 4.2 4.4 4.4 4.5 4.7 4.5 4.3 4.1 3.9 3.6 9.1 4 4.6 4.6 5.1 4.2 4.7 5.3 5.3 6 6.2 7.2 7.8 7.8 7.8 8 8.3 8.5 8.4 8.5 8.5 8.2 7.4 6.5 5.6 4.8 4.6 4.4 4.1 3.9 3.7 3.4 3.1 3
5.2 4.9 4.9 4.8 4.6 4.8 4.9 4.7 4.5 4.6 5 4.8 4.8 4.8 4.9 5.1 4.9 4.7 5.1 4.8 4.7 4.6 4.9 4.7 4.6 4.9 4.9 4.4 4.2 3.9 3.6 3.8 3.8 3.5 4.1 6.8 3.5 2.8 3.3 -1 -1 3.5 3.5 4.3 3.5 3.7 4.9 4.8 8.8 5.8 5.2 4.8 4.2 4 4 4.3 4.6 4.5 4.2 4.2 3.9 3.8 4 4.4 3.6 4.4 5.5 3.5 4.3 5.1 5.4 5.5 5.5 5.7 6.6 6.8 6.9 7.1 7.5 7.8 8.3 8.7 8.9 8.6 7.6 6.7 5.9 5.1 4.6 4.4 4.2 4 3.8 3.5 3.3 3.1
5.6 5.6 5.4 5.3 5.1 4.9 4.8 4.7 4.6 4.7 4.9 5 4.8 4.7 4.8 4.8 4.3 4.6 5 4.8 4.7 4.7 4.9 4.8 4.6 4.7 4.9 4.5 4 3.7 3.3 3.4 3.9 5.3 3 3 3.1 -1 -1 -1 3.1 2.7 7.4 4.8 3.9 4.3 4.9 6.7 9.2 5 4.5 4.6 4.4 3.9 3.9 4.2 4.4 4.4 4.2 4.3 4.2 7.1 4.3 4.6 3.6 3.7 3.8 3.7 4.2 4.8 5 5.2 5.1 5.3 5.7 6 5.9 6.1 6.5 7.4 8.3 9.1 9.2 9.1 8 6.9 6 5.1 4.2 3.9 3.6 3.4 3.2 3 3 3
4.7 4.8 6.2 6.1 5.7 5 4.8 4.7 4.8 4.8 4.8 5 4.7 4.7 4.8 4.6 4.3 4.5 4.9 4.9 4.8 4.9 4.9 4.8 4.6 4.5 4.6 4.5 4 3.5 6.7 3 2.8 3.4 2.9 3.2 -1 -1 -1 2.7 4.3 4.1 3.5 3.6 4.3 4.4 4.9 10.4 5.1 4.9 4.6 4.3 4.1 2.1 4 4.1 4 3.4 3.2 3 6.1 5.2 4.7 4.8 4.2 4.3 3.6 3.4 4 4.4 4.5 4.6 4.7 4.9 5 5.4 5.2 5.5 6.3 7.2 7.9 8.9 9.5 5.7 8.4 7.3 5.8 5 4.1 3.3 3.1 2.9 2.8 2.8 2.9 2.9
3.9 4.1 4.5 4.8 5.1 5.9 5.5 4.9 4.7 4.6 4.7 4.7 4.7 4.7 4.7 4.7 4.4 4.3 4.6 4.9 4.9 5 4.9 4.9 4.7 4.5 6.1 4.9 3.3 3.1 2.8 4 3.4 3.9 -1 -1 -1 3.1 2.7 7.4 4.2 4 3.8 3.9 4.4 5.9 11.2 6 5 5.1 4.9 4.5 4.2 2.7 3.1 5.3 5.4 5.3 5.2 5.1 4.8 5 5.1 4.8 4.7 4.3 3.9 3.4 3.8 3.9 4 4.3 4.6 4.7 4.8 4.9 5 5 5.9 6.5 7 7.8 7 6.9 8.4 7.5 6 5 4.1 3.2 2.6 2.6 2.7 2.7 2.7 2.8
3.8 3.9 4.1 4.3 4.6 5.1 5.2 5.1 4.9 4.7 4.8 5 5 4.9 4.7 4.6 4.7 5 4.4 4.7 5 5.2 5 7.4 3.4 3.2 3 3.1 2.6 2.9 3.4 -1 -1 -1 -1 -1 2.7 5.2 4.3 4.4 4.5 4.4 4.2 4 4.9 6.9 11.4 4.9 5 5 5.1 4.8 4.9 5.1 5 5 4.6 4.9 4.7 9.2 4.5 5 5 5 5 4.6 4.1 3.5 3.7 4.1 4.1 4.3 4.5 4.5 4.6 4.7 4.8 4.8 5.2 5.7 6.2 6.8 8.4 9.7 9.2 7.5 6.1 5 4.2 3.3 2.6 2.5 2.4 2.4 2.5 2.6
3.8 3.8 4 4.1 4.4 5.5 5.3 5.4 5.1 4.9 5.1 5.4 5.4 5.2 4.7 4.9 5.6 5.8 5 4.6 5.2 4.1 3.6 3.7 3.7 3.5 2.7 2.9 3.7 -1 -1 -1 -1 -1 2.7 2.7 6.5 4.2 4.4 4.7 4.8 4.7 4.6 4.4 5.7 11.8 6.7 5 5 5.1 5.1 5.1 4.9 4.9 4.8 4.5 4.3 3.5 4.4 4 4.3 4.7 4.8 4.9 4.8 5 5.1 3.8 3 4.2 4.1 4.2 4.3 4.4 4.5 4.5 4.5 4.5 4.7 5 5.2 5.8 7.5 9.4 8.9 7.3 5.6 5 4.3 3.5 2.7 2.5 2.4 2.3 2.4 2.6
3.7 3.8 3.9 4.1 4.2 5.8 5.5 5.8 5.5 5.1 5.4 5.7 5.7 5.7 5.3 5.3 5.6 5.4 4.8 5.3 4.5 4.2 4.2 4.1 4 3.8 4.3 -1 -1 -1 -1 3.3 2.7 2.7 5.8 4.1 4.2 4 4.5 4.9 5 5.1 5.1 5 6 7.4 5.1 5.1 5.1 4.9 4.8 4.7 4.6 4.5 4.5 4.5 3.9 3.1 6.3 4 4.2 4.4 4.6 4.7 4.6 4.6 4.6 3.3 2.6 2.8 3 3.5 4.1 4.2 4.3 4.3 4.3 4.3 4.4 4.7 5 5.2 6.4 9 8.3 7 5.5 5.1 4.4 3.6 2.8 2.6 2.5 2.4 2.4 2.5
3.7 3.7 3.9 4 4.2 4.5 5.3 5.8 5.3 4.6 5.2 5.9 5.1 5.1 4.8 4.7 5.5 5.7 4.4 4.6 4.5 4.6 4.3 4.3 -1 -1 -1 -1 4.6 2.7 2.9 4 5.9 4.2 4.1 3.5 3.9 4.6 5 5.1 5.1 4.9 4.6 5.7 10.7 6.8 4.7 4.7 4.5 4.2 4 4.3 4.2 4.2 4.2 4.2 4.2 7.7 4 3.8 3.9 4.1 4.3 4.5 4.4 4.4 4.6 3.3 3.1 2.8 2.8 2.8 3.2 3.7 4.1 4.1 4 4 4.2 4.4 4.7 4.8 6.5 8.1 7.9 6.9 6.2 5.8 4.9 3.9 3 2.6 2.6 2.5 2.5 2.5
3.6 3.6 3.8 4 4.4 4.7 4.8 5.6 5.1 4.3 5.1 3.2 3.2 3.3 3.1 3.3 5.6 4.5 4.8 4.8 4.8 4.8 -1 -1 -1 -1 3.1 2.7 3.2 7.5 4.6 5 5.1 5.1 4.7 4.5 5 5.1 5 4.9 4.7 4.4 3.9 7.3 11.5 7.3 4.4 4.1 3.9 3.7 3.4 3.2 3.8 3.8 3.8 3.8 3.8 3.4 3.9 4 3.8 3.9 4 4.2 4.3 4.2 4.5 3.4 3.2 3 3.1 3.3 3.3 3.3 3.3 3.8 3.8 3.7 3.9 4.2 3.7 5 6.6 7.9 7.9 7.3 7 6.7 5.7 4.5 3.2 2.5 2.5 2.5 2.4 2.4
3.6 3.6 3.8 4.2 4.6 4.9 5 5.1 5.7 5.3 1.8 4.4 4.4 4.3 3.9 3.7 3.9 4.4 5 -1 -1 -1 -1 -1 4.2 2.7 3.2 7.2 4.7 5.1 5.2 5.2 5.2 5.2 5.2 5.2 5.1 5.1 4.7 4.6 4.5 4.2 5.1 8.9 9.3 6.1 4.4 4.3 4 3.8 3.5 3.1 2.9 3 3.1 2.9 7.8 3.5 3.7 4.1 4 3.8 3.8 3.9 4.1 4.1 4.2 3.9 3.3 3.4 3.3 3.3 3.3 3.3 3.2 3.3 3.4 3.5 3.6 3.1 3.5 5 6.2 7.4 8.1 7.7 7.3 6.9 5.7 4.4 3.1 2.4 2.4 2.4 2.4 2.4
3.6 3.7 4 4.4 4.8 5 5 5.5 5.6 4.3 6 4.3 4 3.9 3.4 3 -1 -1 -1 -1 -1 4.5 3.8 3.3 4.8 6.3 4.4 5.1 5.2 5.2 5.3 5.3 5.3 5.3 5.3 5.2 5.2 5.1 5.1 4.9 4.4 4 5.9 10.6 6.7 5 4.4 4.5 4.2 3.9 3.5 3 2.6 2.7 2.7 4.5 3.1 3.4 3.7 3.9 4.1 4 3.8 3.7 3.9 3.9 3.9 3.6 3.4 3.3 3.3 3.2 3.1 3 2.9 2.9 3.2 3.2 3.1 2.2 3.2 4.3 5.4 6.5 8 7.7 7.3 7 5.6 4.2 3.1 2.3 2.3 2.3 2.3 2.3
3.8 3.9 4.2 4.6 4.7 4.6 4.5 4.9 5.5 4.6 5 4.5 3.7 3.6 3.2 -1 -1 -1 -1 4.3 4.2 7.5 4.3 4.5 4.5 4.7 5.1 5.2 5.2 5.3 5.3 5.4 5.4 5.4 5.3 5.3 5.2 5.2 5.1 5.1 5.1 4.6 5.8 10.1 5.5 4.4 4.5 4.6 4.3 3.9 3.4 3 2.5 2.3 2.6 3.2 3 3.3 3.6 3.8 4.1 4.1 3.9 3.8 3.7 3.7 3.9 3.8 3.6 3.4 3.3 3.2 3.2 3.1 3 2.9 4.2 3.1 2.5 2.3 3.2 3.9 4.6 5.7 7.4 8.1 7.6 6.5 5.3 3.9 2.9 2.5 2.4 2.4 2.3 2.3
4.1 4.1 4.4 4.4 4.4 4.4 3.9 4.1 7 4.4 4.2 3.8 -1 -1 -1 -1 4.5 7.1 4.8 4 3.8 4.1 4.2 4.6 4.9 5.1 5.2 5.2 5.3 5.4 5.4 5.5 5.4 5.4 5.4 5.3 5.3 5.2 5.2 5.1 5.1 5.2 6.7 5.8 4.7 4.7 4.6 4.4 4.4 4.1 3.4 2.9 2.4 2 6.7 3.2 3.5 3.9 3.6 3.7 4 4.2 4.1 3.9 3.9 3.9 4.1 4.1 3.8 3.5 3.4 3.3 3.2 3.1 3.1 3 3.9 2.7 2.4 2.7 3.6 4.4 5.1 6.9 8.1 8.5 7.6 5.9 4.9 3.7 3.2 2.9 2.8 2.7 2.5 2.3
4.5 4.2 4.2 4.2 4.1 4.2 5.4 4 4.7 -1 -1 -1 -1 6 6.4 4.6 4.1 3.8 3.4 3.2 3.2 4.3 4.4 4.7 4.7 5.1 5.1 5.3 5.4 5.5 5.5 5.5 5.5 5.5 5.4 5.4 5.3 5.3 5.2 5.2 5.1 5 8.4 4.7 4.6 4.4 4.3 4.2 4.1 4.1 3.8 3.6 2.9 2 3.2 3.4 3.5 3.7 3.8 3.9 4 4.1 4.2 4.2 4.3 4.3 4.4 4.3 4 3.7 3.4 3.3 3.3 3.2 3.1 3 2.9 2.8 2.8 3.4 4.1 4.8 6.5 7.7 8 8.6 8 6.7 4.9 3.6 3.3 2.9 2.7 2.6 2.4 2.2
4.3 4.2 4.2 4.2 7.8 3.5 4 -1 -1 -1 -1 5.8 4.6 4.1 3.8 3.6 3.2 2.8 2.6 2.4 3 4 4.7 4.8 4.8 5 5.1 5.3 5.5 5.5 5.6 5.6 5.6 5.5 5.5 5.4 5.4 5.3 5.3 5.2 5.2 5.1 7.9 4.4 4.3 4.2 4.1 4 3.8 3.8 3.8 3.4 3.2 6 3.5 3.6 3.7 3.8 4 4.1 4.1 4.2 4.2 4.3 4.3 4.4 4.5 4.5 4.2 3.9 3.5 3.3 3.3 3.3 3.2 2.9 2.6 2.8 3.4 3.8 4.2 4.6 5.4 6.7 7.8 8.6 8.1 6.9 4.9 3.7 3.1 2.7 2.3 2.3 2.4 2.3
4.1 4.1 6.9 3.6 3.7 -1 -1 -1 7.9 4.7 4.7 4.6 4.3 3.6 3.2 3.2 3.2 2.5 2.5 3.1 3.8 4.7 4.8 4.8 4.9 4.9 5.1 5.3 5.5 5.6 5.6 5.5 5.5 5.6 5.6 5.5 5.4 5.4 5.3 5.3 5.2 4.9 7.8 4.2 4 4 3.8 3.7 3.6 3.5 3.6 3.6 4.7 3.4 3.7 3.8 3.9 3.9 4 4 4 4.1 4.1 4.2 4.2 4.3 4.3 4.4 4.3 3.9 3.7 3.4 3.3 3.3 3.1 3 2.9 2.8 3.1 3.3 3.6 4 4.7 5.9 7.3 8.4 8.4 7 5.5 4.2 3.3 2.8 2.4 2.5 2.4 2.3
6.8 4.2 3.8 4.4 -1 -1 5.5 4.9 4.6 4.6 4.6 4.5 4.4 3.7 4.1 4 3.9 3.8 4.1 4.5 4.8 4.8 4.9 4.9 4.9 4.9 5 5.4 5.5 5.3 5.2 5.1 5.1 5.1 5.1 5 5 5.1 5.1 5.1 5.2 4.8 5.7 3.8 3.7 3.5 3.5 3.5 3.4 3.2 3.2 3.3 3.4 3.4 3.7 3.8 3.8 3.8 3.9 3.9 4 4 4 4.1 4.1 4.2 4.3 4.3 4.2 4.1 3.7 3.3 3.3 3.2 3.1 3 2.9 2.9 3.1 3.3 3.6 3.8 4.4 5.5 6.9 8.1 8.9 7.2 5.8 4.7 3.6 3.1 2.7 2.5 2.4 2.3
4.2 3.9 5.5 -1 -1 5 4.6 4.5 4.4 4.3 4.4 4.4 4.4 4.2 4.7 4.5 4.5 4.5 4.8 4.7 4.8 4.8 4.9 4.9 5 5 5 5.3 5.2 5 4.8 4.7 4.7 4.7 4.6 4.6 4.6 4.6 4.5 4.5 4.6 6.1 3.5 3.6 3.4 3.2 3.1 2.9 2.9 3 2.9 5.6 3.2 3.4 3.6 3.7 3.7 3.7 3.8 3.8 3.9 3.9 3.9 4 4 4.1 4.1 4.1 4.1 4 3.8 3.4 3.2 3.1 3 2.9 2.8 2.9 3.1 3.3 3.5 3.7 4.5 5.3 6.5 7.8 9.1 7.6 6.3 5.1 4 3.3 2.9 2.6 2.5 2.4
4.2 -1 -1 -1 4.5 4 4.2 4.1 4.2 4.2 4.4 4.3 4.3 4.3 4.7 6.5 5.2 5 4.1 4.4 4.7 4.8 4.9 5 5 5.1 5.1 5.1 4.9 4.7 4.4 4.3 4.3 4.3 4.2 4.2 4.2 4.2 4.2 4.2 4.1 8.5 3.3 3.3 3.1 3 2.9 2.7 2.5 2.4 3.3 3 3.1 3.3 3.5 3.9 3.6 3.7 3.7 3.7 3.8 3.8 3.8 3.9 3.9 4 4 4 3.9 3.9 3.8 3.5 3.2 3.1 3 2.9 2.8 2.8 3.2 3.3 3.4 3.7 4.6 5.6 6.6 7.7 7 7.5 6.6 5.5 4.4 3.4 3.1 2.7 2.5 2.4
-1 -1 -1 4.6 4.3 4.1 4 3.9 4 4.2 4.3 4.2 4.1 4.9 5.9 9.3 11.9 4.6 3.7 3.8 4.7 4.9 5.1 5.1 5.1 5.2 5.1 5 4.8 4.5 4.2 4 4 4.1 4.1 4.1 4.1 4 3.9 3.8 3.7 7.8 3.1 2.9 2.9 2.7 2.6 2.4 2.3 2.1 3.8 2.6 3.1 3.2 3.4 3.9 3.6 3.6 3.6 3.6 3.7 3.7 3.7 3.8 3.8 3.9 4 3.8 3.7 3.8 3.7 3.5 3.2 3.1 3 2.8 2.8 3 3.1 3.1 3.2 3.8 4.7 5.2 5.7 6 6.5 7.9 6.8 5.6 4.6 3.5 3.1 2.8 2.4 2.4
4.8 4.7 4.6 4.5 4.3 4.1 3.9 3.9 4.1 4.2 4.4 4.5 4.6 5.4 6.9 9.8 10.7 5 3.5 3.8 4.7 5 5.2 5.3 5.3 5.1 5 4.8 4.5 4.1 3.8 3.4 4 4 4 3.8 3.8 3.7 3.6 3.5 3.3 8 3 2.7 2.8 2.7 2.5 2.3 2.1 4.7 1.6 2.2 2.9 3.1 3.3 3.7 3.6 3.5 3.5 3.5 3.6 3.6 3.6 3.7 3.7 3.8 3.9 3.6 3.4 3.5 3.6 3.5 3.2 3 2.9 2.9 3.1 3 3 3 3 3.2 3.6 3.9 5.1 5.8 6.8 7.2 6.6 5.7 4.7 3.7 3.1 2.8 2.5 2.4
4.7 4.7 4.5 4.4 4.3 4.1 3.9 4 4.1 4.3 4.5 4.6 4.7 5.5 7.8 10.7 12.2 12.2 4 4.3 4.8 5.1 5.2 5.3 5.1 4.8 4.7 4.4 4.1 3.7 3.4 3 3.9 3.9 3.7 3.6 3.5 3.4 3.3 3.2 2.9 8.3 2.5 2.4 2.6 2.7 2.8 2.6 4 2.8 1.6 1.8 2.5 3.1 3.2 3.5 3.9 3.5 3.4 3.4 3.5 3.5 3.6 3.6 3.6 3.9 3.6 3.3 3.2 3.2 3.4 3.4 3.2 3 3 3 3 2.9 3.3 2.9 3.4 3.1 3.2 3.6 4 6 6.3 5.7 6.8 6.4 4.7 3.6 3.7 3 2.7 3.2
4.6 4.6 4.5 4.4 4.2 4.1 3.9 4 4.2 4.3 4.5 4.7 4.8 5.4 7.6 10.4 12.2 10.5 4.6 4.7 4.7 4.7 4.8 4.8 4.8 4.5 4.3 4 3.6 3.5 3.6 3.6 3.9 4 3.8 3.6 3.5 3.3 3.2 3 3 9 2.1 2.2 2.3 2.5 2.6 3 1.5 2.6 2.8 3.5 2 2.7 3.1 3.3 4 3.4 3.4 3.3 3.4 3.4 3.4 3.5 3.7 3.9 3.4 3.1 3 2.9 3.1 3.1 2.8 2.9 2.8 3.5 3.2 2.1 2.6 2.9 3.7 4.1 2.9 3.5 3 4.9 7.3 7.3 7.3 7.1 6.8 6.6 6.2 5.4 4.6 3.8
4.6 4.5 4.4 4.4 4.2 4 3.9 4 4.2 4.3 4.5 4.7 4.8 5.2 7.3 9.6 11.6 12.7 9.2 4.4 4.5 4.4 4.4 4.3 4.3 4.2 3.9 4 4 4.1 4.1 4.2 3.9 4.3 3.9 3.7 3.6 3.4 3.3 3.3 3.2 9.4 3 3.1 2.2 2.2 2.3 3 3.1 3.2 3 3.2 3.1 2.4 3 3.1 4.2 3.5 3.3 3.3 3.3 3.3 3.3 3.6 3.8 3.7 3.2 3.7 4.8 6 6.3 6.6 7.1 7.2 6.3 2.5 3 3.1 2.8 2.8 2.6 4.8 3.1 2.8 3 3.3 3.5 4.2 4.2 4.3 4.2 3.7 3.8 3.6 3.7 3
4.5 4.5 4.3 4.3 4.2 4 3.9 4 4.2 4.4 4.5 4.7 4.9 4.7 6.7 9 11 12.4 9.8 4 4.2 4.3 4.2 4.1 4 4 4.3 4.5 4.6 4.7 4.7 4.8 4.6 4.6 4 3.8 3.6 3.5 3.5 3.5 3.5 9.8 2.9 2.7 2.5 2.4 3.2 1.9 1.9 2.9 2.8 2.8 2.8 2.8 2.8 3.1 3.2 3.3 3.3 3.3 3.3 3.2 3.7 2.4 2.4 2.4 2.4 2.5 2.4 2.4 2.6 2.6 2.7 2.8 2 2.2 3.1 3.2 2.7 2.2 1.3 2.6 3.1 2.6 2.7 3 3.2 3.5 3.7 3.8 3.7 3.5 3.7 3.6 3.7 3.1
4.5 4.4 4.2 4.2 4.1 4 3.9 4 4.2 4.4 4.5 4.7 4.7 4.2 5.7 8.1 9.9 11.2 12 3.8 4 4.1 4.1 3.9 3.9 3.8 4.1 4.4 4.7 5.1 5.3 5.3 5.3 4.9 4.3 3.9 3.8 3.8 3.7 3.6 3.4 10.3 3.5 3 2.4 3.3 2.5 2.8 2.8 2.8 2.8 2.8 2.8 2.8 2.8 3 3.2 3.3 3.4 3.3 3.3 3.5 2.6 2.6 2.5 2.5 2.4 2.5 2.4 2.6 2.8 2.8 2.9 2.2 2.4 2.4 3.1 3.3 2.7 2.2 1.9 1.5 2.4 2.6 2.6 2.8 3 3.2 3.2 3.3 3.3 3.3 3.5 3.5 3.6 3.4
4.4 4.4 4.2 4.1 4.1 3.9 3.9 4.1 4.2 4.4 4.6 4.6 4.3 3.8 4.5 7 8.9 9.8 11.3 11.1 3.9 3.8 3.8 3.8 3.7 3.7 3.9 4.3 4.6 4.9 5.2 5.5 5.8 4.9 4 3.8 3.8 3.8 3.7 3.7 3.6 10.3 3.1 3.4 3 2.8 2.5 2.5 2.6 2.8 2.8 2.9 2.9 2.8 2.8 3 3.2 3.3 3.5 3.3 3.2 3.4 2.8 2.8 2.7 2.6 2.6 2.5 2.7 2.7 2.9 3 2.6 2.6 2.7 2.7 3.2 3.3 2.7 2.3 2 1.7 1.6 3.5 2.5 2.7 2.9 2.9 2.9 3 3.1 3.2 3.4 3.4 3.4 3.5
4.3 4.3 4.2 4 4.1 3.9 3.9 4.1 4.2 4.4 4.6 4.3 3.9 3.5 3.9 5.9 8.1 9.3 10.7 11.4 3.9 3.5 3.3 3.5 3.6 3.5 3.8 4.1 4.4 4.7 5 5.2 5.1 4.5 3.4 3.5 3.7 3.6 3.6 3.5 3.3 10.6 3.1 3.9 2.4 2.4 2.7 2.8 2.7 2.7 2.8 2.9 3 2.9 2.9 2.9 3.1 3.3 3.5 3.4 3.3 3.1 3 2.9 2.9 2.8 2.7 2.6 2.6 2.6 2.9 2.8 2.9 3 3.1 3 3.3 3.2 2.8 2.5 2.3 2.3 2.1 1.8 2.3 2.6 1.1 3.2 3.2 3.2 3.3 3.3 3.3 3.3 3.3 3.6
4.2 4.3 4.2 3.9 4 3.9 3.9 4.1 4.3 4.4 4.3 4 3.6 3.7 3.7 3.1 4.7 7 7.6 8.9 6.6 3.1 2.7 3.1 3.4 3.4 3.6 3.9 4.2 4.4 4.7 4.7 4.4 4 3.2 3.2 3.4 3.5 3.4 3.4 3.1 3.1 2.9 2.8 2.6 2.6 2.7 2.9 2.8 2.6 2.7 2.9 3 3 2.9 2.9 3.1 3.4 3.6 4.8 3.6 3.4 3.2 3.1 3 2.9 2.8 2.7 2.6 2.8 1.5 3.1 3.3 3.4 3.4 3.4 3.4 3.3 3 2.9 2.7 2.4 2.2 1.9 2.3 2.3 2.2 2.1 2.1 2.2 1.7 1.6 1.1 2.8 2.9 2.4
4.1 4.2 4.2 3.8 3.8 3.8 3.9 4.1 4.3 4.3 4.1 3.8 3.8 3.9 3.5 3.2 3.2 2.9 3 3.7 4.7 3.7 2.5 2.9 3 3.2 3.4 3.6 3.9 4.1 4.1 4.1 3.8 3.5 3.4 3.3 3.3 3.3 3.3 3 5.7 9.9 6.4 2.7 2.8 2.8 2.8 3 3 2.7 2.6 2.8 3 3.1 2.9 2.8 3 5.1 3.7 3.7 7 3.9 3.4 3.2 3.1 3 2.9 2.8 2.7 2.7 2.9 3.3 3.6 3.8 3.8 3.8 3.7 3.5 3.2 3 2.8 2.5 2.3 2 2.4 2.4 2.2 2.2 2.6 0.2 1.4 0.7 2.1 2.6 2.7 2.3
4 4.2 4.1 3.8 3.7 3.8 3.9 4.1 4.2 4.1 4 3.9 4 3.8 3.5 3.3 3.1 2.8 2.5 3.3 3.6 3.7 2.7 3.1 3.3 3 3.1 3.3 3.5 3.5 3.5 3.4 3.1 3.2 3.1 3.8 3.5 3.8 3 2.8 2.9 6.1 8.3 3 3 3 3 3 3.1 2.9 2.5 2.6 2.8 3.1 2 5.7 6.3 3.7 5.2 3.5 3.9 7.5 3.7 3 3.2 3.2 3 2.9 2.8 2.6 3 3.5 4 4.1 3.9 3.7 3.5 3.3 3.3 3.1 2.9 2.6 2.4 2.1 2.4 2.5 2.2 2.2 4.5 1 1.8 1.6 1.6 2 2.1 1.9
4.1 4.2 4.1 3.9 3.7 3.7 4.2 3.9 4 4.4 4 4.1 3.9 3.7 3.5 3.3 3.1 2.7 2.5 2.9 3.1 3.2 3.3 3.9 4.1 3.4 4.7 5.3 6.4 7 6.9 7.9 9.7 11.9 7.4 3.5 3.1 3 3 3 2.8 2.8 10.2 3.3 3.2 3.2 3.2 3.1 3.3 3.1 2.7 2.5 2.7 3.2 7.4 2.8 3.5 4.8 3.7 7 3.6 4.7 7.5 2.8 2.9 3.1 3.2 3.1 2.2 2.5 2.9 3.3 3.8 4.2 3.8 3.6 3.3 3.1 3 3.1 3 2.7 2.5 2.2 2.5 2.7 0.9 4.3 0 2 2.1 1.9 1.7 1.5 1.6 1.7
4.3 4.2 4.2 4.1 3.9 3.7 4.1 5.3 8.5 11.5 10.6 9.7 8.1 7.1 6.2 5.3 4.5 4.6 5.2 6.3 8.1 9.9 11.4 12.9 14 14.6 15.5 16.5 17.6 19.5 21.1 19.4 11.7 4.4 3.8 3.2 3 3 3 3.2 3.2 3.1 9.9 3.1 3.2 3.4 3.4 3.3 3.3 3.2 2.9 2.6 2.8 5.5 7.4 5 3.1 4.5 2.5 2.4 3.1 3.6 10.7 2.8 3 3.1 3.1 1.8 2.3 2.6 2.8 3 3.3 3.7 3.7 3.4 3.1 2.9 2.6 2.7 2.8 2.8 2.6 2.3 2.6 2.8 1.3 2 2.2 2.4 2.5 2.3 2 1.9 1.9 1.9
4.5 4.3 4.4 4.3 4.1 4 3.7 4.7 9.1 19.9 24.9 23.7 22.1 21 21.2 19 15.5 15.3 14.6 16.2 18.2 20.2 21.8 23.3 24.7 25.1 25.1 24.8 24.6 23.3 15.6 9.2 4.3 3.4 3.2 3.1 3 3.1 3.1 3.1 3.2 3.5 9.2 2.3 2.6 3 3.3 3.5 3.5 3.4 3.1 2.4 4.5 3.8 3.1 2.9 4.2 1.8 1.4 1.4 2.1 3.2 10.6 3.2 3.4 3.3 3.1 2.3 2.6 2.8 3 3.2 3.5 3.7 3.5 3.2 3 2.7 2.4 2.2 2.5 2.5 2.5 2.5 2.6 1.2 1.4 2.4 2.6 2.7 2.8 2.6 2.4 2.4 2.4 2.4
4.7 4.5 4.4 4.4 4.3 4.2 3.7 4 8.5 21 29.2 32.7 33 32.2 31.4 30.1 27.3 26.7 22.3 19.2 19 21.5 23.2 24 25 25.8 26.3 26.5 21.6 12.9 5.3 3.7 3.4 3.3 3.3 3.3 3.2 3.1 3 3 3.1 3.1 6.3 4.4 2.6 2.8 3 3.2 3.4 3.4 2.1 1.9 3.2 3.2 4.9 2.8 2.8 3.5 1.4 1.4 3.9 5.7 7.5 4.2 5.9 3 2.3 2.6 2.8 3 3.2 3.4 3.5 3.4 3.3 3.1 2.8 2.5 2.2 2 2.1 2.2 2.2 0.9 1.4 1.5 1.5 2.8 3.1 3.1 3.1 3 2.9 2.9 2.9 2.9
4.9 4.8 4.6 4.6 4.5 4.4 4 3.5 7.8 21.8 32.4 37.6 38.5 38 38.4 38 35.8 30.4 23.1 18.4 17.1 18.8 21.6 23.8 24.9 25.3 25.5 18.3 9.2 4.3 3.5 3.4 3.4 3.3 3.2 3.2 3.2 3.2 3.1 3 3 3 2.8 7.9 2.7 2.7 2.9 3.1 3.2 3 2.6 2.9 1.1 2.5 2.4 2.4 2.5 2.3 1 1.7 1.7 3.5 1.3 1.9 2.5 2.4 2.9 2.8 3 3.2 3.4 3.3 3.3 3.2 3 2.9 2.6 2.4 2.1 1.8 1.5 1.8 1.2 1.3 1.5 1.6 1.6 2.6 3.2 3.2 3.4 3.4 3.3 3.2 3 2.9
5.1 5 4.8 4.6 5.6 11.5 18.3 5.8 7.4 22.6 32.7 39.6 40.2 40.1 38.2 37.7 36.5 30.4 23.9 17.6 15.3 16.1 18.5 21 22.5 20.6 14.6 5.1 3.5 3.4 3.4 3.4 3.3 3.3 3.2 3.2 3.2 3.1 3.1 3.1 3 3 2.9 7.3 2.7 2.9 2.9 3 2.8 2.5 2.9 3.6 2.8 2.7 2.5 2.3 2.4 2.4 1.9 1.9 1.9 2 4.3 2.3 2.8 2.6 2.2 3.1 3.2 3.3 3.2 3.2 3.1 2.9 2.8 2.9 2.7 2.2 2 1.7 1.1 1.2 1.3 1.4 1.5 1.6 1.6 1.1 2.4 3.2 3.6 3.3 3.2 3 2.9 2.7
5.1 5.1 5 8.1 17.6 14.8 15.3 9.7 7.2 21.4 31.3 37.8 38.4 34 33.4 33.7 32.7 28.8 24.6 17.5 13.4 13 12.9 13.4 14.2 9.1 4.4 3.9 3.5 3.7 3.5 3.3 3.3 3.2 3.2 3.1 3.1 3.1 3.1 3.1 3 3 3 7 3 4.1 2.8 2.8 2.9 3.2 5 3 3 3 3 6.9 3.2 2.5 3.8 3 1.9 7.1 2.2 2.6 2.6 2.5 2.3 2.1 3.1 3.1 3 3 2.9 2.8 2.8 2.7 3.6 2.7 1.9 1.2 1.3 1.3 1.4 1.4 1.6 1.5 1.3 2 2.7 3.5 3.8 3.3 3.1 3 2.8 2.7
4.7 4.9 12.2 17.7 15.1 15.5 15.9 13.8 5 18.8 28 33 31.5 29.1 29.3 29.6 29.1 28.9 27.3 19.7 12 4.8 3.8 7.1 4.5 4.1 3.9 3.8 3.9 3.8 3.6 3.4 3.3 3.2 3.1 3.1 3 3 3 3 3 3 3 5.8 3.6 4.8 3.6 3.1 3.9 6.5 7.4 3.1 3 3.1 3.1 7.2 3.4 2.9 1.9 1.9 8 2 2.4 2.6 2.5 2.4 2.3 2.3 2.2 3 2.9 2.8 2.8 2.7 2.6 2.5 2.5 2 1.6 1.3 1.4 1.4 1.5 1.5 1.2 0.9 3.1 2.7 3 3.8 3.8 3.2 3.1 3 2.8 2.7
8.7 16.8 13.3 13.7 14.9 15.3 15.7 16.2 11.7 11.4 22.6 27.4 27 26.3 26.3 25.5 27.8 30.1 25.1 18.3 15.5 4.3 4.1 4.6 4 4.6 3.6 3.7 4.1 3.9 3.7 3.5 3.3 3.2 3.1 3 3 2.9 2.9 2.9 2.9 2.9 2.9 2.7 6.1 5.8 3.6 3.1 1.7 1.5 2.9 2 2 5 7 7 2.8 1.3 2 7.2 2 2.2 2.5 2.6 2.6 2.5 2.4 2.3 2.3 1.7 2.8 2.7 2.7 2.6 2.4 2.2 2.7 3.3 2.2 1.4 1.5 1.5 1.5 1.6 2.5 3.9 3.4 3.5 3.5 4.1 3.8 3.2 3.1 2.9 2.8 2.6
8.6 12.8 13.6 14 14.6 15.1 15.5 15.6 15.7 6.2 17.4 18.8 21.3 23.1 22.4 22.1 24.6 24 19.2 14 9.6 4 4.1 3.8 3.4 3.9 3.7 4.2 4.2 4 3.8 3.6 3.4 3.3 3.1 3 2.9 2.9 2.9 2.9 2.8 2.8 3 3.1 5.8 4.9 4.5 2.6 2.5 2.8 3.1 2.4 4 4.6 5.7 4.8 2.8 3.1 2 2.2 0.8 2.5 2.4 2.5 2.6 2.6 2.5 2.4 2.3 2.3 0.4 2.5 2.7 1.5 2.6 2.7 2.8 3.3 2.8 1.8 1.6 1.9 2.2 2.5 3.4 5.3 3.7 3.4 3.9 4.3 3.7 3.2 3 2.9 2.7 2.6
7.2 12.8 14 14.5 14.4 14.7 14.9 15 14.9 8.9 7.7 9.5 9.2 15.1 17.2 18.5 18.2 16.8 12.1 7.2 3.7 4.2 5.1 7.7 3.4 3.7 3.9 4.2 4.1 4 3.9 3.7 3.5 3.4 3.2 3 2.9 2.8 2.8 2.8 2.8 2.8 3 3 5.5 2.1 7.8 3.4 3.5 3.8 3.9 2.6 2.9 3.1 2.9 4.5 4.8 3.2 2.4 0.8 2.2 2.5 2.5 2.4 2.5 2.6 2.5 2.5 2.4 2.4 2.4 0 2.5 2.9 3.1 3.2 3.3 3.3 3.1 2.3 1.8 2 2.4 2.8 4 4.4 4 3.3 3.7 3.9 3.7 3.1 3 2.8 2.7 2.5
