data/460000-1210000.asc
ncols 200
nrows 200
xllcorner 460000
yllcorner 1210000
cellsize 50
[rows 74 to 110 of 200, columns 0 to 83 of 200]
142.3 141.7 142.6 143.2 140.8 132.8 124.7 119.3 119.7 120.4 121.3 122 121.5 121.5 118.1 113.2 108.4 103.5 97 91.5 85.1 80.1 76.6 72.3 65.2 59.5 67.3 69.4 58.6 43.7 20.4 6.7 -0.8 -0.8 -0.8 -0.8 -0.8 -0.8 -0.8 -0.8 -0.8 -0.8 -0.8 -0.8 -0.8 -0.8 -0.8 38.6 103 120.5 131 146.4 159.6 169.7 176.5 183.2 189.2 195 201.4 206.8 211.9 217.9 226.4 233.6 235.3 236.9 237.8 235.6 232 224.9 217.9 208.9 199.9 191.3 183.1 174.9 166.5 160.2 154.2 148 141.8 135.9 129.9 122.7
140.1 140.5 141 141.8 139.7 135.9 128.2 123.9 122.2 121.1 121.5 121.7 120.9 119.9 115.1 110.3 105.4 100.4 93.7 87.7 81.7 76.5 73.5 69.5 66.8 67.6 70.6 66.4 56.5 41.9 24.4 6.5 -0.8 -0.8 -0.8 -0.8 -0.8 -0.8 -0.8 -0.8 -0.8 -0.8 -0.8 -0.8 -0.8 -0.8 -0.8 68.8 95.8 114.7 128.6 141.7 154.5 161.6 168.8 175.6 181.9 187.9 194.4 199.5 205.3 211 217.1 224.1 228.7 230.4 231.5 230.6 227.2 220.4 214.1 205.5 197.7 190.2 182 173.6 165.2 158.8 153.2 147.6 141.4 135.4 128.2 121.1
138.2 138.9 140.3 140.5 138.1 135.8 130.2 127.7 125.7 122.8 120.9 121.3 119.7 117 112.3 107.3 102.4 97.1 90.8 85.2 79.9 74.7 70.7 66.7 63.3 64 67.6 61.6 53 38.8 23 -0.8 -0.8 -0.8 -0.8 -0.8 -0.8 -0.8 -0.8 -0.8 -0.8 -0.8 -0.8 -0.8 -0.8 -0.8 -0.8 -0.8 74.7 104.6 122.2 135.9 147.1 154 160.9 168 174.5 180.9 187.2 193 199.2 204.7 210.2 214.9 219.9 222.7 223.7 221.5 220 215.6 209.3 203 196.1 188.6 180.8 172.2 163.9 157.3 151.7 146.1 140.5 133.6 126.4 119.2
136.2 133.8 135.9 137.7 135.5 133.3 130.6 127.7 124.6 121.7 120.2 118.4 116.3 114.2 109.4 104.8 100.1 95.9 90.7 84.1 78.6 73 68.3 65.5 62.9 61 59.9 54.6 45.2 32.1 17.5 -0.8 -0.8 -0.8 -0.8 -0.8 -0.8 -0.8 -0.8 -0.8 -0.8 -0.8 -0.8 -0.8 -0.8 -0.8 -0.8 -0.8 70.8 97.8 113.9 128.5 139.8 147.3 153.5 160.4 167 173.6 181.8 189.1 196.2 198.9 204 208.5 210.1 211.6 212.9 212.2 210.2 207.6 201.9 195.7 189.3 183 177.5 170.9 162.6 155.9 150.3 144.3 138.1 131.2 124.2 117
133.7 131.1 130.6 132.2 131.6 130.3 128.1 125.3 122.4 119.6 118 116.2 114.3 112.4 108 103.3 98.7 94.7 90.5 83.1 77.8 72.9 68 64.9 62.6 60.9 58 49.3 35.6 24.5 9.8 -0.8 -0.8 -0.8 -0.8 -0.8 -0.8 -0.8 -0.8 -0.8 -0.8 -0.8 -0.8 -0.8 -0.8 -0.8 -0.8 -0.8 -0.8 86.4 104.1 120.7 132.1 140.6 146.6 152.6 158.9 168.3 177.7 186 193.3 196.1 198.8 202.4 203.4 204.2 205.1 203.3 201 199 194.4 188.4 182 176.2 171.4 165.7 160.6 154.3 148.1 141.9 135.6 128.7 121.8 114.9
135.4 130.9 129.4 126.9 126.8 126.7 124.3 121.5 118.3 115.9 115.2 114.2 112.9 110.8 106.4 101.9 97.2 93.5 90.6 84.6 78 72.9 67.9 64.3 62.6 60.8 60.6 52.8 34.6 19.5 -0.8 -0.8 -0.8 -0.8 -0.8 -0.8 -0.8 -0.8 -0.8 -0.8 -0.8 -0.8 -0.8 -0.8 -0.8 -0.8 -0.8 -0.8 -0.8 76.2 95.5 112.5 125.5 132 132.2 143 154.4 164.3 173.5 182.1 190.2 193.3 197 198.7 198.8 198.7 199 197.5 194.6 190.8 186.5 180.9 174.7 170.3 165 158.6 154.6 149.8 145.1 139.3 133.1 126.1 118.8 111.5
136.2 132.4 128.1 123.7 122.2 122.3 120.5 116.9 114.1 112.3 112.1 111.3 110.4 108.9 104.7 100.3 96 93.2 90.5 86.5 78.9 72.7 68.3 66.8 64.5 63.2 64.1 52 33.9 16.4 -0.8 -0.8 -0.8 -0.8 -0.8 -0.8 -0.8 -0.8 -0.8 -0.8 -0.8 -0.8 -0.8 -0.8 -0.8 -0.8 -0.8 -0.8 -0.8 75.3 89.3 104 113.6 118.2 120.1 139.8 150.3 160.4 169.4 178 186.4 192.3 195.9 196.7 196.2 194.8 193.6 192.1 188.7 184.2 178 172.3 166.8 162.8 157.7 152.6 148.7 142.2 140.6 134.3 126.3 120 112.5 109.7
137.3 133.7 129.6 124.6 121.8 118.4 115.8 111.7 111.3 109.2 109 108.5 107.5 105.6 101.7 97.6 94.7 93.7 91.2 86.2 78.4 72.1 68.5 67.7 68.4 68.8 63.3 50.1 32 9.5 -0.8 -0.8 -0.8 -0.8 -0.8 -0.8 -0.8 -0.8 -0.8 -0.8 -0.8 -0.8 -0.8 -0.8 -0.8 -0.8 -0.8 -0.8 1 47.8 73.1 78 89.6 102.7 124 136.1 146.2 156.4 164.8 173.6 182.1 188.8 192.7 194.1 193.3 193.6 192.6 191.1 187 179.7 175.6 172.2 169.4 163.3 158.9 154.9 150.4 144.9 139.3 132.8 126.2 121 114.9 110.3
137.8 134.4 130.6 125.9 121.9 117.4 112.7 109.6 107.7 106.1 105.9 105.6 104.1 102.2 98.9 95 92.3 91.3 89.5 83.6 77.3 71.9 68.2 67.5 69 70.2 62 47.1 25.6 -0.8 -0.8 -0.8 -0.8 -0.8 -0.8 -0.8 -0.8 -0.8 -0.8 -0.8 -0.8 -0.8 -0.8 -0.8 -0.8 -0.8 -0.8 -0.8 0.2 25.6 46.8 50.4 68.1 94.9 120.1 132 142.3 151.3 158.8 167.8 176.8 183 188.9 190.9 192.4 192.8 191.7 190.1 186.8 181 180.1 179 176.5 172 166.6 161.6 155.3 148.9 142.8 136.9 130.6 125.6 120 117.1
137.6 134.7 131.2 126.3 123.1 119.7 115.2 110.9 105 102.8 102.3 102.9 101.6 99.1 95.4 92.3 90 87.7 86.1 80.4 75.1 70.5 68.3 67.4 69.5 71.7 58.4 45.6 29.2 13 -0.8 -0.8 -0.8 -0.8 -0.8 -0.8 -0.8 -0.8 -0.8 -0.8 -0.8 -0.8 -0.8 -0.8 -0.8 -0.8 -0.8 -0.8 0.6 1.4 50.6 65.2 82.6 103.1 117.5 128.2 138.5 145.9 152.6 161.9 170.8 179.2 183.9 189.8 191.6 192.1 191.3 190.7 188 188.4 189.7 187.4 184.4 178.9 172.9 166.6 160.2 153.8 147.5 141.1 135.6 130.6 125 120.3
137.7 134.4 130.7 126.6 123.4 120 116.1 112.1 108.6 105.4 97.8 99.7 98.4 95.5 93.4 90.9 87.7 84.6 82 78.3 73.7 69 67 67.3 69.5 67.7 55.8 43.3 29 15.4 -0.8 -0.8 -0.8 -0.8 -0.8 -0.8 -0.8 -0.8 -0.8 -0.8 -0.8 -0.8 -0.8 -0.8 -0.8 -0.8 -0.8 -0.8 0.8 47 52.5 70.7 79 96.6 111.2 125 134.2 142.2 150.7 160.5 170.6 179.7 184.7 189.5 192.1 193.5 193.8 193 195.2 197.8 198.6 195.6 191.7 185.2 178.7 172.4 166.1 159.7 153.3 146.9 140.7 135.7 130 128.2
137.4 134 130.3 126.8 123 119.2 115.3 111.3 107.4 104.3 101.5 98.8 92 88.5 88.3 87.2 84.1 81.4 79.3 75.8 71.9 67.2 63 63.4 65.7 63.4 50.5 35.8 17.8 10 -0.8 -0.8 -0.8 -0.8 -0.8 -0.8 -0.8 -0.8 -0.8 -0.8 -0.8 -0.8 -0.8 -0.8 -0.8 -0.8 -0.8 -0.8 1 60.5 71.1 82.3 90.5 102.1 112.9 123.1 131.9 141.7 150.5 160.4 170.4 178.6 186.2 191 193.3 195.8 196.4 200.4 203.7 207.3 206.6 203.4 197.6 191 184.4 178.2 171.9 165.5 159.2 152.8 146.2 140.8 135.8 134.4
136.2 133.1 129.8 126.1 122.3 118.5 114.6 110.6 106.7 103 100.4 98.3 94.3 90.4 84.2 78.8 79.9 78.4 76.4 72.2 68.7 64.5 60.2 55.3 51.3 45.1 34.1 25.4 24.4 6.2 -0.8 -0.8 -0.8 -0.8 -0.8 -0.8 -0.8 -0.8 -0.8 -0.8 -0.8 -0.8 -0.8 -0.8 -0.8 -0.8 -0.8 -0.8 22.9 53.7 64.6 79.7 87.2 94.3 105.3 119.9 131.1 141.2 151.3 161.2 171 178.2 185.3 192.5 195.3 198.9 203.7 207.9 212.7 214.6 213.7 209.2 203 196.7 190.1 184 177.7 171.4 165 158.6 151.9 145.8 142.6 140.3
134.8 131.3 127.7 124.4 121.2 117.7 113.8 109.9 106 102.1 99.1 95.8 92.3 86.2 89.3 82.9 73.4 72.9 70.6 66.4 59.4 58.7 52.6 48.7 54.9 55.1 41.1 31 34.4 -0.8 -0.8 -0.8 -0.8 -0.8 -0.8 -0.8 -0.8 -0.8 -0.8 -0.8 -0.8 -0.8 -0.8 -0.8 -0.8 -0.8 -0.8 0.8 1.1 34.5 42.7 57.9 74.3 86.2 102.1 122.4 133.1 143.3 153.5 163.4 172.9 181.6 188.4 195.3 199.8 204.9 210.2 215.4 219.1 222.7 220.8 214.6 208.5 202.3 195.8 189.7 183.5 177.2 170.9 164.3 157.3 151.9 150.4 147
132.4 128.9 125.4 122 118.8 115.5 112.3 108.2 104.2 100.3 96.1 91.6 87.7 91 90.3 86.2 79.8 75.1 73.2 68.7 63.8 60.2 57.6 58.1 67.5 57.4 40.7 -0.8 -0.8 -0.8 -0.8 -0.8 -0.8 -0.8 -0.8 -0.8 -0.8 -0.8 -0.8 -0.8 -0.8 -0.8 -0.8 -0.8 -0.8 -0.8 0.3 1.1 12 56.1 63.9 78.2 87.4 99.1 111.5 125.2 135.2 145.4 155.6 165.5 174.9 184.2 191.8 198.8 205.2 210 215.4 221.6 226.4 229.1 225.1 219.3 213.5 207.7 201.6 195.3 189.3 183 176.7 168.9 160.8 157 156.1 155.3
129.9 126.2 122.6 119.2 115.9 112.7 109.6 105.9 101.9 97.1 91.6 88.6 91.5 92 88.6 84.8 81.4 78.3 74.6 71.4 66.7 63.4 61.7 65.7 72.2 57.9 32.7 -0.8 -0.8 -0.8 -0.8 -0.8 -0.8 -0.8 -0.8 -0.8 -0.8 -0.8 -0.8 -0.8 -0.8 -0.8 -0.8 -0.8 -0.8 -0.8 16 34.3 45.4 70.9 82.9 92.4 100.9 109.8 119 127.3 137.3 147.5 157.7 167.5 176.8 186.1 195.1 202.2 209.1 215.2 221.5 227.7 231.5 231.5 229.3 223.5 217.8 211.3 205.5 200.4 194.5 187.2 179.5 172 164.8 162.1 161 159.5
126.5 123.2 119.6 116.4 113.2 110 106.8 103.5 99.4 92.7 91.5 92.7 90.3 91.2 89.1 85.6 82.3 79.6 76.4 73.5 69.8 66.5 64.8 65.5 67.8 57.5 44.1 46 34.2 -0.8 -0.8 -0.8 -0.8 -0.8 -0.8 -0.8 -0.8 -0.8 -0.8 -0.8 -0.8 -0.8 -0.8 -0.8 -0.8 -0.8 47.4 67.6 70.9 71.2 82.3 96.5 105.2 113.8 121.5 129.4 139.4 149.6 159.8 169.4 178.7 188 196.6 204.7 211.8 219.3 226.5 231.1 233.3 232 230.3 225.4 219 213.7 208.9 204.9 197.5 189.9 182.3 174.7 167.6 165.6 164.5 163.2
123.1 119.7 116.6 113.5 110.3 107.1 104 100.8 96.4 92.6 94.4 95.9 93.6 90.7 89.8 86.4 83.2 80.1 78.3 75.7 72.1 69.3 67.8 66.5 68.2 60.9 50.8 48.3 32.7 17 -0.8 -0.8 -0.8 -0.8 -0.8 -0.8 -0.8 -0.8 -0.8 -0.8 -0.8 -0.8 -0.8 1.1 2.6 58.2 74.5 81.8 86.4 87.4 87.5 99.2 108.5 115.7 123.6 131.5 141.5 151.7 161.9 170.7 179.5 187.3 195.3 204.5 213 220.2 227.3 230.7 233 232.1 230 224.7 219.8 217 212.6 207.5 200.2 192.6 185 177.4 169.9 168.3 166.6 164.6
119.8 116.2 113.7 110.7 107.6 104.4 101.3 98.2 95.7 94.6 96.6 98.4 95.6 93.2 91.9 88.3 84.9 82 80 78 74.4 71.6 69.7 68.6 68.5 61.6 52 42.6 28.9 -0.8 -0.8 -0.8 -0.8 -0.8 -0.8 -0.8 -0.8 -0.8 -0.8 -0.8 -0.8 -0.8 -0.8 1.6 47.2 74.2 81.4 88.1 92.3 95.8 97.2 97.6 111 117.7 125 133.7 143.7 153.8 162.3 169.9 178 185.9 194.3 202.7 211 219.3 226.3 230 231 231.4 228.7 223.5 218.2 214.9 212.3 206.8 199.7 193 185.6 178 171.6 167.9 165.9 164.7
114.6 112.8 110.7 108 104.9 101.8 98.7 96.1 96.1 97.6 99.5 100.8 98.4 95.9 94 90.4 86.9 84.4 82 79.7 77 74 71.2 69.7 68.3 61.7 49.9 35.8 24.7 -0.8 -0.8 -0.8 -0.8 -0.8 -0.8 -0.8 -0.8 -0.8 -0.8 -0.8 -0.8 -0.8 -0.8 6.3 50.1 74.1 82.7 90.8 95.3 100.6 103.1 105.8 114.1 120.8 127.2 134.8 144.8 154.8 161.8 169.5 177.1 184.5 191.9 200.2 208.5 216.9 223.4 226.3 226.4 226.3 222.3 219.1 214.9 211.2 208.7 204.4 197.2 190.4 183.4 175.8 171.5 167.7 165.9 164.9
111.2 109.2 106.6 104 101.9 99.2 96.1 94.6 97.8 99.8 100.3 101.2 100.8 98.7 96.1 92.4 89 86.2 84 81.6 76.9 72.5 70.1 65.9 60.3 53.8 46.7 -0.8 -0.8 -0.8 -0.8 -0.8 -0.8 -0.8 -0.8 -0.8 -0.8 -0.8 -0.8 -0.8 -0.8 -0.8 -0.8 1.8 47.5 77.9 84.8 91.9 98.5 104.2 109 113.7 117 123 129.1 136.4 145.2 154.1 161.3 168.1 174.8 181.6 188.3 196.1 204.3 212.6 219 221.9 220.5 218.6 215 212.4 209.7 206.9 203.1 198 193 186.8 179.7 171.6 167.6 164.3 164.2 164
107.8 105.1 102.5 99.9 97.3 95.3 93.2 96.4 99.5 100.4 100.9 101.5 101.5 100.9 98 94.2 90.7 88.2 85.7 83.2 77.6 72.1 66.8 59.7 47 37.6 30.2 -0.8 -0.8 -0.8 -0.8 -0.8 -0.8 -0.8 -0.8 -0.8 -0.8 -0.8 -0.8 -0.8 -0.8 -0.8 1.1 50.1 70.2 77.4 86.2 91.6 99.9 107.4 112.3 116.6 119.9 125.6 131.2 138 146.4 152.7 158.4 165.2 172 178.6 185.1 192.6 200.5 207.8 211.8 214 212.5 210.6 207.3 203.9 200.4 197 193.4 188.5 183.7 178.8 173.2 167.1 164.3 161.3 160.8 159.4
103.6 101 98.4 95.8 93.1 90.7 93.4 97.7 100.5 101.1 102.4 103.7 104.6 102.7 100 96 91.9 89.9 87.5 84.4 78.2 72.3 67 60.2 49.1 33.3 -0.8 -0.8 -0.8 -0.8 -0.8 -0.8 -0.8 -0.8 -0.8 -0.8 -0.8 -0.8 -0.8 -0.8 -0.8 -0.8 7.5 65 74.3 81.7 87.7 93.9 101.3 108.8 113.5 118.1 122.7 127.4 132 139.9 147.5 151.9 156.1 162.4 169.1 175.6 182.1 187.8 193.5 199.2 202.3 204 203.5 200.7 195.6 190.4 187.3 184.3 181.7 178.9 173.7 168.5 163.7 160.9 158.6 157.2 156.3 154.9
100 97.4 94.7 92.1 89.5 88.5 92.8 97 101 103.1 104.9 106.2 107.6 105.1 101.7 97.2 93.5 91.7 89.3 84.8 78 72.7 65.7 47.1 36.7 23.4 -0.8 -0.8 -0.8 -0.8 -0.8 -0.8 -0.8 -0.8 -0.8 -0.8 -0.8 -0.8 -0.8 -0.8 -0.8 1.1 3.7 65.7 75 83.4 89.2 96.3 103.4 110.2 114.8 119 123.2 128 133.7 140.8 146.3 150.7 155.1 159.5 166.2 171.8 176.5 181.4 187.1 190.7 193.3 195 194 190.8 185.8 179.9 174.7 170 167.4 164.7 160.6 157.7 155.3 152.6 150.4 150.4 150.4 150.4
96.6 94 91.4 88.8 86.4 87.3 91.4 95.5 99.3 102.3 104.7 106.5 108 105.3 100.8 97.1 94.9 93.5 90.1 85.2 77.9 70.8 61.5 38.2 31.1 32.1 26.5 -0.8 -0.8 -0.8 -0.8 -0.8 -0.8 -0.8 -0.8 -0.8 -0.8 -0.8 -0.8 -0.8 -0.8 17.4 43.7 65.2 74.1 83.1 91.1 98.1 105 110.6 115 119.2 123.6 127.9 134 140.8 145 149.1 153.2 157.3 161.1 165.8 170.4 175.1 178.5 181.2 183.9 185.9 184.3 181.2 176.2 169.5 164.1 157.6 153.1 150 146.8 144.5 144.2 144.2 143.6 142.7 141.7 141.2
89.7 90.6 88.1 85.7 83.3 86 90 93.8 97.6 100.8 103.6 106.3 107.1 106.6 101.8 98.5 96 95.1 91 85.6 77.9 68.8 58.6 37.2 37.5 39 24.8 -0.8 -0.8 -0.8 -0.8 -0.8 -0.8 -0.8 -0.8 -0.8 -0.8 -0.8 -0.8 -0.8 4.3 6.6 56.3 65.3 73.7 82.5 90.6 98.4 104.6 109.7 114.1 118.1 124.2 128.5 133.7 138.6 141.2 145 149.1 153.1 156.9 160.2 164.9 167.2 169.5 172 174.5 176.4 174.4 171.1 166.1 159.6 151.3 144.5 139.6 136.8 134.7 132.6 131.6 132.8 133.5 132.5 131.6 131.8
90.7 89 84.3 81.6 80.6 84.2 87.6 91.5 95.4 98.1 100.8 103.4 104.9 103.9 102 99.8 97 95.8 92.6 86.8 77.3 67 55 38.2 39 35.8 17.9 -0.8 -0.8 -0.8 -0.8 -0.8 -0.8 -0.8 -0.8 -0.8 -0.8 -0.8 -0.8 -0.8 -0.8 45.8 56.5 63.6 73.3 81.6 89.7 96.7 103.3 107.6 111.7 115.7 120.5 126.9 133.4 136.6 139.2 141.9 144.9 149 152.9 156 157.4 158.6 160.8 163.2 165.5 165.6 164.2 161.2 155.8 148.5 140 132.4 126.9 124.7 122.6 120.8 120.2 120.5 122.3 122.4 122.1 122.5
92.4 89.3 85.5 81.2 79.1 81.6 84.9 88.6 90.2 94 96.9 99.7 101.9 101.8 101 100.4 98 96.5 94.4 86.2 75.7 64.6 52 39 32.2 22.6 -0.8 -0.8 -0.8 -0.8 -0.8 -0.8 -0.8 -0.8 -0.8 -0.8 -0.8 -0.8 -0.8 -0.8 -0.8 1.7 54.1 62.1 72.9 80.5 87.9 94.6 101.3 105.1 109.3 113.2 116.9 122.9 129.4 133.8 136.7 139.6 142.5 145.1 149 151.2 152.4 153.5 153.5 153.9 155.8 155.8 153.9 150.6 145.5 136.6 128.9 120.7 115.8 112.7 110.5 109.5 108.9 109 109.8 112.1 113.2 114.1
91.7 88.6 86.6 82.4 80.5 79.1 81.8 82.5 85.9 89.8 92.7 95.7 98.6 99 99.6 100.2 99.1 99.1 91.8 83.5 74.8 61.4 53.7 36.4 31.1 13.2 8.3 17 -0.8 -0.8 -0.8 -0.8 -0.8 -0.8 -0.8 -0.8 -0.8 -0.8 -0.8 -0.8 -0.8 -0.8 40.8 61 72.5 80.7 86 92.7 99 102.7 106.9 110.8 114.5 118.9 125.4 129.9 133.8 136.7 139.6 142.5 145.4 146.6 146.6 146.5 146.8 147.2 147.6 147.1 144.9 141 136.2 127.1 117.9 109.1 104.9 101 99.3 98.3 97.7 98.6 98.7 101.9 105.2 106.1
90.8 88.4 86.4 83.6 81.9 77.6 75.7 77.5 81.6 85.6 88.6 91.5 94.3 96.4 97.2 97.9 98 94.4 88.6 80.9 70.5 58.2 52.4 39.5 29.9 9.6 11.3 -0.8 -0.8 -0.8 -0.8 -0.8 -0.8 -0.8 -0.8 -0.8 -0.8 -0.8 -0.8 -0.8 -0.8 -0.8 49.5 66.2 75.3 80.8 84.6 90.8 96.7 100.4 104.5 108.3 112 115.7 121.3 125.8 130.3 133.7 136.6 139.6 142.6 143.6 142.4 141.1 141.3 141.6 140.8 139.8 136.6 132.3 126.8 117 107.2 97 91.2 88.7 88.1 87.1 87.9 89.2 88.7 91.7 96.5 98.6
90.3 88.3 86.1 83.6 79.8 74.9 70 73.2 77.2 81.3 84.4 87.1 89.5 91.9 93.6 94.4 93.9 90.1 84.3 74.9 63.9 57.4 45.5 40.9 26.2 8.6 -0.8 -0.8 -0.8 -0.8 -0.8 -0.8 -0.8 -0.8 -0.8 -0.8 -0.8 -0.8 -0.8 -0.8 -0.8 47.6 59.1 66.6 75.7 80.9 85.2 88.9 94.5 98.2 102.1 105.9 109.6 113.3 117.2 121.7 126.2 130.7 133.7 136.7 139.7 139.7 138.3 136.8 135.5 134.7 133.8 132.9 128.7 124.6 118.1 108.2 96.3 84.4 77.9 77.3 76.8 76.7 78 79.4 78.9 81.9 87.6 91.6
89.7 87.3 85 82.1 78.8 75.6 71.5 70 73.5 77.1 79.9 82.3 84.7 87.1 89.5 90.4 90.1 85.7 79.2 69.2 59.2 47.8 37.7 30.4 19.5 -0.8 -0.8 -0.8 -0.8 -0.8 -0.8 -0.8 -0.8 -0.8 -0.8 -0.8 -0.8 -0.8 -0.8 -0.8 55.6 62.3 67.1 74.5 78.8 83.1 86.5 87.8 92.2 95.9 99.7 103.4 106.3 108.8 113.4 118.9 123.4 127.3 130.5 133 136 136 134.4 132.7 131.3 130.2 129.2 127.2 122.8 117.4 109.6 98.6 85.6 76.9 68.5 66.2 66.3 67 68.3 69.4 68.6 73.8 80.4 84.7
89.1 86.9 84.1 81 77.6 74.1 70.7 66.5 72 75 77.4 79.7 82 84.3 85.5 85.2 82.9 78.5 72.7 65.3 54.2 42.2 34.2 26 -0.8 -0.8 -0.8 -0.8 -0.8 -0.8 -0.8 -0.8 -0.8 -0.8 -0.8 -0.8 -0.8 -0.8 -0.8 -0.8 59.1 66.5 68.9 76.3 81.4 86.1 89.3 89.2 89.9 93.7 96.7 98.6 101 104.2 109.6 115.1 120.2 123.9 127.4 130.1 132.5 132 130.3 128.6 127.2 126.1 124.9 122 118 112.2 103 93.7 80.2 70.3 61.9 57.7 57.4 58.4 60.3 61 60.6 66.8 72.9 78.8
86.7 84.9 83.3 79.6 76.1 72.7 69.5 59.8 69.6 72.6 75.1 77.3 78.6 79.8 81 81 78 72.6 66.4 60.1 49 43.7 32.3 22 -0.8 -0.8 -0.8 -0.8 -0.8 -0.8 -0.8 -0.8 -0.8 -0.8 -0.8 -0.8 -0.8 23.7 36 43.1 58.6 65.5 69.6 76.7 83.8 88.8 89.6 89.6 89.1 91.1 92.8 93.9 96.4 100.6 106 111.5 116.5 120.2 123.9 127.5 128.6 127.6 126.2 124.5 123.1 121.9 120.9 117.5 113.6 106 97.2 88.5 76.7 64.5 55 49.7 48.7 50 52 52.3 51.1 57.5 65.3 73.3
85.1 83.8 82.5 78.9 75.1 71.3 65.3 59.4 65.3 69.1 71.8 72.5 73.9 75.2 76.5 76.7 72.7 66.1 61.4 56.2 46.3 37.5 28.8 -0.8 -0.8 -0.8 -0.8 -0.8 -0.8 -0.8 -0.8 -0.8 -0.8 -0.8 -0.8 -0.8 -0.8 46 50.6 52 57.6 62.8 68.2 75.2 82.9 87.3 87.9 90 89.6 87.4 88.2 89.3 92.9 97.1 102.3 107.9 112.7 116.5 120.2 123.5 124.2 123.1 121.7 120.3 118.9 117.9 116.4 112.9 109 100.2 91.5 82.9 73 60.5 50.2 44.9 40.5 41.7 43.7 44.9 43.3 49.8 58 66.7
83.7 82.8 81.8 77.7 74 70.3 63.7 57.6 61.4 65.3 67.5 67.5 68.6 69.9 71.2 72 67.3 62.9 59.9 53.3 41.5 35.5 26 -0.8 -0.8 -0.8 -0.8 -0.8 -0.8 -0.8 -0.8 -0.8 -0.8 -0.8 -0.8 -0.8 35.2 44.8 51.2 54.9 58.4 61.5 66.7 73.6 78.2 82 83.3 84.6 85.3 84.1 82.9 85.6 89.5 93.6 98.7 104.3 109 112.7 116.1 118.8 119.8 118.2 116.8 114.5 114.5 113.8 111.8 108.5 104.6 97 88.7 78.4 67.1 56.7 48.5 42.1 38.2 36.9 36.7 37.9 38.1 43.4 50.8 59.3
82.3 81.6 81.1 77.9 73.5 69.3 63.2 50.8 53.9 60 63 63 63.3 64.6 65.8 66.2 64.8 59.6 52.8 43.9 36.4 32.4 20.2 -0.8 -0.8 -0.8 -0.8 -0.8 -0.8 -0.8 -0.8 -0.8 -0.8 -0.8 -0.8 17.8 35.9 43.7 50.4 56.5 62.5 62.1 65.4 70.5 73.8 76.7 78.1 79.3 80.4 79.2 78.1 82.2 86.2 90.1 95.1 100.7 105.2 108.6 111.4 114.1 115.4 112.9 109.6 108.8 109 109.2 107.8 105.1 100.3 93.9 84.2 71.5 61.2 52.5 45 40.3 36.2 32.5 31.8 32.3 34.3 38.2 44.4 51.9
