data/460000-1210000.asc
ncols 200
nrows 200
xllcorner 460000
yllcorner 1210000
cellsize 50
[rows 37 to 73 of 200, columns 0 to 83 of 200]
-0.8 -0.8 56.4 62.6 70.6 79.9 89.7 110 124.4 134.5 143.9 151.7 155.3 157.5 156.9 157.2 158 155.5 152.5 149.5 143.6 136.9 129.8 122.8 115.4 105.8 98.5 86.5 76.3 58.3 -0.8 -0.8 -0.8 -0.8 -0.8 -0.8 -0.8 -0.8 -0.8 -0.8 -0.8 -0.8 -0.8 -0.8 -0.8 -0.8 -0.8 -0.8 -0.8 -0.8 -0.8 -0.8 -0.8 -0.8 -0.8 -0.8 -0.8 -0.8 -0.8 -0.8 -0.8 -0.8 -0.8 -0.8 -0.8 -0.8 -0.8 -0.8 -0.8 29.2 -0.8 -0.8 -0.8 -0.8 -0.8 -0.8 -0.8 -0.8 -0.8 -0.8 -0.8 -0.8 -0.8 -0.8
-0.8 -0.8 67.9 76.7 85.3 96.1 109.9 122.1 132.5 141.3 150.1 155.1 158.9 161.7 162 162.2 162 159.5 157 153.2 146.9 140.5 133.4 125.1 116.6 107.7 100.1 93.7 81.1 65.8 32.5 -0.8 -0.8 -0.8 -0.8 -0.8 -0.8 -0.8 -0.8 -0.8 -0.8 -0.8 -0.8 -0.8 -0.8 -0.8 -0.8 -0.8 -0.8 -0.8 -0.8 -0.8 -0.8 -0.8 -0.8 -0.8 -0.8 -0.8 -0.8 -0.8 -0.8 -0.8 -0.8 -0.8 -0.8 -0.8 87.8 52.7 28.8 25 -0.8 -0.8 -0.8 -0.8 -0.8 -0.8 -0.8 -0.8 -0.8 -0.8 -0.8 -0.8 -0.8 -0.8
-0.8 -0.8 80.6 91.5 100.9 110.2 120.9 131.9 141.4 150 156.3 160.8 163.7 165.4 165.9 166.3 165.4 162.8 160.3 155.4 149.6 143.8 135.7 126.8 117.8 109.3 101.5 94.4 84.6 71 40.9 -0.8 -0.8 -0.8 -0.8 -0.8 -0.8 -0.8 -0.8 -0.8 -0.8 -0.8 -0.8 -0.8 -0.8 -0.8 -0.8 -0.8 -0.8 -0.8 -0.8 -0.8 -0.8 -0.8 -0.8 -0.8 -0.8 -0.8 -0.8 -0.8 -0.8 -0.8 -0.8 -0.8 -0.8 -0.8 66.7 57.1 66.7 45.5 -0.8 -0.8 -0.8 -0.8 -0.8 -0.8 -0.8 -0.8 -0.8 -0.8 -0.8 -0.8 -0.8 -0.8
-0.8 60.7 89.2 99.2 110.9 121.1 131.1 141.1 150.6 156.4 161.6 165.2 168.1 169.1 169.6 170.3 168.2 166.2 162.8 157.1 151.4 145.4 136.9 128 119.1 110.9 103.1 95.3 87.1 73.8 42.4 -0.8 -0.8 -0.8 -0.8 -0.8 -0.8 -0.8 -0.8 -0.8 -0.8 -0.8 -0.8 -0.8 -0.8 -0.8 -0.8 -0.8 -0.8 -0.8 -0.8 -0.8 -0.8 -0.8 -0.8 -0.8 -0.8 -0.8 -0.8 -0.8 -0.8 -0.8 1.1 -0.8 -0.8 -0.8 28.8 100.9 74.5 36.6 -0.8 -0.8 -0.8 -0.8 -0.8 -0.8 -0.8 -0.8 -0.8 -0.8 -0.8 -0.8 -0.8 -0.8
-0.8 69.9 96.6 106.8 118.4 129.7 140.7 150.8 157.1 161.7 166.5 169.5 172.3 173.2 174.2 175.2 170.9 167.9 164.7 159.2 153.5 146.4 138 129.2 120.4 112.6 104.8 97 87.2 72.3 -0.8 -0.8 -0.8 -0.8 -0.8 -0.8 -0.8 -0.8 -0.8 -0.8 -0.8 -0.8 -0.8 -0.8 -0.8 -0.8 -0.8 -0.8 -0.8 -0.8 -0.8 -0.8 -0.8 -0.8 -0.8 -0.8 -0.8 -0.8 -0.8 -0.8 -0.8 -0.8 42.6 -0.8 -0.8 -0.8 48.3 103.6 76.7 41.6 -0.8 -0.8 -0.8 -0.8 -0.8 -0.8 -0.8 -0.8 -0.8 -0.8 -0.8 -0.8 -0.8 -0.8
-0.8 81.9 102.5 113 123.6 136 148 156.9 161.9 167.1 170.9 173.6 176.8 178 179 178.3 173.9 169.6 166.4 161.1 155.5 147.3 139 130.5 122.1 114.3 105.4 96.6 86.2 56.3 -0.8 -0.8 -0.8 -0.8 -0.8 -0.8 -0.8 -0.8 -0.8 -0.8 -0.8 -0.8 -0.8 -0.8 -0.8 -0.8 -0.8 -0.8 -0.8 -0.8 -0.8 -0.8 -0.8 -0.8 -0.8 -0.8 -0.8 -0.8 -0.8 -0.8 -0.8 60.6 94.3 64.5 31.8 4.9 35.3 91.9 68.3 30 -0.8 -0.8 -0.8 -0.8 -0.8 -0.8 -0.8 -0.8 -0.8 -0.8 -0.8 -0.8 -0.8 -0.8
53 93.4 105.7 117 128.2 141.9 153.2 160.1 165.4 170.8 174.6 177.6 181.1 182.9 183.9 181.3 177 172.7 168.2 162.8 156.6 148.2 139.8 131.5 122.5 113.7 104.8 96 81.7 35 -0.8 -0.8 -0.8 -0.8 -0.8 -0.8 -0.8 -0.8 -0.8 -0.8 -0.8 -0.8 -0.8 -0.8 -0.8 -0.8 -0.8 -0.8 -0.8 -0.8 -0.8 -0.8 -0.8 -0.8 -0.8 -0.8 -0.8 -0.8 -0.8 -0.8 -0.8 80.4 111.9 87.7 52.7 26.2 64.7 95.3 64 30.6 -0.8 -0.8 -0.8 -0.8 -0.8 -0.8 -0.8 -0.8 -0.8 -0.8 -0.8 -0.8 -0.8 -0.8
45.6 95.7 106.5 117.6 128.6 142 153.7 162.2 168.2 173.6 177.9 181.8 185.4 187.8 188.6 184.9 180.8 176.7 169.9 164.3 157.9 148.7 140.4 131.9 123.4 113.5 103.7 94.2 84.4 47 -0.8 -0.8 -0.8 -0.8 -0.8 -0.8 -0.8 -0.8 -0.8 -0.8 -0.8 -0.8 -0.8 -0.8 -0.8 -0.8 -0.8 -0.8 -0.8 -0.8 -0.8 -0.8 -0.8 -0.8 -0.8 67.7 98.7 114.5 119.6 -0.8 -0.8 124.6 135.4 109 74.6 54.7 102.3 90.6 67.6 42.4 -0.8 -0.8 -0.8 -0.8 -0.8 -0.8 -0.8 -0.8 -0.8 -0.8 -0.8 -0.8 -0.8 -0.8
38.1 91.8 107.1 117.5 128.4 140.6 152.4 160.3 168.5 176.8 181.3 185.3 189 191.6 191.5 188.6 184.7 179.4 172.3 165.8 159.1 149.8 140.9 132.3 123.8 114.9 105 95.9 78.5 46.5 54.7 42.9 -0.8 -0.8 -0.8 -0.8 -0.8 -0.8 -0.8 -0.8 -0.8 -0.8 -0.8 -0.8 -0.8 -0.8 -0.8 -0.8 -0.8 -0.8 -0.8 -0.8 -0.8 -0.8 -0.8 92.8 134.6 143 148.7 134 126.9 142.6 138.5 129.5 99.2 89.5 104.3 85.3 58.6 -0.8 -0.8 -0.8 -0.8 -0.8 -0.8 -0.8 -0.8 -0.8 -0.8 -0.8 -0.8 -0.8 -0.8 -0.8
14.1 83.3 103.3 114.8 125.4 137.8 149.5 159.8 168 176.2 184.7 188.7 191.7 194.6 194.5 192.2 188.1 182.4 175.1 167.8 160.4 151.2 142.4 133.3 124.2 115.6 106.4 96.5 86.1 82.4 74.6 31.9 -0.8 -0.8 -0.8 -0.8 -0.8 -0.8 -0.8 -0.8 -0.8 -0.8 -0.8 -0.8 -0.8 -0.8 -0.8 -0.8 -0.8 -0.8 -0.8 -0.8 -0.8 -0.8 -0.8 108.5 140 148.8 151.8 150.3 146.6 143.4 139.3 134.7 122.6 121.7 105.9 78.3 45.8 -0.8 -0.8 -0.8 -0.8 -0.8 -0.8 -0.8 -0.8 -0.8 -0.8 -0.8 -0.8 -0.8 -0.8 -0.8
32.2 85.2 101.4 112.4 122.8 134.7 145.8 156.4 166.9 175.7 184.2 191.2 194.1 196.8 198.3 194.4 190.8 185 177.6 170.2 162.7 154 145 135.8 126.7 117.6 108 99.2 91.1 84.1 76.8 61.1 -0.8 -0.8 -0.8 -0.8 -0.8 -0.8 -0.8 -0.8 -0.8 -0.8 -0.8 -0.8 -0.8 -0.8 -0.8 -0.8 -0.8 -0.8 -0.8 -0.8 -0.8 -0.8 -0.8 -0.8 111.2 148.6 153.3 151.4 147.6 143.6 139.4 134.3 130.1 126.8 116.6 85.8 54.6 20.9 -0.8 -0.8 -0.8 -0.8 -0.8 -0.8 -0.8 -0.8 -0.8 -0.8 -0.8 -0.8 -0.8 -0.8
63.2 90.4 99.4 109.8 120.2 131.6 142.2 152.7 163.2 173.8 183.8 192.4 195.1 197.7 198.7 196.5 192 186.9 179.5 172.1 165 156.8 147.5 138.4 128.9 119.2 109.6 100.8 93.5 86.6 78.1 62.9 30 -0.8 -0.8 -0.8 -0.8 -0.8 -0.8 -0.8 -0.8 -0.8 -0.8 -0.8 -0.8 -0.8 -0.8 -0.8 -0.8 -0.8 -0.8 -0.8 -0.8 -0.8 -0.8 -0.8 100.3 147.8 152.4 150.5 147.4 143.8 140.5 136.1 133 131.9 122.1 95.7 64.3 41.3 -0.8 -0.8 -0.8 -0.8 -0.8 -0.8 -0.8 -0.8 -0.8 -0.8 -0.8 -0.8 -0.8 -0.8
-0.8 83.9 97.3 107.6 117.8 127.7 138 148.3 158.6 169.7 182 190.9 195.7 197 197.9 197.1 193.1 188.2 181.3 174.1 167.1 159.3 149.9 140.2 130.5 120.9 111.2 102.4 95.9 89.1 80.7 55.4 1.1 -0.8 -0.8 -0.8 -0.8 -0.8 -0.8 -0.8 -0.8 -0.8 -0.8 -0.8 -0.8 -0.8 -0.8 -0.8 -0.8 -0.8 -0.8 -0.8 -0.8 15.3 -0.8 -0.8 -0.8 138.6 149.3 149.6 148.2 144.7 141.8 138.5 136.3 135.9 131.5 122.8 101.2 62.2 5.9 -0.8 -0.8 -0.8 -0.8 -0.8 -0.8 -0.8 -0.8 -0.8 -0.8 -0.8 -0.8 -0.8
-0.8 68.3 95 105.2 114.6 123.5 133.1 143.5 153.8 167.1 180.4 189.2 195.9 197.3 197.5 194.6 191.7 188.9 183.2 176.4 169.7 161 151.3 141.8 132.2 122.5 112.9 104.8 98.2 91.7 79.8 65.7 51.5 -0.8 -0.8 -0.8 -0.8 -0.8 -0.8 -0.8 -0.8 -0.8 -0.8 -0.8 -0.8 -0.8 -0.8 -0.8 -0.8 -0.8 -0.8 -0.8 -0.8 59.2 -0.8 -0.8 -0.8 104.5 146.3 148.1 147.5 146.3 143.6 142 141.7 139.5 133.5 111.6 78.2 36.6 1.1 -0.8 -0.8 -0.8 -0.8 -0.8 -0.8 -0.8 -0.8 -0.8 -0.8 -0.8 -0.8 -0.8
-0.8 71.7 92.3 101.7 110.7 119.6 128.5 138.5 149.7 163.7 177.6 188.1 193.2 197.3 195.1 192.2 189.4 186.5 183.2 178.9 172.6 162.2 152.3 142.8 133.3 123.8 113.9 105.8 98.3 90.8 80.5 65.3 36 1.3 -0.8 -0.8 -0.8 -0.8 -0.8 -0.8 -0.8 -0.8 -0.8 -0.8 -0.8 -0.8 -0.8 -0.8 -0.8 -0.8 -0.8 -0.8 -0.8 -0.8 43.2 -0.8 -0.8 93.4 143.6 148.9 148.7 147.3 146.4 146.1 146.9 145.2 140.6 107 73.9 45.3 30 -0.8 -0.8 -0.8 -0.8 -0.8 -0.8 -0.8 -0.8 -0.8 -0.8 -0.8 -0.8 -0.8
-0.8 66.4 89.2 97.8 106.7 115.6 124.6 133.5 145.1 159.1 173 183.6 190.3 194 192.7 189.9 187 184 180.8 176.6 172.4 163.5 153.2 143.5 133.2 122.6 113.1 104.7 97 89.4 79 66.6 51.4 -0.8 -0.8 -0.8 -0.8 -0.8 -0.8 -0.8 -0.8 -0.8 -0.8 -0.8 -0.8 -0.8 -0.8 -0.8 -0.8 -0.8 -0.8 -0.8 -0.8 -0.8 32.1 26.7 62.1 109 145.9 151 150.7 150.1 149.7 150.5 151.7 153 146 124.1 98.9 78.7 52.7 22.3 -0.8 -0.8 -0.8 -0.8 -0.8 -0.8 -0.8 -0.8 -0.8 -0.8 -0.8 -0.8
-0.8 -0.8 86.4 95.2 103.6 112.1 120.5 129.5 140.6 154.7 168.8 179.6 187.8 190.2 190.4 187.5 184.5 181.5 178.5 174.3 169.8 161.7 152.3 140.8 131.2 121.7 112.3 103.9 95.8 87.7 76.9 64.1 49.2 -0.8 -0.8 -0.8 -0.8 -0.8 -0.8 -0.8 -0.8 -0.8 -0.8 -0.8 -0.8 -0.8 -0.8 -0.8 -0.8 -0.8 -0.8 -0.8 -0.8 -0.8 -0.8 1.1 56.5 132.2 150.8 152.6 153.5 155.3 155.5 159.5 162.1 163.8 164.5 152.1 123.9 92.4 58.5 23.6 -0.8 -0.8 -0.8 -0.8 -0.8 -0.8 -0.8 -0.8 -0.8 -0.8 -0.8 -0.8
-0.8 -0.8 83.6 92.5 101.1 109.5 118 126.2 136.5 150.8 163.7 174.3 182.1 184.5 185.7 184.7 181.8 178.8 175.8 171.3 166.6 159.3 149.3 139.8 130.4 120.9 111.4 103.1 95 85.6 74.3 61.1 48.6 34.6 7.4 -0.8 -0.8 -0.8 -0.8 -0.8 -0.8 -0.8 -0.8 -0.8 -0.8 -0.8 -0.8 -0.8 -0.8 -0.8 -0.8 -0.8 -0.8 -0.8 -0.8 42.3 74.4 127.8 152.8 154.8 156.8 158.7 162.6 167.8 172.4 173.9 174.9 164.4 130.9 96.7 70.9 52.4 26.1 -0.8 -0.8 -0.8 -0.8 -0.8 -0.8 -0.8 -0.8 -0.8 -0.8 -0.8
-0.8 -0.8 77.7 90 98.5 106.9 114.9 123.3 133 146.8 157.8 167.1 175.7 177.9 180 178.6 176.9 173.5 170.1 166.6 160.7 153 145.3 136.8 128.7 120.1 110.6 102.3 92.1 82 70.3 56.9 42 -0.8 -0.8 -0.8 -0.8 -0.8 -0.8 -0.8 -0.8 -0.8 -0.8 -0.8 -0.8 -0.8 -0.8 -0.8 -0.8 -0.8 -0.8 -0.8 -0.8 -0.8 -0.8 -0.8 97.7 140.9 155.2 158.2 160.2 163.9 170.2 175.8 180.8 183.3 183.4 160.7 127.9 99.3 77.8 61.4 36.6 22.4 -0.8 -0.8 -0.8 -0.8 -0.8 -0.8 -0.8 -0.8 -0.8 39.7
-0.8 -0.8 -0.8 86 95.5 103.6 111.7 119.7 128.5 140 150.6 159 167.5 169.6 171.8 172.7 170.8 167.4 163.9 160.2 153.8 146.1 138.7 131.6 123.6 115.7 107.9 98.2 88.1 78 65.8 49.3 -0.8 -0.8 -0.8 -0.8 -0.8 -0.8 -0.8 -0.8 -0.8 -0.8 -0.8 -0.8 -0.8 -0.8 -0.8 -0.8 -0.8 -0.8 -0.8 -0.8 -0.8 -0.8 -0.8 65.1 114.2 153.2 159.1 163.1 166.9 172 179.1 186.1 189.3 192 191.5 166.7 138.9 118.7 101.2 84.1 67.2 49.3 25.7 -0.8 -0.8 -0.8 -0.8 -0.8 -0.8 -0.8 -0.8 66.2
-0.8 -0.8 -0.8 78.9 91.6 100.2 107.1 114.6 122.4 132.7 143 153 159.8 162.1 164.4 165.9 164.5 161.2 157.7 153 147.2 139.5 132.9 126.2 118.2 110.5 103 93.5 83.5 73.4 59.5 44.8 -0.8 -0.8 -0.8 -0.8 -0.8 -0.8 -0.8 -0.8 -0.8 -0.8 -0.8 -0.8 -0.8 -0.8 -0.8 -0.8 -0.8 -0.8 4.2 -0.8 -0.8 -0.8 -0.8 88.6 116.8 157 165.9 170.1 174.9 183 189.8 196.1 199.9 203.4 199.6 184.3 172.6 155.2 134.3 116 95.5 73.1 49.2 23 -0.8 -0.8 -0.8 -0.8 -0.8 -0.8 7.9 97.3
-0.8 -0.8 -0.8 50.9 88.8 96.3 103.2 109.8 116.7 126.5 136.2 145.2 152.9 156.1 157.3 158.3 158.2 155 151.2 145.8 140.4 132.9 127.2 120.8 113 105.5 98 89.1 78.3 67.3 52.7 -0.8 -0.8 -0.8 -0.8 -0.8 -0.8 -0.8 -0.8 -0.8 -0.8 -0.8 -0.8 -0.8 -0.8 -0.8 -0.8 -0.8 -0.8 -0.8 33.6 -0.8 -0.8 43.4 66.6 112.7 127.6 159.6 172.1 178.4 187.4 194.7 202.1 207.8 211.8 213.5 209.7 204.1 193.4 176.3 156.7 134.3 116.7 95.3 72.1 45.8 19.5 -0.8 -0.8 -0.8 -0.8 10.4 47.4 114.1
-0.8 -0.8 -0.8 -0.8 84.9 92 99.1 105.9 112.8 120.8 128.8 136.9 145.3 149.4 150 150.6 151.5 148.6 144 138.6 133.2 126.8 121.5 115.5 108 100.5 93 84.6 73.1 61.2 45.2 15.9 -0.8 -0.8 -0.8 -0.8 -0.8 -0.8 -0.8 -0.8 -0.8 -0.8 -0.8 -0.8 -0.8 -0.8 -0.8 -0.8 -0.8 -0.8 57.4 58.1 55.4 77.6 105.9 128.4 138 167 181.7 190.5 199.3 207.1 214.6 219.6 223.8 223 220.7 214.6 203.3 187.5 169.8 152.2 134.4 112.7 93.2 67.5 41.6 20 1 -0.8 18.9 38.2 63.8 113.9
-0.8 -0.8 -0.8 56.2 79 86.3 93.8 102 108.2 115.3 122.3 130.2 137.2 142.7 145.2 145.8 145 142.5 137.8 132.5 127.1 122.1 117.4 112.7 103 95.1 87.7 76.3 59.1 47.9 33.9 -0.8 -0.8 -0.8 -0.8 -0.8 -0.8 -0.8 -0.8 -0.8 -0.8 -0.8 -0.8 -0.8 -0.8 -0.8 -0.8 -0.8 -0.8 -0.8 79.6 109.7 112.6 115.2 138.9 156.7 159 181.6 192.7 201.4 210.2 220.1 227.2 231.9 234.7 232.6 230.1 224.2 216.7 206 190.9 176.3 152.5 131.5 110.6 87.6 62.4 46 27.9 22 69.3 82.4 98.3 115.7
-0.8 -0.8 -0.8 -0.8 59.7 90.6 91.5 98.6 104.7 110.3 115.9 123.2 128.7 134.2 140.4 141.2 139.9 137.1 132.2 128.8 124.1 118.9 113.9 109 101.7 91.1 82 78 67 54.7 40 -0.8 -0.8 -0.8 -0.8 -0.8 -0.8 -0.8 -0.8 -0.8 -0.8 -0.8 -0.8 -0.8 -0.8 -0.8 -0.8 -0.8 -0.8 -0.8 70.8 132.1 155.1 154.4 163.5 175.8 182.5 191 202.1 212.2 222.1 233.4 239.7 245.6 244.6 242.7 238.8 232.8 225.2 215.5 203.4 188 169.9 151.4 130 108.1 86.9 74.4 65.5 63.2 110.6 115.6 117.9 115.9
-0.8 -0.8 -0.8 -0.8 62.3 92.1 96.7 97.6 101.9 107 112.6 119 125.5 131.9 136.3 136.7 135.6 132.7 129.7 126.6 121.6 116.4 111.1 105.9 101.4 96 89.9 82.3 71.7 58.8 36.3 -0.8 -0.8 -0.8 -0.8 -0.8 -0.8 -0.8 -0.8 -0.8 -0.8 -0.8 -0.8 -0.8 -0.8 -0.8 -0.8 -0.8 -0.8 -0.8 1.1 115.7 165.1 172 179.6 185 191.5 199.6 209.7 221.7 235.4 245.6 252.7 257.1 255.2 250.7 245.5 238.6 231.8 223 212 199.1 182.9 166.6 143.5 123.4 108.4 99.9 99.2 101.9 126.4 121.6 118.6 116.5
-0.8 -0.8 -0.8 50.8 86.2 91.9 100.2 100.9 101.7 104.3 109.9 116.5 123.3 128.9 132.2 133.4 133.3 130.5 127.4 124.2 119 114.1 110.1 106.2 102.1 97.8 91.4 82.5 71.4 57.7 19.4 -0.8 -0.8 -0.8 -0.8 -0.8 -0.8 -0.8 -0.8 -0.8 -0.8 -0.8 -0.8 -0.8 -0.8 -0.8 -0.8 -0.8 -0.8 -0.8 23.7 116.2 172.3 180.3 187.4 193.5 199.9 208.2 216.6 232.5 246.5 256.6 265 266.8 263 257.7 251.9 244.8 235.9 226.3 215.3 203.4 191.6 179.1 168.7 155 144.8 134.5 123.1 126 129.8 124.1 119.2 117
-0.8 12.1 62.5 86.3 88.7 92.7 102.2 103.9 105.5 105.8 107.2 113.7 121.5 125.9 130.1 130.8 131.3 128.2 125.3 122.6 118.8 114.9 111 107.1 102.8 97.8 91.1 83.4 71.6 54.2 23.4 -0.8 -0.8 -0.8 -0.8 -0.8 -0.8 -0.8 -0.8 -0.8 -0.8 -0.8 -0.8 -0.8 -0.8 -0.8 -0.8 -0.8 -0.8 -0.8 41 105.9 158.7 188.2 195.1 201.7 208.3 215.6 222.8 238.1 253.4 266.9 273.7 275.6 271 265 256.4 247.5 238.5 229.2 218.2 206.7 195.4 185.3 175 165.4 154.3 148.7 139.3 133.5 129.8 124.9 119.6 116.1
-0.8 59.6 95.4 104.3 97.6 94.2 103.8 107.6 111.7 112.2 116.4 119.3 120.5 125.2 128.7 129.7 129.7 127.5 124.7 122.2 118.9 115.2 111.5 107.9 103.6 98.9 92.9 84.9 72.9 52.9 31.8 11.1 2.6 -0.8 -0.8 -0.8 -0.8 -0.8 -0.8 -0.8 -0.8 -0.8 -0.8 -0.8 -0.8 -0.8 -0.8 -0.8 -0.8 47.2 83.8 110.1 170.9 194.6 202 208.2 213.5 219.1 227 240 257.7 273.4 281.1 282.4 278 269.7 260.5 251.2 241.1 230.8 219.6 207 196.5 186.9 177.6 168.8 159.8 152.2 144.2 138.3 132.9 126.5 120.5 117.3
74.6 99.5 121.5 113.6 104.8 95 104.5 112.6 117.8 119.7 120.7 122.1 121.3 124.3 127.3 128.6 128.1 126.9 124.3 121.9 118.9 115.3 111.6 108 104.3 99.8 93.8 83 68.5 47.8 28.6 16.9 -0.8 -0.8 -0.8 -0.8 -0.8 -0.8 -0.8 -0.8 -0.8 -0.8 -0.8 -0.8 -0.8 -0.8 -0.8 -0.8 19.3 20.9 126.5 133.6 176.8 195.4 205.9 211.9 217.7 223.6 230.1 240.5 260 278.5 284.5 283.7 279.6 270.9 260.5 250.4 240.1 229.5 218.6 206.4 195.4 186.7 178.8 170.3 162.4 154.4 147.4 141.1 135.2 128.8 122 118.2
115.1 135.2 129.7 120.8 110.3 101.8 106.5 116.4 120.2 122.1 123.6 124.6 123.3 123.1 125.9 127.2 126.2 125 122.6 119.8 117.2 114.6 111.7 108.1 104.4 98.6 90.7 79 63.2 42.4 30.3 15.3 -0.8 -0.8 -0.8 -0.8 -0.8 -0.8 -0.8 -0.8 -0.8 -0.8 -0.8 -0.8 -0.8 -0.8 -0.8 -0.8 44.2 44.9 137.9 160.9 180.7 192.8 205 214.7 220.4 226 231 240.4 258.2 274.3 281.9 284.6 278 271.8 259.7 249.5 238.5 228.1 217.5 205.6 194.6 186.4 178.5 170.8 163.6 155.8 149.5 143.8 137.6 131.2 124.6 118.6
143.5 141.3 135.4 124.1 115.5 107.1 107 118.6 120.6 122.6 124.2 124.3 124.1 123.5 124.8 124.2 123.3 122.1 120.5 117.7 115.2 112.6 110 107.2 103.5 95.4 87.1 73.8 57.5 39.8 29.8 -0.8 -0.8 -0.8 -0.8 -0.8 -0.8 -0.8 -0.8 -0.8 -0.8 -0.8 -0.8 -0.8 -0.8 -0.8 -0.8 -0.8 -0.8 84.4 110.1 167.3 181.4 193.4 204 214.4 221.2 226.2 230.6 238.6 252.3 268.2 273.9 277.7 273.5 268.7 259.1 248.2 236.8 226.7 216.4 204.5 195.7 187 178.3 171.5 164.7 157.4 151.7 145.9 140.2 133.8 127.4 120.8
146.1 143.4 138.9 128.7 120.4 111.3 106.7 119.1 121.5 122.7 123.6 123.4 123.4 123 123.2 122.6 119.6 119 118 115.7 113.1 110.6 108.1 105.4 99.4 92.6 84.1 64.3 48.9 38.1 28.4 -0.8 -0.8 -0.8 -0.8 -0.8 -0.8 -0.8 -0.8 -0.8 -0.8 -0.8 -0.8 -0.8 -0.8 -0.8 -0.8 -0.8 -0.8 71.1 134.9 165.6 181.8 192.3 202.7 213.2 222 225.6 229.7 236.4 246.4 260.4 266.5 268.4 267.3 263.1 256.7 246.5 235.1 225.2 215.3 206.3 197 187.7 179 172 165.2 158.9 153.2 147.4 141.5 135.1 128.4 121.4
147.4 145 141.1 133.3 123.9 115.1 108 119.6 121 122 123.1 122.9 122.6 122.5 121.9 121 117 115 114.4 112.7 110.6 108.2 105.6 102.3 96 89.5 75.2 61.2 56.5 43.8 31.2 2.1 -0.8 -0.8 -0.8 -0.8 -0.8 -0.8 -0.8 -0.8 -0.8 -0.8 -0.8 -0.8 -0.8 -0.8 -0.8 -0.8 -0.8 59.5 118.4 162.8 177.8 190 200.7 211.4 217.2 222.7 226.9 233 241.7 253.4 258.8 260.1 260.4 258.6 252.4 244.6 233.4 225 216.2 206.9 197.6 188.3 179.8 172.4 165.6 159.4 153.8 148.3 142.5 136.1 129 122
149.5 147.9 143.5 136.7 128.1 120.4 112.6 119.7 120.9 121.3 122.4 122.4 122.1 121.8 121.3 119.4 115.4 111.4 109.7 106.6 104.5 102.3 98.9 95.9 92.5 86.5 72.2 65.4 56.5 39 13 4 -0.8 -0.8 -0.8 -0.8 -0.8 -0.8 -0.8 -0.8 -0.8 -0.8 -0.8 -0.8 -0.8 -0.8 -0.8 -0.8 -0.8 95.8 141.2 159.6 173.6 186.4 198.2 205.7 211.4 217.1 222.8 228.5 233.9 245.3 253 254.1 254.5 253.3 249.6 242.6 234.5 225.9 216.9 207.4 198.2 188.9 180.6 173 166.1 159.9 154.4 148.8 142.9 136.6 129.6 122.6
148.5 148.2 145.3 141.1 133.2 125.1 116.9 119.9 120.6 121.1 121.7 121.9 121.7 123.1 121.4 117.7 113.7 109.4 104.1 100.6 97.7 94.1 90.4 86.8 81.9 73.5 64.9 58.6 47.3 37.4 29.3 11.3 -0.8 -0.8 -0.8 -0.8 -0.8 -0.8 -0.8 -0.8 -0.8 -0.8 -0.8 -0.8 -0.8 -0.8 -0.8 -0.8 -0.8 77.3 139.3 156.7 169.3 181.5 191.6 198.3 204 209.7 215.4 221.2 227.1 235.9 244.6 247.7 249 247.9 245.7 241.9 234.8 226.9 217.6 208.1 198.7 189.6 181.5 173.8 166.5 160.5 154.9 148.7 142.5 136.6 130.2 123.2
144.3 144.2 144.2 144.2 139.4 130.3 121.3 119.3 120 120.6 121.2 121.9 122.5 122.5 119.9 116 111.3 106.4 100.6 95.3 90.3 86.7 83.1 79.1 71 63.1 59 61.3 57 45 29.6 1.1 -0.8 -0.8 -0.8 -0.8 -0.8 -0.8 -0.8 -0.8 -0.8 -0.8 -0.8 -0.8 -0.8 -0.8 -0.8 16.1 100.3 99.2 130.2 152.8 164.2 175.9 184.1 190.8 196.6 202.3 208.3 214 219.1 227.1 236 240.4 241.9 243.5 242.1 239 234.4 226.8 218.2 208.8 199.3 190.4 182.3 174.6 166.9 160.8 154.6 148.4 142.1 136.2 130.5 123.6
