data/460000-1190000.asc
ncols 200
nrows 200
xllcorner 460000
yllcorner 1190000
cellsize 50
[rows 111 to 147 of 200, columns 0 to 84 of 200]
-0.8 -0.8 -0.8 -0.8 -0.8 -0.8 -0.8 -0.8 -0.8 -0.8 -0.8 -0.8 -0.8 -0.8 -0.8 -0.8 -0.8 -0.8 -0.8 -0.8 -0.8 -0.8 -0.8 -0.8 -0.8 -0.8 -0.8 -0.8 -0.8 14.8 19.2 23.7 26.2 28.3 30.2 34.7 38.2 41.7 45.7 50 54.6 59.2 63.8 68.7 72.5 76.5 82 86.6 89.9 93.5 92.9 93.7 95.8 96.7 96.5 97 99.8 79.7 51 38.6 9.4 -0.8 -0.8 -0.8 -0.8 -0.8 -0.8 -0.8 -0.8 -0.8 -0.8 -0.8 -0.8 -0.8 -0.8 44.2 67.9 83.3 81.9 73.2 -0.8 -0.8 20.7 -0.8 -0.8
-0.8 -0.8 -0.8 -0.8 -0.8 -0.8 -0.8 -0.8 -0.8 -0.8 -0.8 -0.8 -0.8 -0.8 -0.8 -0.8 -0.8 -0.8 -0.8 -0.8 -0.8 -0.8 -0.8 -0.8 -0.8 -0.8 -0.8 -0.8 11 17 20.3 23.5 24.7 27.2 32.7 36.2 40.4 45.1 49.4 52.7 57.1 61 66.8 71.5 74.7 79.2 84.8 90.5 96.6 98.9 99.2 100.6 101.5 102.1 102.8 104.9 106.5 107.1 92 91.4 73.5 63.2 49.4 39.6 -0.8 -0.8 -0.8 -0.8 -0.8 -0.8 -0.8 63.6 48.8 -0.8 -0.8 28.3 87.3 92.3 91.3 87.5 -0.8 -0.8 -0.8 -0.8 -0.8
-0.8 -0.8 -0.8 -0.8 -0.8 -0.8 -0.8 -0.8 -0.8 -0.8 -0.8 -0.8 -0.8 -0.8 -0.8 -0.8 -0.8 -0.8 -0.8 -0.8 -0.8 -0.8 -0.8 -0.8 -0.8 -0.8 -0.8 7.3 13.3 19.4 23.1 26.5 27.6 29.8 36.1 42.2 46 49.5 53.4 57.5 61.2 64.6 70.3 76.2 79.4 83.1 89.5 95.5 100.8 101.8 104.7 106.5 107.2 108.1 108.8 110.4 112.4 112.6 112.2 112.2 115 117 101.9 80.1 78 50.3 65.1 53.2 45.5 50.5 78.8 105.6 81.5 50.3 -0.8 62.8 101.9 99.7 99.8 95.2 -0.8 -0.8 -0.8 -0.8 -0.8
-0.8 -0.8 -0.8 -0.8 -0.8 -0.8 -0.8 -0.8 -0.8 -0.8 -0.8 -0.8 -0.8 -0.8 -0.8 -0.8 -0.8 -0.8 -0.8 -0.8 -0.8 -0.8 -0.8 -0.8 -0.8 -0.8 -0.8 9 15.3 21.3 26.6 30.9 29.9 34.6 41.2 47.5 52.5 55.1 58.3 61.1 64.8 68.9 74.2 79.8 84.4 89.7 96.4 100.6 104.8 105.9 109.7 112.2 113 113.4 114.3 116.1 118.8 115 115.2 115.2 114.9 114.9 116.4 118.9 116.3 102.8 110.8 112 111.4 110.4 120.8 116.7 109.6 85.3 73.2 95.5 107.4 106.3 100.3 44.8 -0.8 -0.8 -0.8 -0.8 -0.8
-0.8 -0.8 -0.8 -0.8 -0.8 -0.8 -0.8 -0.8 -0.8 -0.8 -0.8 -0.8 -0.8 -0.8 -0.8 -0.8 -0.8 -0.8 -0.8 -0.8 -0.8 -0.8 -0.8 -0.8 -0.8 -0.8 6.9 10.5 16.6 22.3 28.2 31.6 34.3 41 46.6 50.6 55.5 59.6 63.3 66.9 70.1 73.5 79.8 86.1 91.6 97 103.4 106.9 109.1 111.9 114.6 116.7 117.9 118.3 117.7 118.3 117.1 116.3 115.5 114.7 115 115 115 115.7 115.2 115.2 118.6 120 120.8 121.6 122.4 121 117.5 113 112.2 114.1 114.3 114.6 108.6 28.7 -0.8 -0.8 -0.8 -0.8 -0.8
-0.8 -0.8 -0.8 -0.8 -0.8 -0.8 -0.8 -0.8 -0.8 -0.8 -0.8 -0.8 -0.8 -0.8 -0.8 -0.8 -0.8 -0.8 -0.8 -0.8 -0.8 -0.8 -0.8 -0.8 -0.8 -0.8 7.3 12.4 17.3 23 28.3 32.2 40.5 44.4 48.8 52.9 57.2 62.6 68.3 72.6 76.1 81.4 87.8 94.1 99.2 104.5 109.4 113 115.8 118.5 119.4 120.4 121.7 121.4 120.5 118.4 117.1 116.3 115.2 113.9 114.8 115 113.1 114.7 112.9 116.2 117.1 118.7 120.1 121.6 122.5 122.8 120.7 118.4 115.4 116.6 117.8 115.1 109.7 51.8 -0.8 -0.8 -0.8 -0.8 -0.8
-0.8 -0.8 -0.8 -0.8 -0.8 -0.8 -0.8 -0.8 -0.8 -0.8 -0.8 -0.8 -0.8 -0.8 -0.8 -0.8 -0.8 -0.8 -0.8 -0.8 -0.8 -0.8 -0.8 -0.8 -0.8 -0.8 8.1 12.5 18.5 25.8 30.7 37.7 43.5 46.9 51.2 55.5 60.1 66.3 72.7 79 84.9 90.6 97.2 102.6 108 112 116.1 118.9 121.1 122.8 123.7 123.9 123.3 121.9 120.9 119.5 117.9 115.8 113.7 112.1 111.4 111.4 111.7 111.9 111 113.7 116.6 116.6 118.9 120.7 122 123.1 123.5 122.5 119 118.3 118.2 117 109.7 87 49.5 -0.8 -0.8 -0.8 -0.8
-0.8 -0.8 -0.8 -0.8 -0.8 -0.8 -0.8 -0.8 -0.8 -0.8 -0.8 -0.8 -0.8 -0.8 -0.8 -0.8 -0.8 -0.8 -0.8 -0.8 -0.8 -0.8 -0.8 -0.8 -0.8 5.9 11.9 16 22.1 30.1 34.9 40 45.6 48.9 53.8 58.3 64.8 70.3 77.9 87.1 94.2 101.5 108.2 113 116.4 119.4 123 125.1 125.7 126.6 126.7 125.9 124.2 122.4 120.2 118.6 116.5 114.3 112.2 111.1 110.6 109.9 110.4 110.8 110.3 110.2 112.3 114.7 117.2 119.2 120.6 121.7 123.3 122.9 121.9 120.1 118.3 116.7 111.9 105.4 96.8 42.6 -0.8 -0.8 -0.8
-0.8 -0.8 -0.8 -0.8 -0.8 -0.8 -0.8 -0.8 -0.8 -0.8 -0.8 -0.8 -0.8 -0.8 -0.8 -0.8 -0.8 -0.8 -0.8 -0.8 -0.8 -0.8 -0.8 -0.8 -0.8 11.1 15 19.6 27.5 33.3 38.9 44 47.4 51.2 56.5 62.9 69.4 75.3 84.8 94.9 103.8 111.4 116.9 120.8 124.7 127.6 130.4 131 130.3 130.5 128.5 126.9 125.1 122.6 119.3 117.4 115.1 112.6 110.6 110.1 109.3 108.2 108.7 108.9 108.3 108.4 110.7 111.3 113.6 115.8 118.1 120.4 122.2 121.9 121.7 120.1 118.2 115.8 111.1 106.6 100.1 82.7 30.6 -0.8 -0.8
-0.8 -0.8 -0.8 -0.8 -0.8 -0.8 -0.8 -0.8 -0.8 -0.8 -0.8 -0.8 -0.8 -0.8 -0.8 -0.8 -0.8 -0.8 -0.8 -0.8 -0.8 -0.8 -0.8 -0.8 8.9 14.2 17.9 21.6 27 33.2 39 43.7 48.2 53.4 59.7 66.1 73.3 80.8 90.8 100.8 112.5 119.6 124.8 128.5 130.8 133.4 135 135.9 135.2 134 131.9 128.5 125.1 121.7 118.5 116.2 113.7 111 109.6 108.7 107.7 106.6 106.3 105.9 105.4 106.1 107.2 108.6 111.2 112.7 114.6 116.6 119.3 121.1 121.1 120 117.5 114.2 109.6 104.3 98.2 91.2 59.7 -0.8 -0.8
-0.8 -0.8 -0.8 -0.8 -0.8 -0.8 -0.8 -0.8 -0.8 -0.8 -0.8 -0.8 -0.8 -0.8 -0.8 -0.8 -0.8 -0.8 -0.8 -0.8 -0.8 -0.8 -0.8 -0.8 13 15.4 18.7 22.7 26.5 32.8 39.2 44.8 50.4 55.9 62.3 69.3 77.5 86.7 96.6 108.2 119 126.6 131.5 134.9 137.2 139 140 140.3 139.3 137.4 134.1 130.5 126.6 121 117.7 115 112.3 109.3 107.3 106.2 105.1 103.7 103.3 102.8 102.8 103.1 104.4 106 108.8 111.2 111 112.8 115.8 118.1 119.3 117.6 116.3 113.1 108.8 102.9 96.8 89 81.2 62.1 42.7
-0.8 -0.8 -0.8 -0.8 -0.8 -0.8 -0.8 -0.8 -0.8 -0.8 -0.8 -0.8 -0.8 -0.8 -0.8 -0.8 -0.8 -0.8 -0.8 -0.8 -0.8 -0.8 -0.8 11.5 15.9 17.2 18.4 21.8 26.3 32.8 39.8 46.4 52.9 58.4 65.1 73.3 81.8 91.4 103.9 115.5 124.4 131.7 137.3 140.9 143.5 144.6 145.6 144.1 142.7 140.2 136.8 133.1 128.1 122.1 116.8 112.8 110.1 108 105.8 103.6 102.1 100.7 100.2 100.4 100.7 101 101.7 103.4 106.1 107.5 107.3 109.1 112.2 114 116.2 115.1 114 112.7 107.5 101.5 93.5 84.6 77.3 69 61.7
-0.8 -0.8 -0.8 -0.8 -0.8 -0.8 -0.8 -0.8 -0.8 -0.8 -0.8 -0.8 -0.8 -0.8 -0.8 -0.8 -0.8 -0.8 -0.8 -0.8 -0.8 -0.8 8.2 13 16.8 20 20.6 23.7 28.4 33.6 40.4 47 53.7 60.6 68.6 76.7 84.9 97.1 109.2 121.7 130 136.3 142.6 147.9 149 149.6 150.2 147.9 145.6 142.6 139.3 135 129.7 123.6 117.7 112 108.8 106.6 104.4 102.1 99.9 98.4 98 98.1 98.5 98.8 99.8 100.5 102.2 102.5 103.6 105.6 108.1 110.1 111.9 112.4 111.7 111.3 107 99.4 90.3 81 70.9 64.4 58.6
9 10.8 8 -0.8 -0.8 -0.8 -0.8 -0.8 -0.8 -0.8 -0.8 -0.8 -0.8 -0.8 -0.8 -0.8 -0.8 -0.8 -0.8 -0.8 -0.8 -0.8 12.7 15.7 18.6 21.1 23.7 26.1 30.5 35.6 41.9 48.8 55.8 63.3 71.6 79.4 88.3 100.4 112.9 125.4 134.5 141.4 147.8 151.6 152.6 153.2 151.5 149.6 147.6 144.3 140.8 136.7 131.2 125.4 118.9 112.5 107.5 105.2 103 100.8 99.1 97.6 96.5 96.4 96.5 96.8 97.5 98.2 99.6 99.5 100.3 101.5 103 105.1 107.3 107.1 109.3 110.9 105.7 96.3 86.3 78.1 67 58.4 52.6
13.9 12.9 10.2 6.5 0.6 -0.8 -0.8 -0.8 -0.8 -0.8 -0.8 -0.8 -0.8 -0.8 -0.8 -0.8 -0.8 -0.8 1.2 5.3 3.9 10.9 15.4 19.3 20.4 24.5 26.5 28.6 31.1 37.4 44 50.9 58.1 66.1 74.2 81.7 91.5 103.1 115.4 127.4 137 144.4 150.2 154.4 155.7 154.8 153.4 151.6 149.4 146 142.5 138.4 132.8 126.8 120.4 113.9 109.4 105.1 101.7 100 98.6 97 95.5 94.8 94.9 94.5 95.1 95.6 96.3 96.6 96.8 97.9 98.8 99.6 100.8 103 105.6 106.2 103 93.3 82.2 73.8 64 54.2 48.3
19.6 17.9 15 12.8 7.6 -0.8 -0.8 -0.8 -0.8 -0.8 -0.8 -0.8 -0.8 -0.8 -0.8 -0.8 -0.8 6.9 8.3 12.6 14.3 15.8 20.9 22.9 24.4 27.7 30.5 33.1 36 41 46.5 53.3 60.4 68.1 76.1 83.9 93.6 104.1 116.5 129.3 139.2 146.6 152.2 156.3 157.2 156.7 155.5 153.4 150.7 147.5 144.2 139.7 134.2 128.3 121.9 115.5 111.1 106.7 102.3 99.5 98.1 96.4 94.9 93.4 93 92.7 92.2 93 93.6 93.7 94 94.2 94.8 95.7 97.1 99.1 100.6 100.8 98 89.3 78 67.8 60.3 51.6 46.3
24.1 22.3 19.8 16.4 14.1 10.2 -0.8 -0.8 -0.8 -0.8 -0.8 -0.8 -0.8 -0.8 -0.8 10.1 11.4 14.2 15.3 15.8 17.7 20.4 24.4 26.5 27.9 30.9 33.6 36.5 40.3 44 49.2 55.6 62.5 70.3 78.2 86.1 95.6 105.6 116.4 129.7 139.9 147.1 152.6 156.6 158.2 158.2 157.2 154.3 151.4 148.7 145.1 140.7 135.5 129.7 123.5 117.1 112.1 107.3 102.8 99.1 97.3 95.7 94.2 92.8 91.3 90.8 90 90.4 91 90.9 91.8 90.6 90.9 91.9 93.3 93.6 95.3 95 91.9 83.9 72.8 61.4 55.5 50.9 46.9
29.4 28.4 26.1 20.8 17 15.9 -0.8 -0.8 -0.8 -0.8 -0.8 -0.8 2 5.2 10.4 14.9 19.3 21.1 20.7 20.1 22.6 28 30.4 31.1 32.4 36 38.5 40.8 44 48.1 53 58.3 64.6 72.3 80.4 88.3 97.1 107.2 117.4 128.2 138.9 147.1 152.3 156.4 158.4 158.4 158.1 155.3 152.4 149.3 145.9 141.6 136.5 130.4 124.7 119 113.2 107.8 103.4 100.5 97.7 95 93.5 92.3 90.9 89.1 88.7 88.7 88.7 89.4 89 88.3 87.5 88.1 88.6 88.7 89.7 87.8 85.3 77.4 66.1 57.4 52 47.8 45.2
42.3 35.6 32 25.8 19.6 17.2 10.7 -0.8 -0.8 -0.8 2.7 4.5 9.8 11.1 15.5 20.4 25.8 26.9 26.9 27 29.5 34 35.3 36.2 39.1 42.3 44 45.5 47.8 51.8 56.5 61.4 66.9 74.4 82.9 90.5 99.3 108 117.6 127.6 136.9 145.9 152 155.9 157.8 158.5 158.2 155.8 152.6 149.4 146.4 142.2 137.3 132.1 126.6 120.9 115.1 109.3 104.3 101.4 98.5 95.3 93 91.7 90.4 88.2 87.7 87.1 86.4 87 86.9 85.9 85.2 84 83.6 84.2 84.6 82.7 77.7 70.4 61.7 53.8 48.6 45 42.5
54.5 44.7 37.5 30 22.7 17.7 13.2 6.6 7.7 8.8 11.4 12 14.1 16.5 20.6 24.9 30.6 31.7 32.5 35 37.8 40.9 41.3 43.7 47.6 49.1 50.1 50.7 53.2 57.7 62.4 66.3 70.1 77.5 85.6 92.7 100.5 108.6 117.9 126.5 135.2 144.4 151.3 154.9 156.9 158.3 157.3 155 152.8 149.7 146.5 142.5 138.2 133.4 128.5 122.5 116.5 110.5 105.3 102 98.9 95.4 92.7 91.2 89.3 86.9 86 85.3 84.6 84.5 84.7 84 83.6 81.5 79.4 79.4 79.6 78.5 74 65.7 57.1 50.5 45.7 43.3 41.2
67.1 57.8 45 34.7 26.6 23 19.4 11.5 11.9 13.6 15.9 17.3 18.6 20.1 23.8 28.4 33.8 36.2 37.9 42.8 46.9 47.4 48.9 52 54.3 55.6 56.1 57.5 59.4 63.9 68.8 72.6 76.4 81.5 88.6 95.4 102.5 109.4 118 125.6 133.4 142.4 149.2 153.1 154.8 156.5 156.2 154.1 152.1 149.9 146 142 137.9 134.2 129.7 123.8 117.8 111.8 106.6 102.5 98.4 95.6 92.8 90.4 88 85.5 84.5 83.7 83 82.4 82.2 82.1 81.9 79.7 77.3 75.8 76.1 75.4 71.6 61.5 54.5 48.7 44.9 42.2 39.2
78 72.6 55.5 40.8 32 29.6 21.1 14.8 15.6 17.6 20 21.6 23.2 25.1 28.7 32.4 37.1 40.9 45.6 51 53.9 56.4 57.7 58.9 59.9 61.4 64.5 67.9 68.9 72.9 77.2 80.6 86 90 93.6 98.7 104.9 111.4 117.3 124.6 132 139.5 146.3 150.6 152.4 154.2 153.7 153.2 151.2 148.8 145.4 141.5 137.5 133.6 129.4 124.3 118.1 113.5 109.3 104.8 99.9 96 93 89.6 86.8 84.1 82.9 82.2 81.5 80.8 80.4 80.1 80.9 78.7 75 73.5 72.6 72.1 70.5 61.4 56.1 51.3 46.8 41.9 38
87.7 80.2 67.6 47.9 38.8 32.5 24.8 18.4 18.7 20.2 22.6 25.6 27.3 28.5 31.9 35.5 42.4 48.9 53.6 57.8 60.2 63.1 63.1 64.2 65.6 68.8 71.8 74.8 77.4 81.6 86.3 91 95.2 98.3 100.4 102.1 107.4 113.2 118.4 123.8 129.7 136.2 142.7 147.2 150 151 151.1 150.7 150.1 147.4 143.9 140.4 136.7 132.9 128.6 124.4 120.3 116 112 107.8 103.1 98.3 94.4 89.2 86.1 82.7 81.7 81 80 79.3 77.9 78.1 78.6 77.5 73.4 70.2 70.1 69.8 70.1 62.6 56.7 51.9 46.7 41.3 38.1
95.7 91.9 75.9 63 51.9 35.8 27.9 21.8 20.7 21.8 24.7 27.9 30.8 30.8 35.6 40.5 48.6 57.3 61.2 63.5 68.3 68.6 67.8 67.9 69.9 74 78.6 81.9 85.4 88.9 93.4 98.1 101.3 103.8 103.1 104.2 108.7 113.6 117.9 122.2 127.1 132.4 137.4 141.7 144.8 146.4 146.5 147.1 146.4 144.3 142.2 138.8 134.9 132.5 128.7 124.6 121.4 118.4 114.9 110.5 106 101.4 95.9 90.4 85.9 81.6 80 79.5 78.5 77.4 75.8 74.8 75.4 76.1 72.5 69.2 68.4 66.9 66.9 62.8 56.9 50.7 45.3 40.5 36.3
96.1 94.5 89.1 76.3 69.7 45.2 33.1 25.5 22.7 24.3 27 30.3 34.3 36.5 39.7 49.7 52.6 63.2 67.9 67.1 71.6 75 76.3 75.8 74.3 78.4 82.9 87.9 92 95.2 98.6 101 103.5 104.8 104.4 107.2 109.9 112.9 115.8 119.7 123.7 128 132.7 135.4 138.5 140.3 140.9 141.8 141.8 140.8 138.7 136.6 132.7 130.5 128.3 124.9 122.3 120 116.9 113.1 108.9 104 98.2 92.5 87.2 82.4 79.6 78.8 78.3 76.3 74.5 72.4 72.3 73 72.4 69.2 64.6 62.6 61.7 60.1 55.1 49 43.3 38.4 38.3
99.5 96 94.6 86.9 72.3 55.7 39.5 30.8 25.5 26.4 29 32.8 38.6 39.6 46 56.1 62.4 69.4 70.9 76.1 83 80.2 82.8 85.7 82.3 83.3 88.6 92.7 96.5 100.5 101.5 103.6 105.6 105.6 106.2 106.6 108.4 111 113 115.5 119.4 123.6 126.9 129.4 131.9 133.7 134.7 135.6 136.3 135.7 135.1 133 130.6 129 126.1 124.9 123.3 121.2 118.3 114.5 110.9 106.6 101 95.3 89.5 84.4 80.5 79.1 77.8 75.6 73.4 71.4 70.1 71 71.4 67.4 62.8 59.5 58.4 55.9 52.9 47.3 44.4 43.5 43.2
99.5 97.2 95.5 87.7 76.5 63.9 50.4 39.2 30.6 28.6 29.8 36.1 40.8 40.7 46.9 61.2 67.4 75.1 78.2 84.4 90.9 87.3 86.1 91.2 93.6 91.5 93.1 96.5 100.1 102.2 105.5 105.7 106 106.1 105.7 106.1 106.8 108.9 110.9 113 115.2 118.4 121.2 123.3 125.1 126.5 127.3 128.1 128.5 129.6 129 129.6 128.6 126 124.5 123.7 122.5 121.7 119.6 116.5 113 109.4 103.7 98.9 94.3 88.6 83.7 80.5 77.7 74.9 72.5 70.4 68.5 70 69.7 65.2 60.1 56.8 55.4 53.6 51.3 48.9 49.6 48.8 47.2
101.8 101.5 98.5 89.1 78.1 64.8 56.6 48.9 36.8 31.5 31.2 38.4 42.8 46.6 53.3 62.3 71.8 81.4 86.9 89.9 90.9 90.1 86.3 91.8 100.9 100.6 102 101.9 103.8 105.9 107.6 107.3 105.6 105.4 104.9 104 103.6 104.6 106.6 108.7 110 111.6 114.3 116.3 117.8 118.8 119.6 119.8 120.3 121.8 122.9 123.4 124.3 123.8 123.2 122.5 121.4 121.3 120.4 117.7 115 111.6 106.9 103.6 99.1 93.8 88.6 83.9 80 76.4 72.7 69.5 67.3 66.5 66.9 64.5 59.8 56.5 54.3 53.9 53.8 53.6 54.9 54.7 53.9
103.9 104.1 103.3 94.3 86.8 70.9 60.6 53.4 39.7 35.8 35.4 38.4 43.5 49.2 56.3 65.6 74.9 85.3 90 91.1 93.4 93.3 90.1 93.3 100 103.5 107.5 110 111 109.4 109 107.8 105.9 102.8 102.1 101.3 100.1 100.2 102.1 103.6 104.7 105.5 106.8 108.6 110.2 111.4 111.3 111.3 112.1 113.4 115.4 117.2 118.8 120.9 121.9 121.2 120.9 120.9 120.9 119 116.1 113.3 110.4 107.1 103.8 98.6 92.8 87.6 82.6 78 73.4 69.5 67.1 61.7 62.6 61.2 60.2 55.9 53.9 53.9 53.9 54.5 57.6 59 57.4
105.3 106 104.3 101.5 85.9 81.6 62.4 62.8 47.2 40.7 38.5 40 43.7 50.8 58.6 67.7 75.9 85.5 93.9 97.3 98.8 99.6 96.2 101.7 106.5 108.6 109.3 111.1 111.2 111 109.3 107.1 104.9 101.9 99.6 98.6 98.8 96.4 98.1 98.8 99.4 100 101 101.1 103.1 103.2 103 104 104.9 105.8 107.7 110.1 113.2 115.8 118.1 119.4 120.9 120.9 120.9 119.8 117.9 115.9 113.4 110.9 107.5 102.8 97.1 91.3 84.8 79.4 74.7 70.6 66.6 61.3 59.2 60.8 60.9 56.7 53.9 53.9 53.9 54.4 58.5 61.9 59.4
107.4 109.2 107.8 102.7 92.9 84.2 69.5 64.9 53 45.8 42.3 42.4 44.6 50.5 58.4 65.4 73.8 83.3 94.5 101 102.9 109.5 109.2 110.6 110.2 114.9 112.6 113.4 111.5 110.8 108.7 106.3 103.9 101.1 98.3 98 97.4 94.3 93.5 94.1 94.4 95 96.1 96.5 95.8 96.5 97.3 97.9 98.7 100.2 102.1 104.5 107 110.4 113.7 117.2 119 120 120.8 120.5 119.2 118.1 116 113.9 111.3 106.5 101.8 96 89.8 83.9 78.1 73.1 69.7 63.1 56.7 58.1 59.4 60.3 54.3 53.9 53.9 54.1 60.3 63.3 61.9
108 109.7 109.9 105.6 99.1 90.3 75.8 61.8 56.4 53.9 47.6 45.8 48.1 50.5 57.1 64.8 72.6 80.1 89.3 96.4 101.4 108 112.7 117.9 122 122 118.8 117.6 112.7 110.2 108.1 105.7 102.5 100.3 98.2 95.7 94.2 92.6 91 90.4 90.2 90.4 91.2 91.7 91.9 92.4 93.1 93.9 94.6 96.3 98.3 100.6 103.1 107.1 109.8 112.6 116.1 119.1 120.6 120.9 120 119 118.2 116.6 114.1 110.4 105.7 102.1 95.3 88.1 81.9 77.3 72.4 65.8 59.3 55.6 57.3 57.3 56.1 53.9 53.9 54.5 58.4 62.3 63.7
108.7 109.4 110.8 108.4 102.3 96.5 74 64.4 59.7 55.9 50.6 49 49.6 50.2 56.2 64.6 72.5 78.8 84.2 90.6 95.8 102.3 109.6 120.7 122.8 126.6 122 118.9 113.4 109.6 106.1 102.4 99.4 97.1 94.4 92.1 90.2 89.6 88.4 88.2 88.1 87.9 87.6 87.4 88.1 88.6 89.2 90.2 91.3 93.1 95.2 97.5 100 103.6 106.7 109.3 111.8 115 118.3 120.7 120.9 120 119.3 118.4 116.3 113.2 109.3 106.2 99.6 92.1 85.1 80 73.5 66.8 61.2 56.5 55.3 54 53.8 54.6 53.9 54.5 56.9 60.6 63.4
109.1 109.3 109.4 109 106.1 96.1 79.5 69.2 62.1 58.7 52.8 52.4 50.5 51.8 56.7 63.1 72 78.1 83.1 86.2 91.4 97.7 103.6 111.3 121.3 124.2 120.5 120.1 111.7 106 102.5 99 95.8 93.1 90.2 88.7 87.4 86.6 86.2 86.1 86 85.7 85.3 85 85 85.3 85.4 86.5 88.1 89.9 92 94.3 96.9 100.2 103.6 106.2 108.7 111.3 114.9 119 120.9 120.9 120.2 119.2 118.2 115.7 112.3 109.9 103.2 95.3 87.7 82.2 76.3 70.1 64.8 59.3 53.1 53 54.6 55.9 55.4 55.2 55.4 58.1 60.9
109 109.8 109.1 107.8 105.8 101.3 90.2 77.7 67.8 59.2 54.1 56 52.8 52.9 55.6 59.9 69.7 76.3 81.4 84.1 87.8 92.3 97.6 103.6 112.1 119.1 121.1 119.2 111.5 102.6 99 95.7 92.4 89.4 87.2 86.3 84.9 84.1 84.2 84.1 83.8 83.4 83 82.6 82.6 83 83.2 83.8 84.3 85.9 88.6 91.3 93.8 97.1 100.5 103.1 105.2 108.4 111.6 116 118.5 119.6 120.1 119.6 118.7 117.4 114.8 112 106.4 98.3 90.9 85.2 79.9 73.4 67.8 62 54.8 55 56.3 57 56.4 55.1 54 55.6 58.6
108.7 110.1 107.5 104.8 103.4 99.6 94.9 86.2 72.3 60.9 55.8 52.6 54.2 53.1 54.5 58.1 66.5 74 79 82.2 84.4 87.6 91.7 97 104.6 110 113.9 113.7 110.6 97.5 94.3 92.1 88.4 86.4 84.2 83.3 82.5 82 82.2 82 81.5 81.1 80.7 80.1 79.9 80.4 80.6 81 81.5 82.6 84.7 88.1 90.7 94 97.2 99.6 102.3 105.2 108.2 112.9 116.6 119.1 119.3 118.9 118.4 117.5 115.7 112.8 108.1 101.4 95.1 89.2 83.2 75.5 68.7 63.3 57.3 53.1 54.1 54.2 55.1 53.6 52.1 53 56.4
110.5 109.2 103.6 101.8 101.1 98.8 93.1 84.6 73.3 63.4 57 57.4 56.1 54.8 54.4 57.1 63.1 71.6 76.5 79.1 81.2 83 86.8 90.2 95.6 99.2 102.6 102.8 99.1 92.8 89.1 87.2 84.9 83.1 81.2 80.2 79.2 78.8 79.4 78.5 78 77.7 77.8 77.6 77.2 77.2 77.5 77.9 78.7 80.1 81.8 84.3 87.5 90.8 94.1 96.4 99.2 101.8 104.8 108.8 112.1 115.4 117.2 117.2 117.1 116.6 115.6 113.5 109.1 104.9 97.9 90.9 85.2 78.6 70.6 64.9 59 52.3 52.1 53 53.7 52.2 50.6 50.5 54.2
