data/460000-520000.asc
ncols 200
nrows 200
xllcorner 460000
yllcorner 520000
cellsize 50
[rows 152 to 189 of 200, columns 0 to 85 of 200]
16.2 16.2 16.3 16.3 16.4 16.4 16.5 16.7 16.9 17 17.1 17.2 17.3 17.5 18.1 19.6 20.1 19.5 18.8 18.9 19.3 19.7 20.2 20.6 20.8 21 21.2 21.7 21.5 20.4 19.8 20.5 20.7 20.7 20.8 20.9 20.9 21 21 20.9 20.7 20.5 20.4 20.8 20.9 18.9 19.3 18.6 18.4 18.6 18.7 18.9 19 19.2 19.3 18.9 18.3 18.1 17.9 17.9 18.1 18.1 17.9 18 18.1 18.2 18.4 17.9 17.4 18.1 14.6 18.8 20.1 20.2 20.5 20.9 21.2 21.5 21.8 22.1 22.3 22.5 22 21.8 21.6 21.9
16.6 16.9 16.9 17 17 17.1 17.6 17.5 17.7 18 18.2 18.3 18.4 18.9 19.1 20.4 20 19.6 19 19.4 19.8 20.4 20.9 21.3 21.7 22 22.2 22 21.8 21.1 20.7 21.2 21.3 21.4 21.4 21.5 21.6 21.7 21.4 21.4 21.4 21.3 21.1 21.2 21.1 21.1 20.2 19.3 18.9 19.1 19.2 19.4 19.6 19.8 19.9 19.3 19.2 19 18.9 18.9 19 19 18.8 18.5 18.3 18.2 18.4 18.3 18 17.9 16.5 19.6 20.3 20.7 21.1 21.4 21.7 22.1 22.3 22.6 22.8 23.1 22.9 22.3 22.6 23.1
16.9 17.3 17.6 17.6 17.7 18.1 18.6 20.2 19.4 19.1 19.1 19.2 19.4 20 20.4 20.8 20.5 20.1 19.8 20 20.5 21 21.5 22 22.4 22.8 23.2 22.9 22.5 22 21.6 21.9 21.9 22 22.1 22.2 22.2 22 21.7 21.8 21.8 21.8 21.8 21.2 21.1 20.9 20.9 19.5 19.5 19.7 19.8 20 20.2 20.3 20.3 20.2 20.1 19.9 19.8 19.7 19.8 19.8 19.6 19.4 19.2 18.9 18.9 19.6 19.2 19 18.9 18.8 20.8 21.2 21.8 22 22.3 22.5 22.8 23.1 23.3 23.6 23.8 23.7 23.8 23.8
17.2 17.6 18 19 19.3 19.9 19.1 18.9 19.6 20 20.3 20.4 20.6 21.1 21.3 21 20.7 20.3 20.6 20.9 21.1 21.7 22.2 22.7 23.1 23.5 23.9 24.1 23.7 22.7 22.4 22.5 22.6 22.7 22.7 22.8 22.9 22.4 22.1 22.1 22.2 22.2 21.6 21.1 21.1 21 20.9 20 20.3 20.4 20.6 20.7 20.7 20.9 20.7 20.5 20.4 20.2 20.1 20.5 20.6 20.6 20.5 20.3 20 19.8 19.8 20.4 20.2 19.8 19.9 20.1 21.1 21.9 22.3 22.6 22.8 23.1 23.3 23.6 23.8 24.2 24.7 24.6 24.6 24.6
18.1 18.9 19.5 19.1 19.6 19.8 19 19.8 20.6 20.9 21.2 21.6 21.8 21.9 21.5 21.2 20.9 21.2 21.7 22 22.2 22.4 22.8 23.4 23.8 24.2 24.5 24.5 24.3 23.5 23.2 23.2 23.2 23.3 23.4 23.4 23.2 22.8 22.5 22.5 22.5 22 21.5 21.3 21.1 21.2 20.9 20.9 20.9 21.2 21.2 21.1 21.4 21.3 21 20.8 20.6 20.5 20.6 21 21.4 21.4 21.4 21.1 20.9 20.8 20.7 21.3 21.1 20.9 21.5 20.8 21.7 22.9 23.3 23.4 23.6 23.7 24.2 24.6 25.1 25.6 26 25.5 25.5 25.5
19.2 18.7 17.9 18.8 19.5 19.7 20 20.6 21.1 21.6 21.9 22.3 22.5 22.5 22.2 21.9 21.6 22.1 22.7 23.1 23.3 23.5 23.7 24 24.5 24.9 24.8 24.9 24.4 23.6 24 24.3 24.4 24.3 24.2 24.1 23.6 23.1 22.9 22.9 22.4 22.1 21.9 21.8 21.6 21.6 21.6 21.6 21.7 21.6 21.5 21.8 21.9 21.6 21.4 21.2 21 20.8 21.1 21.5 21.9 22.2 22.3 22 21.9 21.8 21.7 22.2 22 22.2 22.6 21.4 23.3 24.1 24.5 24.6 24.8 25.1 25.5 26 26.5 27 27.1 26.4 26.6 26.8
18.6 18 18.3 18.9 19.4 19.9 20.3 20.6 21.2 21.8 22.3 22.5 22.6 22.7 22.7 22.7 22.5 22.9 23.3 23.7 24 24.3 24.6 25 25.2 25.4 25.2 24.9 24.4 24.2 24.8 25.3 25.4 25.5 25.3 24.9 24 23.5 23.2 22.9 22.7 22.6 22.4 22.2 22.2 22.3 22.4 22.4 22.4 22.4 22.4 22.4 22.1 22 21.9 21.8 21.7 22 21.9 22.2 22.5 22.7 23.1 23 22.9 22.8 22.6 23 23.1 23.5 23.7 19.6 24.5 25.2 25.6 25.9 26.1 26.5 26.8 27.3 27.8 28.3 28.3 28 27.7 28.1
18.9 18.6 18.5 19.1 19.8 19.9 20.3 20.7 21.3 21.8 21.9 21.9 22 22.2 22.4 22.7 23 23.5 23.9 24.3 24.6 24.9 25.3 25.6 25.9 25.6 25.5 25.1 24.6 24.9 25.5 26 25.7 25.2 26 25.8 24.6 24 23.6 23.4 23.2 23 22.9 22.8 22.8 22.9 23 23.2 23.2 23.2 23.2 23 22.9 23 22.2 22.4 22.6 23.3 23.1 23.1 23.3 23.6 24 24 23.9 23.7 23.6 23.9 24 23.9 24.2 25.7 26.2 26.5 26.9 27.2 27.5 27.9 28.2 28.6 29.1 29.7 30.3 30 29.7 29.4
19.5 19.2 18.9 19.5 19.9 20 20.3 20.8 21 21.3 21.7 22 22.2 22.5 22.7 23 23.4 24 24.5 24.9 25.2 25.6 25.9 26.2 26.3 26.2 25.7 25.5 25 25.6 26.1 26.5 26.2 25.8 26.3 26 25.8 25.4 24.5 24 23.7 23.5 23.4 23.4 23.5 23.8 24.2 24.1 24 24 24 23.6 23.8 23.9 23.8 24 23.3 24.5 24.4 24.2 24.2 24.5 25.2 25.1 25 24.9 24.9 25.3 25.4 24.6 24.6 26.3 27.7 28.1 28.3 29 29.4 29.5 29.6 30 30.5 31.7 32.4 32.1 31.8 31.8
19.9 19.9 19.6 19.8 20 20.1 20.2 20.7 21.1 21.5 21.9 22.2 22.5 22.7 23.1 23.5 23.8 24.4 25.1 25.5 25.9 26.2 26.4 26.6 26.8 26.7 26.2 25.8 25.7 26.2 26.7 27 26.7 26.5 26.7 26.2 26 25.6 26.8 26 24.7 24.1 24 24.2 24.6 25 25 24.9 24.8 24.8 24.8 24.7 24.7 24.7 24.8 24.9 25.3 25.6 25.7 25.5 25.4 25.5 26.5 26.3 26.1 26.3 26.4 26.5 27.1 26.3 25.4 27.6 28.5 29.4 29.8 30.5 31.2 31.5 31.8 31.9 32.5 33.6 34.5 34.2 34.2 34.5
20.1 20 20 20.1 20.3 20.5 20.6 20.8 21.3 21.7 22.1 22.5 22.8 23.1 23.5 23.9 24.2 24.7 25.5 26.1 26.5 26.7 26.9 27.1 27.2 27.3 26.8 26.2 26.3 26.9 27.3 27.6 27.3 27.2 27.2 26.9 26.6 26.2 25.9 26.2 27.6 26 25 25.3 25.7 25.9 25.8 25.7 25.7 25.6 25.5 25.5 25.6 25.6 26 26.3 26.7 26.7 27.1 27.2 27.6 27.9 28 27.5 27.6 27.9 27.9 27.9 28.5 28.1 25.7 28.6 29.5 30.2 31.1 31.9 33.1 33.4 33.8 34.4 34.9 35.5 36.3 36.5 36.3 36.3
20.3 20.4 20.4 20.6 20.7 20.9 21.1 21.3 21.5 21.9 22.4 22.8 23.2 23.5 23.9 24.3 24.6 25.1 25.8 26.5 27 27.2 27.4 27.5 27.7 27.9 27.3 26.9 27 27.6 29.1 28.7 28.9 29.1 28.7 28.4 27.9 27.4 27 26.7 26.5 26.7 28.1 27.3 26.8 26.7 26.6 26.6 26.5 26.4 26.4 26.6 27 27.5 27.9 28.1 28.3 28.4 28.5 28.6 28.9 29.2 29.1 29.3 29.8 29.3 29.4 29.5 31.3 30.8 29.7 28.3 30.8 31.4 32.2 33.4 34.9 35.3 35.9 36.5 36.8 37.4 37.8 38.4 38.2 38.2
20.5 20.8 20.9 21 21.2 21.4 21.6 21.9 22.4 22.8 23.2 23.7 23.8 24.1 24.5 24.8 25.1 25.5 26.3 27.1 27.8 27.8 27.8 28 28.2 28.3 27.9 27.8 27.8 28.6 30.6 30.6 30.8 30.9 30 29.5 29 28.5 28.3 28.1 27.9 27.8 27.6 27.9 28.5 28 27.9 27.8 27.5 27.1 27.3 27.8 28.3 28.8 29.8 30.1 30.3 30.3 30.3 30.3 30.5 30.8 31.4 31.9 32 32.2 32.3 32.3 32.6 32.3 30.6 28.6 29.3 33.3 34.8 36.3 37.8 39.1 39.9 39.6 38.8 39.4 40 40.3 40.1 39.8
20.8 21.2 21.3 21.5 21.7 22.1 22.5 22.9 23.3 23.8 24.2 24.6 24.8 24.8 25.2 25.4 25.9 26.5 27.1 27.8 28.6 28.6 28.6 28.6 28.6 28.8 28.6 28.6 28.6 29.6 31.6 32.5 32.6 31.7 31.1 30.6 30 30 29.8 29.6 29.4 29.3 29.1 28.9 29.1 29.1 29 28.5 28 27.9 28.1 28.5 29.2 29.9 31.2 32 32.3 32.3 32.3 32.3 32.3 32.8 33.4 34.1 34.7 34.7 34.6 34.4 34.1 34 34.3 33.3 32.9 31.9 36.2 38 39.7 41.2 41.7 41.5 40.8 40.5 41.4 41.8 41.5 40.5
21 21.5 21.8 22.3 22.7 23.1 23.5 23.9 24.3 24.7 25.2 25.6 25.9 25.6 25.8 26.2 26.8 27.5 28.1 28.7 29.2 29.3 29.4 29.5 29.5 29.6 29.7 29.5 29.4 30.5 32.6 33.6 33.3 32.7 32.1 31.6 31.4 31.5 31.3 31.1 30.9 30.7 30.6 30.4 30 29.4 28.9 29.1 29.3 29.1 28.9 29.6 30.2 31.3 32.5 33.8 34.3 34.3 34.3 34.2 34.1 34.5 35.1 35.8 36.3 36.8 36.9 36.5 36 36 36.1 35.4 35.3 34.7 34.5 39.2 40.4 41.5 42.7 42.7 42.8 42.4 42.5 43 42.4 42.2
21.7 22.1 22.6 23.2 23.6 24.1 24.5 24.9 25.3 25.7 26.1 26.5 26.7 26.4 26.5 27.2 27.8 28.4 29.1 29.7 30.2 30.5 30.6 30.6 30.7 31.2 31.3 31.2 31.2 31.9 34 34.4 34 33.7 33.2 32.7 33.6 33.1 32.8 32.6 32.4 32.2 32.4 32.1 31.6 30.9 30.2 29.4 29.8 29.8 29.5 33.1 32.3 32.6 33.9 35.2 36.3 36.2 36.1 36 36 36.4 36.8 37.4 38.1 38.8 39.2 37.9 36.9 37.3 37.7 37.7 37.9 38.4 35 37.6 40.8 42.1 43.2 43.5 43.6 44 44.1 44.1 44 43.9
22.4 22.7 23.4 23.9 24.6 25 25.5 25.9 26.3 26.7 27 27.3 27.5 27.2 27.3 27.5 28.2 28.9 29.6 30.1 31.2 31.6 31.7 31.8 32.1 33 32.9 32.9 33.2 33.6 34.8 35 34.9 34.8 34.7 34 35.1 35.1 35.3 34.9 34.2 34.4 34.3 33.9 33.5 32.9 31.7 30.3 30.2 30.3 31.1 31.5 34.5 35.3 35.5 36.8 38.2 38.2 38.1 38 38.4 38.7 39.1 39.3 40.6 41.4 41.6 40.6 39.6 39.8 40.3 40.7 41 41 40.1 37.2 41.6 42.7 43.8 44.3 44.8 45.3 45.3 45.3 45.3 45.1
22.8 23.6 24.3 24.6 25.2 25.9 26.4 26.8 27.3 27.5 27.8 28 28.2 28.1 28.2 28.3 28.4 29.1 29.6 30.9 32.3 32.6 32.8 33.1 33.9 34.7 34.6 34.9 35.3 35.7 35.2 34.7 36.6 37.2 36.6 36 36.5 37 37.3 37.5 36.4 36.4 36.1 35.6 35.2 34.6 32.6 31.1 31 31.3 34.1 36.4 38.5 35.1 37.9 39.1 40.1 40.2 40.1 40.4 41.1 41.6 41.7 41.6 41.9 43.3 42.7 42 41.5 42.1 43 43.4 43.7 43.9 43 40 42 44 44.2 44.7 45.3 46 46.5 46.5 46.5 46.4
23.3 24.4 25.3 25.2 25.9 26.5 27.2 27.8 28 28.3 28.5 28.8 29 29.2 29.3 29.5 29.6 29.3 29.2 31.6 33.4 33.9 34.9 35.2 35.7 36.3 36.6 36.9 37.1 37.3 37.2 36.2 36.9 38.4 38.7 38.1 37.4 38.1 38.7 38.9 38.5 38.2 37.8 37.4 37.5 36.6 35.2 33.4 32.5 32.6 35 37.6 39.9 40.6 40.7 39.6 42 42.2 42.5 43.1 43.8 44.5 44.2 43.9 43.6 44 43.8 43.4 42.9 43.6 44.8 45.6 46.2 46.3 45.5 43.5 41.6 44.9 44.8 45.2 45.6 46.4 47.1 47.6 47.7 47.6
24.2 25.2 26.2 26 26.5 27.2 28 28.7 28.8 29 29.2 29.3 30.2 31.2 31.4 31.5 31.5 30.4 29.5 32 34.8 35.9 36.4 36.4 37 37.9 38.3 38.5 38.7 38.8 38.1 37.1 37 38.5 40.1 40.2 38.4 38.7 40.3 40.5 40.3 40.1 39.5 39.7 39.7 38.7 37.3 35.7 33.9 33.8 34.5 36.3 39.5 41.3 41.6 42.2 43.6 43.3 43.8 44.2 44.6 45.3 46.2 46.1 45.8 45.7 45.7 44.9 44.4 45.2 46.4 46.8 47.3 47.7 47.5 46.1 43.7 43.6 45.2 45.7 46.5 46.9 47.7 48.2 48.6 48.6
25.5 26.2 27.1 26.9 27.2 28.1 29.3 29.6 29.7 30.1 30.6 30.9 31.6 32.5 33.3 33.4 34 33.2 31 32.6 35.3 37.9 38 38 38.1 39 40 40.3 40.5 39.8 39.8 39.5 38.6 38.9 41 41.2 40.6 39.8 41.9 42.1 42 41.3 40.8 41.6 41.9 40.7 39.5 36.2 35.1 34.8 34.8 36 38.6 39.5 40.1 41.9 43.8 44.1 45.5 44.5 45.2 46.5 47.4 47.8 48.3 48.3 47.8 46.8 46.4 47.5 48.3 48.5 48.4 47.8 47 45.7 44.9 43.9 45.8 46.8 47.4 47.8 48.1 47.9 47.8 48.3
26.8 27.4 27.6 28.3 28.5 29.3 30.5 30.6 30.7 31.5 32 32.6 33.2 33.3 33.9 34 36 36.2 33.5 32.5 34.6 37.5 38.8 39.1 39.3 40.2 41.4 42 41.7 41.2 41.3 41.3 40.7 40.4 42.1 42 41.7 40.6 41.9 42.9 43.3 42.3 41.7 42.1 43 42.2 40.7 38.8 38 36.5 36.2 35.5 36.9 37.7 38.9 40.2 42.1 43.4 44.3 45.4 46.3 45.6 47.2 47.2 48 48.6 48.9 48 48.3 49.3 49.7 49.1 48 47.3 47 47.8 47.5 46 45.3 46.2 46.2 46.4 46.6 46.7 46.8 47
27.8 28.4 29.2 29.9 30.3 31 31.4 31.5 31.7 32.2 33 33.8 33.6 33.8 34.5 35.3 37.2 37.5 35.5 32.7 33.3 36.6 38.9 40.1 41.1 41.9 42.4 42.8 42.8 42.7 42.7 42.7 41.8 42.4 43 43 42.6 41.7 42 43.4 44.2 43.2 43 43.2 43.9 43.8 42.4 41.2 40.6 38.5 38.2 38.9 38.8 38.2 39.8 41.3 41.7 42.4 43.3 44.7 45.2 46.5 46.8 46.4 46.7 48 48.7 49.3 50 50.2 49.9 48.6 47.7 47.5 47.4 48.4 47.7 46.3 44.8 45.2 45.2 45.6 45.9 46.1 46.2 46.2
29.4 30.2 31 31.5 32 32.5 32.8 32.2 32.4 32.6 33.4 33.9 34 34.4 35.1 36.5 37.8 38.4 37.6 36.1 32 34.5 37.2 38.9 39.5 39.7 41 41.7 42 42.7 43.2 43.2 42.5 42.8 44.3 44.5 43.8 44.2 43.5 44.1 45.1 45.1 44.7 44.4 44.8 45.1 44.3 43.2 40.2 39 41.5 42.4 42 40.5 41.7 43.5 43.9 43.8 43.7 44.5 45.8 47.3 47.1 46.7 46.8 47.4 47.1 47.8 49.9 48.9 48.2 47.9 47.9 47.9 47.8 48 48.2 47.8 47.2 45.3 45 45.6 46 46.1 46 45.8
30.3 32 32.8 33.2 33.6 34.2 33.9 33.3 32.8 33 33.3 33.8 34.5 35 35.8 37.1 38.5 39.2 38.6 37.8 34.9 36.7 39 39.6 40.6 42 43.3 42 41.8 42.4 43 43.6 43.4 43.3 44.7 45.9 46.1 46.2 45.9 45.6 47 47 46.5 45.9 46 46.2 45 43.7 41.3 40.6 43.7 44.2 44.4 44.3 45.2 46.5 46.4 46.1 45.5 45.4 46.5 47.7 47.2 46.9 47.4 48.2 48.7 49.1 48.7 48.5 48.6 47.9 48.8 48.1 48.9 49.5 49.3 49.3 48.8 47.5 46.9 47.4 47.4 46.6 46.6 46.6
30.4 33.1 34.5 34.1 34.1 33.7 33.3 33 33.6 34.3 34.8 35.4 36.1 36.5 37 38 39.3 39.3 38.8 37.5 35.1 37.9 41.4 42.4 43.1 44.3 45.2 45 43.3 43.1 43.8 44.2 44.7 44.5 45.3 46.3 46.8 47.2 47.2 46.9 47.9 48.5 47.8 47.1 47.2 46.8 46 44.1 42.7 42.4 42.9 44.2 44.7 46 46.5 46.9 47 46.8 46.5 46.8 47.6 47.8 47.2 47.4 48.3 49 49.3 49.2 49.2 49.4 49.7 50.3 50.6 50 50.8 50.1 49.3 49.2 50 48.7 47.6 47.7 47.6 47.6 47.7 47.6
28.6 33.1 32.8 32.5 33.3 33.9 33.5 33.8 35.1 36.3 37 37.7 38.4 38.6 38.7 38.7 38.7 37.2 37.3 37 36.4 39.1 42.3 44 44.7 46.1 46.2 45.7 44.9 44.1 44.5 44.9 45.6 45.9 46 46.6 47.3 47.4 47.4 47.4 48.4 49.5 49 48.3 48.3 47.5 46.7 45.2 44.3 44 44.1 44.7 44.9 45.9 46.5 47.1 47.6 47.6 47.5 48.6 49.7 49.3 48.6 49 49.4 49.8 49.9 50 50.2 50.4 50.7 51.4 52.2 52.4 52.4 51.9 52.2 50.9 51.4 50.2 49.8 51 50.4 49.5 49.4 49.2
29.5 30.4 30.9 31.4 32.1 32.8 33.5 34.7 36.2 37.5 38.2 39 39.7 39.8 38.5 38 37.3 36.9 36.6 36.4 37.1 40.3 43.1 45 46.1 46.7 46.4 46.1 46 45.1 45.3 45.6 46.3 47.3 47.3 47.6 47.8 47.7 47.7 48 49.2 50.3 50.4 49.5 49 48.4 48 47.2 46.5 46.7 46.8 46.2 46 46.5 47 47.2 47.7 48.4 49.4 50.6 51.4 50.6 50.3 51.3 52.1 52.3 51.7 51.2 51.2 51.4 51.7 52.4 53.1 53.8 55.2 55.5 54.5 52.9 52.9 52.2 52 53.1 52.3 51.6 52 52.3
29.6 29.5 31.9 32.7 34.7 35.4 35.5 35.5 37.4 38.7 39.4 40.2 39.8 38.7 38.1 37.5 37.9 38.6 36.9 36.9 37.6 39.6 44 44.7 45.6 46.7 46.9 46.7 47 46.4 46.8 47.2 48 48.6 48.2 48.2 48.4 48.2 48.1 48.8 50 51.1 51.9 51 50.6 50.3 49.5 49 49.9 50 49.5 48.5 47.1 47.7 48.5 49.1 50.1 51 52 53.4 53.9 52.8 53.3 54.5 54.8 55.3 55.4 55.4 55.5 55.2 55.4 55 55.6 56.3 58.3 58.9 57.1 55.2 54.9 54.1 53.9 54.3 53.4 53.8 56.1 57.1
31.9 32.6 33.6 35.1 36.9 37.9 36.9 36.6 38.9 40.4 40.9 41.2 40.7 40.2 39.4 38.3 39.2 40.4 39.7 38.5 38.2 39.5 41.5 43.2 44.8 46.5 47.4 48 48.3 47.9 48.2 48.5 49.3 49.9 49.5 49.1 49 49.6 50 49.8 50.8 52.6 54.1 53.1 52.5 51.6 50.6 51.2 52.1 52.9 52.3 51.2 50.3 49.7 50.9 52.5 53.9 54.6 54.8 56.4 56.7 57 56.2 57.1 57.3 57.9 58.8 59.4 59 58.4 59 58.4 58.2 59.2 60.7 61 59.4 58.4 57.6 57 56.4 56.8 55.7 55.6 58.6 61.2
33.8 34.2 33.4 37.4 39.7 40.8 40.1 39 38.8 40.8 41.6 42.5 42.2 41.6 40.8 40.2 41 41.6 41.2 39.6 39.2 41.7 42.5 42.8 44.4 46.8 47.7 49.4 49.9 49.5 49.4 49.7 50.6 51.2 50.8 51.1 51.7 52.4 52.6 52.8 52.8 54.8 55.6 54.8 54.4 52.9 52.4 52.5 54 55.4 55.3 55 54.1 53.3 54.9 56.3 57.1 59 59.7 60.6 60.8 61.7 60 59.6 59.5 60.8 61.6 62.3 61.9 61.5 61.8 61.6 61.1 62.6 63.6 63.2 61.8 61.1 60.3 59.7 59.2 59.6 60 60.5 61.4 63.4
34.9 36.2 36.8 38.7 41.3 43.4 43.3 42.3 39.7 40.7 41.6 42.4 43.3 44.4 43.1 42.5 42.8 42.2 41.7 40.5 41.1 40.5 42.1 45 46 47.4 49.1 51 51.7 51.3 50.6 51.7 52.4 53.2 54.1 54.5 55.3 55.8 55.6 55.4 54.6 55.9 56.9 56.6 56.4 56.8 56.7 57.5 57.9 58.4 59.4 59.1 57.6 57.5 58.3 60 60.7 62.8 64.5 65.5 65.6 65.3 64.5 62.7 63.5 64.4 64.6 65.1 64.8 64.6 64.7 64.1 64.2 66.8 66.1 65.5 64.6 63.8 63 62.3 62 61.7 62.7 64.7 65.9 67.1
37 38.3 38.9 38.5 42.4 45.5 45.4 43.7 41.1 41.6 41.9 42.8 43.7 47.1 46.6 45.3 43.7 43.6 42.1 41.3 42.9 44 42.3 47.4 48.2 48.6 50.5 52.6 53.2 53 53.2 53.6 54.1 55.4 56.3 57.2 58 58.6 58.4 58 57.3 58.1 58.3 58.9 58.6 58.6 59.7 60.5 60.9 61.3 62.4 62.7 61.9 61.6 61.4 64.1 65 66.9 68.7 70.6 70.6 70.8 69.5 68.3 68.2 69.2 68.6 68.9 69.2 68.8 68.7 67.5 67.7 69.1 69.4 68.5 67.4 66.5 65.6 65.2 65.3 64.3 65.4 67.9 68.9 69.4
38.5 39.5 40.9 42.2 41.7 45 44.2 43.3 41.8 42.3 42.4 43.2 44.1 46.9 49.5 48.2 47.2 47.1 42.7 43.2 45.1 46.6 47.3 45.5 50.6 51.1 51.7 53.9 55.1 54.1 54.8 55.2 56.5 57.5 58.5 59.4 60.3 61 60.5 60.5 59.9 61 61.5 61.8 62.3 61.5 62.7 63.8 64.3 64.3 65.2 65.4 64.9 64.6 65.1 68.2 70.6 72.2 73.6 75 75.7 75.9 74.8 73.6 73.4 74.4 74.5 74.6 75 74.1 73.8 72.2 72.2 72.6 72.6 71.6 70.6 69.6 68.7 68.9 68.1 67.2 69 71.3 72.4 72.3
39.9 41.5 42.7 45 43.1 44 44.3 43.6 44.1 46.4 45.2 45 46.4 46.9 48.5 48.8 49.1 50.2 49.1 45.9 48.4 49 50.9 51.4 49.1 52.8 53.6 54.9 55.5 55.3 56.3 57.1 58.8 59.7 60.6 61.5 62.4 62.8 62.6 62.7 62.6 63.5 64.7 64.9 65.1 65.1 65.8 66.8 67.8 68 68.1 67.9 67.6 68.6 69.6 72.1 75.7 77.7 79 80.2 81 81.2 79.9 79.3 78.7 78.4 79.2 79.9 80.4 79.1 78 77.3 76.5 75.5 75.6 74.9 73.9 72.9 72.4 72.5 72.2 72.2 71.8 74.8 75 73.2
41.5 44.2 45.2 47.5 45.9 45.8 45.9 46.7 48.9 50.5 49.4 49.3 50.9 50.2 51 51 49.2 50.6 49.7 49.7 51.4 51.2 53.3 53.9 50.4 50.4 54.3 54.9 56.2 57.9 58.6 59.5 60.9 61.8 62.7 63.6 64.3 64.5 64.8 64.9 65.1 66.4 67.6 67.8 67.8 68 68.8 69.3 70.3 71.2 70.9 71.2 71.8 73.4 74.8 76.6 80.2 82.5 84.1 85.4 86 86.1 85.3 84.6 83.1 83.6 84.3 85.2 85.5 83.7 82.6 81.9 81.1 80.1 79.1 77.9 77.2 76.7 76.9 77.1 78 76.6 75.6 76.8 75.9 74.4
44.7 47.2 48.5 50 48.5 49.1 49 50.6 54.3 54.5 54.3 53.4 53.8 53.7 53.7 53.8 51.6 51.7 48.4 53.2 55.2 53.9 55.4 54.2 50.4 50.4 50.6 55.8 58.1 60.6 61.5 62.1 63 63.9 64.7 65.6 66 66.2 67.4 68.1 68.4 69.2 70.4 70.7 70.8 71.1 71.9 73.7 73.2 74.7 74.6 75.3 77.5 78.4 79.9 82.4 85.1 86.4 87.5 88.5 89 89.1 89.1 88.6 88 87.8 88.6 88.6 89.2 87.9 86.7 86.5 85.7 84.7 83.7 81.7 81.5 81.2 81.9 83.3 83.7 80.3 79.3 79.1 78 76.5
50.2 51.3 53.1 53.2 52.5 53.1 53.8 52.7 56.8 57.5 57.9 57.1 56.3 56.1 54.4 55.9 55.6 53 52.8 56.6 57.1 56.7 56.9 55.2 50.4 52 55.8 57.2 59.7 61.4 62.7 63.9 64.8 65.8 66.7 67.6 68.2 68.7 69.8 70.9 71.7 72.4 73.2 74.2 74.4 74.5 88 89.1 78.3 79.7 79.1 80.8 83 84.4 88.3 91.6 90.5 90 90.9 90.3 89.5 89.8 90.7 91 90.7 90.6 90.6 90.9 91.6 91.7 90.6 91.2 90.2 89.2 88.2 87.3 86.9 86.3 88 90.7 88.1 83.3 81.7 80.9 79.8 78.2
