data/460000-410000.asc
ncols 200
nrows 200
xllcorner 460000
yllcorner 410000
cellsize 50
[rows 43 to 85 of 200, columns 0 to 95 of 200]
4.9 5 5.9 4.9 4.6 4.4 4.2 4 3.9 3.7 3.6 3.4 3.3 3.1 3 3 3.2 3.6 3.9 3.5 4.1 3.6 3.6 3.6 3.5 3.6 3.7 4.1 4.2 2.9 2.9 3.2 3.4 3.6 4 4.1 4.1 4.2 4.2 4.2 4.2 3.7 3.4 3.2 2.9 3.9 3.4 3 3 3 2.9 2.8 2.6 2.3 1.9 1.5 1.3 1.3 1.3 1.4 1.4 1.5 1.5 1.6 1.6 1.7 1.7 1.8 1.8 1.9 1.9 2 2.6 2.5 2.4 2.6 2.3 2.6 2.8 2.8 2.8 2.8 2.7 2.5 2.6 2.8 3.1 3.9 4.1 4 4.2 4.4 4.7 5 5 5
4.9 5 5 4.8 4.6 4.3 4 3.8 3.6 3.4 3.3 3.1 3 2.8 2.7 2.7 2.9 3.3 3.5 3.1 3.7 3.3 3.3 3.3 3.3 3.3 3.4 3.8 3.9 2.9 2.8 2.9 3.2 3.4 3.7 4 4 4 4.1 4.1 4 3.5 3.1 3 2.7 3.5 3.3 2.9 2.7 2.7 2.6 2.5 2.3 2 1.7 1.3 1.4 1.5 1.5 1.6 1.6 1.7 1.7 1.8 1.8 1.9 1.9 2 2 2.1 2.1 2.4 2.7 2.6 2.5 2.7 2.5 2.7 2.9 3 2.9 2.9 2.9 2.7 2.7 3 3.3 3.8 4.2 4.3 4.3 4.6 4.9 5.1 5 4.9
5 5.3 5 4.7 4.5 4.2 4 3.7 3.5 3.2 3 2.8 2.7 2.5 2.4 2.3 2.6 2.8 3 2.8 2.8 3 3 3 3 3 3.1 3.5 3.6 2.9 2.6 2.7 3 3.2 3.5 3.7 3.9 3.9 3.9 4 3.8 3.3 2.9 2.8 2.5 3.2 3.1 2.7 2.4 2.4 2.3 2.2 2 1.8 1.5 1.4 1.5 1.7 1.7 1.8 1.8 1.9 1.9 2 2 2.1 2.1 2.1 2.2 2.2 2.3 2.8 2.8 2.7 2.6 2.7 2.6 2.7 3 3.1 3 3 3 2.8 2.8 3.1 3.4 3.7 4.3 4.5 4.6 4.8 5 5 5 4.9
5.1 5.9 5 4.8 4.5 4.2 3.9 3.6 3.4 3.1 2.9 2.6 2.4 2.2 2 1.9 2.2 2.4 2.5 2.5 2.5 2.6 2.6 2.7 2.7 2.8 2.9 3.2 3.3 2.9 2.5 2.5 2.8 3 3.2 3.5 3.8 3.8 3.8 3.8 3.6 3.1 2.7 2.6 2.4 2.9 2.8 2.4 2.1 2 2 1.9 1.7 1.5 1.3 1.5 1.6 1.7 1.9 2 2 2 2.1 2.1 2.2 2.2 2.3 2.3 2.4 2.4 2.5 2.9 2.9 2.8 2.8 2.8 2.8 2.8 3 3.2 3.2 3.1 3.1 2.9 3 3.3 3.5 3.8 4.1 4.6 4.8 4.9 5 5 4.9 4.9
5 4.1 4.7 5 4.7 4.4 4.1 3.8 3.5 3.2 2.9 2.6 2.3 2 1.8 1.6 1.7 1.9 2.1 2.2 2.2 2.3 2.3 2.4 2.4 2.5 2.6 2.9 3 2.8 2.3 2.3 2.6 2.8 3 3.3 3.5 3.7 3.7 3.7 3.4 2.9 2.5 2.4 2.2 2.6 2.5 2.2 1.9 1.7 1.7 1.5 1.4 1.4 1.5 1.6 1.8 1.9 2 2.2 2.2 2.2 2.3 2.3 2.4 2.4 2.5 2.5 2.6 2.6 2.7 3 3 2.9 2.9 2.9 3 2.9 3.1 3.3 3.3 3.2 3.3 3.1 3.1 3.4 3.7 3.9 4.2 4.7 4.8 5 5 4.9 4.9 4.8
5.8 4.8 4.5 5 5 4.7 4.4 4.1 3.8 3.5 3.1 2.8 2.5 2.2 1.9 1.6 1.5 1.5 1.6 1.8 1.8 2 2 2.1 2.2 2.3 2.4 2.6 2.7 2.8 2.2 2.2 2.3 2.6 2.8 3.1 3.3 3.6 3.6 3.6 3.2 2.7 2.3 2.2 2 2.3 2.1 2 1.7 1.4 1.4 1.4 1.6 1.6 1.6 1.7 1.9 2 2.2 2.3 2.4 2.4 2.5 2.5 2.6 2.6 2.7 2.7 2.8 2.8 3 3.1 3.1 3 3 3 3.1 3.1 3.2 3.4 3.4 3.4 3.4 3.2 3.3 3.5 3.8 4.1 4.4 4.6 4.9 5 4.9 4.8 4.8 4.8
5.6 5 4.5 4.8 5 5 4.7 4.3 4 3.7 3.4 3.1 2.8 2.5 2.2 2.1 1.9 1.7 1.5 1.4 1.5 1.6 1.7 1.8 1.9 2 2.1 2.3 2.4 2.5 2 2 2.1 2.4 2.6 2.9 3.1 3.3 3.5 3.5 3 2.6 2.1 2 1.9 1.9 1.8 1.7 1.6 1.4 1.6 1.7 1.9 1.9 1.9 1.9 2 2.2 2.3 2.5 2.6 2.6 2.7 2.7 2.7 2.8 2.8 2.9 2.9 3 3.3 3.3 3.2 3.2 3.1 3.1 3.2 3.2 3.3 3.5 3.5 3.5 3.5 3.4 3.4 3.7 3.9 4.2 4.5 4.8 5 4.9 4.8 4.7 4.7 4.8
4 5 5 4.5 5 5.1 4.9 4.6 4.3 4 3.7 3.4 3.1 2.8 2.7 2.6 2.4 2 1.8 1.7 1.6 1.4 1.4 1.5 1.6 1.7 1.8 2 2.1 2.2 1.9 1.9 1.9 2.2 2.4 2.6 2.9 3.1 3.4 3.3 2.8 2.4 1.9 1.7 1.7 1.6 2 2.4 2.3 1.9 1.9 2.1 2.3 2.2 2.2 2.1 2.2 2.3 2.4 2.6 2.8 2.9 2.9 2.9 2.9 3 3 3.1 3.1 3.2 3.4 3.4 3.4 3.3 3.2 3.2 3.3 3.3 3.4 3.5 3.6 3.6 3.6 3.5 3.5 3.8 4.1 4.4 4.6 4.9 5 4.8 4.7 4.6 4.6 4.7
4 5 5 4.9 4.8 5 5.1 4.9 4.6 4.3 4 3.6 3.4 3.4 3.2 3 2.6 2.3 2.2 2 1.9 1.8 1.7 1.5 1.4 1.5 1.6 1.7 1.8 1.9 1.7 1.7 1.7 2 2.2 2.4 2.7 2.9 3.1 3.1 2.6 1.9 1.5 1.9 2.4 2.8 3.2 3.6 2.8 2.3 2.3 2.4 2.6 2.5 2.5 2.4 2.4 2.5 2.5 2.7 2.9 3.1 3.1 3.1 3.1 3.2 3.2 3.3 3.3 3.4 3.4 3.5 3.5 3.4 3.3 3.3 3.4 3.5 3.5 3.7 3.7 3.7 3.8 3.7 3.7 4 4.2 4.5 4.7 5 4.9 4.6 4.5 4.4 4.5 4.5
4 4.6 5 5 4.9 5 5.1 5.2 4.8 4.5 4.3 4 4 3.8 3.6 3.2 2.8 2.6 2.4 2.3 2.2 2.1 1.9 1.8 1.7 1.6 1.5 1.4 1.5 1.6 1.5 1.6 1.6 1.7 2 2.2 2.4 2.3 1.8 1.3 2.1 1.9 2.2 2.6 3.4 4 4.4 3.8 3.3 2.8 2.6 2.8 2.9 2.8 2.8 2.7 2.6 2.7 2.7 2.8 3 3.2 3.4 3.4 3.4 3.4 3.4 3.4 3.5 3.7 3.6 3.6 3.6 3.5 3.4 3.4 3.5 3.6 3.7 3.8 3.8 3.9 3.9 3.8 3.8 4.1 4.4 4.4 4.7 5 4.6 4.3 4.2 4.2 4.2 4.3
4.8 4.2 4.9 5 4.9 4.9 5 5.1 5.1 4.9 4.6 4.6 4.5 4.2 3.8 3.4 3.1 2.9 2.7 2.6 2.5 2.3 2.1 2 1.9 1.8 1.7 1.7 1.5 1.4 1.4 1.4 1.4 1.5 1.5 1.4 1.4 1.7 2.3 3.5 3.2 2.6 2.8 3.2 4 4.8 5.3 4.3 3.8 3.3 3 3.2 3.2 3.1 3.1 3 2.9 2.8 2.9 3 3.1 3.3 3.5 3.7 3.7 3.6 3.6 3.6 3.7 3.8 3.7 3.7 3.7 3.7 3.6 3.5 3.6 3.7 3.8 3.9 4 4 4 3.9 4 4.1 4.1 4 6.3 4.7 4.1 4 4 4 4.1 3.8
5.6 5.9 4.1 4.7 5 4.5 4.8 5 5.2 5 5.1 5.1 4.8 4.4 4 3.5 3.4 3.2 3 2.9 2.8 2.5 2.4 2.3 2.2 2.1 2 1.9 1.8 1.7 1.8 1.9 1.9 1.8 1.9 2 2.3 2.6 3 3.9 3.9 3.6 3.5 3.8 4.6 5.3 4.7 4.7 4.3 3.8 3.4 3.5 3.5 3.4 3.4 3.3 3.2 3.1 3.1 3.2 3.3 3.3 3.6 3.8 4 4 3.8 3.8 3.9 3.8 3.8 3.8 3.8 3.8 3.7 3.6 3.7 3.8 3.9 4 4.1 4.1 4.2 4.1 4.1 4.1 4.2 4.5 5 4.2 3.6 3.8 3.9 3.9 3.9 3.6
5.1 5.6 4.3 4 5.8 5.1 4.3 5.9 5.3 5.2 5.3 5.4 5 4.6 4.1 3.9 3.7 3.5 3.4 3.2 3 2.8 2.6 2.5 2.4 2.3 2.3 2.2 2.1 2 2.1 2.5 2.4 2.4 2.4 2.6 2.8 3.4 3.7 4.3 4.3 4.4 4.2 4.3 5.1 4.7 4.5 4.4 4.6 4.3 3.8 3.9 3.8 3.7 3.6 3.6 3.5 3.4 3.4 3.4 3.5 3.5 3.6 3.9 4.1 4.3 4.3 4.1 4.1 3.9 4 4 4 3.9 3.8 3.7 3.8 3.9 4 4.1 4.2 4.2 4.3 4.4 4.4 4.4 4.6 5 4.9 4.5 3.9 3.7 3.8 3.7 3.7 3.4
5.4 5.9 5.9 5.9 6 5.7 5.1 4.5 5.3 4.7 4.7 5.1 5.2 4.7 4.3 4.1 3.9 3.8 3.6 3.4 3.2 3 2.9 2.8 2.7 2.6 2.5 2.4 2.4 2.3 2.4 2.8 3 3 3 3.2 3.3 3.8 4.5 4.7 4.7 4.8 4.9 5 4.9 4.7 4.6 4.4 4.4 4.4 4.3 4.2 4.1 4 3.9 3.9 3.8 3.7 3.7 3.6 3.7 3.8 3.7 3.9 4.1 4.4 4.6 4.4 4.1 4 4.2 4.2 4.2 4.1 3.9 3.8 3.8 3.9 4.1 4.2 4.3 4.3 4.4 4.5 4.6 4.7 4.9 5 4.8 4.4 4.1 3.7 3.7 3.7 3.7 3.5
5.7 5.8 5.8 5.8 5.8 5.8 5.6 5.4 5.1 4.6 4.3 4.5 4.9 4.9 4.6 4.4 4.2 4 3.8 3.6 3.4 3.2 3.1 3 3 2.9 2.8 2.7 2.6 2.5 2.8 3.1 3.5 3.6 3.6 3.7 3.9 4.3 5.1 4.5 4.6 4.9 5 5 5 4.8 4.6 4.5 4.5 4.4 4.4 4.4 4.4 4.3 4.2 4.2 4.1 4 4 3.9 3.9 4 4 4 4.2 4.4 4.6 4.5 4.2 4.2 4.4 4.4 4.4 4.2 4.1 3.9 3.8 3.9 4.1 4.2 4.3 4.4 4.5 4.6 4.7 4.8 5 4.9 4.6 4.3 4 3.7 3.7 3.7 4 2.8
5.7 5.7 5.7 5.7 5.7 5.7 5.7 5.5 5.3 5 5 5.6 5.1 4.8 4.9 4.7 4.5 4.3 4 3.8 3.6 3.5 3.4 3.3 3.2 3.1 3.1 3 2.9 2.8 3.1 3.4 3.8 4.1 4.1 4.3 4.5 4.8 5.8 5.1 4.2 4.5 5 5 5 4.8 4.7 4.5 4.5 4.5 4.5 4.4 4.4 4.4 4.4 4.4 4.4 4.3 4.3 4.2 4.1 4.2 4.2 4.2 4.2 4.5 4.7 4.5 4.3 4.6 4.6 4.6 4.5 4.4 4.2 4 3.9 4 4.1 4.3 4.4 4.5 4.6 4.7 4.8 4.9 5 5 4.9 4.7 4.4 4.2 4.4 4.6 4.6 4.4
5.6 5.6 5.6 5.6 5.6 5.6 5.6 5.6 5.4 5.1 5 5 5.5 5.7 6 4.9 4.7 4.5 4.3 4 3.8 3.7 3.6 3.6 3.5 3.4 3.3 3.3 3.2 3.1 3.4 3.7 4.1 4.5 4.7 4.9 5.3 5.1 5.1 5 5 5.9 5 5 4.9 4.8 4.7 4.6 4.6 4.5 4.6 4.5 4.4 4.3 4.3 4.3 4.3 4.3 4.3 4.3 4.3 4.4 4.4 4.4 4.3 4.5 4.7 4.6 4.4 4.8 4.8 4.8 4.7 4.5 4.3 4.1 4 4 4.1 4.3 4.5 4.6 4.7 4.8 4.9 5 5 5 5 5 4.9 4.7 4.8 4.9 4.6 4.6
5.4 5.4 5.5 5.5 5.5 5.5 5.5 5.5 5.5 5.2 5 5 5.7 5.5 5.5 5.5 4.9 4.7 4.5 4.3 4.1 4 3.9 3.8 3.8 3.7 3.6 3.5 3.4 3.4 3.7 4.1 4.4 4.8 4.6 5.2 5.9 5.4 5.2 5.2 5.2 5.1 5.3 4.7 4.7 4.7 4.7 4.7 4.6 4.6 4.7 4.6 4.5 4.4 4.3 4.3 4.3 4.3 4.3 4.3 4.3 4.5 4.6 4.5 4.6 4.5 4.8 4.7 4.7 5.1 5.1 4.9 4.8 4.6 4.4 4.3 4.1 4 4.2 4.3 4.5 4.6 4.7 4.8 5 5 5 5 5 5 4.9 4.9 4.9 4.9 4.8 4.9
5.3 5.3 5.3 5.3 5.3 5.4 5.4 5.4 5.4 5.3 5.1 5 5.8 5.6 5.6 5.5 5.3 4.9 4.7 4.5 4.3 4.3 4.2 4.1 4 3.9 3.9 3.8 3.7 3.7 4 4.4 4.5 4.4 4.1 4.3 4.9 5.8 5.4 5.4 5.3 5.2 5.2 4.3 4.4 4.4 4.4 4.6 4.6 4.7 4.8 4.7 4.6 4.5 4.4 4.3 4.3 4.3 4.3 4.3 4.2 4.7 4.9 4.7 4.7 4.7 4.8 4.7 5 5.3 5.2 5.1 4.9 4.7 4.6 4.4 4.2 4.1 4.2 4.3 4.5 4.7 4.8 4.9 5 5 5 5 5 5 4.9 4.9 4.9 4.9 4.9 4.9
5.2 5.2 5.2 5.2 5.2 5.2 5.2 5.2 5.3 5.3 5.2 5 5.9 5.7 5.7 5.5 4.4 4.8 4.9 4.7 4.6 4.5 4.5 4.4 4.3 4.2 4.1 4.1 4 4 4.2 4.2 4.1 4.1 4.4 4.6 4.9 5.1 5.5 5.6 5.5 5.3 5.1 4.6 4.2 4.5 4.7 4.4 3.6 4.8 4.8 4.8 4.7 4.5 4.4 4.3 4.3 4.2 4.2 4.2 4.2 4.4 5.1 5.1 4.9 4.8 4.8 4.9 5.3 5.5 5.4 5.2 5 4.8 4.7 4.5 4.3 4.2 4.2 4.4 4.5 4.7 4.9 5 5 5 5 5 5 4.9 4.9 4.9 3.8 4.8 4.8 4.8
5.1 5.1 5.1 5.1 5.1 5.1 5.1 5.1 5.1 5.1 5.1 5 5.9 5.8 5.7 5.6 5.3 4.6 4.9 4.9 4.8 4.7 4.7 4.6 4.5 4.4 4.3 4.2 4 4 4.1 4 4.2 4.4 4.7 4.9 5.2 5.4 5.5 5.7 5.6 5.4 5.2 5.1 4.2 4 5.1 4.6 4 4 4.9 4.8 4.7 4.6 4.5 4.4 4.3 4.2 4.2 4.2 4.2 4.1 5.1 5.4 5.3 5.1 5 5.2 5.6 5.7 5.5 5.3 5.1 5 4.8 4.6 4.5 4.3 4.2 4.4 4.6 4.7 4.9 5 5 5 5 5 5 4.9 4.9 4.8 3.7 4.7 4.7 4.7
5 5 5 5 5 5 5 5 5 5 5 5 5.6 5.9 5.9 5.6 5.4 5.6 4.3 5 5 4.9 4.8 4.7 4.6 4.5 4.4 4.1 3.8 3.7 4 4.2 4.5 4.7 5 5.1 5.2 5.2 5.5 5.7 5.6 5.5 5.3 5.2 5 6 5.7 5.2 4.4 4.8 5.1 4.9 4.8 4.7 4.6 4.5 4.4 4.3 4.2 4.2 4.1 4.1 4.6 5.6 5.6 5.4 5.3 5.2 5.9 5.8 5.6 5.4 5.3 5.1 4.9 4.8 4.6 4.4 4.3 4.4 4.6 4.7 4.9 5 5 5 5 5 5 4.9 4.8 4.7 3.5 4.6 4.6 4.7
5.4 5.4 5.4 5.4 5.4 5.4 5.4 5.4 5.3 5.2 5 4.8 5.4 6 6 4.4 4 4 4.2 4.9 5.1 5 4.9 4.8 4.7 4.4 4.1 3.9 3.6 3.8 4.6 4.5 4.7 4.8 4.8 4.9 5 5.3 5.6 5.6 5.6 5.5 5.4 5.2 5.1 5.7 5.5 5 4.7 5.5 5.3 4.8 4.7 4.6 4.5 4.4 4.3 4.2 4.3 4.5 4.1 4.1 4.1 5.3 5.9 6 6 5.1 6 5.8 5.7 5.6 5.4 5.2 5 4.9 4.7 4.5 4.4 4.4 4.6 4.8 5 5 5 5 5 5 4.9 4.8 4.7 4.6 3.3 4.5 4.5 4.6
5.9 5.9 5.9 5.8 5.6 5.4 5.3 5.1 4.9 4.7 4.5 4.4 4.2 5 6 4 4 4 4 4.9 5.1 5.2 5 4.8 4.5 4.3 4.1 3.9 3.8 4.2 4.3 4.4 4.5 4.5 4.6 4.7 5.1 5.4 5.7 5.6 5.5 5.4 5.3 5.3 5.1 5.3 5.7 5 4.6 5.8 5.5 4.6 4.6 4.5 4.4 4.3 4.2 4.3 4.4 4.5 4.7 4.9 4.3 6 6 6 6 6 6 5.8 5.7 5.6 5.4 5.3 5.1 5 4.8 4.7 4.5 4.4 4.6 4.9 5 5 5 5 5 4.9 4.8 4.7 4.6 4.5 3.3 4.4 4.4 4.5
5.9 5.7 5.6 5.5 5.4 5.2 5.1 5 4.9 4.8 4.7 4.6 4.4 4 6 6 6 5.9 4.8 5 4.8 5.2 5.1 4.9 4.7 4.4 4.3 4.1 4 3.9 4.3 4.2 4.2 4.3 4.5 4.8 5.2 5.5 5.7 5.6 5.5 5.4 5.3 5.2 5.1 5 5.9 5.2 4.9 5.8 5.4 4.8 4.4 4.3 4.2 4.2 4.3 4.4 4.5 4.6 4.8 4.9 5.5 6 6 6 6 6 5.6 5.8 5.8 5.6 5.5 5.3 5.2 5 4.9 4.7 4.6 4.5 4.7 5 5 5.1 5.1 5.1 4.9 4.8 4.7 4.6 4.5 4.4 3.3 4.3 4.3 4.4
6.1 6 5.9 5.8 5.7 5.7 5.6 5.5 5.4 5.3 5.2 5.1 5 4.8 5.7 5.9 5.9 5.8 5.9 5.1 5.4 5.3 5.1 5 4.8 4.6 4.5 4.4 4.1 4 3.9 3.9 4 4.2 4.6 4.9 5.2 5.6 5.7 5.6 5.5 5.4 5.3 5.2 5.1 5 5.7 5 5.3 5.5 5.1 4.9 4.3 4.2 4.1 4.2 4.4 4.5 4.6 4.7 4.8 5 5.7 6 6 5.3 4 5 5.2 5.4 5.6 5.7 5.6 5.4 5.3 5.1 5 4.8 4.7 4.6 5.2 5 5.1 5.1 5.1 5 4.8 4.7 4.6 4.5 4.4 4.3 3.2 4.2 4.3 4.3
6 5.9 5.8 5.7 5.6 5.5 5.5 5.4 5.3 5.2 5.1 5 5 5 5 5 5.4 5.4 5.9 5 5.9 5.7 5.9 5.6 4.4 4 4 4 4 4 3.8 3.7 4 4.3 4.7 5 5.3 5.7 5.7 5.6 5.5 5.4 5.3 5.2 5.1 5 4.8 4.8 5.1 5.2 4.9 4.6 4.2 4.1 4.2 4.3 4.4 4.5 4.7 4.8 4.9 5.2 4.5 5 4.8 4.6 4.3 4.7 5.1 5 5.2 5.4 5.6 5.5 5.4 5.2 5.1 4.9 4.8 4.7 5.5 5.5 5.1 5.1 5 4.9 4.7 4.6 4.5 4.4 4.3 4.2 3.4 4.1 4.2 4.2
5.8 5.8 5.7 5.6 5.5 5.4 5.3 5.2 5.2 5.1 5.1 5 5 5 5.2 5 5 5 5 4.3 5.9 4.9 4.5 4 4 4 4 4 4 4 3.8 3.8 4.1 4.4 4.8 5.1 5.4 5.8 5.7 5.6 5.5 5.4 5.3 5.2 5.1 5 4.8 4.6 4.8 4.8 4.5 4.3 4.1 4.2 4.3 4.4 4.5 4.6 4.7 4.8 4.9 5 5 5 5.1 5 4.7 4.5 5.2 5.3 5 5 5.2 5.4 5.4 5.3 5.2 5 4.9 4.8 5 5.3 5.1 5 4.9 4.7 4.6 4.5 4.4 4.3 4.2 4.1 3.6 4 4.1 4.1
5.7 5.6 5.5 5.5 5.4 5.3 5.2 5.1 5.1 5.1 5.1 5.1 5.1 5 5.1 5.1 5 5 5.4 6 4.3 4.4 4 4 4 4.5 4.4 4.3 4.2 4.1 3.9 3.8 4.2 4.5 4.9 5.2 5.5 5.7 5.6 5.5 5.5 5.4 5.3 5.2 5.1 5 4.9 4.6 4.6 4.4 4.2 4.2 4.1 4.2 4.3 4.4 4.5 4.6 4.7 4.8 4.9 5 5 5 5 5.3 5.1 4.9 4.7 5.5 5.4 5.2 5 5 5.1 5.3 5.2 5.1 5 4.9 5 4.8 5 4.9 4.8 4.6 4.5 4.4 4.3 4.2 4.1 4 3.8 3.9 4 4
5.6 5.5 5.4 5.3 5.2 5.2 5.1 5.1 5.1 5.1 5.1 5.1 5.1 5.1 5 5.4 5.1 5 5 6 5 5.3 4 4 4 4 5 4.9 4.8 4.7 4.5 4.3 4.2 4.6 5 5.3 5.6 5.7 5.6 5.5 5.4 5.3 5.2 5.1 5 5 4.9 4.5 4.3 4.2 4.2 4.2 4.2 4.2 4.3 4.4 4.5 4.6 4.7 4.8 4.9 5 5 5 5 5 5.4 5.3 5 5.1 5.8 5.6 5.4 5 5 5 5.1 5.1 5.1 5 4.8 4.7 4.7 4.8 4.7 4.5 4.4 4.3 4.2 4.1 4 3.9 3.8 3.8 3.9 3.9
5.5 5.4 5.3 5.2 5.2 5.1 5.1 5.1 5.1 5.1 5.1 5.1 5.1 5.1 5 5.2 5.5 5.1 5 6 6 6 4 4 4 4 4 5.5 5.4 5.6 5.2 4.9 4.7 4.6 5 5.4 5.7 5.7 5.6 5.5 5.4 5.3 5.2 5.1 5 5 4.5 4.2 4.2 4.3 4.3 4.3 4.2 4.2 4.3 4.4 4.5 4.6 4.7 4.8 4.9 5 5 5 5 5 5.3 5.5 5.5 5.2 5.5 6 5.7 5.5 5.2 5 5 5 5 5 4.9 4.7 4.5 4.5 4.5 4.4 4.3 4.2 4.1 4 3.9 3.8 3.7 3.7 3.8 3.8
5.3 5.2 5.2 5.2 5.2 5.2 5.2 5.1 5.1 5.1 5.1 5.1 5.1 5.1 5.1 5.1 5.5 5.5 5 5.6 6 4 4 4 4 4 4 4 6 6 5.4 5.2 5.3 5.2 5.1 5.5 5.8 5.7 5.6 5.5 5.4 5.3 5.2 5.1 5 5.8 4.4 4.3 4.3 4.4 4.4 4.3 4.2 4.2 4.3 4.4 4.5 4.6 4.7 4.8 4.9 5 5 5 5 4.9 4.9 5.5 5.7 5.6 5.4 5.9 6.2 5.9 5.6 5.4 5 5 5 5 4.9 4.7 4.5 4.3 4.4 4.3 4.2 4.1 4 3.9 3.8 3.7 3.6 3.6 3.7 3.7
5.2 5.2 5.2 5.2 5.2 5.2 5.2 5.2 5.2 5.1 5.1 5.1 5.1 5.1 5.1 5 5.3 5.7 5.4 5 4.1 4.3 4 4 4 4 4 4 6 5.9 5.1 5.2 5.3 5.5 5.6 5.6 5.8 5.7 5.6 5.5 5.4 5.3 5.2 5.1 5.5 5 4.4 4.4 4.4 4.4 4.4 4.3 4.2 4.2 4.3 4.4 4.5 4.6 4.7 4.8 4.9 5 5 5 5 4.9 4.9 5.1 5.7 5.8 5.8 5.6 6.1 6.4 6 5.7 5.7 5.2 5 5.1 4.9 4.7 4.5 4.3 4.1 4.2 4.1 4 3.9 3.8 3.7 3.6 3.5 3.5 3.6 3.6
5.2 5.2 5.2 5.2 5.2 5.2 5.2 5.2 5.2 5.2 5.2 5.1 5.1 5.1 5.1 5 5.2 5.6 5.8 5 4.4 4.6 4 4 4 4 4 4 6 5.6 5.1 5.2 5.4 5.5 5.6 5.7 5.7 5.4 5.3 5.1 5 4.9 4.7 4.6 5 5.2 4.4 4.5 4.5 4.5 4.4 4.3 4.2 4.2 4.3 4.4 4.5 4.6 4.7 4.8 4.9 5 5 5 5 5 4.9 4.9 5.4 5.9 5.9 5.9 5.9 6.5 6.5 6.2 5.9 5 5.1 5.1 4.9 4.7 4.5 4.3 4.1 3.9 4 3.9 3.8 3.7 3.6 3.4 3.4 3.4 3.5 3.5
5.3 5.2 5.2 5.2 5.2 5.2 5.2 5.2 5.2 5.2 5.2 5.2 5.2 5.1 5.1 5.1 5.1 5.5 5.8 5.2 4.6 4.9 4.1 4 4 4 4 4 4 4.9 5.1 5.2 5.4 5.5 5.6 5.7 5.8 5.6 5.5 5.3 4.8 4.3 4.2 5 5 5.3 4.5 4.5 4.6 4.5 4.4 4.3 4.3 4.2 4.3 4.4 4.5 4.6 4.7 4.8 4.9 5 5 5 5 5 4.9 4.9 5 5.7 6 6.1 6.1 6.3 6.8 6.7 6.4 7 5.3 5.1 4.9 4.7 4.5 4.3 4.1 3.9 3.7 3.8 3.7 3.6 3.5 3.3 3.3 3.3 3.4 3.4
5.3 5.3 5.3 5.2 5.2 5.2 5.2 5.2 5.2 5.2 5.2 5.2 5.2 5.2 5.1 5.1 5 5.3 5.8 5.4 4.3 5.2 4.4 4 4 4 4 4 4 5 5.1 5.3 5.4 5.5 5.6 5.8 5.8 5.7 5.5 5.4 5.2 5.1 4.2 5 5 5.4 4.6 4.6 4.6 4.5 4.5 4.4 4.3 4.2 4.3 4.4 4.5 4.6 4.7 4.8 4.9 5 5 5 5 5 4.9 4.9 4.9 5.3 5.9 6.1 6.2 6.3 6.5 7.1 7.2 6.6 5.1 4.9 4.8 4.7 4.5 4.3 4.1 3.9 3.7 3.5 3.6 3.5 3.4 3.2 3.2 3.2 3.3 3.3
5.3 5.3 5.3 5.3 5.3 5.2 5.2 5.2 5.2 5.2 5.2 5.2 5.2 5.2 5.2 5.1 5 5.2 5.1 4.6 4.1 5.5 4.7 4 4 4 4 4 4 5 5.1 5.3 5.4 5.5 5.6 5.8 5.8 5.7 5.5 5.4 5.3 5.1 4 5 5 5.5 4.7 4.7 4.7 4.6 4.5 4.4 4.3 4.2 4.3 4.4 4.5 4.6 4.7 4.8 4.9 5 5 5 5 5 4.9 4.9 4.9 4.9 5.5 6.2 6.2 6.3 6.5 6.7 6.7 5.8 4.9 4.7 4.6 4.5 4.4 4.3 4.1 3.9 3.7 3.5 3.3 3.4 3.2 3.1 3.1 3.1 3.2 3.2
5.4 5.4 5.4 5.4 5.3 5.3 5.3 5.3 5.2 5.2 5.2 5.2 5.2 5.2 5.2 5.1 5.1 5.7 4.5 4 4.1 5.8 5 4.1 4 4 4 4 4.1 5.1 5.1 5.3 5.4 5.5 5.7 5.8 5.9 5.7 5.6 5.4 5.3 5.1 5 4.8 5 5.5 4.8 4.8 4.7 4.6 4.5 4.4 4.3 4.2 4.3 4.4 4.5 4.6 4.7 4.8 5 5 5 5 5 5 4.9 4.9 4.9 4.9 5.1 5.8 6.3 6.4 6.5 6.7 6.4 5.3 4.6 4.5 4.4 4.3 4.2 4.1 4 3.9 3.7 3.5 3.3 3.2 3.1 3 3 3 3.1 3.1
5.5 5.5 5.5 5.5 5.5 5.4 5.4 5.4 5.3 5.3 5.3 5.3 5.2 5.2 5.2 5.1 5.1 4.9 4.6 4 5.7 5.5 5.1 4.2 5.4 4.1 4.2 4.2 4.7 5.1 5.2 5.3 5.4 5.5 5.7 5.8 5.9 5.7 5.6 5.5 5.3 5.2 5.1 4.4 5.1 5.6 4.8 4.8 4.7 4.6 4.5 4.4 4.3 4.2 4.3 4.4 4.5 4.6 4.7 4.8 5 5 5 5 5 5 4.9 4.9 4.9 4.9 4.9 5.4 6.1 6.4 6.5 6.4 5.6 4.7 4.4 4.3 4.1 4 3.9 3.8 3.7 3.6 3.5 3.4 3.3 3.1 3 2.9 2.9 2.9 3 3
5.5 5.5 5.5 5.6 5.6 5.5 5.5 5.5 5.5 5.4 5.4 5.4 5.4 5.3 5.2 4.2 4.3 4.5 4.2 4.6 5.1 5.1 5 5.1 5.1 4.3 4.4 4.5 5.1 5.2 5.3 5.3 5.4 5.5 5.7 5.8 5.9 5.8 5.6 5.5 5.3 5.2 5.2 5.1 5.3 5.5 4.9 4.8 4.7 4.6 4.5 4.4 4.3 4.2 4.3 4.4 4.5 4.6 4.7 4.8 5 5 5 5 5 5 4.9 4.9 4.9 4.9 4.9 5 5.7 6.3 6.6 6.2 5.5 4.8 4.2 4.1 3.9 3.8 3.7 3.6 3.5 3.4 3.3 3.2 3.1 3 2.9 2.8 2.8 2.9 3 3.1
5.5 5.5 5.6 5.6 5.6 5.6 5.6 5.6 5.6 5.5 5.5 5.5 5.5 5.4 5.2 4.7 4.5 4.4 4.1 5 5.1 4.9 5.1 5.2 5.1 5.1 4.6 4.7 5.2 5.2 5.3 5.4 5.5 5.6 5.7 5.8 5.9 5.8 5.7 5.5 5.4 5.3 5.3 5.6 5.9 5.3 4.9 4.8 4.7 4.6 4.5 4.4 4.4 4.3 4.3 4.4 4.5 4.6 4.7 4.8 5 5 5 5 5 5 4.9 4.9 4.9 4.9 4.9 4.9 5.3 5.9 6.5 6 5.4 4.8 4.3 3.9 3.7 3.6 3.5 3.4 3.3 3.2 3.1 3 3 2.9 2.8 2.6 2.9 3 3.2 3.3
5.6 5.6 5.6 5.6 5.6 5.6 5.7 5.7 5.7 5.6 5.6 5.6 5.6 5.4 5.2 5.6 5 4.9 5.4 4.8 4.6 4.8 4.9 5.1 5.2 5.2 4.9 5.2 5.2 5.3 5.4 5.5 5.5 5.6 5.7 5.8 5.9 5.8 5.7 5.6 5.5 5.7 6 5.9 5.8 5.7 4.9 4.8 4.7 4.6 4.6 4.5 4.4 4.3 4.3 4.4 4.5 4.6 4.7 4.9 5 5 5 5 5 5 4.9 4.9 4.9 4.9 4.9 4.9 4.9 6.6 6.3 5.7 5.2 4.7 4.3 4 3.7 3.5 3.4 3.4 3.3 3.2 3.1 3 2.9 2.8 2.7 2.5 3.1 3.2 3.4 3.5
5.6 5.6 5.6 5.6 5.6 5.7 5.7 5.7 5.7 5.7 5.7 5.7 5.6 5.4 5.2 5 4.8 4.9 4 4.2 4.5 4.7 4.8 4.9 5 5.1 5.2 5.2 5.3 5.4 5.4 5.5 5.6 5.7 5.7 5.8 5.9 5.9 5.7 5.8 6 5.9 5.8 5.7 5.6 5.5 5 4.9 4.8 4.7 4.6 4.5 4.4 4.3 4.3 4.4 4.5 4.6 4.7 4.9 5 5 5 5 5 5 4.9 4.9 4.9 4.9 4.9 4.9 4.9 6.5 6 5.5 5 4.8 4.5 4.2 3.9 3.7 3.5 3.4 3.3 3.2 3 2.9 2.8 2.6 2.5 2.4 3 3.4 3.6 3.7
