data/460000-1200000.asc
ncols 200
nrows 200
xllcorner 460000
yllcorner 1200000
cellsize 50
[rows 38 to 75 of 200, columns 0 to 84 of 200]
25 15.5 14.2 13.9 13.9 15.2 18.1 19 20.9 23 25.4 28.5 31.5 34.9 39.5 45.9 51.9 56.1 58.3 57.9 56 52.5 48.9 44.1 39.4 36.7 33.7 30.8 29.6 27.3 24.6 22.5 20.7 19.3 19.8 20.9 19.1 18.7 17.3 16 14.6 13.8 13 12.1 11.2 10.5 10.2 7.8 6.7 7.4 8.2 9 9.2 9.6 10.4 9.2 7.5 6.8 6.5 6.2 5.9 6 6.2 5.5 5 4.7 4.1 3.5 2.9 2.1 2.3 3.1 5 6.6 7.6 9.1 9.8 13.6 17.9 20.5 22.9 24.9 24.8 24.7 23.2
26.6 16.6 14.2 15.1 15 15.7 19.9 20.7 20.7 22.9 25.9 29.2 32.7 36.6 40.4 47.2 54.2 59.3 61.1 61 58.9 55.4 50.5 45.9 41.4 37.5 34.1 31.4 29.6 27.2 24.5 22.5 20.8 19.8 20.1 20.5 20.9 20 18.3 17 15.7 14.5 13.6 12.8 11.6 10.3 9.9 8.1 7.9 8.4 9.3 9.9 10.1 10.3 10.4 10.2 9.6 9 8.3 7.6 7.5 7.7 7.6 6.6 6.1 5.7 5.3 4.7 4 3.2 3.7 4.6 7.5 10.4 8.9 9.8 12.3 15.7 19.9 22.6 25 26.4 27.1 26.7 25.6
23.4 16.2 15.5 16 16.2 19.1 23.4 21.9 21.6 24.2 26.4 30.1 33.7 37.5 41.8 49 56 61 62.8 62 60.9 57.6 52.9 48.2 43.6 39.4 35.4 31.4 28.8 26.6 24.4 23.3 22 21.5 21.4 21.1 20.8 19.6 19.2 18 16.7 15.4 14.3 13.2 11.8 10.5 9.8 9.3 9.2 9.4 10 10.6 11.1 11.3 11.4 11.2 10.7 10.3 10.4 9.1 9.7 9.4 8.9 7.7 7.3 6.8 6.5 6 5.3 4.3 4.8 6.2 8.7 10.2 11 13.1 15.1 17.8 21.8 24.6 26.7 27.9 29 28.6 27.2
19.9 15.8 14.6 17.6 17.5 22.5 25.3 21.2 23.2 25.7 27.9 30.5 34.7 38.5 44.5 51 58 62.7 64 63.7 62.7 59.1 53.7 48.8 43.9 39.6 35.5 31.8 29 26.7 25.4 24.3 23.8 23.3 23 22.8 22.6 21.2 19.4 18.9 17.6 16.5 15 13.5 12 11.1 10.8 10.5 10.2 10.3 11.3 11.8 12.2 12.3 12.4 12 11.5 11 10.5 10.8 11.1 10.9 9.9 8.9 8.4 8 8.1 7.9 6.7 5.5 6.4 7.8 8.9 10.7 13 15 17.3 20.5 23.7 26.7 28.2 29.3 30.4 30.1 28.1
17 15.7 15.3 18.5 18.7 24 26.6 22 24.5 26.9 30.4 33.5 36.7 41.1 47.1 53.6 61.1 64.9 67 66.9 64.6 60.2 54.4 48.9 44 39.9 35.6 31.9 29 27.4 26.4 25.6 25.8 25.7 25.2 24.7 24.5 22.9 21.4 20.3 18.8 17.3 15.8 14.2 12.6 12.6 12.4 12.5 10.8 11.1 12.6 12.9 13.2 13.4 13.4 12.8 12.3 11.9 11.5 11.4 11.7 11.3 11.3 9.9 9.5 9.4 10.5 9.7 8.1 7.4 7 8.9 9.8 12.2 14.6 16.9 19.3 23 26.2 28.7 29.9 31 31 30.4 28.4
17.3 15.4 16.6 18.1 22.2 25.4 26.4 23.4 25.6 28.3 31.8 35.4 39.2 43.9 49 56.8 62.8 66.9 68.9 69.2 66.2 60.8 55.2 49.5 44 39.1 35.1 31.4 28.7 28.2 27.7 26.9 27.6 27.6 27.6 27.2 26.9 25.5 24.2 21.7 19.6 18.1 16.5 14.9 13.3 14.2 14 13.4 12.5 12.3 13.9 14 14.3 14.4 14.2 13.7 13.3 12.9 12.6 12.3 12.3 12.2 11.7 11.1 10.5 10.3 10.9 10.7 9.3 9 8.9 9.2 11.7 14.3 16.7 19 21.6 25.3 28.5 30.7 31.3 31 30.6 29.9 28.1
16.7 15.1 17.9 20.1 25.8 26.8 24.1 24.8 26.8 29.6 33.1 36.3 40.1 46.5 51.4 59.1 64.2 68.2 70.5 70.3 67 61.8 56.2 50.5 44.1 38.8 35 31.8 29.7 28.5 28.6 28.3 29.2 29.5 29.7 29.8 29.7 28.3 26.1 23.4 20.8 18.9 17.3 15.6 14.5 15.6 15.5 15 14.5 14.3 15.3 15.3 15.3 15.4 15 14.6 14.3 13.9 13.6 13.3 13.1 12.6 12.3 12.1 11.8 11.5 11.3 11.2 10 9.6 9 11.2 13.9 16.4 18.8 21.1 23.6 26.7 29.3 31.5 31.7 31.4 31 29.8 26.8
15.8 17.8 20.1 21.4 24.7 25.7 24.1 25.9 28.6 30.9 33.7 37 41.2 47.7 54.2 60.3 64.6 68.4 69 69.1 67.9 62.6 57.2 51.3 45.2 39.5 35.8 32.8 30.7 28.9 28.9 28.9 30 30.7 31.3 31.8 31.8 30.8 28.3 25.5 22.8 20 18.5 16.9 15.9 16.7 16.7 16.6 16 16.6 16.5 16.3 16.4 16.3 16 15.6 15.3 15 14.7 14.4 14.2 14.2 14 13.7 13.4 13 12.6 11.6 10.7 10.4 10.9 13 16 18.6 20.9 23.4 25.8 28.6 31.1 31.6 31.7 31.4 30.7 28.6 25.4
16.2 19.9 21.3 22.1 23.3 24.2 24.9 27.2 29.5 31.8 34.6 37.7 41.8 47.2 53.6 59.9 64.9 69.2 69.1 71 68.1 63.1 58 51.5 45.1 39.9 36.7 34 31.9 29.5 30.4 30.3 32 33.2 33.7 34.4 33.6 32.9 30.3 27.6 24.8 21.8 20 18.4 17.3 17.3 17.5 17.8 17.6 17.8 17.7 17.4 17.1 17.5 16.6 16.6 16.3 16.1 15.9 15.7 15.5 15.8 15.6 15.3 15 14.6 13.7 12.3 12.4 12.3 13.5 15.1 17.9 20.7 22.5 25.3 28.1 30.5 31.3 31.6 31.4 30.7 30 27.5 24.1
18.1 20.6 20.7 21.2 22.6 24.4 25.9 27.9 30.4 32.7 35.5 38.5 42.3 47 52.7 59.1 64.8 69.4 70.8 71.1 68.9 64.2 58.9 52.7 46.5 41.4 37.9 35.3 33 31 32.2 33.6 34.6 35.6 36.3 37 35.4 34.9 32.2 29.6 26.8 23.7 21.5 19.8 18.4 18.4 18.4 18.6 19.9 19.3 18.8 18.5 18.3 18.5 17.5 17.5 17.3 17.3 17.1 16.9 16.7 16.5 17.1 17 16.6 15.7 15 14 14.5 14.8 15.6 17.5 19.6 21.7 24.5 27.2 30.2 31 31.3 31.6 31.6 30.7 29 26.3 23.6
18.7 19.5 20.3 21.4 24.2 26 27.7 28.5 31 33.5 36.4 39.6 42.9 47.2 52.2 58.2 63.8 69.1 71.1 71.1 69.9 65.4 60.2 53.7 47.9 43 39.2 36.5 34.4 32.8 34 35.5 36.8 38.3 38.9 38.8 38.6 36.8 34.1 31.6 28.5 25.2 22.6 20.5 18.9 19.4 19.5 20.3 21 21.3 20.8 20.4 19.7 18.9 18.9 18.7 18.3 18.2 18.3 18.1 17.9 17.8 18.6 18.5 18.1 17.6 16.5 15.7 16.3 16.8 17.5 19 19 22.6 25.7 28 30.3 31 31.3 31.6 31.7 31.1 28.6 25.8 23
19.3 21.1 21.7 23.7 27.1 29.3 30.2 31.3 33 35.3 37.8 40.9 43.9 48.2 52.5 57.7 63.2 70.2 72.2 71.6 69.9 67 61.9 56.1 49.7 44.7 39.8 37.8 36.1 34.9 36.1 37.4 38.6 41 40.9 40.8 41.3 39.3 36.9 33.3 29.8 26.4 23.9 21.8 20.5 20.6 21.5 22.4 23.1 23.5 23.1 22.3 21.5 20.6 20.3 19.2 18.9 18.9 19 18.9 18.9 18.9 18.9 20.8 20.3 19.1 18.2 17.5 17.9 18.5 18.9 19 19.1 23.3 25.9 28.3 30.6 31.1 31.4 31.6 31.7 31.1 28.2 25.5 23.6
20.6 20.6 22.9 28.1 32.1 36.1 37.1 33.6 35.6 37.7 39.9 42.2 45.2 49.1 53.4 58.9 64.2 70.8 73.1 72.4 70.6 68.5 63.5 58.4 52.2 46.7 41.9 39.2 37.8 37 38.2 39.3 39.3 41.4 42.9 43.2 42.8 40.7 38.8 34 30.5 27.6 25.2 23 21.9 22.1 23.6 24.4 25.1 25.7 25.3 24.3 23.3 22.4 22.6 21.8 20.7 19.5 18.6 18.5 18.5 18.4 19 19.8 20.6 20.7 20 19.2 20.2 20.4 20.3 19.2 19.3 24 25 27.8 30.3 31.1 31.4 31.7 31.9 31.2 28 26.1 24.3
20.5 23.9 27.2 31.4 37.5 41.8 38 36.9 38.6 40.5 42.1 44 46.7 49.6 54.6 60.1 66.8 71.1 74.2 73.4 71.3 69 64.6 59.5 53.4 48 44.2 40.7 38.7 38.2 38.6 39 40.8 42.9 44.9 45.1 44.5 42.2 38.9 35.6 31.4 28.4 26 24.9 24.2 24.4 25.6 26.5 27.2 27.9 27.3 26.1 25.1 24.2 24.2 24.1 23.4 22.2 20.8 20 19.2 18.9 20.2 21.8 22.4 22.2 22.2 21.1 21.5 21.9 21.7 20.7 20.3 24 26.5 28.1 29.8 31.1 31.4 31.7 32 31.2 29.7 27.8 25.9
23.2 25.8 29.2 36.3 43.4 45.8 38.8 41.5 41.2 42.6 44.2 46.1 49.1 52.1 57.9 63.8 68.6 72.2 75.2 74.8 71.9 69.6 65.6 60.4 54.3 49 45.1 41.4 39 38.6 38.9 40.2 42.2 45.1 47 47.3 47 44.2 40.4 36.1 31.9 29 28.1 27.3 26.5 26.8 27.6 28.4 29.3 29.9 28.9 27.9 26.8 26.3 26.1 26 26.1 24.8 23.5 22.3 21.8 21.9 22.8 24.1 24.2 24.3 24 23.3 23.3 23.2 23.5 23.4 24.7 25 26.3 27.9 29.4 29.7 31.4 31.8 32.1 31.5 31.1 30 28.2
25.6 28.1 33.7 41.7 48.6 44.9 41.5 43.1 44.2 45.5 46.6 48.9 52.7 57.6 63.4 68.2 71.2 74 76.6 76.4 74.3 71 66.4 61.2 55.3 49.6 46 42.1 39.6 39.4 39.9 41.4 44.3 47.4 49.7 50.4 49.6 46.9 40.6 36.3 33.2 30.1 28.9 28.1 28.6 28.5 28.6 29.7 30.2 31.4 30.8 29.5 28.5 28.8 28.1 28.8 29 27.4 26.1 26 26.3 25.9 26.2 27.3 26.7 26.3 25.9 24.3 23.9 23.5 24.2 23.8 24.2 25.7 27.2 27.7 29.3 30.3 31.1 31.5 32.2 31.9 31.5 31.1 29.9
27.3 30.6 38.1 45.5 50.8 44.5 44.3 46 47.7 49.2 51.2 53.7 58.8 64.4 70.1 73.1 75.6 77.4 78.6 78.7 76.4 73.3 68.1 61.6 55.9 49.4 45.8 42.7 40.4 39.9 40.2 42.7 46.5 48.8 50.2 50.6 51 48 41.9 37.9 34.7 32.4 30.7 29.9 30.6 30.9 29.4 31.1 32.1 33 33 32 31.5 31.6 32.1 32.7 33.1 30.7 30.5 31.5 31.9 31.8 31.3 30.5 29.9 29.2 28.3 26.3 23.9 24 22.4 23.3 24.9 26.5 28.1 28.1 29.2 30.6 31.3 31.8 32.3 32 31.4 31 29.2
28.9 33.8 39.7 47.3 48.2 46.1 48.3 50.4 52.1 54.1 56.3 61.4 67.4 72.2 75.8 77.9 79.4 80.7 81.2 80.6 78.5 75.7 70 63.4 56.5 49 44.9 43.1 42.4 41.5 42.4 44.8 48.7 50 50.1 50.4 50.8 49.1 43.9 39.4 36.5 34.7 32.8 32.1 31.8 32.7 32.2 33.6 34.9 35 35.1 34.5 34.9 36.3 37.9 38 39.8 38.5 37.9 39.7 39.9 38.4 37.5 36.5 35.1 32.7 30.8 28.4 25.6 23.8 23.2 24 25.7 27.2 28.7 29.9 29.8 30.6 31.4 32 32.6 31.9 31.2 31 29.7
30.4 36.8 42.1 46 49.2 49.1 51.6 55.2 57.4 60.2 63.4 70 75.5 79.3 80.9 83.2 83.7 84 84.8 83.4 80.8 77.8 71.8 65.5 57.3 50.2 46.3 45.1 44.3 43.3 45.2 47.7 49.4 50.7 50.7 50.7 50.8 49.6 45.1 40.3 38.7 36.7 35 34.6 34.4 34.4 35.8 36.8 37.6 38.1 38.5 38.3 39.1 41.3 43.5 44.6 46.3 45 46.5 47.9 47.7 47.3 43.7 42.4 41 37.4 33.2 29.2 26.5 25 24.6 25.7 26.4 27.7 28.8 30.8 30.4 31.1 32 32.9 32.8 32.1 31.7 31.6 31.5
32.8 40 44.2 47.5 50.6 53.5 56.3 59.7 63.5 67.1 73.4 80.8 83.1 85.9 87.2 87.6 87.9 88.2 88.1 86.3 84.1 79.7 73.4 65.9 58.9 52.2 47.8 47 45.6 45.1 46.3 49 49.1 51.1 51.1 51.1 50.9 48.5 44.3 41 39 37.9 37.3 37.2 37.1 38 39.5 40.9 41.1 41.6 42 41.3 44.4 46.7 49 52 53.3 55.3 56.8 56.5 56 53.9 50.5 48.5 46.3 41.6 35.4 30.8 28.8 27.3 27.8 28.1 26.9 28.1 29.9 30.6 31.2 31.7 32.5 33.2 33 32.6 32.5 32.3 32.5
37 43.4 48.3 51.3 54.2 58.4 61.5 66 71.8 77.2 83 86.2 89 91.4 92 91.8 92 92.3 91.4 89.9 86.2 81.6 74.8 67 60.4 53.8 49.5 48 46.6 47 47.5 49.8 49.6 51.1 51.1 50.5 50.6 50 46.3 44 42 40.3 39.8 39.9 40.4 42.1 44 46.1 46 46 46.4 46.3 48.7 52.7 54.9 57.6 61.3 63.5 64.4 63.8 62.6 59.4 56.2 54.4 51.9 45.1 38 32.7 29.4 28.2 28.3 29.3 29.1 28.7 29.8 31.4 32.4 33.4 33.1 33.2 33.3 33.9 34.2 34.5 34.8
39.2 46.2 52.5 55.4 57.8 64 70.1 73.6 80.5 84.8 88.3 91 93.8 95.9 95.7 95.7 95.9 96.2 95.3 93.2 87.9 82.8 75.2 67.3 60.1 54.3 51.4 49.1 47.8 48.4 49.4 50.4 51.4 51.7 52 51.6 51.2 50.8 49.7 47.7 46 44.5 43.9 43.7 45.7 47.2 49.6 51.5 51.9 51.6 51.5 50.4 54.2 59.2 61.4 63.5 67.9 69.8 70.7 70 69.1 65.5 62.1 60.3 56.8 50 42.9 36.4 32.2 29.4 28.6 29.8 30.5 29.3 30.5 31.8 33.1 34.3 35.6 34.7 33.8 36.6 36.6 36.8 37.1
41.4 48.8 55.5 59.8 62.6 68.9 74.1 79.8 85 89.3 92.2 95.7 98 99.8 99.4 99.5 99.6 99.4 98.9 96.1 90.4 84 76.4 67.3 58.7 55 52.4 50.1 49 48.8 49.4 50.8 52.7 53.2 53.8 53.9 53.5 53.2 52.6 51.3 50 49 48.4 47.8 50.7 53.1 55.7 57.1 58.1 59 58.6 58 59.6 64 68.5 70.9 74.7 75.6 76.4 75.7 74 71.6 68.1 65.9 61.2 55.6 49.3 42.2 35.3 30.6 29.4 29.7 30.1 30.2 31.4 32.6 33.7 34.7 35.4 35.6 34.6 38.6 38.9 38.6 37.4
43.5 50.8 58.1 63.5 67 70.6 75.8 81.2 87.7 92.4 95 98.3 101 102.4 102.9 102.9 102.5 102.1 101.5 98 92.3 85.2 77.4 68.4 60 55.7 52.9 50.8 49 49.8 50.8 52.1 54 54.7 55.4 56.1 55.9 55.7 55.2 54.2 53.9 53.7 53.2 52.1 54.5 58.3 61.5 63.2 64.1 65.1 66.1 66.6 65.8 69.8 74 77.8 80.9 81.5 82.2 81 78.8 76.4 74 70 64.6 59.1 53.2 45.7 37.9 31.1 29.2 30.7 30.7 31.6 32.1 32.6 33.6 34.3 34.8 35.3 35.8 38 38.7 37.6 36.5
44.8 51.9 59.4 66.6 71.1 74.7 78.3 84.5 90.4 94.6 97.6 100.8 103.6 106 106.3 106.5 106.6 105.8 104.2 99.9 93.2 85.5 77.7 69 61.3 56.6 53.4 51.5 50.5 51.2 52.4 53.9 55.4 56.5 57.5 58.4 58.6 58.1 57.3 58 58 58 58 58.5 59.4 62.4 65.5 68 70.1 71.3 72.3 73.4 71.8 74.8 79.4 83.4 86 87.7 87.9 85.9 83.7 81.2 78.9 73.9 68 62.6 55.3 47.3 39.9 33.6 29.6 30.2 31 31.6 34.3 33.4 33.2 33.9 34.6 35.4 36.1 37.1 38.7 38.1 36.9
44.7 53.8 61.4 67.9 73.4 76.1 82.7 88.8 93.3 96.7 100 103.3 106.2 108.1 109.4 109.9 109.9 109.1 105.9 102 94.1 85.9 78.1 69.6 62 57.5 54.2 53.1 52.1 53.4 54.7 56.4 58 59.3 60.2 60.9 60.8 59.5 60 60.8 61.6 62.2 62.5 62.8 63.8 66.3 69.4 71.9 74.4 76.8 78.4 79.5 79.2 81.2 84.6 88.5 91.4 92 91.7 90.1 88.1 85.9 83.2 78.4 70.9 65 57.2 49.7 42.1 35.7 32.1 30.8 32.6 31.9 33.7 34.2 33.8 34.6 35.4 36.1 37.4 39.4 39.8 39.6 37.6
44.2 53.9 63.1 69.4 73.9 79.7 85.8 91 95 98.5 101.7 104.8 107.6 110.2 111.7 111.8 111.9 110.7 108.1 102.5 95.1 86.4 78.5 70.2 63 58.3 55.7 54.7 54.6 56.4 57.7 59.1 59.9 60.6 61.8 62.9 64 62.5 63 63.8 64.8 66.5 67.1 67.5 68 70.4 73.2 75.7 78.2 80.7 83.3 84.6 85.6 87.8 89.8 92.4 94.5 95.5 94.4 93 91.2 89.3 85.1 79.8 73.6 66.5 58.5 51.6 43.7 36.5 31.5 32.1 33.1 32.4 33.7 34.6 34.3 35.1 36 36.8 39.3 40.1 40.6 41 39.3
43.8 55.7 65.4 72.8 77.5 83.6 88.9 92.9 96.8 99.5 102.4 104.9 108.1 110.4 113.2 114.2 113.6 111.8 108.4 103.1 95.8 87.1 78.9 70.9 64.7 59.6 57.5 57.3 57.4 59.1 60.6 61.6 63 63.9 65.7 66.3 66.5 65.7 66 67.3 68.4 70 70.6 70.7 70.4 72.9 76.3 79.3 82 84.5 87.2 89.4 90.8 92.4 94.1 95.8 97.4 98.4 97.3 95.9 93.3 89.9 85.5 80.1 73.4 65.3 57.6 50.8 43.6 37.2 31.8 32.6 33.3 32.9 33.4 34 34.9 35.9 37 38.1 40.3 40.5 41.5 42.3 39
43.6 57.4 68.2 76.7 83.1 88 91.1 94.5 98.4 100.7 103.1 105.5 107.9 110.1 112.6 115.5 115.3 113 108.5 103.3 96.1 87.8 80.3 72.7 66.5 60.5 59 58.6 58.9 62.3 64.3 66.2 67.3 68.7 69.4 69.8 69 68.6 69.1 70.1 71.8 73.5 74 74.3 74.4 76.1 79.2 82.2 85.3 88.2 90.7 91.8 92.7 94.3 95.1 97.1 99.1 99.6 99.1 97.5 94.3 91 84.5 78.3 71 63.5 56.2 49 42.6 36.5 32.3 32.3 33.2 33.4 33.9 35.1 36.2 37.2 38.3 39.4 40.7 42 43.2 41.5 39.9
46.3 60 71.9 79.4 86.2 91.3 94.4 97.1 99.5 101.6 104.2 106.7 109 109.8 111.6 114.1 114.3 111.6 107.1 102.6 97 89.1 81.3 74.2 67.3 60.6 59.5 61.6 62.5 66.3 68.9 70.4 71.5 72.4 72.7 72.9 71.9 70 71.9 73.5 75.2 76.9 77.4 77.9 78.3 79.8 82.3 85.5 88.6 91.1 91.7 92.6 93.5 94.2 95 97.5 99.5 99.7 98.9 96.2 92.8 90.1 82.8 74.8 67.7 60.9 54.2 47.8 42.1 35.5 33.4 33.1 33.3 33.8 35 36.2 37.2 38.1 39.5 40.1 40.5 40.7 40.8 39.7 40.7
47.1 61.8 72.8 80.7 87.4 93 96.2 97.8 100.3 102.6 105 107.1 108.3 109.2 110.4 112.2 112 110.1 105.6 101.2 95.4 89.1 82.5 75.6 68.8 64.5 64 66.8 67.5 71.2 74.3 75.6 75.5 75.7 76 76.2 75.1 74.1 76.1 77.9 79.1 80.4 81 81.4 82.1 82.7 85.1 88.7 90.8 92.1 92.7 92.8 93.5 94.1 95.4 96.2 97.3 99.4 97.6 94.9 91.7 85.8 79 71.2 65.7 59.8 51.7 46.2 41.5 35.3 33.8 33.4 33 33.7 34.5 35.3 35.9 36.1 37.5 38.6 39 39.8 39.5 39.7 40.8
48.3 61.1 72.4 81.1 87.6 92.3 95.8 98.4 100.5 101.7 104 105.3 107 107.8 108.8 110.8 109.5 108.3 103.9 99.4 93.7 88.3 82.8 76.9 69 67.9 68.8 70.6 72.8 76.7 79.5 80.9 80.3 79.2 79.4 79.9 78.6 79.1 80.5 82.5 83.5 84.6 85.3 85.9 86.6 86.7 87.9 90.2 91.5 93.1 93.6 93.4 92.9 92.8 92.6 93.4 95.2 96.9 96.6 92 88.3 81.5 77.4 68.2 63.3 58.4 52 45.3 40.3 35.2 33.9 32.8 32.1 32.7 33.3 33.9 34.3 34.2 35.4 36.6 37.5 39.1 40.1 39.7 40.2
52.7 62.3 72.6 81 86.9 91.5 95.5 98.5 100.8 101 102.4 103.7 104.6 105.9 105.7 106.8 105.4 102.8 99.2 97.3 92.4 87.5 83.3 77.8 73.1 72.1 73.1 75.7 78.7 80.2 84.5 85.8 85.5 84.5 83.9 83.7 83.2 83.8 84 86 88.3 89 88.8 89.1 89.4 89.9 90.3 91.3 92.3 93.5 94.7 94 92.7 90.9 89.8 90.9 92.6 93.5 93.1 89.3 83.5 77.7 72.8 67.5 61.8 55.4 49.7 44.5 39.6 35.9 33.1 31.7 30.9 31.4 32 32.6 32.6 32.5 33.4 34.6 36.3 38.3 38.8 38.4 34.7
55.6 62.4 72.9 81.4 86.4 90.5 94.4 97.4 100.4 101 101 102 102.1 103 102.2 103.1 101.5 98.8 97 95.1 91.9 88.6 83.9 80.8 77.9 78.9 78.7 81.5 84.6 87.4 89.5 90.6 90.9 90.1 89.1 87.9 87.5 88.6 88.8 89.1 90.8 91.3 91.2 91.5 91.8 92.1 92.4 93.3 93.2 93.6 94.3 93.3 91.6 88.6 85.2 86.7 90.1 90.6 88.2 83 79.3 74.1 68.7 63.4 58.4 51.7 47.5 42.9 38.1 34.1 31.9 30.4 30.1 30.3 30.7 31.1 31 30.9 31.5 33 35.1 35.7 36 34.3 30.8
53.8 63.4 72.7 80.5 85.7 89.2 92.7 95.9 98 99.2 99.4 99.2 100.5 99.3 100.1 100.6 98.6 96.6 95.2 93.9 91.8 89.8 86.5 84 83.5 83.8 83.7 86.2 89.5 92.4 94.3 95.5 96 95.6 94.4 93.2 91.8 92.5 92.8 92.1 93.6 93.8 93.7 93.8 93.6 94 93.5 93.7 93.5 93 92.2 91.8 89.1 83.9 78.2 79.6 80.2 81.9 80.2 76.6 72.8 70.5 66.8 60.3 53.7 48.2 45.2 41.3 36.4 30.6 29.2 29.5 30.2 30.9 30.4 30.4 30.1 29 30.2 31.4 31.7 31.6 31.9 31.3 29.2
54.7 63.8 72.2 79 84.2 87.7 91 94.2 95.3 95.7 96 95.9 96.4 96.9 96.8 96.9 96.6 94.9 93.1 92.8 91 89.6 89.9 88.6 87.7 88 88.5 90.4 93.7 96.7 98 100.3 100.4 100.1 99.3 98 96.9 96.8 96.5 95.5 95.7 95 94.9 94.8 95.4 94.3 93.2 93.4 92.8 92 91 89.5 84.6 79.7 72.2 72.2 72.7 73.8 72.7 70.3 66 63.3 59.3 54.3 49.8 43.7 41.3 38.9 33.9 27.8 28.9 30.2 30.7 30.2 31 31 30.9 29.9 28.4 26.3 27.6 26.2 24.6 23.1 21.5
53.8 62.9 70.2 76.6 82.5 85.8 89.1 92.3 91.2 91.7 92.2 92.3 92.5 93.9 93.3 93.1 92.6 92.4 92.3 91.7 91.3 90.2 90.1 90.8 89.2 90.4 92.3 94 97 99.9 101.9 103.1 104 103.8 102.7 101.8 100.6 100.6 99.7 98.3 97.1 95.9 95.6 95.7 95.2 93.6 92.9 91.6 90.7 89.6 88.2 84.6 80 73.8 67.9 65.1 65.3 65.2 64.9 62.9 59.9 55.8 52.7 50.1 45.6 41 37.2 37.2 32.5 30.7 29.4 28.7 29.5 29.3 30.3 31 28.3 26.3 24.3 23.8 22.2 18.9 2.5 10.2 -0.9
49.7 61.1 68 74.5 80.1 83.5 86.9 90.3 89.3 89.7 90.4 90.1 88.9 90.1 89.9 89.4 89.2 90 91.6 91.4 91.1 90.5 90.3 90.4 91 93.4 95.6 97.6 100.2 103.2 105.7 106.7 107.3 106.7 105.7 104.5 103.1 101.5 100.9 99.1 97.5 95.8 95.4 94.8 94.8 93.3 90.8 89.2 88 85 81.7 78.3 73.6 67.5 63 59.3 59.3 57.9 56.8 54.7 51.5 50.1 47.8 45.3 43.2 39.4 34.6 33.6 32.4 30.7 29.1 26.9 28.4 29.9 29.5 29.7 26.9 25.6 24.4 21.4 16.5 -0.9 -0.9 -0.9 -0.9
