data/460000-1200000.asc
ncols 200
nrows 200
xllcorner 460000
yllcorner 1200000
cellsize 50
[rows 76 to 113 of 200, columns 0 to 84 of 200]
46.4 56.8 65.9 72.1 77.6 81 84.5 87.6 87.5 88.1 88.7 87.9 87.3 87.8 88.2 88.6 88.9 89.2 90.1 91.1 91 90.9 90.6 91.5 93 95.2 97.7 100.6 103.2 106.3 109.1 109.9 110.2 109.6 107.7 105.8 104.1 102.5 101.2 99.6 96.7 94.9 93.8 92.9 92.8 91.5 89.4 84.9 82.4 79.5 76.4 73.8 69.1 62.3 57.9 54.7 52 52.8 50.7 49.4 48.2 46.2 44 41.2 40.6 37.4 32.9 30.7 30.3 28.5 26.6 25.7 27.6 29.8 29.8 28.7 27.1 25.6 24.2 20.4 13.3 -0.9 -0.9 -0.9 -0.9
46.4 59.1 67 71.8 75.7 78.8 82.2 85.2 86 86.4 86.1 85.9 85.7 86.2 86.7 87.2 87.5 87.9 88.7 89.5 90.2 90.7 91.4 92.7 94.8 96.8 99.1 102.4 106 109.5 111 111.1 111.1 110.9 109.2 107.3 105.5 103.6 101.9 99.3 96.3 93.1 91.9 91.2 91.2 87.2 83.5 79.6 76.8 73.9 71 67.5 61.8 57.4 52.7 49.7 47.9 48.1 48.4 47 45.5 43.2 40.3 38.4 37.4 35.6 32.7 29.8 28.3 25.9 24.7 24.7 26.6 30.3 30.2 29.8 28.9 23.9 23.2 15.2 -0.9 -0.9 -0.9 -0.9 -0.9
47.1 59.1 66.8 73.1 75.8 78.1 80.4 82.9 83.7 84.5 84.5 84.4 84.3 84.6 85.2 85.8 86.1 86.6 87.4 88.2 88.8 89.9 92 93.5 95.4 98 100.6 103.8 108.6 110.2 111.1 111.3 111.3 111.1 110.6 108.7 106.9 104.6 101.8 99 93.9 92.2 89.9 89.3 88.6 84.3 79.2 75.8 72.4 69.2 66.2 63.1 59.7 55.1 48.8 46.2 43.9 44 43.9 44.2 42.7 40.6 38.9 37 35.5 34.1 32.2 29.7 26.3 25.2 24.7 24.3 29.6 30.4 29.2 30.7 26.3 23.3 20.7 10.8 -0.9 -0.9 -0.9 -0.9 -0.9
47.7 57.7 65.3 72.1 75.1 77.4 79.5 81.1 82.1 82.8 83.2 83.1 82.9 83 83.7 84.3 84.8 85.4 86.1 86.8 88.1 89.7 92.3 94.4 96 98.6 101 104.2 109 111 111.4 111.5 111.6 111.4 111.1 110.2 107.7 104.7 101.8 95.8 91 87.5 85.1 82.6 81.8 78.7 74.9 71.7 68.6 65 62.2 59.1 55.7 51.9 47.9 44.3 41.6 40.1 40.4 41.1 40 38 35.9 34.7 33.3 31.9 30.1 29 26.3 24.7 25 27.6 30.9 29.7 29 29.4 25.3 21.2 16.4 -0.9 -0.9 -0.9 -0.9 -0.9 -0.9
46.7 58 66.1 72 75.9 77.4 78.8 79.8 80.5 81 81.5 81.7 81.6 81.5 82 82.8 83.4 84.1 85.4 86.6 87.9 89.2 91.8 94.5 96.5 98.9 100.6 104.9 109.7 111.4 112 111.8 111.8 111.6 111.3 110.9 108 104.6 100.2 93.6 87 82.5 79.7 76.5 73.6 72.4 70.7 68.5 64.9 61.6 58.9 56.2 54.1 50.5 46.6 42.6 40.1 38.6 38.7 38.7 37.4 35.6 33.9 32.7 31.6 31.2 28.8 28.6 28.7 24.1 25.9 29.4 31 29.1 28.9 28.8 24.2 17.9 -0.9 -0.9 -0.9 -0.9 -0.9 -0.9 -0.9
42 57.8 66 71.7 74.8 76.6 77.9 78.3 78.9 79.4 79.6 79.9 80.2 80.1 80.4 81.1 82.3 83.9 85.2 86.4 87.7 88.9 91.3 94 97 99.1 101.1 105.7 109.7 111 112.3 112.4 112.4 112.5 112 111.1 108.5 104.3 99.1 92.2 84.7 78 74.7 71.3 68.8 67.1 65.9 64.3 61.1 58.8 56.1 53 51.8 49.4 45.2 41 38.9 36.4 35.8 36.1 35.2 33.4 31.8 30.7 30.2 30.6 28.6 27.8 27.3 23.7 25 28.5 30 28.8 29.3 26.3 21.3 -0.9 -0.9 -0.9 -0.9 -0.9 -0.9 -0.9 -0.9
46.1 54.1 65.6 70 73.3 75.3 76.9 77.1 77.5 77.8 78.1 78.4 78.8 79 78.9 79.8 81.6 83.5 84.8 86.2 87.5 88.7 90.8 94 97.3 99.7 101.7 106.4 109.6 111 112.5 113.2 113.6 113.9 113.2 111.7 109.2 104.2 99 91.5 82 74.6 70 67.5 65 62.5 61.3 60.3 57.6 55.7 53.3 50.4 48.6 47.6 44.2 40.8 37.8 35.2 32.8 33.5 32.7 31.1 30.9 28.9 28.7 29.2 29.1 26.7 25.7 23.1 24.4 27.2 29.5 28.4 27.4 24.3 -0.9 -0.9 -0.9 -0.9 -0.9 -0.9 -0.9 -0.9 -0.9
53.9 54.3 62.4 69.7 73.1 75.5 76.2 76.3 76.3 76.3 76.6 77 77.3 77.8 78.4 79.1 80.9 82.8 84.5 85.8 87.1 88.6 91.4 94.6 97.7 100 102.4 106.6 110.1 111.7 112.9 113.8 114.1 114.6 113.8 112.1 109.5 104.6 99.7 92.3 82.8 73.7 67.4 64.4 61.6 58.7 58.2 56.2 54.2 52.5 50.5 47.6 45.6 44.6 42.1 39 36.3 33.7 31.2 31.1 29.4 29 29.6 27.8 26.6 27.6 28.3 26.4 23.6 22.8 24.2 25.1 26.6 25.7 22.2 12.9 -0.9 -0.9 -0.9 -0.9 -0.9 -0.9 -0.9 -0.9 -0.9
59.1 61.2 58.4 69.5 73.2 74.9 75.6 75.6 75.6 75.6 75.6 75.6 75.8 76.5 77.4 78.5 80.2 82.1 83.9 85.4 87.5 89.8 92.6 95.2 97.9 100.7 103.4 107.4 110.5 112.3 113.5 114.3 114.8 115.4 114.5 112.8 109.6 105.4 101.2 92.9 84.9 74 66.4 63.2 60.3 56.6 54.2 52.3 50.6 49.1 47.6 45.3 43.1 41.6 40.2 37.5 34.9 32.2 29.7 28.9 29.1 29.4 27.1 24.3 24.8 25.8 26.8 25.2 22 20.8 20.1 21.5 23.4 20 12.6 -0.9 -0.9 -0.9 -0.9 -0.9 -0.9 -0.9 -0.9 -0.9 -0.9
63.6 66.5 70.6 71.2 74 74.3 73.9 74.2 74.2 74.2 74.2 74.2 74.5 75.7 76.7 77.8 79.5 81.3 83.3 86.4 88 90.7 94 96.4 98.8 100.8 103.8 107.7 110.7 112.7 114.1 115.3 116.5 116.8 115.2 112.9 109.3 105.7 100.9 93.7 85.2 74 66.8 62.9 58.8 53.8 50.4 48.8 47.5 46.3 45.4 43.4 41.1 39.3 38.3 36 33.4 30.7 28 26.3 26.7 27.2 25.3 22.9 23.2 24.1 25.2 23.8 20.8 18.4 15.9 19.1 18.2 -0.9 -0.9 -0.9 -0.9 -0.9 -0.9 -0.9 -0.9 -0.9 -0.9 -0.9 -0.9
67.2 70.9 71.4 73.2 73.9 72.4 71.8 72.3 72.4 72.4 72.4 72.7 73.4 74.6 75.8 77 78.8 80.9 84 87.1 89.7 92.4 95.9 98.4 101 103.6 105.7 108.9 110.7 112.6 114.3 116.1 118.3 117.8 116.2 112.5 109.3 106.1 101 93.6 84.1 75.9 68.9 61.6 56.5 51.2 48.4 46.8 45.3 44.5 43.6 41.6 39.4 37.1 35.8 34.4 31.9 29.2 26.4 23.9 24.5 25.1 23.5 22.5 23.2 23.6 25.1 22.3 18.9 15.5 3 10.6 5.8 -0.9 -0.9 -0.9 -0.9 -0.9 -0.9 -0.9 -0.9 -0.9 -0.9 -0.9 -0.9
71.1 73.2 73.6 74.8 72.5 70.6 69.7 70.3 70.6 70.6 70.9 71.6 72.2 73.3 74.7 76.2 78.3 81.1 84.4 87.7 90.7 94.9 97.9 100.8 103.9 106.8 108.4 110 111.9 114.6 116.6 118.2 119.6 119 116.4 113.5 110.3 106.5 103.1 97.3 89.1 78.6 69.7 62.1 55.4 50.7 47.5 45.2 43.8 42.7 41.8 40.2 37.6 34.9 33.4 31.9 30.4 27.7 24.8 21.5 22.6 23.6 23.3 22.4 25 24.9 23.2 20.3 16.2 -0.9 -0.9 -0.9 -0.9 -0.9 -0.9 -0.9 -0.9 -0.9 -0.9 -0.9 -0.9 -0.9 -0.9 -0.9 -0.9
74.5 75.9 75.8 73.1 71 69.2 69.5 69.4 69.2 69.1 69.8 70.4 71.1 72.1 72.8 74.4 78.3 81.1 84.5 88 92.2 97.4 100.2 103 106.2 110.1 110.9 111.6 114.1 116.3 119 120 120 119 116.7 113.8 111.1 107.5 104.6 100.1 91.5 81.5 70.9 62.4 54.2 50.2 44.6 42.4 42 41 41 38.7 35.9 33.6 31.8 29.8 28 26.2 23.1 20.5 21.8 23.2 23.2 22.2 23.7 22.8 20.8 18.2 13.3 -0.9 -0.9 -0.9 -0.9 -0.9 -0.9 -0.9 -0.9 -0.9 -0.9 -0.9 -0.9 -0.9 -0.9 -0.9 -0.9
75.1 75 74.5 72.5 69.8 69.5 69.3 68.2 67.6 67.8 68.3 68.8 70.4 70.7 69.9 71.3 77.2 81.6 84.7 89.4 94.1 99.3 101.8 103.6 106.8 109.7 111.2 112.6 115 118 119.8 120.6 119.9 119.1 117 114.4 111.7 107.8 104.8 100.6 93.9 84.9 73.8 62.8 54.7 49.4 42.3 40.5 40.5 39 37.8 36.8 34.7 32.4 30.2 28.7 26.8 23.8 22.7 19.8 21.6 23 23.1 24.3 22.5 20.7 18.8 16.8 12.7 -0.9 -0.9 -0.9 -0.9 -0.9 -0.9 -0.9 -0.9 -0.9 -0.9 -0.9 -0.9 -0.9 -0.9 -0.9 -0.9
74.6 73.3 72.4 71.8 69.7 69.4 67.6 66.4 66.3 66.6 67.1 67.6 69.1 68.9 69.1 69 74.4 81.3 85.9 90.3 95.2 99.8 102.7 105 107.5 109.3 110.9 112.6 114.7 117 119.1 119.7 119.5 118 116.5 114 111.3 107.6 103.9 100.3 93.7 86.3 74.8 63.9 56.1 47.5 40.6 39.1 39.2 37.1 35.5 35 33 30.8 29 28.4 25.5 21.6 21.3 19 22.3 22.8 22.9 22.3 20.9 19.3 19.2 16.8 13.7 -0.9 -0.9 -0.9 -0.9 -0.9 -0.9 -0.9 -0.9 -0.9 -0.9 -0.9 -0.9 -0.9 -0.9 -0.9 -0.9
72.7 71.6 70.3 70.1 69.1 67.4 65.9 64.9 65.1 65.4 65.8 66.3 68 68.7 69.5 70.9 74.9 81.8 85.9 90.9 96.2 101.2 103.1 105.7 107.5 108.9 110.4 111.7 113.6 113.9 115 116.8 118.6 117.1 115.5 113.4 110.7 106.3 102.5 98.3 93.4 85.6 74.7 65.2 55.9 47.3 39.8 38.1 36.6 34.5 32.8 32.6 31.3 30.7 28.2 26.5 23.7 21.5 20.1 18.4 22.3 21.6 20.8 21.4 20 19.6 20.6 17 7.5 -0.9 -0.9 -0.9 -0.9 -0.9 -0.9 -0.9 -0.9 -0.9 -0.9 -0.9 -0.9 -0.9 -0.9 -0.9 -0.9
71.2 70.7 70.1 68.7 66.7 64.9 64.2 63.5 63.8 64.2 64.6 65.4 66.8 67.7 69.6 72.6 74 80.3 85.4 91.3 97.1 100.8 102.6 105 107.3 108.9 109.9 110.7 111 110.8 111.5 114.2 116 115.5 114.1 112.5 109.8 105 100.2 95.2 90.3 84 75.8 66.6 56.8 47.1 41 36.3 34 31.9 30.5 30.1 30 29.4 26.9 24.5 22.4 20.7 19.1 17.8 19.9 20.9 20.5 21 19.2 19.1 19.7 14.7 -0.9 -0.9 -0.9 -0.9 -0.9 -0.9 -0.9 -0.9 -0.9 -0.9 -0.9 -0.9 -0.9 -0.9 -0.9 -0.9 -0.9
70.7 69.7 68.3 66.5 64.5 62.5 62.3 62.3 62.6 63 63.3 64.3 65.4 67.3 70.1 71.8 72.8 76.9 85.2 91.2 96.6 99.9 102.1 104.5 106.7 107.6 107.5 107.4 107.2 107.7 109.5 111.2 112.7 113.3 112.7 111.3 108.5 102 97.6 92.2 86.8 81.1 73.7 65.9 55.8 47.1 41.3 36.1 31.9 29.7 28.9 28.3 27.8 26.3 24.4 22.3 20 19.6 20 17.4 18.5 20.4 19.4 19.4 19.1 19.7 17.8 11 -0.9 -0.9 -0.9 -0.9 -0.9 -0.9 -0.9 -0.9 -0.9 -0.9 -0.9 -0.9 -0.9 -0.9 -0.9 -0.9 -0.9
67.8 66.8 64.6 63.7 61.7 60.7 60.4 61.4 61.7 62 62.9 63.9 65.2 66.9 68.6 72.1 76.4 76.4 84.1 90.4 94.6 99.6 102.1 104.2 104.7 105.4 105.1 103.1 102.3 103.3 106.3 108.1 109.8 110.4 109.7 107.6 103.5 99.4 94.8 89.5 82.4 76.2 69.1 61.6 53.3 46.7 40.8 36 31.7 29.6 27.7 25.7 24.5 23 21.4 20.5 19.3 19.5 19.5 16.8 17.7 17.6 17.2 17.7 19 17.9 15.7 7.7 -0.9 -0.9 -0.9 -0.9 -0.9 -0.9 -0.9 -0.9 -0.9 -0.9 -0.9 -0.9 -0.9 -0.9 -0.9 -0.9 -0.9
64.6 63.3 61.7 60.5 59.4 59 59.3 60.6 61.3 62.3 63.2 64.3 66.2 68.2 69.6 71.7 77.7 79.8 83.2 88.1 93.9 99.7 102.3 102.7 102.9 102.7 102.1 99.9 99.2 100.3 103.6 106.1 107.8 106.9 105.6 103.6 99.8 95.3 91.2 85.5 79.4 72.7 66 58.5 52.2 46.2 40.4 35.8 32.4 29.3 26.4 24.1 22.4 20.9 19.8 19.2 18.8 18.5 18.1 16 15.2 15.2 15.1 15.7 16.5 17.1 14.8 7.4 -0.9 -0.9 -0.9 -0.9 -0.9 -0.9 -0.9 -0.9 -0.9 -0.9 -0.9 -0.9 -0.9 -0.9 -0.9 -0.9 -0.9
62.1 61 59.9 59.1 58.4 58.1 60.6 60.4 61.4 62.5 63.8 65.5 67.3 69.8 71.4 74 77.7 80 81.8 86.7 92 98.8 101.1 101.2 101.4 101.8 101 97.3 96.1 97.7 100 102.3 103.4 102.6 101.1 99.6 95.5 91.3 86.4 80.6 74.8 69.5 62.9 56.6 51.2 45.9 40.3 35.7 32.5 30.4 25.5 22.7 20.8 19.8 19.1 17.2 16.9 16.7 16.5 15.2 13.8 13.2 12.4 13 14.5 15.2 13.5 8.3 -0.9 -0.9 -0.9 -0.9 -0.9 -0.9 -0.9 -0.9 -0.9 -0.9 -0.9 -0.9 -0.9 -0.9 -0.9 -0.9 -0.9
59.9 59.4 58.9 58 57.3 57.7 58.6 60.4 61.7 63 64.6 66.6 68.6 71.3 77.7 78.6 80.2 81.8 83.5 83.7 90.8 97 100.2 99.8 100.2 100.7 96.6 92.4 90.5 91.4 94.8 97.9 100.3 97.7 96.1 93.7 89.5 85.3 81.7 77.2 70.8 66.6 61.7 55.4 50.1 45.3 40.2 36.2 32.6 30.3 25.7 21.7 19.1 18.6 17.5 15.5 16.3 15.9 13.9 12.6 12.5 11.6 10.1 10.3 11.9 13.1 11.2 8.1 -0.9 -0.9 -0.9 -0.9 -0.9 -0.9 -0.9 -0.9 -0.9 -0.9 -0.9 -0.9 -0.9 -0.9 -0.9 -0.9 -0.9
57.6 57 56.8 56.9 56.4 57.3 58.9 61 62.4 63.7 65.4 67.2 69.2 74.1 80.6 80.9 82.7 84.4 84.4 83.7 89.5 96.2 98.6 97.9 95.9 93.6 90.9 89.3 87.2 87.6 89.9 92.2 93.1 93.1 91.2 87.7 83.4 79.2 76.1 72.7 68.2 64.9 60.9 55.2 49.1 44.7 40.5 36.7 32.8 29.2 26.1 22 19.6 17.9 15.8 13.4 15.1 12.7 11.3 10.3 10.6 10 8.5 7.6 8.9 10.8 9.9 5 -0.9 -0.9 -0.9 -0.9 -0.9 -0.9 -0.9 -0.9 -0.9 -0.9 -0.9 -0.9 -0.9 -0.9 -0.9 -0.9 -0.9
54.9 54.5 54.9 55 55.4 57.4 58.9 60.9 63.1 65.2 67.4 69.5 72.7 77.8 81.4 83.3 85.1 86 84.5 83.7 90.4 92.7 93.9 92.9 91.1 88.9 84.8 83.4 82.5 83.2 85.1 86.4 87.7 87.1 85.4 81.4 77.2 73.6 70.5 67.1 64.7 62.9 59.6 54 48.1 44.1 40 36.8 33.3 29.6 26 22.9 19.1 14.1 12.3 11.5 12.1 10.7 9.8 8.1 7.5 6.3 5 4.9 7.6 9.6 9.5 6.1 -0.9 -0.9 -0.9 -0.9 -0.9 -0.9 -0.9 -0.9 -0.9 -0.9 -0.9 -0.9 -0.9 -0.9 -0.9 -0.9 -0.9
52.6 53 53.4 54.2 55.8 58 59.2 61.8 64.1 66.5 69 71.7 76.6 81.1 83.7 85.4 87.3 86.7 84.9 83.7 89.8 90.5 91.2 90.2 87.8 85.3 81.1 79.4 79.7 79.6 79.7 80.9 82.1 81.7 79.1 75.1 71.1 67.9 65.2 63.2 61.2 59.7 57.2 52.5 46.9 43.7 40.3 36.8 32.9 29 24.7 21.6 17 11.1 9.7 10.5 8.8 8.1 8 4.7 3.3 -0.9 -0.9 -0.9 5.2 6.8 7.1 -0.9 -0.9 -0.9 -0.9 -0.9 -0.9 -0.9 -0.9 -0.9 -0.9 -0.9 -0.9 -0.9 -0.9 -0.9 -0.9 -0.9 -0.9
51.7 52.4 53.4 54.7 56.7 58.7 59.1 62.2 65.1 68 71 75.9 80.2 83.8 86.6 88.2 89.1 88.6 85.8 83.7 87.4 88.2 89.1 87 84.8 81.8 79.4 79.2 76.9 76.2 75.1 75.9 76.5 75.1 72.1 68.9 66 63.6 60.9 59.2 57.7 56.5 54.6 49.9 46 43.1 40.1 35.3 31.7 27.4 22.8 20.4 14.2 7.1 4.7 6.4 4.2 0.7 1.1 0.5 -0.9 -0.9 -0.9 -0.9 -0.9 4.3 4.1 -0.9 -0.9 -0.9 -0.9 -0.9 -0.9 -0.9 -0.9 -0.9 -0.9 -0.9 -0.9 -0.9 -0.9 -0.9 -0.9 -0.9 -0.9
50.6 52.7 54.6 56.6 58.3 59.1 59.1 61.7 65.5 69.4 74.4 78.9 82.8 86.5 90.5 90.8 90.9 89.3 87.3 83.7 83.7 86.9 88.5 85.5 83.4 79.9 79.1 77.1 74.5 72.6 71.5 70.6 69.9 69.1 66.2 64.6 61.1 58.8 56.5 55 53.9 53.3 51.7 48 44.9 42.7 38.2 33.1 28.1 23.6 19.4 16.1 9.2 -0.9 -0.9 1.6 -0.9 -0.9 -0.9 -0.9 -0.9 -0.9 -0.9 -0.9 -0.9 3.6 1.8 -0.9 -0.9 -0.9 -0.9 -0.9 -0.9 -0.9 -0.9 -0.9 -0.9 -0.9 -0.9 -0.9 -0.9 -0.9 -0.9 -0.9 -0.9
51.1 53.4 55.5 57.6 59.2 59.1 60 63 67.3 71.6 76.9 81.7 85.4 89.2 90.6 91.8 91.3 91 86.3 83.7 83.7 84.1 85.2 84.1 82.4 79.8 79.1 75.9 72.8 70.9 69.7 67.3 63.9 61.9 61.7 61 56.7 54.2 52.2 51.1 50.2 49.6 48.6 45.5 44.4 40.8 35.3 30.2 25.2 20.1 15.6 10.2 2.8 -0.9 -0.9 -0.9 -0.9 -0.9 -0.9 -0.9 -0.9 -0.9 -0.9 -0.9 -0.9 0.6 0.4 -0.9 -0.9 -0.9 -0.9 -0.9 -0.9 -0.9 -0.9 -0.9 -0.9 -0.9 -0.9 -0.9 -0.9 -0.9 -0.9 -0.9 -0.9
52.3 55.2 57.8 59.8 60.5 59.2 61.4 65.1 70 74.9 79.1 84.1 88.2 91.8 93.8 95.3 93.8 92 86 83.7 83.7 83.7 83.8 85.8 83 79.6 78.2 74.8 71.6 69.5 68.9 66 61.2 59.2 58.9 55.2 52.3 49.9 47.2 45.9 44.9 44.1 43.4 42.4 40.5 37.1 31.3 26.6 21.4 16.3 11.3 6 1 -0.9 -0.9 -0.9 -0.9 -0.9 -0.9 -0.9 -0.9 -0.9 -0.9 -0.9 -0.9 -0.9 -0.9 -0.9 -0.9 -0.9 -0.9 -0.9 -0.9 -0.9 -0.9 -0.9 -0.9 -0.9 -0.9 -0.9 -0.9 -0.9 -0.9 -0.9 -0.9
54.1 56.8 60.1 60.8 60.5 59.4 63 67 71.5 78.8 82.1 86.5 91 95.2 97.6 98.7 97.5 93.7 86.8 83.7 83.7 83.7 86.2 87.4 83.8 80.2 78.4 75.6 72.6 70.4 69 67.3 62.9 59.7 57.9 51.8 48.8 46.7 41.7 40.8 40.1 38.4 37.7 36.9 36 32.1 26.3 22 17.4 12.1 7.7 3.5 -0.9 -0.9 -0.9 -0.9 -0.9 -0.9 -0.9 -0.9 -0.9 -0.9 -0.9 -0.9 -0.9 -0.9 -0.9 -0.9 -0.9 -0.9 -0.9 -0.9 -0.9 -0.9 -0.9 -0.9 -0.9 -0.9 -0.9 -0.9 -0.9 -0.9 -0.9 -0.9 -0.9
56.4 58.9 60.8 62.5 61 61.2 65.1 69.8 75.3 82.2 85.9 89.5 93.9 98.2 99.9 100.5 100.7 95.1 88.1 83.7 83.7 83.7 86.2 89.7 87.3 84.2 80.9 78.9 77.2 75 72.1 70.5 67.2 63.1 60.8 57.2 52.7 48.5 42 39.1 34.9 32.6 33 32 28.2 24.2 20.7 16.3 12.2 5 1.4 -0.9 -0.9 -0.9 -0.9 -0.9 -0.9 -0.9 -0.9 -0.9 -0.9 -0.9 -0.9 -0.9 -0.9 -0.9 -0.9 -0.9 -0.9 -0.9 -0.9 -0.9 -0.9 -0.9 -0.9 -0.9 -0.9 -0.9 -0.9 -0.9 -0.9 -0.9 -0.9 -0.9 -0.9
58.6 61.1 63.8 66.2 66.1 65 68.4 73.5 80.4 86.2 90.7 94.9 98.6 99.7 100.9 101 101 96 88.9 83.7 83.7 83.7 86.2 89.9 91.4 89.3 86.7 84.1 81.8 79.1 76 73.4 71.5 69 65.8 62.7 58.7 53 45.7 40.2 33.7 30.5 29.9 25 20.6 19.8 15.2 11.1 6.6 -0.9 -0.9 -0.9 -0.9 -0.9 -0.9 -0.9 -0.9 -0.9 -0.9 -0.9 -0.9 -0.9 -0.9 -0.9 -0.9 -0.9 -0.9 -0.9 -0.9 -0.9 -0.9 -0.9 -0.9 -0.9 -0.9 -0.9 -0.9 -0.9 -0.9 -0.9 -0.9 -0.9 -0.9 -0.9 -0.9
60.7 63.7 66.9 69.3 71 69.7 73.3 79.7 86 91.1 95.6 99.4 101.2 102.1 101.5 101 99.3 95.5 89.6 84.1 85.6 87 88.9 92.5 95.1 94.2 92.1 89.5 87.8 85.8 79.3 76.7 74.1 72.1 70.6 67.7 63 58.5 49.1 41.4 36 31.5 30.2 23.1 20.4 17.3 12.2 8.1 3.2 -0.9 -0.9 -0.9 -0.9 -0.9 -0.9 -0.9 -0.9 -0.9 -0.9 -0.9 -0.9 -0.9 -0.9 -0.9 -0.9 -0.9 -0.9 -0.9 -0.9 -0.9 -0.9 -0.9 -0.9 -0.9 -0.9 -0.9 -0.9 -0.9 -0.9 -0.9 -0.9 -0.9 -0.9 -0.9 -0.9
62.7 67.3 70.2 73.2 74.7 78.1 81.9 87.8 92.7 96.6 100.2 102.8 103.8 103.2 102 100.6 98.3 94.7 89.3 89 89.4 90.1 94.1 97.9 99 99.2 97.5 95.2 92.9 89.7 84.5 79.5 76.2 74 72.6 70.5 65.9 59.7 51.3 42.6 37.3 33.3 30.5 25.1 21.5 18.5 14.9 8.3 2.1 -0.9 -0.9 -0.9 -0.9 -0.9 -0.9 -0.9 -0.9 -0.9 -0.9 -0.9 -0.9 -0.9 -0.9 -0.9 -0.9 -0.9 -0.9 -0.9 -0.9 -0.9 -0.9 -0.9 -0.9 -0.9 -0.9 -0.9 -0.9 -0.9 -0.9 -0.9 -0.9 -0.9 -0.9 -0.9 -0.9
66.3 70.6 74.7 78.7 82 85 89.4 94 99.1 101.7 103.7 105.5 105.4 104.7 103.2 101.7 99.8 95.8 90.7 91.5 90.6 91.3 97.4 100.8 101.3 101.4 101.1 98.7 95.2 91.8 88.6 82.3 78.3 75.9 74.5 71.5 67.1 60.3 51.6 43.8 38.6 34.4 29.7 24.2 19 16.3 12 5.3 -0.9 -0.9 -0.9 -0.9 -0.9 -0.9 -0.9 -0.9 -0.9 -0.9 -0.9 -0.9 -0.9 -0.9 -0.9 -0.9 -0.9 -0.9 -0.9 -0.9 -0.9 -0.9 -0.9 -0.9 -0.9 -0.9 -0.9 -0.9 -0.9 -0.9 -0.9 -0.9 -0.9 -0.9 -0.9 -0.9 -0.9
70.1 74.5 78.5 83.1 87.3 90.7 95 99.8 103.4 105.8 106.6 107.7 106.9 106 104.3 102.7 100.6 98.4 93.9 93.3 94 94.6 99.4 101.3 101.9 102 101.9 101 97.9 94.5 89.7 85.1 80.5 78 74.4 71.4 69.3 62.8 54.7 46.1 40.8 34.2 28.1 23.6 19.1 14.4 11.4 2.7 -0.9 -0.9 -0.9 -0.9 -0.9 -0.9 -0.9 -0.9 -0.9 -0.9 -0.9 -0.9 -0.9 -0.9 -0.9 -0.9 -0.9 -0.9 -0.9 -0.9 -0.9 -0.9 -0.9 -0.9 -0.9 -0.9 -0.9 -0.9 -0.9 -0.9 -0.9 -0.9 -0.9 -0.9 -0.9 -0.9 -0.9
72.8 78 82.7 87.6 91.7 95.8 99.3 102.1 106 107.9 109.2 109.4 108.8 107.5 105.7 103.5 101.2 98.9 96.9 96.7 97.4 97.9 101 101.6 102.1 102.5 102.6 102.1 100.4 96.9 91.4 86.8 83.1 79.3 75.5 71.7 70.2 62.3 53.6 46.3 40.2 33.6 28.9 24.6 19.4 13.9 10.8 -0.9 -0.9 -0.9 -0.9 -0.9 -0.9 -0.9 -0.9 -0.9 -0.9 -0.9 -0.9 -0.9 -0.9 -0.9 -0.9 -0.9 -0.9 -0.9 -0.9 -0.9 -0.9 -0.9 -0.9 -0.9 -0.9 -0.9 -0.9 -0.9 -0.9 -0.9 -0.9 -0.9 -0.9 -0.9 -0.9 -0.9 -0.9
75.8 80.8 86.1 91.4 95.6 99.8 103 106 108.7 109.9 111 110.4 110.6 108 105.4 103.6 101.8 99.4 98.6 98.7 99.2 99.1 100.9 101.5 102.6 102.9 102.7 102 100.5 96.3 91.2 86.9 83 79.9 77.1 70.5 65.8 60.1 53.4 46.3 40.7 36.2 30.6 26.3 18.8 13.2 5.2 -0.9 -0.9 -0.9 -0.9 -0.9 -0.9 -0.9 -0.9 -0.9 -0.9 -0.9 -0.9 -0.9 -0.9 -0.9 -0.9 -0.9 -0.9 -0.9 -0.9 -0.9 -0.9 -0.9 -0.9 -0.9 -0.9 -0.9 -0.9 -0.9 -0.9 -0.9 -0.9 -0.9 -0.9 -0.9 -0.9 -0.9 -0.9
