data/460000-270000.asc
ncols 200
nrows 200
xllcorner 460000
yllcorner 270000
cellsize 50
[rows 35 to 69 of 200, columns 78 to 155 of 200]
172.2 173.5 175.5 176.8 176.3 177.2 176.3 177.1 177.4 177.3 174.6 169.8 171.1 173.7 175.4 176.2 176.9 176.5 176.3 175.9 175.4 174.4 173.3 172.3 171.2 170.2 170.2 170.1 168.3 166.9 165.8 164.9 163.8 162.6 161.5 160.5 159.8 158.7 157.8 157.1 157.1 155 154.8 155.6 157.4 156.8 155.4 154.1 152.4 148.8 148.5 148.9 148.6 148.2 148.4 148.6 148.7 149.4 149.8 151.3 153 154 154.4 155.1 155.8 156.1 156.6 156.9 157.2 157.7 158.2 159.1 160.7 160.8 161.6 162.5 163.6 164.8
175.4 177.1 178.9 180.3 181.3 182.3 181.9 181.2 179.4 177.3 175 173.7 175 177.4 178 178.5 178.8 177.9 176.3 175.5 175.2 174.3 173.3 172.2 171.1 170.2 170.1 169.2 167.6 166.1 165.2 164.3 163.2 162 160.8 159.8 158.2 156.8 155.8 154.3 157.4 154.1 153.3 153.4 154.4 153.4 153.2 152.3 151.2 150.2 149.7 149.3 149.2 148.8 147.6 146.2 147.6 150.5 151.7 153.4 155.2 156 156.4 156.9 157.3 157.5 157.7 157.9 158.4 158.9 159.4 160 160.9 161.7 162.6 163.4 164.2 165.3
180.1 183.6 185.3 185.2 185.5 186.6 185.5 182.9 180.7 177.9 175.9 175.8 176.7 178.9 180.7 180.7 180.3 177.6 176.5 175.7 174.9 174.2 173.2 172.1 171.1 170.1 169.3 168.1 166.4 165.3 164.6 163.7 162.6 161.4 160.2 158.7 156.6 154.8 154.2 153.9 153.6 153.8 152.6 152.7 152.3 151.4 151.3 152 151.1 151.7 152.4 152.1 151.2 149.9 149 147.8 148.3 151.2 153.6 154.8 156.3 157.1 157.4 157.4 157.8 157.8 157.9 157.9 158.2 158.9 159.6 160.2 161 162 163 163.9 164.4 164.8
184.6 189.7 191.4 191.2 189.9 189.1 183.6 181.4 180.2 178.4 178.2 178 178.8 180 181.8 182.5 180 177.4 176.8 176 175.2 174.2 172.5 171.4 170.2 168.5 167.2 165.9 164.5 164.2 163.6 163 161.9 160.4 159 157.5 155.4 153.6 153.3 152.9 153.6 158 152.9 152.2 152 152.1 151.6 151.9 153 154.5 155.2 154.8 152.7 150.8 149.4 148.5 149.8 152.7 155.3 157 157.8 157.8 157.8 157.6 157.9 157.9 157.9 157.9 157.9 158.2 158.8 159.3 160 160.9 161.8 162.5 163 164.5
182.4 185.4 182.7 181.4 180.1 179.3 179.8 179.7 179.6 179.6 179.6 179.8 179.7 180.8 181.8 181.8 179.4 177.6 177.1 176.2 175.3 174.1 171.7 170.4 169.2 167.2 165.2 164.5 164 163.3 162.7 162.1 160.7 159 157.6 155.5 154.3 152.8 152.5 152.3 153.3 152.1 153.3 155 156.6 155.9 156.4 156.2 156.5 156.3 155.2 154.2 153.5 151.2 149.3 148.5 150 152.5 154.8 156.7 157.9 157.9 157.9 157.9 157.9 157.9 157.9 157.9 158.1 158.2 158.4 158.8 159.1 159.9 160.5 161.1 161.6 164.1
175.3 175.9 177.4 180.6 184.1 185 181.9 180.7 179.6 178.8 180.9 180.9 182.6 183.5 181 179.9 178.5 177.7 177.1 176.4 175.3 174 171.6 169.4 168.1 165.9 164.7 164.2 163.5 162.5 161.8 161 159.9 157.8 156.1 153.8 152.7 153.8 153.9 153.6 154.1 158.2 162 162 159.2 160.3 162.2 160.1 158 156.8 155.7 155.4 154.8 151.6 149.5 148.5 149.6 156.5 157.9 157.9 157.9 157.9 157.9 157.9 157.9 157.9 157.9 158.3 158.7 159 158.7 159.1 159.6 159.8 159.3 159.8 160.8 163.4
176.8 181.3 184.6 186.9 189.8 190 185 183.2 180.7 180.2 184.3 185.7 186 186.2 185.1 181.8 179.3 178.2 176.3 176.4 175.3 173.9 171.8 170.2 168.2 166.2 165.1 164.6 163 162 160.9 160 158.9 157.1 156.1 156.2 155.5 154.8 156.3 156 157.7 159.8 165 159.3 162.8 166.8 168.1 161.7 159.2 157.7 156.5 155.5 153.1 152.9 157.7 157.9 157.9 157.9 157.9 157.9 157.9 157.9 157.9 157.9 157.9 157.9 157.9 158.9 159.3 159.6 160.4 160.2 161 161.5 160.7 160.4 161.4 164.4
181.4 186.8 190.2 189.9 191.8 188.2 186.4 184.3 181.9 181.1 185.4 187.9 187.1 185.9 184 182.2 180 177 176 175.3 174.1 173.2 172.5 171.5 170.3 168.1 166 165 163.7 162.8 161.8 160.4 160.4 159.4 157.1 154.9 156.7 157.6 158.4 158.9 160.6 162.4 166.1 159.3 165.2 171 170.9 162.4 160.8 158.7 157.4 157.9 157.9 157.9 157.9 157.9 157.9 157.9 157.9 157.9 157.9 157.9 157.9 157.9 157.9 157.9 157.9 159.1 159.7 160.2 161.7 161.6 162.3 163.2 162.7 162.4 163.1 165.7
184.6 192.8 195.1 193.9 191.6 188.7 187 185.5 183.7 180.9 184.2 187.3 185.9 184.2 182.4 180.4 178 175.5 174.9 174 172.8 172.2 172.1 170.6 169.7 168.2 166.5 166 164.9 163.2 161.3 160.1 158.3 158.1 161.5 155.9 158.6 158.7 159.2 160.4 161.9 164.7 167 160.3 167.5 173.9 170.9 165.5 163.5 161.9 159.6 156.8 157.9 157.9 157.9 157.9 157.9 157.9 157.9 157.9 157.9 157.9 157.9 157.9 157.9 157.9 157.9 158.3 158.8 159.6 161.3 163.1 163.5 164.4 164.7 164.3 165.3 166.7
186 192.6 193.6 192.6 189.2 187.4 185.4 183.3 182.8 181.7 182 184 183.4 182.4 180.4 177.8 175.1 174.4 173.6 172.7 171.6 171.2 171.3 170.3 168.9 167.2 165.5 164.8 163.9 162.4 160.5 160.1 159.5 158.9 159.2 159.6 160.1 158.9 159.6 161.3 161.5 163.2 167.3 164.8 171.5 176.3 175.6 172.4 169.1 163.6 161 158.6 157.9 157.9 157.9 157.9 157.9 157.9 157.9 157.9 157.9 157.9 158 158.6 158.9 158.5 159.3 159.5 159.1 160.5 162 163.3 164.6 165.9 166.9 165.9 166.4 167.4
186.5 190.7 191.4 189.5 187.6 185.5 183.5 181.4 180.4 180.8 181.3 181.2 180.6 179.9 178.2 175.7 173.9 172.5 172 171.4 170.5 170.2 170.1 169.4 167.7 166 164.5 163.6 162.7 161.6 159.7 159.8 159.9 159.6 159.2 161 160.7 160.9 160.7 162.6 161 162.2 167.7 170.2 174.8 178.1 178 176.9 171.5 165 162.6 159.9 158 157.9 157.9 157.9 157.9 157.9 157.9 157.9 157.9 157.9 158.1 158.6 159.5 160.3 160.4 159.3 159.1 160.8 162.8 163.6 164.8 167.2 168.4 168 167.4 168.4
189.4 189.6 189.2 187.3 185.2 183.4 181.5 179.5 179.2 179.4 179.7 179.1 178.2 177.4 176.2 174 172.7 171.3 170.2 169.6 169.2 169 167.7 167.3 166.5 164.8 163.5 162.4 161.4 160.5 159.3 159.5 160.2 161.1 161.2 159.6 163.4 162.7 162.1 163.5 163.9 164.7 168.1 170.9 174.6 179.5 180.3 179.9 174.9 168.3 164 161.6 159.7 158.1 157.9 157.9 157.9 157.9 157.9 157.9 157.9 157.9 158 158.8 159.6 160.5 161 159.8 159.2 160.2 161.6 162.9 164.7 166.6 167.9 169.1 169.1 169.2
187.6 187.7 187.1 185.9 183 181.1 179.4 179 178.9 179.1 178.5 176.9 175.9 174.9 174.3 172.6 171 169.7 168.9 168.6 168.4 168.3 165.4 164.9 165 163.6 162.1 161.1 160.3 159.5 159.8 161 161.9 162.8 164.3 162 162.6 164.2 165.3 164.7 166.1 168.4 170.3 171.3 174.1 179.8 182.7 182.9 178.4 172 165.8 163.5 161.5 159.8 159.1 158.6 157.9 157.9 157.9 157.9 157.9 157.9 157.9 158.6 159.8 161.1 161.8 161.4 161.5 161.8 163.3 163.8 165 166.4 167.7 169.1 170.6 170.4
186.7 185.8 185.2 184.5 182.3 180.1 180 179.5 179 178.5 176.7 174.9 174 174 174.1 172.7 170.6 170.1 168.6 168.2 167.8 167.6 165.6 164.3 164.1 163.6 162.7 162.1 161.3 161 161.5 162.5 163.4 164.4 165.5 165.7 164 164 164.9 164.8 167.2 169.2 169.4 170.7 172.7 178.3 183.7 184.9 182.8 176.9 169.7 166.7 163.2 161.5 160.6 159.6 158.1 157.9 157.9 157.9 157.9 157.9 157.9 159 160.4 161.7 162.5 163.9 164.3 164.5 164.4 164.6 165.7 166.9 167.8 169.1 170.6 171.9
186.3 184.3 184 183.9 181.7 180.8 182 182.5 181.2 179.7 177.6 175.5 175.5 175.3 174.2 173.1 173.3 171.9 169.6 168.5 167.8 167.1 166.2 165.2 165.1 165.1 164 163.6 163.4 162.7 163.6 164.5 165.5 166.4 167.3 166.6 165.7 164.8 164 164.4 165.2 166.2 168.1 168.2 173.3 176.7 182.4 186 183.3 179.6 174.7 171.6 167.1 162.6 160.9 159.3 157.9 157.9 157.9 157.9 157.9 157.9 157.9 158.3 159.7 161.2 163.1 165.2 166 165.6 165.4 165.4 166.4 167 167.5 169.3 170.6 172.6
186.5 185.1 184.6 184.3 183.5 183.4 185.4 185.2 184.2 181.4 178.7 177.5 178.2 177.7 177.1 176.4 175.9 173.6 171.3 169 168.3 167.6 167.3 166.6 167.1 166.3 164.4 165.7 165.3 164.7 165.6 166.5 167.4 168.2 169.2 168.9 168 166.7 165.1 164.8 166.2 166.2 163 162.6 171.8 175.6 181.6 185.9 182.5 180.2 177.1 173.9 170.4 166.3 160.2 158.1 157.9 157.9 157.9 157.9 157.9 157.9 157.9 158.2 158.9 160.7 162.8 164.8 165.6 165.4 166.5 166.3 166.7 167.1 167.5 169.5 170.6 172.1
187.8 186.6 185.9 185.4 184.7 184.6 185.9 186 185.6 181.9 179 179.5 182.1 181 180.3 179.6 177.6 175.3 173 170.7 168.8 168.6 168.4 168.4 167.5 167.1 165.8 167.2 167.4 166.7 167.5 168.3 169.2 170 171.1 170.3 168.6 167 165.4 165.3 168.5 167.4 160.9 161.4 171.1 174.1 179.7 185 184.4 181.8 178.8 175.3 172.3 166.1 159.8 158.7 158.1 157.9 157.9 157.9 157.9 157.9 157.9 158.1 158.8 160.2 162.3 164.5 165.7 166.5 167.4 167 167 167.4 167.7 169.1 170.3 171.6
189.1 188.1 187.4 186.7 186.4 186.6 187.7 188.1 185.2 181.7 179 182.9 185.5 183.6 182.9 181 178.6 175.9 174.2 171.9 170.4 170.7 171.4 170.1 169.3 168.8 168.4 169.2 170.1 169.1 170.2 170.5 171 171.9 171.4 171 169.5 167.5 165.6 166.3 167.8 169.5 168 163 164.8 173.3 177.1 181.6 183.8 182.3 180.8 176.6 172 166.4 160.6 159.9 159.3 158.4 157.9 157.9 157.9 157.9 157.9 158 158.6 159.7 161.8 163.2 166 166.3 166.6 167.1 167.2 167.9 168.4 169 169.8 171.2
189.9 189.9 189.7 189.5 188 188.6 190 190 186.9 183.3 182.9 186.4 186.1 186 183.4 180.8 178.4 175.5 174.2 173.8 172.9 174 173.1 171.8 170.7 170.6 170.8 171.2 171.8 171.5 172.6 173.8 173.4 172.3 171.8 170.8 170.7 168.5 167 167.8 169.5 169.6 170.1 172.7 168.4 172 173 176.4 180.1 180.2 181.8 177.1 169.7 165.2 161.9 161.2 160.1 159.1 157.9 157.9 157.9 157.9 157.9 157.9 158.4 159.1 160.4 163.2 165.3 165.5 165.9 166.6 167.8 168.7 169.7 170.2 170.6 171.3
193.4 192.7 193.5 191.7 189.4 191.6 194.2 191.5 188.3 186 187.5 190.4 188.7 185.6 182 179.3 176.9 174.7 174 174 175.1 176.6 175.7 173.9 173.2 173.9 174.1 173.2 174.9 174 174.5 176 175.1 173.9 172.4 170.8 169.6 169.2 168.7 169.5 169.5 170.7 172 175.2 175.2 172.3 173.4 174.5 175.6 178.2 180.3 177.4 167.6 164.4 163.2 162.1 160.9 159.5 158 157.9 157.9 157.9 158.1 158.6 159.1 159.5 160.4 163 164.8 164.6 166.2 167.3 168.6 169.6 170.5 171.5 172.1 172.9
197.4 196.8 196.2 194.1 192.5 195 196.3 193.7 190.2 188.3 190.6 191 188.4 184.6 181.3 177.8 175.4 174.2 174.4 175.8 176.4 179 178.5 176.1 174.1 176.1 177.1 176 176.8 176.6 175.3 175.9 176 174.9 171.9 169.9 169.2 169 170.1 170.4 171.3 172.6 174.1 175.6 175.5 175.1 173.4 175 176.9 179.9 182.6 178 170.3 167.6 163.7 161.8 159.8 158.7 158.1 157.9 157.9 157.9 159 159.9 160.6 161 162 163.8 165 165.8 167.1 168.2 169.3 170.4 171.3 172.3 173.3 173.7
200.2 199.5 198.5 196.4 195.1 197.4 198 197 193.7 191.5 192.8 191.7 187.1 183.5 180.3 177.2 175.3 174.9 177.1 179.4 179.7 180.3 179.9 178.3 176.7 178.2 179.4 178.7 180.1 178.9 176.6 175 175.1 174.3 171.8 170.4 169.1 170.1 171.6 172.3 173.4 174.5 176 175.8 175.4 175.4 175.4 175.5 178.2 181.1 182.6 179 173.1 168.5 164.2 162.2 160.6 159.2 158.3 157.9 157.9 158.4 160 161.1 161.9 162.6 163.2 164.6 165.9 167 168.1 169.1 170.2 171.1 172.1 173 173.4 173.6
203 202.3 201 198.8 198.9 200.8 200.7 199.9 198.1 195.7 195.1 190.9 186.4 183.3 180.3 178 176.7 177.6 179.7 182 182.7 183.8 182.1 180.3 179.6 180.5 181.7 181 180.3 179.3 177.4 175.7 174.2 174.6 173.7 172 170.4 171.1 173.2 174.3 174.9 174.3 175.9 175.6 175.9 176.2 176.5 176.4 178 179.7 180.9 179.9 174.1 168.9 164.7 163 161.5 159.9 158.7 158.2 157.9 158.4 159.6 161.3 163.1 163.9 164.4 164.7 166.2 167.7 168.6 169.5 170.3 171.3 172.4 173.5 173.5 173.5
205.8 205 203.4 201.5 202.5 203.5 203.3 201.3 200.5 198.6 195.9 190.4 187.3 184.4 181.1 179.5 178.6 180 183.2 185.8 186.2 187.1 185.9 184.4 183.3 184.7 184.3 182.4 179.5 179.4 177.9 176.8 176.5 176.5 175 173.7 173 173.4 174.8 176 175.1 174.5 176.2 176.6 177.6 177.6 177.8 177.4 177.1 177.6 178.5 179.7 174.7 168.6 165.6 163.9 162.4 160.8 159.5 159 158.4 158.5 159.1 160.6 162.5 164.7 165.6 165.5 166.2 167.6 168.6 169.5 170.4 171.4 172.2 172.7 173.1 173
208.7 207.7 206.3 204.8 205.6 205.4 205.5 203.7 202.3 201.3 198.8 194 189.3 186.1 183.4 183 182 182.9 186.2 189.1 189.4 189.9 189 187.6 185.2 185.9 185.8 182.3 179 179 179.3 179.2 178.9 178.6 177.2 174.5 173.7 175.5 176.6 177.9 177.5 177.2 177.9 178.5 179 179.4 178.7 178 177.5 177.8 178.4 178.4 174.4 169.4 167.3 165.3 163.2 161.8 160.9 160.3 159.6 159 158.8 159.7 161.8 163.9 165.3 164.4 166.1 167.6 168.5 169.5 170.2 170.3 171.2 171.7 171.7 171.4
211 210.1 208.7 207.3 207.1 207.7 207.2 206.1 204.5 203 201.5 196.5 191.9 188.1 186.6 186.3 186.1 187.4 190.6 191.9 190.9 190.8 191 189.3 186.2 185.8 185.2 182 179.6 181.8 182.2 181.7 181.3 181 179.4 176.7 175.8 177.9 179 180.2 179.5 179.4 179.9 180.4 180.9 180.8 179.8 178.9 178 178.1 178.6 175 172.5 170.5 168.3 165.9 164 163 162.1 160.9 160.3 159.9 159.6 159.3 160.8 162.7 164.1 165.7 166.2 167.5 168.5 168.8 168.6 168.9 169.6 170.2 170 169.8
212.3 211.9 211.4 209.3 209.3 209.3 208.5 207.9 206.3 204.7 202.4 199.2 193.3 190 188.2 188.4 191.8 193.2 194 193.8 192.8 191.4 190 188.9 186 184 184.2 184.4 182.9 185 185.1 184.5 183.9 182.6 180.9 178.9 179.2 180.2 180.8 181.5 181.6 181.5 181.9 182.4 182.3 181.4 180 179 178.5 178.3 176.4 174.1 171.7 169.6 168 166.2 164.8 163.9 162.6 161.5 160.9 160.5 160.8 160 160 161.4 162.6 164.6 166.5 167.6 167.5 167.1 167.2 167.5 167.8 168.4 168.2 168.7
213.3 212.8 212.3 211.3 210.7 210.2 209.5 209.3 207.6 205.5 202.6 198.7 195.3 193.6 190.3 191 195.8 196 196.3 195.1 193.3 192.5 189.6 189.5 188 186.9 185.6 185.3 184.8 186.3 187.1 186.8 186.4 183.4 180.3 179 179.9 182.3 183.2 183.4 183.6 183.7 183.9 183.7 182.8 182 180.6 179.4 178.2 177.5 175.9 173.5 171.1 169 167.5 167 165.6 164.7 163.3 162.1 161.5 162.1 162.5 160.8 159.1 159.5 161 162.9 164.9 165.5 165.8 165.5 165.8 166.1 166.5 167.1 168.1 168.8
212.2 211.6 212.5 213.1 211.9 211.6 210.5 209.7 208.7 206.4 203.8 201.2 200.6 197.9 194 193.1 197 197.6 197.1 195.3 193.8 193.5 191.8 192.1 192.1 190.9 189.3 187.6 186.7 188.4 189.3 189.3 187.6 183.7 180.4 179.7 182.2 184.9 185.1 185.1 185.2 185.5 184.9 184.2 183.4 182.6 181.2 180.3 178.2 177.2 175.3 173 170.6 170 169.4 168.5 167.2 165.4 164.2 162.7 163.5 164.4 163.3 161.5 160.3 159.8 159.6 161.4 162.8 163.7 164.1 164.2 164.6 165 165.8 167.3 168.2 168.9
210.3 207.9 208.8 211.2 212.5 212.8 211.7 210.7 209.6 208.1 205.6 203.7 203.3 200.9 196 196.1 199.5 199.9 198.7 197.5 196.3 195.3 194.1 195 195.9 193.9 191.9 189.9 189.4 190.4 191.2 191.8 188.4 184.4 180.5 181.2 183.5 185.6 186.7 187 187.3 187.7 186.6 184.1 183.9 183.2 182.5 181.2 179 177.4 175.4 173.6 173.3 172.2 171.5 170.1 168.7 166.7 164.7 164 164.3 164.9 164.4 163.4 162.6 161.6 160.4 161.1 161.6 162.8 163.2 163.7 164 165.1 166.4 167.1 168.3 169
206.3 205.1 206 208.9 210.3 211.6 211.5 211.5 211 209.6 207.4 206.3 205.4 202.8 198.9 200.2 202.1 201.9 200.7 199.7 198.7 197.7 196.2 196.5 197.3 195.5 193.8 192.1 191.2 191.8 193.3 193.4 190.4 186.6 183.8 183.8 185.5 187.8 188.3 189.1 189.5 190.1 188.2 185.8 185.4 185.3 182.9 181.2 179.6 178 176.8 174.7 174.5 174.3 172.8 170.8 169 167.1 165.8 165.8 164.9 165 165.2 165.2 165 162.5 161.9 162.3 162.4 162.4 162.6 163.1 163.8 164.5 165.5 167 167.8 168
198.2 198.4 201.5 207 208.5 210 209.7 210 210.6 210.7 209.2 208.2 206.9 205 202.1 202.1 203.4 204 203.1 202.1 201.1 200.1 198.9 199.4 198.6 197.4 196.1 194.4 194.3 194.6 194.7 194.6 192.9 190 187.2 186.8 188.5 190.2 190.2 190.5 191.5 190.6 189.8 188.1 186.6 184.6 183.1 181.5 179.9 178.5 177.6 176.7 174.9 173.7 172.1 170.3 168.4 167.3 167.2 166.9 165.3 165.1 165.2 165.2 165.8 162.7 163.1 163.3 163.3 163.2 163.2 163.3 163.4 164.1 165 166.7 167.2 167.3
191.6 192.2 195.1 202.1 206.5 207.5 208.6 209.3 209.9 210.8 210 209.2 208.3 207.3 205.8 204.4 205.5 205.9 204.8 204.1 203.3 202.5 201.5 200.8 199.8 198.8 197.5 196.2 195.1 194.6 195.5 195.7 195.1 192.6 190.2 189.9 191.6 193.3 192.4 191.3 191 191 189.8 188.1 186.3 184.8 183.1 181.3 179.5 178.3 177.6 177 174.3 172.7 171.2 169.6 169.5 168.6 168.6 167.3 165.7 165.2 165.3 164.9 165 163.8 163.9 164 164 163.9 163.8 163.5 163.3 163.8 164.8 166 166.5 166.7
185.5 186.4 190.6 197.3 203.5 204.2 207.4 208.6 209.4 211 210.2 209.7 209.3 209.6 209 207.4 207.3 207.7 206.7 205.6 204.9 204.1 203.5 202.5 201.1 200.2 198.9 198 196.6 196.9 197.6 197.4 197 195.3 193.4 192.6 193.5 194.3 192.8 191.7 190.8 190.8 190.1 187.9 185.7 183.9 182.1 180.3 178.7 177.7 176.9 176.1 173.9 172.5 171 170.1 171 169.9 169.4 167.8 166.1 165.3 165.2 164.6 164.1 164.4 164.5 164.5 163.8 163.4 163.9 163.7 163.4 163.8 165.3 164.9 165.7 166.1
178 181.4 185.8 191.6 198.9 203 205.7 207.4 208.9 210.3 210.5 210.4 210.1 209.3 209.5 208 208.1 208.5 208.3 207.1 206.5 205.9 205.4 204.8 203.5 201.5 200.5 199.6 198.6 199.4 199.8 199.3 198.4 198.3 197 196.5 196 195.1 193.2 192.2 191 190.7 189.2 187.1 184.9 182.9 181.1 179.3 178.1 177 176.2 175.4 174.4 172.7 171.1 170.2 170.8 169.9 169.7 168.1 166.6 165.3 164.8 164.1 164.3 164.9 165 164.6 163.7 162.7 163.1 163.3 162.9 163.3 164.5 164.6 164.3 163.8
