data/470000-490000.asc
ncols 200
nrows 200
xllcorner 470000
yllcorner 490000
cellsize 50
[rows 35 to 69 of 200, columns 0 to 77 of 200]
191.9 196.5 200.6 203.9 208 208 213.6 221.3 230.1 241.7 260.5 280.9 295.6 294.1 293.6 294.3 293.9 293 291.6 289.5 285.1 280.6 277.1 271.9 274.4 277 279.9 285.2 290.5 296.9 305 312.4 314.6 308.7 294.7 283 272.6 255.3 236.4 225.3 216.9 208.6 201.2 191.8 193.2 203 211.2 218.7 228.8 244.5 261.1 269.6 283.1 301.5 314.1 318.3 320.7 320.7 320.7 319.9 319.1 318.1 315.6 313.2 310.1 305.9 301.6 297.4 293.2 289.1 284.8 280.8 277.5 277.5 276.7 275.6 274.1 271.6
193.9 195.6 198.3 202.1 204.6 202.7 209.6 220.8 227.8 240.1 261.4 281.1 290.1 289.8 288.8 289.7 289.6 288.3 286.6 284 279.7 275.3 271 259.7 269.8 274.9 275.9 277.9 281.9 287.3 293.7 300.5 305.7 301.7 291.3 280.5 269.5 252.7 236.5 224.9 216.5 208 198.5 189.7 197.3 204 210.8 218.2 226.3 241.5 259.6 266.9 278.3 297.2 310.4 315.8 318.4 318.6 318.8 318.9 318 317.1 315.1 312.8 310.5 306.3 302 297.8 293.7 289.7 285.4 280.8 275.8 273.5 271.5 270.1 271 268.6
192.4 194.9 197.3 199 199.3 199.7 206.8 218 225.7 236.2 256.1 274.6 283.4 281.9 282.1 282.5 283.7 282.2 280.3 277.9 275 270.9 262.5 246.5 262.2 269.7 272.8 273.3 274.1 278.8 284.8 290.6 295.5 295.7 289.6 277.2 268.2 251.5 235.2 224.3 214.4 205.2 195.6 186.2 196.7 202.8 208.7 216.4 224.4 237.1 254.7 263.4 274.2 289.2 305.1 311.8 315.6 316.6 317.8 318.2 317.3 316.9 314.8 312.6 310.4 306.6 302.4 298.3 294.3 290.3 286 281.4 276.3 271.2 265.9 264.9 263.6 263.2
189.4 192.4 193.8 195.1 194.6 198.5 205 214.8 222.3 233.7 249.4 269.8 278.2 276 276.4 276.6 277.5 276.5 274.1 271.7 269.8 264.6 254.3 235 246.9 261.7 267.3 269.4 269.3 270.5 275.6 280.4 286.7 291.4 288.7 279.9 266 250.7 236.1 220.7 210.1 201.5 190.6 188 195.7 201.4 207.2 213.7 220.8 232.5 249.3 259 268.8 281.3 298.5 306.4 311.4 314.8 316.7 317.5 317.4 316.5 314.4 312.2 310.2 306.9 302.9 298.9 294.9 291 286.6 282.3 278.5 273.5 269 264.8 261.6 256.4
186.8 188.6 190.7 192.4 191.3 197.1 203.6 212.1 219.6 228.3 244.7 261.6 264.1 271.7 271.2 271.1 271.4 270.8 268.7 267.4 260 252.1 245.6 235.9 234.3 246 256 260.2 261.9 264.4 266.6 271.2 277.7 286.6 286.2 278.6 264.3 246.3 230.2 225.3 209.7 196.1 187.1 187 193.5 198.3 203.9 210.9 217.1 226.9 241.4 254.4 261.3 272.8 288.2 298.6 307.3 312.1 315.4 317.6 317.5 316.2 314.1 312.1 309.6 307 303.9 299.7 295.6 291.6 287.3 283.6 279.8 276.1 271.5 267.4 263.2 260.6
184 186 188 189.8 190.2 195.1 201.8 209.6 216.7 225.2 236.9 251.4 260.9 266.8 267.7 267.2 266.1 265.7 262.6 253.7 244.9 237.8 233.6 225.3 224.4 232.2 235.8 241.4 248.3 252.8 259.7 265.4 269.9 276.2 279.6 277.9 263.3 235.8 234.1 221.1 203.2 192.3 183.8 185.4 192.2 196.4 200.7 207.2 213.6 220.6 231.1 247.1 255.5 266 278.8 291.6 300.5 309.3 314.1 316.7 317.1 316 314 312 309.3 307.2 305.2 301 296.8 292.6 288.6 284.8 281.1 277.3 273.4 269.3 265.2 261.1
181.3 184.2 183.9 189.3 191.2 196 200.7 206.5 212.7 219.9 229.2 239.7 256.6 258.9 258.7 260.8 262 259.6 254.6 244.3 235.7 230.9 225.1 218 215.8 222.9 226.5 230.4 233.9 235.7 242.5 256.8 262.5 268.1 272.7 274.8 258.9 237.5 237.4 221.2 204.7 189.2 180.9 187.1 190.2 194 197.9 203.1 208.1 214.4 223.4 238.9 251.9 262 272.4 284.9 295.2 304.7 311.6 314.5 314.9 315.3 313.9 311.5 309.5 307.4 305.4 302.4 298.3 294.2 290.2 286.3 282.3 278.5 274.5 270.8 267.3 263.4
178.9 179.9 183.4 187 190.8 194.8 199.5 204.2 209.8 216 221.9 227.2 235.9 243.4 258 256.6 255.8 246.9 239.5 233.5 229.1 224.4 221 215.4 209.9 213.3 217.4 222 224.6 226.7 230.9 238.7 248.7 257.2 265.7 269.2 257.6 242.7 239.4 222 205 189.7 179.2 185 187.8 191.7 195.6 199.5 203.5 211.3 219.2 234 249.4 260.7 267.4 278.3 289.6 299.8 309 312.5 314 314.2 313.7 311.9 309.9 307.9 305.9 303.4 299.9 295.8 291.8 287.9 283.9 280.7 277.2 273.7 270.3 265.6
177.7 181.2 182.9 186.7 190.5 194.2 198.3 203 206.5 210.8 214.6 219 222.8 228.2 240.5 250.7 250.5 240 229.8 224.7 221.6 219.5 216.6 213.2 209.2 206 209.4 213.7 216.3 219.3 223.1 228.2 234 240 252.8 262.3 255.1 241 236.2 225.3 211.6 193.8 181.1 180.8 185 188.7 192.5 196.4 200.5 209.2 217.6 232.5 247.5 257.4 263.8 272.6 283.5 293.8 302.7 308.9 311.7 313.2 313.2 312.2 310.6 308.5 306.2 303.7 301.1 297.4 293.6 290.3 287.1 283.8 280.1 276.7 272.8 267.9
172.1 179.2 182.6 186.4 190.2 193.9 197.1 200 202.6 204.8 207.2 210.7 213.3 218.9 224.9 233.7 240.5 235.4 229.2 222.5 216.1 214 211.9 208.9 204.2 200.1 203.2 206.3 209.7 213.1 216.8 221.1 226.2 233.1 239.7 249.8 254.5 243.9 234 228 214.3 199.4 184.2 175.1 182.6 185.3 189.1 193 198.3 207.2 215.6 229.6 245.2 255.1 261.8 268.8 278.3 287.6 297.5 304.6 309.4 311.7 311.9 312.1 310.9 308.9 306.6 304 301.5 299.3 296.6 293.4 290.2 286.9 283.2 279.7 275.1 270.5
170.1 177.7 182.4 186.2 190.1 192.5 194.9 195.8 197.9 199.6 201.4 204.4 208.7 214.9 219.3 228.3 234.2 236.3 238.1 228.3 215.6 209.6 207 205.1 201.6 199 198.3 201.3 203.8 206.7 208.7 211.7 218.7 225.8 233.4 239.2 253 250.3 233.2 227.4 213.4 198.1 185.3 173.5 180.1 183 186.3 190.4 196 203.8 214 224.5 241.5 251.7 260 267 274.1 283 291.7 300.7 306 309.6 310.1 310.4 310.7 309.3 306.9 304.7 302.7 300.6 298 295.3 292.6 289.9 286.2 282.4 277.9 272.9
170.3 173.2 183.3 185.8 189.2 191.3 192.7 191.2 192.8 198.3 200.8 203.1 209.6 212.1 215.6 222.1 228.2 230.6 230.5 224.5 214.9 207.5 203.1 201.2 199.4 196.7 191.9 196 198 200.3 201 203.1 210.9 222.2 230.8 234.1 247.9 255 239 223.3 208.7 197.4 186.4 177 171.4 179.8 184.5 188.1 193.3 200.6 211.5 222.1 236.9 249 257.4 265 271.7 279.5 288.2 297 303.4 307.2 308.4 308.8 309.3 309.7 307.8 305.8 303.8 301.8 299.5 297.1 294.7 291.8 288.4 284.5 280.1 275.1
171.4 169.9 180 184.4 186.9 189 187.7 189.7 196.5 200.5 201.5 203.9 208.4 209.5 209.9 215.3 222.2 224.1 221.7 218.2 212.1 206.2 200.3 197.4 196.2 194 192.5 189.9 193.3 194.9 195.7 198.2 204.5 214.3 221 227.5 241.4 253.1 244.7 225.8 213.6 201.7 192.6 176 171 172.5 180.4 183 189.7 197.1 208.1 218.7 233.1 247.4 255.5 262.7 269.5 276.2 284.9 294.1 301.7 305.5 307.1 308.3 308.7 309.2 308.7 306.8 305 303.1 301.6 299.5 297 293.6 289.8 286.3 282.1 278.4
173.7 168.9 178.6 182.3 184.2 184.4 187.7 191.4 197.1 200.2 200.3 201.9 203.2 202.4 205.4 211.9 219.7 220 219.3 218.4 214.8 207.5 201.4 194.8 192.8 191.7 190.5 187.6 190.6 191.2 192.2 195 200.2 208.1 213.7 220.7 233.8 250 249.6 237.2 224.8 210.5 199.7 191 175.4 170.5 172.4 180 186.1 193.2 203.1 214.3 229.7 246.1 255.5 260.2 266.8 273.8 281.8 291 299.9 302.4 304.4 306.3 308 308.6 308.8 308.2 306.3 304.5 303.1 301.7 298.6 294.9 291.1 287.6 284.5 281.1
173.4 167.6 171.6 180.5 178.6 184.5 188.4 192.6 197.8 200.6 200.4 196.2 197.4 200.1 206.1 212.2 216.9 215.7 217.3 220.2 219.3 210.3 203.1 194.7 190.1 189.1 187.6 186.9 184.2 187.6 189.3 192.7 197.7 203.7 210 216.9 227 246.2 256.5 254.1 239.7 223.2 212.3 200.2 190.7 182.6 169.5 174.7 180.3 186.9 197.8 210.2 225.4 243.3 253 258 263.6 271.1 279.1 288 294.4 299.7 301.6 303.5 305.4 307.3 308.5 308.7 307.7 305.9 304.5 303.7 300.8 296.9 292.8 289.7 286.5 283
173.5 169.6 168 174.6 177.8 184.2 187.8 193.2 199.8 202.4 198.5 190.4 191.4 199.4 206.6 210.1 211 211.2 214.6 219.1 218.8 213.5 205.5 194.6 186.4 184.5 183 182.1 182.8 184.2 187.3 191.7 196.9 202.7 208.9 214.8 224.6 242.1 257.7 260.9 254 235.8 220.2 209 197.8 187.4 176.6 166.7 176 183.7 193.2 205.8 223.6 243.6 253.1 256.6 261.6 268.2 275.8 282.9 290 296.2 299.8 301.6 303.4 305.8 307.9 308.6 308.5 307.5 306.7 305.6 302.6 299.3 295.3 292 288.3 284.8
174.9 170.4 166.1 177.5 179.6 182.1 186.5 196.8 207.8 208.1 198.4 182.5 187.2 196.6 203.1 206.4 205 205.8 210.3 216.6 215.8 212.3 203.1 194.3 183.4 181.9 180.4 179 178.4 183 187.3 191.9 196.6 201.6 208.6 216.2 225 241.4 259.3 263.8 259.3 244 227.1 214 205.1 190.3 177.5 165.2 173.9 180.8 189.4 204.9 220.6 238.1 251.2 254.3 258.6 265 271.5 278.3 285.6 292.3 296.1 299.5 301.9 304.3 306.4 308.4 309.9 309.9 309 307.5 304.4 301.2 297.8 294 290.2 286.8
176.5 171.1 166.5 175.5 178.8 180.3 185.2 193.8 202.1 200.6 196 180.3 180.7 187.9 196.2 200.3 199.4 199.5 205.5 211 211.1 206.5 197.4 190 181.3 179.3 178.3 176.5 179.4 181.7 185.7 189.7 195 200.6 208.8 217.2 226.9 244.7 261.2 264.7 263.2 244.7 228.2 217.2 208 190.3 178.5 167.6 168.6 177.9 186.8 199.3 211.9 227.2 243.1 250.5 256 262 268.2 274.2 281.2 288.1 291.9 297.4 300 302.4 304.5 308 311.4 312.2 310.8 308.6 305.6 302.4 299.2 295.3 291.4 288
176.9 173.1 167.4 170.2 178 179.6 181.6 185.6 188.8 185.8 181.6 175 173.8 178.9 186.9 191.3 192 194.2 200.8 205.2 203.5 198.3 192.7 187.3 181.8 178.2 175.3 171.5 175.9 180.2 184 188.2 194 200.3 208.6 217 229.7 250 263.1 266.4 263.2 244.9 223.2 217.7 208.9 190.1 178 167.6 170.3 177.5 186.3 195.2 206.5 221.9 238.2 248.8 254.2 259 265 270.9 276.8 283.4 289 294.5 297.9 300.5 303.4 307.7 312 312 311.3 309.5 306.8 303.5 300.3 296.6 293.6 290.7
177.1 173.5 169.6 164.2 177.7 178.8 178.3 176.4 175.8 173.8 168.4 166.3 167.6 171.4 176.8 183.3 185.4 187.1 193.9 195.7 193.7 190.3 187.2 184 180.5 177.8 174 169.8 172.4 177.5 181.9 186.5 192.4 200.1 208.3 218 231.1 252.5 265.4 266.6 263.1 248 223.2 215 211.9 194.4 177.7 167.3 168.2 177.4 183.7 193 203.4 217.7 237 247.9 253.5 257.4 262.1 268.4 274.4 280.4 286.8 291.7 295.7 298.7 302.7 306.9 311.6 312.1 311.5 309.4 306.8 304.7 301.5 299 296.3 293.4
178.6 174.3 170.2 164.8 167 176.9 173.2 170.4 168.5 165.2 163.4 163.1 163.4 165.4 169.9 175.4 178 179.5 185.1 186.6 186.7 184.5 182.3 180.3 178.4 176.7 174.4 174.7 170.6 175.6 180.1 184.9 191.6 199.2 206.5 217.1 229.9 251.8 264.9 266 264.1 251.9 226.3 215.2 213.7 196.4 179.3 170.4 166.5 174 179.8 188.3 201.4 216.8 238.7 247.8 254 257.3 259.9 266.4 271.1 277.5 284 290.1 294.6 297.9 301.9 306.4 310.7 311.6 311.1 308.8 307 305.3 302.7 300.2 298.9 296.1
181 176.6 172.3 169.6 164.1 168.1 167.6 165.9 163 162.1 161 161.2 161.2 160.3 161.7 166.2 171.4 176.4 180.1 181 180.6 179.7 179.3 177.8 176 174.2 173.2 172.6 167.7 174.7 178.6 183.7 190.4 196.5 204 214.3 226.8 247.4 262.5 263.7 263.1 255.3 231.5 215.8 211.9 197.3 182.3 170.2 161.2 171.9 179.3 189.2 201.3 214.6 237.6 247.8 253.4 255.6 258.3 263 267.7 274.1 280.8 287.7 293.4 297.2 301.5 305.6 309.2 310.5 310.1 309 307.3 305.5 303.7 301.2 299.9 298
183.4 179.1 174.8 171.2 164 161.6 162.3 162 162.1 157.6 156.7 159.5 159.1 159.2 158.2 159.7 168.2 172.8 175.3 176.3 176.9 176.6 176.1 175.3 173.5 171.7 171 169.8 166.4 170.2 177.1 182.5 188 193.8 201.2 210.8 222.3 239 257.5 261.4 263 255.8 236.5 216.9 207.5 197.2 180.6 165.3 158.5 170.4 178.7 189.8 198 210.5 229.4 244.9 249.6 252.2 255 258.5 263.3 269.3 277.2 285.4 291.8 295.6 299.1 302.8 306.4 307.4 307 307.2 306 304.9 303.7 302.2 301 299.8
187.1 182.1 177.8 170.6 168.5 168.3 166.6 166.6 165.9 165.8 164.3 162.4 163.1 156.7 155.7 157.4 160.7 166.4 169.8 171.2 172.1 172.8 172.5 172.1 170.9 169.5 168 165.1 159.3 174.1 177.2 180.9 186.4 192.8 200.5 208.4 219.2 231.8 244.6 256.2 258.9 252.2 233.4 218.2 207.1 194.3 178 165.1 157.6 170.8 176.8 189.8 196.3 205.6 216.8 232.6 245.7 248 251.2 254.5 259.6 265.5 273.6 282.1 289.6 294.2 297.5 300.8 303.4 303.9 304.2 304.6 304 302.9 302 301.9 300.6 299.4
190.1 184 178.1 174.1 174.4 173.9 172.8 171.6 171.1 171.3 169.7 169.2 167.6 166 162.5 155.4 158.4 161.9 164.7 165.8 166.9 168 168.5 168.2 166.7 163.9 161.5 160.3 171.1 177.3 179.2 182.4 186.3 192.2 199.8 207 214.5 224.2 231.2 243.1 254.9 244.8 227 215.9 203.7 193.8 177.9 160.5 160.2 167.5 175.6 188.9 194.1 201.8 210.1 216.8 240.8 242.8 245.8 250.9 256.4 262.9 269.9 279.1 287.5 292.5 296 298.2 300.5 301.1 301.4 301.8 302 301.5 301.7 301.5 300.2 298.9
193.6 187.1 182.2 179.1 180.4 179.5 178.7 177.9 177.6 175.9 174.3 172.7 170.5 166.5 164.1 158.1 155 158.1 160.4 161.7 162.8 163.7 163.9 163.5 161.2 159.2 153.1 176.2 175.9 178.7 180.7 184.4 187.6 193.1 198.5 202.1 207.9 213.5 220.3 225.8 231.2 229.4 222 211.2 199.8 187.2 173.4 157.2 156.7 164 172.1 184.4 192.1 198.7 205 214.7 230.7 236.5 242.3 248 253.6 260.4 268 277.1 284.7 290.4 294.5 296.7 299 299.7 299.9 300 300.4 301.2 301.4 301.1 299.8 298.5
200.1 194.8 187.7 185.4 185.9 185.3 184.9 185.6 183.9 182.1 180.5 178.3 174.8 170.5 166 160.2 154.6 156.4 157.9 158 158.6 159.1 159.8 160.1 156.8 161.6 174.2 176.5 177 179.4 181.3 184.3 187 191.2 193.1 195.7 200 204.5 209.2 212 212 214.1 213.1 204.6 191.9 180.1 169.2 158.2 156.8 161.9 168.3 178.1 186.4 191.6 199.6 207 219.1 231.8 239.6 245.5 251.3 258.5 266.3 274.8 281.5 288.1 292.7 295.4 297.6 297.9 298.2 298.5 299.3 300.7 301 300.7 299.4 298.4
207.4 203.6 198.7 193.5 194.2 193.9 194.1 193.1 190.6 188.7 186.8 183.8 179.6 175.4 170.3 166 160.9 151.4 155.7 155.9 155.4 155 155.7 156 154.9 170.9 173.5 175.9 177.1 178.8 180.3 182.4 185.1 187 187.6 189.6 191.6 196.2 199.7 199 197.4 199 200.1 195.3 183.7 172.9 164.1 158.2 153.7 158.9 164.3 171.3 178.4 183.9 189.9 200 212.5 227.3 237.5 243.5 249.6 256.5 264.7 271.6 278.4 285.5 291.2 294.2 295.7 296 296.2 297.3 298.1 299.5 300.7 300.2 299.4 299.3
216.6 213.7 207.5 202.8 204.8 204.7 203.9 202.1 200 198.3 195.2 190.7 185.5 180.4 174.9 168.8 162.8 159.2 152.9 153.9 152.2 150 150.3 149.8 158.8 166.3 171.6 174.4 175.2 176.8 178.4 179.9 180.9 182.3 182.5 183.4 183.5 186.8 191.2 190.1 186.8 185.2 186.1 183.5 175.4 166.7 161.3 157 152.7 156.8 160.9 166.3 172.1 176.7 188 198.6 208.4 223.2 236 242.9 248.3 254.6 261.8 268.8 275.5 282.3 289 293 293.6 293.5 294.4 295.6 296.7 298.3 299.8 300.3 300.2 300.1
226 222.6 214.9 214.4 215.3 216.5 215.6 213 211.7 208.7 204.4 198.9 192.1 185.6 178.8 172.2 166.5 161.9 153.9 150.8 149.6 152.9 147.7 149.8 152.1 158 162.1 167.9 172.4 174.2 176 177.1 177.2 178.2 178.1 178.4 179.3 182.5 184.8 184.3 180.9 177.8 177.1 174.1 168.7 163.6 159.4 154.9 150.4 154.3 157.6 161.8 169.7 177.6 187.1 195.6 205.7 219.2 234.5 241.3 246.5 252.4 258.2 264.9 271.7 278.5 284.7 290.1 291 291.6 292.5 292.9 295.1 297.9 299.3 300.4 300.5 300.6
230.3 227.3 228.6 229.2 230.8 230.7 231 229.6 227 222.3 217.5 209.7 200.1 191.8 183.6 175.4 170 164.5 159.2 153.9 156.5 155.4 154.4 152 147.7 150 154.8 156.9 164 171.2 172.1 172.2 172.8 174.8 175.5 175.6 177 180.3 180.9 178.9 176.6 174 171.4 168.6 165 161.2 157.3 152.5 149.5 149.7 156.1 160.8 168.4 175.5 182.6 191.2 202.1 214.7 230.1 238.3 244.3 249.4 254.6 261 268 274.3 280 284.8 287.8 288.7 289 291 293.6 296.5 298.9 300.3 300.5 300.6
241.4 241.7 245.4 251.8 251.8 253.6 253.4 249.6 245.4 239 230.7 222.7 209.2 197.6 187.2 178 172.2 166.5 160.7 159.1 158.1 157.7 156.3 154.5 152.7 146.8 148.5 149.2 151.4 161.6 166.5 167.2 169.7 172.8 173.3 172.3 175.4 178.8 178.8 177.7 175.1 172.4 169.5 166.8 163.6 159.6 155.6 152.1 149.5 149.1 155.1 160.7 166.9 174.2 180.6 187.1 195.5 209.2 225.3 234.4 240.5 246 250.9 256.2 263.5 269.7 274.9 278.4 281.2 283.6 287.2 289.3 292 294.6 297.8 299.4 300 300.6
265.8 263.4 271.1 275.8 276.5 277.6 279.7 275.7 263.1 248.5 237.8 233.6 219 203.6 190.4 181.5 174.8 169.8 163.7 161.2 160.9 161 159.2 157.3 156.1 153.7 147.2 145.1 147.6 148.6 156.2 159.7 160.9 163.9 169.1 173.8 175.7 177.8 178.2 177.8 175.3 172.9 169.8 166.9 163.5 159.7 155.6 151 146.9 149.2 154.9 160.4 165.9 172.4 177.5 182.5 190 203.2 215.8 227.7 236.2 241.9 246.9 251.7 258.7 265 270.1 272 274.5 277.7 281.9 287 290.1 292.6 296 298.3 299 300
279.8 277.8 280.2 282 284.7 285.6 286.6 284.7 279.1 265.4 249 238.5 227 209 194.8 184.4 177.5 173.9 165.4 163.9 164.3 164 162.1 160.3 157.9 155.6 152.7 149.8 145.4 146.1 148.7 159.4 164.7 170.2 173.3 172.6 175 176.9 178.8 179 178.9 176.4 173.3 169.2 164.1 160.5 155.8 150.5 147 148.1 154.3 159.9 165.1 169.2 174 179.1 186.4 195.2 207.1 219.3 229 236.4 240.9 247 252.7 259 263.7 265.9 268.2 271.8 276.3 282.7 287.1 290.7 294.1 297.3 298.8 299.1
288.8 287.5 286.5 287.7 289.4 290.9 290 286.6 281.7 275.4 257.9 243.9 228.9 211.3 197.3 187.2 180.9 176 166.4 168.2 168.4 167.9 165.7 162.7 160.3 158.1 155.3 152.9 151.3 146.5 144.8 145.9 162.5 166.4 170.2 172.3 174.3 177.1 179.9 182.7 184 184.3 184.6 179.1 171.8 163.5 154.2 148.9 147.4 148.4 155 159.5 163.7 167.7 171.4 175.4 180.5 187.3 197.9 209.5 219.6 227.8 234.3 239.7 246 252.5 257.1 259.4 262.4 265.9 270.9 277.8 283.3 287.7 291.8 295.3 297.7 297.8
