data/470000-300000.asc
ncols 200
nrows 200
xllcorner 470000
yllcorner 300000
cellsize 50
[rows 0 to 34 of 200, columns 0 to 77 of 200]
120.4 117.8 123.6 129.6 133.7 133.2 135.2 139.6 143.7 145.7 146.8 147.9 148.6 148.3 147.9 147.7 146.8 145.2 142.3 139.2 141.9 143.3 141.4 139.8 141.3 143 142.4 139.6 135.8 130.8 125.4 126.5 126.8 123.2 115.4 117.9 122.9 127.1 127.1 124.8 120.3 116.5 122.1 125 124.1 122.5 118.9 114.8 114.6 116.1 116.7 114.3 110.9 111.6 113 111.6 108.8 105.6 103.3 102.6 101.8 102.4 100.1 99.5 102.5 103.8 105.9 109.6 111.8 113.4 113.2 113 113.8 117.2 120.2 123.1 125.5 128.1
117.2 118.9 123.5 127.3 128.2 128.2 132.7 137.9 141.8 143.1 144.1 145.3 146.8 147.9 148.3 148.4 148 147.1 145.1 143.2 145.2 145.1 143.6 143.5 144.3 144.5 143 138.8 134.7 130 131.3 131.3 128.4 122.7 116.4 122.1 127.9 130.5 129.7 127.4 123.1 119 124.2 127.2 126 123.4 119.2 115.3 118 118.9 117.7 114.3 113.5 114.8 115.6 113.6 109.6 106.3 105.6 106.2 104.6 103.4 102.1 99.7 101.2 103.1 104.7 106.6 108.7 109.8 109.8 110.5 113.9 117.6 119.8 122.2 123.3 124.5
114 118.9 123.2 123.9 123.6 127.7 132.6 135.8 137.9 139 141.3 142.5 144.3 145.3 146.4 147.6 148.6 148.6 147.7 148.1 148.2 148 146.8 146.3 146.1 145.6 143.1 139.1 135.4 135.1 135.1 131.9 128.1 120.6 121.8 127.8 131.9 134.2 132.3 129.1 123.1 122.1 128 129 127.8 124.7 120.4 118.3 121 121.4 118.6 116.4 117 118.1 116.5 112.9 109.1 105.5 108.3 107.7 106.8 105.2 102.6 99.6 99.4 102.5 103.9 104.7 106.5 106.9 107.7 109.8 112.2 113.6 115.6 117.2 119.3 120.5
115.7 119.6 121 119.3 122.7 126.9 129.5 131.7 132.9 133.7 137.1 139.2 139.9 141.1 142.5 146.1 148 149.5 149.6 149.7 149.9 149.8 149.3 148.6 147.8 146.2 143 140.6 139.1 138.2 135.1 129.4 123.2 123.1 123.1 129.8 135.3 136.7 134.4 130.7 125.6 125.8 130.9 131.1 129.1 125.6 120.3 121.8 124 122.6 118.9 118.4 120.2 119.3 116.1 112.6 108.6 107.9 111.2 110.8 108.8 107 104.6 102.3 99.6 101.6 102.5 103.3 104.9 105 107.2 108.2 109.1 111.4 113.7 115.1 116.8 119
115.5 117.1 116.4 118.5 123.2 124.8 125.5 127.2 131.1 131.1 133.6 134.3 135.3 136.7 139.5 143.9 146.1 149.2 150.1 150.8 151.6 151.2 150.7 150.2 148.5 147 145.5 143.5 141.8 137.8 133.7 126.8 129.1 128.6 124.4 130.8 137 138.9 136.7 132.7 126.7 128.6 133.9 132.9 130 125.3 123.5 125.7 125.4 122.5 121.2 121.9 121.5 119.2 115.9 112.6 108.6 111.5 113.6 112.6 110.6 109.1 106.7 104.4 100.1 100.9 101.8 101.9 102.1 104 105.5 106.6 109.2 111.7 115.7 118.1 120.4 121
109.1 110.9 110.8 115.9 120.4 120.9 123 126.4 127.5 128.1 129 129.6 131.2 133.7 137.1 141.7 146 148.9 150.1 150.3 151 151.7 151.7 150.6 149.4 148.6 147.7 144.8 141.5 136 130.8 132.7 134.7 130.3 126.7 131.8 138.9 141.1 138.9 135.5 129.8 131.5 136.4 134.4 132 127.4 126.8 128.6 126.8 126 125.7 125.4 123.4 120.6 116.8 112.2 112.6 114 115.9 115.2 112.7 111.7 110.1 106.9 99.8 99.4 100.5 100.7 102 101.8 103.3 106.7 109.3 112.1 115.9 119.1 122 123.6
110.9 112.8 114.3 114.6 114.3 116.6 120 123.1 123 125.5 129.9 131.8 134.1 137.5 140.3 143.3 146.7 148.1 148.9 150.4 150.9 151.6 151.8 151.6 150.9 150.5 149 145.4 141.1 135.6 133.7 138.6 136.9 133.5 133.2 131.8 140 143.4 141.1 136.9 131.9 135.3 138.9 137.8 134.6 129.1 130.4 131.2 129.4 129.6 129 127.9 124.8 121 115.8 113 116.4 117.8 118.2 117.7 115.9 114.5 111.8 108.1 103.5 101.2 100.6 100.6 102.1 101.7 101.9 105.1 107.9 110.9 114.5 118.6 121.8 123.9
115.5 117.4 119 120.3 121.6 121.1 121.9 123.9 126.8 129.8 133 135.3 137.1 140 142.7 144.7 146.6 146.8 146.7 147.6 148.9 150 150.9 150.9 151.2 151.9 150 145.4 140.7 137.2 139.5 141.6 139.2 138.5 139.2 133.9 141.7 145.9 143.6 139.9 136.3 138.7 142.1 140.9 137.1 131.8 133.8 134.7 133.3 132.9 131.8 128.6 124.8 118.9 114.6 117.4 119.9 121.3 122 120.9 119.2 116 111.9 110.5 109.7 108.8 106.1 104.8 104.2 103.7 102.3 103.9 106.2 110.1 114.2 117.7 121.2 122.8
117.2 118.9 120.9 123.1 123.6 124.9 125.8 127.1 129.7 132.1 134.3 136.7 138.5 140.7 142.4 143.5 144.1 143.5 142.9 144 145.6 146.2 149.2 150 150.7 151.7 150.6 147 143.6 142.2 144 145.2 142.1 142.6 143.4 139.3 142.8 147.3 147 144.3 141.2 143.1 146 143.8 138.6 137.5 138.7 137.9 137.2 136.1 134 129.9 125 117.6 118.2 120.2 123.6 124.8 124 122.3 120.6 118.3 115.6 114.1 114.1 112.2 109.1 107 106 105.2 102.4 104 105.3 109 113.1 116.4 119.5 121.2
118.3 119.4 121.3 123.2 124.5 125.6 127.2 129.4 131.5 132.9 135.1 136.7 138 140.8 141.5 141.9 140.9 138.9 138.3 140.1 140.7 142 146.2 150.2 150.9 151.7 151.5 149.8 147 147.4 148.8 147.9 145 147.4 148.1 142.7 145.2 150 150.1 147.6 144.5 147.6 148.5 146 143.8 143.4 142.7 141.4 139.9 137.3 133 127.9 122.1 119.1 122.9 123.8 126 127.4 125.5 123.6 122.5 120.4 118.5 117.5 116.2 114.3 111.4 108.9 107 106 103.3 103.3 104.6 107.1 110.8 114.1 117.4 119.1
117 118.6 120.1 121.9 123.9 124.9 126.8 128.6 130.6 132.5 134.5 136.2 137.6 138.8 139.3 138.6 136.4 134 133.8 136.2 136.5 141.1 146.3 150 151.2 152 153 152.3 151.5 151.6 152.6 152 150.8 152.2 151.5 147.5 148.3 152.7 153.3 151.7 149.8 151.1 151.1 149.5 148.3 147.2 145 143.2 141.4 136.2 130.9 125.7 123.9 124.1 125.7 127.8 128 129.6 127.6 126.3 124.8 123.2 121.5 119.3 117 114.4 111.3 110.3 108.7 107.2 102.8 103.4 104.2 106.5 108.7 111.2 113.9 115.5
113.7 115.4 116.8 118.4 120.6 122.2 124.2 126.4 128.6 131.3 133.7 134.7 135.9 136.5 136.3 134.6 132.2 129.6 130.9 134.8 136.9 142.1 146.4 149.6 151.3 152.2 153.7 153.4 154.2 154.4 155.6 155.8 155.3 155.3 154.4 152.2 152.2 155.7 156 154.3 154.2 154 152.9 151.2 148.7 147.1 144.7 141.7 138.2 134.4 128.2 125.8 127.1 128.3 127.7 130.4 131.4 131.5 130.3 128.8 127.3 125.1 122.4 119.4 116.5 113.5 112 111.3 109.4 107.8 106.6 103.9 102.8 105.4 106.6 108.2 109.7 110.9
110.5 111.5 112.8 114.8 117.6 120.2 121.8 124.1 127.1 130.2 132.6 133 133.7 132.9 132.4 131 127.4 126.9 132.8 139.3 141.5 143.8 146.6 149.1 150.7 151.5 154.2 155.4 156.2 156.8 157.4 157.9 158.1 158.3 157.9 156.8 157 158 157.3 156.6 156.4 154.9 152.8 150.5 148.3 145.7 141.8 136.8 133.8 129.7 129.4 132 129.4 130.3 131.3 133 133.5 133 131.9 130.5 128 125.5 122.5 119.1 115.9 114.6 114 112.5 110.1 108.3 106.4 104.8 103.2 104.5 104.7 106 105.4 107.1
107.9 109.1 110.6 114 117 118.8 119.6 122.9 126.1 129 131 131.2 130.2 128.4 127.8 125.9 123.8 129.6 136.5 142.1 144.3 146.4 147.3 146.6 148.3 150.7 152.9 154.6 155.8 156.5 158 158.7 159.6 160.1 159.8 159.1 159 159.2 159.2 158.8 157.7 155.8 153.4 148.9 144.2 141.6 138.8 135.1 130.8 131.8 133.6 133.9 132.7 134.7 135.4 135.6 135.6 134.4 132.6 130.7 127.7 124.9 121.6 119.4 118.1 117.3 116.1 113.2 110.6 108.6 106.9 105.7 103.8 104.9 105.5 105.4 105.7 106.4
105.8 108 111.6 115.2 115.8 116.2 118.7 121.2 124.2 127.1 129 128.2 126.8 124 123.5 122 126.1 133 138.8 141.7 143.7 144.8 143.5 141.6 143 145.8 150.3 151.7 152.5 154.7 156 157.9 159.1 159.9 160.7 160.7 160.8 160.7 160.6 160.3 159.2 157.2 154.8 151.2 147 142 136.6 133.7 135.4 137.4 136.8 136.5 135.9 138.2 138.3 138 136.5 134.7 132.8 130.8 127.7 124.5 122.3 121.6 120.6 118.6 116.4 113.9 111.2 109 107.8 106.6 104.2 106.3 107.2 108.4 108.4 107.6
104.6 108.4 111.2 113.5 113.2 113.3 117.4 120.5 123.7 126.3 126.8 125.2 123.1 120 118.5 122.4 128.9 134.6 136.7 138.1 140.1 140.7 138.3 136.2 137.1 141.9 145.9 146.4 147 150.3 151.2 154.9 157.4 159.6 161 161.1 161.3 161.5 161.2 160.9 160.1 158.3 156.2 152.1 147 142.3 138 138.7 139.4 141.6 141 140.9 140 140.9 140.2 138.6 136.8 134.9 133 131 128.1 125.5 124 123.4 121 118.4 115.9 113.5 111.6 109.6 108.6 107.4 105 106.5 108.4 110.6 111.2 110.4
103.5 106.8 108.3 108.9 109.3 114.5 118.3 121.5 123.5 124.8 124.1 122.3 119.1 116.3 118.5 125.5 130.6 131.6 131 133.9 135.3 134.6 133.6 132.5 135 139.8 140.4 140.8 141.4 144.7 146.1 150.6 154 157.9 160.2 161.4 161.5 161.6 161.4 161.2 160.8 159.2 157.4 153 147.6 143.9 143.9 143.8 144.2 145.2 144.7 143.7 143.3 142 140.2 138.3 136 133.7 132 130.1 128.9 127 125.1 123.6 121.4 118.9 116.6 114.4 112.4 110.4 108.7 106.8 106.6 107.9 109.8 111.8 113.3 113.4
101.5 102.6 103.9 107.3 112.1 115.6 118.3 120.4 121.6 121.9 120.8 118.5 115 113.9 120.6 124.9 126.8 126.4 126.9 128.3 129.7 129.6 128.7 129.9 132.6 133 133.8 135 136.2 139.9 142.6 147.1 152.8 157.4 159.9 160.6 161.1 161.8 161.3 160.9 161.2 160.3 158.7 154.1 151.5 149.1 148.8 148.7 148.5 147.8 146.5 145.4 144.1 142.1 140.1 137.2 134.4 131.9 129.4 128.1 127.5 127.3 125 122.8 120.9 118.5 116.1 113.9 112.1 109.9 108.4 107.8 107.1 108.9 111.1 113 114.7 115.9
99.2 100 101.1 106.2 110.3 113 115.1 117.2 118 117.9 116.5 113.7 111.8 115 119.1 121.1 120.4 119.9 121 121.9 123.6 124.1 124.7 126.3 128.8 130.5 134.2 137.1 140.4 143.4 147.7 151.9 155 157.2 158.1 158.6 158.9 159.6 160.2 160.4 161.2 160.6 159.8 157.3 155.3 153.5 152.6 151.6 150.3 148.8 147.1 146 143.9 141.9 139.6 137.1 134.5 132.5 129.8 126.9 125.1 124.2 123.2 121.8 119.7 117.2 114.7 112.6 110.7 108.6 109.2 107.7 106.5 109.4 112 114.3 116.2 118
100.3 99.8 99.6 101.1 103.8 107.2 109.9 113.1 114 114.1 111.9 109.3 110.4 112.9 113.4 114.6 115.6 117 117 118.5 121 123.8 127.1 131.5 133.7 136.1 140.3 143.4 146.2 148.9 151 153.4 154.5 155 154.1 153.3 153.1 155 156.3 158.6 161 161.4 160.4 158.9 157.1 155.4 153.9 152.7 151.6 149.6 147.7 145.8 143.8 141.7 139.2 136.5 134.3 134 131.4 128.7 126 122.8 120.7 119.4 117.8 115.7 113.3 111.1 111 111.3 110.2 107.6 107.6 111.3 114.2 115.8 117.7 119.7
102.5 102 102.1 101 100.7 102.3 103.4 107.4 109.8 109.7 107.8 106.4 109.2 111.6 114.7 116.9 119.6 121 123.1 126.1 127.9 128.3 132.5 137.2 139.4 142.1 144 146.1 147.4 148.5 150.4 151.3 151 150 148.8 147.6 147.3 150.1 151.4 155.8 159.7 161.1 160.2 158.8 157.3 155.6 154 152.4 149.8 147 146 144.5 142.8 141.1 138.5 135.8 133.2 132.8 131 129 126.8 123.7 120.3 118 115.6 114.5 113.3 113.5 114.1 113.3 110.5 108 109.3 111.9 115.3 117.3 119.4 121.3
105.7 104.3 105.4 104.7 103.9 101.4 102.1 102.6 104.5 104.3 106.2 111.2 113.9 116.3 118.8 121.3 124.1 126.8 127.7 128.3 133.3 134.9 138.1 140.8 141.5 142.9 144.2 145.1 144.9 144.6 145.8 146.9 145.3 144.8 143 141.9 142.4 144.7 149.6 154.7 159 159.9 159.8 158.3 156 154.4 152.5 150.5 148 145.1 143 142.3 141 139.5 137.6 135 132.4 129.6 128 127.1 125.4 121.5 119 116.4 115.8 115.9 116.2 116.6 116.9 113.5 109.8 108.2 110.3 113 115.4 117.9 120.7 122.7
108.9 107.3 107.9 108.8 107.7 105.6 103.1 102.6 102.4 104.9 108.1 111.4 114.3 116 119.2 122.8 127.4 130.8 131.3 132.5 137 138.7 139.1 139.5 139.2 139.6 139.9 141.1 140.1 139.7 142.1 141.3 139.4 139.3 138 137.9 142.3 147.1 150.9 155.4 158.6 159.6 158.7 156.6 154.3 152.1 150.2 148.4 146.1 143.2 140.1 139 138.2 137.2 136.3 134 131.2 127.8 124.8 123.9 121.9 119.1 117.7 118 118.4 118.7 118.9 119 117.2 113 108.6 110.4 112.4 114.8 118.1 119.1 122.2 124.3
109.3 110.5 112 112.6 111 108.2 104.5 103.7 103.5 103.2 106.2 109.6 112.7 115.2 119.1 120.9 125.2 128.6 131.4 134.6 137.4 137.1 136.5 136.2 136.3 136.2 135.2 136.5 134.8 134 138 136.7 133.8 134.8 137 141.1 146.2 149.9 153.1 155.9 157.8 158.5 157.2 155.5 152.9 149.7 148 146.4 144.5 141.9 138.7 137 135.8 134.8 133.8 131.3 128.2 125.4 122.7 121.2 120.3 119.9 120.7 121.2 121.2 121.2 120.7 118.6 115.3 110.9 109.2 112.1 114.5 116.7 119.4 121.8 123.2 125.5
113.7 114.4 114.9 114.7 112.4 108.7 106.3 109 108 104.2 103.3 107.3 111.1 113.2 116.4 119.3 123.7 128.2 131 133.6 134.9 133.8 133 132.8 133.4 132.6 130.1 132.1 130.5 130.6 133.5 131.8 130.9 136.5 141.6 144.4 146.1 148.3 151.8 155 157.9 157.9 156.3 153.8 150.9 147.9 146.6 145 143.5 142 139.1 136.2 132.9 131.6 130.8 129.5 125.9 123.6 123.1 123.2 123.6 122.9 123.8 124.5 123.5 122.7 120.5 117.3 113.5 110.3 109.8 113.8 116.1 118.5 121.2 123.9 125.5 126.8
118.1 119.5 118.5 115.9 112.5 108.8 109 110.7 109.5 106.1 105.8 103.5 109.6 112.4 115.5 119.7 124.5 128.4 130.5 131.8 131.3 131 130.6 130.7 131.7 129.7 127.4 129.8 128.4 126.8 127.3 129.3 134 138.5 140.3 141.4 142.3 146 150.5 154.4 156.8 156.7 155.7 153.5 149.8 146.3 144.6 142.2 141.4 141 139.1 136.7 133.9 130.6 127.4 126.1 123.5 125 125.7 126 126.9 125.8 125.9 125.9 124.5 122.6 120 116.7 112.8 110.1 112 115.8 117.5 120.3 123.1 125.8 127.3 128.6
123.4 122.8 120 116 112.1 107.6 111.6 113.9 111.6 111 108.8 104.6 105 110.8 115.5 119.8 123.2 125.9 128.2 127.4 126.8 127.6 128.1 128.6 129.2 127.3 124 125.2 124.2 123.7 125.3 127.9 133.2 135.6 136.6 140.2 142.9 147.1 150.6 154 155.6 155.6 155.1 153.1 149.7 146.2 142.5 140.2 138.4 138.1 135.6 134.6 133.1 129.8 126.5 125.6 126.8 128.3 128.9 128.9 129.5 128.9 128 126.4 124.6 121.8 118.9 116 112.2 110.5 111.5 114.8 117.8 119.9 123.9 127.1 128.6 130.3
126.9 124.2 119.7 115.1 111.4 110.2 115 116.8 113.2 113.9 114.2 108.1 104.6 106.3 110.6 115 118.2 120.6 124.7 123.8 124.2 125.9 126.5 126.2 124.7 121.7 119.8 121.1 124.2 128.3 131.5 133.2 132.9 135.5 135.6 139.5 143 147 149.8 153 154.8 155.1 154.6 152.9 150.2 147.2 145 143 141.3 138.8 136 132.6 129.6 128.5 127.9 128.3 129.7 131.1 131.7 131.7 131.9 130.7 129.2 126.8 124.5 121.6 118.7 116.2 112.6 111.1 112.7 116.4 117.7 119.5 123.4 126.9 129.9 131.9
128.6 125.3 121 116.7 112.3 114.9 118.8 119.4 115 116.9 117.7 113.3 109.6 105 105 105.4 111.8 117.7 120.8 118.8 123.3 124.4 123.9 121.9 117.7 117.9 122.2 126.4 128.3 130.8 134.2 137.5 138.6 139.5 140.7 141.9 143.9 147.8 150.1 152.1 154.2 154.4 153.8 152.2 150.1 148.5 146.8 144.7 142.3 139.5 135.9 133.6 132.3 132.4 130.7 131 133.2 134.9 134.7 133.8 132.7 131.5 129.7 127.3 124.3 121.4 118.8 116.4 113.6 111.6 112 117.6 121 121.9 122.3 125.5 128.3 131.3
130.5 127.6 122.5 116 115.3 118.1 120.5 121.2 116.6 119.5 120.1 116.6 113.1 110.2 107.5 105.5 105.7 109.9 113.5 115.4 122.2 122 119.3 115.3 117.7 122.7 126.3 129.7 131.9 133.4 136.7 139.4 141.3 142.8 144.3 145.5 147.6 147.9 147.9 150.6 153.5 153.8 153.1 151.5 149.2 147.2 145.9 143.5 140.7 137.9 134.6 135.2 136.3 135.5 132.2 132.9 136.4 138 136.9 135.3 133.8 131.8 129.8 127 124 121.4 119 116.8 114.1 112.2 112.8 117.3 121.4 124.6 125.9 126.9 128.6 130.2
132 127.9 122.1 119 120.4 122.8 125 123.3 118.2 122.4 123.6 119.9 116.1 112.6 113.5 112 109.1 107 108.1 111.4 114.3 116.1 112.1 117 121.6 124.9 126.6 129.8 131.4 132 133.8 138.3 139.4 140.7 142.8 144.2 143.9 143.6 144.1 147.9 151.2 152.4 152.5 150.7 147.9 145.5 143.7 141.5 139.2 137.2 137.3 139.1 139.3 136.7 133 134.9 139.2 139.6 137.5 134.8 133.1 131.2 129.8 127.4 124.8 122.2 119.5 117.1 114.3 112.4 112.8 116.3 121 124.8 127.6 129.6 131.4 133
132 126.7 120.5 122.8 125.9 127 127.8 125.2 120.6 125.8 126.8 123.2 119.4 116.2 118.3 116.7 116.3 114.9 108.5 107.9 109.2 109.3 112.6 117.1 120.1 122.5 124 126.4 126.4 127.5 131.4 135.5 134.4 136.6 139.6 139.9 138.2 137.7 141.2 145.4 148.8 150.8 151.2 149.7 147 144.4 143 141.8 140.5 139.8 140.3 141.5 139.6 136.3 134.3 137.5 140.3 140 137.3 134.3 131.6 129.7 128 125.8 124 122.2 119.7 116.8 114.5 112.7 112.4 115.3 119.7 123.4 126.7 128.4 130.1 133
130.7 125.2 123.2 128 130.8 131.1 130.9 127.4 123.2 128 129 125.8 121.6 121.2 122.9 120.9 120.7 114.9 113.4 113.4 109.8 109.3 108.9 109.8 112.3 116.3 119.2 122.7 121.9 124.7 130 132.1 130.4 132.9 134.8 135 132.9 135.5 139.3 142 146.3 150.3 151.1 149.9 147.2 145 143.7 143 143.6 143.6 143.5 142.5 139.7 136.6 136.9 138.5 140.7 139.9 136.2 133 129.5 126.8 124.9 123.2 121.2 119.6 118 115.3 113.5 114.2 113.3 114 117.2 121 123.2 125.2 127.1 130.1
128.9 124.9 124.9 132 135 135.2 133.4 129.6 125.8 130.2 131.6 128.4 124.1 126.2 126.7 124.2 121.2 113.6 118.6 119.8 114.7 112.5 113.9 111.4 108.8 109.9 113.5 117.2 118.5 122.7 125.9 128.2 127 128.8 130.1 129.7 129 132.7 135.6 139.6 144.1 149.2 151.5 150.3 148 146.2 145.6 145.4 146.8 146.6 145.4 143.4 140.5 138 139.8 141 141 137.1 133.6 131.3 128.2 124.6 122.3 120.6 118.5 117.1 115.7 114.7 115.6 115.3 114.2 113 114.4 117.2 119.7 121.8 124.1 127.4
130.5 131 128 134 137.2 138 135 130.4 129.5 133.4 134 130.3 129 131.3 129.6 125.4 119.4 120 123.9 122.6 116.1 117.1 119.6 116.3 113.6 111.1 110.6 111.8 115.7 119.1 122 123.4 123.2 126.3 125.5 125.8 129.6 133.2 137.9 141.6 144.4 148.9 151.9 151.9 150.8 149.3 148.8 148.4 148.8 148.4 146.8 143.6 140.1 141.1 142.5 142.8 140.3 136.2 132.5 128.8 126.1 124 122.4 120.7 119.3 118.8 117.1 115.5 117 116.5 115.6 114.6 114.2 114.6 117.5 120.1 122.6 126
