data/470000-500000.asc
ncols 200
nrows 200
xllcorner 470000
yllcorner 500000
cellsize 50
[rows 70 to 104 of 200, columns 0 to 78 of 200]
183.9 185.6 188.1 192.9 197.5 203.8 210.8 218.6 226.1 235.6 245.2 255.6 278.3 282.3 282.3 282.2 281.7 281 280.3 279.5 278.9 278.9 279.4 280.2 279.1 273.8 257 236.5 223.6 212.5 202.1 193.9 185.8 177.2 169.1 161.3 153 144.7 140.1 138.1 135.8 134.7 134.9 134.9 134.9 135.9 139 145.4 151 158.1 165.3 172.4 181.8 195.8 219.1 237.3 240.6 244.4 248.7 250.7 249.2 246.2 240.7 234 227.4 222.4 218.4 214.3 207.6 193.6 178.8 167.4 156.1 146.3 138.7 135.5 133 130.8 128.2
185 188.3 190.8 194.8 200.7 207.3 214.2 223 231.9 241.2 250.8 264.9 283.9 284.6 285 285.2 284.8 284.3 283.5 282.8 282.1 282.3 282.2 282.6 280.6 267.5 244.3 228.5 217.8 207.3 197.5 189.8 181.7 173.1 166.7 159.8 151.3 143.4 138.5 136.8 135.7 134.4 136.5 136.5 136.5 138.5 143.3 149.2 154.9 161.8 169.2 177.5 188.4 204.7 231.3 241.1 243.8 249.6 253.8 254 253.1 250.1 243.6 236.6 230 223.4 219.2 215.7 201 183.1 171 159.2 147.8 139.9 136.4 134.1 131.9 129.7 127.5
186.3 190.2 194.5 198.6 203.8 211.4 218.5 227.3 236.7 246.2 257.1 273 285 287 288.1 288.3 287.8 287.3 286.7 286.1 285.3 285.6 285.5 285.1 278.7 255.1 235.5 223.2 213 202.8 193.1 185.7 177.5 170.7 164.3 157.9 149.9 141.7 137.6 136.6 136.4 136.1 136.9 138.2 139 143.8 148.9 152.9 158.4 165.7 173.9 183.3 195.9 215.5 239.9 244.2 247.6 253.9 257.8 258.2 256.9 252.5 245.8 238.2 230.8 224.5 219 205 186.8 175 164.4 153.3 142.7 137.8 135.3 133.1 130.8 128.5 126.4
187.6 191.5 196 201.4 206.7 214.7 223.3 232.7 241.8 251.5 263.9 279.7 288 289.8 290.9 291.3 290.8 290.3 289.7 289.2 288.6 288.8 288.5 287.5 265.6 244 229.1 218.5 208.3 198.1 188.7 181.2 174.6 168.2 161.9 155.5 147.6 139.4 137.2 139.2 139.2 138.7 138.8 139.7 141.9 149.4 153.5 158.5 163.8 170.1 179.7 189.7 203.8 227.6 243.1 247.3 251.7 258.1 261.5 262.2 259.9 254.6 248 240.4 232 224.7 211.3 190.5 179.1 169.4 158.9 146.9 139.1 136.7 134.3 132 129.8 128.3 126.5
188.6 192.5 196.7 201 207.1 215.2 225.6 236.3 246.3 256.9 272.3 287 290.5 292.4 293.6 294.3 293.8 293.3 292.7 292.2 291.5 291.2 290.4 274.7 253.1 236.5 224.6 213 203.2 193.2 185.6 178.2 172.3 165.9 159.5 152.1 144.1 138.9 139.7 140.8 140.8 140.8 140.8 142.1 148.3 154.1 159.6 165 170.5 177.2 185.7 196.7 212 237.2 246.3 250.5 256.1 261.9 264.5 263.6 261.3 255.8 249.2 241.2 230.6 221.8 195.7 183.6 173.2 163.8 153.4 141.5 137.3 135.3 133.3 131.6 130.2 128.8 126.7
186.4 190.5 196.2 202.6 210.1 218.6 229.4 239.1 249.3 263.2 278.1 290.5 293.2 295 296.5 297 296.8 296.3 295.7 295.2 294.3 292.6 281.8 260.1 243.3 230 218.4 207.6 198.6 190.6 182.9 175.4 168.8 162.9 157 147.3 139.9 139.3 141.2 141.9 142.4 142.6 143.2 147.9 154 158.4 163.7 169.3 176.1 183.1 192 204.4 224.9 244.7 249.8 254 260.3 265.3 267.4 265.8 262.1 256.4 248.7 238.4 228.6 205.7 189.3 178.1 167.7 157.3 147.2 138.7 136.4 134.3 132.4 130.6 129.8 128.6 127
186.6 191 196 202.9 211.4 220.7 229.9 240.3 252.7 266.3 281.8 293.2 295.6 297.6 299.3 299.7 299.7 299.2 298.5 297.7 295.4 287.2 266.7 249.3 235.5 223.3 213.4 204.6 196.3 188.8 181.4 173.9 166.4 160 153.3 144.9 139.1 140.9 142.2 143.2 144.6 145.1 149.1 154.1 158.4 162.9 168.1 174.7 181.7 189 199.7 212.9 234.9 248.3 253.1 258.2 264.4 268.5 270.1 267.7 262.1 256.2 246.3 233.7 217.9 196.6 184.4 173.1 162.4 150.6 140.9 137.6 135.5 133.5 131.5 129.5 128 127.7 125.6
188.8 192.8 198.3 204.4 211.8 221.6 232 242.5 255.2 268 283.6 294.7 298.6 300.3 302 302.2 302.2 301.5 300.7 299.8 297 274.8 255.4 241.3 228.9 218.6 209.8 201.4 194.2 186.9 179.2 172 164.2 158.1 151.9 145 140.8 142.4 143.9 145.3 146.8 151.3 156.1 158.9 162.8 167.2 173.5 180.1 187 195.5 208.6 225.5 248.3 252.6 256.8 263.2 268.6 271.3 271.5 266.7 261.8 253.7 245 228.9 207.6 191.4 179.5 168.1 157.3 146.8 139.1 136.7 135.1 133.2 131.3 129.3 127.4 126 123.1
190.5 194.8 200.2 206.7 214.3 223.9 234.1 243.1 255.4 270 285.1 297.2 300.9 302.6 304.1 304.1 304.1 303.4 302.7 300.8 284.9 264 247.2 235.1 224.3 214.6 206.3 199 191.8 184.5 175.9 168.3 163 156.9 150.1 144.4 141.9 146.1 148.1 148.9 151.7 156.4 159.6 163.4 167.3 172.6 178.7 185 192.5 202.7 216.7 237.1 252.1 256.3 262.1 268.3 272.9 275.5 272.5 266.4 259.8 252.6 239.8 218.6 200.9 186.9 174.7 163 152.1 141.9 137.6 136.1 134.8 133.2 131.4 129.6 128.1 127.5 123.3
190.7 194.8 199.4 206.2 213.4 222.7 232.1 244.5 257.6 272.4 286.9 299.4 302.5 304.7 306 306.1 306.1 305.4 304.1 293.3 273.2 255.4 242.1 230.5 220.5 211.6 204.8 197.6 190.3 180.2 171.9 167.3 162 156.4 150.1 144.2 146.4 150.2 153.4 155.5 157.3 160.8 164.6 168.3 172.1 177.8 183.8 190 199.6 211.5 227 250.5 256 261.4 267.3 272.9 275.3 276 272.2 264.9 257.5 250.3 230.2 211.4 197.5 183.4 169.8 158.3 148.2 140.2 137.1 135.7 134.3 132.9 131.3 129.5 127.4 126.8 123.2
189.6 193.5 199.1 205.7 211.3 220.6 232.9 245.4 259.6 275 289.2 301.8 304.1 306.4 307.9 308 308 307.1 303.4 281.7 262.2 249.2 237.6 227.4 218 210.2 203.1 196.9 188.4 179.4 172.7 167.5 162.2 156.5 148.8 146.7 149.7 155.1 159.2 161.2 162.8 166.3 169.9 173.5 177.6 183.3 188.8 196.8 208.2 221.8 241.9 255.8 260.3 266.5 272.1 276.6 277.1 273.8 269.9 263 254.3 235.6 215.1 198.9 187.3 175.6 165.6 153.4 142.9 139.3 136.7 135.2 133.8 132.4 131 129.3 127.3 126.2 127
192.2 195.9 199.3 205.6 213.3 221.8 233.8 245.5 260.4 276.4 293 303.8 306.2 308.1 309.7 309.9 309.5 308.5 291.8 271.5 255.2 244.1 233.5 224.4 216.3 209.4 202.5 195.7 188.1 180 174.2 169 163.4 156.9 149.9 150.5 153.2 157.9 161.4 163.8 167.6 171.4 175 178.6 183.2 188.9 195.3 205 218 234.6 257.7 259.8 264.7 270.7 275.9 278.7 276.7 271.6 265.9 259.1 242.5 219.4 202.9 192.2 181 169.6 160.5 149.2 140.5 137.6 136.1 134.5 133.1 131.7 130.3 128.8 125.9 126.7 128.8
196.7 200.2 204 210 217.1 225.4 235.1 247 262.5 279.3 298.6 305.8 307.8 309.6 311.2 311.6 310 300.5 279.9 262.9 250.2 239.4 229.9 221.9 214.8 207.7 201.1 194.4 187.4 181.2 175.8 170.1 162.7 155.2 150.5 152.9 157.1 161.7 164.5 167.8 171.7 175.7 179.7 183.3 188.9 195 202.1 212.8 226.2 248.9 261 264.4 269.6 274.8 276 275.7 272.5 267.1 261.7 247.7 224.7 206.8 195.4 184.8 174.2 164.3 155.4 143.5 139.2 137 135.9 134.3 132.1 130.5 129.1 127.6 125 128.7 130.8
200.5 205.5 210.3 214.5 221.7 228.8 238.2 249.7 265.7 281.8 304.5 307.4 309.2 311 312.6 312.8 307.7 287.7 269.3 255.6 244.4 235.4 226.2 218.5 212.1 205.7 198.9 192.1 185.8 180.6 175.7 168.6 159.9 153.4 158.1 157.9 160.7 165 168.5 171.9 175.8 179.8 183.9 188.2 194.4 201.6 210.1 220.3 235 260 265.1 269.5 274.7 277.3 274.3 271.9 268 262.3 248.9 228.9 210.4 199 188.1 177.7 167.7 159.6 149.4 140.5 137.8 136.5 135.4 134.1 132.5 130.3 129 128.2 126.8 130.1 132.2
204.4 210.4 217.7 225.2 228.1 234.9 244.6 255.6 271.1 291.4 306.9 308.6 310.7 311.9 312.8 312.4 296.9 276.7 261.5 250 240.2 231.7 223.1 216.6 210.2 203.5 196.6 189.8 184.5 180 175.1 166.3 158.3 160.6 161.6 162.6 161.3 168.3 172.4 175.9 179.9 183.9 188 192 198.6 207.1 217.1 227.7 245.9 264.2 268.3 272.9 277.1 277.2 272 266.9 263.9 252.9 232.5 214 201.4 191.4 182.2 171.6 162.7 154.7 143.7 139.1 137.1 136 134.9 133.8 132.2 130.5 127.4 127 129 131.4 133.3
210.7 218 229 236 236.5 241.9 250.7 263.7 282.1 305 309.5 311 312.4 313.2 314.2 306.5 285.3 267.6 255.9 245.2 236.6 228.6 220.3 214.3 208.2 201.3 194.3 188.2 183.8 179.3 173.1 164.5 159.7 164.2 165.3 166.4 167.5 167.5 174.5 179.8 183.8 187.8 191.9 196.8 202.8 210.3 221.2 234.2 255.3 267.9 272 276 277.9 276.8 271.2 265 257.8 238.3 218.2 205.8 194.3 185.1 176.3 165.6 158.3 148.5 141.4 138 136.6 135.5 134.4 133.3 131.9 129.7 127.9 129.6 131.3 132.8 134.4
222 230.4 237.9 242.2 245.6 255.2 265.7 279 297.8 309.2 311 312.6 314.2 315.2 314.6 294.8 275.8 261.5 250.7 241.3 233.2 225.3 218.2 212.4 206.3 198.1 191.2 186.4 181.5 176.4 169.8 161 163.3 166.6 168.6 170.4 172.2 174.4 177.8 183 187.6 191.9 196.6 201.7 207.7 215 225.3 239.8 263.5 270.5 275.4 279.5 278.6 276.4 270.4 263.8 247.2 226.9 212.9 199.4 188 177.8 168.9 160 150.6 144.6 140.3 137.3 136.3 135.2 134.1 132.7 129.5 129.9 128.6 130.9 133.2 134.8 136
232.8 238.9 244 249.9 257.7 271.2 285.3 299 308.5 311.1 312.8 314.4 316 316.1 305.4 284.3 268.7 257.7 247.2 238.5 230.2 223.3 217.3 211.3 205.3 198 191.2 185.8 180.8 174.7 168.5 167.6 167.4 169.6 172.2 174.2 176.7 179.1 182.6 188.4 192.1 196.3 201.6 207.1 213 220.7 231.3 246.5 264 273.5 280.2 282.1 279.4 274.8 268.3 255.8 237.3 217.8 206.7 195.2 182.2 171.8 161.7 152.5 147.4 142.8 138.6 136.9 135.9 134.9 133.9 132.2 131.2 128.2 131.3 133.2 135.1 136.1 137.2
238.8 249.5 259.1 267 274.1 289.2 304 308.2 310.7 312.6 314.6 316.3 317.5 316 295.8 276.8 264.5 253.7 244.2 235.9 228.2 221.6 215.5 209.5 203.5 197.7 192.5 186.7 180.2 174.3 170.6 170.6 170.5 173.4 175.8 177.8 180.3 184.6 188.3 192.2 196.4 201.2 207 212.5 218.6 227.8 239.2 254.1 269.4 279.3 285.4 283.2 279 272.9 262.7 240.9 222.6 208.6 198.3 188.8 177.7 167.3 159.2 151.2 144.7 141.1 138 136.6 135.4 134.2 133.3 133.3 130.4 129.9 131.8 134.2 136.7 138 139.1
247.2 259 271.6 286.1 302.8 306.7 309.4 310.7 312.6 314.2 316.2 318.1 318.8 313.2 288.4 273.6 261 249.7 241.4 233.1 226.7 220 213.5 207.5 201.5 195.2 190.3 185.4 179.8 173.6 174 173.8 174 177.3 179.6 181.2 185.1 189.5 193 196.5 201 206.4 212.1 218.4 227 237.7 249.7 267 281.8 289.8 289.5 285.7 276.6 269.8 246.7 226.6 214.2 202.9 192.9 183.7 173.5 164 156.3 149.2 142.7 139.3 137.8 136.4 135.2 133.9 132.6 130.6 130.1 132.2 133.6 135.2 137.3 139.5 141.3
256.7 267.6 281.5 302.9 311.5 312 312.5 313.4 315.2 316.1 318 319.8 320.9 304.1 283.9 270.3 257.8 247.2 238.4 231.7 224.8 218.6 211.9 205.5 199.5 193.3 188.2 182.8 178.3 176.7 177.7 177.3 177.5 181 183.9 186.1 190.4 194.4 197.9 201.5 206.6 211.7 218.3 225.6 235.9 247.3 264.7 285.6 295 295.2 291.9 285 274.7 252.5 233.3 220.2 206.4 195.6 187.7 179.1 169 160.9 153.1 146.3 140.6 139.1 137.7 136.2 134.6 132.5 130.8 132.5 131.9 134.1 135.5 136.9 138.5 140.6 143
262.5 276.3 292.3 313.1 314.7 315.1 315.3 316.5 317.7 318.8 319.9 321.6 321.7 298.2 281.2 267.9 255 245 236.9 230.2 222.8 216.6 210.4 204.2 199.4 194.6 188.7 183.9 180.9 181 181.2 181 181.5 184.6 187.2 190.9 195.5 199.4 203 206.7 211.7 217.3 224.3 233.2 244.6 260.3 285.3 299.9 300.6 296.9 290.1 281.2 264.1 238.8 224.8 211.4 198.9 190.6 183.2 174.4 165.8 157.7 150.1 143.2 140.2 138.9 137.5 136 134.1 131.2 134.2 134.2 134.7 135.9 137.4 138.8 140.1 143.3 147.4
269.4 283.8 308 315.7 317.2 318.1 318.5 319.5 321.6 322.7 322.7 323.9 321.7 297.8 278.4 264.6 252.4 242.5 234.9 228.2 222.5 216.6 210.6 204.6 199.4 194.6 189.9 186.1 185 184.9 184.4 184.4 185.4 187.9 190.9 195.3 200.1 204.4 208.1 211.8 217.5 223.5 232.3 243.7 257 277.8 298.8 303.2 301 293.9 287.5 272.6 246.7 227.3 214.8 202.7 192.6 185.3 178.1 170.3 161 152.9 146.3 143.4 140.9 138.7 137.3 135.9 134.4 132.9 135 135.7 136.4 137.9 139.6 140.8 142.4 146.9 153.4
272.1 287.3 314.3 318.1 320.8 322.7 323.3 326.3 328.7 329.5 327.1 325 319.3 296.6 276.1 263.2 250.1 239.1 232.2 227.4 221.4 215.6 211.1 205.1 199.9 194.8 192.9 190.6 188.6 187.9 187.4 187.5 188.6 191.3 195.1 199.8 204.5 208.7 212.7 217.7 224.1 231.6 241.8 253.4 271 297.6 305.4 304.7 298.3 290.6 273.6 252 233.4 217.8 207.2 196.3 187.2 179.7 172.3 165.6 158.5 147.1 144.4 142.3 140.2 138 135.8 134.1 132.2 134.4 136.4 137.2 138 139.5 141.3 143 147.7 152.5 158.2
273.5 289.3 314.7 319.1 323.1 326.6 331.2 335.9 337.2 335.3 330.5 326.3 316.4 295.2 279 263.8 249.5 238.6 228.9 223.2 218.9 214 209.6 205.2 199.8 197.8 195.8 194.3 192.3 190.9 190.6 190.5 191.4 194 198.3 204 208.7 213.2 218.3 223.4 231.4 242.1 250.5 263.7 286.8 305.8 306.8 299.9 288.6 270.6 251.8 236 222.4 209.9 199.4 190.8 182 175.3 169 162.8 153.1 146.8 143.9 141 139.1 137 134.9 132.8 134.9 136.5 137.9 138.8 139.4 141.1 144.2 146.8 153.3 158.6 163.6
274.2 292.2 316 321.5 326.6 332.3 338.6 340.5 340.9 336.7 331.3 326.3 311.3 292.2 280.8 266.6 253.2 241.6 229.9 221.7 217.4 213.2 208.8 205.8 202.3 200.6 199.6 198.2 196.3 194.3 194.5 193.6 194 196.2 201.5 207.1 211.7 216.3 222.1 228.2 239 248.9 257.5 273.4 300.8 309.4 301 287.5 269.3 250.8 237.6 224.8 213.2 202.3 193.1 185.4 178.5 172.3 165.8 158.9 148.9 145.7 142.2 140 137.6 135.7 134.1 135.3 137.1 138 138.7 139.9 141.3 143.2 147.4 153.1 158.8 165.3 171.9
278.2 298.4 317.5 323.8 330.7 338.1 342 343.1 342.8 337.3 331.4 325.4 304.4 295.7 285.5 272.6 257.8 245.1 233.5 227.1 222 217.5 212.3 208.5 205.9 204.7 203.5 202.4 199.7 197.5 198.2 197.3 196.9 198.9 204.8 209.6 214.1 219 224.6 231.7 241.9 253.2 263.7 283.7 306.3 303.7 286.4 268.9 253.1 239.7 227.5 216 205.3 195.3 188.3 181.3 175 169.4 161.3 151.3 146.9 143.7 140.4 138.3 136.2 134.2 134 135.2 137.6 139.1 140 141 143.2 148.9 153.2 159.9 166.5 173.4 180.4
282.5 305.5 321.2 327.3 334.7 342.1 344.1 344.7 343.6 338.1 332.7 327.3 305.9 293.8 289.1 277.8 263.2 251 239.1 232 227 220.6 215.5 211.6 210.3 209.3 208.1 206.8 203.4 201.1 202.3 201.6 203.1 204.3 207.5 210.3 215.2 220.3 226.9 234.2 244.4 254.9 269.5 293.7 305.9 288.5 268.7 252.8 241.6 229.4 217.9 207.6 199.3 191 183.9 177 171 163.8 154 147.3 144.2 141.3 138.7 136.6 134.8 134.2 134.7 136 138 140.3 142 144.2 148.2 154.6 159.9 166 172.7 180.8 189.2
285.9 310.1 325.8 330.5 336.9 343.8 345.5 345.9 344.3 339 333.4 327.8 313.3 294.5 286.9 278.7 270.3 260.3 246.4 235.8 229.2 222.4 218.5 215 214.8 213.7 213.3 211.5 208.3 206.2 207.1 208.9 209.6 209.4 211.1 212.2 214.8 218.4 226 232.6 243.2 256.2 274.2 297.9 288.6 267.3 252.2 240.8 231 220.5 210.5 202 194.5 187 179.5 172.4 166.3 157.8 147.8 144.7 142.6 139.8 138 136.5 134.8 134.9 135.9 137.1 138.3 140.8 144.8 149.3 154.9 159.7 165.1 171.5 179.2 188.1 197.7
287.9 312.3 330.4 333.6 338.8 344.4 346.8 347 345 340 334.3 330.1 324.2 300.2 287.4 283.7 276.4 266.1 252.3 240.7 231.7 225.5 221.1 220.7 221.5 221.4 220.3 218.4 214.8 212.1 213.3 215 215.6 215.8 214 213 212.8 215.3 223.1 230.9 240.6 252.9 269.2 274.8 265.3 253.2 241.4 230.3 220.2 212.6 204.5 197.2 190 182.7 175.3 165.6 156.4 150 146.1 143.4 141.2 138.9 137.3 135.8 135.7 136.1 137.3 138.4 139.6 144.8 149.6 154.5 159.1 163.7 170.4 177.2 185.9 195.4 206.2
287.2 308.7 331.2 336.2 341.1 345.6 347.8 348.3 345.8 340.9 336.7 332.6 326.5 312.4 296.1 293.7 284.6 273.7 261.6 249.1 237.5 229.8 227.2 228.1 229.3 228.7 227.1 225.1 222.1 219.1 219.6 220.9 223.2 225.1 219.9 212.7 209.6 212.8 218.4 226.3 234.8 243.5 252.4 254.9 249.4 240.5 230.2 220.9 212.4 205.4 199.4 192.4 186.1 180.7 173.1 163.2 150.5 147.8 145 142.2 139.9 138.2 136.6 135.6 136.5 137.5 138.6 139.9 141.8 147.9 153.9 158.5 162.8 168.7 174.8 182.6 193 202.6 215.8
286.5 303.8 331.8 337 341.9 346.6 348.5 348.6 347 343 338.6 334.3 330 323.1 308.4 303.8 294.9 285.4 274.8 260 244.8 236.6 235.6 236.9 236.9 237.4 236.5 234.6 231.3 225.4 231.2 231.9 232.7 231.5 222.3 213.6 208.8 209.8 214.1 220.4 225.7 232.4 238.4 239.1 235.6 229 220.7 212.9 206.1 199.6 194.3 188.3 182.7 176.5 167.3 157.8 149.3 144.4 142.1 140.5 139.2 137.4 136 136.4 137.6 139 140.5 142.2 146.1 151.9 157.3 161.8 167.2 173.3 179.5 187.8 197.7 210.8 228.4
284.4 299.8 328.5 337.5 341.4 346.7 349.2 350.1 348.9 345.4 341.4 337.4 333.1 328.5 319.9 315.8 300.6 290.7 283.7 267.2 252.3 249.9 248.8 247.5 249.1 248.7 247 245.2 241.2 234.9 240.3 251.1 245.3 234.1 222.7 213 208 207.1 210.6 213.7 218.4 223.7 227.5 226.4 223.1 218.4 212.9 206.1 199.4 193.4 188.9 183.3 177.2 169.4 158.8 150.8 145.7 142.3 141 139.8 138.5 136.6 136.6 137.7 138.9 140.3 142.2 145.7 149.6 155.6 160.4 164.7 170.8 177.8 185.1 194.2 204 217.2 238.8
282.8 298.1 321.9 335.8 340 345.6 349.4 351.1 351.5 349.1 345 341.1 337.3 333.7 330.2 325.2 316.1 301.2 283.2 273.7 266.8 269.9 270.5 267.1 261.8 259.8 257.8 254.7 249.9 243.1 242.5 248.8 245.1 232.2 219.7 212.4 208.1 204.2 206.7 209.4 212.8 214.8 217.8 215.6 213.3 209.2 205.7 199.5 192.9 187.5 182.9 178.1 170.9 162.2 153.4 146.7 143.8 141.7 140.3 138.9 137.7 136.8 137 139 140.3 142.2 145.4 148.9 153.2 159 163.8 167.5 174.2 181.4 191 200.6 210.1 223.6 248.4
281.3 297.3 321.3 334.1 339.7 344.8 350.4 353 353.9 353 349.1 345.3 341.6 337.8 334.7 329.9 323.5 313.4 298.7 293.8 290.3 291.6 295.2 290.5 282.8 280.4 277.3 269.3 257.1 249.9 245.6 242 236 227.2 218.1 212.3 208.1 202.8 202.4 205.2 207.6 208.6 208.7 207.5 205.2 201.4 197.9 193.1 186.5 181.5 176.9 172.2 166.1 156.3 148.1 145.7 142.8 141 139.7 138.3 137.5 138.1 139.6 140.1 141.7 144.9 148.9 153.2 157.7 162.1 168.5 171.5 177.3 185.4 194.8 206.9 216.8 231.9 255.7
