data/470000-490000.asc
ncols 200
nrows 200
xllcorner 470000
yllcorner 490000
cellsize 50
[rows 140 to 174 of 200, columns 0 to 77 of 200]
218 222.8 227.7 232.6 236.2 240.3 244.2 250.1 252.6 252.8 253.5 252.3 250.8 245.5 240 234.1 228.9 223.8 219 217.8 219.9 221.8 223 220.9 218.2 215.5 211 218.6 223.1 230.7 236.8 242.7 248.6 252.2 251.6 248.4 244 241.5 239.6 237.4 231.7 230.1 232 237.2 241.9 246.3 250.7 253.5 254 253.9 253.6 253.4 253.1 252.9 252.9 253.1 252.7 252.2 251.2 250.3 249.3 248.3 247.3 246.1 245 243.8 241.7 239.5 236.9 233.7 229.5 225.9 223.6 222.3 221.5 222.3 223.1 223.5
216 220.4 224.6 228.6 232.6 237.4 243.7 247.8 249.2 249 249.5 248.9 247.7 246.4 239.8 234.2 228.7 223.3 217.9 211.8 215.7 218.1 219.4 218.8 216.6 212.9 208.8 215.6 221.4 228.6 235.8 242.4 248.1 250.5 250.3 247 242 238.8 236.5 234.9 231 227 229.7 234.7 239.7 244.6 248.6 250.6 251 250.8 250.6 250.3 250.1 249.8 250 250.1 250.3 249.7 248.8 247.7 246.6 245.4 244.9 244 242.8 241.1 238.9 236.7 234.2 231.1 227.6 224 220.7 219 219.4 220.4 221.3 222.1
212.3 218.2 222 225.6 230 236.1 243.8 245.1 245.8 245.6 245.5 245.4 244.2 243.1 239.1 233.9 228.6 223.3 217.5 209.9 211.7 214.1 215.9 215.6 213.1 209.1 208 213.5 219.7 227.6 235.4 242.3 246.3 247.2 247.1 244.7 240.5 235.7 233.7 232.3 229.5 223.7 227.7 232.7 238.3 243.3 246.9 248 247.9 247.7 247.5 247.2 247 246.8 247 247.1 247.3 247.2 246 244.9 243.8 242.6 242.1 241.6 240.6 238.3 236.1 233.9 231.4 228.3 225.1 221.6 218.1 216.5 217.7 218.8 219.9 220.7
207.8 215.2 219.5 222.7 228.8 235.5 240.9 241.4 241.4 241.3 241.1 240.8 240.2 239 236.8 232.2 227 221.7 216.4 209.9 207.8 210.6 212.1 212.2 210 206.7 205.6 212.3 219.4 228.4 236.5 242.2 244 244 243.9 242.6 238.9 233.9 230.7 229 226.3 221.2 226.2 231.4 238.1 242.1 244.5 245.3 244.8 244.5 244.4 244.2 243.9 243.8 244 244.1 244.3 244.4 243.3 242.1 241 239.8 239.3 238.8 237.7 236 233.8 231.4 228.6 225.5 222.3 219 215.4 214.1 214.3 215.5 216.7 218
205.4 212.1 217.7 221.3 228.1 235.4 236.6 236.7 236.7 236.7 236.5 236.3 236.1 236.3 234.4 230.7 225.8 220.8 215.4 209.1 201.4 206 209.2 208.3 205.5 201.9 205.7 212.7 219.6 229.2 237.3 240.5 241.4 241.4 240.9 239.9 237.3 232.3 227.5 225.8 224 219 224.4 230.3 237.3 241 242.6 243 242.5 242 241.5 241 240.8 240.8 241 241.1 241.3 241.4 240.7 239.4 238.1 237 236.5 235.4 234.3 233.2 231.2 228.7 226.1 222.6 219.5 216.4 212.9 211.7 211.2 212.1 214.1 215.1
202.3 208.9 215.5 220.9 228.8 232.6 232.9 233.2 233.2 233.3 233.3 233.2 233 233.9 233.3 230.1 225 219.7 214.4 209 199.7 202.9 204.1 203.7 200.5 196.9 206.6 213.9 221.1 230.2 235.6 237.9 238.5 238.5 238.2 237.2 235.2 230.8 226 222.7 221.3 215.6 222.7 229.2 234.7 239 240.2 240.5 239.9 239.4 238.8 238.3 237.7 237.3 237.6 237.8 238.1 238.4 238 236.8 235.5 234.2 233.2 232.1 231 229.9 228.4 226 223.5 219.9 216.6 213.5 210.3 209.4 208.6 209.1 210.5 212
197.9 205.9 213.2 221.3 228.6 228.6 229.2 229.9 229.9 229.9 230.1 230 230 231.4 230.8 229.6 223.9 218.6 213.3 208.1 201 196.6 199.3 199 195.6 201.2 208.4 215.9 223.1 230.3 233.8 234.8 235 235 235 234.9 233.2 229.8 225.4 220.4 217.4 214 218.9 224.3 231.8 236.3 237.5 237.4 236.6 236 235.5 234.9 233.9 233 233.3 233.6 233.8 234.1 234.7 233.8 232.4 231 229.7 228.7 227.6 226.5 225.4 223.2 220.8 217.4 213.7 210.6 207.6 206.2 205.3 206.2 207.6 208.7
196.6 203.7 210.9 220 224.7 225 225.6 226.3 226.5 226.6 226.8 226.9 227.3 228.9 229 227.8 224.3 218.8 212.4 207.1 201.1 192.1 193.8 193 197.4 202.5 209.4 216.3 223.6 229.8 231.2 231.3 231.4 231.5 231.6 232.2 231.3 228.6 224.8 220.4 215.8 212.3 216.4 221.9 230.3 233.8 234.4 234.4 233.6 232.7 232.1 231.5 230 228.8 229 229.3 229.6 230.1 230.7 230.5 229 227.7 226.6 225.1 224.1 223.1 222.1 220.2 217.9 214.7 211 207.8 204.8 202.9 202 203.3 204.3 205.4
195.1 202.7 209.6 219.5 221.1 221.5 222 222.6 223.2 223.2 223.4 223.6 224.6 226 226.1 225.4 223.1 219.7 212.1 206.9 201.5 194.5 189.8 190.4 197 203.7 209.9 216.1 222.4 227.9 227.9 228 228 228.3 229 229.6 229 226 223.4 220 214.9 209.3 212.8 219.9 228.5 231.1 231.6 231.4 230.7 229.3 228.8 227.6 226.1 224.9 224.7 225 225.6 226.1 226.6 227 225.5 224.5 223.5 222 220.5 219.5 218.7 217 214.9 211.8 208.2 204.9 201.9 199.9 198.9 199.9 201 202
194.1 199.8 208.5 217.2 217.8 218.3 218.7 219.1 219.7 219.9 220.1 220.8 221.6 222.7 223 222.7 221.3 218.6 211.5 206.5 201.5 194.3 184.8 191.6 196.5 202.7 209.8 216.2 221.1 224.3 224.4 224.6 224.8 225 225.7 226 225.8 224.2 222 219.9 214.8 208.1 211.1 218.3 226.2 228.5 228.7 228.4 227.9 226.5 225.2 223.7 222.2 221 220.3 220.6 220.9 221.3 221.8 222.3 221.2 221 220.3 218.9 217.4 216.1 215.4 214 211.9 209 205.5 202 199.6 197 195.9 196 197.2 198.3
192.8 198.9 207.2 213.6 214.8 215.1 215.5 215.9 216.3 216.9 217.6 218.4 219.1 219.6 220 219.8 218.4 216.3 210.8 205.9 199.8 192.3 183.8 189.7 195.8 202.6 209.4 215.7 220.2 221.4 221.4 221.4 221.6 221.8 222.1 222.1 222.2 221.1 219.6 217.3 211.4 204.9 208.6 217 222.2 225.3 225.6 225.9 225.4 224.2 222.5 220.7 218.9 217.5 216.7 216.1 216.3 216.7 217.1 217.5 217.4 217 216.6 215.5 214.3 213.1 212.1 210.6 208.4 206 202.8 199.3 196.5 193.9 193 192.3 193.7 195.5
191.4 197.1 207.5 210.7 211.9 212.3 212.6 213.2 213.9 214.7 215.4 216.2 216.9 217 217.2 216.8 215.4 213.1 210.2 205 198.1 191.4 182.2 187.9 195 201.8 209.7 215.2 218.1 219 219.4 219.3 219.3 219.2 218.8 218.5 218.5 217.5 215.9 214.4 211.9 200.9 206.8 214.7 220.6 222.4 223.4 224 223.3 222.1 220 218.2 216.1 214 213.3 212.7 212 212.1 212.5 212.8 213 212.9 212.5 211.8 210.6 209.6 208.6 206.4 203.8 202.3 200 197 193.6 190.9 190.1 189.1 190.5 192.7
188.8 195.1 207 208 209 209.6 210.3 211.1 211.8 212.5 213.3 214 214.3 214.5 214.8 214.6 213.2 210.9 208.2 204.1 197.2 190.2 181.9 185.6 193.8 200.8 208.8 213.7 215.4 216.4 217.4 217.3 217.3 216.9 216.4 216 215.4 214.1 212.4 210.8 209.4 199.5 205.1 213.3 217.8 219.7 221.3 222.1 221.3 219.6 217.6 215.8 213.1 210.6 209.9 209.2 208.6 207.7 207.8 208.1 208.3 208.2 208.2 207.9 206.7 205.4 203.9 201.6 200 198.6 196.9 193.8 190.8 187.7 186.5 186.6 186.9 189.2
186.7 194.5 204.2 205.1 206.2 207.3 208 208.7 209.5 210.3 211.1 211.6 211.9 212.3 212.6 212.2 211 208.6 205.8 203 196.9 189.2 181.7 183.3 191.6 199.9 207 211.5 212.7 213.7 214.7 215.3 215 214.6 214.1 213.5 212.6 210.6 209.5 207.8 204.8 198.7 204.3 211.2 214.2 216.3 218.2 220.2 219.3 217.2 215.1 213 210.2 207.4 206.4 205.6 204.4 203.5 203.4 203.3 203.6 203.6 203.6 203.6 202.9 201.2 199.2 197.6 196.3 195 193.6 190.7 187.6 184.2 182.9 183.1 183.9 185.6
183.9 190.7 200.9 202 203 204.3 205.5 206.3 207 207.9 208.6 209.2 209.7 210.1 210.4 209.7 208.7 206.2 203.8 201 195.7 188.5 181 181.4 190.3 198.6 204.3 207.7 210.7 211.8 212.7 213.1 212.7 212.3 211.5 210.6 209.7 207.9 205.9 203.7 199.1 197.8 204 208.9 210.6 212.8 215.1 216.6 216.7 214.7 212.7 210 207.2 204.5 202.6 201.2 199.9 199.3 199.2 199.1 199 199 199 199.1 198.9 197.2 195.5 193.8 192.6 191.3 190 187.6 184.5 180.8 179.5 179.7 180.4 181.8
180.9 187.3 193.8 198.5 199.7 201.1 202.5 203.8 204.6 205.2 205.5 206.1 206.8 207.4 208.1 207.5 206.7 204.7 202 199 194.3 187.7 180.4 179.4 189.1 196.2 200.3 204 206.9 209.7 210.9 210.6 210.2 209.5 208.6 207.7 206.8 205.4 202.3 199.9 194.6 195.6 202 205 208.7 210.8 212.1 212.9 213.5 211.9 210.6 207.3 204.5 201.7 199.3 198 196.4 194.9 194.1 194 193.9 193.6 193.7 194.5 194.3 193.3 191.8 189.9 188.6 187.5 186.3 184.4 181.3 177.5 176.2 176.3 176.5 178.2
177.4 183.8 190 194.2 196.3 197.9 199.3 200.6 201.7 202.3 202.4 203.1 203.9 205 206.1 205.8 205 203 200.1 196.7 192.3 186.3 179 178.1 187.1 193.4 197.1 200.7 203.6 206.1 206.7 207 207.2 206.4 205.6 204.8 204 203 199.4 195.4 190.6 193.4 197.7 200.9 205 207.4 208.4 209.6 210.9 210.8 209 206.1 202.7 199.4 196.2 194.4 192.4 190.9 190.2 189.4 188.8 188.7 188.7 190.1 189.9 189.3 187.9 186.1 184.8 183.8 182.9 181.1 177.9 174 172.1 172.4 172.7 173.4
172.9 180.6 186.9 190.3 192.4 194 195.6 197.4 198.6 199.2 199.7 200.8 201.9 203 203.9 203.9 203.3 201.1 198.4 194.8 190 185.2 176.8 170 185 190.9 194.2 197.4 199.6 201.7 202.4 203.3 204 203.3 202.5 201.7 201 200.1 196.8 192.4 188.6 190.2 193.6 197.8 200.5 202.7 204.8 207.1 209.2 209.7 207.4 204.7 201.5 198.2 194.3 190.9 188.4 187 186.2 185.1 184.1 183.7 183.7 185 185.7 185.2 183.4 181.2 180.7 180.9 180 177.2 174.1 170.4 166.7 166.3 167 169.4
165.5 176.2 182.8 186.5 188.4 190 191.8 193.4 194.9 195.5 196.8 198.4 199.9 201.1 201.7 201.7 201.7 199.7 196.4 192.8 188.3 183.5 174 175.7 183.1 187.9 191.4 194.2 196.3 198.2 199.3 200.3 200.9 200.1 199.4 198.4 197.4 195.7 193.9 190 186.3 186.5 190.3 194 196.5 198.7 201.4 203.9 206.6 208.1 205.8 203.1 200.2 196.5 192.1 188.4 184.1 182.6 181.4 180.3 179.4 178.6 178.9 180.5 180.9 180.4 179.1 176.1 175.1 176.1 175.9 173.5 170.6 166.7 162.2 160.6 162.5 165.3
171.3 171.1 179.4 182.6 184.4 186.2 187.7 189.3 190.8 192.2 193.8 195.4 197 199.1 199.2 199.1 199 197.3 194.4 190.7 186.5 181.3 171.6 174 181.1 185 188.5 190.9 192.8 194.7 196 197.7 198.6 197.6 195.9 194.6 193.1 191.3 189.8 187.3 182.6 183.1 186.5 190.2 192.5 195.2 197.8 200.8 203.6 204.2 204.5 201.8 199 194.2 189.8 185 180 177.8 176.6 175.9 175.5 174.4 174.4 176.1 176.2 175.4 174.2 170.3 169.6 169.6 170 168.1 166.3 163.2 159.3 154.9 157.5 161.4
173.4 166.8 174.6 178.5 180.6 182.7 184.4 185.9 187.5 189.2 190.8 192.5 195.3 197.6 196.5 195.6 194.9 193.5 191.6 188.3 184.4 179.1 170.4 171.7 178.1 182.4 185.6 187.8 189.6 191.4 193.7 195.6 196.5 194.9 193.2 191.2 189.9 188.4 186.5 184.3 178.6 179.2 182 186.4 189.3 192.3 195.2 199.8 202.6 203.4 203 201.3 197.1 192.2 187.2 182.4 178.2 173.4 173 172.4 171.2 170.2 170 170.9 171.3 171.4 170.4 168.4 163.2 163.9 163.1 162.6 161.2 159.7 155.8 150 153 158.4
174.7 159.1 170.6 174.6 177 179.1 181.1 182.7 184.2 186 187.7 190.6 193.4 195.4 195.6 194.5 192.4 190.6 188.1 185.4 181.4 176.7 168.6 170.1 175.5 179.6 182.5 185.2 187 189.1 192.2 194.2 194.9 193.8 191.9 189.3 187 185.1 182.9 180.7 176.1 175.3 179 183.6 186.7 189.7 194.1 198.8 201.4 202.8 202.1 200.7 195.5 190.3 185.4 180.7 175.9 171.5 168.7 168.5 167 165.7 165.6 166.5 167 167.5 167.1 165.2 158.4 156.8 156.1 156 156 154.9 151.8 146.3 150 154.9
173.5 161 165.7 170.6 173.4 175.4 177.5 179.4 181 182.8 184.6 188.3 191.3 193.3 194.7 192.9 190.3 186.7 183.9 181.8 178.3 173.5 166.9 167.7 172.8 176.8 179.4 182.1 184.4 187.2 190.3 192.8 194.1 192.6 190.1 187.5 184.5 181.6 179.3 177.2 174.6 170.9 176.4 180.8 184.7 188.7 193.3 197.7 199.8 200.5 201 200.1 195.5 190.2 185.3 179.6 174.5 169.6 164 163.8 162.2 161.2 161.3 162.6 163.4 164.1 164.3 162.6 160.1 152.4 150.2 150.2 150.1 149.7 147.5 145.1 149 154.1
171.9 161.8 161 167.1 169.8 171.8 173.8 175.9 177.7 179.6 182.1 186.3 190.7 192.3 193.7 192 189 184 180.2 177.8 174.8 171.2 166.1 164.3 170.2 173.7 176.5 179.2 182 184.9 188.3 192.1 193.5 192.2 189.6 186.4 182.7 179.1 176.1 173.8 171.2 168.7 174.1 179.4 183.9 188.3 192.5 196.1 197.6 198 198.5 198.5 195.4 190.8 186.1 179.7 174 168.8 163.5 160 157.3 156.9 157 158.3 159.5 160.2 160.4 159.5 157.8 153.2 145.3 144.1 144.4 143.3 141.4 143.3 148.6 154.6
170.2 161.5 156.2 162.9 165.8 168.3 170.4 172.4 174.4 177.3 180.9 185.6 189.8 192.1 193 191.4 188.2 183.1 178.5 174.5 171.6 168.2 163.3 161.1 166.3 170.6 173.8 176.9 179.7 182.5 186.7 191.1 193.2 192 189.9 185.4 181 177.2 173.4 170.1 167.9 166.4 173.5 177.9 182.3 186.8 190.8 194.3 195.3 195.7 195.9 195.1 194 191.5 186.7 180 173.7 168.4 163.4 159.8 152.5 152.7 152.8 153.9 155.3 156.4 156.4 155 153.6 150.7 147.3 140.7 139.8 138.4 138.1 144.3 149.5 155.3
168.6 161.4 150 158.6 161.5 164.3 166.7 169.4 172.5 175.8 180.1 184.2 188.5 191.5 192.2 190.7 187.1 182.5 178 173.6 168.9 165.3 160.2 159.3 163.1 167.3 170.4 173.6 176.8 180.1 184.9 189.9 192.1 192.2 189.4 185 180 176.5 172.2 167.1 164.2 167.8 172 176.4 180.7 185.2 189.1 192.5 193 193.2 192.7 191.7 191.8 190.3 187.2 181 175.5 169 164 158.2 154.4 148.2 148.6 149.5 150.7 152 152.5 151 149.4 147.2 144.1 140.2 134.9 133.6 141.7 146.6 151.3 156.1
166.7 159.4 151.5 153.8 157.6 160.3 163.6 167.3 170.8 175.3 180.3 184.4 188.3 190.9 191.5 189.8 185.7 181.6 177.4 172.8 168.5 164.5 158.3 157.6 160.5 163.9 167.4 170.8 174.2 178.1 182.7 187.3 190.9 192.7 190.6 185.9 180.2 175.5 171.2 166.2 161.4 166.5 170.6 175 179.3 183.8 189.1 190.7 190.5 190.1 189.6 189.5 189.8 188.9 187 182.2 177.4 171.4 164.3 159.5 154.5 149.7 143.5 144.6 146.8 147.4 148.1 147.4 145.7 143.8 140.6 136.7 132.9 135.8 142.1 147 151.8 156.3
164.1 157.2 150.5 150.4 154.2 157.4 161.2 165 169.4 174.8 180 184.6 188.5 190.9 190.9 188.3 184.1 180 175.9 171.5 167 162.7 158.3 154.3 158.2 161.4 164.6 168.2 171.7 176.1 180.8 185.5 190.6 194.5 194.1 189.1 182.9 175.7 170.7 164.5 156 163.4 169.3 173.6 178.1 183.1 189 189.7 188.1 187.7 187 186.3 186.7 186.7 185.7 183.3 181.4 175.1 166.2 159.5 154.7 150.1 145.6 140.6 142.9 143 144.1 143.3 141.9 140.4 137.2 133.7 128.4 134.6 141.5 146.6 151.3 155.1
160.9 155 148.9 146.7 151.2 155 159.4 164 168.5 173.4 179.7 184.5 188 189.7 189.3 186.7 182.5 178.4 174.2 169.4 164.9 160.4 156.6 151.7 155.9 159 162.1 165.2 169.2 174.2 179 185.4 193.4 198.3 198.6 193.9 187 177.2 170.4 164 154.6 161.3 167.2 172 175.8 179.8 184.8 187 185.7 185 184.2 183.5 183 183.3 183 182.9 182.2 177.8 168.2 160.3 154.9 150 144.9 139.9 137.4 138.6 140.2 139.3 138 136.5 133.3 129.8 121.8 135 139.9 144.5 147.8 151.1
158.3 152.9 147.7 142.9 147.9 152.6 156.8 161.1 165.7 171.1 177.4 182.5 186.3 188.2 187.4 185.4 180.9 176.7 172 167.2 162.8 158.9 155.3 145.8 152.8 155.8 158.8 162.8 168 173.7 178.7 187.8 196 201.8 202.3 199 190.5 180.2 171.4 164.4 153.7 160 165 168.3 171.5 175.6 179.6 182.1 182.2 181.8 181.2 180.6 179.9 179.8 181.4 181.5 181.7 180.4 172.6 163.9 156.3 151 146 140.6 131.4 134.2 135.2 135.3 134.2 132.3 129.4 126.2 125.2 133.1 137.5 141 144.3 148.6
155.7 151 144.9 141.3 144.2 149.3 153.9 158.5 163.1 168.3 174.1 181 185.3 186.8 185.3 183.5 179.5 174.8 169.9 165.1 161.3 157.6 154 148.5 148.1 152.2 156.6 161.7 166.9 172.4 178.2 187.6 197.2 201.8 201.7 199.6 193.4 184.9 175.1 165.2 157.4 155.3 161.3 164.2 167.1 171.2 174.9 177.4 178 177.9 177.5 176.9 176.3 176.4 178.3 180 180.3 181.1 178.9 171.6 162.1 154.8 148.2 143.1 137.4 128.4 130.9 130.9 130.3 128.3 125.1 122.4 125.5 130.2 134.1 137.4 141 147.6
154 149.1 144.2 139.2 141.7 147.1 151.6 156 160.6 165.6 172.2 180.1 184.3 186.8 185.3 183 178.6 173.5 168.4 163.3 159.6 155.9 152.5 148.8 141.6 150.2 155.4 160.7 165.9 171.1 178.1 188 196.8 199.6 200.1 199.6 195.4 190 180.3 170.1 158.7 148.4 157.7 159.8 162.9 166.3 170.2 172.8 173.2 173.2 173.2 173.1 172.5 173.2 174.9 177.1 179.5 181.3 182.1 179.6 170.4 161.9 152.9 147.2 141 135.4 124.3 126 125.6 124.2 121.9 118.4 123.5 126.7 130.5 134.5 138.7 147.7
153 148 143.3 137.3 138.5 144.8 149.3 153.3 158.5 163.9 171.8 179.5 184.3 186.9 185.8 183.1 178.4 172.4 167 161.6 157.7 154.3 150.9 147.2 142 148.5 154 159.1 164.3 169.5 178 187.8 194.6 197.2 197.8 197.3 195.6 191.3 185.1 174.9 161.4 150.4 153.6 155.2 158.7 162.1 165.9 168.2 167.9 167.7 167.8 168.5 168.9 168.8 170.9 174.3 178.5 181.1 182 181.9 179.2 171.4 161.2 152.6 144.9 139.8 134 127.2 119.1 121.7 120.1 114 121.1 124.3 128.3 132.6 137 146.1
152.6 148.4 144 137.8 134.5 141.1 145.5 151.1 156.6 162.2 170.3 179.6 184.7 186.5 185.5 183 179.1 171.6 165.7 160.4 156.1 152.7 149.3 145.9 140.5 146.3 152.5 157.6 162.8 168.4 177.2 186.6 192.1 194.2 195.2 194.7 193.4 191.1 187.3 179 164.4 153.1 146.5 151.6 155 157.5 160.9 163.3 162.9 162.3 162.4 162.8 163.2 163.1 166.8 172 176.5 179.9 180.8 180.4 178.2 175.2 170.9 162.2 153.4 145.3 139.5 133.8 127.5 122.3 115.3 110.9 117.9 121.7 125.9 130 134.8 143
152.4 148 143.5 138.9 132.4 137.9 144.3 149.8 155.3 161.3 170 179.4 184.3 185.9 184.7 182.5 179.9 172.6 166.2 160.1 154.4 151 147.5 144 138.7 144.5 150.9 156.3 161.5 168 176.4 185.4 190.3 191.3 191.9 191.1 189.4 188 186 181.7 170.5 156 141.9 146.8 150.5 152.5 155.5 157.5 157 157 157.3 157.4 157.4 156.9 162 167.3 172.6 176.5 177.1 176.3 173.6 173.1 172.4 169.6 162.8 154.9 147.1 140.8 135 129.6 123.9 116.6 112.2 118.7 122.8 127.2 132.4 140.6
