data/480000-410000.asc
ncols 200
nrows 200
xllcorner 480000
yllcorner 410000
cellsize 50
[rows 41 to 81 of 200, columns 0 to 91 of 200]
0.9 0.9 1.3 1.2 1.2 1.2 1.2 1.2 1.1 1.1 1.1 1.1 1.3 1.4 1.4 1.3 1.3 1.4 1.5 1.5 1.4 1.3 1.4 1.9 1.5 1.2 0.8 0.7 0.8 1 1.1 1.3 1.4 1.5 1.2 0.9 0.6 0.6 0.6 0.5 0.4 0.3 0.5 0.7 0.7 0.7 0.6 0.8 1.1 1.6 2.2 2.6 3 4.2 3.3 3.2 3.1 3 3 2.9 2.7 2.6 2.6 2.7 2.7 2.7 2.8 2.8 2.8 2.5 2.5 2.5 2.5 2.5 2.5 2.5 2.5 2.4 2.4 2.3 2.2 2.2 2 1.8 1.7 1.7 1.5 1.4 1.3 1.2 1.2 1.3
0.8 1 1.7 1.6 1.5 1.4 1.3 1.3 1.2 1.2 1.2 1.1 1.3 1.6 1.6 1.6 1.5 1.6 1.6 1.9 1.9 1.8 1.8 1.8 1.5 1.2 0.9 0.6 0.7 0.8 1 1.1 1.3 1.4 1.2 0.9 0.7 0.7 0.7 0.7 0.6 0.6 0.7 0.7 0.7 0.7 0.6 0.6 0.9 1.5 2.2 3.1 3.7 3.9 3.6 3.1 3 2.9 2.8 2.7 2.6 2.5 2.5 2.5 2.8 2.8 2.9 2.9 2.7 2.3 2.3 2.3 2.3 2.3 2.3 2.3 2.3 1.1 2.3 2.2 2.1 2.1 1.9 1.8 1.7 1.5 1.6 1.4 1.3 1.2 1.2 1.4
0.8 0.7 1.7 1.8 1.7 1.6 1.5 1.4 1.3 1.2 1.2 1.2 1.4 1.7 1.8 1.7 1.6 1.4 1.5 1.8 2.1 2.5 2.8 2.4 2 1.5 1.1 0.8 0.6 0.7 0.9 1 1.1 1.2 1.2 1 0.7 0.7 0.8 0.8 0.8 0.8 0.7 0.7 0.7 0.7 0.7 0.7 1.1 1.5 2.5 3.5 4.5 3.7 3.5 3.3 3 2.7 2.6 2.5 2.4 2.4 2.4 2.4 2.6 2.8 3 3 2.6 2.2 2.2 2.2 2.2 2.2 2.2 2.3 2.3 2.4 2.2 1.4 2.2 2 1.9 1.7 1.6 1.5 1.4 1.5 1.3 1.2 1.2 1.2
0.9 0.8 1.1 1.4 1.7 1.8 1.5 1.4 1.4 1.3 1.2 1.2 1.4 1.7 1.6 1.5 1.4 1.3 1.6 2 2.5 2.9 2.9 2.6 2.2 1.8 1.5 1.1 0.7 0.6 0.7 0.8 0.9 1 1.1 1 0.7 0.6 0.7 0.8 0.9 0.7 0.8 0.8 0.8 0.7 0.7 0.9 1.3 1.7 2.8 4 3.9 3.6 3.4 3.2 3 2.8 2.5 2.4 2.4 2.4 2.4 2.4 2.4 2.6 2.9 3.1 2.4 2.1 2.1 2.1 2.1 2.1 2.2 2.2 2.3 2.3 2.1 2 2 2 1.8 1.7 1.6 1.4 1.3 1.2 1.4 1.3 1.1 1.1
1.1 0.8 1.1 1.3 1.4 1.6 1.4 1.3 1.3 1.3 1.2 1.2 1.2 1.4 1.2 1.1 1.2 1.6 2.5 2.6 3.1 3.4 3 2.7 2.3 1.9 1.4 1.1 0.9 0.6 0.6 0.6 0.7 0.8 0.9 1 0.7 0.7 0.7 0.8 0.9 0.7 0.8 0.9 0.9 0.8 0.7 1 1.4 1.9 3.1 4.3 3.8 3.6 3.4 3.1 2.9 2.7 2.5 2.3 2.3 2.3 2.3 2.3 2.3 2.4 2.6 2.5 2.3 1.9 1.9 2 2 2.1 2.1 2.2 2.2 2.1 2.1 1.9 2 1.9 1.8 1.6 1.5 1.4 1.2 1.1 1 1.2 0.2 0.2
1.1 0.9 1.2 1.5 1.7 1.9 1.3 1.3 1.2 1.2 1.2 1.2 1.2 1.1 1.1 1.3 1.5 2.2 3.2 3.5 3.7 3.5 3.1 2.6 2.2 1.7 1.5 1.3 1.1 0.6 0.6 0.6 0.6 0.6 0.7 0.8 0.7 0.7 0.7 0.8 0.7 0.7 0.8 1 0.9 0.9 0.8 1.4 2 2.6 3.4 4.3 3.7 3.6 3.4 3.2 2.9 2.7 2.5 2.3 2.2 2.2 2.2 2.2 2.2 2.2 2.1 2 1.9 1.8 1.9 1.9 2 2 2.1 2.1 2 2.1 2 2.1 1.9 1.8 1.7 1.6 1.4 1.3 1.2 1 1 0.8 0.5 0.3
1.1 1.1 1.4 1.7 1.9 1.3 1.4 1.4 1.3 1.2 1.2 1.1 1 0.9 1.1 1.3 1.5 2.4 3.5 3.8 3.8 3.3 2.9 2.4 2.1 1.9 1.7 1.5 1.4 0.8 0.6 0.6 0.6 0.6 0.6 0.7 0.7 0.8 0.8 0.8 0.7 0.7 1 1.3 1.2 1.1 0.9 1.4 2.1 2.8 3.4 3.9 3.7 3.6 3.4 3.2 3 2.8 2.6 2.4 2.2 2.1 2.1 2.1 2.2 2.1 2 1.9 1.8 1.8 1.8 1.9 1.9 2 2 2 2 1.9 1.9 2 1.9 1.8 1.6 1.5 1.4 1.5 1.4 1.2 1.1 1.2 1.2 0.8
0.8 1.2 1.4 1.5 1.6 1.1 1.1 1.4 1.3 1.2 1.2 1.1 1 0.9 1.1 1.3 1.9 2.7 3.6 3.9 3.6 3.2 2.7 2.5 2.3 2.1 1.9 1.8 1.6 1 0.7 0.7 0.7 0.6 0.6 0.7 0.4 0.6 0.8 0.8 0.8 0.7 1 1.4 1.4 1.2 1 1.4 2.1 2.9 3.2 3.6 3.6 3.5 3.5 3.2 3 2.8 2.6 2.5 2.3 2.1 2.1 2.1 2.1 2 2 1.9 1.7 1.7 1.8 1.8 1.9 1.9 1.9 1.9 1.8 1.8 1.7 1.8 2.1 1.8 1.7 1.9 1.8 1.6 1.5 1.4 1.6 1.7 1.8 1.5
1.2 1.1 1.1 1.3 1.2 1.1 1.1 1.1 1.3 1.2 1.1 1.6 1.6 1 1 1.2 2 2.7 3.4 3.8 3.5 3 2.9 2.7 2.5 2.3 2.2 2 1.8 1.2 0.7 0.7 0.7 0.7 0.7 0.7 0.5 0.7 0.8 0.8 0.8 0.7 1 1.1 1.2 1.2 1.2 1.5 2.2 2.8 3.1 3.4 3.6 3.5 3.4 3.2 3.1 2.9 2.7 2.5 2.3 2.1 1.9 2 2 1.9 1.9 1.8 1.7 1.5 1.6 1.7 1.8 1.8 1.8 1.7 1.7 1.6 1.6 1.9 2.2 1.4 2.1 2 1.8 1.7 1.7 1.9 2 2.2 2.3 2.3
1.3 1.6 1.4 1.1 1.1 1.1 1.1 1.2 1.2 1.2 1.2 1.6 1.6 1 0.9 0.3 1.9 2.5 3.1 3.7 3.4 3.3 3.1 2.9 2.7 2.6 2.4 2.2 2 1.4 0.8 0.8 0.7 0.7 0.7 0.7 0.5 0.7 0.7 0.7 0.7 0.7 0.8 0.8 0.9 1 1.1 1.6 2.3 2.6 2.9 3.1 3.4 3.6 3.7 3.5 3 2.8 2.6 2.4 2.2 2 1.9 2 1.9 1.8 1.7 1.7 1.8 1.9 1.9 1.8 1.7 1.7 1.7 1.7 1.7 1.6 1.6 2.2 2.3 2.6 2.2 2.1 1.9 2 2.2 2.3 2.5 2.6 2.6 2.8
1.4 1.7 1.4 1.1 1.1 1.1 1.2 1.2 1.2 1.2 1.1 1 0.9 1.1 0.8 1.4 1.9 2.4 3 3.5 3.4 3.4 3.4 3.2 3 2.8 2.6 2.4 2.3 1.6 0.9 0.8 0.8 0.8 0.7 0.8 0.6 0.7 0.7 0.7 0.7 0.7 0.7 0.8 0.8 1 1.4 1.9 2.2 2.3 2.4 2.6 2.9 3.3 3.6 3.8 3.5 3 2.5 2.3 2.1 2 1.9 2 1.8 1.7 2.1 2 1.6 1.5 1.7 1.9 2 1.9 1.9 1.9 1.9 1.9 1.9 2.3 2.4 2.5 2.6 2.2 2.3 2.4 2.4 2.5 2.5 2.5 2.6 2.9
1.3 1.4 1.4 1.2 1.1 1.2 1.2 1.2 1.2 1.3 1.2 1.1 1 1.3 1.1 1.7 2.5 2.9 3.4 3.5 3.5 3.5 3.5 3.5 3.4 3.1 2.8 2.7 2.5 1.8 1.1 0.8 0.8 0.7 1 1 0.7 0.7 0.7 0.7 0.7 0.7 0.7 0.7 1 1.4 1.6 2.1 2.1 2.2 2.3 2.5 2.9 3.3 3.6 3.6 3.7 3.5 3 2.4 2 1.9 1.8 1.7 2 2.1 2.2 2.3 2.1 1.9 2 2.2 2.2 2.2 2.1 2.1 2.1 2.1 2.2 2.4 2.5 2.6 2.6 2.3 2.3 2.4 2.5 2.5 2.5 2.5 2.7 3
1.4 1.4 1.4 1.7 1.7 1.6 1.6 1.5 1.3 1.5 1.8 1.7 1.7 1.4 1.5 2.2 2.8 3.4 3.5 3.4 3.4 3.5 3.5 3.5 3.5 3.5 3.3 3 2.7 2.2 1.5 0.8 0.7 0.7 1.3 1.3 1.2 0.8 0.7 0.7 0.7 0.8 0.7 0.9 1.3 1.7 1.8 2 2 2.1 2.2 2.5 2.9 3.3 3.5 3.5 3.6 3.6 3 2.5 2.2 2 1.8 1.6 2 2.1 2.3 2.5 2.6 2.3 2.4 2.4 2.4 2.4 2.4 2.3 2.3 2.3 2.4 2.5 2.6 2.6 2.6 2.6 2.4 2.4 2.4 2.4 2.4 2.5 2.8 3.1
1.4 1.4 1.7 1.6 1.6 1.5 1.4 1.2 1.3 1.4 1.7 1.7 1.7 0.8 2 2.6 3.1 3.6 3.4 3.3 3.3 3.4 3.4 3.4 3.5 3.5 3.6 3.5 3.4 3.4 2.7 1.5 0.7 1.5 1.3 1.3 1.3 1.3 0.8 0.4 0.8 0.7 1.5 1.1 0.4 0.7 2 2 2 2 2.1 2.5 2.9 3.3 3.4 3.4 3.6 3.6 3 2.7 2.5 2.3 2 1.8 2 2.2 2.4 2.5 2.7 2.8 2.1 2.5 2.5 2.5 2.5 2.5 2.5 2.5 2.5 2.5 2.5 2.6 2.6 2.6 1.8 2.4 2.4 2.4 2.4 2.7 3 3.2
1.4 1.7 1.6 1.6 1.5 1.5 1.3 1.3 1.4 1.5 1.6 1.7 1.7 1.7 2 2.7 3.3 3.4 3.3 3.2 3.2 3.3 3.3 3.3 3.4 3.4 3.4 3.4 3.4 3.4 3.4 2.5 1.5 1.4 1.5 1.8 1.8 1.8 1.5 1.3 1.2 1.2 1.1 1.2 1.3 1.5 2 1.9 1.9 1.9 2 2.5 2.9 3.2 3.2 3.4 3.6 3.6 3.1 2.9 2.7 2.5 2.3 2 1.8 2.2 2.4 2.6 3.2 3.7 2.4 2.3 2.4 2.4 2.4 2.4 2.4 2.5 2.4 2.5 2.5 2.5 2.5 2.6 2.6 2.4 2.4 2.3 2.5 2.8 3 3.3
1.7 1.6 1.6 1.5 1.5 1.4 1.3 1.4 1.5 1.6 1.6 1.7 1.6 2 2.3 2.8 3.4 3.6 3.6 3.1 3.1 3.1 3.1 3.1 3.2 3.2 3.2 3.2 3.2 3.4 3.5 2.9 2 2 2.1 2.1 2.2 2 1.8 1.4 1.5 1.4 1.4 1.4 1.5 1.7 2 1.9 1.9 1.9 1.9 2.5 2.9 3.1 3.3 3.5 3.7 3.6 3.3 3.1 2.9 2.6 2.4 1.9 1.8 2 2.3 2.6 2.9 3.2 2.2 2.4 2.3 2.3 2.3 2.4 2.5 2.6 2.4 2.4 2.4 2.5 2.5 2.5 2.6 2.7 2.7 2.5 2.6 2.9 3.1 3.1
1.7 1.6 1.5 1.5 1.4 1.4 1.5 1.5 1.6 1.7 1.5 1.7 1.8 2.2 2.6 2.9 3.5 3.7 3.8 3.1 3 2.9 2.9 3 3 3 3 3 3.2 3.3 3.4 3.4 2.4 2.4 2.9 2.7 2.2 2.2 1.7 1.6 1.7 1.6 1.7 1.7 1.7 1.7 2 1.9 1.8 1.7 1.8 2.4 2.9 3.1 3.3 3.6 3.8 3.7 3.5 3.2 3 2.7 2.2 1.8 1.8 1.9 1.8 2 2.3 1.9 2 2.1 2.2 2.2 2.3 2.4 2.5 2.5 2.4 2.3 2.4 2.4 2.4 2.4 2.3 3 2.8 2.7 2.8 3 2.9 2.5
1.7 1.5 1.5 1.4 1.4 1.5 1.6 1.6 1.7 1.7 1.7 1.7 2.2 2.6 2.9 3.3 3.5 3.4 3.3 3.2 3 2.9 2.8 2.8 2.8 2.8 2.8 2.9 3.1 3.2 3.4 3.5 2.9 2.9 3.3 3.4 2.6 2.2 1.8 1.9 1.9 1.9 1.9 1.9 2 2 1.9 1.7 1.6 1.5 1.7 2.3 3 3.4 3.7 3.8 3.8 3.8 3.6 3.3 3 2.5 2.1 1.7 1.7 1.7 1.7 1.6 1.7 1.7 1.7 1.8 2.1 2.3 2.4 2.5 2.6 2.5 2.3 2.2 2.3 2.3 2.3 2.4 2.6 2.8 3 2.9 3 3.1 1.9 2
1.6 1.5 1.4 1.2 1.3 1.6 1.6 1.7 1.6 1.6 1.6 1.9 2.6 3 3.3 3.7 3.7 3.4 3.3 3.4 2.7 2.7 2.7 2.7 2.6 2.6 2.7 2.9 3 3.2 3.3 3.4 3.3 3.4 3.5 3.4 3.3 1.8 2 2.1 2.1 2.1 2.2 2.2 2.1 2 1.9 1.4 1.3 1.3 1.6 2.2 3.2 3.5 3.7 3.8 3.9 3.9 3.7 3.3 2.8 2.4 1.9 1.7 1.6 1.6 1.5 1.5 1.6 1.6 1.6 1.6 1.8 2.2 2.4 2.5 2.6 2.5 2.3 2.2 2.2 2.3 2.3 2.3 2.5 2.5 2.6 2.8 3 2.6 2 2.1
1.5 1.4 1.3 1.4 1.4 1.6 1.7 1.6 1.6 1.5 1.8 2.1 2.7 3.4 3.7 3.8 3.8 3.5 3.4 3.3 2.9 2.5 2.5 2.5 2.4 2.4 2.7 2.8 3 3.1 3.2 3.4 3.5 3.5 3.5 3.5 3.3 2.3 2.1 2.4 2.4 2.4 2.3 2.1 2 1.9 1.9 1.5 1.2 1.2 1.6 2.5 3.1 3.3 3.6 3.6 3.7 3.8 3.6 3.1 2.7 2.2 1.8 1.6 1.6 1.5 1.7 1.8 1.9 1.9 1.8 1.7 1.6 1.7 2 2.3 2.4 2.4 2.3 2.2 2.1 2.2 0.1 1.4 1.5 1.5 2.1 2.8 3 2.9 2.4 2.5
1.4 1.3 1.4 1.5 1.6 1.7 1.6 1.5 1.5 1.7 2 2.3 2.7 3.4 3.9 4 3.9 3.8 3.3 2.9 2.5 2.4 2.3 2.3 2.2 2.2 2.3 2.7 2.9 3 3.2 3.3 3.5 3.7 3.7 3.7 3.1 2.7 2.4 2.3 2.3 2.2 2 1.9 1.8 1.8 1.7 1.5 1.3 1.3 1.7 2.4 3 3.2 3.4 3.5 3.6 3.7 3.8 3.3 2.8 2.3 1.8 1.6 1.6 1.5 1.8 2.1 2.2 2.2 2.1 1.9 1.7 1.6 1.7 2 1.9 1.3 1.6 1.7 1.6 1.5 1.5 1.5 1.6 1.7 1.9 2.5 2.9 3.1 3 2.8
1.3 1.4 1.5 1.6 1.7 1.6 1.5 1.4 1.4 1.9 2.2 2.5 2.7 3.1 3.8 3.8 3.7 3.4 2.9 2.5 2.4 2.3 2.1 2.1 2.1 2 2 2.2 2.7 2.9 3.1 3.3 3.6 3.8 3.9 3.9 3.3 3 2.7 2.3 2.1 2 1.8 1.7 1.7 1.6 1.6 1.6 1.3 1.4 1.7 2.3 2.9 3.1 3.2 3.4 3.6 3.7 3.9 3.5 3.1 2.7 2.4 1.8 1.7 1.6 1.9 2.2 2.5 2.4 2.1 1.8 1.6 1.6 1.6 1.6 1.7 1.7 1.7 1.8 1.7 1.5 1.5 1.6 1.7 1.8 1.9 2.2 2.8 2.8 2.7 2.8
1.6 1.5 1.6 1.7 1.5 1.4 1.4 1.4 1.8 2.1 2.4 2.6 2.8 3 3.5 3.8 3.6 3.1 2.7 2.3 2.3 2.2 2 1.9 1.9 1.8 1.8 1.9 2.2 2.7 3.1 3.4 3.6 3.8 4 3.9 3.7 3.4 3.2 2.7 2.3 1.9 1.7 1.7 1.6 1.5 1.5 1.4 1.3 1.6 1.8 2.3 2.8 3 3.2 3.4 3.5 3.7 3.9 3.9 3.7 3.3 3 2.1 2 1.8 1.9 2.2 2.5 2.2 1.8 1.5 1.5 1.7 1.7 1.9 1.9 1.9 1.8 1.8 1.9 1.6 1.6 1.7 1.7 1.9 2 2.1 2.4 2.6 2.2 2.4
1.6 1.7 1.7 1.7 1.6 1.5 1.1 1.7 2 2.3 2.6 2.8 3 3.2 3.3 3.6 3.7 2.9 2.4 2.2 2.1 2 1.9 1.8 1.7 1.6 1.6 1.7 1.5 2 2.5 3.2 3.6 3.7 3.9 3.9 4 3.9 3.7 3.2 2.7 1.7 1.8 1.9 1.8 1.7 1.5 1.4 1.3 1.8 1.9 2.4 2.7 3 3.2 3.4 3.5 3.7 3.9 3.9 3.9 3.9 3.5 2.5 2.3 2.2 2.1 2.2 2.2 1.9 1.7 1.6 1.5 1.8 2 2.1 2.2 2.1 2 2 1.9 1.9 2.4 2.5 2.5 2.5 2.4 2.4 2.6 2.7 2.8 2.9
1.7 1.8 1.7 1.6 1.6 1.6 1.6 1.9 2.2 2.5 2.9 3.2 3.4 3.6 3.4 3.1 3.7 2.6 2.2 2 1.9 1.8 1.8 1.7 1.6 1.5 1.4 1.4 1.9 1.7 2.3 2.9 3.4 3.6 3.7 3.7 3.7 3.8 3.9 3.7 3.3 2.9 2.5 1.9 2 1.9 1.8 1.8 1.7 1.9 2 2.4 2.7 2.9 3.1 3.3 3.5 3.7 3.8 3.8 3.8 3.8 3.8 2.9 2.6 2.5 2.4 2.3 2.2 2.1 2 1.9 1.8 2.2 2.2 2.3 2.4 2.3 2.3 2.2 2.1 2.4 2.9 2.9 2.8 2.7 2.7 2.8 2.9 3.1 3.4 3.5
2 1.8 1.6 1.6 1.6 1.6 1.9 2.1 2.4 2.1 3.6 3.8 3.6 3.5 3.3 2.8 2.6 2.3 2 1.9 1.7 1.6 1.5 1.5 1.5 1.4 1.2 1.6 1.8 1.6 2.1 2.7 3.3 3.4 3.4 3.5 3.7 3.8 3.9 3.8 3.5 3.1 2.7 2.4 2.3 2.3 2.2 2.1 2.1 2.1 2.1 2.4 2.6 2.8 3.1 3.3 3.5 3.7 3.8 3.8 3.4 3.2 3.2 2.8 2.5 2.4 2.3 2.4 2.5 2.4 2.3 2.1 1.8 2.6 2.5 2.5 2.6 2.5 2.5 2.4 2.3 3 3.2 3.2 3.1 3 3 3.1 3.3 3.4 3.7 4
1.9 1.8 1.6 1.6 1.3 2.2 2.2 2.3 2.6 3.4 3.9 3.7 3.6 3.5 3.2 2.7 2.3 2.1 1.8 1.7 1.5 1.4 1.3 1.3 1.2 1.2 0.1 1.7 1.7 1.6 2 2.5 3.1 3.2 3.4 3.6 3.7 3.9 3.9 3.8 3.7 3.3 2.9 2.6 2.5 2.6 2.9 3 1.4 2.3 2.1 2.3 2.5 2.8 3 3.2 3.4 3.7 3.8 3.7 3.8 3.4 3.1 2.6 2.6 2.4 2.3 2.5 2.8 2.7 2.3 2 2.5 2.9 2.8 2.7 2.8 2.8 2.7 2.4 2.7 3.3 3.5 3.4 3.3 3.3 3.3 3.5 3.7 3.8 3.9 3.9
1.9 1.7 1.3 2.3 2.3 2.3 2.3 2.4 3 3.7 3.9 3.7 3.6 3.4 3 2.6 2.2 1.9 1.7 1.5 1.4 1.2 1.1 1 1 1.1 1.4 1.5 1.6 1.5 2 2.5 3.1 3.3 3.5 3.6 3.8 3.9 3.8 3.8 3.7 3.5 3.1 2.8 2.8 2.9 3.2 3.2 3 3.1 2.7 2.5 2.7 2.9 3.1 3.4 3.6 3.8 3.6 3.5 3.6 3.8 3.5 3 2.6 2.4 2.3 2.4 2.6 2.4 2.1 2.3 2.5 2.6 3.1 3 3 3 2.8 2.7 3.2 3.7 3.8 3.8 3.6 3.5 3.7 3.8 4 4.3 3.8 3.6
2.2 2.2 2.2 2.3 2.4 2.5 2.5 2.4 3.3 3.9 3.9 3.7 3.6 3.4 3.1 2.7 2.3 1.8 1.6 1.5 1.3 1.1 0.9 0.9 0.8 1.2 1.2 1.4 1.3 1.4 2.1 2.8 3.1 3.4 3.5 3.7 3.9 3.9 3.8 3.8 3.7 3.6 3.3 3 3.1 3.3 3.5 3.3 3.1 1.8 3.1 3.2 2.9 3.1 3.3 3.5 3.8 3.5 3.4 3.3 3.4 3.6 3.8 3.3 2.6 2.3 2.4 2.3 2.2 2.1 2.5 2.5 2.7 2.8 3.5 3.4 3.3 3.1 2.8 3.1 3.2 3.9 4 4 3.9 3.9 3.8 3.9 4.3 4.1 3.6 3.2
2.2 2.2 2.1 2.3 2.5 2.6 2 3 3.5 4 3.9 3.8 3.6 3.4 3.1 2.8 2.3 1.7 1.6 1.4 1.2 1.1 1.1 1.1 1 1.2 1.4 1.6 1.9 1.8 2.6 2.9 3.2 3.4 3.6 3.8 3.9 3.9 3.8 3.7 3.7 3.6 3.5 3.2 3.4 3.7 3.6 3.4 3.2 3.1 3.2 3.3 3.4 3.6 3.5 3.7 3.8 3.3 3.2 3 3.2 3.4 3.3 2.9 2.4 2.5 2.8 2.7 2.7 2.3 2.8 2.8 2.9 2.9 3.6 3.7 3.6 3.6 3.8 3.9 4.3 4.3 3.9 3.9 4.1 4.3 4.2 4.2 4.3 3.8 3.4 2.9
2.1 2.1 2.1 2.2 2.4 1 2.9 3.3 3.7 4 3.9 3.8 3.6 3.4 3.1 2.7 2.2 1.7 1.5 1.4 1.3 1.2 1.2 1.3 1.2 1.2 1.5 1.8 2.1 2.3 2.7 2.9 3.2 3.5 3.7 3.9 3.9 3.8 3.8 3.7 3.6 3.6 3.5 3.4 3.7 3.9 3.7 3.4 3.2 3.2 3.3 3.4 3.6 3.7 3.8 3.9 3.5 3.2 3 2.8 3 2.9 2.7 2.6 2.7 2.7 2.9 3 3.3 3 3.1 3 3.6 4.1 3.6 3.6 3.7 3.8 3.9 4.1 4.1 4.1 3.7 3.7 3.9 4.1 4.3 4.5 4.2 3.7 3.3 2.9
2 2.1 2.1 2 2.5 2.9 3.2 3.6 3.8 4 3.9 3.8 3.6 3.3 2.9 2.4 2 1.6 1.6 1.5 1.4 1.4 1.4 1.5 1.6 1.4 1.6 2 2.4 2.5 2.7 3 3.3 3.6 3.8 3.9 3.9 3.8 3.7 3.7 3.6 3.6 3.4 3.5 3.8 3.9 3.6 3.4 3.2 3.2 3.3 3.5 3.6 3.7 3.9 3.8 3.2 2.9 2.8 2.6 2.6 2.6 2.6 2.7 2.8 3 3.3 3.7 3.9 2.8 3.4 3.2 3.9 4.4 4.1 3.7 3.8 3.9 3.9 3.8 3.8 3.7 3.5 3.6 3.8 4 4 4.1 4.4 4 3.5 3
2 2.7 2.7 2.7 2.8 3.1 3.5 3.5 3.3 3.3 3.8 3.9 3.5 3 2.6 2.2 1.8 1.9 1.6 1.6 1.6 1.5 1.4 1.5 1.8 2.1 2.3 2.4 2.6 2.7 2.9 3.1 3.3 3.6 3.8 3.9 3.8 3.8 3.7 3.5 3.4 3.5 3.5 3.6 3.8 3.9 3.6 3.3 2 3.3 3.4 3.5 3.7 3.8 3.9 3.6 3 2.7 2.5 2.6 2.7 2.7 2.7 2.7 2.9 3.2 3.5 3.9 4.3 4.1 3.2 3.2 4.2 4.3 4 3.7 3.7 3.8 3.8 3.6 3.5 3.4 3.2 3.4 3.5 3.6 3.7 3.7 4.2 4.3 3.7 3
2.9 2.9 2.9 2.9 3 3.3 3.6 3.6 3.5 3.3 3.5 3.6 3.3 2.8 2.4 2 2.1 2.1 1.7 1.7 1 1.5 1.5 1.6 1.9 2.2 2.4 2.6 2.8 2.9 3.1 3.3 3.5 3.7 3.9 3.9 3.7 3.3 3.3 3.4 3.5 3.6 3.7 3.8 3.9 3.8 3.6 3.3 3.1 3.3 3.5 3.6 3.7 3.9 3.8 3.4 2.8 2.4 2.4 2.6 2.7 2.7 2.7 3 3.1 3.4 3.8 4.2 4.3 4.4 3.7 3.4 3.7 4.3 3.9 3.8 3.6 3.6 3.7 3.5 3.4 3.2 3.1 3.2 3.2 3.3 3.4 3.6 4 4.2 3.7 3
3.3 3.1 3.1 3.2 3.2 3.4 3.6 3.7 3.7 3.6 3 3.1 3.1 2.6 2.2 2.3 2.3 2.4 2 1.7 1.7 1.6 1.5 1.6 2 2.3 2.5 2.8 3 3.1 3.3 3.5 3.7 3.8 3.9 3.2 3.3 3.4 3.5 3.5 3.6 3.7 3.8 3.9 4 3.8 3.5 3.2 3.2 3.4 3.5 3.7 3.8 3.9 3.6 3.2 2.6 2.2 2.4 2.5 2.7 2.7 2.8 3.3 3.5 3.7 4 4.3 4.3 4.4 4.2 3.9 3.6 3.9 4 3.8 3.7 3.6 3.6 3.4 3.3 3.1 3.1 3.1 3.1 3.2 3.3 3.5 3.9 3.8 3.4 3.1
3.6 3.3 3.3 3.4 3.5 3.6 3.7 3.7 3.7 3.6 2.9 2.6 2.8 2.4 2.5 2.5 2.6 2.6 2.3 2.5 2 1.9 1.8 1.7 2.1 2.4 2.6 2.8 3 3.2 3.3 3.4 3.5 3.7 3.8 3.3 3.4 3.5 3.6 3.7 3.8 3.9 3.9 4 3.9 3.7 3.4 3.2 3.2 3.4 3.6 3.7 3.9 3.7 3.4 3 2.5 2.4 2.5 2.6 2.8 2.8 3.3 3.6 3.9 4.2 3.9 3.9 4.1 4.3 4.5 3.9 3.8 3.7 4 3.8 3.7 3.6 3.5 3.3 3.2 3.1 3.1 3.1 3 3 3.2 3.4 3.7 3.4 3.1 2.9
3.7 3.4 3.2 3.3 3.5 3.6 3.6 3.5 3.4 3.3 2.8 2.4 2.5 2.6 2.7 2.7 2.8 2.8 2.9 2.9 2.6 2.2 2.3 1.8 2.1 2.3 2.4 2.6 2.8 3.1 3.4 3.4 3.4 3.5 3.6 3.4 3.5 3.6 3.7 3.8 3.9 4 4.1 4 3.8 3.6 3.3 2.5 3.3 3.5 3.6 3.8 3.9 3.6 3.2 2.9 2.8 2.6 2.5 2.7 2.9 3.2 3.5 3.7 4 4.1 3.9 3.6 3.6 3.8 3.8 3.9 3.8 3.7 3.9 3.8 3.6 3.4 3.2 3.2 3.2 3.1 3.1 3.1 3.1 3 3 3.2 3.5 3.6 3.4 3.1
3.4 3.4 3.2 3.3 3.4 3.5 3.5 3.4 3.3 3.3 2.9 2.6 2.7 2.3 2.6 2.7 2.8 2.7 2.7 2.8 2.8 2.4 2.6 1.1 1.7 2.3 2.4 2.4 2.6 2.9 3.2 3.5 3.5 3.5 3.5 3.6 3.7 3.8 3.9 3.9 4 4.1 4.1 3.9 3.7 3.5 3.3 3.2 3.4 3.5 3.7 3.8 3.7 3.4 3.1 2.8 2.8 2.9 2.7 2.8 3.2 3.4 3.6 3.9 4.3 4.1 3.8 3.4 3.4 3.3 3 3.5 3.6 3.7 3.8 3.7 3.5 3.4 2.7 3.2 3.2 3.1 3.1 3.1 3 3 2.8 3 3.3 4.1 3.7 3.2
3.2 3.1 3.1 3.1 3.2 3.3 3.4 3.3 3.3 3.3 3 2.9 2.9 2.8 2.6 2.7 2.5 2.4 2.3 2.4 2.5 2.6 2.6 2.5 2 2.2 2.3 2.3 2.4 2.8 3.1 3.4 3.6 3.6 3.6 3.7 3.8 3.9 4 4.1 4.1 4.1 4 3.8 3.6 3.4 3.2 3.2 3.4 3.5 3.5 3.5 3.5 3.3 3 2.7 2.5 2.5 2.6 3.2 3.3 3.5 3.8 4.2 4.3 4 3.7 3.3 3.2 3.1 3.1 3.1 3.2 3.4 3.6 3.5 3.4 3.3 3.2 3.2 3.2 3.1 3.1 3.1 3 3 2.8 2.8 3.2 4.2 3.9 3.3
3 2.8 3 3.1 3 3.1 3.2 3.2 3.2 3.2 3.1 3.1 3 2.9 2.5 2.3 2.2 2 1.9 2 2.1 2.3 2.4 2.4 2.3 2.1 2.2 2.1 2.2 2.4 2.8 3.2 3.6 3.7 3.7 3.8 3.9 4 4.1 4.1 4 4 4 3.8 3.6 3.4 3.2 3.2 3.2 3.2 3.3 3.3 3.3 3 2.8 2.6 2.3 2.3 2.3 3.3 3.5 3.7 4 4.4 4.2 3.9 3.5 3.2 3.1 3 2.9 2.8 3 3.4 3.6 3.5 3.4 3.3 3.2 3.2 3.2 3.1 3.1 3 3 3 2.8 2.6 3.1 3.7 3.2 2.8
2.8 2.8 2.9 3 3.1 2.9 3 3.1 3.1 3.2 3.3 3 2.7 2.7 2.5 2.2 1.9 1.7 1.5 1.6 1.8 2 2.1 2.3 2.3 1.8 2.1 1.9 2 2 2.4 2.8 3.2 3.8 3.9 4 4 4 4 4 4 4 3.9 3.7 3.5 3.3 2.6 3 3 3 3 3 3 2.8 2.6 2.4 2.2 2.2 3.2 3.5 3.7 3.9 4.3 4.4 4.1 3.8 3.4 3.1 2.9 2.8 2.7 2.8 2.9 3.5 3.8 3.6 3.6 3.4 3.2 3.2 3.1 3.1 3.1 3 3 3 2.7 2.4 2.7 3.1 3.7 3
