data/480000-500000.asc
ncols 200
nrows 200
xllcorner 480000
yllcorner 500000
cellsize 50
[rows 144 to 179 of 200, columns 0 to 79 of 200]
221.1 219.7 219.7 221.3 224.9 224.7 224.3 223.8 223.3 222.2 219.2 216.7 208.7 196.8 190 189.9 189.2 178.9 174.1 170.9 168.1 165.7 163 161 158.2 155.8 153 150.5 137.1 123.7 110.4 98.5 91.2 85 77 75.6 71.2 66.3 57 50.5 73.4 95.9 104.8 112.4 120.1 125.3 131.6 139.8 152.8 163.2 167.4 172.1 174 176 178.5 182.4 184.2 183.9 184.9 187.8 190.7 193.1 195 195.1 191.8 191 193.1 193.4 194 194.8 196.3 198 197.3 196.8 196.4 196.6 196.3 193.6 188.1 194.2
225.9 225.5 222.6 220 220.1 223 224.4 223.4 223.1 222.2 219.2 217.4 215.4 212.5 203 195.2 190.4 180.6 173.4 171.2 168.2 166.1 163.7 160.9 157.4 154.4 150.2 146 135.1 122.8 112.2 100.8 90.8 84.8 75.3 71.6 64.3 57 56.8 50.9 73.3 98.2 105.9 112.8 119.8 128.8 134.7 144.1 155.9 166.6 169.2 169.5 171.6 173.6 176.4 179.1 180.5 180.2 181.3 184 186.2 188.4 190 190.4 188 188.1 189.8 190.2 191.6 192.5 193.4 194.3 193.3 192.3 192.2 193 192.1 188.6 181.5 187.2
227.8 227.2 226.1 225.1 221.2 219.9 221.9 223 222.6 221.8 219.7 217.9 216.3 213 200.9 196.4 190.4 179.4 173.1 170.5 168.6 166.7 165.1 162.4 157.7 150.1 145.9 145.6 132.6 122.1 112.6 101.4 91.1 84.8 75.8 70.5 63.6 59.5 61 51.3 72.9 99.2 107.3 115.1 121.7 129.6 136.6 146 154 159 164 166.1 168.3 170 172 174.6 175.8 176.1 177.4 179.6 181.8 183 184.1 184.2 181.9 184.9 186.4 187 188.6 190.2 190.4 189.9 187.8 186.3 186.8 187.4 185.6 180.3 175.7 183.9
229.4 228.6 227.8 227.1 226.3 221.4 219 222.8 222 221.4 219.8 218 215.7 211.6 199.1 198.5 191.1 178.7 172.3 170.3 168.9 168.1 166.8 163.5 158.1 147.7 142.6 139.1 130.1 109.8 104.6 97.7 87.1 81.4 73.2 65.8 61.4 61.3 60.7 51.9 71.7 98.8 109.8 117.6 125.5 132 138.4 145.7 152 155.5 158.7 161.2 163.5 165.1 166.5 169.9 170.7 171.5 173.7 175.8 177.5 178.2 179.5 179.4 178.8 180.9 182.3 183.2 184.3 186.2 185.8 185.3 183.5 180.4 180.7 179.4 176.9 172.1 172.2 182.3
230.5 229.7 229 228.2 227.5 226 218.5 221.5 221.7 221.3 219.4 217.5 214.8 210.5 199.7 194.4 188.6 178.4 171.9 169.3 168.4 166.7 164.6 160.9 155 149.1 142.6 131.4 113.5 102.1 95.7 88 75.4 66.9 67 69.9 64.4 61.4 57 53.5 73.5 94.5 111.6 119.1 125.5 130.2 136.1 141.4 149.2 151.3 151.2 153.5 156 156.4 159.9 164.5 166.2 167.7 169.9 172.2 174.5 174.9 175.3 175.6 175.8 177 178.5 179 180.1 181.1 180.8 180.3 179.6 174.5 172.2 169.8 166.9 162.9 170.4 178.6
231.5 230.8 230 229.2 228.3 225.7 218.5 219.2 221.2 220.8 218.5 215.9 212.7 208.6 199.3 192.5 188.3 178 172.3 168.5 166.8 165 161.7 157.3 152 146.3 132.3 109.8 99.3 89 82.4 83 85.9 77.4 69.1 63.9 54.4 55 57.3 61.2 71.6 90.5 111 117.3 121.3 125.3 130.6 135.9 139.9 143.5 144.5 145.6 146.5 147.1 150.3 156.6 161.3 164 166.3 168.7 171 172 172.5 173 173.1 173.8 174.4 174.8 175.7 175.7 175.5 174.6 173.3 168.8 165.8 163.7 156.1 161.6 168.4 175.5
232.2 231.8 230.7 229.5 228.5 224.3 217.3 219.8 220.9 219.5 216.9 214.2 210.6 204.6 197.9 190.8 187.9 178.4 171.7 168.3 166.4 163 158.1 153.1 146.6 134.7 117.1 104.5 101.9 100.7 103.7 100.4 87.7 72.2 68.8 59.7 56 56.8 57.7 59.2 66.4 85.7 107.8 113.3 117.2 120.9 125.6 129 132.1 135 136.9 138 140.9 142.9 143.9 149.5 155 159.2 162.1 164.7 167.7 169 169.6 170.1 170.3 170.7 170.3 170.8 170.6 170.5 170 168.8 167.3 162.9 158.5 155.2 149.2 158.9 165.3 169.8
232.6 232.2 231.5 229.8 228.1 221.4 216.4 221 219.6 217.8 215.1 211.6 207.8 201.7 195.4 189.1 183.9 177.3 171.5 168.3 167.3 162 155.5 147.7 136.9 127.2 117.6 123.2 123.2 122 115.4 106.3 94.1 80.2 67.6 56.7 56.9 57.6 58.3 58 64.4 86.6 96.1 107.3 111.6 115.5 119.2 121.9 124.3 126.3 129.2 132.9 136.9 140.8 140.7 144 147.8 153 157.9 161.3 164.5 166.5 167 167.4 167.2 167.6 167.1 166.6 166.6 166.4 166 164.4 161.7 157.2 151.2 141.2 143.6 151.3 160 163.9
232.9 232 230.9 229.2 224.8 216.8 215.3 220.6 217.9 215.1 212.4 209.5 205.6 199.8 193.5 187.2 181.3 175.1 170.4 166.9 164.9 160.1 152.2 153.9 147.5 135.7 135.4 137.7 135.3 131.2 123.1 114.2 99.1 85.8 67 57.1 58.2 57.9 58 63.6 64.7 79 93.6 95.2 106 110.3 113.4 115.7 116.8 118.7 121.6 125.4 128.4 131.8 136.2 139.3 141.5 148.9 153.2 156.6 160.1 163.1 164.8 165.4 164.9 164.4 162.9 161.6 161.6 161.6 160.7 158.6 155.2 149.5 142.4 126.3 150.4 155.5 158 162.2
232.3 231.4 229.3 226.1 222.8 213.6 217.2 218.2 215.6 212.7 209.8 206.9 203.3 197.9 191.6 185.3 179.2 173.4 169.6 166.1 162.7 157.8 158.1 156.7 152.3 149.5 145.9 142.5 139.9 135.5 126.9 116.8 104.8 90.8 78.5 64 57.3 57.7 58.7 58.1 64.7 69.4 80 93 89.9 102 109.8 109.1 109.4 111 113.7 116.2 118.9 122 126.9 131.3 135.1 141.8 147.6 152.2 155.3 156.5 154.9 153.9 153 154.9 156.3 156.3 154 149.9 151.6 151.5 145.1 139.4 127.7 143.4 155.5 162.7 167.3 171.3
231.4 230.3 226.7 223.2 219.9 211.9 216 215.2 213.2 210.4 207.4 204.3 201.8 195.2 188.4 182.2 176.8 172.2 168.5 165.1 161.7 160.1 161.9 159.9 156.2 153.7 150.4 146.4 142.8 138.9 131.8 123 111.2 96.5 87.5 75.7 67.9 57.6 59.1 60.2 63.4 65.9 68.3 72.7 79.8 75.6 84 93.1 101.2 103.7 105.5 108 111 114.4 117.6 119.2 124 133.5 139.3 141.7 143.6 129.4 124.8 123.3 122.7 124.9 134.9 142.3 129.8 118.4 116.8 121.6 124.2 118.7 129.8 147.5 158.3 166.1 172.6 177.5
230.7 228 224.6 221.1 217.5 210.4 212.6 212.3 210.5 207.8 204.6 201.3 198.1 192.6 184.7 179.4 174.5 171 167.1 164.1 161.9 163.6 166.2 162.9 159.1 155.8 152.8 150.1 146.4 142.4 136.2 127.9 115.9 101.7 90.8 83.3 77.8 66.9 59.2 61.1 62.1 62.5 62.1 63.5 78.9 84.8 70.8 66.5 81.5 87.2 94.8 100.2 104.3 107.6 98.6 93.8 107.2 120.6 117.7 115.3 114 106.3 102.2 100.6 99.9 103.3 113.2 118.1 107.3 108.2 109.8 108 112.2 130.7 142.8 152.5 161.2 169.8 175.6 180.8
228 225.1 221.9 218.6 211.9 209.7 211.8 210.6 206.9 204.2 201.4 197.2 192.2 186.4 182.9 177.8 172.8 170.3 167.8 166.4 168.3 168.2 169.5 165.3 161.5 158.8 156 153.3 150 145.1 139.8 132 122.7 107.2 96.8 88.2 81.8 68.8 60.5 60.5 60.3 60 61.5 67.6 77.7 89 89.9 81.5 72.5 70.5 73.1 78.9 83.2 87.4 97 100.1 95.2 102.4 102.7 101.9 98.3 114.5 120 123 121.3 113.9 107.7 102.2 111.6 119 111 110.9 115.3 137 147.6 156.6 164.7 172 177.3 181.7
224.5 222.1 219.3 216.3 209.6 209.5 209.7 205.9 202.3 199.8 195.6 193.7 193.2 193 191.1 184.4 173 170.3 165.9 171.4 177.2 171.5 170.3 166.8 163.8 160.9 158 156 153.2 148.3 142.2 136.5 129.9 117.7 105 94.3 85 79.4 71.7 60.8 58.5 60.9 61.6 65.6 73.1 82.4 89.5 95.2 92.9 84.7 83.7 89.8 94.2 104.4 111 114.7 109.6 100.9 104.1 113 126.8 136.9 139.5 138.2 137.1 134.3 128.2 118.9 114.5 120 111.9 112.4 118.4 141.9 152.6 157.6 165.4 172.7 178.2 181.7
221 219 216.3 213.4 208.7 207 205.3 202 201.4 202 201.9 202 200.6 198.1 195.5 191.3 176.6 171.3 170 176.9 182 179.2 171.8 168.9 165.5 162.5 159.7 157.6 155.2 150.9 144.8 140.6 136.5 128.8 120.7 100.6 93.9 88.4 80.9 71.8 61.2 61.2 61 63.6 68.6 75.7 82.2 89.6 94.8 98.6 97.5 104.1 108.1 114.4 118.7 121.9 121.4 124.4 127.2 130.5 129.3 136.5 139.5 140.5 140.4 139.2 137.1 131.6 128.9 121.1 114.5 113 114.2 128.1 154.5 159 165.6 173.3 178.1 181.6
217.7 216.6 212.9 210.1 207.6 206.9 206.5 207.9 207.3 206.9 205.9 206.7 205.5 200.8 198.5 194.2 184.1 172.6 171.6 176.9 182.7 184.2 180.6 170.5 166.9 163.9 161.3 158.9 156.6 153 148.7 144.6 141.3 138.8 128 122 107.3 95.6 89.9 75.6 66.6 71.4 66.5 63.7 66.5 71.3 77 82.4 90 98.7 109.3 113 115.9 119.5 123.1 125.8 127.2 129 130.6 132.9 133 135.3 139.2 140.8 140.7 140.6 139.2 135.9 131.7 125.4 116.8 116.2 116.2 123.3 150.3 155.4 161 168.6 174.4 179.3
220 215.7 212.4 211.1 213.2 213.8 212.7 211.9 211.1 210.6 209.5 207.9 206.4 203.6 200.3 196.7 188.9 176.6 172.3 171.2 175 178.3 183.7 183.1 182.1 178.1 167.8 161.3 157.4 155 151.4 147.5 143.4 139.5 138.9 132.5 124.1 116.2 103.1 83.5 79.8 82.5 77.4 63.5 64.7 68.9 73.9 78.7 86.8 95.7 107 113.4 117.6 120.4 124.4 128.1 129.7 131.1 132.7 135.4 136.4 137.7 139.9 141.2 141.1 140.9 140.5 138.1 133.2 127.7 119.6 116.6 120.4 129.5 143.2 150.5 155.9 163.2 171 175.6
224.6 220.4 213.1 219.7 220.1 218 217 215.4 214.4 212.9 211.7 210.4 209.2 207 204.5 202.1 198.5 188.3 178.2 172.1 171.9 171.9 178.7 185.1 187 184.3 175.7 164.2 158.9 156.8 153.7 149 143.9 140.8 142 138.3 134.1 126.8 111.9 101.6 99.3 99 90 64.4 67.4 73.1 74.3 77.9 81.2 88.7 100.9 108.5 114.9 119.9 122.9 127.7 130.3 131.3 134 135.7 137.2 138.4 139.9 141.4 141.7 142 141.3 139.2 135.7 131.5 123.5 113 138.2 140.7 141.1 146.9 150.9 158.9 164.9 172.2
229.2 225.6 215.2 221.1 222.8 221.6 220.7 218.8 217.2 215.9 214.6 213.4 212.2 210.4 208 206.2 205.3 201.2 191.5 182.4 176.1 171.9 171.9 175 183.8 186.4 181.5 171.4 162.6 158.1 155.2 152 147.5 145.2 144.3 141.5 135.9 128.4 121.6 117.4 111 108.5 95.7 71.3 70.6 75.7 79.8 85.6 89.3 91.6 90.3 96.1 108.3 114.9 118.6 123.1 128.7 130.9 133 135.3 137.2 138.7 140.2 141.8 143.7 144.1 143.8 143.6 142.4 141.1 142.4 118.4 133.5 151.8 152.7 155.8 159.2 162 166.4 173.8
232.8 229.8 223.3 216.2 218 223 222.3 220.8 219.7 218.6 217.5 216.3 214.7 213.1 211.5 209.8 208.4 207.7 205.5 196.3 189.4 181.8 171.9 171.9 172.7 179 183.5 179.1 168.8 161.5 157.9 155.2 152.9 149.5 147.1 144 137.1 133 129.8 126.3 124.1 117.2 95 74.4 91.2 86.7 87 88.8 97.9 105.1 102.4 100.6 96.9 106.2 113.4 117.2 123.5 129.4 132 134.4 136.6 138.6 140.1 142.3 144.5 146.1 147.1 148.9 148.2 148.1 147.3 123.8 130.7 153 158.6 163.5 167 169.1 171.5 176.6
237.2 235.9 232.3 227.6 216.6 215.6 223.8 223.2 222.2 221.2 219.8 218.1 216.9 215.3 213.5 212.7 211.8 209.6 208 206.5 198.9 191.2 181.6 171.9 169.7 168.8 177.5 180.5 177.6 166.5 161 158.8 157.5 155 150.2 147.9 143.4 139.6 135.8 132.2 130.4 122.5 102.9 76.3 90.9 100.2 99.8 99.5 109.3 113.3 114.8 113.3 113 107.8 104.8 112.6 118 124.9 130.4 133 135 137.2 140 142.1 144.2 146.5 148.4 150.3 150.5 150.8 150.6 129.4 129.2 154.3 164.6 170 171.7 173.1 176.1 179.2
241.1 239.4 235.8 232.2 228.2 222.5 214.2 222.7 223.6 223.1 221.7 219.2 218.5 216.6 215.4 214.1 213.4 212.2 210.3 208.4 204.9 198.1 188.9 172.9 169.3 168.6 171 180.3 181 176.7 163.3 161.1 159.6 157.7 154.3 152 148.5 144.3 141.1 138.1 137.2 130.1 109.3 72 97.1 111.2 112.9 113.3 114.5 117 119.4 121.4 120.7 119.2 114.3 111.4 112.8 118.8 123.9 128.9 132.6 136 139 141.3 143.6 146 148.2 150.3 151 151.2 150.9 131.2 129 157.1 168.7 172.8 175.4 177.5 179.5 182
245.2 242.3 238.9 234.7 230.9 227.4 224.2 212.6 215.4 217.6 219.5 219.4 218.1 217.9 216 215.4 214.9 214.4 212.9 209.8 205.9 201 185.6 172.1 169.9 169.3 168.6 180.9 182.2 181.3 177.6 162 163.3 160.7 158.1 155.8 152.6 149.1 145.6 143 140.3 131.6 98.8 74.6 102.2 117.2 118.3 118.4 119.1 121.2 122.7 124.3 125.8 126.9 124.5 120.6 117.2 117.8 120.2 123.4 130.5 133.9 138 140.8 143.5 146 147.6 149.2 150.5 151.1 150.5 135.9 126.5 156.7 169 174.1 177.4 180 181.3 184.7
248.4 244.9 241.3 237.1 233.4 230.5 228.6 225.3 215 210.3 209.6 209.4 212.7 213.9 215.7 216.5 216.1 215.6 214.5 211 205.2 197.6 178.3 171.2 169.2 169.1 169.8 181 182.9 182.2 181.7 177.1 163 163.6 160.7 157.8 155.4 152.2 150.1 146.3 141.7 132 97 73.6 103.5 122.6 122.1 120.6 121.6 122.8 124.7 126.5 128.3 130 130.3 129.2 127.6 121.5 129.7 130.6 130.7 131.9 136.3 140.1 142.9 145.5 147 148.3 149.7 151.5 151.6 139.1 125.9 155.8 167.8 173.4 177.3 180.2 182.5 185.8
250.5 247.5 243.7 239.5 236.6 233.9 231.3 229.7 228.7 226 221.4 218.5 213.2 208.6 208.7 210.3 214.1 213.9 212.9 210.6 205.2 193.2 172.5 169.9 168.9 168.6 169.6 182.4 182.5 181.9 181.8 180.4 172.9 164.2 162.5 158.9 156 153 150.1 146.3 142.7 133.8 103.5 83 91.1 122.4 124.4 122.7 122.9 123.3 125.4 127.2 128.8 129.6 130.4 131.3 131.5 127.1 131.9 133.1 134.6 135.9 137.6 138.7 141.5 143.9 145.4 147 148.8 150.5 151.5 148.4 122.2 144.7 163 171.1 175.4 178.7 181.7 184.4
252 249.5 245.6 242.1 239.7 237 234.3 232.5 231 229.3 227.6 227.1 225.7 224.3 219.9 210.5 207.8 209.6 211.8 208.4 204.5 184.7 171 169 168.8 169 183.3 183.8 182.1 180.5 180.6 180.7 177.6 169.3 164.3 161.7 158.3 152.5 148.1 148.4 146.5 138.4 129.6 109 79.8 102.8 121.2 120.1 121 122.1 124 125.8 127.1 129 129.9 131.3 132.4 132.6 132 132.8 135.7 138.8 140.1 140.1 140.3 141.5 143.4 146.4 148.3 149.4 150.1 147.4 122.9 133.9 160.6 167.2 172.9 176.5 179.7 182.6
252.5 250.4 247.9 244.7 242.1 239.8 237.4 234.9 231.8 230 229 228.6 228.2 226.6 224.6 216.4 207.9 206.4 210.4 207.5 201.1 180.2 169.7 168.7 168.6 185.3 187.7 186.6 183.8 181 179.4 179.4 177.3 172.8 166.3 163.7 160.9 156.8 155.3 153.5 150 141.1 134.3 120.4 97.2 76.8 104.1 115.3 116.5 118.9 121.2 122.3 124.3 127.5 129 131.3 133.5 134.1 134.6 134.8 137.5 140.2 140.9 141.4 141.8 141.8 142.2 145.2 147.6 148.1 146.4 139.5 125.6 129.5 156 163.2 170.1 174.4 177.5 180.6
252.6 250.4 249.2 247.3 244.5 242.1 239.6 236.6 233.2 230.3 229.1 228.6 228.1 226.3 223.9 218.2 210.3 205.7 208.8 206.3 201.1 177.8 168.3 167.4 170.7 185.3 185.5 183.4 181.5 180.8 179.7 177.9 175 171.9 165.8 163.9 162.6 161.3 155.2 145.6 140.9 136.2 130.7 122.6 108.5 87.6 83.6 107.6 111.2 114.2 117.5 119.1 121.9 125.4 129.2 132.4 134.6 135.9 137 137.3 140.2 141.1 142.4 143.3 143.5 143 143.2 145 147.2 146.7 144.5 141.8 129.3 129.7 153.7 160.2 167.7 172.7 175.6 178.3
252.9 251.4 250.1 248.5 246.4 243.7 241.1 237.5 234.1 230.9 229.5 228.7 227.8 225.4 221.7 217.4 210.1 204.3 207.8 205.1 201.8 182.1 167.1 166.1 170.2 181.5 181.2 179.5 178 177.8 178.8 175.4 172 169.3 167.3 165.3 163.5 162.9 148.3 139.4 133.2 127.7 122.2 114.8 105.2 96.4 79.3 93.4 104.7 110.1 113.5 115.1 121 124.1 128 131.6 135.1 137.6 139.4 139.9 141.4 142.8 144.1 145.2 145.4 144.6 144.3 145.1 147.2 147.2 145.3 142.6 139.8 128.5 144.4 157 164.7 171.1 173.7 175
254.1 251.7 251 250.1 247.6 244.7 241.9 238.4 234.7 231.5 229.4 228.6 226.4 223.2 219.5 215.9 209.2 203.6 206 203.9 201.5 189.7 167.7 165.2 167.7 174.4 175.9 174.1 173.7 174.3 174.4 171 168.8 166.7 164.7 163.7 162.2 161.8 148.5 137.3 128.4 118.9 109.8 102.2 97.1 91.9 77.1 83.4 95.9 99.3 102.9 110.9 117.1 121.3 126.4 131.1 134.7 137.7 139.4 140.8 143.1 144.5 145.8 147.1 147.5 146.4 145.2 146 147.3 147.3 146.3 143.8 140.9 130 134.4 153.9 160.9 167.3 170.7 171.6
256.2 253.8 251.5 250.4 248.7 245.7 242 238.1 234.6 231.4 228.7 227.7 224.9 221.1 217.6 214.2 208 202.7 205.1 202.7 200.3 194.1 174.5 164.9 164.4 168.5 170 170.2 170.3 170.8 170.1 169.1 167 165.3 162.4 160.5 160.1 160.2 151.6 137.3 125.3 116.3 107.4 97.6 87.3 77.4 78.8 79.8 81.3 89.8 93.4 102.1 108.7 114.9 119.8 127.4 132.1 134 138.6 140.8 143.8 146.2 147.5 148.7 148.7 147.9 146.7 147 147.5 148.1 147.6 146.3 143.2 137.2 132.6 144 156 162.4 167.6 168.3
257.9 254.9 252.2 250.8 249.3 245.9 241.5 237.3 233.7 230.6 227.7 226.1 223.1 219 216.2 212.4 206.8 201.5 204.3 201.8 197.7 192.2 180.8 164.7 164 165.4 167.3 167.6 167.7 167.9 167.4 166.4 165.4 163.9 161.4 158.1 157.7 158.1 157.3 140.1 125.7 115.2 108.1 101.1 94.3 82.7 78.9 78.8 80 87.5 92 95.6 100.3 106.9 117.2 123.9 130.1 135.8 140.4 142.5 145.6 148 149.1 150 149.4 148.3 147.3 147.3 147.9 148.4 147.9 147.5 146 142.2 134.8 131.4 146.6 156.4 160.9 162.8
257.6 255.7 252.8 251.3 249.8 245.4 241 236.5 232.9 229.8 226.7 224.3 221.1 216.9 214.3 211.6 205.1 200.5 203.3 201.1 197.1 191.7 182.7 165.9 163 162.8 164.2 165.4 165.6 165.6 165.4 164.7 164.2 163 161.3 157.2 150.2 150.3 147.6 142.3 130.7 120.9 115.4 109.7 103.2 95.4 88.8 83.1 82.2 88.2 94.2 104.5 110.9 105.5 121.9 128.7 133 138.8 143.2 145.5 148 149.9 150.8 150.8 150 148.7 147.7 148.1 148.2 148.6 148.2 148.3 147 145.7 141.7 135.4 130.4 150.8 154 155.1
256.9 255.1 253.4 251.5 249 244.7 240.4 236 232 228.9 225.7 222 218.5 214.6 211.9 209.6 204.4 198.7 201.4 200.3 196.2 190.7 183.4 170.4 162.3 162.3 162.7 163.3 163.6 163.7 163.9 163.5 162.5 161.3 158.8 155.8 152 140.3 138.2 135.9 131.8 127.7 123.1 118.3 112.3 106.6 99 88 83.2 88.2 99.7 113.9 118.7 121.9 118.4 122.9 133.6 141.1 145.6 148.5 150.7 151.8 152.1 151.6 150.4 149.5 149 148.9 149 148.8 149.1 149 148.1 147.4 145.3 141.2 133 135.1 144.6 147.8
255.9 254.1 252.7 251 248.2 243.9 239.6 235.3 231 227.4 223.8 219.7 214.6 211.9 208.6 206.3 202.3 193.9 199.7 199.9 195.3 189.3 182.4 172.5 162.5 161.8 162 162.3 161.9 161.5 161.7 160.5 159.4 157.8 155.9 153.1 150.1 141.5 133.4 128.6 126.8 125.7 122.1 117.4 116 115.4 112.4 105.6 92.9 97.7 104.8 112.5 119.3 127.1 129.7 130.7 136.6 143.4 147.9 151.5 152.8 153.3 152.9 152.4 151.6 151 150.4 149.9 149.9 149.4 149.6 149.8 148.8 147.1 146.2 137.6 131.3 131.7 133.8 138.3
254.9 253.4 251.9 250.3 247.4 243 238.7 234.3 230.2 225.3 221.4 217.1 213.7 210.4 206.4 202.6 197.3 189.4 199 197.7 192.7 186.5 180 172.9 161.7 160.6 161 161.6 161.5 160.4 159.3 155.7 154 152.6 150.9 149.9 145.7 139.5 131.9 124 121.1 119.2 116.1 109.7 113.5 115.2 110.2 102.2 99.2 112.6 112.6 119.2 123.2 131.1 136.7 138.1 142.2 144.8 150.2 153 154.7 154.6 154.5 154.1 153.2 152.6 152.1 151.7 150.6 150.2 149.8 150.1 149.2 146.6 143 132.9 132.1 135.1 131.9 133.3
