data/480000-410000.asc
ncols 200
nrows 200
xllcorner 480000
yllcorner 410000
cellsize 50
[rows 82 to 122 of 200, columns 92 to 183 of 200]
2.7 2.8 3 3.1 3.3 3.4 3.5 3.7 3.8 -0.5 -0.5 -0.5 -0.5 -0.5 4 4.4 4.3 4.3 4.2 4.2 4.1 4.1 4 3.9 3.9 3.8 3.8 3.7 3.7 3.6 3.6 3.5 3.4 3.1 3 3 2.9 2.9 3.7 5.7 7.4 9.8 17.7 27.5 39.6 50.3 59.2 60.4 61 61.2 61.4 61.6 62.6 63.5 63.7 63.1 63.3 63.6 63.7 63.4 62.7 62.1 61.5 60.7 60 59.5 58.4 57.8 57.2 56.6 56 55.4 54.8 54.4 54 53.6 53.2 52.7 51.8 51 50.1 49.3 48.2 47.6 47 46.4 45.8 45 43.9 42.8 42.4 42.1
2.6 2.8 2.9 3.1 3.2 3.4 3.5 3.7 3.8 -0.5 -0.5 -0.5 -0.5 -0.5 4.7 4.4 4.4 4.3 4.2 4.2 4.1 4.1 4 3.9 3.9 3.8 3.8 3.7 3.7 3.6 3.5 3.5 3.4 3.2 3 2.9 2.8 3.2 4.5 6.1 8.1 11.7 19 29.6 41.7 54.4 59.6 60.9 61.1 61.3 61.5 61.7 62 61.8 61.7 61.5 61.8 62.1 62.4 62.4 61.9 61.5 60.9 60.3 59.6 58.8 58.2 57.6 57 56.4 55.8 55.2 54.6 54.2 53.8 53.3 52.9 52.6 52 51.1 50.3 49.5 48.6 48 47.5 46.9 46.4 45.8 44.5 43 42.7 42.4
2.6 2.7 2.8 3 3.1 3.2 3.4 3.5 3.7 -0.5 -0.5 -0.5 -0.5 -0.5 5.7 4.5 4.4 4.4 4.3 4.3 4.2 4.1 4.1 4 4 3.9 3.8 3.8 3.7 3.7 3.6 3.5 3.2 3 2.8 2.7 2.9 3.6 5 6.4 9 13 21.3 32.2 44.1 56.3 59.5 60.7 60.5 60.7 60.9 61 60.9 60.6 60.4 60.2 60.5 60.8 61.5 61.9 61.3 60.9 60.4 59.7 59 58.4 58 57.4 56.8 56.2 55.6 55 54.4 53.9 53.5 53.1 52.7 52.5 52.3 51.4 50.5 49.6 49 48.5 48 47.4 46.9 46.3 45.1 43.4 43.3 42.8
2.4 2.5 2.6 2.7 2.8 2.9 3.1 3.2 3.6 -0.5 -0.5 -0.5 -0.5 -0.5 5.9 4.4 4.5 4.5 4.4 4.3 4.3 4.2 4.2 4.1 4 3.9 3.7 3.6 3.5 3.4 3.3 3.2 3.1 2.6 2.8 3 3.1 3.8 5.1 6.6 9.3 14.7 24.3 35.2 46.1 56.2 58.9 59.9 59.9 60 60.2 60 59.8 59.5 59.3 59 59.5 60.3 61 61.3 60.9 60.3 59.8 59 58.1 57.7 57.4 56.9 56.5 56 55.4 54.8 54.2 53.7 53.3 52.9 52.7 52.5 52.2 51.5 50.7 50 49.5 49 48.5 47.9 47.4 46.4 45.3 44.3 44.2 43.9
2.4 2.4 2.5 2.5 2.5 2.7 2.8 3 3.6 -0.5 -0.5 -0.5 -0.5 -0.5 5.4 4.5 4.6 4.6 4.4 4.3 4.2 4.1 4.1 4 3.9 3.8 3.7 3.6 3.5 3.4 3.3 3.2 3 2.7 2.7 2.9 3.1 3.7 4.9 6.9 9.2 16 26.6 37.7 48.7 55.8 58.1 59 59 59.2 59.1 58.8 58.5 58.2 57.9 57.6 58.2 59 59.9 60.4 60.4 60.2 58.9 58 57.2 56.9 56.8 56.3 55.9 55.4 55 54.5 54 53.5 53.2 52.9 52.5 52.2 51.9 51.8 51 50.4 49.9 49.5 49 48.5 47.5 46.4 45.4 44.5 44.1 43.5
2.4 2.4 2.5 2.5 2.5 2.6 2.6 2.9 3.5 -0.5 -0.5 -0.5 -0.5 -0.5 5 4.7 4.6 4.5 4.4 4.3 4.3 4.2 4.1 4 3.9 3.8 3.7 3.6 3.5 3.4 3.3 3.2 3.1 2.9 2.6 2.8 2.3 3.8 4.9 6.7 9.3 17.7 28.6 39.6 50.5 55.3 57.2 58 58.1 57.8 57.5 57.4 57.2 56.9 56.6 56.3 56.8 57.7 58.5 58.8 59.1 58.7 58 57.1 56.4 56.1 56.2 55.7 55.3 54.8 54.4 53.9 53.4 53.2 52.9 52.6 52.4 52.1 51.8 51.7 51.3 50.8 50.3 49.9 49.4 48.6 47.6 46.6 45.6 44.9 44.2 41.6
1.3 2.4 2.4 2.3 2.4 2.5 2.7 2.9 3.3 -0.5 -0.5 -0.5 -0.5 -0.5 3.8 4.7 4.5 4.4 4.3 4.2 4.2 4.1 4 3.9 3.9 3.8 3.7 3.6 3.6 3.4 3.3 3.2 3.1 2.9 2.7 2.6 3.5 4.1 5.2 7 9.4 17.4 28.4 39.8 51.4 54.6 55.9 56.8 56.6 56.3 56.1 55.9 55.8 55.5 55.2 54.9 55.1 55.9 56.8 56.8 56.8 56.7 56 55.9 55.6 55.3 55.4 55.1 54.7 54.2 53.6 53 52.9 52.8 52.5 52.3 52 51.7 51.7 51.9 51.5 51.2 50.7 50.1 49.3 48.1 47.5 46.8 46.4 43.7 42.9 42.3
2.3 2.1 2.2 2.3 2.4 2.6 2.7 3 3.2 -0.5 -0.5 -0.5 -0.5 -0.5 3.1 4.7 4.5 4.3 4.2 4.1 4.1 4 3.9 3.8 3.8 3.7 3.6 3.5 3.5 3.4 3.3 3.3 3 2.9 2.8 2.8 4.1 4.9 5.9 7.6 11.7 19.3 28.8 40.5 51.1 53.1 54.7 55.1 55 54.8 54.6 54.3 54.2 54.2 53.9 53.2 52.9 53.3 54.1 54.4 54.4 54.3 54 54.1 54.5 54.6 54.6 54.5 53.9 53.1 52.6 52.5 52.4 52.3 52.2 51.9 51.6 51.7 51.7 51.9 50.9 50.7 50 49 48.7 47.5 45.5 44 42.8 42.6 42.1 41.7
2.6 2.1 2.2 2.4 2.6 2.8 2.8 3 3.3 5.6 -0.5 -0.5 -0.5 -0.5 2.7 4.7 4.4 4.2 4.1 4.1 4 3.9 3.8 3.8 3.7 3.6 3.5 3.4 3.4 3.4 3.3 3.4 3.2 3.4 3.6 3.9 4.6 5.9 7.1 8.9 14.8 22.4 31.3 42.3 49.5 51.5 53.3 53.4 53.3 53.2 53.1 52.7 52.6 52.4 52.1 51.5 51.1 51 51.3 51.9 52 51.8 52.5 52.7 53 53 53.1 53.4 52.7 52.2 52.2 52.1 52 51.9 51.8 51.5 51.6 51.6 51.6 51.4 50.5 49.5 47.7 45.4 44 43.2 43.4 42.8 42.3 41.8 41.4 41.6
2.2 2 2.3 2.5 2.7 2.9 2.9 3.1 3.2 3.3 -0.5 -0.5 -0.5 -0.5 -0.5 4.7 4.4 4.2 4 4 3.9 3.8 3.7 3.7 3.6 3.5 3.5 3.4 3.4 3.3 3.3 3.7 3.5 3.6 3.8 3.7 5.2 7 8.4 11.3 18.5 26.8 36.4 44.9 46.4 48.5 50.6 50.6 50.4 50.2 50.1 49.9 49.8 49.9 49.8 49.1 49.1 49 49 49.2 49.9 50.9 51.6 51.7 51.8 51.9 52 51.9 51.9 51.7 51.6 51.5 51.4 51.3 51.2 51.4 51.4 51.4 51.3 51 50.1 46.4 45 45.2 44.2 44.1 43.5 42.9 42.4 41.9 42 41.6
2.5 2.4 2.4 2.6 2.8 2.9 2.9 3.1 3.1 3.5 -0.5 -0.5 -0.5 -0.5 -0.5 5.3 4.4 4.1 3.9 3.9 3.8 3.7 3.7 3.6 3.6 3.5 3.5 3.4 3.3 3.3 3.6 2.9 3.7 3.9 4.1 4.6 6.5 8.4 10 15.1 22.4 31.8 40.6 42.6 43.6 45.4 46.6 46.9 47.2 47.1 47 46.9 46.8 46.8 47.3 46.6 47.2 47.2 47.7 48.8 49.8 50.3 50.6 50.8 50.9 50.9 51 50.9 50.8 50.7 50.6 50.5 50.4 50.3 50.5 50.9 51 51.1 50.8 50.3 49.7 46.8 45.3 45.4 44.9 44.5 43.5 42.7 42.4 42.2 41.9 40.4
2.9 2.9 2.5 2.8 2.8 2.7 2.7 2.6 2.5 3.3 -0.5 -0.5 -0.5 -0.5 -0.5 5.2 4.3 4.1 3.8 3.8 3.7 3.7 3.6 3.6 3.5 3.5 3.4 3.4 3.3 3.3 4.1 3.9 4.1 4.2 4.4 5.4 7.3 9.7 12.2 18.1 26.6 36.2 39.8 40.6 41.3 42.2 42.8 43.3 43.6 43.8 43.9 43.8 43.7 44.3 44.7 44.5 45.4 46.1 47.1 48.1 48.9 49.3 49.6 49.8 49.9 50 50 49.9 49.8 49.7 49.6 49.5 49.4 49.3 50 50.4 50.5 50.7 50.6 50.2 49.7 48.9 45.3 44.4 43.5 43.2 43 42.2 41.2 40.7 40.3 39.3
2.7 2.4 2.1 2.3 2.4 2.5 2.6 2.7 2.9 3.2 -0.5 -0.5 -0.5 -0.5 -0.5 5.3 4.3 4.1 3.9 3.8 3.7 3.7 3.6 3.6 3.5 3.5 3.4 3.3 3.3 3.6 4.3 4.3 4.5 4.8 5.1 6.4 7.9 10.3 14 19.9 30 35.5 38.2 38.3 37.9 37.9 38.3 39 39.8 40.2 40.4 40.7 41.2 42 42.7 43.7 44.7 45.5 46.2 47.2 47.7 48 48.4 48.7 49.1 49.4 49.5 49.2 48.9 48.7 48.6 48.5 48.4 48.7 49.5 49.9 50 50.2 50.2 49.9 49.6 46.8 45.9 45.2 44.4 43.7 42.9 42 41.3 40.4 39.7 39
2.5 2.2 2 2.2 2.3 2.4 2.6 2.7 2.9 3 -0.5 -0.5 -0.5 -0.5 -0.5 5.3 4.4 4.2 4 3.8 3.8 3.7 3.7 3.6 3.6 3.5 3.5 3.4 3.5 3.7 4.8 4.8 5.1 5.4 5.8 7.3 8.8 10.7 14.8 22.8 29.6 32.5 33.9 34.2 33.7 34.6 34.9 35.6 37.5 37.9 38 38.3 39.9 41.5 42.5 43.5 44.2 44.9 45.7 46.4 46.9 47.4 47.9 48.4 48.8 49 49.1 48.7 48.4 47.8 47.4 47.5 47.5 48.2 48.9 49.4 49.6 49.8 49.8 49.8 46.3 48.4 49 46 45 44.5 43.7 42.9 41.4 40.5 39.5 39.1
2.4 2.2 1.5 2.1 2.2 2.4 2.5 2.7 2.9 3 3.1 -0.5 -0.5 -0.5 -0.5 2.7 4.9 4.3 4.1 3.9 3.8 3.8 3.7 3.7 3.7 3.6 3.5 4.4 4.4 4.4 4.2 4.3 5.2 6.1 6.7 8.1 9.5 10.9 15.6 23.7 27.5 28.7 29.6 30.2 30.4 31.9 32.5 33.8 35.2 35.6 37.7 37.4 39.3 41.5 42.2 43 43.9 44.7 45.5 46.2 46.6 47.1 47.6 48.1 48.5 48 47.3 47.6 47.5 47.3 46.8 46.8 46.9 47.6 48.3 49.2 49.3 48.6 45.5 45.5 47.2 47.2 48 46.3 45 44.1 43.4 42.6 41.4 40.4 39.5 38.9
2.4 2.1 1.9 2.1 2.2 2.4 2.5 2.6 2.8 3 3.2 -0.5 -0.5 -0.5 -0.5 -0.5 4.7 4.4 4.2 4 3.8 3.8 3.8 3.7 3.7 3.7 4.3 4.2 4.2 4.2 3.7 4 4.7 5.6 6.6 7.9 9.1 10.2 14.2 19.7 22.7 24 25.6 28.6 30.8 32.5 34.6 36.3 37.4 38.6 41.8 42.1 42.4 43.1 43.2 43.2 43.7 44.6 45.4 45.9 46.5 46.8 47.3 47.7 48 47.4 47.4 47.4 47.3 47 46.5 46.2 46.3 45.8 45 45.9 44.9 44.7 45.3 45.4 45.6 45.6 46.7 47.1 44.6 43.6 43 42.3 41.4 40.4 39.5 38.7
2.4 2.2 2 2 2.2 2.5 2.6 2.8 3 3.2 3.4 3.8 -0.5 -0.5 -0.5 -0.5 2.9 4.4 4.3 4.1 3.9 3.8 3.8 3.7 3.7 3.9 3.8 4 4 4 3.2 3.5 4.2 5.2 5.8 7.6 8.9 10.6 15.9 21.8 25.7 28.1 29.7 30.6 31.8 33.8 36.4 38.4 39.9 41.6 42 42.4 42.7 43.6 44.2 44.4 44.7 44.9 45.2 45.6 46.3 46.7 47.1 47.5 47.5 47.5 47.4 47.2 46.8 46.7 46.6 44.6 44.3 44.8 44.8 44.7 44.4 44.2 44.5 44.7 44.8 44.8 45.1 48.8 44.6 43.1 42.4 41.4 40.1 39.8 39.1 38.5
2.4 2.2 2 2.1 2.2 2.4 2.6 2.8 2.8 2.9 2.9 2.9 -0.5 -0.5 -0.5 -0.5 1.2 5.6 4.2 4.2 4 3.9 3.8 3.8 3.8 3.6 3.4 3.5 3.6 3.6 2.7 3.8 4.3 4.3 4.9 7 8.3 11.2 16.9 24.7 28.1 29.2 30.6 31.9 32.8 33.8 36.1 38 39.8 41.6 41.3 42 43.1 44.1 44.7 44.9 44.9 45.1 46.4 46.5 47.3 48 47.8 48.4 50.6 51.1 50.6 48.4 44.8 45 44.2 44.3 43.6 44.6 45.2 45.4 44.4 44.2 44.4 44.4 44.6 44.8 45 47.9 43.2 41.9 40.2 39.3 38.2 37.2 38.5 38.2
2.3 2.1 2 2 2.2 2.3 2.3 2.4 2.5 2.6 2.7 2.7 -0.5 -0.5 -0.5 -0.5 -0.5 3.3 4.3 4.1 4 4 3.8 3.8 3.6 3.4 3.3 3.2 4.5 4.4 4 3.9 3.9 4.2 5.6 11.5 7.4 10.4 15.9 23.7 28 29.5 30.8 32.1 32.8 33.8 35.1 37 39.1 41 40.3 42.1 43.8 44.2 44.5 44.5 45.1 45.8 47 47.8 48.3 48.6 48.6 48.2 51.8 51.4 48.8 44.6 44.5 44.2 43.9 44 44.1 44.9 46.3 45.9 45.3 44.2 44.2 44.5 44.1 44.9 46.9 47.6 43.1 40.3 39.4 38.7 37.5 36.1 35.4 33.9
2.3 2.1 2 2 2.1 2.2 2.3 2.4 2.5 2.6 2.6 2.7 5.8 -0.5 -0.5 -0.5 -0.5 -0.5 4.5 4.3 4.2 4.1 3.9 3.7 3.5 3.4 3.8 3.7 4.4 4.4 4.1 3.9 3.8 3.8 4.3 4.7 8.7 12.5 13.9 20.9 26.2 27.7 29 30 31.3 32.4 33.6 35.4 37 39 39 41.2 41.9 42.6 43.4 44.8 45.8 46.7 47.6 48.4 49 49.2 48.9 48.3 51.3 51.5 47.3 44.2 44 43.8 43.6 43.5 43.5 42.9 45.7 45.8 45.7 44.9 45.4 45 43.9 41.1 39.9 44.8 46.6 36.9 36.4 36.2 35.2 34.3 34.6 33.8
2.3 2.2 2 2 2.1 2.2 2.3 2.4 2.5 2.5 2.6 2.8 2.9 -0.5 -0.5 -0.5 -0.5 -0.5 -0.5 4.6 4.4 4.1 3.8 3.7 3.5 3.2 3.9 3.7 3.5 4.4 4.2 4 3.9 3.8 4.1 4.5 5 7.6 12 17.8 22.4 25.7 26.7 27.9 29.2 30.4 28.5 28.6 34 35.3 37.2 39.2 39.9 40.3 42.2 44.1 45.5 46.4 47.2 48 48.9 49.6 49.9 49.6 50 51.6 49.1 44.3 44.2 44 43.6 43.4 43.3 43.1 43.9 44.7 44.1 43.9 41.4 34.2 33.8 33.8 33.8 40.5 44.8 39.3 32.1 32.1 31.9 31.7 32 32.1
2.3 2.1 2 1.8 2 2.1 2.2 2.3 2.4 2.5 2.7 2.8 2.9 -0.5 -0.5 -0.5 -0.5 -0.5 -0.5 5 4.8 4.6 4.2 3.2 5.1 4.3 4.2 4 3.5 3.5 3.9 4.1 4 3.9 3.8 4.3 5.2 6.7 9.3 13.6 18.3 20.1 21.6 24.5 26 27.1 26.7 27.1 28.3 30.4 28.1 35 33.9 39.2 42.1 43.8 45.3 46.1 46.8 47.6 48.4 48.9 49.4 50.1 50.6 49.8 50 44.8 44.4 43.7 43.6 43.5 43.4 43.3 44.2 43.8 43.2 42.9 42.7 34.3 33.8 33.8 33.8 34.4 42.2 43.7 32 32.5 30.9 29.7 28.4 28.4
2.2 2.1 2 1.6 1.7 2.1 2.2 2.3 2.4 2.5 2.7 2.8 2.9 3.1 -0.5 -0.5 -0.5 -0.5 -0.5 -0.5 6 4.5 4.2 4.5 4.3 4.2 4.3 4.3 3.8 3.5 3.7 3.9 3.9 3.9 3.9 4.4 6.9 5.6 8 10.7 15.1 18.3 21 23.4 23.6 23.2 22.7 23.2 23.8 24.4 26.2 27.9 32.1 36.6 39.6 41.1 43.5 45 46.3 47.1 47.7 48.2 48.9 49.7 50.3 50.7 50.6 50.1 48.2 43.9 43.8 43.6 43.6 43.8 43.6 43.5 43 43.3 43 40.2 35.3 33.8 33.8 33.8 38.3 40.2 36.6 37.9 37.1 35.3 33.7 32.7
2.2 2.1 2 1.4 1.5 0.9 1.8 2.3 2.4 2.5 2.6 2.7 2.9 3.1 -0.5 -0.5 -0.5 -0.5 -0.5 -0.5 -0.5 6.4 4.8 4.7 4.5 4.6 4.5 4.4 4 3.5 3.7 3.7 3.7 3.7 3.7 3.7 6.1 4.9 6 8.9 11.6 14.5 17.7 20.4 20.5 20.5 20.4 20.5 20.7 21.1 21.5 22.3 24.9 29.9 34.5 40.3 41.1 43.6 44.9 46.6 47.3 48 48.8 49.6 49.9 50.4 50.5 51 51.8 44 44 44 44.1 44.1 44.1 44.1 43.4 43.8 41.7 41.2 40.7 33.8 33.8 33.8 36.5 38.1 38.1 38.8 37.8 36.1 34.8 34.1
2.2 2.1 2 1.3 1.5 1.6 1.8 2.2 2.2 2.3 2.5 2.7 2.8 2.9 3 -0.5 -0.5 -0.5 -0.5 -0.5 -0.5 -0.5 5.8 4.8 4.5 4.8 4.8 4.4 4.1 3.7 3.5 3.6 3.6 3.6 3.7 3.7 4.7 5.2 4.7 6.4 8.3 11 14.1 16.1 17.8 17.5 18.1 18.5 18.2 18.1 18.5 18.9 18.9 21.3 25.5 30.2 34.5 38 43.7 45.6 47 48.1 49 49.9 50.3 50.3 50.5 50.9 51.3 45.8 44.4 44.4 44.4 44.7 44.5 44.3 43.3 42.6 40.6 40 39.6 36 33.8 33.8 35.6 36.4 37.7 38.6 38.6 37.1 36.3 35.5
2.3 2.1 2 0.9 1.4 1.6 1.7 1.9 2.1 2.3 2.4 2.6 2.7 2.7 2.7 3.1 -0.5 -0.5 -0.5 -0.5 -0.5 -0.5 -0.5 5.6 4.8 4.9 4.9 4.5 4.2 4 3.6 3.6 3.7 3.7 3.7 3.7 4.4 4.9 4.6 3.9 6.3 8.2 10.5 12.5 14 15.7 15.9 15.6 15.4 18 15.2 15.7 15.9 16.1 18.2 22.4 27.1 31.8 37.5 44 45.6 47.1 49 50.2 50.8 50.8 50.1 50.3 51.1 49.4 44.7 44.6 44.7 45.3 44.9 44.8 44.6 40.5 40.3 40 39.7 41.4 33.8 33.8 33.9 35.5 37.4 38.3 39.2 38.4 37.6 36.8
2.3 2 2 1.9 1.4 1.5 1.7 1.8 2.1 2.2 2.3 2.4 2.4 2.5 2.6 2.7 3.4 -0.5 -0.5 -0.5 -0.5 -0.5 -0.5 -0.5 5.9 5.5 5.1 4.8 4.6 4.4 3.7 3.7 3.7 3.7 3.7 3.7 4.2 4.7 4.3 4.1 4.3 6.4 8.4 10 11 11.7 13.2 12.7 12.6 11.1 10.8 13.3 13.6 13.9 14.2 16.4 19.7 24.7 31.6 38.2 43.5 45.9 48.2 49.8 51.5 51.7 51.1 50.6 48.7 50.9 45.5 44.8 45.3 45.7 45.3 45.3 45.4 42.8 40.4 40.1 39.8 39.6 37.2 33.8 33.8 35.6 38 39.4 39.7 39.6 39 38.2
2 2 2 1.9 1.4 1.5 1.6 1.7 1.9 2 2.1 2.2 2.3 2.4 2.5 2.7 2.9 3.6 -0.5 -0.5 -0.5 -0.5 -0.5 -0.5 -0.5 5.3 6.8 5.1 4.9 4.8 3.9 3.7 3.8 3.7 3.7 3.7 4 4.4 4.2 3.9 4.2 4.9 7.1 8.6 8.6 9.2 9.7 10.8 9.9 10.3 11.5 12 12.3 12.4 12.4 12.9 15.5 19.1 25.7 30.3 36 43.6 43 49 50.4 49 53.2 52.9 51.4 49.8 51.3 51 45.5 45.8 45.9 46.1 46 46.8 40.5 40.2 39.9 39.9 40.9 40 36.3 37.2 38.9 40.2 40.1 40.1 39.9 39.6
2 1.9 1.9 1.9 1.3 1.5 1.6 1.8 2 1.9 2 2.1 2.2 2.3 2.6 2.8 3 3.1 3.7 -0.5 -0.5 -0.5 -0.5 -0.5 -0.5 -0.5 5.4 5.5 5.3 5.1 4.1 3.8 3.8 3.7 3.7 3.7 3.8 4.2 4.1 3.7 3.7 4 5.7 5.5 6.5 7.3 8.1 9.5 9.5 9.8 10.3 10.7 10.8 10.7 10.6 11.1 12.7 14.6 19.1 24.5 30.9 38.5 44 46.9 49.3 52.5 52.3 52.4 58.8 51.3 52.3 51.4 51.7 46.3 46.5 46.5 46.5 47.2 42.5 40.4 39.8 40.4 40.7 40.1 39.8 39.3 39.4 40.3 40.5 40.4 40.2 40
1.9 1.9 1.9 1.9 1.3 1.5 1.6 1.8 2.1 1.8 1.9 2 2.1 2.4 2.7 2.9 3.2 3.3 3.4 3.7 -0.5 -0.5 -0.5 -0.5 -0.5 -0.5 -0.5 5.6 5.7 5.3 4.2 3.9 3.7 3.7 3.7 3.7 3.6 4 3.9 3.3 3.8 3.5 3.8 4.1 4.9 5.8 7 7.7 8 8.6 8.9 9.1 9.1 8.9 9.1 9.6 10.7 12.3 15.7 20.2 26.7 33.3 40.8 46.7 49 50 51.1 51.7 53 52 51.2 52.4 52.3 46.8 46.8 46.6 46.6 46.8 50.7 40.4 39.7 40.8 40.5 39.6 45.9 41.5 46.8 44.5 41.3 38.7 38.2 36.9
1.7 1.4 1.9 1.9 1.3 1.4 1.7 2 2.2 2.4 1.8 2 2.3 2.6 2.8 3.1 3.3 3.4 3.4 3.4 3.7 -0.5 -0.5 -0.5 -0.5 -0.5 -0.5 -0.5 5.7 5.3 4.2 3.8 4 3.9 3.8 3.5 3.6 4.8 3.9 3.5 3.3 3.2 3.2 3.3 3.9 4.4 5.6 5.9 6.3 6.8 6.9 7.1 7.2 7 7.6 8.2 9.2 10.7 13.4 17.4 23.3 30.5 38.9 45.5 48.5 49.3 50.2 51.1 52 52.9 51.9 52.1 52 46.9 46.8 46.6 46.9 47.2 50.8 51.5 50.1 48.6 48.9 49.8 49.3 44.2 47.3 47.3 47.4 47 42.8 39.1
1.9 1.8 1.5 1.4 1.4 1.6 2 2.2 2.3 2.4 1.8 2.2 2.5 2.7 3 3.3 3.4 3.5 3.4 3.4 3.4 3.6 -0.5 -0.5 -0.5 -0.5 -0.5 -0.5 -0.5 5.3 4.1 4.1 4 4 4 4 4.1 4 3.4 3.2 3.1 3.1 3.1 3 2.9 2.4 3.9 4 4.5 4.8 5.5 5.6 5.3 5.3 5.7 7 8.2 9.8 12.7 16.6 22.3 29.4 37.8 43.3 47.7 49.2 50 50.8 51.6 52.2 52.1 53.7 51.3 48.5 46.9 47 48.6 50.5 51 50.3 50.2 50.4 50.8 50.2 49.8 47 47.8 47.8 47.5 47.3 46.8 45.6
1.7 1.3 1.1 1.1 1.4 1.2 2.3 2.3 2.7 2.7 2.5 2.2 2.6 2.9 3.2 3.4 3.5 3.5 3.5 3.5 3.4 3.4 3.6 4 -0.5 -0.5 -0.5 -0.5 -0.5 -0.5 4.1 4.2 3.9 3.7 3.7 3.8 3.9 3.6 3.1 2.9 2.9 2.8 2.8 2.8 2.7 2.6 2.6 2.9 2.9 3.6 4.3 3.6 3.6 5 4.6 5.8 7.1 8.9 11 13.4 16.4 26.7 33.9 41.7 46.4 48.6 49.6 50.4 51 51.3 51.9 52 51.5 51 50.2 51.4 50.8 51.2 51.6 51.9 50.4 50.5 50.6 50 49.8 48.3 48.2 48 47.8 47.6 47.4 47.5
1.7 1.4 1 1.4 1.8 1.9 1.9 2 2 2.4 2.2 2.4 2.6 3.1 3.4 3.6 3.7 3.6 3.6 3.6 3.7 3.8 3.8 4 4.3 -0.5 -0.5 -0.5 -0.5 -0.5 5.5 4.1 3.7 3.5 3.5 3.6 3.8 3.4 2.9 2.8 2.7 2.6 2.6 2.5 2.5 2.4 2.6 2.8 3 2.8 2.9 3 3.3 3.7 3.9 4.8 6.3 7.7 9.6 11.5 15 24.7 31.3 38.6 45.7 47.9 49.1 49.4 49.8 50.2 50.8 51.8 51.2 51.1 51.9 52.3 51.8 51.7 52.1 52.1 51.8 51.4 51.9 52.4 52.8 50 47.7 47.7 47.7 47.6 47.6 48.2
1.8 1.4 1.1 1.9 2.2 2.2 2.2 2.1 2.1 2.3 2.2 2.5 2.6 2.9 3.4 3.8 3.7 3.7 3.8 3.9 4 4.1 4.3 4.5 4.5 4.3 -0.5 -0.5 -0.5 -0.5 -0.5 4.2 3.7 3.3 3.4 3.5 3.6 3.2 2.8 2.6 2.5 2.4 2.4 2.3 2.3 2.2 2.5 2.6 2.8 2.6 2.4 2.8 3 3.3 3.3 4.2 5.5 6.6 8.8 10.2 13.5 21.6 28.5 35.2 41.8 47.2 48.9 48.8 49 49.3 49.8 50.7 50.5 50.7 50.7 52.8 52.5 52.4 52.4 52.3 52.1 52 52.1 52.6 52.7 52.3 48.8 48 47.6 47.3 47.1 48
1.8 1.6 1.6 1.7 1.8 2 1.7 1.7 1.8 2 2.4 2.4 2.5 2.8 3.2 3.7 3.9 3.9 4 4.1 4.3 4.4 4.5 4.6 4.6 4.5 4.2 -0.5 -0.5 -0.5 -0.5 -0.5 3.7 3.4 3.3 3.4 3.3 3 2.6 2.5 2.3 2.2 2.2 2.1 2.1 2 2.1 1.6 1.2 1.6 1.9 2.6 2.7 2.8 2.8 4 5.1 6.4 8.6 10.6 12.5 17.5 26.8 34.5 40 46.7 48.4 48.8 48.8 48.7 48.1 49 49.3 50.6 51.6 53 53.2 52.9 52.8 52.7 52.5 52.4 52.3 52.5 52.7 53.1 51.2 49 48.5 47.9 47.7 47.3
1.2 1.4 1.7 1.8 1.9 2.1 2.2 1.8 1.9 2.1 2.5 2.3 2.4 2.7 2.9 3.7 3.9 4 4.1 4.2 4.3 4.4 4.5 4.6 4.5 4.4 4.4 -0.5 -0.5 -0.5 -0.5 -0.5 3.5 1.7 3.3 3.1 3 2.8 2.5 2.3 2.2 2 2 1.9 1.8 1.8 1.8 1.7 1.8 2 2 2 2.4 2.7 5.3 3.3 4.5 5.8 7.8 10 12.9 17.1 24.4 31.6 39.1 45.3 48 48.9 48.9 48.9 48.1 48.2 48.8 49.7 50.8 53.4 53.2 53 52.9 52.9 52.8 52.9 53.2 52.6 52.8 53.3 52.6 49.6 49.3 49.2 49.6 49.3
1.6 1.6 1.8 1.9 2 2.2 2.3 1.9 2.1 2.3 2.5 2.7 3 3.4 3.7 3.8 3.8 3.9 4 4.1 4.2 4.3 4.4 4.6 4.5 4.4 4.3 4.2 -0.5 -0.5 -0.5 -0.5 4.2 3.7 3.1 2.9 2.7 2.6 2.3 2.2 2 1.9 1.8 1.7 1.7 1.6 1.6 1.6 1.8 2 2.1 2.1 2.1 2.2 3.3 3.1 3.8 5 6.6 9 11.5 17 23.3 28.7 39 43.4 47 48.9 48.8 48.7 48.2 48.1 48.3 49.3 50.6 53.1 53.1 53.4 53.3 53.3 53.6 53.9 54.2 52.6 54.7 54.8 54.9 53.7 54 54 53.5 52.2
1.9 1.1 1.9 2 2.2 2.3 2.5 2.5 2.1 2.3 2.4 2.7 3.1 3.4 3.7 3.8 3.8 3.8 3.9 4 4.1 4.2 4.4 4.5 4.5 4.4 4.3 4.2 -0.5 -0.5 -0.5 -0.5 -0.5 3.5 2.9 2.7 2.5 2.4 2.2 2.1 1.9 1.7 1.6 1.5 1.5 1.5 1.5 1.7 1.9 2.1 2.2 2.2 2.2 2.1 2.1 2.3 2.7 4.1 6.1 8.3 10.9 17.1 21.3 27.1 35.8 43.3 46.6 48.3 48.7 48.2 47.7 47.7 48.1 48.9 52.9 52.9 53.2 53.6 53.9 54.1 54.3 54.4 54.5 54.8 55.1 55.1 55.4 53.8 54.7 54.5 53.6 52.7
2.2 2 2.1 2.2 2.4 2.5 2.5 2.6 2.1 2.2 2.4 2.7 3.1 3.4 3.7 3.8 3.8 3.8 3.9 3.9 4.1 4.2 4.4 4.5 4.5 4.4 4.3 4.2 4.2 -0.5 -0.5 -0.5 -0.5 3.2 2.7 2.6 2.5 2.4 2.3 2.1 1.9 1.7 1.5 1.4 1.3 1.3 1.4 1.7 1.9 2.1 2.3 2.3 2.2 2.2 2.1 2.2 2.2 3.8 6 7.6 10.3 13.7 18.9 24.2 32.8 43.9 44.4 47.7 48.4 48 47.3 46 47.5 50.4 52.4 52.3 52.5 52.7 54.2 54.3 54.3 54.4 54.5 55 55.4 55.5 55.9 55.9 55.4 54.6 53.7 53
2.3 2.2 2.1 2.5 2.5 2.5 2.6 2.7 2.7 2.1 2.4 2.8 3.1 3.4 3.7 3.9 3.9 3.8 3.8 3.9 4 4.2 4.3 4.5 4.4 4.4 4.3 4.2 4 -0.5 -0.5 -0.5 -0.5 3.1 2.7 2.6 2.5 2.4 2.3 2.1 1.9 1.7 1.6 1.5 1.4 1.3 1 1.5 2 2.2 2.4 2.3 2.3 2.2 2.1 2.2 2.7 4 5.5 7.1 9.6 13.5 18.2 23.6 31.3 41.1 44.3 46.7 48.2 47.9 46.4 45.9 48 52.4 51.8 51.6 52.4 53.3 54 54.2 54.3 54.4 54.7 55.2 55.7 55.9 56.1 56.3 56.8 54.8 54.2 53.5
