data/480000-490000.asc
ncols 200
nrows 200
xllcorner 480000
yllcorner 490000
cellsize 50
[rows 70 to 104 of 200, columns 78 to 155 of 200]
159.9 176.3 208.3 233.4 234.5 235.5 236.4 237.4 238.4 238.9 239.6 240 240.5 240.6 240.7 240.8 240.9 241.7 241.4 241 241.1 240.8 239.6 237.9 235.5 232.5 229.1 226.4 224 224 225.1 227.7 230.9 233.6 236.1 239 242 244.9 248.9 253.1 258 260.6 260.4 259.7 258.7 258.4 258.6 258.9 259.1 259.7 259.7 258.8 257.9 257.1 256.2 254.6 252.7 251.1 250.6 250.1 249 247.5 246.8 246.2 245.2 242 236.1 242.2 246.4 248.3 249.7 250.6 251.3 252.2 253 253.8 254.6 255.6
157.2 175 205.4 232.9 234.2 235.4 236.6 237.6 238.6 239.3 240 240.6 240.7 240.8 241 241.1 241.4 242.2 243 242.8 243 243.2 241.9 240.2 238.4 234.7 231.6 228.7 227.4 226.8 227.6 229 231.8 234.3 236.8 239.3 242.4 246.6 250.8 255 258.8 259.9 259.2 258.6 258.1 258.3 258.6 258.8 259 259.2 259.9 259.2 258.2 257.2 256.2 254.8 252.9 252.1 251.6 250.6 249.2 247.7 246.2 245.3 244.1 240.4 237.8 243.1 247.5 248.8 249.2 250.4 251.1 251.8 252.6 253.4 254.2 255.2
155.1 169.7 196.8 230.3 232.9 234.2 235.5 236.7 238.1 239.2 239.7 240.2 240.7 241 241.2 241.4 241.9 242.7 243.6 244.6 244.9 245.1 244.1 242.3 240.5 237.2 234.4 232.1 231.1 230.4 231.3 231.8 233.3 235.7 238.1 240.6 243.8 247.7 251.8 255.8 258.6 259 258.3 257.8 258 258.2 258.5 258.7 258.9 259.2 259.6 259.6 258.7 257.6 256.4 255 253.5 252.9 251.9 250.8 249.3 247.8 246.3 244.8 243.1 240.3 239.5 244 248 250 249 250.1 250.9 251.6 252.3 253 253.9 254.8
153 163.4 187 223.9 230.8 231.8 233.1 235 236.7 238.1 239.2 239.7 239.5 240 240.4 240.9 242.7 243.7 244.6 246.1 246.4 245.9 245.2 244.3 242.4 240.6 238.4 236.4 235 234.2 234.6 234.6 235.5 237.7 240 242.4 245.5 249.2 252.8 255.9 258.1 257.9 257 256.5 256.8 257.2 257.6 258 258.4 258.8 259.2 259.2 258.8 257.7 256.5 255.1 254.3 253.2 252.2 250.9 249.4 247.9 246.3 244.5 242.5 240.3 242.3 245.1 248.9 249.9 249.9 249.8 250.8 251.5 252.2 252.9 253.6 254.4
147.5 159.2 180.2 206.3 218.5 229 231.6 233.8 235.5 236.9 238 238.5 238.4 238.8 239.3 240.2 241.9 244.1 245.6 247.3 247.3 246.5 245.7 244.6 242.8 241.4 240.4 239.4 238.2 236.5 236.8 237.1 237.6 239.4 241.4 244.3 247 251 253.1 255.4 256.4 256.6 255.4 255 255.4 255.7 256.1 256.5 257.3 258.1 258.7 258.7 258.7 257.6 256.5 255.6 254.6 253.5 252.5 251 249.6 248.1 246 245 244.6 243.7 245 246.7 248.9 249.7 250.1 249.8 250.6 251.3 252 252.7 253.6 254.8
141.4 151.2 170.6 185.8 193.8 205 214.9 221.4 229.3 235.3 236.5 237 237.2 237.6 238.1 239.6 241.2 243.4 245.2 246.7 247.7 246.9 245.9 244.7 243.1 241.9 240.8 239.2 238.9 237.5 237.8 238.3 239 240.3 242.3 244.3 247.6 250.7 252.5 254.1 254.6 254.6 253.7 253.5 253.9 254.4 255.2 256 256.8 257.6 258.1 258.2 258.2 257.5 256.6 255.7 254.8 253.9 252.7 251.2 249.4 247.6 246.3 245.8 245.4 246 246.3 247.8 248.7 249.5 249.9 250.3 250.4 251.1 251.8 253 253.8 254.5
144.7 141.5 152 165.7 174.3 182.3 183.4 186.4 196.1 211.6 225.4 234.6 236.2 236.3 236.6 238.6 240.4 242.1 243.5 245 246.4 247.2 246.1 244.9 243.4 242.2 240.6 239.1 238.8 238.4 238.7 238.7 238.7 239.5 240.9 242.7 246.2 249.8 251.5 252.3 252.7 252.6 251.9 252.4 253.2 254 254.8 255.6 256.4 257.2 257.5 257.6 257.7 257.5 256.7 255.8 255 254.1 252.5 250.7 248.9 247.6 247.1 246.5 246.3 246.7 247 247.7 248.4 249.3 249.7 250.1 250.4 251 251.9 252.7 253.4 254.2
143.9 140.6 140.1 148.8 152.3 157.8 162.9 165.8 174 183.7 196.1 213 233.9 235 235.2 236.6 238.7 240.1 241.5 242.9 244.3 246.1 245.5 244.5 243.5 242.1 240.5 238.9 238.7 237.2 237 237 236.9 238.3 239.6 241.2 244.5 247.6 249.2 250.7 251 250.5 250.4 251.3 252.3 253.4 254.4 255.2 256 256.8 256.9 257.1 257.3 257.4 256.7 255.9 255.1 254.1 252.6 251.3 250.1 248.3 247.7 247.3 247.4 247.7 248.1 248.7 249.1 249.5 250 250.4 250.7 250.9 251.6 252.3 253.1 253.9
151.8 144.2 141.4 140 140.3 140.8 148.8 152.5 157.1 164.6 174 193 222.3 232.9 233.3 233.8 236 238 239.4 240.8 243.1 244.8 244.4 243.7 242.6 241.5 240.3 238.8 237.6 236 235.2 234.9 235.7 237 237.5 239.5 242.3 244.9 246.3 247.6 249.1 248.7 249.2 250.2 251.2 252.2 253.2 254.2 255.3 256.2 256.5 256.7 257 257.2 256.6 255.8 255.1 254.1 252.9 252 250.9 249 248.4 248.3 248.5 248.7 249.2 249.7 249.9 250.4 250.9 250.7 251 251.3 251.5 252 252.8 253.6
164.6 154.6 147 141.4 142.6 139.6 140.4 142.8 147.2 152.9 161.9 177.3 207.1 230.8 231.2 232 233.4 235.9 237.4 238.9 241.9 243.5 243.1 242.7 241.8 240.6 239.5 238.1 236.3 234.7 233.5 232.9 233.4 233.9 235.4 237.8 240.6 242.6 244 245.5 246.7 247 247.9 249.1 250.1 251.2 252.3 253.4 254.4 255.3 255.7 256.4 256.6 256.8 256.5 255.7 255.1 254.4 253.6 252.7 251.8 249.3 248.8 249.4 249.5 249.7 250.2 250.4 250.8 251.1 251.1 250.8 251 251.4 251.8 252.1 252.5 253.3
180.8 166.5 159 153.5 147.3 141.6 139.9 139.2 140.4 145.7 153.2 166.5 189.1 220.4 229.2 230.3 231.2 233.3 235.3 237.8 240.8 242.3 241.9 241.8 241.1 240 238.9 237.1 235 233.3 232.1 231.3 230.2 231.7 233.5 236 238.6 241.1 242 243.5 244.2 245 246.3 247.9 249.3 250.4 251.5 252.6 253.6 254.3 254.7 255.2 256 256.5 256.4 255.7 255.1 254.3 254.3 253.2 252.3 250.4 249.2 249.8 250.4 250.7 251 251.2 251.4 251.4 251.3 250.9 251 251.4 251.8 252.3 252.7 253
212.2 193.2 180.6 173.1 167 160 151.1 142.2 140 140.6 147.3 159.6 177.9 210.3 227.4 228.4 229.4 231.1 233.6 236.6 239.7 241 241.2 241.4 240.5 239.4 238.2 236.1 234 232 230.7 229.7 229.6 230.9 232.6 234.3 236.7 239.3 240.2 241.4 242.1 243.3 244.9 246.5 248.1 249.6 250.7 251.8 252.8 253.3 253.8 254.2 254.7 255.4 256.3 255.7 255 254.2 254.3 253.9 252.9 250.9 250.2 250.4 250.9 251.3 251.6 251.7 251.6 251.6 251.4 251 251 251.4 251.9 252.3 252.7 253.1
228.2 222.4 215.5 208.4 199.5 185.9 172.9 155.5 140.4 140 142.1 154.6 173.3 203.1 225.6 226.6 227.6 230 232.5 235.6 238.6 240.5 240.9 240.9 239.9 238.8 237.2 235.1 233 230.9 229.3 229.2 229.1 230.2 231.7 233.2 235.2 237.4 238.8 239.3 240.2 241.8 243.4 245 246.6 248.2 249.8 251 251.8 252.3 252.8 253.3 253.8 254.3 255.3 255.7 254.9 254.1 254 254.4 253.4 252.3 251.5 250.7 251.1 251.6 252 251.9 251.9 251.8 251.5 251.1 251.1 251.5 251.9 252.3 252.7 253.1
229.4 227.8 226.1 222.6 222.2 198.3 173 152.6 139.8 139.4 140.7 154.4 176.3 205.2 223.7 225 226.2 228.9 231.3 234.4 237.5 239.1 240.5 240.3 239.2 238.2 236.2 234.1 232.2 230.2 228.9 228.8 228.7 229.4 230.9 232.4 234 235.9 237 237.5 238.7 240.5 242.1 243.7 245.2 246.8 248.4 250 250.9 251.4 252 252.5 253.1 253.6 254.7 255.1 254.6 254 253.7 254.1 254.2 253 251.9 251.3 251.3 251.8 252.2 252.2 252.1 252 251.6 251.2 251.1 251.5 251.9 252.3 252.7 253.3
229.9 228.3 227.3 223.8 214.2 182.6 162.2 146.3 139.8 139.5 140.6 156.5 182.2 211.8 222.3 223.6 224.8 227.5 230.2 233.3 235.6 237.4 238.8 239.3 238.3 237.4 235.5 233.6 231.6 230.1 228.8 228.4 228.2 228.6 230.2 231.7 233.2 234.1 235.1 235.7 237 239 240.8 242.4 244 245.6 247.1 248.7 250 250.8 251.3 251.9 252.4 253 253.8 254.1 253.6 253.4 253.5 253.9 254.4 253.5 252.6 252 251.6 252.1 252.5 252.4 252.4 252.1 251.7 251.3 251.1 251.5 251.9 252.3 252.9 253.5
229.2 227.2 227.3 223.7 210.6 177.4 155.7 144.4 139.4 139.4 145.5 159.5 184.9 217.5 220.9 222 223.4 226 229.1 230.8 232.7 234.5 236.3 238 237.2 236.3 235 233.1 231.3 230 228.8 228 228 228.1 229.6 231.1 232.7 233 233.2 233.8 235.3 237.3 239.3 241.1 242.7 244.3 245.9 247.4 248.8 249.8 250.6 251.2 251.7 252.3 253 253 252.8 252.6 253.2 253.9 254.3 254.3 253.1 252.4 251.6 252.3 252.8 252.7 252.6 252.2 251.8 251.4 251.1 251.5 252 252.5 253.1 253.7
228.3 226.6 225.6 223.1 206.3 174.4 153.1 143.1 139.6 139.4 148.1 165.2 194 218.6 219.4 220.9 222.9 225.6 227.7 229.4 231.1 232.8 234.6 236.1 236.1 235.2 234.2 232.5 231.2 230 228.9 227.8 227.9 228 229 230.6 232.1 232.5 231.7 231.9 233.6 235.6 237.6 239.7 241.4 243 244.6 246.1 247.7 248.6 249.5 250.5 251.1 251.7 252 252.2 252 252.1 252.9 253.6 254.3 254.3 253.4 252.7 252 252.3 253.1 252.7 252.4 251.9 251.8 251.5 251.1 251.6 252.1 252.7 253.3 254
227.2 226.9 225.4 224.1 202.5 170.4 152.1 142.1 139.4 141.1 152.2 176.4 207.8 217.3 218.8 220.8 222.4 224.2 226.3 227.9 229.6 231.3 233 234.3 235.2 234.2 233.2 232.5 231.4 230.2 229.1 227.7 227.8 227.8 228.4 229.9 231.5 232.1 231.4 230 231.9 233.9 235.9 238 240 241.8 243.3 244.8 246.4 247.5 248.4 249.3 250.3 250.8 251.1 251.3 251.2 251.8 252.5 253 254 254 253 252.4 251.7 251.7 252.2 252.1 252 251.4 251 250.9 250.8 251.7 252.3 252.9 253.5 254.1
225.5 225.6 225.4 223.6 200.2 172 152.8 140.8 139.2 140.3 155 185.2 214.8 216.4 218.2 219.5 221 222.9 224.9 226.4 228.1 229.9 231.2 232.5 233.8 233.3 232.8 232.4 231.6 230.5 229.1 227.5 227.6 227.7 227.9 229.3 230.7 231.8 231.1 229.2 229.9 232 234 236.1 238.2 240.3 241.9 243.4 244.9 246 247 247.9 248.9 249.6 250 250.4 250.7 251.1 251.6 252.3 253.5 253.1 252.5 251.9 251.2 251.5 251.4 251.4 251.3 250.4 249.8 249.7 249.5 250.9 251.5 251.7 252.7 253.7
224 224 224 223.3 198.2 174.3 156.7 139.6 139.2 139.6 158.9 181.5 211.3 215.8 216.6 217.9 219.7 221.6 223.6 225.1 226.7 228.1 229.4 230.7 232.1 232.9 232.6 232.3 231.9 230.7 229.1 227.4 227.5 227.6 227.8 228.6 229.9 231.2 230.9 229.4 228.7 230 232 234.1 236.3 238.6 240.4 241.9 243.2 244.2 245.4 246.5 247.5 248.2 248.7 249.2 249.7 250.2 250.9 251.6 252.2 251.8 251.7 251.3 250.9 250.8 250.5 250.8 250 248.8 248.6 248.5 248.3 249.2 249.4 251.2 252.5 253.4
222.5 222.4 223.1 222.1 200.2 177.3 158.7 141.2 139.3 138.7 152.2 176.9 205.3 214.4 215.2 216.5 218.4 220.4 222.3 223.9 225 226.6 228.1 229.6 231.2 232.2 232.1 231.9 231.7 230.7 229.1 227.4 227.1 227.3 227.5 227.9 229.2 230.4 230.3 229 228.4 229.2 230.1 232.3 234.6 236.8 238.9 240.4 241.6 242.6 243.6 244.8 245.9 246.9 248.1 249.2 249.6 251.1 251.8 251.9 251.5 250.5 250.4 250.4 250.3 249.9 249.7 249.9 248.3 247.2 247.5 247.3 247.1 247.1 248.4 250.9 252.1 253.2
220.1 222.3 222.9 222.4 211.4 182.8 160.3 144.4 138.9 138.7 146.2 171.3 199.9 213.3 214.2 215.5 217.5 219.5 221.2 222.8 224.7 225.9 227.1 228.7 230.2 231.6 231.4 231.2 231.6 230.6 228.9 227.2 226.1 226.3 226.5 226.8 228.3 229.7 229.4 228.2 227.6 228.1 229 230.8 232.9 235.1 237.4 238.8 239.9 240.9 241.9 243 244.2 246.4 248.1 248.9 251 252.8 252.9 252 250.1 249.2 249.1 248.9 249 249 248.6 247.2 246 245.6 246.5 246.2 246.1 246.8 248.3 250.5 251.1 252.2
206 220.1 221.7 222.2 219.8 190.4 165.5 148.4 138.7 138.8 140.4 163.2 185.7 212.1 213.5 214.6 216.6 218.1 220.6 222.2 224.3 225.9 227.1 228.3 229.5 230.8 231.1 231.4 231.7 230.4 228.7 227 225.2 225.3 225.6 225.9 227 227.8 227.2 226.6 226.4 226.7 228 229.8 231.6 233.4 235.7 237.2 238.2 239.2 240.2 241.3 243 245.9 248.9 250.2 252 253.9 254 253.1 250 247.8 247.6 247.5 247.5 247.6 247.7 246.5 244.7 244.6 245.4 245.2 244.9 245.4 246.6 248.7 251.1 251.3
178.4 191.4 196.4 210.1 218 196.5 172.5 153.8 139.6 138.2 139.8 151.1 169.2 195.3 211.7 213.6 215.1 217.3 220 221.7 223.8 225.6 227.1 228.3 229.5 230.6 231.2 231.5 231.8 230.2 228.6 226 224.5 224 224.3 224.5 225.3 225.4 225.1 225.3 225.3 225.3 226.9 228.7 230.5 232.3 234.1 235.6 236.5 237.5 238.5 239.6 242.5 245.5 248.4 251.3 253 254.7 254.3 252.7 249.1 246.3 246 246 246.1 246.1 246.2 245.1 243.4 243.7 244 243.9 243.6 244.5 245.5 247.8 250.3 250.1
167.2 165.7 168.2 177.9 188 194.4 180.4 158 140.7 137.9 139.9 143.9 155.1 169.2 185.6 207.9 213.9 216.7 219.2 221.2 223.3 225.3 226.9 228.3 229.3 230.7 231.1 231.6 231.7 230.1 227.8 224.9 223.2 222.6 222.9 223.1 223.6 223.4 224.2 224.6 224.7 224.7 225.8 227.6 229.4 231.1 232.6 233.3 234.6 235.9 237.3 239.6 242.3 245.2 248.1 251.6 254.1 255.1 254.4 252.4 247.6 244.2 244.3 244.3 244.4 244.5 244.3 243.3 241.6 241.8 242 242.1 242.6 243.5 244.6 246.7 248.5 248.4
164.1 154.1 156.1 157.3 159.5 167.9 176.9 161.9 142.1 138 138.8 140.7 144.7 153.3 164.7 182.5 211.3 215.7 218.4 220.6 222.7 224.9 226.6 228.2 229.3 230.6 231 231.3 230.5 229.1 226.6 223.8 222 221.2 221.5 221.6 221.7 222.5 223.3 223.9 224 224.2 225 226.4 228.1 229.6 230.5 230.9 232 233.6 236.5 239.5 242.1 245.3 248.9 252.1 254.2 254.6 253.4 252.1 247 242.9 242.6 242.6 242.5 242.6 242.4 240.9 239.7 240.1 240.2 240.1 240.4 241.7 243 245.2 247.1 247.1
153.7 148 143.3 146.3 146 146.5 151.6 153.9 137.9 137.8 139 139.9 142.6 146.3 154.1 172 200.3 214.6 217.6 219.7 221.7 223.8 226 227.6 229.8 230.5 230.7 230.3 229.2 227 224.7 222.1 220.5 220.2 220.3 220.6 221 221.7 222.4 223.2 223.3 223.8 224.4 225 226.8 227.7 228.7 229 230.5 232.8 235.7 239.5 243.3 247 250.2 251.8 253.4 253.7 252.9 251.7 246.4 242.1 240.9 240.9 240.8 240.8 240.3 238.7 238.3 238.5 238.4 238.4 238.9 240 241.3 243.6 245.6 244.9
148.5 142.1 138.5 137.8 137.8 137.3 137.5 137 137.8 138.6 139.1 139.3 149 153.6 146.1 164.1 191.9 214.5 216.4 218.4 220.5 222.8 225.1 227.1 228.7 229.4 229 228.4 226.9 224.9 222.6 220.3 219.6 219.2 219.3 219.9 220.4 220.9 221.6 222.1 222.5 223.5 224.1 224.7 226.2 226.5 227.1 228.4 229.6 231.7 235.5 239.7 243.8 247.6 250.2 251.3 252.5 252.8 252 250.1 245.4 241.3 239.2 239.2 239.3 239.4 239.3 237.8 236.9 237.6 237.7 236.6 238.4 239.1 239.6 242.3 243.3 242.1
142.1 137.5 138.7 138.3 136.3 136.5 137.1 137.3 137.7 137.5 138.3 153.1 169.3 180.4 162.3 158.1 192 214.2 216 217.2 219.5 221.8 224 226.3 227.2 227.3 226.3 225 223.6 221.9 220.2 219 218.4 218 218.4 219.1 219.8 220.3 220.7 221.2 222.4 223.3 223.9 224 225.5 226.7 227.2 227.6 228.9 230.6 234.7 239.2 244.2 247.1 250.3 251.3 252 251.7 250.3 249.1 243.8 239.3 237.9 237.8 237.9 238.1 238.2 236.8 236.7 236.2 236.1 235.5 236.3 237.5 238.6 240.3 241.4 239.9
137 141.4 144 141.9 137.8 136.1 136.6 136.9 137.6 140.7 156.8 169.6 196.1 211.7 171.8 160.4 200.4 213.4 213.6 215.1 217.8 220.1 222.4 224.6 225.2 224.8 223.7 222.6 221.4 220.2 218.9 218 217.1 216.7 219.3 221.3 221.6 222 222.8 224.4 225 226.4 227.4 228.8 227.7 227.9 228.1 228.3 229.5 231.3 235 239.6 244 247.6 250.1 251.1 251.1 251 250.9 249.5 244.2 238.1 236.5 236.5 236.6 236.4 235.9 235.6 235.1 234.6 234.2 234.3 235.3 236.4 237.4 238.1 238.6 239.7
148 151.2 152.1 151 149 145.8 142.3 142.1 149.4 158.6 171.7 192.8 211.3 210.8 175.9 167.2 208.2 212.4 211.3 212.8 216 218.4 220.6 222.7 222.7 222.5 221.6 220.5 219.4 218.5 217.5 217.1 216.2 219.4 222 224.7 225.4 224.4 226.5 229.3 232.6 234.1 234.8 234.8 233.4 232.1 232.4 233.1 234.1 234.8 239.5 243.1 244.9 248.5 250 251 248.6 249.3 250.2 248.3 244 238 235.1 235 235.2 235.3 235.5 234.3 233.7 233.2 232.9 233.3 234.3 235.4 236.3 236.9 237.3 238
157.2 160.8 163.8 166.9 167.9 171.5 170.1 169.2 173.7 184 197.1 210.6 210.8 209.6 180.7 178.2 208.1 210.6 210 212.1 214.8 217 219.1 220.3 220.2 220 219.2 218.3 217.3 216.5 216.1 216.3 218.6 221.6 224.6 227.3 229.2 230.3 234.5 244.5 251.9 254 253.4 252.1 248.4 245.8 242.7 241.2 240.6 241.9 245.1 249.3 251.3 254.6 253.5 248.4 247.1 249 249 247.2 243.6 238.6 235.1 234.5 234.7 234.8 235 233.6 232.3 231.8 231.1 230.7 232.3 234.1 234.9 235 234.3 233.9
163.9 167.5 186.2 210.9 205.5 202.8 199.2 199.2 202.8 209.6 209.1 209.4 209.5 208.5 181.1 194.1 207.2 208.3 208.9 211.2 213.5 215.8 217.6 218 217.7 217.5 216.8 216 215.2 214.4 214.9 217.6 220.4 223.2 226.6 229.9 232.1 237.1 252.4 270.8 277.3 277.9 277.9 277.3 275.7 274.5 272 269.1 268.6 269.4 270.8 274.5 279.3 269.6 252.1 246.7 244.9 245.3 246.2 245.3 244.3 239.8 234.6 233.6 234.1 234.3 234.2 232.3 230.9 231 230.2 231 232.1 233 233.3 232.4 231.7 231
169.6 190.6 212.7 213.9 214.9 215 214.2 212 211.2 210.1 209.2 208.9 207.9 207 173.2 203.9 204.7 206.6 207.5 209.9 212.2 214.5 215.4 215.5 215.5 215 214.6 212.5 214.8 215.3 215.9 218.3 221.5 224.8 228.2 231.6 236.8 247.1 270.6 282 283.9 284.2 284 285 285.6 285.8 285.7 284.6 285.9 288.5 291.3 293.5 285.2 259.7 245.6 242.9 243.5 243.4 243.5 243.2 243.5 240.5 234.6 231.5 232.5 233 232.3 230.5 229.5 229.5 228.8 228.8 229.7 230.6 231 230.2 229.2 228.4
183.8 211.9 213.7 215.3 216.3 217.2 215.3 213.1 211.6 210.7 209.8 208.9 207.3 205.7 186.3 194.6 203.3 203.9 205.9 208.7 210.8 212.5 213 213.3 213.5 212.8 212.7 213.8 216.7 217.4 218 218.5 221.5 224.3 228.1 232 239.8 255.9 279.1 284.5 285.1 286 286.1 285.8 286.4 287.5 288.7 289.9 291.3 293.9 295.4 294.1 274.7 251.4 242.2 239.2 240.2 240.9 241.5 242.2 242.7 241.2 235.4 229.3 230.5 231.7 230.9 229.9 228.9 228 227.1 226.4 227.2 227.9 228.3 228.2 227.2 226.2
