data/490000-500000.asc
ncols 200
nrows 200
xllcorner 490000
yllcorner 500000
cellsize 50
[rows 74 to 110 of 200, columns 0 to 81 of 200]
158.8 157.2 154.7 151 147.3 143.7 140.1 136 132.9 133.8 132.3 131.4 131.5 131 131.5 132.1 131.7 131.8 132.1 130.8 127.5 123.5 112.3 121.2 123.7 123.9 124 109.5 118.7 123.5 127.9 132.4 136.4 138.7 139.9 141.3 141.9 142.4 145.5 148.4 150.6 152.4 150.8 147.5 149.7 149.5 150.4 149.6 147.3 148 152.5 156.5 159.3 162.6 164.9 164.9 165.1 164.8 162.1 162.8 163.7 164.1 164.3 164.6 166.2 168 169.8 171.1 171 170.4 169.8 170.1 170.3 170.8 171.3 171.2 171 170.9 170.2 168.8 168.1 167.3
160.2 158.3 155.1 151.2 147.5 143.7 140 133.8 136.1 135.4 135.2 134.5 133.9 131.6 132.1 133.5 129.9 131.4 131.5 129.2 122.9 115.5 112.8 119.6 124.7 125 125.2 118.2 118.8 125 129.1 133.3 137.4 141.5 143 144.4 145.3 146 147.4 150.9 153.6 155 154.4 150.5 153.9 155.1 156.2 156.6 154.5 152.7 153.6 157 160.3 164 167.6 168.2 168.6 167.3 164.6 167 167.1 167.1 167.3 167.6 168.5 170.2 171.9 172.9 172.6 172.4 172.5 172.8 173.3 174.2 175.1 175 174.8 173.9 171.8 167.9 167.5 167.4
161.4 158.9 156.1 152.2 147.9 143.9 139.5 136.1 137.8 137.5 137.6 136.9 134.9 132.5 130.7 126.7 132.4 131.8 123.6 120.5 121.5 123.7 118.7 114.2 125.1 125.7 125.7 119.9 119.1 125.3 129.6 133.9 138 142.3 145 146.3 148.7 149.9 150.5 152.7 155.3 157.3 157.3 155 157 159.9 161.5 161.4 159.5 156.9 156.6 158.6 162.5 166.3 169.9 168.9 169.7 167.1 170.2 170.5 170.1 170 170.2 170.5 170.4 172.1 173.4 174.8 175 175.1 175.2 175.6 177.3 178.3 178.6 178.7 177.7 175.6 172.3 167.5 164.7 164.5
161.9 159.3 157 153.4 149.1 144.2 138.7 139.5 139.7 140 139.9 137.2 133.3 130.3 127.3 128.7 137.2 138.1 136.3 134 132 128.2 123.4 118 120.4 126 126.5 120.5 120.9 125.9 130.4 134.5 138.5 142.8 144.4 147.8 151.3 152.7 154.5 155.4 157.6 159.6 161 159.8 160.9 164.4 164.9 163.8 162.5 161.4 161.4 161.9 164.7 168.4 172 171.1 170.2 170.2 173.3 173.4 173.1 173.1 173.2 172.6 172.3 173.7 175.1 176.5 177.7 177.8 177.9 179.6 181.2 182.3 182.5 181.2 178.7 176.3 172.8 166.9 160.5 159.8
163.1 159.8 157.5 153.2 147.8 141.4 141.7 142.3 142.2 142.1 140.7 137.4 129.8 127.2 127.7 135.2 138.7 140.7 139 136.8 134.1 130.7 126 121 120.5 127.2 127.4 121.5 120.3 125.4 130.8 134.7 139.1 142.9 146.7 150.5 153.9 155.4 157.5 159.3 161.4 163.4 164.5 164.4 163.5 166.3 168 168.2 167.1 165.9 165 165.3 167.2 170.4 174.1 172.7 172 172.6 175.4 175.9 176.3 176.5 175.9 175.3 175.3 175.9 177.4 178.7 179.8 180.4 180.5 183 185.5 185.9 185.5 183.6 180.1 176.4 172.1 165.7 158.8 154.3
162.8 158.6 155.5 151.5 144.7 144.3 145.4 144.9 144.6 143.7 141.2 135 133.3 132.7 132 137 140.5 142.3 141.2 138.9 136 133.1 128.6 121.5 125.5 128.6 128.9 123.6 119.1 125.8 131.3 134.6 137 142.9 149.4 153.2 156.5 158.5 160.5 163.1 165.1 167.2 168.5 168.5 167.4 169.3 170.6 171.1 171.5 170.4 169.4 168.1 169.4 172.3 176.3 175.9 175.3 175.4 177.5 179.3 180.2 180.3 179.1 178 178.3 178.7 179.5 180.8 181.8 182.8 183.1 185.8 188.8 188.8 185.6 183 181.7 175.3 169.5 163.3 156.7 149.2
161.1 157.5 153.8 146.4 148 148.8 148.6 147.1 146.3 144.5 139.9 133.6 137.5 136.1 132.5 139.1 142.4 144.2 143.3 141 138.1 135.2 130.1 124 123.2 130.2 130.5 123.7 125.6 129.7 132.7 136.2 139.3 142.2 149 155.2 158.6 160.9 164 166.8 168.9 170.6 172.2 172.4 171 172.1 173.1 173.6 174.2 174.8 173.4 170.6 171.1 174.1 178.5 178.9 178.7 179.3 181.1 182.7 184 183.6 182.3 181 181.3 181.8 181.7 182.8 183.8 184.8 185.6 186.9 187.1 186.3 182.5 179.5 179.2 173.6 165.7 159.8 154.3 146.3
157.7 153.5 150 151.6 152.1 152.4 151.2 149.5 147.9 143.9 135.7 142.2 141.6 138.7 139.7 141.3 144.9 146.6 146.2 143.7 140.4 137.1 133.8 127.5 126.8 132.5 131.8 126 126.2 131.3 134.1 137.5 141.8 145.5 149.5 154.6 159 163 166.2 169.7 171.8 173.4 175.1 175.3 174.9 175.5 176.8 178.2 179 178.4 176.5 173.4 172.8 175.2 178.8 180.4 182 183.2 184.5 186.1 186.4 186.4 185.3 184 184 184.2 183.9 183.3 184.4 185.6 187 186.2 183.5 179.9 176.2 174 174.5 167.9 161.1 156.2 151.8 145.5
160.4 157.5 155 156 155.8 155.1 153.8 152.1 149.5 137.9 148.4 147 144 140.6 141.6 145.3 147.6 148.9 148.9 146.4 143.4 140 136.1 130.5 128.1 134.6 135 124.2 131.5 132.5 135.5 138.9 143.1 148.1 153 157.1 160.7 164.5 167.1 170.4 172.7 174.4 177.2 178.5 178 178.7 179.9 181.1 182.1 181.1 178.5 174.7 176.3 178.7 180.7 179.4 182.5 185.3 186.7 187.9 188.5 188 187.8 187 186.7 186.2 185.5 184.4 183.3 184.1 186.6 183.9 179.2 174 169.9 166.1 164.2 158.9 153.9 150.3 146.9 142.9
161 158.9 159.6 159 157.6 157.3 155.3 154.8 141.7 148 150.1 149.9 148 142.9 145.8 148.8 150.4 151.4 151.5 149.9 146.3 142.6 138.8 133.5 124.5 136.5 136.1 124.4 132.3 135.3 136.5 140.5 145.5 150.5 155.5 160.6 164.6 167 169.1 171 173.6 176.7 179.8 181 180.7 181 182.3 183.7 184.6 183.8 181.8 180.7 181.4 182 182.8 183.5 182.4 186.5 188.1 189.5 191 190.5 190 189.5 188.9 187.4 185.8 183.6 181.2 181.5 179.9 176.9 172.7 168.2 164.1 160 155.5 151.6 147 143.3 139.5 135.8
163.5 161.4 160.9 160.7 156.1 156.6 156.9 142.5 149.4 153.3 152.9 152.5 151.5 144.4 148.3 151.7 153.5 154.2 154 151.9 148.4 145 141.6 136.7 127.8 137.6 136.3 124.8 137.5 138.2 139.2 143.4 147.9 152.9 158 163.1 167.7 170.3 171.9 174.1 176.7 179.2 182.3 183.7 183.3 183.2 184.5 186 187.5 187.3 187.6 186.7 185.8 185.4 185.1 184.4 183.7 187.5 189.6 191.1 192.6 193.1 192.6 192.1 190.2 187.9 185.8 182.7 179.6 176.7 174.2 171.5 167.4 162.2 158.1 154 150.3 143.5 140 136.3 132.2 128.3
166.1 164.2 162.8 160.5 156.8 157.4 152.8 146 156 157.1 156.3 154.9 152.4 150.8 152.6 154.4 156.6 156.6 156.1 153.8 150.5 147.2 143.9 139.5 132.4 132.3 139.3 126.1 140.6 141.1 141 146.2 150.7 155.4 160.6 166 170.7 172.8 175.4 177.8 180.5 183 185.3 186.3 185.9 185.6 187.1 188.5 190 190.9 191.3 189.8 188.7 187.4 186.4 184.1 186.6 189.9 191.6 192.7 194.2 195.6 195.2 194.4 191.8 189.5 185 180.3 177.1 174.3 171.3 167.4 163.1 156.9 152.1 148.3 144.8 139.4 131.6 128.3 124.6 119.9
167.7 164.9 162.6 160.9 159.5 157.9 152.3 156.5 158.2 159.4 158.5 156.8 154.8 154.5 156.5 158.1 159.2 158.4 157.9 156 152.8 149.5 146.1 142.2 137.6 133 141.1 132.8 139.2 142.4 144.8 149.6 154.1 158.1 163.3 168.6 172.9 175.9 178.6 181.5 184.2 186.2 187.2 188.3 188.7 188.5 189.8 191.2 192.5 193.2 194 193 190.9 188.8 187 187.7 190.2 192.1 194.2 195.3 196.1 197.2 197.8 196.3 193.4 190.1 185.2 179.5 174.8 171.4 167.7 163.9 159.5 154.3 147.7 141.8 138.9 136.2 128 120.1 116.3 113.8
166.8 162.4 162.6 161.5 159.3 153.3 160 158.7 161.3 161.5 160.4 159.1 157.8 158.6 160.2 160.9 161.3 160.9 159.7 158 155.1 151.8 148.4 144 142.4 138.2 140.1 140.6 134.2 144.3 146.7 151.3 156 160.8 165.6 170.4 174.2 178 181.4 184.4 186.7 187.8 188.9 189.9 191.3 191.4 192.5 193.6 194.4 195 195.9 195.8 193.4 190.5 191.8 192.4 194.7 195.3 197 198.5 199.4 200 199.7 197.9 194.2 190.7 185.5 180.3 174.8 169.6 165.2 160.8 155.6 149.6 142.5 136 134 129.6 126.2 120.7 113.2 108.6
167 167.6 165.7 163.6 154.6 159.6 159.5 160.3 163.4 163 162.6 161.6 161.7 162.3 163.3 163.5 163.7 163.8 162.5 160.3 157.2 153.9 149.8 144.7 144.3 142.8 135.9 143.6 133.9 147.1 148.1 151.6 156.6 161.4 166.2 170.7 174.6 178.4 181.9 186.4 188.2 189.4 190.2 191.5 193.3 194 194.7 195.5 196.2 196.8 197.5 197.2 195.9 194.9 196.3 197.2 198.1 198.7 199.7 201.2 201.6 201.6 200.6 198.1 194.6 190.6 186.2 181.6 176.3 169.5 163.3 156.6 150.6 143.4 137.6 132.5 125.5 125.9 123.9 120.3 115.1 110.3
172.3 170.2 167.6 164.9 158.1 164 162.9 164.5 164.5 164.4 164.4 163.1 164.6 165.2 165.7 165.9 166.1 166.2 165.6 163.2 160.8 157.6 153.6 149 147 143.2 134.9 145.2 133.4 141.9 150.5 151.9 156.6 161.3 166.2 170.1 173.5 176.9 181.2 185.6 188.6 190.2 191.5 192.9 194.2 195.4 196.2 196.6 197.7 198.6 199.3 198.9 198 198.3 199.6 200.5 201.3 201.9 202.6 202.4 202.3 202 200.4 198.3 194.6 190 185.7 181.6 177 170.4 163.1 154.1 140.3 137.9 131.7 126.1 120.4 121.4 120.8 117.3 112.9 107.9
175.7 173.1 170.8 166.6 162.6 165.9 166.7 167 167 166.7 166.4 165.9 166.4 167.1 167.6 168.1 168.4 168.5 168 166.8 165 161.5 157.3 153.1 150.4 147.9 134.2 147.3 136.7 136.2 148.1 152.9 157 161.2 164.6 168.4 172 175.4 179.8 184.4 187.6 190.3 191.5 193.1 194.6 196.1 196.3 197.3 198.4 199.6 200.4 200.2 200.3 200.4 201.5 202.6 203.7 204.6 204.8 204.5 203.5 202.4 199.5 196.8 194 189.4 185.2 181.1 177.1 171.1 163.2 153.7 142.5 129.6 122.7 120.3 115.2 117 116.2 113.6 109.5 104.6
178.5 176 173.1 167.7 165.5 167.4 169 169.4 169.5 169.2 168.8 168 168.4 169.1 169.5 170 170.4 170.7 169.9 168.8 167.4 165 160.9 156.8 152.7 147.6 139.6 148.8 141.3 145.1 140.6 151.8 156.6 159.8 162.6 166.6 170.3 173.9 178.7 183.6 186.8 190 191.6 193.2 194.7 196.8 196.9 197.7 199 200.3 201.2 201.6 202 202.4 203.5 204.4 205.2 206 206.5 206.9 204.9 202.5 198.9 195.7 193 188.7 184.8 180.7 176.8 171.7 162.9 152.7 141 130.1 116.1 110.2 110 111.3 112.1 109.5 105.8 102
177.6 175 173.1 164.8 167.2 169.5 171.4 171.3 171.9 171.6 170.8 170.2 170.6 171 171.5 172.4 172.8 172.6 171.9 170.8 169.3 166.5 162.7 158.6 154.2 151.3 144.9 148.7 141.3 152.1 149.2 151.3 151.8 155.6 156.4 156.9 167.2 174 178.9 183.8 187.1 189.4 191.6 193.4 195.2 197.5 197.7 198 199.3 201.1 202.2 202.9 203.6 204.3 205.1 205.8 206.6 207.3 208 207.8 205.1 202.5 198.9 195.3 191.9 188 184 180.2 177.4 173 161.5 149.1 136.5 127.5 118.6 113.1 103.2 104.5 106.5 104.5 101.8 100
177.6 174.1 170.3 162.2 165.9 171.3 172.8 172.7 173.6 173.8 172.9 172.4 172.7 173.3 174.5 174.8 174.7 174.5 173.4 171.6 169.9 167.5 164.3 160.3 156.8 155.9 147.4 149.9 151.3 147.5 154 154.3 158 160.9 164.4 167.8 165.1 173.7 179.4 184 187.4 189.6 191.5 193.6 195.9 198.1 198.4 198.5 200.2 202.2 203.1 203.7 204.6 206 206.7 207.5 208.2 209.1 208.5 208 205.8 202.4 198.4 194.2 190.4 186.7 182.7 178.4 174.3 168.2 156.7 145.4 136.4 126.7 118.6 113.2 107.1 94.6 100.7 100.1 98.4 96.6
175.6 165.8 166.7 167.5 168.3 173.5 174.4 174.3 175.3 176.1 174.9 174.4 174.7 175.9 176.8 177 176.8 175.7 174 172.2 170.4 168.4 165.6 161.8 158.8 159 140.3 154.9 157 147.2 154 155.5 158.4 161.2 165 169.2 167.4 174.9 180.2 184.9 187.5 189.8 191.8 194 196.4 198.2 198.5 198.8 200.5 202.8 204 205 206.8 208.1 209.2 210.1 210.6 210.7 208.8 207.2 204.5 200 195.9 192 188.7 184.5 180 173.2 167 159.8 149.3 139.5 132.8 123.9 116.4 112.3 106.6 98.8 93.9 96.8 95 93.4
170.5 170.5 172.9 173.5 174.2 175.4 175.7 175.5 176.4 177.4 177 176.6 177.1 177.9 178.7 179.3 178.4 176.4 174.6 172.9 171.1 169.3 166.6 163.1 160 151.7 149.1 158.7 158.6 158.1 149 158.5 160.9 162.2 165.8 170.4 174.6 170.3 179.7 184.1 187.5 190.1 192.3 194.5 196.7 198 198.4 199.5 201.5 203.9 205.3 207.2 209.1 211 211.9 212 212 211.3 209.3 207.4 202.6 197.6 193.8 189.9 185.3 180.2 175 166.7 158.2 149.8 141.3 134.4 128.1 121.6 114.9 108.9 102.9 97.1 93.8 94.2 92.7 90.8
176.9 177 176.6 176 176.8 176.8 176.8 177.3 177.7 178.6 178.4 178.1 178.3 179.1 179.9 180.1 179 177.1 175.3 173.5 171.5 169.2 165.7 161.1 156.8 145 157.9 158.9 159.5 159.3 152.8 160.8 164.5 165.8 167.4 171.8 175.4 180.1 181.7 180.6 185 189.6 192 194.4 196 197.6 198.6 199.8 202.3 204.7 206.6 208.7 210.7 212.6 213.3 213.4 213.5 211.8 210.3 208.4 203.1 198.7 194.3 189.9 183.6 173.5 169.4 159 149.3 141.1 134.2 128.8 123.6 117.4 110.2 104.5 98.1 87.6 93.5 92.6 90.3 87.8
180.5 180 179.1 178.6 178.5 178.5 178.7 179.1 179.5 179.8 179.7 179.5 179.3 180 180.6 180.4 179.6 176.8 174.5 172.8 171.1 168 164 159.5 155.2 145.6 156.8 158.3 159.8 159.4 157.3 163 167 168.6 170.9 173.7 177.4 181.2 183.6 185.5 184.6 187.8 191 193.4 194.4 196.7 197.9 200.5 203.3 205.6 207.7 209.8 211.7 213.5 214.3 214.8 214.3 213.3 212.3 209.2 204.5 199.6 194.4 189.1 182 167.9 158.8 149 143.2 135.4 128.9 123.8 119.2 113.8 108.1 102.3 95.2 82.4 90.2 90.9 89.1 85.9
183.6 182.7 181.7 181.1 181 181.1 181.6 181.8 182 182.8 182.9 182.7 180.9 181.3 180.8 180 178.1 175.8 173.4 171.6 169.2 166 163.1 159 154.4 148 156.2 158 159.9 156.8 159.5 160.7 166.9 168.6 172.1 175.8 179.3 183.3 185.8 187.3 188.1 189 190.4 191.7 192.4 195.7 198.4 201.3 204.4 206.7 208.6 210.4 212.3 213.8 214.6 215.3 216.5 215.5 214 210.1 204.2 199.1 194 187.8 179.8 166.8 155.3 148.6 132.8 129.5 124.1 118 113.1 108.3 104 96.3 92.2 88.4 83.3 87.2 86 83.3
185.3 184.9 184.2 183.6 184.2 184.8 185.3 185.9 186 186 186 184 182.7 182.3 179.8 177.5 175.7 173.8 171.4 169.7 167.2 164.1 161.4 158.3 156.1 152.6 158 159.9 161.1 157.8 163.5 167.3 166.7 167.7 172.5 177.4 181.4 185.5 188 190.1 190.9 191.8 192.2 192.5 193.3 196.6 199.4 202.2 205.1 207.5 209.1 210.9 212.8 214.1 215 216 217.4 217.8 215.6 211.2 205.4 199.5 193.4 186.3 176.7 165 154.3 143.8 134.4 123.8 117.7 115.3 112.1 108.9 104.3 100.4 96.1 91 79.4 80.3 81.1 79.7
187 187.1 186.3 186.4 186.9 187.6 188.6 190.6 190 189.2 187.6 185.3 182.5 179.9 177.3 174.8 172.9 170.9 168.7 167.2 165.1 162.2 159.7 159.2 150.4 157.2 160.7 162.7 163.1 161.6 166.4 170.4 173.1 173.2 173.5 177.9 182.8 187.6 189.9 191.6 193.3 194.1 194.6 195.2 196.2 198 200.7 203.5 206.5 208.3 209.8 211.5 213.3 214.4 215.4 216.8 218.1 219.5 217.3 212.2 206 199.9 194 186.2 177.6 164.1 153.3 142.5 133.8 123.3 116 110.6 107.9 104.5 101 98.4 94.5 91 87 78.4 67.6 72.3
188.8 189.2 189 189.3 189.7 191.1 192.9 194.2 192.9 189.6 187.6 185.2 181.5 177.9 174.8 172.3 170.1 168 165.3 162.7 159.1 154.9 151.4 152.2 158 161.9 164.6 165.8 166.5 166.4 167.5 173.6 176.9 177.9 178.3 180.1 183.8 188.6 190.6 192.7 194.7 195.9 197 197.8 198.3 199.6 202.2 204.6 207.4 209 210.6 212.2 213.6 214.7 215.8 216.8 218.4 220.1 218.5 213.1 206.3 200 194.3 186.8 178.2 166.4 155.6 146.5 133.3 123.6 115.8 107 101.3 97.9 93.8 95.2 94.4 92.1 88.1 79.7 77.7 73.3
191.6 191.9 191.9 192.1 192.9 194.4 194.6 194.4 192 188.6 185.4 182.5 180.4 177.3 173.6 169.8 167.3 165 158.8 157.1 161.3 160.9 160.6 151.5 161.9 164.9 168.1 170.7 171.2 169.9 170.2 177.1 180.4 181.7 183.2 184.8 186.6 189.8 192.1 194.2 196.2 197.4 198.5 199.6 200.7 201.5 203.8 206.1 208.3 210 211.6 213 214.2 215 216.1 217.1 218.1 219.6 219.4 214.6 208.2 201.1 195.1 189.4 181.3 171.2 160.3 152 141.5 129.3 118.7 111.7 108.2 103.5 99.2 94.9 90.4 91.8 87.6 83 80.8 78.7
195.5 195.7 195.5 195.2 195.8 196.9 196 193.8 189.9 186.5 182.4 179.8 177.6 174.4 170.4 163.3 160.8 157.5 158 164.4 164.7 164.1 163.2 155.5 165.5 168.3 171.2 174.2 177.6 176.8 173.6 179.8 183.2 185.5 187.1 188.6 190.3 191.3 193.4 195.6 197.7 198.9 200 201.1 202.2 203.6 205.2 207.7 209.5 211.2 212.4 213.9 215.3 215.4 216.4 217.4 218.5 219.6 220.1 217.7 211.1 204.6 198.5 192.3 184.5 176 167.2 159.7 148.8 136.1 123.9 120.5 114.9 108.7 103.9 98.8 93.8 87.9 88.3 86.6 84.4 81.3
199.5 199.7 199.1 198.6 199 198.8 196.9 192.8 188.4 184.5 181.3 178.3 174.5 170.8 165.5 164.7 165.6 165.4 164.7 167.9 167.5 167 165.7 158.8 167.3 170.7 174.5 178.5 181.2 181.9 180.2 182.5 185.4 188.3 190.1 191.8 193 193.8 195.1 197 199.2 200.4 201.6 203 204.5 205.9 207.2 208.9 210.8 212.7 214 214.9 216.1 215.9 216.8 217.9 219.1 220.3 221.3 220.4 214.6 208.9 203.2 196.5 187.8 179.9 171.5 163.5 152.4 141.8 135.3 129.6 123.1 117.5 110.2 103.1 98.8 95.9 93.2 90 86.6 83.9
200.8 200.8 200.7 200.7 201.4 200.4 196.1 191.7 187.3 183 180.1 177 174 167.6 170 169.4 169.6 170 170.4 167.3 169.3 168.9 167.1 164.2 168.2 172.8 177.2 181.1 183.8 185.1 183 184.5 187.6 190.5 193 194.2 195.2 196.1 196.9 198.8 201 202.6 204.1 205.5 207 208 209.2 210.3 212.1 214.2 215.6 216.9 217.4 216.5 217.3 218.6 219.9 221.1 222.2 221.1 217.6 213.5 209.2 201.1 191.2 183.5 175.9 167.9 157.7 150.9 144.7 138.1 129.4 122.1 114.5 109.1 104.3 99.9 95.8 92.3 89.3 86.5
201.9 201.9 201.9 202.4 203.5 199.5 195.1 190.8 186.5 182.1 179 176.1 173.9 173.1 174.1 174 174.2 175 174.1 170.3 171.6 171.1 171.1 167.2 172.4 173.7 179.2 183.2 185.4 187.2 187.6 189.1 191.1 193.1 194.9 195.9 196.8 197.8 199.4 201.5 203.5 204.7 206.6 208.3 209.5 209.9 210.9 212.1 213.8 215.7 217.3 218.1 217.6 216.7 216.5 218.6 220.1 221.4 222.2 222.3 220.1 217 213.2 204.2 194.5 187.1 179.9 172.6 165.3 160.2 153.8 144.3 134.9 126.8 119.8 113.8 107.9 103.3 99.2 95.2 91.8 88.7
202.1 202.5 203.2 203.5 202 198 193.9 189.8 185.6 181.3 177.8 173.9 171.6 175.8 176.9 177.8 178.7 179.3 178.9 176.4 175.1 174.5 176 175 175.7 177.5 180.7 184.1 187.1 188.8 189.7 190.5 192.3 194.3 196 197.1 198.6 200.6 202.6 204.5 205.9 206.7 208.5 210.3 211.2 211.7 212.1 213 215 217 217.4 217.3 216.4 215.7 216.1 217.8 219.9 221.6 222.1 222.6 222.4 220 215.4 205.6 197.1 189.5 182.9 177.8 172.4 166.8 161.4 153.9 145.4 135.9 125.6 117.3 111.3 106.7 102.6 97.8 93.3 87.9
202.7 201.9 202.3 201.9 200.2 196.2 192.2 188.1 184 179.9 175.3 176.5 176.8 177.5 179.4 180.7 181.6 182.6 182.6 181.5 180.2 179 180.3 180.8 182.1 181.5 182.1 185.8 188.9 190.3 191.5 192.7 193.7 195.4 197 199 201.1 203 204.8 206.7 208.1 209 209.9 211.1 212 212.7 212.7 214 215.6 216.4 216.6 215.1 214.7 214.3 215.3 217.1 219.2 220.7 221 221.9 223.7 223.1 217.4 207.1 198.1 192.3 187.6 182.7 177.6 173.2 169.2 165.8 153.2 139.9 129.6 122.8 114.2 108.2 103 97.9 92.6 87
203.7 202.1 201.4 200.4 197.9 194.1 190.5 186.5 182.4 179.3 173.7 176.8 177.1 179 180.9 182.8 184.4 185.5 185.8 184.3 183.4 182.7 181.9 183.8 184.1 183.7 185.6 187.8 190.6 191.9 193.1 194.2 195.4 196.7 198.5 200.4 202.5 204.6 206.7 208.8 210 210.3 211.1 212.1 213.2 212.7 212.8 214.1 214.2 214.4 213.5 212.6 211.6 212.4 214 215.4 217.7 218.2 219.8 221.6 223.1 223.8 220 209.8 200.7 195.2 191.2 187 182.8 181.4 178.7 175.9 157.1 142 130.7 122.3 114.9 108.7 103 97.5 90 82.6
204.4 202.7 201.1 198.5 195.2 191.4 187.9 184.3 181.4 179.1 175.1 177.1 177.9 180.3 181.6 183.9 185.6 186.6 187.5 186 185.5 185.4 184.9 186.7 187.1 187.4 188.3 189.7 191.9 193.5 194.6 195.5 196.2 198 199.9 201.8 203.9 206 208.1 210.2 211 211.4 212.2 213 212.3 211.8 211.8 212.3 212.6 211.6 210.6 209.8 209 210.4 212.7 214.4 215 215.7 217.6 219.5 221.5 223.3 221.5 214 204.7 198.4 194.4 190.9 187.7 186.6 184.5 173.4 156.2 143.1 130.3 120 114.5 108.8 102.1 95.1 87.3 79.4
