data/490000-490000.asc
ncols 200
nrows 200
xllcorner 490000
yllcorner 490000
cellsize 50
[rows 105 to 139 of 200, columns 0 to 79 of 200]
208.2 203 200.9 207.4 210.1 209.9 209.3 210.2 208.3 205.9 201.9 191.1 182.3 190.2 193.4 199.2 207.5 214.9 215.8 215.8 214.3 213.6 212.7 211.4 209.9 208.2 207.4 205.9 203.5 201.4 195.1 187.6 182 176.8 172.1 167.8 164.2 160.8 157.6 153.6 149.9 147.3 144.9 140.8 149.1 157.7 165.6 179.2 184.4 184.4 184.8 184.1 191.8 200.4 206.2 213.1 233.1 244 243.4 240.7 230.8 218.1 201 188.2 180.7 168.9 142.6 121.4 103.4 83.6 82.7 96.2 114.4 137.8 168.4 183.3 185.2 189.9 195.1 198.2
208.6 201.9 193.4 200.8 203.7 203.6 204.1 205.4 203.9 202.8 200.2 192.8 177.9 183.5 189.3 194.4 202.8 211.9 216.2 215.3 213.7 212.9 212.2 211.6 210.2 208.9 207.4 205.9 203.5 201.5 197.3 189 182.4 176.1 171 166.5 162.9 160 156.6 153.2 149.4 146.2 143.5 137.7 149.8 155.7 165 178.5 183.6 183.8 183.7 183.4 189.9 198.6 204.2 212.7 228.6 243.6 243.6 242.7 241.6 238 218.1 192 181 169.7 143.3 120.1 100.6 82.7 80.9 92.9 112.6 138.6 168.7 183.1 187.3 199.4 216.5 220.5
207.8 202.1 194.9 189.8 195.8 197.6 198.4 198.1 197.8 197.3 194.3 191.5 178.7 175.8 185.2 190.5 198 207.3 216.2 214.7 213.1 212.3 211.6 210.9 210.2 208.9 207.4 205.7 203.6 201.5 198.6 191.4 184.8 178.1 171 167.2 163.4 160.3 157.2 154.2 150.2 146.4 140.4 135 147.3 154.9 163.7 175.3 181 181.3 182.5 181.9 183.6 193.3 200.7 209 224.3 239.8 243.6 242.7 241.6 237.2 218.2 191.3 180.5 173.1 145.8 121.6 102.9 84.1 77.2 92.4 110.1 133.9 164.4 182 188.4 205.5 225.1 225.1
206.5 201.3 197.8 190.6 182.4 190.6 192.2 192.2 192.1 190.6 189.9 186.8 175.3 173.4 181 186 192.3 201.1 211.8 215.1 212.8 211.6 211 210.1 209.4 208.6 207.5 205.7 203.6 201.6 199.3 193.8 190.3 185.4 177.9 171.5 166.5 162 158.5 155.3 151.1 147.2 144.2 136.4 142.5 152 162.5 172.2 176.5 177.5 178.7 177 178.4 187.9 196.4 204 218.4 235 241.9 241.4 240.2 224.6 199.2 184.5 177.8 174.5 150.2 125.4 106.2 87.8 75.4 90.1 106.3 130.7 162.2 176.2 182.7 197.6 220.8 225.2
202.5 199.2 197.4 193.5 186.3 180 187.5 186.9 186.5 185.2 183.9 182 169.5 171.1 177.3 180.7 185.1 193.8 202.5 207.9 209.1 209.6 210 209.3 208.8 208.3 206.5 205.6 203.6 201.5 200.4 200.3 198.4 193.7 186.9 180.4 172.8 166.1 160.6 156.1 152.1 147.1 144 137 133.6 144.1 156.3 169.3 173.9 174.7 175.7 172.7 172.5 180.1 191.8 200.7 214.2 231.4 240.7 240.3 238.1 215.5 189.4 179.2 173.8 172.6 157.2 130.7 109.4 90 73.8 85.9 101.8 123 146 161.1 166.6 182.3 208 222.9
193.5 194.1 194.7 193.8 186.9 176.4 175.5 180.4 182.1 181.1 179.7 175.6 166.5 168.9 173.8 176.7 179.9 186 193.6 196.4 200.9 203.4 204.4 206.7 208.9 208.3 206.2 204.4 203.2 201.2 200.1 198.9 198.4 196 193.2 190 181.6 174 164.5 157.6 152.8 147.6 143.3 138.7 131.4 137.3 147.9 161.9 171.6 171.2 170.6 167.7 167.5 175.1 186.7 198.2 210.8 228.6 240.3 240.5 235.8 210.6 187.2 175.6 166.9 165.1 162.6 138.3 112.6 90.8 73.6 82.5 95.1 110.8 126.2 135.2 155.4 179.6 202.4 221.7
201.1 194.1 187.4 182.4 180.8 173.7 168.8 173.4 176.8 176.8 175 170.5 162.7 165.9 169.7 172.8 176.1 178.6 183.6 189.5 192.1 193.8 196.8 201 203.2 206.3 207.4 205.1 203 201.1 199.5 198.8 198.3 196.2 195.1 193.1 189.2 180 170.5 161.8 154.1 148.4 144 141.2 132.2 132.8 142.2 149.8 163.7 168.2 166.8 162.1 163.5 170.7 183.8 196.8 208.9 226.9 239 238.9 235.1 207.8 185.7 175.1 165.1 158.6 157.3 147.8 119.6 96 74.9 80.7 89 101.8 112.3 131 157.4 171.4 190.2 215.6
210.3 203.3 195.9 188.5 182.5 175.2 171.7 166.9 164 170.2 169.6 164.1 159 161.9 165.6 169 171.9 174 178 182.7 183.9 186 188.6 190.7 196.4 201.5 204.3 204.1 202.7 201 199.7 198.6 198.1 196.4 195.1 193.4 191.4 185.3 175.4 165.3 156.5 149.6 144.8 141.3 137.4 129.9 134.7 140.4 149.2 161.9 159.2 154 160.6 168 182.1 194.3 208.2 226.3 238.4 238.4 234.8 210.9 190.3 179.6 166.9 157.5 152.6 153.5 130.9 106 84.3 78.5 84.6 95.2 111.2 128.1 144.2 159.3 176.5 202.2
216.2 210 202.8 195.7 188.5 181 175.8 172.8 165.8 158.5 155.3 158 157.5 158.9 162 165.1 167.5 169.7 172.1 176.4 176.9 177 179.8 181.8 186.6 193.1 199.8 202.3 201.3 200.8 199.9 198.8 198 196.6 194.6 192.5 189.9 185.3 178.8 169.8 157.6 152.3 148.4 144.7 139.4 132.6 130.4 134.9 140 145.8 147.1 149.7 159.7 168 180.1 193 209.5 229.5 237.6 237.8 234.5 216.7 195.2 182.4 168.6 158.3 151.8 152.2 141.8 117.6 95.7 71.6 80.7 88 103.5 117.5 129.3 146.8 163.9 187.9
219.5 214.9 209.1 202.5 195.4 187.5 184.4 179 173.4 167.8 160.2 152 150.3 155.7 158.1 162.5 164.3 166 168.3 170.7 172.3 174.4 173.8 175.3 179.7 182.3 189.9 197.8 199.8 199 197.9 197.9 196.8 193.3 190.1 189.9 188.5 184.8 177.7 167.5 158.7 157.4 151 143.9 138.4 134.5 130 131 135.5 139 144 151.6 161.4 171.4 183.7 195.6 215.9 233.3 237.3 237 234 220.4 196.8 184.4 171.4 159.6 152.8 149.9 134 118.4 100 78.9 73.1 84.2 97.5 113.5 131.7 149.9 167.1 193.2
223.7 218.7 213.6 208.2 201.7 195.4 190.1 184.9 179.6 174.5 168.9 161.9 151.6 146.8 151.5 156 159.7 161.3 163.3 165.7 167.8 168.7 169.5 169.6 171.9 175.6 179.6 187.3 195.7 196.6 195 195 194.8 190.9 188.5 186.3 186.8 182.9 175.5 166.8 160.5 154.3 147.8 143.2 137.5 134.2 130.1 127.2 131.4 138.1 147.6 160.3 166.3 176.8 187.7 198.1 217.8 234.5 236.7 235.9 234 224.3 199.5 186.5 176.1 165.5 158.4 151.5 139.5 116.9 99 84.8 72.3 75.8 95.7 117.5 142.5 155.8 169.1 195.6
225.1 221.5 217.1 212.8 208.1 202.3 197 192.1 187 180.3 173.2 168.7 161.7 154.5 144.2 144.7 152.4 156.5 157.8 160.1 162.8 164.7 165 165.3 165.9 168.8 172.9 176.6 182.9 191.3 193.7 191.8 191.3 190.4 187.2 185.5 184.6 179.4 175.4 165.7 158.6 152.2 147.3 142.3 137.2 134.7 130.8 123.3 130.5 138.2 150.5 163.2 167 176.8 181.1 189.8 204.1 226.8 236.3 235.6 234 227.2 204.1 187.3 177.7 168.7 162.1 158.7 148.8 121.8 100.1 86.1 73.9 72.7 93.6 108.6 127 146.5 167.5 197.6
225.4 222.5 219.9 216.1 212 207.2 202.5 197.5 191.9 187.3 182.8 179.1 172.9 166.3 159.8 152 143.6 147.8 151.7 155 158 159.9 160.4 161 161.6 161.7 164.6 168.2 173.6 178.2 184.9 188.9 187.6 188.2 186 184.9 183 178.6 174.5 165.5 158.5 151.8 145.9 140.7 136.3 133.5 130.3 121.5 128.6 136.3 147.1 161.6 163.3 166.3 171.3 180.6 195.7 217.6 234.8 234.5 233.3 225.7 201.6 186.5 177.3 168.7 164.5 163.2 142 115.3 98.8 85.2 73.1 74.6 94.9 111.4 131.6 153 174.7 204.3
224.8 223.2 221.5 218.5 215 210.7 206.2 201.3 196.6 193.9 191.6 187.6 180.9 174.2 167.2 159.3 149.3 139.3 142.5 148.1 153 155.3 156.5 157.3 158.2 158.2 158.1 159.8 164.6 167.7 171.2 179.8 184.2 184.7 184.2 182.9 181 177.5 173.8 165.1 158.2 150.7 143.3 139.8 135.9 132.4 129.6 120.5 125.9 133.6 140.7 151.3 158 160.2 165.1 174.9 188.8 207.9 232.5 233.8 233.2 220.8 193.8 181.6 174.5 165 162.2 160.8 135.7 109.5 94.8 82.9 71.6 80.8 97.4 115.5 140.2 158.9 182.3 210.2
223.5 222.1 220.2 218.4 216.1 213.1 208.7 204.3 201.4 198.3 196 192 186.9 181.1 175.2 166.1 158 146.9 137.7 141 147.1 149.7 152.1 153 154.2 153.8 153.7 154.5 155.3 159 162.1 165 175 177.8 179.3 180.9 178.9 176.5 172.4 164.8 158.1 150.5 143.8 140.6 137 133.2 129.2 120.4 121.9 129 134.3 140.9 147.3 153.7 161.1 171.1 182.4 200.6 223.7 233.2 231.4 216 188.4 178.8 166.1 156.5 154 150.4 127.2 104.3 90.7 79.3 70.6 87.7 103.4 121.7 147.3 165.5 192.5 211.5
221.7 219.9 217.8 216.3 214.6 212.8 209.1 205.9 203.8 201.7 199.4 196.9 192 187.1 180.7 172.8 164.3 155 146.5 136.1 138.8 143.7 146.2 147.3 148.4 149.2 149.4 149.9 150.6 151.4 154.2 159.4 163.3 167.2 170.3 174.6 176.9 175 170.7 164.3 159.3 152.1 146.1 141 137.2 133.3 129.3 125 117.2 124.1 129.8 132.8 139.5 149.7 158.1 167.3 178.4 192.9 216.3 231.1 229 212.4 187.2 177.3 166.1 155.3 147.5 144.5 117.5 100.6 86.8 74.2 73 91.5 110.8 136.4 152.6 173.6 202.6 211.2
219.5 217 215.4 213.4 211.5 209.5 206.4 205.9 205.3 203.2 201.8 200 197.6 192.1 186.2 178.6 169.4 161.8 154.5 145.6 134.5 131.5 135.9 139.2 140.5 142 144.4 144.9 145.6 146.3 147.1 149 154.3 157.6 161.3 167.9 174 173.1 172 167.2 161.9 154.8 149.2 142.9 137.5 133.5 129.3 126.9 115.7 117.4 124.7 129.2 137.4 147.5 156 163.8 173.6 186.2 207 229.2 228.3 211.7 183.6 174.5 166.4 155.1 145.9 130.1 110.8 94.9 82.6 69.8 80.8 96.1 113.1 135.5 156.3 179.8 206.8 210.8
217 213.3 209.7 208.1 207.3 206.2 204.4 203.8 203.5 203.5 202.9 202.2 202 197.5 190 184.1 176.5 168.9 161.4 155 148.1 136.8 128.8 129.5 132.4 135.2 138 139.5 140.6 141.2 140.7 142.3 144.4 147.9 152.3 158.5 166 173 172.8 170.8 166.2 161.4 155.3 146.2 140.5 134.2 130.1 127 123 115.3 118.6 125.5 132.8 146.5 154.8 159.7 168.5 180.1 199.5 224.9 224.7 213.7 182.5 168.6 161.4 152.5 144 127.1 107.8 91.2 77.9 69.6 85.6 101.1 119.3 140.3 160.1 186.7 210.1 210.3
212.2 207.2 203.7 203.1 202.5 202.4 202.1 201.7 201.9 202 202.2 201.6 200.9 198.5 192.2 188 181.9 175.9 168.4 161.6 155 149.5 143 133 127.2 126.4 129.7 132 133.7 135.6 136 136.1 137.4 139.3 140.7 146.5 155.2 164 170.3 170 168.6 165.9 161.2 154.2 145.3 139.8 133.3 129.4 124.9 118.7 112.5 121.1 127.9 138.4 154.2 157.6 164.3 174.3 191.6 218.1 224.6 217.1 187.4 169.2 161.5 155 146.9 128 106.2 88.6 74.4 70.5 89.7 108.1 128.7 144.6 163.1 192.6 210.2 208.9
206.5 201.5 198.9 198.6 198.6 198.6 198.3 199.1 199.4 199.9 200.3 200.8 200 199.2 193.4 190.2 185.6 179.6 173.7 166.8 159.7 154.8 150 144.7 138.9 131.7 121.8 120.6 122.8 127.5 130.7 132.2 132 133.7 135.5 139.5 144.8 153.4 163.5 169.5 169.5 169.1 165.7 159.8 152.9 145.5 137.7 130.7 125.1 121.6 114 113.3 121.5 132.6 147.3 154.1 161.8 170.9 187.1 213 223.5 221.1 194.6 173.5 163 153.4 140 121.3 103.7 87.1 71.7 77.2 93.2 113 139.7 152.6 164.6 194.2 209.2 207.5
200.4 197.2 194.6 194.8 194.8 194.8 195.1 195.3 195.4 196.2 196.9 197.1 196.8 196.4 195.1 191.1 187.7 183.3 177.5 170.6 165 160.3 155.5 150.7 146.3 140.9 135.3 127.2 118.9 115.8 117.6 121.1 123.2 127 132 134.5 139.3 146.6 155 163.7 167.8 169.2 167.6 164.1 157.9 150.1 141.7 133.7 126.9 123.4 119.5 111.6 114.5 124.7 140.4 151.2 159.5 170.5 183.9 207.8 223.1 221.6 201.8 178.7 166.5 154.4 141.6 122.6 100.9 85.6 70.6 81.1 93.2 113.5 140.8 152.8 163 191.1 207.3 206.1
194.9 191.9 190.6 190.8 190.9 191 191.1 191.3 191.5 191.8 192.3 192.3 192.2 192 192.7 192 189 185.2 180.9 175.1 170.5 165.7 160.9 156.1 150.8 147.1 143.2 139 134.1 126.9 124.6 118.4 112.2 118.6 124.1 129.5 132.8 138.1 145.6 154 162.2 166.7 167 165.2 160.3 154.6 146 136.7 130.2 124.6 121.6 115.3 109.9 119 135.7 147.6 157.6 169.6 184.5 205.5 222.8 221.9 210.8 186.4 170.6 156.9 141 118.5 101 85.6 70.2 80.4 91.9 114.2 140 150.9 160.7 186.8 204.4 204.7
190 186.7 186.8 186.8 186.7 185.8 185.9 185.7 185.1 186.1 187.2 187.5 185 185.7 186.3 188.7 188.9 186.3 183.5 179.9 175.5 171.1 166.3 161.4 156.1 151.3 146.6 142 138.9 135.7 132.3 128.4 121.6 113.4 112.4 119.6 125.7 130.6 137.9 146.4 154.3 162.1 165.3 165 163.1 157.1 149.3 139.1 131.1 125.5 121.1 115.1 109.1 116.4 132.7 144.8 155 169.1 185.6 207 222.1 221.6 216.4 197.5 176.1 158.9 145.8 120.5 102.6 86.8 73.4 77.6 91.7 111.5 136 148.7 157.5 182.5 201.2 203.6
186.9 184.4 182.9 182.2 181.2 179.9 177.7 177.1 176.2 174.7 177.7 178.7 177.9 179.5 179.5 183.2 187.2 185.7 184.7 182.9 180.4 176.2 171.6 166.7 161.5 155.3 149.8 145.1 141.2 138.1 134.6 131.6 128.5 125 114.3 107.3 116 123.5 131.3 138.6 146.7 154.8 161.7 163.9 162.7 158.6 150.7 139.5 131 126 121.6 116.1 106.4 114.3 132 144.1 154.2 169.3 184.9 207 221 219.7 217.9 201.1 184.2 161.8 146.4 123.1 105.5 88.3 75.3 74 90.5 108.5 134.9 147.5 153.6 177.3 200.4 200.4
183 179.4 175 172.8 172.7 171.4 168.7 168.2 167.5 169.3 171.3 171.6 172.4 173.6 173.9 177 180.9 186.6 185.8 185.1 183.5 180.6 179.5 175.2 167.8 159.9 153.1 147.8 143.5 140.5 137.2 134.4 132.2 129.2 122.7 112.5 108.1 115.1 125.4 131.6 138.5 146.5 154.8 161.2 161.1 157.2 150 139.5 130.8 125.9 121.2 116.2 104.8 116.7 132.9 145.8 154.4 169.2 182.7 204.1 219.6 219.2 217.2 204.6 188.2 169.4 149.4 128.9 110.3 91 71.5 70.3 87.7 103.4 128.2 142.9 151.2 173.3 197.2 199.6
178 173.1 169.7 167.4 165.1 163.2 162.9 162.3 161.7 161.7 167 169.3 166.7 167.3 167.9 172.3 175.4 180.5 186.2 184.8 184.7 185.2 184.3 178.5 172.2 165.2 157.2 151.8 147.6 143.8 139.8 136.8 136.2 129.1 123.6 116.4 106 110.4 121.8 130.3 131.7 138.9 147.4 154.4 159 157.2 149.2 140.7 131.1 124.8 120.1 114.6 105.1 116.1 131.2 145.5 154.4 166.5 178.4 198.3 215.5 218.4 216.5 207.1 190.8 172.7 152.4 135 115.1 94.1 73 68.1 84 97.3 124.4 142.5 150.5 172 193.6 197.5
171.7 165.2 163.8 161.7 159.2 158.2 157 156.5 156.5 157.3 159.3 164.3 161.6 162.2 164.4 167.6 169.9 174.4 179 184.8 184.8 185.3 183.4 178.1 172.6 166.9 162.2 157.2 152.3 146.2 142.1 139.7 139.2 129.4 123.5 118.8 111.8 102.7 115.4 124.2 129.9 131.5 139.7 146.5 155.8 156.4 147.7 138.6 130.7 124.3 116.7 112.7 102.5 113.6 124.8 137.6 149.6 162.4 173.6 190.3 213 218.3 217.4 209.4 191.3 173.4 155.6 141.3 125.5 102 82.6 65.9 79.9 94.7 119.1 138.6 150.4 168.6 191 194.8
172 163.7 157.9 155.6 153.7 152.1 151.4 151.3 151.7 152.7 154.3 156.3 157.6 158.7 161.9 163.3 165.2 169.9 173.1 179.6 183.1 183.5 179.2 174.6 171.4 168.6 164.9 160.8 156.2 148.7 144.2 143.1 138.7 132.5 123.7 119.3 115.5 106.6 106.5 119.4 124.9 129.3 134.1 139 147 153.9 147.6 138.6 129.7 121.2 113.6 111.1 102.2 112.2 121.7 130.9 143 157.5 170 185.4 207.3 217.4 218.7 212 193.6 174.7 156.4 144.6 128.3 107.3 88.3 67.5 76.1 92.3 115.7 133.9 148.7 167.3 189.4 193.6
170.2 163.3 157.2 151.1 149.1 147.5 146.3 146.1 146.6 147.7 149.5 152.1 154.7 156.3 158 158.9 160.9 163.8 167 171.6 177.1 174.2 169.8 171.4 170.4 167.7 164.6 161.5 157.6 152.8 147 142.6 139.2 134 125.1 119.8 115.4 108.8 100 113.4 119.8 125.4 129.2 133.1 139.8 148 147.8 139.9 130 120.5 113.4 109.3 100.7 111.5 120.8 130.2 139.7 153.8 166.4 179.9 200.8 215.2 216.2 213.8 199.9 179.4 156.9 143.3 131.8 110.2 91.4 69.8 72.8 87.5 108 131.4 144.6 162.6 187.1 193.4
166.6 164 156.6 149.3 144.8 142.3 140.8 140.8 141.3 142.5 144.5 147.1 149.8 153.3 153.9 154.7 155.5 157.8 159.8 162.5 167 168 165.2 166.3 165.5 163.5 162.2 160.9 159.3 155.6 147.9 142.3 138.6 134.1 126.9 120.2 115.1 109.3 102.7 101 114.5 120.3 124.1 126 133.1 142 148.7 140.9 130.6 121.5 113.4 108.6 98.8 109.1 117.1 126.5 136.4 149.2 160.8 174.6 193.7 211.7 214.7 213.1 203.4 176.7 157.4 143.2 132.7 114.5 94.2 74.4 68.3 80.7 100.7 125.8 139.3 157.5 185.5 193.9
162.1 163 157.6 151.1 143.9 138.2 136.5 135.7 135.4 137.3 139.6 142.4 146.1 149.9 151 150.5 151.3 153.4 153.8 155.9 159.7 162.7 160.4 158.2 157.8 155.9 155.5 157.1 157.8 154.5 149.5 142.6 139.1 134.7 128.3 121.1 116.4 112.2 104.7 98.3 107.2 115.4 119.2 122.4 127.7 134.9 146.3 141.5 131.4 122.5 113.9 109.1 98.1 105.7 114.1 123 133.1 144.3 152.9 164.3 180 202.5 213.7 212.1 203.5 178 157.7 143.9 134.1 118.9 98.5 78.1 63.4 75.3 93.6 114.7 131.4 152.3 182.4 193.3
158.6 159.3 157.4 151.8 145.1 138.3 134 129.4 129.5 132.2 135.2 138.9 142.6 146.2 149.2 147 147.4 149.3 149.4 149.3 152 157.1 155.1 152.6 150.6 149.5 150.1 151.5 151.7 150.3 148.3 143.9 139.7 136.4 131.1 125.5 121.6 117.2 109.7 97.9 101.7 110.6 115.5 119.6 123.8 129.8 141.2 142.1 133 123 114.6 109.6 96 102.8 110.6 119.3 130.3 141.1 147 155.9 171.1 192.1 211.5 212.5 205.4 180 157.5 145 133.1 121.7 101.4 83.2 67.7 72.3 89.5 106.3 131.1 151.1 178.6 192.7
153.5 154.4 154.5 152.1 145.5 138.1 134.1 129.6 122.9 126.7 130.7 134.1 137.6 141 143.9 142.8 143.5 145.3 146.5 145.5 147.7 150.6 150.3 148.2 145.7 143.7 144 145.2 145.7 146.2 145.8 143.6 139.2 136.6 132.2 128.8 125.5 120.4 114.7 96.1 95.2 104.1 110.8 115.3 119.9 125.7 137.1 143.9 134.2 123.6 114.8 108.7 101.3 95.6 105.2 115.8 125 135.1 141.7 149.3 160.9 182 207.4 210.5 206.5 184 159.1 146.5 134.3 123 107.8 85.5 67.5 71.7 85.3 104.1 129 146.7 174.4 191.4
147.6 147.9 148.7 149.5 144 139 134.1 129.5 124.9 119 125.2 130.3 133.9 137 137.5 138.7 139.6 140.9 141.2 140.8 142.4 144.5 146.4 144.4 141.8 138.9 139.5 140.7 141 142.3 142.4 140.7 136.8 135 131 128.5 127.1 122.3 116.8 108.6 99.6 99.4 106.8 111.8 117.3 122.8 133.7 143.6 133.5 123.8 115.7 109.4 104 97.2 101.2 110.7 118.6 126.6 134.9 144.3 153.6 171.8 197.3 208.8 206.4 188.6 164.1 147.9 136.2 124.3 109.7 89.7 68.1 69 81.3 99.7 120.3 138.5 167.3 188.3
141.5 142.1 142.7 143.3 140.1 136.2 131.8 129.2 125.1 121.1 118.8 123.9 129 133.4 130.1 132.6 134.6 134.7 135.2 135.7 137.1 137.5 140.1 139.4 136.7 135.5 135.3 135.7 135.8 136.7 137.1 135 131.6 131.2 128.8 126 122.3 119.1 115.7 111 103.7 92.7 102.3 108.3 114.7 120.8 130.9 139.8 134.9 124.6 116.9 110.6 106.1 98.9 97 106.4 113.7 120.5 128.9 139.9 148.2 162.1 188.5 206.3 205.2 195.7 169.6 149 137.8 125.2 111 88.8 74.6 67.9 79 92.3 112.4 133.2 158.2 184.3
