data/490000-490000.asc
ncols 200
nrows 200
xllcorner 490000
yllcorner 490000
cellsize 50
[rows 35 to 69 of 200, columns 0 to 79 of 200]
212.9 205.3 206.5 209.6 211.6 213.6 215.3 216.9 218.3 219.5 221 222.4 224.6 226.3 227.7 228.3 226.8 225.1 223.6 221.5 219.5 218.5 217.5 215.6 213.2 210.8 208.8 206.8 204.3 201.6 199.2 198.7 197.9 197 195.9 193.6 191.5 190 187.7 185.1 183.3 181.7 181.3 181.2 181.1 180.9 180.7 179.7 178.3 178.1 177.3 177.2 177.7 178.2 179.3 180.3 180.8 181.2 182.5 181.8 181.5 180.3 179.3 177.6 176.1 174.1 172.2 170.5 168.4 166.1 163.8 160.9 158 155.9 153.6 151.4 149.6 142 138.8 131.1
213.8 207.9 201.6 204.9 207.4 209.4 211.1 212.7 214.2 215.5 217.6 218.9 220.3 222.2 223.2 223.5 223.5 222.4 221.2 220.9 219.1 218.3 217.7 215.8 213.3 211 209 207 204.7 202.1 199.3 197.1 196.3 195 193.7 191.6 189.8 188.3 184.9 183.5 182.4 181.1 178.4 177.9 178.2 178.6 178.4 176.4 175.5 175 173.6 173.6 173.8 174.1 175.1 176.2 176.8 177.3 178.6 179.9 179.4 179.5 179.1 177.5 176 174.5 172.9 171.4 169.1 166.2 164.1 161.9 159.6 157.4 155.4 154.5 152.4 150 148.4 145.5
213.2 207.4 201.8 201.7 203.9 205.8 207.1 208.6 210.1 212.1 214.1 215.4 216.7 217.6 218 218.3 219.1 219 218.9 219 218.8 217.9 216.7 215.4 213.4 211.2 209.1 207 205 202.7 200.1 197.9 195.8 194.5 191.4 190.3 189 187.4 187.9 187.7 186 183.9 181.7 179.5 174.2 174 173.3 171.4 169.7 167.2 166.4 165.4 169.1 169.6 171 172 172.6 173.3 174.6 175.1 175.8 175.5 175.6 175 173.5 172.1 171.4 170.4 169.3 166.4 164.2 161.9 160.5 158.6 157 154.7 152.2 150.6 149.1 146.8
213 207.6 201.9 198.4 201.2 202.7 203.8 205.2 207.4 209.8 211 211.3 212.5 212.6 212.7 213 214.1 214.5 215.3 215.9 216.2 216.6 215.5 214.2 212.8 210.9 209 207.1 205.1 203.1 200.7 199.2 198.7 198.2 195.8 194 192.4 190.6 190.6 189.9 190 188.2 186 184 181.5 178.5 176.6 176.1 177.1 176.3 173.7 171.6 168.9 165.3 163.3 166.6 168.2 169.3 170.1 170.8 171.6 171.5 171.8 172.1 170.7 169.9 169.1 167.8 165.8 164.4 162 159.5 159.3 157.2 155 153.7 151.6 149.4 146.8 144.8
211 206.2 202.3 196.5 198.5 199.6 200.7 202.2 204.7 206.5 207.7 207.5 207.6 207.6 207.6 207.8 209.2 210.2 211.7 212.9 213.4 213.9 214 212.8 211.5 209.9 207.6 206.2 204.6 202.8 201.5 200.9 200.5 199.4 198.6 197.7 196.1 194.5 193.6 193.8 194.4 193.1 190.6 188.3 186.1 183.2 182.3 181.7 181.7 180.7 178.5 174.8 172.3 170.2 167.6 163.9 159.8 163.7 165.8 165.7 167.2 167.4 167.9 168.3 168.1 166.5 165 163.6 162.2 160.8 159.2 156.6 155.8 154.9 153.1 150.9 150.5 147.7 143.2 135.2
208.8 205.1 202 198.2 194 195.6 196.8 198.8 201.2 203 203.7 203.4 202.8 202.8 202.8 203.2 204.7 206.2 207.6 208.8 209.9 211 211.6 211.3 210.2 208.6 206.1 204.4 203 201.5 200.3 199.8 199.1 199.3 199.1 199.1 198.4 197.8 198.2 197.8 198.7 197.9 195.3 192.6 190.3 188.2 187 185.3 184.1 183 180.7 177.3 174.8 172.7 169.9 167.5 164.1 160.2 155.8 159.3 162.9 163.5 164.1 164.4 163.3 161.9 160.3 159 157.5 155.9 154.1 152.9 151.3 150.1 150.8 148.4 139.5 133.5 128.3 135.7
207.5 204.5 201.4 198 194.6 191.7 193 195.3 197.7 199.5 199.4 198.8 198 198 198.1 198.9 200.4 201.9 203.3 204.4 205.6 206.7 207.7 208.6 207.2 205.9 204.6 202.6 201.2 199.2 196.8 196.5 195.7 196.2 198.4 198.2 198.8 198.8 199.3 200.9 203.9 203.2 200 197.1 194.3 191.5 189.8 187.6 186.4 184.7 182.5 179.9 177.3 174.4 171.5 169.4 167 164.1 161.2 154.7 152.8 156.4 160.7 160 158.1 157.9 157.5 148.8 152.6 148.9 148.9 147.9 142.8 140.2 133.8 132.1 137.2 139.6 144.2 146.3
206 203.3 201.1 198.7 195.5 191.1 189.8 192.7 194.6 195.1 194.8 194.1 193.3 193.3 193.4 194.5 196 197.5 198 199.4 200.8 201.9 203 203.7 203.3 202.4 201.5 200.1 198.5 196.2 193.6 192.9 192.2 191.4 193.9 196.4 198.8 201.1 199.7 201.2 206 205.4 202 199.5 197 194.4 192.1 189.9 187.9 185.7 183.5 180.8 178.9 176.1 173.2 171.2 168.7 165.9 164.9 162.5 160.1 156.2 151.1 152.4 146 145.5 145.9 146.1 141.6 144.4 144.1 141.4 145.5 148.2 149 150.4 150.6 149.7 150.4 150.8
203.2 201.4 199.7 197.7 195.1 190.5 186.5 189.2 190.2 190.2 190.1 189.4 188.5 188.6 188.7 190.2 191.5 192.7 192.7 193.6 195 196.5 197.9 198.8 198.5 198.1 196.7 195.7 195.3 192.9 190.5 189.5 189 189 191.1 193 196 198.9 198 199.8 202.7 203.1 202 200.4 198.6 195.4 192.4 190.4 188.9 186.1 183.2 181.2 179.5 177.4 174.9 173.1 170.9 169.9 168.9 166.9 164.4 162 159.1 155.8 157.5 157 156.4 155.7 155.1 155.2 155.2 154.3 155.9 157.1 157 157.3 156 156 155.5 154.7
199.9 198.9 196.8 195 193.2 190.4 186.3 184.3 185.5 185.4 185.2 184.7 183.4 184 184.1 185.5 186.9 187.4 187.4 187.9 189.6 191.2 192.8 193 192.5 192 191.7 191.6 191.3 189.2 187.2 185.9 185.6 185.8 187.3 189.6 192.9 196.2 195.7 198.5 202.3 202.1 201.5 200.3 198.5 196.2 192.2 189.4 188.1 185.6 183.2 181.5 179.8 178.1 177.1 175.7 174.8 173.8 172.7 170.9 168.4 166 164.4 163.9 163.4 162.5 161.5 160.4 160.1 160.7 160.3 159.7 161.1 161.7 161.7 161.3 160.8 160.2 159.4 158.5
196.9 196 193.9 192.1 190.2 187.5 184.3 179.7 180.7 180.6 180.6 180 177.8 178.7 179.7 180.1 182 182 182.1 182.1 183.4 185.3 187.4 187.4 187.6 186.6 186.7 186.8 186.6 185.6 183.9 182.3 182.1 182.4 183.7 185.8 188.3 190.9 192.9 196.3 201.1 200.9 200.7 199.8 197.6 195.4 191 187.7 186.8 185.1 183.3 181.3 179.3 178.8 178.3 178 178.1 177.9 175.9 174.2 172.4 170 169 168.5 167.5 166.6 165.6 165.4 165.5 165.7 165.2 164.7 165.4 165.8 165.3 164.9 164.2 163.9 163.2 162.3
193.4 192.3 190.9 189.1 187.1 184.5 181.9 180.5 174.3 175.8 174.6 174.2 172.4 173.5 173.5 175.7 176 176.3 176.6 176.9 177.8 179.8 180.3 180.5 181 180.9 181.3 181.8 181.6 180.7 179.7 178 178 178.7 179.9 181.7 184.8 188.5 189.5 192 195.7 199.5 199.3 196.1 193.4 191 188.9 185.8 184.7 184 182.7 180.7 179.8 179.4 178.8 178.9 179.4 179.8 179 177.3 175.9 174.1 173.6 173.1 171.4 170.6 170.1 170.2 170.8 170.7 170.1 169.2 168.6 169 168.9 168.3 167.6 167.1 167.1 166.1
194.1 189.4 187.4 187.5 184.3 181.7 180.5 178.6 173.7 171.8 168.1 166.4 166.5 167.4 167.8 167.8 169.4 169.7 171 171.9 173.8 175 175.4 175.7 176.5 175.2 175.7 175.9 175.9 175.1 174.2 172.3 172.8 174.2 176.5 178.2 180.2 181.9 184.6 186.3 188.3 189.8 190 190.1 189 186.6 184.1 181.6 182 181.8 181.3 180.7 180.1 179.4 179.4 180 180.7 180.9 180.3 179.9 178.9 177.9 177.6 176.9 176 175.7 174.9 174.9 175.4 174.5 173.4 172.3 171.5 171.9 171.6 171.2 170.7 170.1 170.2 169.6
198.9 194.4 188.6 186.2 185.4 182.3 180.3 177.6 179.5 176.1 173.7 171 168.3 166.7 159.4 159.7 161.1 161.9 163 165.9 170.3 171.5 171.9 171.9 170.9 170.3 170.5 170.8 170.5 169.9 169.3 168.1 168.2 170.2 172.7 174.3 175.8 175.1 178.6 180.2 182.3 184.1 184.6 183.7 183.9 182.3 180 178.4 179.7 180.7 179.4 179.1 178.9 178.4 178.9 179 180.4 180.8 181.2 181.3 181.1 180.5 180.8 181.6 181.8 181.1 180 179.6 179.4 178.2 177 175.8 174.7 174.3 173.9 173.4 173 172.3 171.6 171.1
200.6 195 190.4 195.4 193.2 190.3 188.1 186.3 183.4 179.6 177.7 176.4 173.6 170 166.4 163.4 161.5 159.2 151.4 155.3 162.5 165.2 166.2 167.4 166.9 167.2 167.5 167.1 166.6 165.3 164.7 163.9 164.2 166.2 168.2 170.1 171.3 170.9 173.3 173.7 175.9 178 179.5 178.6 177.7 176.4 174.5 173.8 174.6 176.6 177.2 176.8 176.4 176.2 176.8 176.9 179 180.3 180.6 181.3 181.8 182.2 184.5 186.6 187.6 186.3 185.2 184.8 183 181.6 180.4 179.2 178 176.7 176.2 175.7 174.9 173.8 172.6 172
199.8 194.6 197.7 198.3 196.5 195 193 190.7 187.8 183.5 180.9 180.1 177.5 173.9 170.3 167.5 165 163.1 160 153.6 149.8 158.6 160.7 160.8 163.4 163.4 163.9 163.1 162.6 160.9 160.1 159.5 160.2 161.6 163.6 165.6 166.3 165.4 166.3 168.6 171.3 173.5 174.6 173.6 172.9 171.6 169.8 168.3 169.6 172 173.5 173.5 173.2 173.1 174.7 175.2 177.5 179.7 179.9 180.7 181.3 182.9 186.6 189.2 190.3 190.3 190.1 189.1 187.3 184.8 183.7 182.4 181.2 180 178.7 177.2 175.8 174.3 173 172.3
198.7 201.8 201.7 200.6 199.6 198.3 195.8 192.8 189.4 185.9 184.6 183.6 181.4 177.8 174.2 171.5 168.9 166.4 163.9 162 158.6 150.2 150.9 153.1 156.8 157.1 159.3 159.2 158.7 157.3 156.3 156 156.7 157.4 159 161 161.8 160.2 163.4 166 167.3 168.5 169.7 169.6 168.1 167.2 165.3 164.2 166.1 168.1 169.7 169.8 169.9 170.1 171.5 173.7 175.9 177.7 178.3 178.9 179.7 180.8 185.1 189.3 190.1 190.3 190.2 189.9 189.2 188.3 186.9 185.2 183.5 181.9 180.2 178.7 177.2 174.7 172.4 171.6
206.6 205.3 204.4 203.4 202.5 200.5 197.9 194.7 191.4 189.1 189 187.6 185.5 181.8 178.1 175.9 173.5 170.6 167.6 165.2 162.4 157.8 150.2 144.3 146.9 144.2 147.7 155 155.1 154 152.6 152.7 153.2 153.8 154.4 156.4 156.3 155.5 159.7 161.7 162.5 163.5 164.8 165 164.5 162.8 161.4 160.5 162.4 164 164.9 165.1 165.1 165.9 169 171 173 173.9 174.7 175.3 176.7 178.8 183 187.5 188.7 189.3 189.4 189.4 189.5 188.7 187.8 186.2 184.7 183.1 181.5 179.1 176.4 173.8 171.8 170.3
211.7 209.4 207.6 206.5 204.6 202.1 199.7 197.2 194.9 193.8 193.1 191.2 189.3 185.6 182.2 180.8 177.9 174.6 171.5 168.8 165.8 162.9 156.6 154.2 150.4 146 140.6 141.7 145.1 150.4 147.7 148.6 149.3 150 150.7 151.6 151.6 152.4 155.4 157.6 158.4 159.2 160 160.5 160.8 159.9 158.3 156.7 158.2 159.1 160.1 160.5 160.7 162.2 165.5 168.3 168.9 169.8 170.7 171.5 173.2 176.5 180.5 184.5 187.3 187.7 188.4 188.7 189.1 189 188.5 187 185.6 184.1 182.4 179.6 176.3 172.8 170.4 167.9
214.7 211.9 210.3 209.3 207.3 204.9 202.5 200.1 198.4 197.8 197.2 195 192.1 189.4 186.2 183.9 181.3 178.3 175.9 173.1 170.8 168.1 163.8 161.3 158.3 155 150.4 142.5 138.2 138.8 139.7 145.4 145.1 146.2 147.8 147.6 147.7 146.9 148.9 153 154.2 155 156.4 157.7 157.9 157 155.6 153.3 154.3 155.4 156.5 156.9 156.9 158.6 161.2 163.9 164.8 165.7 166.6 168 170.1 173.4 177.2 181.2 184.5 185.9 186.8 187.2 187.6 188.1 187.8 187 185.6 184.3 182.5 180.1 175.7 171.2 168.7 166.2
219.2 216.5 213.8 211.9 210.1 208.2 206 203.7 202.2 201.7 201.5 200.6 198.9 196.6 193.7 189.6 186.1 182.7 180.6 178.2 176 173.6 171.1 168.4 164.1 160.3 156.5 152.5 149 143.9 135.3 137.3 134 133.3 129.7 142 143.5 143 145.3 148 149.8 150.8 153.3 155.1 154.4 153.8 153.2 149.8 150.6 152.2 152.8 153.3 153.5 155.5 157.6 160.1 160.7 161.7 163.2 165.2 167.3 169.8 173.9 178.1 181.5 184 185.2 185.7 186.2 186.6 186.6 186.1 185 183.6 181.6 178.4 174.1 170 167 164.5
221.7 219.1 216.9 214.6 212.9 211 209.1 207 205.3 206.1 206.3 206.9 206.1 203.9 201.5 197.9 195.1 190.7 188.2 186.1 183.6 179.9 176.5 173.3 169.1 165.3 161.5 157.3 153.2 150.4 146.8 138.9 139.9 137.5 131.3 129.6 139.6 140.3 141.4 143 144.8 147.1 149.4 150.2 149.6 148.9 147.9 145.2 146.8 148.3 149 149.6 150.6 152.6 154.5 156.4 157.3 158.4 160.4 162.7 165 167.4 170.5 174.5 178.4 181.5 183.6 184.2 185.1 185.3 185.3 185.1 184.1 182.9 180.4 176.8 172.6 169.2 166 162.8
225.6 222.2 219.8 217.6 215.7 213.9 212.1 210.1 210.7 211 211.6 212.7 212.6 210.6 208.6 206.7 204.1 199.5 197.3 194.4 190.4 186.4 182.5 178.6 174.3 170.3 166.4 162.2 157.7 155.7 151.9 148.7 146.2 144.2 141.3 135.3 127.4 131.7 137.4 137.1 140 143.1 144.5 143.7 143.1 143.6 144.1 141.5 143.6 144.2 145 146.1 147.1 149 151.4 153 154 155.2 157.6 160 162.4 165 167.9 170.8 174.7 178.6 181.2 183 184 184.1 184.1 184.2 183.1 181.6 179.1 175.2 171.6 168.4 165.2 162
231.3 227.2 224.3 221.8 219.5 217.2 216.1 215.4 216 216.8 218.5 219.4 219.6 217.7 216 213.5 211.2 208.6 207.1 203.2 197.9 193.4 188.6 184.1 179.5 175.2 171.2 167 163.5 159.1 155.8 153.3 151.1 148.7 145.7 139.2 132.7 126.8 126.3 126.1 131.9 133.1 136.8 137.3 136.5 139.8 138 134.2 139.6 140.5 142.3 143.5 143.7 146 148.2 149.7 151 152.4 154 156.4 158.8 161.8 164.9 167.8 171.1 175 179 181.4 182.3 183 183 182.6 182.2 180.7 177.7 174.1 170.8 167.5 164.3 161.1
233.2 230 228 226.2 224.1 222.2 221.3 222 223.5 226.2 228.7 228.6 226.9 224.2 221.7 219.2 216.5 214.4 214.3 211.2 206.9 200.6 194.5 189.9 185.4 180.9 176 171.8 167 162.9 160.1 157.3 152.9 147.2 141.9 136.2 131.6 135.1 129.7 129.5 122 124 127.7 129.2 129.7 133.9 133.9 131.1 137.2 137.1 137.4 139.9 139.9 143 145 146.3 148.5 149.6 150.5 152.8 155.6 158.6 161.7 164.7 167.7 171.4 175.7 179.8 180.6 181.5 181.7 181.4 181.2 180.1 176.5 173.2 169.9 166.6 163.4 160.2
236.9 234.3 232.2 230.7 229.1 228 228.1 229.3 231.7 233.3 232.8 230.3 227.7 225.5 223.2 220.5 217.7 215.3 213.8 211.9 209.1 206.6 201.5 195.2 189.5 183.5 178.8 174.2 169.7 165.1 161.1 157.2 152.2 146 139.7 130.2 140.1 144 141.3 139 138 130.8 123.2 122.3 119.4 121.8 123.8 124.8 132.9 134.4 133.6 132.6 136 140 141.8 142.5 144.3 146.1 147.5 149.4 152.4 155.5 158.5 161.6 164.6 168.2 172.8 176.8 179.3 180.3 180.7 180.5 180.5 178.9 175.6 172.3 169 165.7 162.5 159
242.6 240.2 238.7 235.9 235.1 234.3 234.5 235.8 237 236 233.6 230.9 228.2 225.5 223 220.2 217.5 214.7 212.9 211 208.6 207.5 205.4 197.2 190.1 183.9 178.5 173.7 168.9 164.4 160.6 156.7 151.5 144.7 135.6 140.5 147.3 151 147.6 145.1 141.2 142 142.6 137.8 130.3 121.3 118.3 117.3 118.9 119.8 121 120.2 133.6 135.9 137.7 139.6 140.5 142.1 143.7 146.2 149.1 152.1 155.1 158.2 161.2 164.8 169.7 173.5 177.1 178.7 179.8 179.7 179.6 178.2 174.8 171.5 168.2 164.9 161.6 157.7
248.2 246.2 244.5 243 241.1 240.7 240.6 240.4 239.6 237 234.2 231.2 228.2 225.1 221.9 219 216.2 213.4 211.7 209.8 207.8 205.1 201.3 193.8 186.9 180.7 176 171.2 166.4 162.4 158.2 153.9 147.4 139.4 142.1 149.2 155.2 158.5 154.1 151.3 149.3 149.9 149.6 145.3 140.8 135.5 129.1 121.5 114.1 116.3 115.9 116 120.6 127.9 134.3 136.3 137.2 138.4 140.4 143 145.9 148.8 151.8 154.8 157.9 161.2 165.7 169.6 173.6 177.1 178.1 178.6 178.5 177.5 174.3 170.9 167.6 164.4 161.4 157.9
253.1 251.4 249.1 246.3 244.7 242.7 241.7 241.1 239 236.6 233.2 230.2 227.2 223.8 220.5 217.5 214.6 212 210 208 205.6 201.4 196.6 189.9 182.6 177.7 173.3 168.7 163.8 160.2 154.8 146.8 143.3 147.7 154.2 161 164.5 166.4 160.5 157.6 156.4 153.8 153.9 148.8 146 141.9 137.5 131.5 126 112.7 113.3 115 114.9 121.2 131 133.4 134.1 135.8 137 139.9 142.8 145.7 148.6 151.5 154.2 157.5 161.4 165.4 169.9 174.2 175.8 176.7 177.1 176.2 173.7 170.6 167.6 164.7 161.5 158
254.9 252.6 249.9 247.5 245.2 242.9 240.7 239.1 237.4 235.7 232.4 229.2 226 222.5 219.1 216.1 212.9 209.8 207.4 205.3 203 197.7 192.1 185.9 179.1 174.2 170.8 165.8 161.8 156.5 147.9 148.1 156.2 161.2 167.3 173.3 174.7 174.3 170.7 167.7 162.6 155.5 154.3 152.5 149.6 145.6 141.2 137.2 133.6 126.7 113 111.2 110.4 109.9 112.3 128.8 130.3 127.9 133.1 136.8 139.7 142.6 145.1 147.4 150 152.9 156.6 160.6 165.7 171 174 175 175.6 174.6 173.3 170.7 167.9 165.1 161.4 157.5
251.2 247.8 245.5 243.2 240.8 238.5 236.4 234.5 232.6 231 229.7 228 224.6 221 217.3 214.2 211.1 207.9 205.4 202.8 199.7 194 188 181.8 175.8 172.3 168.5 164.4 157.4 148.7 153.9 161.8 168 177 180.5 185.7 187 186.6 183.7 176.4 169.8 162.1 156.1 156.4 153.3 149.4 145 141.7 138.1 134.1 129.8 118.7 119.5 115.1 108.1 115.9 124.9 123.4 129.4 133.4 136.6 138.8 141.1 143.3 145.9 148.9 152.7 156.6 161.2 167.3 171.4 173.2 173.9 173.2 172.3 170.6 168.5 164.9 161.1 157.9
245.5 242.5 240 237.6 235.2 233.1 231.3 229.4 227.5 225.9 224.7 223.5 222 218.9 215.4 212.4 209.2 206.1 203.2 200.8 195.9 189.9 184 178.1 174 170.4 166.8 161 151.7 159.5 167.9 177.9 185.2 191.8 193.8 194.2 193 191.8 190.5 185.1 177.2 169.5 162.4 158.2 156.7 153.1 149.3 145.2 141 136.7 133 129.2 124.1 118.6 113.1 107 115.5 123.2 127.3 130.8 133.4 135.3 137.1 139.2 141.4 145.4 148.9 152.8 157.2 162.9 168.3 171.6 172.4 172.6 171.9 171.1 169.6 166.9 163.3 159.8
238.7 236.8 234.5 232 229.9 228 226.2 224.3 222.5 220.4 218.8 217.3 215.8 215.2 213.4 210.5 207.4 204.3 201.1 197.8 191.8 186 180 175.5 171.8 167.5 159.5 158.1 165.9 175 183.3 193.7 198.2 199 198 197.1 195.9 194.6 192.7 190.3 184.9 177.3 170.3 163.9 159.2 155.9 151.7 147.4 143.3 139 135.7 132.1 128.1 123.8 118.7 111.7 107 116.1 123.1 127.3 130.4 132.2 133.8 135.4 138.5 142.1 146 149.3 154 158.6 164.3 169.8 171.6 172.1 171.4 170.9 170.5 169.1 166.4 162.4
233.1 231 229.2 226.9 225 223 221.2 219.3 217.4 215.2 212.9 210.7 209.2 208.3 208.2 207.9 204.7 201.4 197.6 192.8 187.6 181.9 177.6 173.3 169.8 158.3 165.9 174 182.7 191.3 201.3 203.9 202.8 202.2 201.2 200.2 197.6 196.4 193.8 191.1 189 181 174.1 168.2 163.1 158.8 154.6 149.8 145.6 141.3 138.6 135.2 131.4 127.1 122.9 117 107.7 104.9 115.7 122.9 126.4 128.6 129.7 131.7 136.4 140.1 143.4 146.6 150.2 154.9 160.8 167 170.8 173.9 173.2 171.1 168.8 167.6 166.7 163.9
228.1 225.8 224 221.9 220.4 218.2 216.2 214.3 212.2 210 207.7 205.5 203.2 201.4 201.1 201 200.8 197.2 193 188.6 183.5 179.1 175.4 167.6 163.9 173.9 184 192.5 202.5 207.2 207.8 206.2 204.9 204.3 203.3 201.5 198.9 196.4 193.9 190.1 183.6 178.5 173.4 169.8 165.6 161.6 157.6 152.4 147.9 145.1 141.6 138.2 134.7 130.4 126.3 119.8 109 106.8 108.1 117.7 121.9 122.3 124.9 130.8 134.3 137.6 140.8 144.1 147.3 151.1 157.6 164.7 171.6 175.8 173.6 169.7 167.7 167 166.2 164.5
