data/500000-490000.asc
ncols 200
nrows 200
xllcorner 500000
yllcorner 490000
cellsize 50
[rows 76 to 113 of 200, columns 0 to 83 of 200]
150.4 146.1 141.1 128.4 126.6 135.3 139 138.2 137.4 137.3 136.6 134.8 132.8 130 127 116.8 117.9 120.8 110.5 114 113.7 112 110.6 112.1 110.7 105.7 93.9 80.8 68.6 70 78.7 86.6 96.7 74.5 37 25 21.3 13.6 -1.6 -1.6 -1.6 -1.6 -1.6 -1.6 -1.6 -1.6 -1.6 -1.6 -1.6 -1.6 -1.6 -1.6 -1.6 -1.6 -1.6 -1.6 -1.6 -1.6 -1.6 -1.6 -1.6 -1.6 -1.6 -1.6 -1.6 -1.6 -1.6 -1.6 -1.6 -1.6 -1.6 -1.6 -1.6 -1.6 -1.6 -1.6 -1.6 -1.6 -1.6 -1.6 -1.6 -1.6 -1.6 -1.6
149 145.4 141.1 137.2 126.4 126.9 135.3 135.3 135.3 135.4 135.2 133.4 131 127.8 124.9 115 118.4 121.3 112.2 107.9 108.8 108.3 107.7 110.4 109.7 105.9 99.1 89.8 77 67.7 69.6 81.1 94.8 99.9 69.2 34.8 16.6 15.3 2.9 -1.6 -1.6 -1.6 -1.6 -1.6 -1.6 -1.6 -1.6 -1.6 -1.6 -1.6 -1.6 -1.6 -1.6 -1.6 -1.6 -1.6 -1.6 -1.6 -1.6 -1.6 -1.6 -1.6 -1.6 -1.6 -1.6 -1.6 -1.6 -1.6 -1.6 -1.6 -1.6 -1.6 -1.6 -1.6 -1.6 -1.6 -1.6 -1.6 -1.6 -1.6 -1.6 -1.6 -1.6 -1.6
148.8 144.1 143.1 140.7 132.1 121.9 129.9 133.1 133.3 133.5 133.7 132.7 129.9 126.7 123.3 114.8 111.2 116 112 105 106.5 105.7 106 108.4 108.4 105.8 100.5 92.9 85.1 72.1 67 73.6 86.9 98.7 98.8 75.3 33.9 14.4 7.7 -1.6 -1.6 -1.6 -1.6 -1.6 -1.6 -1.6 -1.6 -1.6 -1.6 -1.6 -1.6 -1.6 -1.6 -1.6 -1.6 -1.6 -1.6 -1.6 -1.6 -1.6 -1.6 -1.6 -1.6 -1.6 -1.6 -1.6 -1.6 -1.6 -1.6 -1.6 -1.6 -1.6 -1.6 -1.6 -1.6 -1.6 -1.6 -1.6 -1.6 -1.6 -1.6 -1.6 -1.6 -1.6
149.3 141.9 141.1 142.6 137.7 127.7 117.7 129.3 130.8 130.9 131.2 130.9 128.8 125.4 122.1 118.7 107.8 106.6 105.6 103.1 104.2 103.2 103.7 105.4 105.7 105.6 101.3 95.9 86.4 79.7 68.2 67.2 81.5 96.1 97.5 94.5 80.9 32.5 5.8 -1.6 -1.6 -1.6 -1.6 -1.6 -1.6 -1.6 -1.6 -1.6 -1.6 -1.6 -1.6 -1.6 -1.6 -1.6 -1.6 -1.6 -1.6 -1.6 -1.6 -1.6 -1.6 -1.6 -1.6 -1.6 -1.6 -1.6 -1.6 -1.6 -1.6 -1.6 -1.6 -1.6 -1.6 -1.6 -1.6 -1.6 -1.6 -1.6 -1.6 -1.6 -1.6 -1.6 -1.6 -1.6
149.9 143.1 138.6 139.9 137.2 133.2 123.6 121.8 127.7 128.3 128.7 128 125.9 122.6 119.6 117.1 115.2 111.3 107.2 103 102.3 104.3 101.5 102.7 103.6 102.2 100 96.8 87.7 78.9 72 66 77.3 90.9 96.9 93.2 88.8 83.1 20.4 -1.6 -1.6 -1.6 -1.6 -1.6 -1.6 -1.6 -1.6 -1.6 -1.6 -1.6 -1.6 -1.6 -1.6 -1.6 -1.6 -1.6 -1.6 -1.6 -1.6 -1.6 -1.6 -1.6 -1.6 -1.6 -1.6 -1.6 -1.6 -1.6 -1.6 -1.6 -1.6 -1.6 -1.6 -1.6 -1.6 -1.6 -1.6 -1.6 -1.6 -1.6 -1.6 -1.6 -1.6 -1.6
148.9 142.9 134.7 135.5 136.4 129.8 123.3 116.6 124 124.9 125.7 125.5 123.1 119.6 116.8 114.7 112.7 110.9 107.1 101.8 101.9 105.6 102 100.8 100.5 100.4 97.8 95 90.7 80.9 73.4 67.5 70.2 86 93 92.1 87.9 84.6 67.5 2.3 -1.6 -1.6 -1.6 -1.6 -1.6 -1.6 -1.6 -1.6 -1.6 -1.6 -1.6 -1.6 -1.6 -1.6 -1.6 -1.6 -1.6 -1.6 -1.6 -1.6 -1.6 -1.6 -1.6 -1.6 -1.6 -1.6 -1.6 -1.6 -1.6 -1.6 -1.6 -1.6 -1.6 -1.6 -1.6 -1.6 -1.6 -1.6 -1.6 -1.6 -1.6 -1.6 -1.6 -1.6
147.9 140.9 133.7 133 133.6 129.5 121.6 112.5 121.7 122.4 122.9 122.3 120.7 117 114.6 112.6 110.7 108.8 104.5 99.9 102 104.1 101.1 98.7 98.5 97.7 96 93.4 91.1 85.6 75 68.8 65 79.7 89.7 90.1 86.7 84.1 82.3 9 -1.6 -1.6 -1.6 -1.6 -1.6 -1.6 -1.6 -1.6 -1.6 -1.6 -1.6 -1.6 -1.6 -1.6 -1.6 -1.6 -1.6 -1.6 -1.6 -1.6 -1.6 -1.6 -1.6 -1.6 -1.6 -1.6 -1.6 -1.6 -1.6 -1.6 -1.6 -1.6 -1.6 -1.6 -1.6 -1.6 -1.6 -1.6 -1.6 -1.6 -1.6 -1.6 -1.6 -1.6
146.6 142.4 136.2 130.3 131.7 128.4 121.7 114.1 118.2 120.6 120.7 120.1 118.3 114.5 112.6 111 108.7 106.6 101.7 98.7 100.8 101.5 99.9 97.4 96.4 94.9 93.2 91.4 90.3 88.7 77.9 69.3 64.8 77.4 87.5 88.9 85.9 83 80.4 35 -1.6 -1.6 -1.6 -1.6 -1.6 -1.6 -1.6 -1.6 -1.6 -1.6 -1.6 -1.6 -1.6 -1.6 -1.6 -1.6 -1.6 -1.6 -1.6 -1.6 -1.6 -1.6 -1.6 -1.6 -1.6 -1.6 -1.6 -1.6 -1.6 -1.6 -1.6 -1.6 -1.6 -1.6 -1.6 -1.6 -1.6 -1.6 -1.6 -1.6 -1.6 -1.6 -1.6 -1.6
143.2 139.3 133.9 127.4 129.9 127.5 121 111.4 115 118 118.6 117.9 115.5 112.1 110.1 109.2 107.4 103.2 97.8 98.3 100.8 99.6 98.1 96.2 94 92.5 91 90.3 89.6 87.1 77.1 69.6 63.5 78.1 84.9 86 84.3 81.1 78.3 69.6 6.5 -1.6 -1.6 -1.6 -1.6 -1.6 -1.6 -1.6 -1.6 -1.6 -1.6 -1.6 -1.6 -1.6 -1.6 -1.6 -1.6 -1.6 -1.6 -1.6 -1.6 -1.6 -1.6 -1.6 -1.6 -1.6 -1.6 -1.6 -1.6 -1.6 -1.6 -1.6 -1.6 -1.6 -1.6 -1.6 -1.6 -1.6 -1.6 -1.6 -1.6 -1.6 -1.6 -1.6
138.6 136 129.8 125.4 128.8 126.7 119.5 109.4 113 116.8 116.5 115.1 112.8 109.9 107.7 106.6 105.7 100.2 95.7 97.4 99.2 98.4 96.5 94.8 92.6 90.7 89.8 90.8 88.8 85.3 75.7 69.2 64.7 79.6 84.3 84.6 81.8 78.7 76.1 71.9 37.7 -1.6 -1.6 -1.6 -1.6 -1.6 -1.6 -1.6 -1.6 -1.6 -1.6 -1.6 -1.6 -1.6 -1.6 -1.6 -1.6 -1.6 -1.6 -1.6 -1.6 -1.6 -1.6 -1.6 -1.6 -1.6 -1.6 -1.6 -1.6 -1.6 -1.6 -1.6 -1.6 -1.6 -1.6 -1.6 -1.6 -1.6 -1.6 -1.6 -1.6 -1.6 -1.6 -1.6
134.7 129.9 123.5 123.6 126.9 125.4 118.3 108 112.6 114.8 114.3 112.6 110.1 107.7 105.5 103.5 101.3 97.6 94.7 96.2 96.9 95.7 94.1 93.3 91 88.7 88.2 87.6 84.4 80.1 71.5 66.3 65.3 79.3 82.8 81.3 77 75 72.8 64.6 54.1 1.6 -1.6 -1.6 -1.6 -1.6 -1.6 -1.6 -1.6 -1.6 -1.6 -1.6 -1.6 -1.6 -1.6 -1.6 -1.6 -1.6 -1.6 -1.6 -1.6 -1.6 -1.6 -1.6 -1.6 -1.6 -1.6 -1.6 -1.6 -1.6 -1.6 -1.6 -1.6 -1.6 -1.6 -1.6 -1.6 -1.6 -1.6 -1.6 -1.6 -1.6 -1.6 -1.6
129.7 123.4 118.5 122.7 124.2 121.5 116.2 106.6 111.4 112.6 111.8 110.6 107.2 104.5 103.2 100.9 97.1 95.2 94.2 94.5 94.1 92.8 91.9 91.9 90.5 87.7 85.7 84 79.9 72.2 64.4 63.2 64 74.9 74.6 72.8 66.2 61.1 57 51.3 39.6 3.6 -1.6 -1.6 -1.6 -1.6 -1.6 -1.6 -1.6 -1.6 -1.6 -1.6 -1.6 -1.6 -1.6 -1.6 -1.6 -1.6 -1.6 -1.6 -1.6 -1.6 -1.6 -1.6 -1.6 -1.6 -1.6 -1.6 -1.6 -1.6 -1.6 -1.6 -1.6 -1.6 -1.6 -1.6 -1.6 -1.6 -1.6 -1.6 -1.6 -1.6 -1.6 -1.6
127.2 121.9 117.4 120 121.7 118.3 114.4 105.4 109.4 109.4 107.1 106.6 103.9 104.5 104.1 103.1 99.4 95.9 93.5 92.2 91.2 90.6 90.6 90.4 89.4 87.7 86.4 83 74.8 65.7 62.3 61.4 61.8 62.8 63.2 60.5 58.3 56 52.1 45.2 40 14 -1.6 -1.6 -1.6 -1.6 -1.6 -1.6 -1.6 -1.6 -1.6 -1.6 -1.6 -1.6 -1.6 -1.6 -1.6 -1.6 -1.6 -1.6 -1.6 -1.6 -1.6 -1.6 -1.6 -1.6 -1.6 -1.6 -1.6 -1.6 -1.6 -1.6 -1.6 -1.6 -1.6 -1.6 -1.6 -1.6 -1.6 -1.6 -1.6 -1.6 -1.6 -1.6
125.1 118.7 117.5 119 119.2 115.7 112.7 103.8 104.6 105.6 107.2 109 110.4 110 109.1 106.5 102.6 98.8 95.6 92.5 87.9 86 88.9 88.9 86.8 86.1 83.7 74.3 66.7 62 61.5 62.6 63.2 60.1 59.3 57.7 55.9 53.5 51.4 45.2 38.5 9.4 -1.6 -1.6 -1.6 -1.6 -1.6 -1.6 -1.6 -1.6 -1.6 -1.6 -1.6 -1.6 -1.6 -1.6 -1.6 -1.6 -1.6 -1.6 -1.6 -1.6 -1.6 -1.6 -1.6 -1.6 -1.6 -1.6 -1.6 -1.6 -1.6 -1.6 -1.6 -1.6 -1.6 -1.6 -1.6 -1.6 -1.6 -1.6 -1.6 -1.6 -1.6 -1.6
118.2 116.3 116.2 115.9 113.8 112.8 106.5 100.6 104.1 107.8 111.6 112.4 113.6 112.6 111 108.8 105.1 101.8 98.5 94.8 90.3 81.1 86.4 87.9 84.2 79 71 64.5 61.9 62.1 66.2 70.1 69.2 60.4 59 57.7 55.7 52.7 47 40.8 35 17.9 -1.6 -1.6 -1.6 -1.6 -1.6 -1.6 -1.6 -1.6 -1.6 -1.6 -1.6 -1.6 -1.6 -1.6 -1.6 -1.6 -1.6 -1.6 -1.6 -1.6 -1.6 -1.6 -1.6 -1.6 -1.6 -1.6 -1.6 -1.6 -1.6 -1.6 -1.6 -1.6 -1.6 -1.6 -1.6 -1.6 -1.6 -1.6 -1.6 -1.6 -1.6 -1.6
114.9 112.1 111.8 108.8 107.5 105.2 98.7 99.5 102 107.2 110.7 112.1 112.8 112.5 110.9 108.1 105 103.4 101 97.4 93.8 81.8 80.9 84.5 82.9 74.8 65.1 62.1 62 62.6 67.7 71.2 68.4 60.9 59.4 57.9 56.2 52.5 44.5 39.5 34.1 8.4 -1.6 -1.6 -1.6 -1.6 -1.6 -1.6 -1.6 -1.6 -1.6 -1.6 -1.6 -1.6 -1.6 -1.6 -1.6 -1.6 -1.6 -1.6 -1.6 -1.6 -1.6 -1.6 -1.6 -1.6 -1.6 -1.6 -1.6 -1.6 -1.6 -1.6 -1.6 -1.6 -1.6 -1.6 -1.6 -1.6 -1.6 -1.6 -1.6 -1.6 -1.6 -1.6
112.6 109 106.4 104.5 102.9 98.2 95.7 98.4 100.8 101.6 104.8 105.4 108.5 110.3 109.5 106.9 105.8 104.4 101.4 97.8 92.3 79.6 77.7 82.1 79.8 67.1 62.9 64.4 62.8 62.3 65.1 65.1 64.5 60.6 59.2 58 54.7 48.7 41.8 35.6 32.9 3.3 -1.6 -1.6 -1.6 -1.6 -1.6 -1.6 -1.6 -1.6 -1.6 -1.6 -1.6 -1.6 -1.6 -1.6 -1.6 -1.6 -1.6 -1.6 -1.6 -1.6 -1.6 -1.6 -1.6 -1.6 -1.6 -1.6 -1.6 -1.6 -1.6 -1.6 -1.6 -1.6 -1.6 -1.6 -1.6 -1.6 -1.6 -1.6 -1.6 -1.6 -1.6 -1.6
113 107.1 103.9 102.6 101 96.3 96.1 99.4 100.5 98.8 101.2 103 105.6 107.4 106.2 105.7 106.2 105.3 102.3 97.3 84.9 75.9 74.3 76.9 75.4 63.7 64.9 66.8 63.9 66.7 64.4 62.9 61.4 59.9 58.8 57.4 50.7 44.1 37.2 28.7 22.9 1.2 -1.6 -1.6 -1.6 -1.6 -1.6 -1.6 -1.6 -1.6 -1.6 -1.6 -1.6 -1.6 -1.6 -1.6 -1.6 -1.6 -1.6 -1.6 -1.6 -1.6 -1.6 -1.6 -1.6 -1.6 -1.6 -1.6 -1.6 -1.6 -1.6 -1.6 -1.6 -1.6 -1.6 -1.6 -1.6 -1.6 -1.6 -1.6 -1.6 -1.6 -1.6 -1.6
117.9 108.4 103.5 101 98.3 94.6 95.1 98.7 98.9 96.7 98.4 100.5 103.2 103.8 103.5 104.4 105.7 105.4 102.8 96.2 80.1 75.4 70.7 69.1 66.7 60 60.4 62.4 65.9 64.6 62.6 60.8 59.6 58.8 57.5 53.8 44.6 39.2 31.8 22.3 4.7 -1.6 -1.6 -1.6 -1.6 -1.6 -1.6 -1.6 -1.6 -1.6 -1.6 -1.6 -1.6 -1.6 -1.6 -1.6 -1.6 -1.6 -1.6 -1.6 -1.6 -1.6 -1.6 -1.6 -1.6 -1.6 -1.6 -1.6 -1.6 -1.6 -1.6 -1.6 -1.6 -1.6 -1.6 -1.6 -1.6 -1.6 -1.6 -1.6 -1.6 -1.6 -1.6 -1.6
123.9 112.6 105.5 98.2 94.9 93.9 94.9 96.2 93.2 91 94.6 98 100.1 101.5 101.9 102.7 103.5 104.2 103.6 94.4 76.7 76.9 73.9 65.5 60.5 59.3 58.8 63.1 62 61.3 59.7 59 57.7 56.1 54.3 48.1 43.1 37.9 31.1 19.4 3.1 -1.6 -1.6 -1.6 -1.6 -1.6 -1.6 -1.6 -1.6 -1.6 -1.6 -1.6 -1.6 -1.6 -1.6 -1.6 -1.6 -1.6 -1.6 -1.6 -1.6 -1.6 -1.6 -1.6 -1.6 -1.6 -1.6 -1.6 -1.6 -1.6 -1.6 -1.6 -1.6 -1.6 -1.6 -1.6 -1.6 -1.6 -1.6 -1.6 -1.6 -1.6 -1.6 -1.6
131 120.1 110.6 99.1 94 92.5 92.5 90.4 88 87.1 87.3 93.9 97.1 99.8 101.1 101.9 102.4 101.5 101.2 90.2 74.6 78.1 77.6 68.2 59.5 58.3 58.3 57.8 57.2 57.5 56.7 57.2 56.7 55.4 51.8 46.5 42.6 37.3 32.8 32.9 1.8 -1.6 -1.6 -1.6 -1.6 -1.6 -1.6 -1.6 -1.6 -1.6 -1.6 -1.6 -1.6 -1.6 -1.6 -1.6 -1.6 -1.6 -1.6 -1.6 -1.6 -1.6 -1.6 -1.6 -1.6 -1.6 -1.6 -1.6 -1.6 -1.6 -1.6 -1.6 -1.6 -1.6 -1.6 -1.6 -1.6 -1.6 -1.6 -1.6 -1.6 -1.6 -1.6 -1.6
134.9 127.4 116.2 101.8 94.4 92.1 90 90.2 95.7 92.4 84.2 88.9 93.3 96.9 99.6 100.4 100.9 99.8 95.5 81 77 84.7 83.8 67.7 58.7 57.4 56.9 56.4 55.7 55.7 56 56.6 56.3 53.8 49.3 44.8 40.9 37.5 33.6 34 1.1 -1.6 -1.6 -1.6 -1.6 -1.6 -1.6 -1.6 -1.6 -1.6 -1.6 -1.6 -1.6 -1.6 -1.6 -1.6 -1.6 -1.6 -1.6 -1.6 -1.6 -1.6 -1.6 -1.6 -1.6 -1.6 -1.6 -1.6 -1.6 -1.6 -1.6 -1.6 -1.6 -1.6 -1.6 -1.6 -1.6 -1.6 -1.6 -1.6 -1.6 -1.6 -1.6 -1.6
137.4 131.9 121.6 109.3 98.6 93.4 94.9 96.6 96.2 92.5 86.1 85.2 89.9 93.2 96.3 97.4 98.6 98.4 90.4 74.2 78.1 86.4 78.6 62.9 56.9 56.2 55.7 55.8 55.7 55.7 55.7 55.5 55.3 52.3 47.9 43.4 40.3 37.4 33 33.4 -1.6 -1.6 -1.6 -1.6 -1.6 -1.6 -1.6 -1.6 -1.6 -1.6 -1.6 -1.6 -1.6 -1.6 -1.6 -1.6 -1.6 -1.6 -1.6 -1.6 -1.6 -1.6 -1.6 -1.6 -1.6 -1.6 -1.6 -1.6 -1.6 -1.6 -1.6 -1.6 -1.6 -1.6 -1.6 -1.6 -1.6 -1.6 -1.6 -1.6 -1.6 -1.6 -1.6 -1.6
137.9 133 125.8 116.7 107.9 101.8 101 98.7 96.6 94 88.3 80 86.1 89.2 91.5 94.5 95.6 96.8 85.9 73.1 78.2 85.4 72.2 60 55.7 55.5 55.6 56.8 54.7 54.6 54.6 54.4 53.7 51 47.5 42.7 39.7 35.3 28.8 16.7 -1.6 -1.6 -1.6 -1.6 -1.6 -1.6 -1.6 -1.6 -1.6 -1.6 -1.6 -1.6 -1.6 -1.6 -1.6 -1.6 -1.6 -1.6 -1.6 -1.6 -1.6 -1.6 -1.6 -1.6 -1.6 -1.6 -1.6 -1.6 -1.6 -1.6 -1.6 -1.6 -1.6 -1.6 -1.6 -1.6 -1.6 -1.6 -1.6 -1.6 -1.6 -1.6 -1.6 -1.6
137.8 133.9 128.2 121.5 113.6 107.5 102 99.1 96.5 93.9 89.5 79.6 77.3 81.8 86.5 90.5 94.1 96.1 89.5 75.3 76.6 80.2 67.3 57.2 55.3 55.6 55.8 55.7 54.4 53.5 53.4 53.2 52.5 50.5 46.6 40.4 36.4 32 31.8 10.7 0.9 -1.6 1.2 1.7 4 3.5 -1.6 -1.6 -1.6 -1.6 -1.6 -1.6 -1.6 -1.6 -1.6 -1.6 -1.6 -1.6 -1.6 -1.6 -1.6 -1.6 -1.6 -1.6 -1.6 -1.6 -1.6 -1.6 -1.6 -1.6 -1.6 -1.6 -1.6 -1.6 -1.6 -1.6 -1.6 -1.6 -1.6 -1.6 -1.6 -1.6 -1.6 -1.6
137.2 134.5 129.4 124.5 118 110.2 100.9 98.7 96.3 93.4 88.4 83.1 78.2 75.6 76.7 87.9 91.8 93.8 91.2 79.3 74 76.9 65.3 56 55 55.4 56.1 55.3 54.1 52.9 52.3 52 51.3 49 43.9 37.4 39.1 37 34.9 34.2 25.5 33.3 30.6 28.2 25 23.9 23.5 10.5 3.8 1.9 1.6 -1.6 -1.6 -1.6 -1.6 -1.6 -1.6 -1.6 -1.6 -1.6 -1.6 -1.6 -1.6 -1.6 -1.6 -1.6 -1.6 -1.6 -1.6 -1.6 -1.6 -1.6 -1.6 -1.6 -1.6 -1.6 -1.6 -1.6 -1.6 -1.6 -1.6 -1.6 -1.6 -1.6
136.4 134.6 131.9 127.8 124.6 110.7 100.9 98.2 96.3 92.5 89.2 84.3 79.9 75.9 72.5 83.6 88.2 89.5 83.4 72.7 77.9 76.4 63.8 56.2 56.2 56.8 57 55.1 53.3 51.8 50.9 50.7 48.1 41.9 41 42.6 41.5 38 36.9 35.9 33.8 33.8 33.7 31.5 31 30.2 24.6 30.8 32.4 31.8 30.8 1.9 -1.6 -1.6 -1.6 -1.6 -1.6 -1.6 -1.6 -1.6 -1.6 -1.6 -1.6 -1.6 -1.6 -1.6 -1.6 -1.6 -1.6 -1.6 -1.6 -1.6 -1.6 -1.6 -1.6 -1.6 -1.6 -1.6 -1.6 -1.6 -1.6 -1.6 -1.6 -1.6
134.4 135.4 134.4 131.7 130.8 116.1 101 97.7 97.2 89.3 79.1 79.4 83.7 81.6 75 75.2 83.1 78.5 70.3 72.5 75.7 74.3 61.1 56.1 55.9 55.9 55.7 53.8 52.2 50.5 49.5 48.1 43.4 45.8 46.4 46 42.8 40 38.9 37.6 36.7 36.1 36.3 36.3 37.2 35.3 30.3 34.3 31.9 27.9 26.9 20.7 1.6 -1.6 -1.6 -1.6 -1.6 -1.6 -1.6 -1.6 -1.6 -1.6 -1.6 -1.6 -1.6 -1.6 -1.6 -1.6 -1.6 -1.6 -1.6 -1.6 -1.6 -1.6 -1.6 -1.6 -1.6 -1.6 -1.6 -1.6 -1.6 -1.6 -1.6 -1.6
133.9 134.7 134.4 132.9 131.8 122.9 104.2 97.6 97.4 87.4 74.5 76.6 86.7 85.5 75.3 67 70.3 69.1 70.5 70.3 71 67.9 57.1 55.9 55.4 54.9 54.3 52.7 51.1 49.4 48.3 47.1 48.5 49.2 49.6 48.7 44.9 41.9 41.2 40.6 39.6 38.7 38.3 38.6 38.1 34.5 31.9 33.6 34.9 35.2 34.7 33.9 4.9 -1.6 -1.6 -1.6 -1.6 -1.6 -1.6 -1.6 -1.6 -1.6 -1.6 -1.6 -1.6 -1.6 -1.6 -1.6 -1.6 -1.6 -1.6 -1.6 -1.6 -1.6 -1.6 -1.6 -1.6 -1.6 -1.6 -1.6 -1.6 -1.6 -1.6 -1.6
133.3 134 133.4 132.7 131.7 127.3 111.1 98.4 94.1 85.6 74 74 85.9 84.9 72.8 64.3 63.6 64.1 66.5 66.4 65 62 56.3 54.5 53.7 53.5 53.3 51.7 50.1 49.1 49.2 51.1 51.7 51.8 51.6 49.9 48.2 46.2 44.8 43.7 42.7 41.7 40.6 40.4 39.4 36.3 35.6 37.4 37.5 37.9 37 34.9 31.1 1.7 -1.6 -1.6 -1.6 -1.6 -1.6 -1.6 -1.6 -1.6 -1.6 -1.6 -1.6 -1.6 -1.6 -1.6 -1.6 -1.6 -1.6 -1.6 -1.6 -1.6 -1.6 -1.6 -1.6 -1.6 -1.6 -1.6 -1.6 -1.6 -1.6 -1.6
132.3 132.3 131.7 130.8 130.5 129.4 119.4 101.5 92.4 84.1 72.2 70.8 83.4 84.4 71.7 62.8 61.3 64.1 65.6 64.9 64.2 61.3 57.4 53.2 52.3 52.2 52.1 50.9 49.7 50.6 52.3 53.2 53.5 53.7 52.9 52.1 51.6 49.4 47.7 46.4 45.3 44.3 43.1 41.7 39.9 38 40.1 40.3 39.7 39.6 38.2 36.4 35.5 3 0.8 -1.6 -1.6 -1.6 -1.6 -1.6 -1.6 -1.6 -1.6 -1.6 -1.6 -1.6 -1.6 -1.6 -1.6 -1.6 -1.6 -1.6 -1.6 -1.6 -1.6 -1.6 -1.6 -1.6 -1.6 -1.6 -1.6 -1.6 -1.6 -1.6
130.3 130.7 129.8 128.8 128.5 128.2 123.5 106.9 91.9 80.1 70.8 69.6 82.2 82.3 67.8 61.6 60.1 63.1 65.6 63.5 61.8 58.8 55.5 52.2 51 50.9 50.8 50.7 50.8 53.4 55.2 55.4 55.5 55.4 54.9 54.8 54 51.9 50.5 49.1 47.7 46.7 44.5 42.1 39.9 40.9 42.9 42.8 41.9 40.9 39.8 38 36 16.6 1.5 -1.6 -1.6 -1.6 -1.6 -1.6 -1.6 -1.6 -1.6 -1.6 -1.6 -1.6 -1.6 -1.6 -1.6 -1.6 -1.6 -1.6 -1.6 -1.6 -1.6 -1.6 -1.6 -1.6 -1.6 -1.6 -1.6 -1.6 -1.6 -1.6
128.6 129 127.9 126.8 126.5 126.2 121.9 109.4 93 77.6 66.9 70.9 80.9 80.8 65.8 60.6 59.4 61.6 64.3 61.7 59.1 56.3 53.5 50.8 50.1 49.8 50 52.1 52 54.5 56 56.6 57.1 58.1 57.6 57.4 56.3 54.8 53.3 51.9 50.2 48.1 45.9 43.6 42.6 43.2 44.8 43.7 42.6 41.7 40.6 38.8 36.7 34.8 1.7 -1.6 -1.6 -1.6 -1.6 -1.6 -1.6 -1.6 -1.6 -1.6 -1.6 -1.6 -1.6 -1.6 -1.6 -1.6 -1.6 -1.6 -1.6 -1.6 -1.6 -1.6 -1.6 -1.6 -1.6 -1.6 -1.6 -1.6 -1.6 -1.6
127.1 126.5 125.6 124.8 124.6 123.7 118.8 111.4 93.4 76.5 66.2 72.3 80.3 79.5 66.8 59.4 58.3 60.1 62.9 60 57.2 54.1 51.3 49.4 49.3 49.5 50.4 52.3 53.9 55.5 56.8 58.2 59.3 60.6 60.4 60.1 59 57.3 55.4 53.5 51.5 49.3 47.1 45.3 45.7 46.2 45.7 44.5 43.3 42.4 41.5 39.6 37.4 34.9 2 -1.6 -1.6 -1.6 -1.6 -1.6 -1.6 -1.6 -1.6 -1.6 -1.6 -1.6 -1.6 -1.6 -1.6 -1.6 -1.6 -1.6 -1.6 -1.6 -1.6 -1.6 -1.6 -1.6 -1.6 -1.6 -1.6 -1.6 -1.6 -1.6
124.9 124 123.2 122.5 122 120.5 117.1 108.7 93.3 77.1 64.9 69.9 75.4 79.3 69.8 59.4 57.2 59.1 60.1 58.8 55.4 52.1 48.9 49.1 49.7 49.9 50.8 53.2 54.8 56.5 58.6 60.4 62.8 64.8 66.1 63.5 60.6 58.7 56.7 54.7 52.7 50.5 48.7 47 47.2 46.6 46.3 45.2 44 43.1 42.3 40.2 38 35.8 6.1 1.4 -1.6 -1.6 -1.6 -1.6 -1.6 -1.6 -1.6 -1.6 -1.6 -1.6 -1.6 -1.6 -1.6 -1.6 -1.6 -1.6 -1.6 -1.6 -1.6 -1.6 -1.6 -1.6 -1.6 -1.6 -1.6 -1.6 -1.6 -1.6
122.4 121.6 120.9 120.2 119.4 116.7 113.7 105.5 93.2 79.9 64.1 65.4 69 73.2 69.8 60.4 57.7 58.4 59.2 58.8 54.5 50.8 49 49.2 49.8 50.2 51.3 53.5 56.4 59.2 63 66.6 66.3 66.4 65.8 62.9 61.8 60.1 58.1 56 54 52.1 50.4 48.7 47.9 47.3 46.6 45.8 44.7 44.2 43.8 42 39.8 37.6 17.6 1.5 -1.6 -1.6 -1.6 -1.6 -1.6 -1.6 -1.6 -1.6 -1.6 -1.6 -1.6 -1.6 -1.6 -1.6 -1.6 -1.6 -1.6 -1.6 -1.6 -1.6 -1.6 -1.6 -1.6 -1.6 -1.6 -1.6 -1.6 -1.6
118.4 118.7 118.5 117.8 116.8 112.6 107.6 100 91.8 85.2 72.7 62.8 63.4 65.7 64.6 59.3 57.2 57.5 58.4 58.6 54 50.6 50 49.6 49.9 50.5 51.7 54.6 60 65.5 70.6 71.2 69 66.9 64.7 63.6 62.6 61.6 59.7 57.7 55.6 53.8 51.8 49.2 48.3 47.7 47.1 45.9 44.7 45.3 45.4 43.7 41.3 38.8 37.6 1.6 -1.6 -1.6 -1.6 -1.6 -1.6 -1.6 -1.6 -1.6 -1.6 -1.6 -1.6 -1.6 -1.6 -1.6 -1.6 -1.6 -1.6 -1.6 -1.6 -1.6 -1.6 -1.6 -1.6 -1.6 -1.6 -1.6 -1.6 -1.6
114.7 115.3 115.4 115.4 114.6 109.9 103.3 94.9 99.3 96.2 80.3 67.2 60.7 60.8 59.2 57.8 57.1 57.6 58.4 57.2 52.2 50.8 51.6 51.4 51 50.9 52.8 58 64.6 71.5 74.5 72.2 70 67.9 65.7 64.1 63.3 62.4 61.4 59.3 57.3 54.7 51.3 49.5 48.7 48 47.4 46 44.6 45.4 46.6 45.7 43 41.1 40.5 1.8 -1.6 -1.6 -1.6 -1.6 -1.6 -1.6 -1.6 -1.6 -1.6 -1.6 -1.6 -1.6 -1.6 -1.6 -1.6 -1.6 -1.6 -1.6 -1.6 -1.6 -1.6 -1.6 -1.6 -1.6 -1.6 -1.6 -1.6 -1.6
