data/500000-490000.asc
ncols 200
nrows 200
xllcorner 500000
yllcorner 490000
cellsize 50
[rows 114 to 151 of 200, columns 0 to 83 of 200]
111.2 111.8 112 112.1 111.8 106.7 96.4 100.2 104.8 101.2 84.4 70 61.5 58.7 57 56.9 57.7 58.4 59.4 55.6 50.1 50.4 51.3 52 51.8 51.6 55.7 61.4 69.1 77.3 78 75.6 72 69.3 66.7 64.5 63.7 62.9 62.1 61 58.6 55.1 51.7 49.9 49.1 48.3 47.7 46.2 44.6 44.8 45.6 46.3 45.1 43.1 41.3 1.9 -1.6 -1.6 -1.6 -1.6 -1.6 -1.6 -1.6 -1.6 -1.6 -1.6 -1.6 -1.6 -1.6 -1.6 -1.6 -1.6 -1.6 -1.6 -1.6 -1.6 -1.6 -1.6 -1.6 -1.6 -1.6 -1.6 -1.6 -1.6
107.8 108.4 108.5 108.7 106.7 99.8 96.6 103.2 103.1 101.8 88.3 72.2 61.9 58 56.6 56 56.9 58 58.2 52.6 49.6 49.9 50.8 51.8 52.4 54.2 58.5 65.6 74.5 80.7 81.9 80.3 75.6 71.7 67.7 64.9 64.1 63.3 62.5 61.6 60.3 56.5 52.4 50.1 49.3 48.7 47.8 46 44.3 43 44 44.9 46.2 43.7 41.3 11.5 1.6 -1.6 -1.6 -1.6 -1.6 -1.6 -1.6 -1.6 -1.6 -1.6 -1.6 -1.6 -1.6 -1.6 -1.6 -1.6 -1.6 -1.6 -1.6 -1.6 -1.6 -1.6 -1.6 -1.6 -1.6 -1.6 -1.6 -1.6
104.4 104.9 105.2 105.8 103 95.6 98.4 100.7 100.7 100.2 92.8 75.1 63.7 57.5 55.9 55.3 55.7 56 55.3 52.2 49.7 50 50.3 51.5 53.4 57 60.7 67.9 76.2 81 84.2 84.3 78.7 73.3 68.3 65.7 64.7 63.9 63 62.1 60.8 56.9 52.8 50.3 48.6 48.1 47.2 45.7 44 42.3 42.2 43.2 44.9 45 41.4 17.3 1.9 1.4 -1.6 -1.6 -1.6 -1.6 -1.6 -1.6 -1.6 -1.6 -1.6 -1.6 -1.6 -1.6 -1.6 -1.6 -1.6 -1.6 -1.6 -1.6 -1.6 -1.6 -1.6 -1.6 -1.6 -1.6 -1.6 -1.6
100.9 101.3 102.4 103.1 97.1 96.5 98.6 98.7 98.6 98.4 94.1 78.7 64.9 57.5 55.7 54.6 54.7 54.8 53 50.7 49.9 49.7 50.5 52.4 55.6 59.2 61.5 66.6 74.6 80.7 84.7 85.3 80.3 74.8 70.3 67.3 65.7 64.9 63.8 62.9 60.4 57 52.9 50.5 48.6 47.4 46.6 45 43.5 41.9 40.4 41.8 43.4 46.1 42.3 35.2 4.9 1.9 1.2 0.4 -1.6 -1.6 -1.6 -1.6 -1.6 -1.6 -1.6 -1.6 -1.6 -1.6 -1.6 -1.6 -1.6 -1.6 -1.6 -1.6 -1.6 -1.6 -1.6 -1.6 -1.6 -1.6 -1.6 -1.6
95.7 95.4 96.8 96.9 94.1 94.9 96.6 96.6 96.4 96.5 94.6 83.1 66.5 57.3 54.4 54.1 54.7 53 50.9 50.1 49.6 49.7 51.5 54.3 57.1 60.2 62.1 65.7 72.8 80.6 85.8 86.4 83.2 78.4 74.2 70.3 67.5 65.6 64.5 63.5 60.1 56.6 53.2 50.5 48 46.1 46.1 45.3 43.8 42.3 40.5 40 41.5 42.9 43.3 41.7 38.6 19.9 3.6 1.5 0.6 -1.6 -1.6 -1.6 -1.6 -1.6 -1.6 -1.6 -1.6 -1.6 -1.6 -1.6 -1.6 -1.6 -1.6 -1.6 -1.6 -1.6 -1.6 -1.6 -1.6 -1.6 -1.6 -1.6
89.9 90.4 91.4 91.3 91.3 92.5 94.3 96.2 95.7 94.8 92.7 87.3 70.1 58.9 53.7 54.2 54.5 51.7 49.4 49.7 49.3 49.6 51.2 54 57 59.5 61.5 65.8 73.5 78.9 84.6 86.8 85.8 81.8 77.7 73.7 69.3 66.8 65.4 63.1 59.9 56.6 53.3 50.2 47.4 45.1 45.2 44.9 44.5 42.8 41 40 39.6 40.6 41.8 42 39.4 36.6 35.5 13.2 1.9 -1.6 -1.6 -1.6 -1.6 -1.6 -1.6 -1.6 -1.6 -1.6 -1.6 -1.6 -1.6 -1.6 -1.6 -1.6 -1.6 -1.6 -1.6 -1.6 -1.6 -1.6 -1.6 -1.6
81.7 87.1 87.4 87.3 83.6 89 89.3 81.3 79.7 86.5 81.2 86.2 70.4 60.3 54.2 53.4 53.7 51.3 49.2 49.1 49.2 49.6 51.4 53.5 55.9 58.3 60.8 66.2 72.3 77.2 82.4 86.1 86.3 84.9 81.8 76 71.3 68.1 65.8 63 60.1 57 53.8 50.5 47.5 44.5 44.2 43.7 43.2 41.9 41 40.5 39.6 39.8 41 42 39.6 36.9 35.5 3.8 1.8 -0.8 -1.6 -1.6 -1.6 -1.6 -1.6 -1.6 -1.6 -1.6 -1.6 -1.6 -1.6 -1.6 -1.6 -1.6 -1.6 -1.6 -1.6 -1.6 -1.6 -1.6 -1.6 -1.6
70.6 76.1 75 69.8 71 76 79.9 80 80.8 76.5 80 81.1 69.1 59.6 54 53.1 51.7 50.4 49.4 49.4 49.2 49.4 51.1 52.9 54.9 57.3 60.4 65.7 70.6 75.5 80.7 85.7 85.9 85.7 83.8 79.2 72.6 68.7 65.6 62.7 59.8 56.9 54 50.9 47.8 44.5 42.7 42.2 41.9 41.2 40.8 40.3 39.9 39.2 40.3 41.5 39.8 36.8 21.6 1.9 1.7 -1.6 -1.6 -1.6 -1.6 -1.6 -1.6 -1.6 -1.6 -1.6 -1.6 -1.6 -1.6 -1.6 -1.6 -1.6 -1.6 -1.6 -1.6 -1.6 -1.6 -1.6 -1.6 -1.6
69.2 65.3 68.7 69.8 67.7 62.8 59.8 57.7 61.6 65.6 68.4 71.9 59.2 56.2 52.3 49.6 49.2 49.1 49 48.5 48.1 49 50.7 52.4 54.2 56.3 60 63.6 67.9 73 77.6 82.8 84.6 85.2 84.2 80.8 73.3 69.1 65.3 62.4 59.5 56.6 53.7 50.6 47 43.8 41.9 40.4 40.7 41 40.5 40 39.6 39.2 39.4 40.9 40.7 37.2 7.6 1.8 1.5 -1.6 -1.6 -1.6 -1.6 -1.6 -1.6 -1.6 -1.6 -1.6 -1.6 -1.6 -1.6 -1.6 -1.6 -1.6 -1.6 -1.6 -1.6 -1.6 -1.6 -1.6 -1.6 -1.6
59.7 59.4 58.3 60.6 57.2 54.9 56.7 55.7 54.5 56.1 58 61.6 57.3 54.7 51.6 48.8 48.1 47.3 47.3 47.5 47.4 48.5 50.3 52 53.8 55.6 58.3 61.8 65.3 69.3 71.9 76.3 79 80.6 82.1 81.1 74.3 68.8 64.7 62.2 59.3 56.4 53.2 50 46.3 43.1 40.3 39.6 40.3 40.9 40.3 39.7 39.3 38.1 38.1 39.3 41.4 27.5 3 1.7 -1.6 -1.6 -1.6 -1.6 -1.6 -1.6 -1.6 -1.6 -1.6 -1.6 -1.6 -1.6 -1.6 -1.6 -1.6 -1.6 -1.6 -1.6 -1.6 -1.6 -1.6 -1.6 -1.6 -1.6
52.4 53 53.5 52.4 52 52.1 53.2 52.4 52.9 54 55.2 55.4 54.7 51.7 49.3 47.9 47.9 46.8 46.7 46.5 46.7 48.1 49.9 51.7 53.5 55.2 57.2 60.2 63.7 65.9 69 73.7 76.1 77.1 78.1 79.1 73.3 67.8 64.6 62 59 55.9 52.7 49.3 46.3 43.7 40.6 39.8 39.7 40.4 40.1 39.4 38.2 36.9 36.8 37.9 40.4 17.3 1.8 1.5 -1.6 -1.6 -1.6 -1.6 -1.6 -1.6 -1.6 -1.6 -1.6 -1.6 -1.6 -1.6 -1.6 -1.6 -1.6 -1.6 -1.6 -1.6 -1.6 -1.6 -1.6 -1.6 -1.6 -1.6
51 50.8 50.6 50 50.2 50.3 49.7 49.9 50.1 51.7 51.3 50.7 49.2 48.1 49 50.4 49.6 47.3 46.9 46.3 46.2 47.7 49.6 51.4 53.2 54.9 56.6 58.9 61.8 64.3 67.2 71.1 73.3 74.3 75.8 76.9 71.5 67.7 64.4 61.2 58.3 55.3 52.1 49.2 46.9 44.6 42.4 40.8 38.8 39.2 39 38.1 36.9 35.6 35.5 36.6 37.5 3.6 1.7 1.3 -1.6 -1.6 -1.6 -1.6 -1.6 -1.6 -1.6 -1.6 -1.6 -1.6 -1.6 -1.6 -1.6 -1.6 -1.6 -1.6 -1.6 -1.6 -1.6 -1.6 -1.6 -1.6 -1.6 -1.6
50.7 50.9 51.1 50.7 50.6 50.3 49.9 49.7 49.4 49.2 49.2 48.7 48.6 50.1 51.9 54.5 51.6 49.1 47.2 46.3 45.6 47 49.3 51.1 52.8 54.5 56.3 57.8 59.7 63.1 66.5 69.8 71.5 73.1 74.6 74.7 70.9 66.8 62.9 59.8 56.9 54.4 52.2 50.9 48.8 46.6 44.3 41.8 39.1 38.3 38.4 36.8 35.5 34.8 34.5 35 27.3 2.3 1.6 1.1 -1.6 -1.6 -1.6 -1.6 -1.6 -1.6 -1.6 -1.6 -1.6 -1.6 -1.6 -1.6 -1.6 -1.6 -1.6 -1.6 -1.6 -1.6 -1.6 -1.6 -1.6 -1.6 -1.6 -1.6
54.3 52.7 52.5 51.7 51 50.8 50.3 50.3 51.3 52.7 50.5 52 51.8 51.9 54.4 53.7 51.3 49.7 46.3 45.8 45.3 46.4 48.8 50.7 52.4 53.6 54.8 55.8 57.1 60.2 63.5 66.4 68.9 71.3 72.4 71.7 69.7 65.7 62 59.5 57.3 55 53.4 51.9 49.3 47.1 45 42.4 39.6 36.8 37.3 35.5 34.6 34.4 34.2 33.7 24.5 1.9 1.4 0.9 -1.6 -1.6 -1.6 -1.6 -1.6 -1.6 -1.6 -1.6 -1.6 -1.6 -1.6 -1.6 -1.6 -1.6 -1.6 -1.6 -1.6 -1.6 -1.6 -1.6 -1.6 -1.6 -1.6 -1.6
59.3 56.4 55 53.5 52.2 51.5 51 51.2 52.9 54.6 54.8 54.5 53.4 52.4 51.5 50.4 48.3 46.5 44.5 44.2 45.8 46.5 48.5 50.4 51 52.2 53.2 54.2 55.2 57.2 60.3 63 65.8 68.1 70 69.5 68.9 65.1 61.8 59.3 57.6 55.8 54.3 52.8 50.2 47.7 45.5 43 40.2 37.3 35.7 34.1 33.5 33.1 33.9 33.7 6.9 1.8 1.3 -1.6 -1.6 -1.6 -1.6 -1.6 -1.6 -1.6 -1.6 -1.6 -1.6 -1.6 -1.6 -1.6 -1.6 -1.6 -1.6 -1.6 -1.6 -1.6 -1.6 -1.6 -1.6 -1.6 -1.6 -1.6
63.6 60.4 57.1 55.4 53.8 52.2 51.7 52.3 53.3 54.4 54.6 54.9 53.5 51.8 50.3 48.6 46.8 45.3 45.3 45.7 46.6 47.4 48.2 49.4 49.8 50.7 51.7 52.8 53.9 55.2 56.8 59.5 62.7 64.8 66.2 67.7 66.8 63.1 60.5 59.8 58.5 57.2 55.2 53.7 51.1 48.4 46.1 43.2 40.2 37.6 36.1 34.1 32.3 31.9 31.5 18.8 1.9 1.6 -1.6 -1.6 -1.6 -1.6 -1.6 -1.6 -1.6 -1.6 -1.6 -1.6 -1.6 -1.6 -1.6 -1.6 -1.6 -1.6 -1.6 -1.6 -1.6 -1.6 -1.6 -1.6 -1.6 -1.6 -1.6 -1.6
68.9 66.4 60.4 57.7 55.7 54.2 52.8 52.3 53.7 54.2 54.5 54.7 53.2 51.8 50.3 48.5 46.6 45.5 45 45.2 45.8 46.2 47.3 47.8 48.4 49.3 50.4 51.6 52.8 54.1 55.4 57.2 60 62.3 64.2 65.1 64.4 60.4 60.5 60.7 59.7 58.7 56.7 54.7 52 49.1 46.6 43 40.5 38.7 37 35.4 33.8 33.1 17.2 2.4 1.9 -1.6 -1.6 -1.6 -1.6 -1.6 -1.6 -1.6 -1.6 -1.6 -1.6 -1.6 -1.6 -1.6 -1.6 -1.6 -1.6 -1.6 -1.6 -1.6 -1.6 -1.6 -1.6 -1.6 -1.6 -1.6 -1.6 -1.6
74.2 71.4 66.5 61 58.3 56.1 55.2 53.1 52.6 54.2 54.8 54.3 53 51.7 50.2 48.4 46.7 46.4 45.7 44.3 44.5 44.6 45.4 45.9 46.6 47.6 49.2 50.4 51.7 53 54.3 56 58.2 61 62.9 63.5 62.5 60.6 61.2 61.7 61 59.5 57.5 55.1 52.7 49.6 47.3 44.7 41.8 40 38.2 36.5 35.1 33.9 13.8 1.9 1.9 -1.6 -1.6 -1.6 -1.6 -1.6 -1.6 -1.6 -1.6 -1.6 -1.6 -1.6 -1.6 -1.6 -1.6 -1.6 -1.6 -1.6 -1.6 -1.6 -1.6 -1.6 -1.6 -1.6 -1.6 -1.6 -1.6 -1.6
78.6 76.3 71.7 66.6 61.5 58.6 57.8 55.5 54.1 55.3 54.4 53.9 52.7 51.9 51 49.5 48 48.1 49.2 46.6 43.1 43 43.3 44.1 44.8 45.7 48 49.3 50.6 52.1 53.5 55.1 57.1 59.2 61.6 61.9 60.7 59.5 61.1 63.1 62.1 60.4 57.5 54.6 50.7 49.8 47.5 45.2 42.8 40.2 38.8 37.4 36.4 35.7 15.5 1.9 1.8 -1.6 -1.6 -1.6 -1.6 -1.6 -1.6 -1.6 -1.6 -1.6 -1.6 -1.6 -1.6 -1.6 -1.6 -1.6 -1.6 -1.6 -1.6 -1.6 -1.6 -1.6 -1.6 -1.6 -1.6 -1.6 -1.6 -1.6
81.1 78.9 76.4 72.1 63 66.2 63.4 63.3 58.8 58.9 58.2 56.8 56.2 55.7 53.7 52.1 50.7 50.1 51.7 49.1 47.2 44.6 43.9 43.4 43.3 43.9 46.9 48.7 49.8 51.2 52.7 54.3 56.2 58.2 60.2 60.1 58.9 59.7 63 64.3 63.3 61.5 57.1 52.7 50.6 49.2 47.4 45.1 43 40.6 38.9 38.3 38 37.1 30 1.9 1.6 -1.6 -1.6 -1.6 -1.6 -1.6 -1.6 -1.6 -1.6 -1.6 -1.6 -1.6 -1.6 -1.6 -1.6 -1.6 -1.6 -1.6 -1.6 -1.6 -1.6 -1.6 -1.6 -1.6 -1.6 -1.6 -1.6 -1.6
83.9 81.6 79.6 74.7 65.7 72.5 71.5 71.2 67.5 65.3 63.4 61.2 60 59.2 56.6 54.8 53.7 52.8 51.5 50.2 49 47.3 45.3 44.3 43.3 42.1 46.4 48.8 50.2 51.2 52.1 53.5 55.3 56.9 57.8 58.4 58.1 60.5 63.3 65.7 64.8 61.2 55.1 51.4 49.4 48.1 46.6 45 42.8 40.9 39.3 38.2 37.2 36.1 36 3.3 1.5 0.8 -1.6 -1.6 -1.6 -1.6 -1.6 -1.6 -1.6 -1.6 -1.6 -1.6 -1.6 -1.6 -1.6 -1.6 -1.6 -1.6 -1.6 -1.6 -1.6 -1.6 -1.6 -1.6 -1.6 -1.6 -1.6 -1.6
84.1 81.5 80.2 68.5 75 76.5 76.2 74.7 73 70.4 68.3 66.1 64.8 63.2 60.4 58.2 57.4 55.7 53.7 51.8 51.1 48.5 45.8 44.5 43.5 41.9 45.4 48.3 50.7 51 51 52.5 53.7 54.6 54.8 55.5 55.6 59.7 62.1 66 66.5 59.5 53 50.2 48.4 46.9 45.4 44.5 42.3 40.3 38.2 37.1 36.1 35 32.8 4.2 1.4 0.7 -1.6 -1.6 -1.6 -1.6 -1.6 -1.6 -1.6 -1.6 -1.6 -1.6 -1.6 -1.6 -1.6 -1.6 -1.6 -1.6 -1.6 -1.6 -1.6 -1.6 -1.6 -1.6 -1.6 -1.6 -1.6 -1.6
83.9 80.4 79.4 79 78.3 78.6 77.8 76.2 74.5 72.7 71.8 71.1 70.6 70 67.7 64.3 61.1 58 57.5 56.8 53.7 50.9 47.9 46.2 44.7 42.9 44.7 48.1 50.1 49.6 50.2 50.4 52 53.8 55.3 55.6 55.2 54.2 54.9 57.7 61.5 59.7 52.1 49.1 49.8 47.6 45.9 44.2 40.7 39.8 37.4 36 34.9 33.9 34.2 3.3 1.3 0.6 -0.1 -1.6 -1.6 -1.6 -1.6 -1.6 -1.6 -1.6 -1.6 -1.6 -1.6 -1.6 -1.6 -1.6 -1.6 -1.6 -1.6 -1.6 -1.6 -1.6 -1.6 -1.6 -1.6 -1.6 -1.6 -1.6
83.6 78 83.5 83 81.4 80.3 79.1 77.7 76 74.3 73.5 72.8 72.3 71.6 69.9 67 63.4 61 60.1 58.2 56.2 52 50.1 48 46.5 44.2 42.9 46.1 46.7 45.7 46.4 48.4 50.1 54.9 56.2 57 57.9 58.2 57.1 54.8 51 50.9 49.8 49.8 51.5 49.4 47.1 44.8 42.6 39.5 36.6 34.8 34 33.1 25.2 10.1 1.6 0.9 0.1 -0.7 -1.6 -1.6 -1.6 -1.6 -1.6 -1.6 -1.6 -1.6 -1.6 -1.6 -1.6 -1.6 -1.6 -1.6 -1.6 -1.6 -1.6 -1.6 -1.6 -1.6 -1.6 -1.6 -1.6 -1.6
82.4 83.1 85.9 84.9 83.2 81.1 79.7 78.3 77.2 76.1 75.2 74.4 73.5 72 70.2 68.4 65.6 63.4 61.4 59.3 56.7 53.8 50 48 45.8 44.8 41.9 43.6 43.9 44.7 45.3 47 50.8 54.3 56.8 58.8 60.6 62.9 64.1 60.9 56.7 55.7 54 53.3 55.4 50.4 48.2 45.8 42.3 39 36.6 36 35.7 35.7 35 29.4 1.9 1.2 0.4 -0.3 -1.6 -1.6 -1.6 -1.6 -1.6 -1.6 -1.6 -1.6 -1.6 -1.6 -1.6 -1.6 -1.6 -1.6 -1.6 -1.6 -1.6 -1.6 -1.6 -1.6 -1.6 -1.6 -1.6 -1.6
81.2 83.7 87.7 87.2 85.6 83.7 81.9 80.1 79 77.9 77 75.5 74.1 72.3 70.6 68.7 66.8 64.4 61.6 59.1 56.6 53.7 50.9 47.2 45.9 45.6 46 41.3 42.1 42.4 43.9 44.8 49.9 53.7 56.6 59.5 62.6 64.5 65 65.6 65.4 64.3 59.9 56.7 56.2 51.9 48.5 44.9 41.4 39.4 37.8 37.3 37.6 38.4 38.2 37.3 3.8 1.4 0.8 0.1 -0.3 -0.9 -1.6 -1.6 -1.6 -1.6 -1.6 -1.6 -1.6 -1.6 -1.6 -1.6 -1.6 -1.6 -1.6 -1.6 -1.6 -1.6 -1.6 -1.6 -1.6 -1.6 -1.6 -1.6
83.7 85.4 88.4 88.4 86.7 86.7 84.3 82 80.8 79.7 78.6 76.6 74 72.1 70.4 68.1 65.4 63.3 61.3 58.5 56.4 53.6 51 47.5 46 46.4 47.5 47 42 41.7 40.3 44.2 47.9 52.8 55.7 58.6 61.3 63 63.5 64.7 65.4 64.8 61 56.9 55.3 52.3 48.1 45 42.9 40.7 38.9 39 39.7 40.9 42.1 43 22.4 1.9 1.2 0.7 0.3 -0.6 -1.6 -1.6 -1.6 -1.6 -1.6 -1.6 -1.6 -1.6 -1.6 -1.6 -1.6 -1.6 -1.6 -1.6 -1.6 -1.6 -1.6 -1.6 -1.6 -1.6 -1.6 -1.6
85.9 88.5 89.2 87.9 86.8 86.8 85.3 83.9 83 81.7 79.6 77.4 75 71.8 69.3 66.4 63.8 61.9 60 58.1 55.9 53.6 50.8 47.9 47.1 46 46.8 46.3 42.1 41.9 41.5 42.5 47 51.6 53.7 55.8 57.8 60 61.3 61.8 62 61.8 58.7 53.8 51.7 49.5 47.2 45.6 44.2 42.1 40.2 39.9 41 42.4 45.6 47.5 45.3 12.1 1.7 1.3 0.9 -0.2 -1.6 -1.6 -1.6 -1.6 -1.6 -1.6 -1.6 -1.6 -1.6 -1.6 -1.6 -1.6 -1.6 -1.6 -1.6 -1.6 -1.6 -1.6 -1.6 -1.6 -1.6 -1.6
86.9 88.4 88.8 87.3 86.2 86.4 86.1 85.5 85.1 83 80.5 78.1 75.7 72.8 68.4 64.7 62.9 60.8 58.9 57.1 55.1 52.7 50.1 48.5 47.2 45.8 44.7 43.6 41.7 41.6 41.2 41.8 45.7 49.9 51.7 53.2 54.7 55.8 57.3 57.3 57.6 57.8 54.9 50.5 49.4 48.7 46.7 45.1 45.4 42.9 40.5 40.4 41.3 44.2 46.4 46 46.2 39.3 12.2 1.9 1.4 0.1 -1.6 -1.6 -1.6 -1.6 -1.6 -1.6 -1.6 -1.6 -1.6 -1.6 -1.6 -1.6 -1.6 -1.6 -1.6 -1.6 -1.6 -1.6 -1.6 -1.6 -1.6 -1.6
88 89 89.5 89 84 85.7 85.8 85.5 85.3 84 81.5 78.5 75.5 72.3 68.9 65.4 62.5 60.4 58.2 56.1 54.1 51.9 49.8 48.4 47 45.5 44.1 43.4 43.9 42.4 41.3 39.9 44.8 48.3 49.8 51 52.2 53.2 53.9 53.6 53.8 53.2 50.7 50 48.9 47.8 46.9 46 45.5 43.2 40.5 40.5 41.2 42.5 44.1 42.8 41.2 38.8 37.5 12.8 1.9 -1.6 -1.6 -1.6 -1.6 -1.6 -1.6 -1.6 -1.6 -1.6 -1.6 -1.6 -1.6 -1.6 -1.6 -1.6 -1.6 -1.6 -1.6 -1.6 -1.6 -1.6 -1.6 -1.6
89.3 88.9 88.2 87.2 83.2 81.9 84.4 84.9 84.7 83.8 81.2 77.6 74.4 71.5 69 66.4 63.8 61.5 59.1 56.8 53.5 51.6 49.6 48.2 46.7 45 44 43.7 43.3 42 41.2 40.2 44 46.5 48 48.7 49.7 50.8 50.6 50.5 50 49.6 49.1 48.8 48.5 48.2 47.5 46.7 46 43.7 41.9 41.6 41.9 42.8 41.2 40.3 39.4 35.1 19.8 4.5 -1.6 -1.6 -1.6 -1.6 -1.6 -1.6 -1.6 -1.6 -1.6 -1.6 -1.6 -1.6 -1.6 -1.6 -1.6 -1.6 -1.6 -1.6 -1.6 -1.6 -1.6 -1.6 -1.6 -1.6
90.4 89.3 87.8 85.9 82.5 79.4 82.2 84 84.1 82.8 80.6 76.8 75.5 73.4 70.7 68.2 65.6 63.1 60.8 58 54.3 51.1 49 47.2 45.6 44.4 43.9 43.8 42.8 41.6 40.4 41.6 43.3 44.9 46.6 47.5 48.2 48.8 48.7 48.3 48.1 48 48.3 48.6 48.9 48.6 48 47.2 46.8 45.2 43.6 43.3 42.9 42.9 42.4 41 40.6 41 11.4 -1.6 -1.6 -1.6 -1.6 -1.6 -1.6 -1.6 -1.6 -1.6 -1.6 -1.6 -1.6 -1.6 -1.6 -1.6 -1.6 -1.6 -1.6 -1.6 -1.6 -1.6 -1.6 -1.6 -1.6 -1.6
91.4 90.2 88.9 87.5 84.2 78.7 80.6 82.1 81.7 81.2 80.2 77.8 76.8 75.2 72.5 69.9 67.3 64.7 62.4 58.7 54.7 50.4 48.3 46.6 45.6 44.6 44.3 43.9 42.6 41.3 40.7 41.4 42.5 44 45.2 46.2 46.8 47.3 47.2 46.8 46.7 47.1 47.5 48 48.9 49 48.5 47.8 47.5 46.7 45.3 44.9 43.9 43.5 42.7 43.2 45.1 37 3.7 0.9 -1.6 -1.6 -1.6 -1.6 -1.6 -1.6 -1.6 -1.6 -1.6 -1.6 -1.6 -1.6 -1.6 -1.6 -1.6 -1.6 -1.6 -1.6 -1.6 -1.6 -1.6 -1.6 -1.6 -1.6
92.7 91.4 90.1 88.8 86.5 80.5 79.3 81.2 81.8 81.3 81.4 80 78.1 76.8 74.3 71.7 69.1 66.4 63.2 59.2 53.5 50 48.2 47.3 46.2 45.1 45.2 44.6 43 41.4 40 41 42.7 43.5 43.9 44.6 45.5 45.8 45.8 45.4 45.8 46.3 46.7 47.4 48.3 49.1 48.9 48.6 48.3 47.9 47 45.9 44.9 44.2 44.7 47.1 50 32.6 4.2 1.8 0.5 -1.3 -1.6 -1.6 -1.6 -1.6 -1.6 -1.6 -1.6 -1.6 -1.6 -1.6 -1.6 -1.6 -1.6 -1.6 -1.6 -1.6 -1.6 -1.6 -1.6 -1.6 -1.6 -1.6
94.5 94.9 94 92.3 89.7 83.2 78.2 80 80.7 81.6 82.7 82 79.1 77.3 75.4 72.7 70 66.9 63.1 59 52.6 49.9 48.5 47.9 46.8 46.1 45.8 45.1 43.5 42 40.6 39.8 41.2 42.3 41.5 42.8 43.9 44 43.9 44.3 44.7 45.1 45.5 46.3 47.2 48.1 49.6 49.5 49.1 48.8 47.7 46.8 45.9 45.4 45 48.7 50.3 31.5 14.9 1.9 0.5 -1.6 -1.6 -1.6 -1.6 -1.6 -1.6 -1.6 -1.6 -1.6 -1.6 -1.6 -1.6 -1.6 -1.6 -1.6 -1.6 -1.6 -1.6 -1.6 -1.6 -1.6 -1.6 -1.6
96.1 96.7 96.5 94.8 91.2 86.6 80.5 78.5 79.7 80.8 82.2 81.5 80.4 77.8 75.6 72.5 69.7 67.4 63.8 60.2 54.2 50.2 49.3 48.5 47.8 47 46 44.8 43.3 41.8 40.8 39.6 39.5 41.5 40.2 39.8 41.4 41.5 41.8 42.4 42.9 43.5 44.1 44.8 46 47.1 49.7 50.3 50 48.7 47.7 46.7 45.7 45.8 44.5 44.5 46.9 27.7 2.7 1.8 0.5 -0.8 -1.6 -1.6 -1.6 -1.6 -1.6 -1.6 -1.6 -1.6 -1.6 -1.6 -1.6 -1.6 -1.6 -1.6 -1.6 -1.6 -1.6 -1.6 -1.6 -1.6 -1.6 -1.6
97.6 98.2 96.8 95.1 92.8 89.3 85.4 80.1 77.6 79.2 80.4 81.2 80 77.3 75.1 72.1 69.3 67.1 64.5 60.9 56.5 52.2 50.3 49 47.6 46.7 46.3 45 43.2 41.7 40.7 39.8 39.1 40.6 39.3 39.5 39.6 40.2 41 41.5 42 42.6 43.4 44.3 45 46.7 49.8 50.4 49.8 48.7 47.7 46.6 45.6 45.4 45 43.9 45.1 39 2.2 1.4 0 -1.3 -1.6 -1.6 -1.6 -1.6 -1.6 -1.6 -1.6 -1.6 -1.6 -1.6 -1.6 -1.6 -1.6 -1.6 -1.6 -1.6 -1.6 -1.6 -1.6 -1.6 -1.6 -1.6
98.9 98.1 96.3 94.5 92.5 90.4 87.1 84.4 79.9 77.1 78.6 79.5 79.1 75.7 73.9 71.7 69.1 66.8 64.6 61.7 57.5 53.7 50.9 49.2 47.8 46.4 45.1 44.9 43.1 41.8 40.9 40.1 39.5 39 39.1 39.3 39.4 39.7 40.1 40.6 41.1 41.8 43.3 44.3 44.4 46.5 49.8 50.7 50.5 49.3 47.4 46.4 45.4 45.2 45 45.3 46.4 40.7 3.4 1 -0.4 -1.6 -1.6 -1.6 -1.6 -1.6 -1.6 -1.6 -1.6 -1.6 -1.6 -1.6 -1.6 -1.6 -1.6 -1.6 -1.6 -1.6 -1.6 -1.6 -1.6 -1.6 -1.6 -1.6
