data/510000-140000.asc
ncols 200
nrows 200
xllcorner 510000
yllcorner 140000
cellsize 50
[rows 0 to 35 of 200, columns 80 to 159 of 200]
103.6 102.7 104 101.5 98.3 95.6 94.7 93.5 91 91 91.4 88 87.1 87.8 88.8 86.9 85.8 85.2 84.3 83.3 82.2 81.6 80.7 80.3 79.8 79.5 79.5 79.2 79 77.1 75.4 73.4 73.4 71 70.1 69 67.9 66.3 65.9 65.5 65.9 66.4 69.1 68.9 68.8 67.9 65.5 63.5 59.4 63.1 61 59.3 56.9 54.7 52.8 51.2 49.7 48.5 48.2 48.1 49.3 50.2 50.7 52 52.2 52.5 54.1 55.4 56.7 58.5 58.8 58.8 59.3 64.7 62.9 63.6 59.3 61.7 66.6 65.9
91.1 90.5 92 90.2 87 85.8 84.5 83.6 82.7 82.4 81 79.6 79.7 79.4 78.9 78.3 77.8 77.1 76.5 76 75.1 75 74.5 74 73.7 73.3 73.9 73.8 73.7 72.1 70.2 70.2 70 68.5 67.7 66.7 65.7 65 64.6 64.6 65.6 66.9 68.5 68.7 61.8 63.5 66.1 63.2 62.6 61.2 58.9 57 55 53.2 51.8 50.3 48.6 48.8 48.9 50.4 51.3 52.7 53.2 54.3 53.9 54.7 56.5 58 58.9 59.8 59.3 60.7 61.2 63.8 65.4 66.6 62.5 62.3 69 73.6
83.3 82.7 81.1 80.5 79.5 78.8 77.7 76.8 76 75.1 74.4 73.7 74.3 73.4 72.7 72.3 71.7 71.1 70.6 70.1 69.9 69.7 69.4 69.1 68.8 68.5 68.1 68.1 67.7 67.4 67 66.5 65.9 65.4 64.8 64.2 63.6 63.2 62.9 63.5 63.3 64.3 65.7 66.1 66.8 64.9 64.1 59 58.9 57.7 56.1 55 53.6 51.9 49.5 48.7 48.3 49.9 50.9 52.1 53.3 54.2 54.9 55.7 56.7 58 60.4 65.1 64.8 65.1 63.2 63.7 63.7 66.3 70.1 71.9 74.9 58.6 74.3 80.4
76.1 76 75.1 74.8 74.3 73.8 73.2 72.4 71.4 70.5 69.6 69.2 70 68.6 68.7 68.7 68.5 66.9 66 66 65.9 65.8 66.2 65.8 65.4 65 64.3 64.4 64.2 64.2 64.2 63.3 62.5 60.7 57.6 61.6 60.9 60.5 59.9 59.8 59.9 60.8 62.8 62.2 62.7 60.3 59.2 56.8 55.5 55.4 53.9 51.8 50.1 48.6 48.9 48.7 50.5 51.6 52.4 54.3 55.5 56.4 57 57.2 58 59.8 63.3 70 70.1 69.9 68.6 68 66.6 68.8 77.1 79.8 80.6 80.1 85.7 91.1
73.3 72.7 72.1 71.1 70.2 69.9 69.5 68.9 68.9 68.9 69 67.3 65.6 65 65 65 65 64 63.7 63 62.3 63.5 63.2 62.8 62.3 61.9 61.1 60.8 60.9 61.1 61.4 60.3 59.3 57.7 56.4 56.9 57.1 56.9 56.9 57 57.9 57.8 57.8 58.5 58.2 56.1 55.4 54 53.4 53.1 49.9 49.6 49.1 48.9 49.5 51.9 52.7 53.5 54.1 56.6 58.1 58.3 58.3 58.9 59.6 61.7 66.4 72.3 74.5 76.4 76.7 76.5 70.4 71.4 80.9 83.6 88 90.6 94.6 99.7
73.9 72.9 71.3 69.4 69.7 69.3 68.9 68.9 68.9 69 69 68.9 66.9 66.4 65.5 65.5 65.5 64.5 63.9 62.6 61.1 60.7 60.2 59.8 59.3 59 58.7 58.5 58.5 58.2 58.6 57.4 56.1 55.1 55.2 54.9 54.2 53.7 53.7 53.8 54 54.6 55.3 54.7 55 53.7 53.2 52.1 51.5 50.8 49.8 49.2 49.2 51.9 53 53.7 54.9 55.7 56.1 57.7 59.2 60.2 59.8 60.7 61.2 65.2 70.3 75.9 78.3 81.9 84.7 86.4 74.4 80.9 82.4 89.8 96.2 100 100.8 99.6
75.4 74.9 73.4 71.9 70.6 70.3 69.9 69.6 69.5 69.7 69.8 69.9 70.6 70.1 68.4 67.7 66.9 64.5 63.3 62.2 61.1 59.5 59.2 58.9 58.6 58.3 57.7 57.4 57.3 57.1 55.4 54.8 54.1 54 54 53.4 52.8 52.6 52.7 53.5 52.8 52.5 52 52.3 52.4 51.9 51.3 50.7 50.2 49.8 49.4 49.2 52.9 54 54.6 56.2 57.8 58.7 58.8 59 58.8 60.3 63.2 62.7 62.9 68.4 77 82.1 83.7 85.3 87.6 87.7 86.6 82.8 89.5 95 100.9 101.8 100.7 97
80.3 79 76.2 73.4 72.2 71.9 72 72.2 71.6 71.4 71.6 70.4 72.5 73.7 72.2 70.4 67.7 65.3 64.1 63 61.5 59.6 58.6 58.3 58 57.5 56.8 56.5 56.2 55.9 55.4 55.1 54.9 54.8 54.4 53.7 53 52.3 53.9 53.8 53.8 53.4 52.8 52.1 51.5 50.9 50.6 50.1 49.8 49.8 49.7 50.7 55.2 55.6 57.1 58.8 60.5 59.6 61 62.3 59.7 61.2 71.3 65.4 64.8 68.3 80 81 83.7 82.4 84.5 84.8 83.9 86.3 91.8 97.6 102.4 103 101.9 96.3
84.1 81.1 78.1 75 74.3 74.4 74.6 74.7 74.4 73.2 72.7 71.2 72.5 74.9 74.8 72 68.8 66.4 64.9 63.8 61.8 59.9 58.7 57.8 57.4 56.9 57.5 57.4 57.1 57 56.6 56.2 56.9 57.2 55.5 55.1 54.7 55.2 56.8 57.3 55.5 54.2 53.6 52.7 51.8 50.8 50.6 51.2 52.6 53.9 54.8 54.2 56.7 58.1 59.6 61.3 62.5 72.5 66 66.1 69.1 74.9 75.8 73.2 67.5 67 70.2 74.4 75.8 77.7 78.8 80.6 83.8 87.6 92.6 99.7 104.5 105.6 104.2 100.7
85.6 83.2 80.2 77.8 77.1 77.3 77.4 77.5 75.3 74.3 72.2 70.3 70.9 73 74.9 73.1 70.2 67.4 65.9 64.1 62.2 60.2 58.6 57.7 57.7 58.6 60.1 59.8 59.3 58.8 57.9 57.6 57.9 58.3 57.3 57.3 57.4 59.8 59.5 60.7 58.1 55.4 54.2 53.7 52.7 53.3 54.2 55.3 55.8 56.8 58.3 58.1 57.5 60.5 62.1 67 70.3 73.1 69.6 65.5 66.2 71.8 76 74.3 69.5 69.6 70.1 71.7 75.6 80.5 84.9 87.8 91.2 91.1 94.6 101.1 107.9 109.3 107.1 99.8
86.6 84.4 83.1 80.9 79.6 80.2 79.4 76.9 75.3 74.3 71.8 69.1 69.5 71.6 73 71.7 69.3 67 64.8 62.7 61.4 60.1 58.5 58.4 60.9 62.4 63.6 62.6 61.7 60.2 59.3 59 59 59.1 59 59.1 60.1 64.5 64.4 61.5 58.6 56.9 55.9 54.7 53.6 54.3 55.2 56.3 57.4 58.6 60.4 61.9 62.1 62.2 63 67.4 72.2 74.9 72.2 68.8 67.6 72 75.7 73.9 72.2 73 73.9 77.7 83.6 88.7 92 94.7 97.8 97.8 96 103.2 111.2 111 107.6 98.5
86.9 85.4 85.6 82.9 80.9 80.8 79.1 77.5 76.2 74.8 71.5 69.1 69.8 69.5 70.3 69.9 67.5 65.5 63.5 61.5 59.6 58.5 61.6 63.6 65.4 66.7 67.5 66.6 63.2 61.5 60.8 60.4 60.1 60 59.7 59.9 61.2 64.1 65 61.2 58.3 57.6 57.4 56.2 54.8 55.7 56.1 57.3 58.5 60 61.7 63.3 64.7 66.8 65.3 65.1 71.1 75.6 75.1 72.5 71 72.8 75.1 74.7 76.1 77.7 78.6 81.8 87.4 93 97.7 101 104.3 104.4 95.4 107.3 111.8 111.5 106.7 93.4
86.7 85.7 84.6 83.1 82.1 80.7 79.5 78.5 77.2 75.8 73.3 69.8 69.9 69.5 68.5 68 66 64 61.9 59.9 58.2 59.8 64.2 65.6 68.7 70.4 71 67.4 64.4 64.3 64 63.3 62.5 62 61.3 60.3 60.8 61.2 60.7 59.3 59.3 58.7 57.9 56.6 56.5 56.9 57.8 58.4 59.4 60.7 62.5 67.1 72.1 71.1 68 67.4 67.6 75.1 78.3 77.5 75.7 75 75.7 76.6 79.2 84.6 85.1 85.5 91.3 98 102.1 104.4 108.7 107.7 98 103.5 114.2 110.6 100 87.6
86.5 85.7 84.4 82.7 81.4 80.4 80.2 79.5 78.2 76.8 74.3 71.7 70.2 69.6 67.7 66.8 65.4 62.1 60.1 58.5 58.2 61.6 66.4 70.2 73.5 73.7 72.3 68.2 67.4 67.4 67.9 67.8 66 64.1 62.2 61 59.7 60.1 60.2 59.4 61.6 70.3 58.8 58.4 59.3 59.8 60.5 61.3 62.1 62.7 65.1 70.9 73.8 75.7 72.6 70.1 69.5 72.5 79 80 79.6 81 79.9 79.2 82.5 85.9 92.7 92.1 97.2 103.1 106.8 109.1 114 109.3 100.9 105.5 116.4 102.6 92.2 84.8
86.3 85.7 84 82.2 80.8 80 79.9 79.9 79.2 77.8 75.3 74.7 71.8 68.5 66.7 65.8 64.9 62.5 59.7 59.9 60.3 62.7 68.3 77.4 79.4 77.5 75.6 72.1 72.8 71.6 74.1 72.7 72.4 67.3 62.1 61.5 59.7 59 59.7 60.5 59.1 59.4 59.6 59.1 62 62.7 63.2 64.4 66.4 67.6 67.7 72.5 75.7 77.5 76.6 73.9 72 71 73.5 79.8 81.4 81.8 81.2 86.2 87.9 87.4 98.7 102 103.3 109.1 113.3 114.9 116.1 107.4 101.6 103.4 101.6 100.2 93.3 86.5
86.1 85.3 83.5 81.7 80.1 79.6 79.7 80 80.8 79 76.2 73.5 71.3 67.9 65.8 64.9 64 61.3 61.6 61.8 63.8 63.9 71 80 80.2 77.2 74.9 77.3 74.7 75.7 74.8 72.8 69.7 66.3 63.2 60.8 60.4 59.5 59.9 61.9 68.4 59.3 59.6 60 60.2 62 65.1 67 70.4 70.1 68.8 74.4 77.6 78.1 78.9 79.7 77.9 74.3 72.4 75.1 80.7 83.9 85.8 89.6 91.1 91.4 92 105.5 112.2 115.4 117.4 120.3 114.7 104.4 96.6 93.3 94.9 94.5 90 83.5
84.1 82.2 80.7 80.2 79.5 79.5 79.8 80.2 78.9 75.3 73.1 70.9 68.4 66.6 64.8 64 62.1 62.1 62.9 62.6 63.8 63.3 77.3 80.9 81.1 81.1 79.9 79.2 76.6 74.8 72.7 69.6 67.4 65 62.9 61.7 61.1 61.6 62.1 64 59.4 59.7 59.9 60.4 60.5 62 64.8 68.1 72.8 74 70.8 72.2 76.7 79.5 81.8 82.8 80.1 78.3 76.9 74.8 80.5 85.9 91.1 94.7 95.9 101.7 94.2 99.7 115.6 120.4 122.9 124.4 113.8 107.3 99 92.7 89.1 85.8 82.4 78.1
81.1 79.1 76.7 76.1 75.7 75.1 75.7 76 74.6 71.9 69.8 67.6 65.5 64.7 64.2 64.4 63.9 63 63.4 63.8 63.8 66.6 80 81.3 81.3 81.2 81.1 80.2 77.4 74.5 71.7 68.8 66.2 64.7 63.7 62.5 61.9 61.7 65.2 70.5 70.7 73.7 60.2 61.1 61.8 62.8 64.1 68.2 72.9 73.5 75.6 77.4 77.1 79.3 82.7 84.8 84.3 82.9 80.9 78.8 80.1 89 95.7 100.6 103.2 107.8 104.2 97.7 113.4 124.6 128 128.1 114.4 107 99.2 94.8 91.7 89.5 94.2 84.3
75.5 74 72.5 71.9 71.6 70.1 70.3 70.1 69.2 69.8 68.1 66.3 64.9 64.5 64.1 64.4 65.3 65 65.9 64.8 62.3 67.7 78.1 81.5 81.6 81.3 81.1 81.1 77.6 73.9 70.3 67.7 65.5 64.5 64.2 63.4 62.4 63.6 70.9 73.7 74 74.7 60.5 61.2 62.8 63.5 64.6 67.8 74.1 76.9 78.1 79.5 79.9 80 82.8 86.3 88.4 88 86.7 82.9 80.7 89.8 98.5 105.9 109.7 113.9 118.4 110.4 110.6 127.3 132.7 124.5 111.4 103.9 98.5 95.9 92.3 89.8 86.7 83.8
70.4 69.2 68.8 68.4 68.1 67.2 66.3 67.4 67.2 67.7 67.4 65.6 64.8 65.1 64.4 64.9 66.3 67.6 66.8 65.4 64.1 64.8 72.5 79.2 81.1 81.1 80.9 78.2 75.2 71.6 68.4 66.8 65 63.7 63.4 63.1 62.9 66.2 69.7 73.7 75.8 75.3 69 66.4 64.1 64.4 65.6 67.6 74.2 77.4 79.2 80.5 81.8 82.7 85.7 88.9 91.5 91.2 90.5 84.3 80 89.4 95.3 103.1 111.3 119.7 124.2 124.8 114.6 128.2 134.6 128.2 121.9 112.1 101 97.8 93.5 92.9 89.8 83.3
70.4 70.4 70.1 69 68.7 68.4 68.4 68.2 67.2 67.6 65.6 63.9 64.9 66 65.6 68.5 69.9 69.8 68 66.5 65 63.9 67 72.3 81.1 81.1 78.8 75.6 72.6 69.2 67.7 66 64.4 62.9 62.7 62.8 63.2 65.7 68.7 72.6 74.9 75.7 76.4 67.6 65.2 65.7 66.7 67.7 73.5 75 76.9 79.7 82.7 84 86.8 90.2 92.9 94 93.4 88.1 82.7 83.9 91 94.6 102.8 114.7 123.5 130.8 131.1 131 122.9 117.3 118.4 111.8 114.4 112.4 104 96.1 90.4 85.1
74.9 76.7 74.8 71.5 70.7 70 69.6 69 68 68.1 66.1 63.9 65.5 67.6 71.2 75.6 76.3 72.4 69.2 67.7 66.2 64.6 64.7 69.8 78.5 80.3 78.4 73.3 71 68.9 67 65.4 63.9 62.6 62.7 63.1 63.6 65.1 67.8 71.6 75.7 76.5 76.9 76.3 68 66.9 67.9 68.2 70.9 75.1 76.5 79.8 80.6 85.9 88.4 89.4 92.1 94.7 96.3 95 89.2 85.3 86.3 91.3 92.9 100.3 111.7 122.9 133.3 129.4 114.3 107.9 112.7 114.1 113.9 108.1 104.1 98.5 90.2 89
79.7 81.7 78.4 74.1 72.3 71.2 70.7 70.4 69.4 69 68.2 68.1 70.6 76.6 79.4 82.1 81.4 74.6 70.3 68.5 66.7 65.4 64.5 68.8 72.8 78.8 76.2 73.6 71.5 69.1 66.9 65 64.1 63.7 63.5 63.9 64.2 64.6 67.3 73.2 75.7 77.1 77.5 77.3 72.8 67.7 68.4 71.4 75.9 76.3 79.4 83 84.5 87.8 91.2 88.9 92 94.9 97.9 101.8 101.6 94.1 93.6 89.4 93.5 95.3 104.8 115.1 125.7 123.3 108.3 101.8 106.2 110.5 105.9 101.3 94.4 91.1 88.9 91.1
82.6 81.7 79.7 76.3 75 73.4 72.6 71.9 71.2 70.6 71.2 72.5 81.4 86.1 86.3 84.2 80.6 74.4 70.2 68.6 66.9 66.3 65.7 67 69.7 72.5 78.1 75.8 72.1 69.2 67.3 66.3 65.2 64.9 64 64.9 64.8 64.4 67.3 72.5 76.1 77.4 78.4 78.1 76.4 69 69.3 70.6 74.7 78.4 82.2 85.3 88.1 91 94.3 93.8 94 95.7 99.6 106.1 110.4 110.1 100.8 95.3 95.8 98 101.9 112 118.9 115.8 107 101.1 99.4 95.6 96.9 97.6 91.3 85.8 81.9 82.1
80.3 79.7 80.2 77.9 76.6 75.7 74.7 74 73 73.4 75.2 82 86.2 84.3 83.5 78 74.2 72 69.8 68.9 68.1 66.8 66 66.3 70 73.5 77.6 76.4 73 69.8 68.2 67.4 66.8 66.2 65.7 67.5 66.1 65.2 66.8 70.6 74.5 77 78.8 77.9 76.3 70.8 70.2 70.2 77.3 81.2 84.1 86.9 91.2 95.3 98.7 100.1 99 99.9 100.8 105.5 116 119.8 109.5 99.4 99.3 99.9 102.1 104.5 109 108 105.5 101.6 97.1 91.6 92 95.6 93.6 84.3 80.7 75.9
77.9 79.1 80.3 80.3 79.3 79.5 78.2 76.1 74.2 79 81.2 86.6 85.4 81.9 78.6 75 72.6 70.8 70.5 70.8 68.4 66.1 64.6 67.3 71.1 73.7 78.2 76 73.2 71.2 71.9 69.5 68.6 68 68.2 68.6 67.3 66.5 66.9 69.6 72.5 76 78.8 77.3 74.5 74.2 71.6 70.3 77.5 80.8 85 88.4 91 99.5 103.3 105.5 105.2 106.3 107.4 109.5 115.8 121.3 110.2 102.8 103 104.4 107 105 109.5 101.6 100.5 98.2 93.4 90.4 87 89 86.6 81.4 80.5 76.9
78.8 79.4 80.8 82.1 82.5 82.2 81.2 79.4 81.4 84.4 90.4 86.4 83.2 79.4 76.3 73.2 70.8 69.1 68.8 69.5 68 66.1 66.5 68.7 71.8 74.8 78.7 77.2 75.3 74.2 77.7 73.6 72 71 70.3 69.1 68.4 67.9 68 69.3 70.9 74.3 78.4 79.4 79.1 80.1 73.2 71.9 70.8 79.6 85.5 87.7 90.9 100.3 105.2 110 111.5 112.8 114.6 117.2 119.6 123 120.3 110.7 107.3 111.5 114.8 113.1 104.5 98.4 92.8 91.8 91.9 89.6 85.9 84.4 80.4 78.9 78.8 76.9
79.9 79.8 82.6 84.4 85.5 84.5 83.9 87.4 84.7 92.8 91.6 86.7 80.8 76.9 73.8 71.9 70.3 68.4 67.9 67.9 67.7 67.8 70.3 74.2 74.3 76.3 79.1 80.4 79.2 81.5 83.5 78 76.4 75.3 74 71.6 70.8 69.9 69.8 71 71.4 73.8 76.9 80.1 79.3 79.9 74.8 73.3 71.3 73.1 79.9 82.1 86.9 99.4 103.1 105.5 111 115.4 119 123.3 126.6 128.7 128.8 122.6 116.6 120.1 124.4 117.5 102.3 98.1 90.6 84.9 86.5 87.8 85.7 83.6 81.6 78.6 77 75.1
82.4 84.1 85.9 88.1 88.5 88.3 88.7 92.1 94.3 95.2 89.9 85.3 79.8 76.7 75.6 74.8 72.7 68.5 70.2 72.1 74.5 74.9 79.5 79.8 82.3 84.1 83.1 83.6 84 87.9 86.3 83.8 82.2 80.7 78.4 74.4 73.1 71.9 73.3 76.2 75.4 74.4 77.2 80.3 80.8 79.5 77.3 79.2 75.6 72.9 75 78.3 82.2 88.9 92.8 96 103.5 109.9 118.8 124.8 131 135.3 136.7 133.5 132.8 134.6 131.5 116.4 100.1 95.1 92.6 88.3 82.3 82.8 83.1 81.3 79.8 78.1 75.6 74.6
86.8 87.8 86.8 92.6 95 92.8 94.8 96.7 97.4 94.2 88.9 85.8 83.1 79.3 78.8 77.6 73.9 68.7 71.3 80 83.8 86.5 89.8 92.9 96.3 100.3 103 102.1 94 96.1 94.9 91 88.5 87.5 84.6 82.7 78.1 74.7 77.8 80.8 77.8 80 80.4 80.5 82.7 82.4 82.5 83.6 82.6 78.7 72.8 76.2 79.5 83.3 85.8 89 92.6 99.4 107.1 119.3 127.8 133.4 137.8 136.1 133.6 131.1 125.9 111.7 98.3 99.6 101.6 94.8 84 79.4 77.7 78 77.2 75.6 75.2 75
92.7 92.2 88.2 91.5 99.1 101.6 102.3 101.2 97.8 93.6 95.1 94.9 90.2 86.3 85.5 84.9 78.5 70.8 68.4 77.9 87.8 98.7 102.6 111.7 111.8 109.5 110.8 111.1 105 110.7 113.5 108.4 102.5 97.1 93.3 89.7 84.2 83.9 83.8 83.4 88.3 89.1 87.7 86.5 86.8 86.5 86.4 88.1 86.4 83.3 76.4 77 88.2 95.4 100.1 101.8 102.3 99.3 101.6 112.6 121.2 126.4 131.6 129 124.1 115.7 114.7 108.2 96.8 97.4 101.3 95.8 85.6 80.8 77.7 73.1 72.6 73.3 73.3 72.7
99.2 96.8 92.7 93.6 102.1 105.8 106.6 105.6 101.3 103.5 104 102.9 99.1 96.3 93.6 90.5 84.5 75.8 69 72.5 86 92.2 97.7 103.6 106.6 106.9 110.1 110.5 112.4 117.4 123.8 122.6 120.1 114.5 107.6 103.1 97.2 93.1 95.5 98.1 98.1 98.6 96.5 92.5 93.6 93.9 93.4 92.2 90.6 86.3 77.6 77.1 83.6 96.8 105.5 112.3 115.3 109.8 105.6 109.8 115.8 115.7 109.7 116.7 115.6 108.6 101.6 103.5 94.9 93.2 92.7 88 84.4 81.7 77.9 73.3 71.6 71.6 71.3 70.1
106.1 102.2 94 93.7 102.5 107.9 110.8 112.8 108.5 108.2 105.1 100.5 95.9 92.9 89 86.6 83.3 75.1 69.2 70.8 76.2 80.9 86.9 91 90.7 92.9 98.8 102.5 105.1 108.8 112.7 114.3 117.1 118.9 117.2 114.6 115.3 113.8 108.3 110.5 110.5 106.3 100.8 96.2 99.1 99.2 97.6 93.3 90.1 85.7 77.7 77.5 81.3 89.5 104.2 113.2 120.9 123.6 117.4 112.5 113.6 106.2 101.4 103.9 108.6 104 93.7 94.9 92.5 88.1 85.3 82.5 79.3 76.6 75.2 72.1 70.4 69.9 70.2 70.1
99.8 97.4 99.5 103.6 102.3 107.8 112.4 114.9 108.6 104.2 99.1 93.1 88 84.2 81.9 80.2 78.3 74.4 70.9 69.8 72.6 76.8 81.1 84.3 85 87.2 92.7 94 96.7 100 102.7 103.7 105.1 107.1 109.7 112.4 112.8 110.4 107 106.6 103.5 99.8 96.8 93 102 103.5 99.7 94.3 89 83.2 80.2 78.7 85.4 91.4 98.2 108.5 125.1 128.5 129.3 125.1 114.5 102.7 93.4 92.7 99.2 97.7 89.6 91.1 84.4 82.5 79.8 77.2 74.6 72.8 71.3 69.8 69 68.3 69.6 68.2
103.6 99 105.2 111.4 113 115.9 115.6 113.3 101.8 94.2 90.1 85.9 80.7 79.2 76.8 73.9 73.9 73.7 70.7 71 71.3 75.4 77.1 80 81.3 84.1 87.1 87.6 88.7 92.3 95.1 96.6 98.3 100.1 102.2 103.9 105.6 103.4 100.6 99.2 96.6 93.2 89.6 90 94.1 95.9 95 93.6 88.4 82.6 81.2 82.5 88.6 100.3 109.2 115.7 126.6 132.1 131.7 127.6 118.1 102.9 84.8 84.3 89.4 96 92.9 87.8 81.6 78.8 76.1 73.5 71.7 70.1 69.2 68.5 67.7 66.9 65.9 65.7
105.2 101.9 106.9 110.7 111.8 110.5 108.7 103 97.3 88.5 83.8 80.2 81.9 82.5 81 78.2 74.7 74.4 74.1 72 71 77.2 77.2 77.2 77 80.2 82.4 84 86.1 87.7 89 90.4 91.8 93.3 94.9 95.8 96.8 96.7 94 93.2 91.9 89.4 87.4 87.3 86.5 88 90.1 90 84.2 80.7 80.6 84.4 89 107.9 118.6 122.8 125.3 129.1 123.4 114 108.2 97.6 85.2 81.4 83.7 95.3 90.1 89.7 82.1 75.7 72.7 71.1 69.7 68.6 67.9 67.2 66.5 65.1 63.6 63.5
