data/510000-150000.asc
ncols 200
nrows 200
xllcorner 510000
yllcorner 150000
cellsize 50
[rows 114 to 151 of 200, columns 0 to 83 of 200]
83.7 84.3 84.8 85.3 85.7 83.4 81 78.5 75.5 72.1 68.7 66.8 64.6 62.8 61.9 60.8 59.6 58.7 58.4 58.4 58.5 58.3 57.6 57.7 58.3 58.3 58.4 59.1 58.5 59.1 60.6 61.4 63.1 64.6 63.9 63.9 63.9 63.9 63.9 63.9 62.3 60.8 59.5 58.9 58.9 58.9 58.9 59.9 62.7 65.4 65.7 66 65.8 64.4 62 59.4 60.5 62.7 64.2 65 65.2 65.3 66.8 68.2 70 69.8 68.6 68.2 68 68.5 68.7 71.1 75.4 78 79.1 79.4 79.7 79.3 78.9 79 78.9 82.9 86.6 89.1
84.9 85.7 86.3 87 87.1 85.7 83.5 81.2 78.9 75.7 73.6 72.4 70.8 68.3 63.9 61.5 60.1 59.1 59.5 59.5 59.5 58.9 58.3 58.4 59.1 59.3 60.4 60.4 60.3 61.5 61.2 61.8 63.5 64.4 63.9 63.9 63.9 63.9 63.9 63.7 62.3 61.2 60.1 59.6 58.9 58.9 59.6 60.5 61.5 63.9 65.1 66 66.1 65.2 63.6 61.3 62.4 63.6 65.4 66.9 67.1 67.1 67.6 69.6 70.7 71.5 69.5 69.6 69.1 68.9 68.9 71.8 76.2 80 80.5 80.6 80.9 80.8 80.3 79.1 78.9 83.2 86.1 88.3
86.8 87.6 88.3 88.4 88.5 87.2 85.7 84.5 82.8 81.1 79.5 77.6 75.2 72.2 67.9 62.2 59.5 59 59 60.2 60.1 59.5 58.9 59 59.2 60.2 60.4 61.3 62.2 63.8 63.9 63.7 63.5 63.8 63.9 63.9 63.9 64.1 64.5 64 62.9 61.9 61.3 60.9 60.4 61.4 62.3 62.3 62.6 63.2 65.2 65.8 65.9 65.9 64.7 63.4 63.6 64.8 66.7 68.6 68.9 68.8 68.8 70.5 72.8 74.2 74.3 71.7 69.1 69 68.9 71.8 76.8 80.4 81.6 82.6 82.6 82.7 81.5 79.7 78.9 82.6 85.6 87.6
88.7 89.1 89.3 89.5 89.7 89.3 88 87.2 86.4 84.8 83.3 81.2 77.4 73.5 70.6 64.5 60.5 58.9 59.8 60.2 60.8 60.5 60.1 59.2 59.1 59.8 61.4 62.4 63.5 65.2 66 64.8 64.2 64.9 65 64.6 64.3 64.6 65.4 64.8 63.9 63 62.3 61.9 62.3 63.4 63.7 63.4 63.5 63.9 65.7 66 66 66 63.9 64.1 64.2 66.1 68.1 70 70.3 70.1 69.6 71.2 73.3 74 74.6 73.5 71.2 69 68.9 72.4 76.8 80.5 83.5 85.2 84.6 84.5 84.4 82.1 80.1 81.8 85.2 87.4
89.8 90.9 91 91.2 91.4 91.1 89.9 89 88.1 86.8 85.8 81.7 78.7 73.3 69.7 65.7 62.4 61.4 60.6 61.5 62 62.3 61.5 60.7 61 61.4 62.2 63.2 64.4 65.2 66 65.1 65.1 65.7 66.1 66 65.8 65.3 65.2 65.6 64.9 64 63.4 63.3 63.6 65.3 64.2 64 64.1 64.6 65.8 66 66 65.9 65 63.9 66.1 68.4 70.3 71.5 71.8 71.6 71.1 72.6 74 75 76.1 75.7 73.3 71 69.2 72.5 76.6 80.8 83.9 86.3 86.9 86.8 85.5 84.2 82.3 82.2 84.9 87.6
91 92.4 92.9 93.1 93.2 92.8 91.6 90.3 89.1 87.7 85.4 80 75.7 71 67.5 64.8 63.2 62.8 62.4 63 63.6 63.8 63 62.3 62.8 63.2 63.7 63.6 64 64.5 65.5 65.3 66 66.8 67.4 67.5 67.2 66.5 66.1 65.7 65.3 65 64.6 64.8 64.4 65.6 65.3 65.5 65.7 66.1 66.1 65.7 66 65.5 65.7 65.9 67.6 69.9 72.1 73.3 73.6 73.2 72.7 75.5 75.5 78.3 79.3 77.9 75.5 73.3 71.9 72.8 76.2 80.8 84.7 87.7 88.9 88.3 86.3 85 83.9 83.3 84.7 87.9
92.1 94 94.8 95 94.6 93.8 92.2 91.1 90.1 87.5 83.5 78.3 71.7 67.5 65.5 64.2 63.5 63.7 64.2 64.7 65 65.1 64.2 64.1 64.7 65.2 64.8 64.8 65.2 65.4 66 66.6 67.3 68 68.7 68.7 68.7 68 67 66.5 66.1 65.7 65.4 64.7 64.4 66 67.3 67.4 67.7 68 68.7 66.3 68.7 68.9 68.2 67.9 68.6 71.2 73.7 75.2 75.9 74.9 74.4 74.5 76.1 79.6 80.4 79.9 78.1 75.8 74.1 74.1 75.9 80 85.4 89.7 90.8 90.1 88.4 86.2 85 84.2 85.4 87.9
92.7 94.9 96.1 95.5 94.7 93.9 92.4 91.2 88.6 85.3 81.4 76 69.7 66.8 65.4 64.9 64.4 65 65.9 65.3 65.6 65.5 65.6 65.7 66.7 66.7 66.7 66.9 67.3 66.7 67.3 67.9 68.6 69.3 69.7 69.8 69.8 69.6 67.7 67.3 66.9 66.7 66.7 66 66.2 67.3 68.7 69.4 69.6 69.9 70.5 71.9 72.6 70.9 69.8 68.8 68.9 71.8 74.7 77.1 77.8 78 77.5 77.8 79.2 81.2 82.2 82 80.5 78.1 75.3 74.4 75.7 80 85.5 90.5 91 91.4 89.6 87.9 86.2 86.4 87.9 87.5
92.6 95.1 96.1 95.6 93.7 92.9 91.8 90.4 87 83.7 80.7 75.2 70.3 69 66.5 65.9 64.8 64.8 65.4 66.1 66.7 67.1 67.2 67.6 68.6 68.2 68.8 69 69.1 68.3 68.6 69.2 69.3 70.9 70.4 70.8 71.9 70.1 68.6 68.1 67.7 67.8 67.9 67.3 67.5 68.4 70 71.6 72 72.4 73.2 74.7 75.5 73.2 70.6 68.9 68.9 72.3 75.9 78.6 81 81.4 79.3 79.4 80.9 82.9 83.5 84.1 83 81 78.4 75.1 76.5 80.6 86.4 91 93.1 93.3 90.9 89.5 88.8 88.9 90.4 88.7
91.1 92.3 92.8 93.2 92.4 91.7 90.6 88.8 85 83.8 82 80.1 77 71.8 67.6 66.6 66 66.1 66 66.9 67.9 68.6 68.9 69.7 70.4 70.3 69.6 70.3 70.3 69.8 69 69.1 69.6 69.8 71.5 74 74 71.6 69.4 68.9 68.7 68.9 69 68.8 68.8 69.7 72.7 74.4 74.7 75 75.9 76.4 76.7 75.5 73.4 71 70.6 73.1 77.1 80 82.6 82.8 81.6 81.3 82.5 84.1 85.7 86.3 84.8 82.6 80.2 78.4 78 81.2 87.1 92.4 95.8 95.5 92.6 90.2 89 89.9 91.4 91.3
85.2 87.5 88.9 90.3 90.7 89.6 88 86.4 86 84.7 84.1 82.9 80.1 73 68.7 67.5 67.3 67.4 67.4 67.2 68.1 69 70.9 71.7 72.2 72.3 71.6 72.9 72.3 70.3 69 70 70.7 68.9 73.1 76 76 73.6 70.2 69.1 68.9 69.1 70.7 70.6 68.9 70.8 73.9 76.1 77.1 77.5 78 78.2 78.3 77.3 76.1 73.6 72.8 73.8 78.4 81.8 84 84.7 84.1 84.3 85.1 86.5 87.9 87.8 86.2 84 81.5 78.9 78.8 82.4 88.3 93.1 96.1 96 94.1 91.5 90.4 92.2 93.8 94.6
81.7 83.6 84.2 85.1 85.9 85 84.6 86.2 87.7 87.4 86.6 84.1 80.6 73.4 69 69 68.8 68.7 68.7 68.6 68.4 69.6 72.1 73.7 74.3 74.4 74 74.4 73.8 72 70.8 70.7 70.7 70.4 76 76.1 76 74.8 72.5 69.5 68.9 70.6 74 75 72.1 72 73.9 76.5 79.4 79.3 79.6 79.9 80.3 79.8 78.5 75.6 73.8 73.9 80.1 83.5 85.6 86.7 86.8 86.9 87.5 88.8 90.1 90.3 88.8 86.2 82.2 79.4 79.5 84.2 89.9 93.8 97 97.7 95.9 93.2 92.5 94.3 96.2 98.8
79.2 80.5 81.8 82.8 83.9 84 86.2 87.9 89.4 90.2 88.9 86 81.4 73.7 68.9 68.9 71 70.6 69.4 69.5 69.6 70.1 73.5 75 76.1 76.3 76.1 75.7 75.6 73.9 69.8 70.3 71.3 71.9 73.4 76.3 77.1 75.4 73.5 71.4 70.8 72 74.9 75.8 75.5 73.9 74 77 80.7 80.6 81.2 81.9 82.5 81.8 81 78.3 75.6 79 79.5 84 86.9 88.3 89.3 89.7 90 91.1 91.1 90.8 90.2 86.6 83.5 80.3 81.6 86.2 91.7 95.8 100.1 100.5 97.7 94.8 94.5 95.9 99.7 100.6
78.5 79.7 80.7 82 83.5 84 87.5 89.7 91.6 93.3 91.8 87.3 82.1 74.7 70.3 69.7 71.1 71.4 70 69.5 69.6 70.4 72.6 75.2 76.6 78.1 78.5 78.2 77.3 74.7 72.1 71.1 72.6 73.9 73.9 75.8 77.5 76.8 75.7 73.6 72.6 73.9 75.1 75.4 75.8 75.1 74.7 76.8 80.7 81.6 83.2 84.3 84.4 83.8 83.2 81.3 78.6 78.7 79.7 84 87.6 89.6 92.1 93.1 92.8 93.1 93 92.1 90.4 87.1 84.1 83.7 84 89.7 94.4 99.1 101.2 101.1 100.2 96.8 94.1 97.3 100.8 102.5
78 79 80.2 82.5 84.4 85.8 88.9 92.3 94.5 95 92.2 87.8 80.9 75.4 71.9 71 72.4 72.1 70.9 69.8 69 71.1 73.4 75.7 77.3 78.9 80.5 80.6 77.5 74.4 73.1 72.1 73 74.2 75.5 76.7 79.1 79.3 77.9 75.9 74.3 74.4 74.4 76.6 77.2 78 77.6 78.8 79.3 81.5 84 85.7 86 85.5 84.7 83.6 80.2 78.9 79.2 83.9 87.5 90.9 92.8 94.9 95.9 95.5 94.9 92.6 90.5 87.3 84.4 83.9 85.5 91.7 96.3 100.2 101 101.9 101.2 99.1 95.8 98.8 102 104.5
78 78.7 80.3 82.7 85 86.9 90.2 95.8 96 95.1 92.1 85.7 79.6 75.3 73.7 72.8 73.9 74.1 72.7 71.5 71.1 72.2 74.7 76.8 78.3 79.3 80.3 80.5 77.4 75.5 74.5 73.5 74.1 75.8 76.8 78.4 80.5 80.6 79.9 77.7 75.4 74.3 75.3 78.9 79.5 81.6 80.7 78.9 78.9 81.5 84.1 86 86 87.2 86.2 85.3 83.5 81.2 81.4 84.1 87.5 91.7 94.3 96.7 98.5 97.3 95.9 93.3 90.6 86.8 84 84 86.7 92 96.5 100.9 102.2 102.7 102.8 100.5 98.8 99.9 103.7 106.4
78.5 78.9 80.7 83.2 85.5 88.6 93.2 96.1 96 94.2 89.8 82.6 77.4 74.1 74.4 74.7 75.6 75.5 74.3 73.6 73.1 74 75.6 78.1 79.7 80.2 80.6 79.8 78.7 79.2 78.1 76.8 76.2 77.2 78 80.4 81.9 82.1 81.6 79.4 77.3 77.1 77.5 80.1 81.8 84.1 83.5 82.4 83.1 83.2 83.3 84 85.2 87.1 88.2 88.4 87 85.2 83.6 84.3 88.3 92.7 95.7 98.2 99.4 98.7 96.9 94.3 91.1 87.2 86.6 86.4 87.7 92.2 96.6 100.9 103.5 104.2 104.4 101.6 100.8 101.9 105.4 108.6
78.9 78.9 81 83.7 86.4 90.8 95.7 96 95.7 91.5 86.3 79.8 75.5 74.7 76.4 77.3 77.7 77.7 77.3 76.2 73.9 73.9 76.6 79.1 81.3 81.8 82.3 82.2 81.6 81.9 80.9 79.6 78 78.4 79.1 80.9 82.3 83.8 83.4 81.5 79.2 79.7 78.9 80.8 83.6 85.3 85.1 85 84.6 84.3 84.3 84.5 85.4 86.8 88.7 89.1 90.7 89 86.1 84 88.9 93.6 97 99 100.2 100.1 98.3 94.8 91.4 89 89.8 90.3 89.2 92 96.7 100.6 103.5 106 106 103.3 100 103 107 109.2
79.1 79.7 81.8 83.7 86.6 91.9 96.1 96.1 96.1 90.1 86 80.5 77.4 77.2 79.2 79.9 80 80.2 79.2 76.2 74 75.1 78.1 80.7 82.9 83.5 84.1 84.6 84.5 83.7 82.2 80.8 80.1 79.7 80.2 81.9 83.3 85.3 85.6 84.2 82 80.2 78.9 81.6 85.4 85.9 87.3 87.2 87 86.8 87.1 87.1 87.2 87.4 88.7 89.8 91.8 92.2 90.7 88.2 88.8 94 97 99.6 101 101 98.6 95.5 93.7 93.4 94.2 93.1 91.5 93 96.1 99.8 104.3 106.1 106.1 105 102.8 103.6 107.6 110.3
80.6 81.1 82.8 83.7 87.3 92 96.1 96.5 96.6 93.4 86.5 81.9 78.8 79 81.2 81.9 82 81.9 80 77.1 73.9 76.5 79.5 82.4 84.7 85.2 85.7 86.2 86.3 85 83.5 82.9 82.3 81.7 82.3 83.5 84.8 86.9 87.5 85.6 83.4 82.1 81.3 83.5 84.7 86.2 88.3 89.5 89.7 90 90.3 89.7 89.7 89.6 89.9 91.9 93.5 95.3 94.3 90.3 89.1 92.6 96 98.6 101 101.1 98.6 95.1 96 97.4 97.7 95.7 94.1 93.7 95.3 99.5 103.8 106 106.1 105.8 104 104.6 108.4 111.4
83 83 83.2 83.6 84.7 91.6 96.1 96.6 96.8 95.1 87.7 83.1 80.2 80.9 83.4 84.4 84.5 83.8 81.8 79.2 77 78.4 80.9 84.1 86.3 86.9 87.1 87.6 87.5 86.3 84.6 84 83.4 82.8 83.9 84.9 87.7 89.1 89.5 86.9 85.2 84.1 83.1 83.8 84 86.3 89.8 91.2 92.5 92.6 92.6 92.5 92.7 92.9 92.7 93 94.8 96.7 96.8 95.5 93.3 92.6 94.5 97.2 100.3 100.9 99.2 98.1 98.9 100.1 100.4 98.5 96.6 96.4 96.2 99.7 103.2 105.7 106.7 106.7 105.5 106.3 108.5 111.5
84.9 83.7 83.8 84 84.2 92 96.2 96.4 96.5 94.4 88.6 84.2 82.6 83.2 85.4 86.8 86.7 85.5 83.4 79.8 78.9 78.9 82.2 85.4 88 88.3 88.6 89 88.8 88.2 85.7 84.2 83.8 84.4 85.5 87.1 88.7 89.4 91 88.2 87.1 86 85 84.2 84.1 85.3 89.5 91.6 93 94.8 94.7 95.1 95.3 95.9 95.6 94.8 96 98.3 99.3 99.5 98.5 95.8 94 97.2 99.4 99 99.1 98.6 99.7 101.2 101.3 99.9 100.3 100.8 99.8 99.2 102.6 106.9 109 108.9 107.8 108.8 110.5 112.7
88.3 85.2 84 84 84.5 90.4 95.9 96 96.1 94.2 89.4 85.2 84.1 85.2 88.4 89.7 88.9 86.9 84.2 80.8 79 79.4 83.2 86.5 89.6 90 90.3 90.7 90.7 89.6 87.1 84.8 84 85.6 86.4 88.4 89.8 90.1 91.2 90.2 89.7 88.7 87.6 85.7 84.2 84.4 88.4 90.7 93 95.8 95.9 97.4 98.1 98.8 99.4 98 97.5 99.5 101.2 102.2 101.8 101.2 100.2 98.6 99 99.8 100 99.9 101.3 102.8 104.6 104.1 103.8 103.5 103.1 101.5 102.5 106.5 110.8 110.6 109.5 110.7 112.4 114
90.8 87.7 85 84 84 89 95.3 97.2 97 94.8 90.5 86.2 85.2 87.4 90.5 90.9 90.3 88.2 85.2 81.9 79.1 79.7 83.9 87.1 90.3 91.1 92.1 92.5 91.9 90.3 88.5 87.3 86.2 86.8 87.3 89.3 90.6 91.9 92.5 92.2 92.4 91.5 90 88.6 85.9 85.5 87.5 90 91.9 95.2 97.2 99.2 99.7 100.5 101.5 100.7 99.7 101.2 103.3 105 104.8 103.8 102.6 101.1 100 100.6 101.3 102 103.3 105.5 107.2 108.5 108.2 107.6 106.8 105.2 104.1 106.6 110.9 111 111.6 113.1 114.8 116.2
92.7 89.9 87.1 85.3 85.6 87.8 94.3 99.3 100.5 97.9 93.7 84 86.4 89.8 92.4 92.9 91.3 89.8 85.6 82.3 80.3 81.5 83.7 86.6 89.8 92 94 94.7 93.7 92 89.5 88.9 87.8 88 88.7 90 91.3 92.8 94.2 94.4 93.9 94.2 92.8 91.3 89.1 87.6 88.5 89.1 91.5 94.4 95.5 98 100.3 102 103.1 103.3 102.5 103.4 105.5 107.3 107.8 107.3 105.3 103.2 102.5 102.5 103 103.6 104.8 107.2 109.5 110.8 111.7 111 110.6 108.2 104.3 106.6 110.8 112.9 113.3 114.5 117.3 118.9
94.7 90.7 88.2 87.4 87.1 88.6 93.2 100.6 101 101.3 98.1 91.9 90.6 93.3 95.1 94.3 92.7 90.3 85.4 84.2 82.9 83.1 84 87.2 90.8 93.7 95.5 95.8 94.8 92.2 89.1 90.1 89.5 89.3 90.2 91.6 93.1 94.5 95.7 95.2 95.6 96 95 92.9 90.1 89 89.1 90.3 92.6 94.5 94.3 96.8 100.4 102.2 104.4 105.8 105.3 105.5 107.3 109.5 110.7 110.3 109 104.6 104 104.6 105.2 104.5 105.5 108.3 111 112.9 113.8 113.9 112.8 110.8 106.3 107.9 111.7 114.8 115.1 115.7 119.4 121.4
95.8 92.3 88.9 88.3 88.6 88.9 93.7 101 103.3 103.3 100.9 96.1 94.2 97.3 97.9 97 94.3 89.6 85.1 84.1 85.3 84.8 84 88.5 93 96 97.9 97.2 95.3 93.3 91.1 91.2 91 91 91.8 93.5 95.2 96 96.9 97.8 98.2 97.3 96.7 93.4 90.2 89.8 92.1 94 95.5 96.6 95.8 97.9 100.2 102.8 105.7 107.8 108.2 108.5 109 111 112.6 112.3 110.6 107.5 106.3 108.4 108.7 107.2 107.5 110.2 112.7 114.4 116.1 116.3 114.7 112.3 109.2 110.4 113.9 117.3 118.8 117.7 119.6 122.8
95.9 94.2 89.7 88.2 88.1 88.9 94.9 101.8 105.8 106.1 102.1 98.7 98.4 100.9 101.1 99.2 93.9 89.1 85.7 86.1 88.7 87.3 86.9 90.2 94.6 98.2 100.4 99.5 97.3 94.7 93.5 93.7 92.9 92.9 93.7 95.5 98 99.4 99.9 100.3 100.6 99.4 98.3 94.3 92.7 93.2 94.7 97.4 98.7 100 99.5 98.9 100 104.4 107.2 109.7 111.3 111.6 112.1 113 114.3 114 111.9 110 109.1 111 110.8 109.5 108.9 111.3 114.7 116.5 118.4 118.7 116.9 114.1 110.2 110.9 115.1 118.9 120.7 120.5 121.2 124.2
95.7 95.8 90.7 88.7 88.6 90.2 96.6 103.7 106 106.1 102.8 100.1 100.9 101 101.1 99.3 93.8 89.1 88.9 91.1 91.7 89.3 88.6 91.4 96 100 102 101.5 99.9 96.5 94.4 95.3 94.5 94 96 98.1 99.3 101.2 102.3 102.7 102.9 101.6 99.8 95.3 94.2 96.1 98.8 100.4 101.9 103 102.2 100.4 101.3 105.1 108.3 110.7 113.4 114.4 115.4 116.1 116.8 116.2 113.8 110.8 109.4 111 112.1 111.6 110.6 113.2 116.5 119.6 120.8 121 118.6 115.7 112.8 112.9 116.7 120.3 122.7 123.6 124.2 125.2
95.3 96.1 91.7 89.3 89.1 92.8 99.5 105.8 106.1 105.5 103.3 101.3 103.3 102.1 101 98.3 93.9 89.5 91.4 94.5 94.7 91.4 89 92.7 97.6 102.1 104.2 103.6 101.5 98.5 95.7 96.5 96.6 96.7 98.4 100.7 102.8 104.2 104.7 105.2 105.2 103.7 101.3 97 96.1 99.1 102.1 103 104.3 105.9 105.2 103.7 102.2 104.9 108.1 111.6 115.3 116.4 117.7 118.9 119.4 117.8 115.5 112.9 111.5 112.8 114.1 113.5 112.8 113.8 118 120.9 122.4 122.1 120.4 117.8 114.2 114.2 117.3 121.1 124.8 126.4 127 127.7
95.2 95.6 92.3 89.5 89.8 95.6 101.4 105.8 105.9 105.6 104.5 105 105.9 102.7 100.7 96.8 93.7 92.8 95 96.8 95.9 93.9 92.7 95.3 99.4 104.1 105.8 104.9 102.1 99.1 98.4 98.8 99.2 98.7 99 103.2 104.9 107.7 108.4 107.5 107.4 105.7 102.6 99.5 99.3 102.4 105.6 107 107.7 108.8 107.6 105 103.8 104.7 107.9 110.9 114.7 117.1 119.9 121.2 121.5 119.8 117.4 115 114.2 115.1 115.9 115.8 115.6 115.9 118.8 122.4 124.3 123.5 121.8 120 117.7 116.4 118.9 122.3 126.2 128.4 129.7 131.2
96.7 96.1 92.4 90.3 92.2 97.2 102.4 106.3 107 107.1 106.5 105.9 106.1 103 99.8 95.2 94.6 97.3 99.5 100 97.3 94.9 94.1 97.7 102 104.7 106.4 105.9 103.8 100.6 99.9 101.4 101.9 101.3 102.5 105.1 107.2 109.6 110.2 109.3 109.5 107.4 104.1 100.3 103 106.4 109 110.5 111.3 111.2 109.4 106.6 105.3 106.9 109.2 109.8 114 117.6 120.9 123.5 123.7 121.8 119.5 117.5 117.4 118.4 118.9 118.7 118.6 119.4 120.9 123.9 125.5 125.5 123.9 121.7 119.5 118.5 120.4 123.9 127.8 130.8 132.6 134.3
98.1 94.8 93.4 92.6 94 97 102.2 105.6 108.5 109.1 108.9 107.6 105.9 101.9 99 97.7 99.4 101.8 102.8 102.1 99.7 95.6 95.2 99.8 102.7 105.7 108.2 107.5 105.7 104 103.2 104.2 104.6 103.9 104 106.3 109.4 111.2 112.2 112.1 111.7 108.3 104.7 103.6 106.5 110.3 112.7 113.8 114.2 113.6 110.6 108.1 107.5 109.2 110.4 112.3 114.8 118.3 122.4 125.6 125.8 124.8 122.5 121 120.6 121.5 121.9 121.8 122.3 122.9 123.9 125.9 127.7 127.7 126.6 124.4 122 120.6 121.9 125.6 129.5 132.1 134.6 136.4
97.9 94.4 93.7 93.2 93.7 96.4 100.9 105.2 108.5 111 111.1 107.7 105.4 101.7 99.6 101.1 103.4 104.8 105.1 104.1 101.1 99 99.1 101.8 104.9 107.9 110.1 109.7 107.9 104.6 104.2 106 105.4 104.3 104 108 110.8 113.6 115.3 115.2 113.8 111 106.4 104 108.7 113.6 116.1 116.7 117 115.4 112.4 110.3 109.4 111.4 113.7 115.1 116.9 119.4 123.6 126.1 128.1 128 125.5 124.4 124.1 124.7 125.1 125.6 126.1 126.6 127.6 128.9 130.7 130.4 129.6 127.2 124.6 124.1 124.1 127.4 130.9 133.5 136.2 137.9
97.5 94.9 93.5 93.1 94.1 96.7 100.9 104.9 108.9 110.7 111 109 105.7 103.3 103.1 104.6 106.9 108.3 107.6 106 102.3 99 98.8 103 106.2 109.6 111.9 111.3 110.3 107.9 106 107.7 108.6 107.1 106.7 110.1 113.4 115.3 116.9 117.1 116.2 113.3 108.9 107.1 111.1 116.4 118.8 119.4 119.2 117.6 115.1 113.7 112.7 114.1 116.3 117.7 119.4 122 125.3 128.1 130.4 130.9 129 129.4 129.1 128.7 128.7 129.2 129.6 130.1 130.8 132.1 133.5 133.4 131.9 129.9 128.3 127.8 127.7 130.1 133.2 136.1 139 140
97.9 94.4 93.2 92.9 94.6 97.3 101.1 105.4 109.4 111.8 111.9 110.3 107.3 104.2 104 106.6 110.1 111.1 109.5 106.7 103 100.5 100.6 103.5 107.5 111.7 115.1 114.5 113.1 110.4 108.3 109.5 110.8 109.8 108.9 112.1 115.8 117.6 118.6 118.8 118.5 116 113.3 109.8 113 118.2 121.4 122 121.8 119.7 117.2 117.4 116.1 116.2 118.2 120.8 123.1 125.5 128.4 130.9 132.4 132.8 132.2 132.9 132.8 132.5 132.7 132.8 133.1 133.3 133.9 134.8 135.9 135.8 134.3 133 132 131.6 131.6 132.8 135.6 138.8 141 141.2
97.4 94 93.8 94 95.6 97.3 100.8 105.1 109.3 112.9 113.5 111.6 108.8 104.4 104.6 108.8 111.5 112.3 111.4 108.3 104.3 104.3 103 104 108 112.9 116.4 116.4 115.7 113.2 110.9 111.6 113.4 112.1 111.4 112.6 116.3 120.2 121.6 122.1 121.3 119.8 116.7 113.6 114.5 118.9 123.3 124.7 123.9 120.8 119.8 120.3 120.1 119.4 121.1 124 127.1 129.2 131 133.5 134.6 134.8 135.5 136.3 136.4 136.4 136.2 136.1 135.9 136.1 136.6 137.5 137.5 137.4 137 135.7 135.6 135.3 135.6 136.7 139.1 140.6 141.8 141.8
97 94 94 95 96.3 98.2 101.2 103.9 108.1 113.9 115.3 112.9 109.8 106.7 106.7 110.3 113.8 114.8 113 109.9 107.2 108.4 108.1 106.3 109 115.2 118.7 119.7 118.5 115.5 113.5 114.9 115.9 114.3 114.7 115.8 117 120.5 123.8 125.1 124.3 123.2 119.8 115.1 115.2 120 124.9 126.4 126.2 124.8 123.8 123.8 123.7 124.1 124.6 126.8 130.1 132.6 134.3 136.2 137.3 138 138.8 139.1 138.9 138.9 138.8 138.8 138.3 138.7 139.1 139.8 139.6 139.4 139.1 139 139 139 139.7 140.8 141.3 141.7 142.5 142.3
