data/510000-140000.asc
ncols 200
nrows 200
xllcorner 510000
yllcorner 140000
cellsize 50
[rows 108 to 143 of 200, columns 80 to 159 of 200]
190.8 203.2 212.8 216.8 220.1 215.9 209.3 209.2 217.3 232.8 240.4 242 243.3 245.5 246.7 246.6 244 237.5 231.2 223.9 214.9 201.7 193.9 189.7 186.2 183.3 186 192.7 200.9 210.1 218.2 225.1 228.6 220.2 206.2 193.8 185.2 176.9 171.7 167.2 163.4 157.2 155.2 152 148.7 143.5 139.6 135.6 132.4 129.8 127.1 125.9 125.4 120.7 117.7 115.5 114.6 114.3 114.5 115.7 113.2 108 102.7 103.3 105.5 105.4 104.9 104 101.7 99.7 97.6 94.8 91.4 89.4 89.1 88.9 88.8 89.3 88 86.5
191.2 200.7 213.5 218.2 222.6 225.3 220 215.6 218.8 232.1 240.3 243.5 244.8 247.8 250 250 249.2 245.6 238.1 230.3 218.8 207.1 198.5 194.4 190.3 186.9 188.2 196.1 204.5 213.5 225.8 231.9 229 208.2 197.5 190.5 182.6 174.8 167.9 164.7 160.2 154 151.8 147.5 144 140.2 136.9 134.1 131.5 128.9 126.4 124.5 123.5 119.9 118.6 117.5 114.3 112.5 111.7 113 115.7 111.4 107.6 100.7 99 99.5 101.9 100.5 98.1 96.5 94.4 94.1 91.5 89.9 90.7 90.4 90.2 89.9 89.7 89.3
191.4 200.4 212.3 221.3 224.9 227.7 229.7 223.4 220 227.9 241 244.5 246.6 249.7 252.8 253.9 252 249.6 243.9 236.6 222.2 210.3 203.3 199.3 195.2 190 190.1 198.2 205.9 216.1 229.4 235.4 224.3 205.4 196.2 189.3 186.5 181.6 174.3 171.9 165.7 157.9 152.3 148.5 144.8 141.2 137.9 135.2 131.1 128.5 125.9 124.2 122.7 121.2 121 119 115.8 112.6 109.8 111.5 114.5 113.8 113.2 106.2 102.2 100.1 100.5 98.6 95.5 94.8 95.4 94.9 93.9 92.7 91.6 92 91.7 91.5 91.4 91.7
192.2 199.2 210.5 222 225.1 230.3 234.2 234.8 232.3 231.3 238.5 246.4 248.8 251.9 254.9 257.1 255.1 253.2 247.9 239.8 225.5 213.2 205.6 201.7 197.4 191.3 194.6 200.3 209.8 220.9 231.9 232.4 223.4 213.8 205.2 197.2 193.2 189.5 180.6 176.7 168.5 162.5 156 151.2 150.7 145.5 141.3 136.3 132 128.1 125.7 123.9 123.8 122.7 123.4 120.6 117.4 114.3 111.6 109.4 111.4 113.5 112.5 107.9 103.7 100.1 98.8 97.7 97.1 97.2 96.9 96.6 96.1 95.3 94.4 93.3 93.3 93.2 93.6 93.8
194.3 200.3 210.8 223.5 229.7 233.5 236.8 238.9 240.9 241.3 239 245 250.9 253.9 256.7 258.8 258.6 256.8 252.7 240.7 225.2 213.6 206.8 200.9 194.8 195.5 199.6 204.6 214 225.1 232.5 230.7 227.8 224.8 219.5 210.9 202.3 196.2 187.6 179.2 172.3 165.3 160.7 160.1 157.6 150.9 146 139.7 133.8 129 125.4 123.8 124.3 125.8 126.8 123.1 119.4 116 113.6 110.8 109 111 110.1 105.9 102.2 98.9 98.3 98.1 98.5 99 98.7 98.4 97.8 97.1 96.3 95.6 94.9 94.7 94.5 94.4
197.1 205.1 216.4 229 231.9 235.3 240.9 243 244.6 246.3 245.2 244.4 251.4 255.8 258.2 259.9 260.9 254.4 252.1 241.5 225.9 214 207.1 201.6 198.7 200.5 203.5 207.3 218.6 229.9 232.5 231.2 228.3 225.2 220.5 214.6 208.9 203.8 197.8 186.3 176.7 169.6 165.1 167.5 165.3 158.4 149.5 142 135.2 130.2 125.6 125.8 127.5 129.2 128 124.8 121.1 117.5 114.2 110.8 107.6 106.9 106 102.9 100 100.4 100.2 98.8 101.1 100.8 100.3 100 99 98.3 97.5 96.6 95.1 95.4 95.2 94.8
198.2 206.1 216.3 228 234.8 237.9 243.5 246.7 248.2 249.6 251.2 248.1 251 256.1 258.4 261.4 266.1 259.5 250.8 241.1 224.6 214.8 207.7 203.4 203.8 207.3 210.5 215 224.2 232.7 232.7 231.2 228.6 224.8 220 214.6 210.4 206.9 199.7 187.4 181.2 174 170.2 170 166.8 158.8 149.7 142.7 136.6 131.8 127 127.6 130.1 132.1 129.2 125.8 122.5 118.8 115.1 111.3 107.5 104.9 104.2 104.2 102.1 102.8 103.8 101.2 101.2 103.1 102.4 101.2 100.2 99.5 98.6 97 95.5 95.6 95.9 94.6
201.4 208.3 218 230.7 237.5 240.4 244.7 247.7 251 254.4 255.3 253.3 252.6 258.3 260.4 263.3 268.2 264.7 255.2 239.8 227.5 217.8 209.4 206.7 210.1 215.4 226.5 231.4 230.9 233.6 232.7 230.6 226.3 222 217.4 212.6 209.7 205.4 194.4 184.7 176.4 172.7 171.8 169.2 165.6 157.8 149.8 142.4 139.1 134.8 130.9 130.3 130.7 132.6 131.2 127.5 124 119.8 115.5 111.7 107.2 105.4 104 104 103.9 104.9 105.4 103.2 100.6 104 102.3 100.9 101.3 100.5 99 97.4 95.9 95.9 95.2 93.1
204.3 214.4 229.1 235.9 240.1 243.7 247.2 250.7 255.1 257.8 259.1 258.3 256.1 261.3 263.4 265.3 268.9 266 256.4 240.2 228.4 218.9 211.4 212.7 217.4 224.1 233.6 236.6 236.2 235.1 233.3 228.8 224.4 220 216 210.8 205.6 199.1 186 179.1 172.9 168.5 165.1 165.3 163.1 155.2 148.7 143.3 140.2 139.2 135.1 130.2 128.4 130.9 131.5 128.9 125.6 122.5 117 112.1 107.8 106 104.2 104 104.5 104.9 105.6 106.4 106.5 103.2 103 100.7 100.9 101 99.4 97.8 96.2 94.4 93.4 91.8
212.8 223.3 233.3 238.4 242.2 246.4 250 253.9 257.2 259.8 262.3 261.6 259.1 262.8 265.9 266.3 266.4 264.1 255.3 240.1 230.8 221.6 217.1 220.4 224.7 232.2 239 240.5 239.9 235.8 231.2 226.9 222.4 218 215.1 209.5 202.5 192 182 175.9 170.8 165.4 161.6 158.3 153.9 148.7 144.9 142 139.7 138.4 132.7 129.3 126.2 128.3 130.6 130.2 127.1 124 120.2 115.1 109.2 107.4 105.1 104.3 104.9 105.5 105.9 106.7 106.5 102.5 102.8 98.6 97.9 98.4 98.9 96.9 95 92.4 89.5 87.5
214.8 224.6 234.6 243.6 247.1 249.9 252.5 259 258.7 261.4 264.3 264.1 262.8 265.2 265.8 265.5 265.6 264 252.4 240 229.2 221.9 218.2 221.4 229.7 238 244.7 243.5 240.6 235.4 229.2 224.7 220.4 216.2 212.6 207.4 201.7 195.6 185.7 177.9 170.6 164.4 159.1 151 147.6 141.5 140.1 139.9 137.8 134.9 129.9 127.2 125.3 125.9 126.3 128 127.6 124.8 121.9 117.9 113.9 108.6 105.7 105.2 104.8 105.4 105.9 105.5 103 100.9 103.2 97.3 95.6 93.7 94.8 95.8 94.6 89.8 87.4 86
212.9 223 236.5 247 250.5 252.7 256.6 263.4 263.8 265.3 266.8 266.7 267.1 266.4 265.4 265 264.9 261.2 247.1 232.7 219.6 214.1 214.9 220.5 233.3 240.6 245.2 243.6 239.5 234.7 228.4 222.6 217.9 211.3 206.9 203.3 198.2 192.6 188 182.5 173.1 169.8 165.2 156 146 140.3 137.4 136.7 134.5 132.6 130.1 127.7 125.3 123.3 122.1 125 126.6 126.2 122.7 118.9 116.1 111.1 107.8 106.8 105.8 105.2 105.3 103.1 99.6 98.8 100.9 102.7 98.2 94.7 94 92.6 89.8 87.3 86.5 84.6
211.3 222.9 236.3 248.2 251.7 254.3 260.1 266.4 268 266.8 268.6 268.9 268.4 267.1 265.8 264.7 262 254.6 241.5 225.6 214.5 207.1 208.1 219.8 232.7 241.1 244.9 243.1 238.3 233.5 227.9 218.1 211 202.1 197.2 194.4 195.7 191.2 186.8 179.8 172.6 169.8 162.9 153.7 147.6 141.9 135.1 133.6 131.8 131.3 130.9 129.8 126.9 124.2 121.3 122.5 126 125.9 123.4 120.6 117.8 114.3 109.7 108.5 107.4 106.2 105.7 104.7 103.2 102.9 104.7 103.5 101.9 97 94.9 88.1 86.7 85.5 85 82.6
209.9 220.6 234.4 245.3 252.5 257.2 263.7 268.3 271.5 268 270 270.3 269 267.7 266.5 265.2 262.7 253 235.9 217.4 211.5 203.5 204.3 214.6 228.9 236.8 239.5 238.1 233.3 228.9 222.1 213.4 199.3 192.9 186.7 182.9 184.4 186.9 183.6 180.4 173.1 167.3 160.1 155.5 151.6 143.6 137.6 131.6 129.6 129.4 130.4 128.2 123.5 120.2 119.3 119.4 123 125.4 123 120.9 118.8 116.6 111.3 109 107.9 107.8 107.5 106.2 104.6 106.2 105.6 103.6 98.3 100.6 93.5 89.2 86.5 85.4 84.3 83.4
210.6 218.9 229.5 239.7 248.1 257.1 264.4 270.3 274.3 269.1 270.8 271.4 269.8 268.2 266.8 265.5 262.2 248.6 228 216.5 210.2 200.8 200.6 207.1 213.3 219.9 223.7 222 219.1 217.4 208.8 202.7 194.7 187.7 180.6 178 174.3 174.4 171.6 169.5 168 165.5 162 157.9 151.5 144.5 139.6 132.2 127.7 124.7 124.6 123.3 119.7 118.7 119.9 118.6 118.1 120.6 120.6 118.7 116.8 114.7 113.2 109.5 108.9 109.7 108.9 105.6 104.6 105.4 105.4 100.5 99.8 101.2 93.7 88.9 86.3 85.9 84.9 84.7
212.3 215.5 223.7 233.9 242.7 253.1 263.3 270.5 276.8 273 272.4 272.6 271 269.4 267.3 265.2 255.4 236.3 223.5 215.4 208.6 199.3 195.2 200 203 205.2 207.4 207.4 205.8 203.6 201 197.9 192.6 184.7 177.9 174 169.6 166.6 163.8 161.6 161.2 160.5 160.3 154.4 147.8 142.2 140.3 134.6 129.2 126 124.9 125.7 125.8 123.1 118.3 116 113.9 116.8 117.8 115.9 113.5 111.4 110.5 109.5 108.9 108.4 105.9 104.1 103 103.3 100.5 100 97.8 95.5 98.9 92 89 90 89.9 88.5
214.3 217.3 220.1 228.1 237.3 248.1 262.2 274.1 274.7 273.7 273.8 273 270.4 267.9 265.3 262.3 246.7 228 221.7 213.6 205.3 197.1 190.1 193.8 196.1 198.5 200.3 197.3 196.2 195.1 193.9 192.8 189.4 182.3 176.1 169.6 164.3 159.2 156.4 154.1 153.7 153.7 153.5 149.5 143 138.2 136.4 134.6 132.2 133.5 132.9 130.6 128.2 122.5 116.8 113.1 112.1 113.4 114.9 112.5 110.1 107.8 106.4 107.7 105.1 103.8 102.3 100.6 99.9 98.8 100.2 98.1 95.7 93.7 97.2 95.4 91.9 92.4 91.6 90.3
217.8 220.3 223.3 227.5 231.5 244.5 260 270.7 272.6 274.4 274.7 273.3 270.8 268.6 266.4 264 245.2 225.8 222 213.6 205 197.7 188.8 185.3 188.3 191.5 191.9 190.1 189 188.2 187 185.9 184.3 179.8 173 166 159.6 154.5 150.4 147.7 146.3 146.2 146.1 142.6 138.5 134.1 132.4 131 134.4 138.1 132.8 130.3 124.4 118.6 113 111.6 110.8 110.7 111.1 109.1 108.1 107.7 104.9 105.6 103.8 102.1 99.4 98.6 98 97.5 97 95.9 94.5 92.6 92.3 95.6 94.2 92.5 90.9 89.3
220.3 223.9 228.9 236.1 235.6 239.6 252.5 262.1 271.8 276.9 278.2 275.2 272.8 270.4 268 261.3 239 228.1 221.4 213.3 204.7 197.5 189.8 182.8 182 182.5 183.3 183 181.8 181.3 180.2 178.9 177.6 174.5 171.8 169.5 165.4 160.2 153.8 146.3 144.8 139.4 138.6 136.1 134 130.5 129.1 129.1 131.1 133.1 131.4 124.9 119 113.9 110.4 109.3 108.7 109.6 109.1 109.1 109.7 112.9 110.2 107.3 105.6 103.6 101.3 98.4 97.3 95.5 94.8 93.9 92.7 92.6 93 93.9 93.1 91.5 89.9 88.2
223.4 227.7 239.7 247.6 247.6 245.3 249.9 261.8 273 277.6 280 277.8 275.4 272.7 269.9 260.9 232.7 225.5 217.9 210.9 203.9 197 187.4 181.5 178.2 173.5 175.1 175.8 174.6 174.3 173.3 172 170.6 170.2 172.4 174.3 171.5 165.1 158.6 153.2 150.5 144.6 140.5 138.3 136.1 133.5 129.4 127.6 125.6 125.7 124 119.6 114.3 111.6 109 106.6 107.8 109.3 109.2 109.8 111.7 115.6 112.7 110.4 108.1 105.4 102 98.3 97 95.4 93.6 92.6 92.4 92.3 92 92.1 92 90.4 88.7 87.4
226.3 237.5 247.9 258.9 263.1 260.7 257.7 262.2 272.8 278.6 280.8 280.2 277.8 274.8 268.2 251 228.9 221.6 214.3 208.3 202.1 194.9 187 181.1 175.7 171 167.5 166.8 167.5 167.1 166.4 165 164.1 165.1 171.4 174.2 169.3 163 159.2 157.2 154.9 148.2 144.7 141.2 137.9 134 129.3 126.1 124 120.9 117.9 114.6 112.2 109.5 106.9 106.3 106.6 108.5 109.9 111.4 114.9 115.7 115.4 112.7 109.8 106 100.1 98.9 97 95.1 93.7 92.6 92.3 92.3 91.5 90.7 90.6 89 87.8 86.8
229.1 240.3 252.6 263.9 271.5 270.5 268.1 266.1 272.7 279.6 282.5 282.9 280.7 277.1 267.9 245.6 229.2 220.1 212 205.6 199.1 192.8 187.4 181 174.3 168.4 164.2 160.5 161.1 160.9 159.7 158.8 156.6 159.4 164.5 166.4 164.1 157.7 153.5 154.4 154.6 150.7 147.9 143.6 138.3 133.4 129.7 125.2 121.2 118.3 115.5 113.9 111.6 110 107.4 105.3 103.3 106.4 108.7 110.6 113.4 113.8 113.1 112 109.3 99.2 101.3 98.5 96.6 95.6 94.3 93.5 92.8 92 91.2 90.1 89.3 88.2 87.3 86.3
231.9 239.7 252.6 266.4 275.1 275.4 274 272.6 277.7 281.9 284.7 285.6 282.5 274.4 267.7 243.3 229.9 222.9 211.2 204.8 198.3 192.3 187.8 178.1 172.4 166.4 161.8 157.6 155.8 156.1 153.3 151.8 149.2 152.2 155.7 158.5 160.6 156.3 151 147.6 148.7 150.1 149 144.5 140 135.4 130.9 126 120.5 117.7 115.7 115.3 114 112.6 109.8 107.3 103.4 105.4 107.6 109.5 110.9 110.7 110 109.2 104.8 103.5 100.9 97.3 95 95 95 94.2 93.4 92.7 91.3 89.3 88.1 87.6 86.8 85.7
237.5 240.1 250.5 263.6 273.1 277.6 279.5 279.2 281.5 285.4 286.8 285.1 280.2 272.8 265.2 243.7 228.2 222.7 213.5 204 197.7 192.5 186.8 176.7 171.2 165.3 159.4 154 150 149.4 146.8 146.6 145.4 145.1 148.4 151.7 156.4 153.3 147.7 141.5 142 145.5 145.7 144.3 141 136.4 131.5 126.1 120.5 117.9 115.9 115.3 115.4 114.5 111.6 108.2 104.9 104.2 105.5 107.1 105.7 106.4 106.7 106.2 101.9 101 98.7 96.4 93.4 93.2 94.4 95 93 91.7 90.5 88.8 86.8 86.4 85.6 84.5
246.8 244.2 251.1 261.8 273.9 279.9 284 283.2 283.3 284.4 286.7 282.4 275.7 269 263.7 246.2 228.3 221.2 213.1 203.4 198.5 193.7 188.9 180 172.3 165.3 160.2 155.3 150.1 148 144 141.3 139.8 138.3 141.5 144.7 146.8 145.9 142.5 136.4 137.9 140 140.4 139 137.8 135.1 129.5 124.7 119.8 117.9 116 115.2 115.6 112.5 107.4 105.5 104.7 99.6 102.2 103.4 100.7 101.6 101.9 100.4 99.2 97.4 95.2 94.2 93.2 91.7 93.3 93.9 92.2 90.2 89.5 88.1 85.8 84.7 82.8 81.7
257.6 253.6 254.1 262 275.8 283.2 284.5 281.2 279 268.4 266.4 263 257.9 251.9 252.9 246.4 229 220.4 211.4 203.2 199.6 195.5 192.1 186.1 178.6 172.5 166.8 161.7 155.9 148 144.1 140.8 138.2 136 135.1 136.6 138.1 137.9 135 134.1 137.9 140.9 136.2 133.8 132.7 131.4 126.8 122.4 119.5 117.4 115.3 113.1 112.2 109.6 106.4 104.3 103.5 100.2 100 100.5 98.1 96.7 96.3 99.5 96.5 95 94.4 93.8 93.1 90.8 91.4 92.2 91.3 89.5 87.8 85.7 85.2 84.4 83.2 81.8
270.2 263.8 259.8 262.4 274.2 281.3 281.2 273.1 259.8 250.5 245.6 243.6 235.9 233 229.3 233 229.1 219.7 211.3 205 201.5 197.5 192.9 184 175.8 169.7 163.2 158.1 151.8 148.6 146 141.8 139 136.8 135.1 133 130.2 129.9 129.1 132.1 139.4 139.1 134.9 129.9 127.8 126.6 122.7 120.4 118.2 116.2 114 111.5 109 109.7 110.6 108.1 106.5 107 105.5 103.2 99.8 98.4 100.5 98.1 95.4 94.1 94.4 93.3 92.6 90.8 89.3 90.1 90.9 88.7 86.6 84.5 85.7 85.1 83.9 82.7
282 276.4 264.1 262.8 271.3 277.5 276.5 264.3 249.4 234.4 229.7 226.6 222.8 223.9 220.9 220.4 218 213.9 213.4 207.1 203.6 199.3 191.2 181.9 173 166.9 160 157.9 155.6 153.5 150.1 146.1 141.6 139.7 138 136.8 132.9 130.7 128.6 131.1 134.1 136.7 133.1 128.8 124.9 123.2 121.3 119.2 116.9 115 114 113.1 111.7 112 110.4 110.9 110.9 108.8 107.6 105.9 103.1 100.8 100.3 98.3 96.3 94.6 93.9 93.6 92.3 91 90.5 89.7 88.9 86.7 84.5 85.3 86.9 86.1 84.9 83.7
285.7 278.6 258.6 259.6 270.1 273.6 267.1 255.8 242.2 226.5 220.4 214.7 213 214.6 217.4 216.7 210.2 205 205.8 206.4 197.8 193.8 189.6 182.2 173.5 167.9 165.1 165.1 161.4 157.6 154.2 150.6 147.5 146.2 144.8 143 139.1 135 128.9 126.6 129.1 129.1 128.9 125.1 122.5 121.3 119.6 117.6 116.2 115.2 117.4 117.2 116.3 115.4 113.4 114.1 112.3 109.9 108.6 103.8 101.2 100.6 99 98.7 97.2 95.3 94.6 93.8 92.1 90.7 89.2 87.4 86.6 84.8 85.9 87 88.2 87.2 86.1 85.4
265.3 256 244.2 253 261.7 261 247.8 241.1 230.8 222.1 214.9 208.3 205.2 203.6 206.1 204.9 202.3 198.5 196.8 196.6 191.2 187.6 184.1 179.7 175.4 172.2 172.8 171.9 167.1 161.7 157.7 154.4 153.8 152.2 149 146.8 141 135.8 129.5 125.5 123.7 124.3 124.3 123.1 121.2 120.3 120 119.9 119 118.4 120.6 120 118.5 117 115.2 115.1 113.4 110.9 107.6 101.8 99.2 99.5 96.4 96.3 96.3 96.1 94.2 91.8 90.1 89.6 89.1 88.2 87.3 88.4 88.3 89 89.2 88.4 87.7 87.1
244.4 237.9 237.2 237.2 237.1 236.8 233.4 228.3 224.4 218.1 210.9 202.9 197.6 196.4 197 195.1 192.2 189.9 187.5 186.3 183.6 180.3 177 174.7 173.6 177.7 179.3 176.7 170.2 163.4 156.7 152.4 153.5 152.2 149.2 146.2 141.4 136.7 130.8 126 122.5 120.4 120.3 121 121 119.4 119.2 119.3 119.5 121.1 122.8 121.4 119.9 118.4 116.9 116.1 114 111 105.6 99.9 96.6 95.1 93.9 93.7 93.6 92.3 90.6 90 89.3 88.8 89.7 91 91.2 90 90.1 89.5 90.3 90.1 89.4 88.9
230.9 230.5 231.8 229.5 231.2 231 226.7 221.4 217.7 213.6 206.4 198.7 191.8 188.3 185.9 185.5 184.3 182.3 179.6 178 175 171.8 168.5 168.7 168.5 173.4 178.8 175.7 167.4 160.5 153.8 146.3 146.9 148 148.2 145.6 141.8 137.5 132.3 127.5 122.8 118.1 118.5 120.9 122.8 121.4 119.7 119.7 119.9 122.9 124.2 122.7 121.3 119.8 118.3 116.8 112.4 107.9 103.1 98.6 98.7 94.5 93.2 92.2 91.9 90.4 90 90.7 89.9 91.1 92.9 93.8 92.9 90.2 90.6 91.5 91.9 91.8 91.1 90.6
228.3 224.4 221.5 221.6 223.2 222.1 217.3 215.2 211.2 207.2 202.4 194.9 188.5 184 181.5 177.4 176.6 174.6 171.7 169.2 166.1 163.3 162.6 162.7 163 167.7 171.6 173.9 165.6 157.3 150.3 144.5 140.4 139.9 142.3 142 139.6 137.3 132.9 128.8 125.5 120.5 118.4 120.3 125.2 124.6 122.3 120.6 121.2 124.6 125.2 123.7 122.1 120.6 119.1 117.3 112 106.8 101 97.9 100.5 94.2 92.9 92 90.2 91.8 92.6 92.8 91.9 93.8 94.9 94.6 93.2 92.3 93.2 93.7 93.1 93.1 92.7 92.1
223.3 218.8 214 212.7 213.1 212.7 209.6 208.7 205.5 201.2 197.8 190.7 183.6 178.8 173.7 171 169 166.9 163.9 160.3 157.3 155.4 156.8 156.6 156.7 160.2 163.8 167.5 165.3 158.8 153.2 146.8 141.4 134.9 135.3 133.9 133.4 132.1 131.9 130 127.1 123.7 119 119.8 124.9 126 124.4 122.2 123.4 125 125.7 124.3 122.8 121.4 120 117.8 111.8 105.7 99.6 97.1 95.6 94.4 93.3 92.9 93.3 93.3 93.4 93.5 93.8 95.2 96.1 95.4 94.1 93.7 95 95.3 94.1 93.9 93.7 93.3
218.1 211.1 206.8 206.1 205.1 204.1 202.2 201.1 200.9 197.1 191.6 184 178.2 172.7 169.2 165.8 163.7 162.6 160.3 157 152 149 149.1 150.5 151.7 155.1 158.3 160.9 163.5 161.4 156.2 150 143.4 136.3 131.9 128.8 126.2 126.2 126.6 126.8 126 122 119.1 118.4 121.7 125.1 124.9 123.3 124.8 125.7 125.5 123.6 122.5 121.6 120.1 115 110 104.2 98.4 96.3 95 94.3 93.6 93.9 94.7 94.8 94.9 95.1 95.4 96.4 96.3 95.9 95.1 96.6 96.1 96.2 95.2 95 94.9 94.7
207.5 202.9 201 199.9 198.9 197.5 194.6 192.2 192.6 189.7 184.8 178.9 173.1 167.3 164.5 161.2 161.6 159.7 156.8 153.9 148.3 145.6 143.9 143.6 146 149 151.6 154.8 158 159.2 157.7 152.4 145.5 140.3 137.4 132.9 126.6 124.5 122.1 121.5 121.5 119.5 116 116.1 119.2 122.4 124.6 125.4 128.5 127.7 125.2 123.4 121.5 120 116.7 112.4 107.6 102.2 97.6 96.8 95.2 94.5 94.1 95.4 96.5 96.5 96.5 96.7 97 97.7 96.9 97.4 97.5 97.2 97.4 97.7 97.3 97 96.8 96.3
