data/510000-150000.asc
ncols 200
nrows 200
xllcorner 510000
yllcorner 150000
cellsize 50
[rows 0 to 37 of 200, columns 84 to 167 of 200]
58.5 59.7 60.9 60.9 62.5 63.3 63.9 60.8 62.1 61.5 59.9 59.7 61.8 64.5 69.8 71 71.2 71.1 66.2 65.4 64.7 64.2 63.7 64.6 67.3 71.1 71.3 73 74.5 75.8 75.5 75.9 75.9 74.1 69.7 67.3 65.4 63.8 61.9 60.3 59.5 59.6 60.3 61 61.7 62.6 63.2 63.7 63.6 63.6 64.2 64 64.4 66.8 68.4 69 69.7 69.8 71.2 73.1 74.3 76.3 79.2 82.4 85.4 86 86 86 86 82.3 78.6 75.5 73.8 72.7 71.7 70.7 69.6 69.1 68.4 67.3 66.7 66.4 66 64.2
61.7 61.4 61.2 61.2 60.1 57.8 53.6 54 57.9 59 57.3 58.4 61.2 64 70.6 71 71.1 66.8 64.1 63.5 63.4 63.1 62.6 63.7 66.4 69 71.5 73.4 76.1 78.8 76.3 76 76 72 67.2 65.3 63.5 61.7 60 58.7 57.8 57.8 58.4 58.8 59.1 59.8 61.3 61.7 61.7 61.6 62.2 64.2 65.6 67.9 70.1 71.3 72.5 72.9 74.5 75.8 75.6 77.6 80.2 81 80.7 81.8 83.9 84.7 82.8 79.8 77.4 74.4 72.8 71.6 70.4 69.2 68.4 68 67.5 66.7 66.1 65.7 64.4 62.5
59.1 59.7 59 57.3 52.4 50.1 49.7 51 53.6 54.9 54.2 56.6 59.4 62 64.5 65.4 64.1 62.4 62.2 61.5 61.4 61.6 61.6 62.9 65.5 67.5 70 72.9 75.2 77.1 76.7 75.9 73.5 68.9 65.7 63.4 61.5 59.7 59.1 57.8 56.3 56.1 56.3 56.7 57.2 58 59.2 59.6 59.8 59.6 61.8 64.8 66.7 69.4 72 73.4 75.3 76.1 77.4 77.4 75.4 76.3 77.8 77.9 77.9 78.7 80.1 81.5 80.1 77.8 75.7 73.3 71.8 70.5 69.3 68.2 66.7 66.5 66.3 65.9 65.1 63.6 62.1 60.4
52.4 53.7 51.7 50.5 48.5 46.9 48.1 49.2 50 50.5 51.8 53.6 56.4 57.9 58.8 59.7 59.9 59.6 59.4 59.5 59.4 59.7 59.9 61.1 63.2 65 67.5 69.9 72.1 73.3 73.7 72.4 69.3 67.1 64.5 61.4 59.6 58.2 58.3 56.2 54.9 54.6 54.6 54.8 55.5 57.4 58.5 57.7 58.1 58.4 61.2 65.8 68.1 71.2 74 75.5 77.6 79.3 80.6 78.5 75.9 75.7 75.5 75.3 75.3 75.7 77.3 78.2 77.5 75.8 74.3 72.4 70.9 69.6 68.5 67.6 66.1 64.2 64 63.4 62.2 61 59.6 58
47.7 47.7 45.6 46.3 45.3 45.4 46.5 47.2 48 49.5 50.5 51.3 53.3 54.6 56 57 57 56.8 57.2 57.3 57.5 57.9 58.6 59.5 60.9 62.7 64.7 67.1 68.6 69.3 68.8 67.9 66.3 64.2 61.9 59.6 58.2 56.2 55.9 55.1 54.2 54 54 54.1 54.3 56.1 56.7 56.9 58.1 59.3 64.7 67.6 69.8 72.8 75.9 77.7 79.8 81 79.6 76.3 73.9 73.8 73.6 73.4 73.2 73.1 73.3 74.7 73.8 73.5 72.5 71.1 70 68.9 67.8 66.9 65.3 63.3 61 60.4 59.3 57.9 56.4 55.2
45.5 45.1 44.4 43.8 43.6 44 45.6 46.3 47.5 48.5 49 49.5 50.6 51.8 53 54.3 54.5 54.6 54.9 55.5 55.8 56.6 57.3 58.1 59.3 60.3 62.2 62.7 63.5 64.5 64.4 64.8 62.9 61.2 59 58 57.8 55.9 54 53.5 54 54 54 54.4 54 54.8 56.5 58.3 59.7 63.7 66.6 69.4 71.6 74 77.5 79.5 79.3 78.6 75.7 73.6 72.6 72.3 72.1 71.8 71.6 71 70.6 70.8 70.8 70.7 70.2 69.5 68.2 67.8 67.1 66 64.5 61.3 59 57.4 56.3 55.4 53.9 52.7
43.5 42.8 43.2 43 43 43.4 44 45.7 46.9 47.5 48 48.5 49 50.3 51.4 52.6 52.7 52.9 53.3 53.9 54.5 55.3 56.1 57.1 57.8 58.5 59.1 59.1 59.5 60.3 61.2 61.3 60.6 58.3 57.3 56.9 57.5 55.4 52.1 51.1 52.2 53.9 54.2 54.7 54.5 56.1 58.2 59.4 63 66.2 68.7 71.1 73.5 76.6 80.5 81.1 79.2 76.2 74.3 73 71.4 70.8 70.5 70.3 69.9 69.1 68.3 67.9 67.8 67.7 67.5 67.1 66.6 65.7 65.6 64.3 62.3 59.3 57.1 55.5 54.2 53.4 52 50.5
42.2 41.9 42 42.3 42.5 43.9 44.3 45 46 46.5 47 47.6 48.1 49.3 50.6 51.2 51.4 51.7 52.2 52.7 53.3 54.3 55.4 56.4 57.1 57.3 57.4 57.6 57.7 59.3 59.8 61.1 59.6 57.4 56.3 55.5 55.2 53.6 50.1 49.9 51.2 52.9 54.3 55.5 57.2 56.7 58.1 60.3 64.9 66.8 69.4 71.9 74.7 80.3 81 80.6 77.7 74.5 72.7 71.4 70.3 69.6 69.1 68.8 68.1 67.3 66.4 65.3 64.7 64.7 64.6 64.2 63.8 63.1 61.5 60.2 58.9 57.4 55.2 53.6 51.9 51.4 50.3 50.3
40.8 40.5 41.1 41.6 42.6 43.9 44.7 46 45.3 45.8 46.3 46.7 47.2 48.1 49.6 49.9 50.1 50.5 51 51.5 52.2 53.4 54.6 55.7 56.2 56.5 56.4 56.2 57.4 58.6 58.6 59.1 58.1 56.4 54.8 53.7 52.7 50.8 49.2 50.5 52.7 54.2 54.8 56.5 57.9 58 58.5 61.4 64 66.8 69.9 72.4 77.7 81.1 80.2 77.9 75.6 72.8 71.1 69.8 68.7 68.7 68.8 67.6 66.4 65.4 64.4 63.3 62 61.6 61.6 61.1 60.3 59.5 58.7 57.9 56.3 54.7 53.6 51.9 50.2 49.1 50.6 50.7
39.2 40.1 40.2 41 41.9 43 44.1 45.2 45.2 45.3 45.8 46.3 46.7 47.4 48.1 48.5 48.9 49.3 49.7 50.2 50.8 52 53.2 54.5 55.2 55.4 55.4 55.7 56.9 57.5 57.4 57.6 57 55.4 54.3 51.7 50.1 49.1 50.8 53.7 55.6 55.5 56 57.4 58.3 58.5 59.1 61.3 63.9 66.8 70 74.2 79.8 81.1 77.4 75.2 73.3 71.5 69.7 68.7 67.8 67.3 67.8 66.1 64.9 62.7 61.7 60.5 59.2 58.4 58.3 58 57.6 57.1 56.3 55.4 54 52.3 51.2 50.5 49.2 49.1 51.1 51.6
38.9 38.9 39.3 40.5 41.4 42.4 43.5 44.7 44.1 45.1 45.4 45.7 46.1 46.2 46.6 47.1 47.6 48.1 48.5 48.9 49.6 51 52.4 53.7 54.3 54.5 54 55 57.2 58.2 58.5 58.9 58.1 57 53.5 50.4 49.1 50.3 53.5 55.3 56.1 56.9 57.5 58.5 59.1 58.9 59.1 62.4 64.7 67.9 72.5 75.3 78.6 76.9 74.1 72.1 70.6 69.2 68.3 67.3 66.6 66.2 65.3 62.7 60.2 59.7 58.9 57.7 56.6 55.8 55.5 55 54.7 54.3 54 53.2 52 50.5 49.6 49.3 49.3 50.2 51.3 52.2
38.9 38.9 38.9 40.3 41 41.7 42.8 44.1 46 45.7 45.7 45.9 45.2 46.1 45.8 45.7 46.2 46.8 47.2 48.4 49.4 50.6 51.9 52.6 53.3 53.8 54.2 55.3 56.3 58.4 60.1 62.7 60.7 57.8 53.5 49.6 49.1 51.8 54.9 57.4 58.2 58.7 59 60.1 59.4 59 59.1 63.3 66.8 72.2 77.2 78.6 76.7 74.1 71.7 69.9 68.5 67.6 66.8 66.1 65.3 64.1 62.4 59.7 57.6 57.3 56.2 55.3 54.1 53.3 53.3 52.8 52.3 51.8 51.5 51.2 50 48.3 47.8 47.9 48.8 50.7 51.3 52.3
38.9 38.9 39 41.1 41.5 41.5 42.2 43.5 44.5 45.3 45 44.9 44.9 45.9 45.8 44.8 44.9 45.4 46.5 48.1 49.3 50.2 50.9 51.6 52.2 52.8 53.3 53.8 56 58.5 63 66 64.9 58.4 52.7 49.1 49.8 53.7 56 58.5 60.5 61.1 60.2 60.5 60.3 59.5 59 63.6 68.8 74.1 79.5 79.8 75.8 72.3 70.6 68.8 67.4 65.5 64.9 64.1 63.3 61.5 59.5 58.1 56.6 54.6 53.6 52.6 51.6 51.1 51.1 50.6 50 49.9 49.9 49.6 48.8 46.2 46 47.2 49.4 51 51.4 52.3
38.9 39.1 40.2 41.4 42.7 42.6 42 42.1 43 43.3 42.9 42.3 42.7 44.4 44.1 44.3 44.1 45.2 46.7 48.2 49.3 50.4 50.7 51 51.2 51.9 52.4 52.9 54 56.8 61.4 64.9 62.7 56.2 51 48.9 50.2 55.1 57.1 60.2 62.9 63.8 63.2 61.4 61.2 60.2 59 62.8 68.4 71.4 74.6 73.8 71.3 70.8 69.1 67.4 65 63 62.5 62 60.8 59.6 58.3 57.1 55.7 53.1 51.1 50.1 49.3 48.9 48.9 48.7 48.7 48.7 48.6 48.7 48.4 47.1 46.8 47.7 50 50.6 51.4 52.3
39.2 40.3 41.9 43.5 43.9 43.2 41.9 41.9 41.9 41.9 41.1 40.4 41 43.5 44.2 45.4 46.5 46.6 47.1 48.7 49.8 50.7 50.8 51.1 51.4 51.4 51.5 52 52.7 54.5 57.4 58.9 57.8 53.4 49.4 48.9 51.5 56.7 59.5 61.6 64.9 65.8 63.5 61.1 60.5 59 58.9 60.6 66.4 68.6 69.1 69 68.2 67.6 67.1 64.8 61.8 60.6 60.2 59.9 59.2 58 57 55.8 53.7 50.8 49.2 48.3 47.3 47.1 47.7 48 47.9 47.9 48 48 47.9 48.3 48.1 49.5 50.6 50.5 51.4 52.4
40.7 42.2 43.9 44.5 45.5 44.4 43.1 41.4 41.2 40.3 39.3 38.9 41.3 43.8 46.2 48 49.1 49.3 49.3 49.7 50.4 50.9 51 51 51 50.9 51 51.1 51.9 52.6 54.3 54.5 54 49.9 48.7 48.9 53.2 57.5 60.8 62.5 63.7 62.9 61.1 59.6 59.6 59.5 58.6 59.2 65.8 68.6 69.3 69.1 68 66.9 65.3 61.5 59.1 58.7 58.3 58 57.5 56.4 55.6 54.3 51.3 49.2 47.7 46.6 45.9 46 46.4 46.8 47.2 47.5 47.5 47.8 48.1 48.5 48.8 49.3 49.8 50.6 51.8 52.9
42.4 44.1 45.3 45.6 45.9 45.4 43.2 41.6 40.3 38.9 38.9 39.9 42 45.1 47.4 50.2 51.3 50.5 51.1 51.1 51.1 51 51 50.5 50.5 50.6 50.8 50.7 50.9 50.8 50.3 50.1 49.2 47.7 48.5 49.9 54.7 57.1 60.1 61.1 60.4 59.9 59 58.1 57.9 58.4 58.8 60.8 67.6 69.8 69 68.9 67.3 65.5 62.9 60 57.5 57 56.6 56.2 55.8 54.9 53.6 51.3 49 47.3 46.2 45.1 44.6 45.6 46.1 46.5 46.9 47.3 47.8 48 48.4 48.8 49.1 49.6 50 50.4 51.2 52.7
43.2 44.9 46 45.9 46 45.6 43 40.9 39.1 38.9 38.9 40 42.9 44.5 48.4 51.7 53.6 50.6 50.9 50.9 50.8 51.1 50.7 50.6 50.3 50.6 50.6 50.9 50.8 50.4 49.3 47.9 46.1 46 47.9 51.4 55.8 57.5 59.3 60.7 58.8 58.5 57.7 56.7 56.5 57.7 59.9 64.1 70.7 71 71.1 68 66.1 64 60.6 58 55.8 55.1 54.6 54.2 53.4 52 50.6 49.5 47.1 45.7 44.4 44.1 45.1 45.9 46.4 46.8 47.2 47.6 48.3 48.6 48.9 49.2 49.1 49.6 50.1 50.8 51.2 51.8
43.9 45.9 45.9 46 46 45 43.2 40.7 38.8 39 38.9 41 43.6 45.5 48.6 50.5 51.9 50.5 51 50.6 50.2 50.2 49.4 49.1 48.8 49.3 50 51.1 50.6 48.6 47.2 46 44.4 44 47.7 51.6 55.1 57.1 58.5 58.3 56.9 56.8 56.4 55.7 56.5 58.1 60.7 67 71.1 71.1 71.1 66.9 64.3 61.4 58.3 56.2 54.1 53.4 53 52.6 51.5 50.2 48.8 47.7 45.7 44.3 44 44 45.2 46.2 46.7 47.1 47.5 48 48.7 49.1 49.5 50.4 49.8 50.1 50.8 51.3 51.6 52
44.7 47.7 47.9 45.5 45 43.7 42.2 40.7 38.6 39.3 40.1 41 43.1 44.8 46.3 48.2 49.5 49.7 50.9 50.5 50.3 49.1 48.1 47.5 46.9 47.4 48.5 48.6 47.9 46.5 45 44.4 44 44.5 46.8 50.2 54.4 56.2 57.4 56 55.1 56.6 56.4 56.5 56.8 58.5 61.9 68.5 71.1 71.1 68.5 64.2 61.5 58.6 55.4 53.7 52.8 52.2 51.7 51.3 50.1 48.7 47.3 45.9 44.3 44 44 44.2 45 46.6 46.9 47.4 47.8 48.4 49.1 49.7 50.2 50.8 51.1 50.9 51.4 51.7 52 52.3
45.2 46 45.4 44 43.6 42.7 41.3 39.8 38.1 38 39.1 40.9 42.1 43.5 44.8 45.8 47.3 49 50.5 51 50.3 48.9 47.5 45.8 45.1 45.7 46.8 46.4 44.9 44.2 43.9 43.9 44.1 45.9 46.8 49.7 53.7 56.2 56.5 55.4 54 56.4 57.1 57.2 57.8 59.5 63.5 67.4 68.4 67 63.7 60.9 58.6 55.9 53.5 52.3 51.7 50.5 49.8 49.3 48.5 47.2 45.8 44.3 44 44 44 44.6 45.4 47.2 47.3 47.7 48.2 48.8 49.9 51 50.1 50.5 50.7 51.4 52.1 52.2 52.5 52.8
43.6 43.7 43.1 42.3 42 41.9 40.4 38.5 36.4 34.7 36.1 40.1 41.2 42.2 43.5 44.5 45 47.5 49.4 50.9 50 49 47.3 45.2 44 45 44.7 43.6 42.5 41.7 41.5 43.1 44.4 48 49.5 51 55.7 55.8 55 54 54.5 56 57.1 58 59 59.7 63.3 65.8 65.5 63.5 60.1 57.5 55.4 54.1 52.2 50.9 50.4 48.9 47.4 46.8 46.3 45.8 44.3 44 44 44 44.3 45.1 45.9 47.4 47.9 48 48.6 49.4 49.8 49.1 49.6 50 51.1 52.2 53 53.2 53.2 53.4
40.8 41.1 40.8 40.3 40.9 41 38.8 36.6 34.6 34.2 34.2 38 40.3 40.8 41.2 42.3 44.2 45.7 49.2 50.5 49.7 48.9 47.3 45.5 45.2 45.1 43.1 41.8 40.7 39.8 39.5 42.3 46.1 49.2 50.9 52.2 53.8 55 54.1 54 54.8 56.3 57.7 58.6 58.6 58.9 60.9 62.2 61.4 58.9 56.4 54.6 53.2 52.3 51.1 50.4 48.8 47.3 45.8 44.9 44.1 44 44.2 44.2 44.2 44.2 45.1 45.7 46.2 47 48 49 49 49.7 49.8 49.1 49.7 50.7 51.8 52.9 53.8 54.3 54.3 54.4
39.7 39.4 38.9 38.4 38.4 38.4 37 36.1 34.7 34.5 34.2 35.3 38.6 39.2 38.9 41.2 43.2 44.8 49.6 51 50 48.7 47.1 45.6 45.7 44.6 42 40.5 39.3 39 39 43.5 47.1 49.9 51.6 52.4 52.9 52.4 51.4 52.2 54.3 55.8 57.2 57.4 57.4 57.4 57.1 57.9 56.9 55.3 54 53.1 52 50.9 49.9 48.5 46.9 45.7 44.7 44.5 44.1 44.1 44.3 44.5 44.6 45 45.4 45.8 46.4 47.3 48.2 49.2 50.1 50.1 49.6 50.4 51.1 51.7 52.7 53.6 54.5 55.3 55.4 55.4
38.2 37.6 36.6 35.9 36.3 36.2 36.3 36.1 34.5 34.5 34.2 34.3 37.3 39.7 40.7 41.7 44.9 49.9 53.5 52 49.4 48.3 47.2 45.8 45.6 44.1 41.1 39.3 38.9 38.9 40.1 44.5 48.3 50.6 51.9 52.9 52 50.7 49.6 51.2 53.8 55.2 55.5 55.6 55.5 55.5 55.1 54.8 53.9 52.8 52.1 51.7 50.1 48.6 47.6 46 44.6 43.4 43.5 44.2 44.2 44.1 44.3 44.6 44.8 45.3 45.6 46 46.6 47.5 48.5 49.4 50.1 50.1 50.7 51.2 52.1 52.9 53.8 54.8 55.7 55.7 55.7 55.8
36.4 35.8 34.2 34 36 36 34.3 33.9 33.3 33.6 33.8 35.3 38.5 41.3 42.9 44.7 51 58.2 60.4 54.7 48.8 47.3 46.4 45.4 43.8 42.1 39.8 39.1 38.9 39.9 41.2 45.5 49.2 52 52.6 54.4 53.4 50.5 49.5 51.4 53.3 53.9 54 53.8 53.7 53.5 53.2 52.8 52.3 51.2 50.4 49.3 47.8 46.3 45 44.5 42.4 41.2 41.3 43.2 44.2 44.2 44.3 44.5 44.9 45.3 45.8 46.2 46.9 47.6 48.2 49 49.7 50.7 51.3 51.9 53.1 54 55 55.5 55.6 55.7 55.7 56.3
34.8 34.3 34 35.6 35.3 35.6 33.9 33.2 32.7 33.2 34.4 38.2 41.7 44.7 47.3 50.1 58.9 62 60.7 53.6 48 46.4 45.4 44.5 42.4 40.2 39.1 39 40.1 42.6 43.6 46.8 49.9 53.6 54 54.9 54 50.9 48.2 51 52.2 52.8 52.8 52.6 52.5 51.8 50.9 50.1 49.4 48 47 46 44.2 42.4 42.4 43.3 41.9 40.7 40.8 42.5 44.1 44.1 44.3 44.4 44.9 45.5 46.1 46.6 47.1 47.6 48.3 49 49.7 51 51.8 52.3 53.5 54.8 55.5 55.8 55.9 55.9 56.2 56.8
34.4 34.2 34.7 36.3 36 35.7 34.9 34.7 33.2 33.8 37.2 42 47.1 51.2 53.7 56.7 60.8 58.1 54.1 50.2 46.3 44.4 42.6 41.8 40.4 39 38.9 39.3 42.6 45.1 46.6 49.6 52.2 55.1 55.5 55 51.9 50 47.3 50.4 51 51.7 51.7 51.5 50.6 49.9 47.9 46.5 45.1 43.9 43 42.3 40.3 40.6 42.2 42.3 42.1 41.4 41.2 42.9 44 44.1 44.4 44.9 45.7 46.2 46.8 47.4 47.9 48.2 48.5 49 50 51.4 52.2 52.7 53.8 54.9 55.6 55.9 56.2 56.5 56.8 57.3
32.6 34.5 35.4 37.2 37.7 36 34.5 34 33.8 34.2 38.8 43.6 49.7 52.2 54.2 55.2 54.2 52.8 50.4 46.8 44.2 42.1 40.1 39.7 39.4 38.7 39.1 41.5 44.7 47.9 50.3 51.3 52.8 54.9 54.7 53.4 50.6 49.8 49.1 50.3 50.8 50.6 50.6 48.8 47.3 46 43.8 42.6 41.2 40.2 39.7 39.4 41 42.3 42.4 42.4 42.5 42.5 42.8 43.2 44 44.5 44.8 45.4 46.3 47 47.6 48.2 48.2 49 49.3 49.5 50.2 51.3 52.2 52.9 54 55.2 56 56.5 56.8 57.2 57.6 58.1
31.2 34.1 35.5 37.3 37.3 35.9 34.4 33.6 33.8 34 37.9 41.5 45.6 48.5 48.4 49 49.1 48.2 46.1 44.4 42 40.1 38.1 38.3 38 38.5 39.8 44.2 47.3 50.3 51 51.1 51.2 51.9 51 49.6 47.6 47.2 49.7 50.6 51.1 51.1 49.2 45.8 43.9 41.2 40.4 39.2 38.9 38.9 39.9 41.8 42 42.5 42.7 42.7 43 43.3 43.4 44.2 44.6 45 45 45.8 46.7 47.6 48.3 48.9 48.9 49.8 50 50.2 51 51.6 52.4 53.4 54.6 55.6 56.4 57 57.7 58.2 58.6 59.2
30 32.8 35.5 36.5 36.4 35.4 34.3 32.8 33.1 34 35.7 38.1 40.2 42.8 43.4 44 44 43.6 42.2 41.1 40 38.1 36.2 36.6 36.8 38.3 40.9 44.7 49 51.3 51.5 51.1 50.9 49 47.2 46.3 45.1 44.4 46 51.1 49.1 46.5 43.9 41.7 39.8 39.3 39.4 39.4 39 40.9 42.1 42.2 42.6 42.7 43 43.2 43.6 43.9 44 44.9 45.2 45.2 45.4 46.3 47.2 48.1 49 49.6 49.6 50.6 50.2 50.9 52.2 53.3 53.4 53.8 55.2 55.9 57.3 58 58.6 59.3 59.8 60.5
29.2 31.5 34 35.1 35.1 34.7 33.8 32.6 32.5 32.8 33.9 34.9 36.7 38.1 38.9 39.5 39.7 39.8 39 38.7 37.8 36 34.2 35.2 37 38.6 41.4 45.8 50.4 51.1 51.3 50.9 49.8 47.2 45.2 43.6 42.5 42.2 42.8 43.8 42.1 41.4 40 39.6 39.3 39 39.5 41 41.2 42.3 42.2 42.3 42.5 42.9 43.3 43.8 44.1 44.5 44.7 45.5 45.2 45.4 45.9 46.8 47.6 48.5 49.3 50.3 50.8 51.4 53.7 54.3 54.6 55.1 54.1 54.2 56.1 57 58.3 59.1 59.9 61.4 61.7 62.3
27.5 28.8 31 32.7 32.9 32.6 31.7 31 31.5 31.8 32.4 33.5 34 35 36 36.6 36.5 36.7 36.9 36.4 35.7 34.2 34.1 35.4 37.3 39.2 42.2 45.9 50.2 51.1 51.1 50.3 47.8 45.6 43.8 41.9 40.1 39.7 40.6 40.7 39.4 38.8 39.1 39.4 38.9 39.1 41.3 42.4 42.4 42.6 42.5 42.4 42.4 42.8 43.4 43.8 44.2 44.7 45.3 45.5 45.6 45.7 46.2 47.1 47.9 48.8 49.6 50.4 51.5 52.8 55.5 56.7 57 56.4 55.3 55.8 57.4 58.8 60 60.7 61.6 63.6 64.8 64.7
26.2 27.2 27.6 29.2 30.1 30.2 29.6 29 30.2 31 31.1 32.1 32.6 33 33.9 34.7 34.8 34.3 34.7 34.8 34.2 34.1 35.3 36 37.9 39.8 43 46.8 49.8 50.8 50.2 48.1 46 44.1 42.2 40.4 39.1 39.1 38.8 38.7 38.1 38.1 39.3 39 39.4 41 42 42.4 42.7 42.7 42.8 42.7 42.6 42.8 43.4 43.9 44.3 44.6 45.5 45.3 45.7 46 46.6 47.4 48.2 49 49.5 50.6 52 54.9 56.9 58.2 59.3 59.3 58.9 58.8 60.1 60.9 62.4 63.1 63.3 64.4 66.1 66.6
24.9 24.8 24.8 25.7 26.9 27.2 27.1 26.8 28.1 31 30.4 30.8 31.3 31.8 32.2 33.1 33.5 32.6 32.5 32.9 34 35.1 35.6 36.8 38.8 40.7 43.4 45.6 47.8 48.2 47.7 45.6 44.1 42.5 40.6 39.2 39.3 38.4 37.8 37.4 37.2 38 39.1 39.5 40.2 41.2 41.7 42.1 42.4 42.6 42.8 43.2 43.2 43.3 43.4 44 44.5 44.3 45.1 45.5 45.8 46.2 46.7 47.5 48.4 49.2 49.5 50.9 53.6 55.6 58.2 59.6 60.9 61.8 61.3 61.1 61.8 63.4 64.5 64.7 64 65.6 67.7 68.7
26.1 26.1 26.1 24.6 24.8 25.9 24.9 24.7 25.4 28.1 31 29.5 30.4 30.9 31 31.6 32.4 32.1 32 32.1 33.1 33.9 34.9 36.3 38.2 40.1 42.3 43.9 45.2 45 44.6 43.3 42.2 40.9 39.2 39 38.6 38 37.6 37.1 37.1 38.7 40 40.9 40.9 41 41.4 41.8 42.1 42.3 42.8 43.4 43.7 43.9 44 44.1 44.6 44 45.2 45.6 46.1 46.5 47 47.6 48.4 49.2 50.1 51.9 55.1 55.2 58.8 61 62.2 63.4 63.4 63.3 63.3 65 65.9 66.4 66.4 67.3 69.2 70.9
25.9 26 26.1 24.4 26.1 24.9 25.4 26.1 26.1 26.1 24.7 24.6 30.9 29.8 30 30.4 32.3 32.1 32.1 32.1 32.7 33.2 34.2 35.8 37.5 38.7 39.8 40.5 40.8 39.4 40.7 42.3 40.9 39.4 38.8 38.9 39 39 38.5 37.8 38.1 39.7 40.5 40.8 40.9 41 41.1 41.5 41.8 42.2 43 43.7 43.9 44.1 44.4 44.6 44.8 45.1 45.5 45.9 46.3 46.7 47.4 47.9 48.7 49.6 51 52.8 55.4 55.5 59.6 61.6 63.5 65.4 66 66 66 66.3 67 67.8 68.8 69.3 70.1 70.6
25.8 26 26 25.7 26.1 26.1 26.1 25.9 26.1 26.1 26.1 24 28.9 29.3 29.5 30.4 32 32.2 32.1 32.4 33.1 33.7 34.1 35 37.4 38.9 38.9 39 38.9 39 40 41 40.6 38.4 38.7 39.1 39.1 39.1 39.5 38.9 39.4 39.9 40.3 40.7 40.8 41 41.1 41.2 41.6 42.4 43.1 43.8 44.1 44.4 44.6 44.8 45.1 45.4 45.8 46.2 46.6 47.1 48.2 48.4 48.9 50.1 51.5 53 54.9 56.1 59.1 61.3 63.5 65.8 66.5 67.2 67.2 67.8 68.7 69.8 71 70.3 70.6 70.8
