data/530000-170000.asc
ncols 200
nrows 200
xllcorner 530000
yllcorner 170000
cellsize 50
[rows 152 to 189 of 200, columns 0 to 85 of 200]
50.8 52.1 53.4 54.6 56 57.1 58.4 59.8 60.8 61.9 64.1 65.4 66.5 67.7 67.9 66.8 64.8 61.3 58.7 54.6 53.2 51.1 51 55.3 53.1 56.1 59.3 62.3 65.1 66.8 66.5 64.8 61.2 52.8 51.3 48.5 45 42.9 41.7 40.7 40.1 39.4 38.9 38.7 39 39.4 40.6 40.6 40.8 40.7 40.3 40.2 40.2 40.3 40.5 41.1 41.7 42.6 43.8 44.4 45.5 47.1 48.3 49 48.2 47.7 47.8 48.5 50.2 54.6 59 61.8 64.9 70.4 75.1 80.1 84.2 86.4 87.9 90.2 93.2 93.3 99.4 99 95.9 93.9
49.7 52.6 53.6 53.8 55.2 56.7 59 59.4 60.5 62.5 64.5 65.8 66.9 67.6 67.2 65.9 64.1 61.5 59.3 55.9 55.2 54 54.2 58 59.7 62.2 66.9 71.1 73.1 73 71.4 69 64.5 56.2 52.8 49.8 46.1 43.3 42 41.4 40.8 40.1 40.2 38.9 38.9 39.1 40.9 42.6 42.8 42 41.7 41.1 40.6 40.6 40.9 41.5 42.1 43 44.2 45.3 46.5 47.7 48.8 49.8 49 49 49.1 50.1 52.3 55.4 59.7 62.6 67 72.3 76.2 80.2 84 86.9 90.4 96.2 100.9 103.2 105.1 104.3 103.7 103.3
48.1 49.9 51.2 52.1 53.5 55.2 56.3 58.1 59.9 62 64.3 65.8 67 67.4 66.7 65.4 63.9 61.7 60.1 58.8 58.5 58.1 59.9 63.9 66.8 72.4 74 76.9 77.9 75.9 73.2 69.3 65.3 59.6 53.9 49.9 46.2 44 43 42.2 41.6 41.6 41.4 40.4 40.6 41.2 42.7 45.2 45.3 43.7 42.7 42 41.3 40.9 41.2 41.8 42.5 43.2 44.5 45.7 46.7 47.8 49 49.6 50.2 49.3 49.4 51.6 54 56.8 59.7 62.6 66.2 70.4 73.6 77.3 81.6 88.4 93.6 104.5 107.5 107.8 108.2 108.7 107.7 106.4
46.4 48.3 49.7 50.6 52.3 54.7 54 55.8 58.2 60.7 63.5 65.1 66.2 67.1 66.4 64.9 63.8 62.8 61.9 62 61.9 63.9 66.7 70.6 75.1 77.2 79.4 79.5 78.5 76.1 72.9 68.5 64.1 58.8 53.7 49.9 47 45.4 44.5 43.5 43.3 43 42.6 41.6 41.7 42.8 46.2 49.6 49.6 46 44.2 42.8 42.4 42.6 42.6 43 42.8 43.4 44.8 46 47 48 48.9 49.7 51.9 51.3 51.6 53 54.4 57.7 60 62 65.3 67.8 69.8 73.7 78.5 86.9 98.5 106.9 109.2 110.3 111 109.9 109.5 108.7
45.6 47.3 49.1 50.2 51.9 54.1 54.2 54.3 56.1 58.8 61.6 64 65.3 66 66.4 65.5 64.5 63.6 62.8 63.9 66 70.1 74.4 77.3 79.1 80.8 81.3 81 78.6 75.7 72.2 68.1 63.6 59.2 54 50.8 48 47 46.3 45.5 44 45.1 43.8 42.6 45.3 47.7 52.4 54.4 52.7 48.8 46 43.7 42.9 42.8 42.8 43 43.4 43.8 44.7 45.9 46.9 48.1 48.9 49.6 52.3 53.2 52.8 54 55.4 57.7 59.9 61.7 63.7 66.7 69.7 72.8 77.3 85.6 92 102.7 108 111 110.9 110 109.8 109.1
46.3 48.4 50.4 51.6 52.8 54.5 54 54 54.3 57.1 59.8 61.8 64 64.9 65.8 65.1 63.5 63.5 63.8 65.2 67.7 72.7 75.8 79.9 82.1 82.3 82.2 80.6 78.3 75 71.2 67.3 63.8 62.5 58.4 53.7 50.7 49.2 48.5 46.9 45.4 45.9 44 43.8 48 53.4 57.8 58.6 56.2 52.2 48.8 44.6 43.9 43.1 43.1 43.2 43.5 44.1 44.6 45.7 46.9 48.1 49 49.5 50.3 52.2 54 55 56.8 58.9 61.5 62.9 65.3 68.2 70.4 73.3 77.4 85.2 89.9 98.1 106.8 111 110.8 109.7 108.2 106.4
49 50.5 51.1 52.7 53.9 55.2 54.7 54.4 55.1 57.1 58.3 59.9 61.7 63.2 64.6 63.7 61.7 61.5 62.5 63.8 67.2 72.8 77.4 80.9 83.2 83.9 82.6 80.6 78.6 75.1 72.4 69 66 63.7 61.1 57.6 54 51.8 50.6 49.1 46.4 45.9 45 45.9 51.7 57.1 61.1 61.6 59.9 54.8 50 46.2 44.1 43.6 43.5 43.5 43.6 44.1 44.7 45.7 47 48.2 49.1 49.5 49.8 52.5 55.7 57.5 58.2 60.4 63 65.9 68.8 69.8 71.1 74.1 78.8 86.6 93.7 102.6 109.8 111.2 109.9 107.7 102.6 99.8
50.4 51.4 52 53.7 55.1 56.3 57.1 56.5 56.2 56.7 57.8 59 60.2 61.2 61.8 60.9 59.1 59.3 61 62.6 66.8 73.2 78.6 81.7 83.5 84.3 83.1 81.2 79.1 76.3 73.6 70.8 68.1 65.5 63 60.7 57.1 54.6 51.3 49.4 46.3 44.3 44.3 48.6 53.7 58.7 63.1 63.7 61.3 56.7 51.5 47.4 44.9 44.2 43.9 44.8 44.4 44.2 44.6 45.4 47 48.3 49.3 49.5 49.3 53.7 58.6 60.2 59.8 61.7 64.3 67.4 70.4 72.5 72.9 75.4 81.1 88 98.6 107.2 110.5 110.8 106.8 96.1 92.9 91.9
52 52.9 53.6 54.5 55.4 57.1 58.5 58.6 56.3 56.6 57 58.3 59.4 60.2 59.2 58.4 57.8 57 58.4 60.7 66.5 73 78.1 81.1 83.7 84.8 83.8 81.9 80 77.3 74.9 72.2 69.5 67.3 65.3 63.4 60.6 55.7 51.6 49 46.2 44 46.1 51 56 61.4 64.8 65.4 62.1 58 53.4 48.5 46.2 45.3 44.9 45.7 45.2 44.9 44.7 45.3 47.5 48.8 50.1 50.9 52 56.5 61.3 63.3 63.6 64.8 66 68.4 71.2 74.7 75.9 78.2 83.4 90.7 99.7 107.3 110 110.1 105.9 92.9 87.8 85.6
53.2 54.2 54.4 54.5 55.2 56.3 57.5 56.9 55.8 56.3 58.4 59.5 59.4 58.7 57.7 56.2 55.7 55.3 55.7 55.9 61.5 69.6 75.4 80.2 84.1 85.8 84.4 82.5 80.6 78.3 76 73.4 70.6 67.6 65.5 62.1 59.4 54.4 50.7 49 47.9 46.5 48.1 51 55.2 60.3 65.5 66 63 59.3 54.3 49.3 47.4 46.2 45.7 45.6 44.6 44.3 45.1 46.4 48.4 49.8 51 51.8 53.6 58.7 64.8 65.9 66.2 66.6 67 68.9 72.3 76.8 79.2 82.2 86.4 93.8 104.6 108.4 109.2 108.6 101.1 86.6 83.5 81.8
53.8 54.3 54.3 54.1 54 54.8 55 54.1 54.5 57.1 59.3 60.5 59.7 58.7 56.1 54.7 54.2 53.8 53.8 54 57.6 66.7 74.3 80.5 84.2 85.8 84.9 83.1 81.3 79.3 77 74.5 71.5 68.2 64.6 60.9 56.8 52.9 49.6 49.2 49.6 49.3 49.5 49.4 53.2 57.7 62.8 64.3 62.8 58.8 54.4 51 48.4 47.1 45.8 45.8 45.4 45.1 45.9 48 49.3 50.7 51.9 53.3 55.1 61 65.1 66.2 66.5 67.1 67.7 69.5 73.7 77.9 81.3 85.5 92 100.9 107.9 109.5 107.5 106.1 102 86.4 84.1 81.2
53.4 54 53.6 52.6 51.6 50.5 51 52.8 54.4 59.2 61.7 62 60.4 57.6 54.8 53.5 52.9 52.7 52.7 53.8 59.1 65 74.4 81 85.7 85.7 85.3 83.2 81.3 79.1 77 75 71.6 68.1 64.4 60.7 56.1 52.2 49 49.3 51.1 51.1 49.3 49.9 50.1 54.3 59 61.6 61.4 60.7 55.6 52.4 49.3 47.8 47 46.8 46.7 47.3 47.7 49.2 50.1 51.7 53.1 55 58.1 61.3 64.7 66.1 66.8 67.4 68.5 70.1 75 79 83.1 90.8 96.9 106.9 110 109.9 107.2 101.8 95.4 89.1 85.9 82.2
52.5 52.6 51.7 51.1 50.4 49.4 49 52 55.1 60.5 62.1 61.7 58.4 55.6 54.2 52.8 52.3 52.1 52.2 55.1 61.6 68.2 75.7 82.4 85.6 86.1 85.9 83.2 80.7 78.6 76.6 74.1 70.5 67 63.2 59.8 55.4 51 49 49 51.3 52.9 50.5 51 49 49.3 54.5 60.5 62.1 62.5 58.2 53.7 50.8 48.9 48.6 48.3 47.9 48.2 48.4 48.9 50.1 52 53.7 55.5 58.6 62.6 65.8 65.7 66 67 69.2 74.2 78 81.7 85.5 95.1 105.6 111.1 111.2 110.3 107.5 102.1 94.2 88.8 84.5 81.7
51.6 50.8 49.9 49.1 48 48.4 49.2 51.7 54.8 58.5 61.2 60.2 56.1 54.7 53.7 52.6 52.1 52.1 54.1 62.2 67.7 71.2 76.8 83.2 86.2 86.5 86 82.5 80 77.7 75.8 72.9 69.1 65.3 61.3 56.8 54.1 51.2 49 50.3 51.8 53.4 52.4 51.3 49.4 49.1 50.6 59 62.3 62.7 58.6 55.7 52.4 50.6 50.2 49.6 48.9 48.9 48.9 48.6 50.2 51.8 53 55.3 58.7 62.8 65.9 65.9 65.3 66.6 69.5 75.6 79.4 81.6 85.8 95.1 103.8 110.9 111.2 110.1 103.5 94.9 90.2 87.9 84.2 79.9
50.5 49.2 47.2 46.1 45.5 46.7 49 51.2 53 55.6 58.1 56.3 54 53.5 53.6 52.6 52.7 53.5 60.4 68 74 75.6 79.4 84.4 85.9 85.9 85.5 81.8 78.7 76.4 74.6 71.5 67.5 63.4 60.9 56.6 55.5 54.3 52.5 53.1 54.1 54.3 53.9 52.7 51.7 50.3 50.3 52.7 57.6 59.5 60.3 57.8 54.6 52.4 52.6 50.7 49.9 51.1 49.6 49 49.9 51.1 52.4 54.4 57.8 62.1 64.5 65.3 64.8 64.5 67.3 75.4 80.6 82.6 85.2 91.1 100 106.7 111.5 110.8 104.8 90.9 88.2 86.6 85.9 80.9
49 47 44.6 44 43.6 45.2 46.6 48.1 50.1 51.6 52.6 51.5 51.3 51.8 51.9 52.5 53 58.1 67.4 73.6 80.1 80.9 83.3 85.7 86.6 85.7 84.8 81.4 78.5 75.8 73 68.5 64.4 61 58.9 58.8 58.6 59.1 56.8 56.5 56.7 55.4 54.6 53.9 54.9 53.5 52.9 53.3 55.1 60.2 61.9 59.8 56.3 54 52.7 51.9 51.7 52.4 51 49.5 50.9 52 53.3 54.4 55.4 59.8 62.3 62.2 64.3 65.8 68.9 73.7 81 83.1 85.6 89.5 96.8 104.6 110.6 111.1 105.1 90.5 89.2 87.9 88.4 85.2
46.1 44.7 43.3 42.8 42.5 43.9 44.8 45.6 47.6 49.5 50.1 49.5 49.8 50 51.3 53.1 54.8 62.4 72.1 77.4 81.4 83.3 84.9 86.4 86.9 86.1 84.1 80.8 78.1 75.3 71 66.1 63.4 61.7 62.7 63.4 63.5 63.8 61.3 60.1 60.6 58.6 56.9 55.7 55.4 54.8 53.8 54.1 54.5 60.3 62.9 62 60.1 56.8 54.6 53.5 53.5 54.3 51.9 51.8 52.4 53.7 53.7 54.2 54.3 56.3 59.3 60.4 63.9 67 70.9 76.5 80.4 83.2 85.8 88.8 94.8 98.3 105 111 105.9 96.2 95 98.6 98.6 91.4
44.4 42.5 41.7 41.7 41.5 42.5 43.4 44.3 44.6 45.6 46.2 46.7 47.9 49.9 51.3 53.6 58.7 66.8 73.6 78.5 80.7 83.1 85.3 86.8 87 85.7 83.3 79.8 76.9 74.2 69.5 65.5 63.6 64.2 66.2 67.1 67.4 67.4 65.8 65.6 64.3 61.2 59.5 58.4 57.5 56 53.9 53.6 54.2 60.3 65.6 65.2 63.3 61.2 57.6 56.4 56.1 55.2 53.6 53.8 54 55.8 57.1 56.7 54.5 55.4 57.8 60.5 63.6 67.3 72.1 75 77.5 80.9 84.8 87 90.4 94.9 104 110.4 110.7 104.4 105 105.7 101.3 95.9
42.5 40.7 40.3 40.1 40.2 41.2 42.4 43.7 44.3 44.5 44.8 45.9 47.4 50.6 51.7 54.3 62.2 67.4 72.1 75.4 80.1 83.3 85.6 87.3 86.7 85 82.4 79.1 75.8 72.1 68.5 66.8 67.1 68.1 69.4 70.5 71 70.8 69.8 68.2 66.2 64.3 62.6 61 58.8 56.9 55.2 54 55.1 62.7 67.8 70.8 69 65.8 61.9 60.7 58.7 56.9 54.7 54.9 56.5 59 60.7 60.2 58.8 57.3 59.7 62.4 64.4 66.6 70.9 74.3 75 79.9 82.9 85.9 88.5 94.4 103.5 110.4 110.6 109.3 107.3 105.9 102.9 100.9
40.1 39.5 39.3 39.4 40.1 41.1 42.4 43.7 44.4 44.6 44.8 46.3 47.9 50.1 52 54.6 60.4 65.8 69.8 74.3 80.5 84.5 87.3 87.6 87.1 85.2 83 79.5 75.8 71.4 70 69.4 70.2 72.2 73.4 74.2 74.3 74.1 73.2 70.8 68.9 66.9 65 62 59 57.8 57 54 58.4 64.4 69.7 73.8 73.4 69.2 66.9 65.6 63.3 59.3 60.4 59 59 62.2 63.6 63.5 60.8 59.2 61.5 64.3 64.8 64.9 68.9 73.1 75.4 78.7 81.1 83.3 88 97.4 105.9 110.8 110.5 108.9 106 104.8 102.7 100.8
39.5 39.5 39.1 40.5 41.7 41.9 43.1 44.2 45 44.9 45.4 46.7 48 49.7 52.5 55 60.3 67.3 70.8 74.1 80.8 85.7 89 89.4 87.8 85.6 83.4 80.4 76.3 73.9 74.2 72.2 73.5 76.5 77.2 77.8 77.6 77.4 76.1 73.7 71.5 69.3 66.6 63.7 62 61.4 59.8 56.8 59.5 64.8 70.1 75.3 76 73.5 71.8 70.4 66.5 63.3 60.9 60.3 61.6 65 65.8 66 63.3 61 62.7 65.4 67.7 68.1 68.8 72.1 74 75.8 78.9 83.1 91.1 103.4 109 109.1 108.7 106.3 102.1 98.5 98.3 96.8
39.8 40.5 41.6 42.8 43.1 43.1 43.9 44.7 45.4 46.4 46.8 47.8 48.9 50.9 54.1 60.2 66 71.7 75.2 78.7 84.1 87.7 91 90.8 89 87 84.2 81.1 77.7 78.7 78.6 76.7 79.1 80.3 80.9 80.7 80.6 80.4 79.5 76.2 73.3 71.2 67.3 66.5 64.9 64.4 61 59.1 60.1 65.5 70.3 74.7 77.8 78.3 77.7 75.5 69.4 64.9 61.8 60.4 62.2 64.9 65.8 66 65 64.2 64.9 66.1 70 71.1 70.2 74.4 74.8 76.1 79.2 89.8 94.1 106.1 108 108.2 106.5 104.9 99.7 95.3 91.5 90.2
40.6 42.3 43.8 44.5 44.7 44.7 44.4 45.4 47 48 48.4 49 50.2 52.7 58 66 70.8 76.1 80.7 83.6 86.7 89.2 90.1 90.6 90.2 87.9 84.6 81.8 81.2 82.7 82.4 82.3 83.5 83.3 83.1 83.4 83 82.8 80.6 77.5 74.8 72.6 70.5 68.7 66.3 64.6 61.8 59.4 61.2 66.7 71.7 75.9 79.9 80.9 80.6 78 71.1 66.1 63.2 61.8 62.5 65.3 65.9 66.1 66.3 65.9 66.8 67.1 69.6 72.6 74 75.7 79.3 79.9 81.4 92.4 100.5 107 109.2 107.6 105.2 103.9 98.6 93.3 89.1 86.2
41.6 43.4 44.6 45.9 46 45.3 45.4 46.6 48.6 49.9 50.1 50.8 52.1 54.2 59.6 68.7 72.9 77.4 80.9 85.5 87.8 91 90.4 90.4 90.3 88 85.7 84.3 84.1 85.5 85.3 85.1 85.6 85.5 86 85.2 84.9 84.8 81.3 79.4 76.6 74.2 70.8 68.4 66.3 64.8 61.3 60.9 62.5 67 71.7 76.3 79.8 82.4 82.5 79.7 71.2 68.6 66 64.7 64.5 64.7 65.7 67.7 68.9 69.4 70.5 69.8 70.5 73.5 74.1 75.2 81 82.7 86.4 95.8 102.3 108.9 110.3 110.1 103.6 101.1 99.3 94 88.8 84.5
42.2 44.2 45.8 46 46 45.7 46.6 47.5 49.4 50.7 51.6 52.5 53.6 58.2 62.7 68.9 73.3 77.1 81.2 84.9 87.8 89.5 90.8 90.8 89.3 89.6 87.9 87.4 87.1 88.3 88.3 87.6 87.9 88.3 88.3 87.2 86.6 85.1 82.9 80.5 78.3 76.1 71.6 69.1 66.5 64.2 61.6 61.2 64 67.8 72.5 77.1 80.8 84 85.3 83.1 78.2 74.7 71 68 65.5 64.8 66 68.6 70.8 72.8 74.4 73.9 74.3 74.9 75.9 77.1 81.6 86.2 91.6 96.2 100.6 110.2 111.2 110.9 101.4 96 94.5 91.6 87.9 86.1
43 44.6 45.9 45.9 46 46.2 47.1 48.2 50 51.6 53 53.7 55.3 60.4 64.9 71.1 75.3 79 82.3 84.8 86.8 88.7 90.9 90.3 89.3 89.2 88.9 89.5 90.4 90.6 90.5 90.2 90.3 90.3 89.8 89.1 87.8 86.1 84.6 81.8 80.1 77 73.9 70 67.5 65.4 62.5 60.9 65.7 69.6 74.2 77.8 81.6 85 87.5 86.6 84.6 82 78.7 73.3 69.3 67.6 67.5 69.9 73.8 76.8 78.1 78.2 77.5 75.8 76.2 78.3 82.2 88.7 93.6 97.6 105.2 110.1 111 104.9 99.1 95 91.5 88.5 86.5 84.5
42.4 44.8 46 46 46.1 46.7 47.6 49.1 50.9 52.5 54.1 54.9 59.1 63 67.8 72.7 76 79.8 81.8 83.8 85.7 87.6 88.4 89 89.6 89.9 89.8 90.2 90.7 91.2 91.7 92.1 92.1 92 91.6 90.6 89.4 86.9 84.7 82 79.3 76.8 74.9 71.3 68.4 66.2 64.3 63.3 66 71.1 75.4 79.1 82.4 86 88.9 91 89.8 87.8 83.8 79 72.8 70.2 69 72 77.7 82 83.3 82 78.6 76.8 77.5 81.2 85.4 91.3 96.2 99 108.8 111.3 109.8 102.6 97.9 94.4 91.5 88.3 85.1 82.2
41.7 43.7 45 45.5 45.9 47.2 48.5 50.4 51.2 52.8 54.6 58.2 62.2 67 71.1 73.1 76.1 78.5 80.4 82.5 84 83.4 85.9 86.5 87.6 89.7 90.1 90.3 91 91.5 92.4 93.1 93.5 93.8 93.2 92.1 90.3 87.5 84.4 81 78 75.7 73.3 70 67.4 65.2 64.5 64.1 65.5 69.9 73.8 77.7 81.1 86 89.5 91.2 93.3 94.3 87.7 81.2 76.7 71.9 72.9 76.8 82.3 87.4 88.1 85.1 81.6 80.1 80.2 83.9 89 94 98.4 102.3 109.8 110.7 106.9 101 96.7 93.1 90.1 86.2 83.1 80.6
40.8 42.8 44.1 44.9 47.2 49.5 50.7 50.9 51.5 53.1 55.3 59.6 63.7 67.4 71 72.9 74.5 76.5 77.9 78.9 79.6 79.8 82.5 84.1 85.8 87.7 90.1 90.2 90.9 90.9 92.6 94.2 94.4 95.6 95 93.8 90.9 88.1 84.6 80.3 77.2 74.1 71.5 68.9 66.5 64 64.8 64.8 65.8 67.4 71.5 76.5 80.8 85.3 88.8 92.2 95.2 96 91.1 84.4 80.6 73.5 76 81.8 87.6 91.6 91.7 88.5 83.3 83.9 84.1 85.2 91.8 98.3 102 107 111 111.2 104.2 98.5 94.6 92.2 88.4 84.5 82.4 79.8
41.3 43.2 44.5 45.2 47.1 50 50.8 49.9 51.1 52.9 54.9 59.6 63.5 66.9 70 71.5 72.6 73.8 74.6 73.4 73.6 74.6 80 81.1 82.4 86.4 88.4 89.2 89.4 89.3 92.4 95.2 95.2 95.6 96 94.5 91.5 88.7 85.5 81.2 78.9 75.7 73 69.7 66.9 65.5 65.9 66.1 67 68.5 69.6 74.3 78.5 83.5 87.6 91.6 95.3 95.8 95.4 86.7 81.4 77 79 85.5 92.7 95.4 94.6 92.2 87.6 86.9 87.6 87.9 95.5 102.2 104.4 109.7 111 108 101.8 96.6 93.1 89.7 86.2 83.6 82.6 80.3
41.6 43.1 44.2 45.4 47.3 48.7 48.3 48.8 50.3 52.2 54 59.1 61.6 64.8 67.7 68.9 69.8 70.5 69.6 67.3 69.7 73.3 75.2 75.8 78.1 84.6 86.9 86.8 87 88.8 92.8 95.6 96 96 96 95.7 93.2 90.4 87.4 84.2 81.7 78.6 74 70.3 69 68.9 67.4 67.6 68.1 69.2 70.3 73.5 78.1 82.8 86.1 91.1 95.3 96.1 96.5 91.5 83.8 81.2 79.3 87.5 94.4 98.9 99.8 95.1 93.9 93.5 92.3 92.3 98 102.8 105.1 110.3 110.3 104.8 100.2 96.5 92.6 89 85.7 83.6 82.7 80.4
40.8 42.4 43.9 45.3 46.5 46.5 47 48.4 49.8 51.3 53.9 57 59.9 61.7 65.2 65.9 65 64.7 63.4 63.3 66.9 70.9 71 72 75.8 82.1 84.8 84.5 84 87.9 91.7 93.7 95.6 96 95.9 95.7 94.8 92.1 89.1 86.4 83.7 79.9 75.8 73.8 73.5 73.5 71.7 69.4 70.2 70.1 69 71.2 77 81 85.1 89.5 94.6 96.2 97.7 95.6 87.7 83.6 80.3 88.4 94.1 100.9 103.9 100.2 99.7 99 98.5 97.3 100.6 103.2 107.8 111 110.3 103.2 98.9 96.4 92.4 88 84.8 81.9 80.3 80.7
40.5 41.6 42.9 44.2 44.8 44.8 46.3 47.8 48.9 50.2 52.2 55.2 56.6 58 58.9 58.3 57.3 57.9 58 57.1 60.1 63.8 64.6 70.1 75.6 80.8 80.8 80 81.2 85.7 90.5 92.5 94.9 95.7 96 95.8 95.4 93 90.9 88.2 84.5 81.2 78.4 79 78.3 78.1 76.4 73.6 72.9 71.6 69.9 70.2 73.8 78.1 83.2 88.3 92.2 95.1 98.6 98.6 93.3 87.8 85.2 88.3 93.6 101.4 106.5 106 105.2 106.1 105.8 103.4 106 108.7 111.2 111.1 107.4 100.7 97.5 95.8 90.2 87 83.4 80.4 79.2 78.1
40.2 40.8 41.7 42.9 43.7 44.4 45.6 47 48.1 49.2 50.5 53 54.5 53.7 54.5 53.9 53.2 53.4 53.4 53.4 55.9 59.1 65 71.1 75.8 77.5 76.8 74.3 77.1 81.6 87.5 90.8 93 95.2 95.5 95.9 95.8 93.6 91.4 88.6 84.6 81.6 81.1 82.5 82.9 82.1 80.7 78.7 77 74.6 71.7 71.6 72.3 74.6 80.5 84.5 87.5 92 92.6 94.7 95.8 94.5 94 93.5 97.4 104 109.2 109.1 109.1 110.5 110.8 110 110.4 111.2 110.5 109.2 106 102.2 98.8 93.6 88.8 84.5 82.3 79 78.3 74.3
39.3 40.1 41 41.9 42.8 43.9 44.9 46.2 47.3 48.3 49.3 50.2 50.5 49.8 50.2 50.1 49.4 49.9 49.8 50.5 53.5 57.1 62.9 70 73.7 73.7 72.3 70.8 74 80.3 84.5 87.8 91.1 93.6 95.4 94.6 95.2 94 90.3 89.2 86.5 85.4 85.1 86.5 87.2 85.9 84.6 82.5 79.8 76.7 73.7 72.1 72.2 73.4 73.7 78.2 82.5 86 86.4 89.6 95.5 99.6 100 100.5 105.7 109 110.9 110.7 111.5 111.3 111.4 111.2 110.5 111.2 108.3 102.9 101.5 100.3 98.2 92 87.4 84.4 82.3 81 80.1 73.2
39.1 40 40.9 41.5 42.3 43.3 44.3 45.3 46.1 47.1 48.2 47.8 48.2 47.3 46.8 47.2 46.3 47.3 48 49.7 52.8 57.7 64.5 70.6 71.2 71 66.6 66.7 72.7 77.7 80.4 84.5 88.8 91.5 93.9 94.1 93.7 93.5 91.1 89 89.7 89.5 89.3 90.5 91.1 90.2 87.2 84.1 81.1 78.7 75.2 73.2 73 73.5 73.9 75.8 77.7 80 83.6 88.5 94.8 96.7 98.7 101.2 102.2 104.8 110.2 110.8 111.1 111.4 111.5 111.5 111.3 110.5 104 98.3 92.9 94.1 92 88.7 87.2 84.2 80.3 81 80.7 74.4
38.9 40.6 40.4 41 41.8 42.8 43.8 45.1 45.7 46.2 46.8 46.3 45.8 45.2 44.7 45 44.9 45.5 47 49.8 54.7 59.9 65.2 68.9 68.3 65.1 62.4 64.3 68.5 71.4 76.3 81.1 86.3 89.2 91 91.9 91.9 91.8 91.4 91.9 92.2 92.5 92.5 92.6 93.1 91.5 89.8 86.8 83.3 80.2 76.2 74 73.8 75.3 75.2 75.5 76.2 79 81 86.6 88.9 91.5 91.7 95.6 97.6 99.4 103.5 108 110.8 111.5 111.6 111.6 110.3 102.5 96.8 93.1 89.2 85.9 85.4 84.5 84.2 82 80.7 80.5 79.5 75.5
38.7 39.9 40.3 40.5 41.3 42.2 43.3 45.1 45.7 45.8 45.6 45.1 44.3 43.7 42.8 42.8 43 44.1 46.4 49.4 53.5 58.9 63.4 64.9 63.6 61.3 57.7 61.2 64.7 70.6 74.4 80.7 83 86.6 88.3 89.2 88.9 88.9 90.5 91.3 92.8 93.4 93.6 92.8 94.4 94.1 92.1 89 83.6 81.4 78 75.5 74.7 76.8 78.2 78.5 80 79.4 79.6 81.5 83 86.2 88.8 93.2 95.8 97 99.4 105 110.7 111.7 111.7 111.1 106.1 97.4 92.6 89.2 87.7 83.7 80.2 80 79 80 78.1 76.5 77.4 80.7
