data/540000-130000.asc
ncols 200
nrows 200
xllcorner 540000
yllcorner 130000
cellsize 50
[rows 0 to 37 of 200, columns 85 to 169 of 200]
83.5 86.8 82.5 74.7 70 68.9 69 68.4 67.8 66.8 66 65.1 66.7 74.9 75.7 73.4 74.2 73.8 73 74 74.4 76.1 71.2 67.2 68 62.4 60.5 61.7 67.1 71.9 80 81.9 79.7 73.9 69.6 69.2 65.6 63.7 63.9 66.2 65.2 63.1 61.3 58.8 56.6 58 62.8 68.6 72.9 76 77.2 78.2 79 78.3 77.4 74.1 69.3 59.8 58.6 67.4 74.6 80.6 84.6 82.9 79.3 78.5 86.3 88.8 90.5 88.2 86.9 85.3 84.4 81.5 78.7 74.9 69.5 64.5 62.1 66.3 70.9 73.6 75.1 75.5 73.2
91.6 90.7 85.8 79.5 75.3 72.8 74.3 75 72.9 68.6 69 67.1 66.1 65.1 69.2 68.6 69 67.8 69.2 68.2 68.4 68.5 68.5 68.5 68.4 61.7 62.1 73.3 80.3 85.2 86.6 87.8 85.1 79.7 76.5 75.4 72.7 70.6 70.1 73.2 71.1 65.6 62.4 58.9 58.5 58.6 64.9 71.5 76.5 80.1 82.3 82.9 85.6 82.5 80.8 77.1 71.7 62.7 60.1 68.3 75.6 80.9 85.9 86.2 86.2 83.2 89.8 90.3 90.4 88.6 86.8 85.1 83.1 80.7 77.1 73.7 68.2 63.9 66 71.8 75.3 76.6 76 76.2 73.7
89.2 90.3 86.6 83.4 80.7 79.8 78.2 77.8 76.7 75.9 75.4 72.9 71.8 69.9 65.1 67 66.2 65.9 67 66.2 67.7 68.5 68.5 68.5 68.5 67.2 72 79.2 84.6 89.6 92.9 92.1 88.1 83.8 82 79.5 77.6 77.3 76.7 73.8 71.7 66.1 61.3 58.2 58.7 58.6 65.8 72.2 78.6 81.9 83.9 86.2 88.2 85.5 81.1 76.5 71.5 63.7 63.1 70.7 77.7 84.2 89.6 90.8 91.1 91.3 92.2 92.4 90.5 89.1 86.9 85.2 82.7 77.4 74.8 71.1 65.5 65.5 71.6 76.2 78.5 80.5 78.8 76 72.7
94.4 90 89.1 87.7 87 85.1 82 79.2 79.4 80.8 81.6 80.1 78.5 74.4 69.2 68.3 67.4 68.3 71.1 71 74.2 73.2 75.8 75.4 68.6 66.7 73.7 81.4 86.7 91.6 95.2 94.5 91.1 88.5 86.2 83.6 81.2 79.5 76.7 73.5 71.8 64.4 60.4 60.2 61.9 61.7 64.6 71.1 78.6 82.2 84.4 88.3 88.7 86.6 80.6 75.4 69.7 64.2 66.4 74.4 82.7 88.1 92.8 94 94.2 94.3 94.9 93.6 91.5 88.5 86.7 82.8 79.6 75.9 72.3 67.4 64.6 69.3 75 78.3 79.5 80.7 79.6 76 72
97.2 96.4 96 95.4 92.3 89.9 85.2 80.6 82.9 86.9 86.3 84.8 86.2 76.7 73.4 70.8 74.1 77.8 81.7 82.6 85.3 85.5 83.9 77.8 68.3 69 74 82.7 88.8 92.8 96 95.3 93.5 91.3 88.7 86.1 83.2 80.3 76.3 72.9 69.2 64 65.1 67.5 65.5 62.2 65.8 70.8 78.1 83.3 85 91.1 91.2 88.4 81 75.6 70 64.4 70.1 77.8 85 91.4 95.8 96.4 96.5 96 95.3 95.2 92.3 89.2 87.3 83.1 79.8 75 70.3 65.5 69.2 73.8 78.4 79.3 80.4 80.4 79.7 76 72.9
99.6 98.8 97.6 96.1 94.3 91.4 86.3 83.9 86.6 91.3 91.5 90.7 91.7 90.4 83.3 80.2 89.2 94.3 95.2 95.2 93 91 86.5 78.7 69.8 68.6 75.3 83.6 90.3 93.6 96.1 96.9 95.8 93.9 90.9 86.9 83.2 79.9 76.2 70 65.7 64.2 70.2 70.6 68.6 65.4 63.2 69.5 76.4 84.6 86.1 91.8 93.7 88.4 84.9 77.7 71.1 66.8 71.1 81.2 88 93.7 97.5 98.6 98.2 97.2 95.8 94.5 91.1 89.5 87.2 82.5 78.1 73.2 68 70.7 75.1 78.2 80 80.8 81.1 80.6 80.7 77.7 72.1
102.9 100.3 98.4 96.7 94.7 91.5 87 84.1 90.3 95.1 96 96.7 98.9 96.2 92.5 91.1 94.7 98 99.1 97 94.7 88.9 84.3 76.4 71.8 71.6 76.6 82.7 89.2 94.7 96.6 99.3 97.5 94.5 90.2 85.8 81.9 78.3 74.4 69.5 69 70.2 72.3 73.3 72.3 68.9 67 67.4 75.6 82 84.9 90.9 94.1 90.8 84.9 79.5 74.1 68.7 70.2 80.9 88.6 94.7 98 98.6 98.7 97.7 96.5 93.2 90.4 89.2 85.4 81.3 75.5 70.5 67.9 73.8 78.9 79.2 79.9 82.6 85.3 83.6 80.1 75.3 74
106.6 103.6 100.6 97.9 95 91.2 88 85.2 89.3 98.4 100.7 102 102.5 98.7 96 95.5 99.1 100.7 99.4 97.6 93.4 88.8 81.4 76.1 79.6 77.4 80.2 85.4 90.7 95.6 100 102 99.1 94.1 89.2 84.8 80.6 77 72.6 69.7 72.1 73.4 74.6 75.7 76.6 74.6 72.1 68.9 74.7 78.8 84.3 90 92.4 90.3 86.7 81.5 76.8 69 70.2 81.4 89.5 95.2 97.3 97.6 97.9 98.1 95.7 92.9 90.1 87.2 83.7 78.2 72.7 70.6 70.1 74.9 80.6 80.8 81.5 84.8 86.7 86.9 83.1 79.6 78.1
109.1 106.1 102.1 100.9 97.9 94.2 90.7 87.8 90.3 99.5 102.4 105.1 106.3 103.6 101 99.7 102.8 103.1 100.1 96.6 92.1 87.5 81.5 83.1 83.6 82.6 83.1 87.6 92.1 97.5 102.9 104.1 100.1 94.4 88.7 83.7 79.5 75.7 71.9 73.7 77.3 79.6 80.7 81.8 82.1 80.7 76.8 73 72.6 78.1 83.7 89.3 91.2 90.4 87.5 82.3 77.2 70.9 71.6 81.6 89.8 95.8 97.5 97.8 98.1 98.4 95.7 92.7 89.6 86.5 81.9 76.5 76.2 77.9 73.8 75 81.8 82.6 84.4 86.5 88.1 89.6 87.4 85.4 83.4
110.6 107.4 104.4 103.9 101 98.2 94.7 92.3 92.9 99 101.2 106.4 109.9 108.8 107.6 106.4 105.2 105.7 101.1 95.9 91.4 86.9 84.8 86.3 87.2 85.4 83.9 88.7 94 99.8 105.2 105.4 100.4 94.8 89.1 83.3 79.5 76.2 77.1 79.9 82.7 85 86.9 87.3 87.8 85.5 81.5 77.8 74.8 77.9 83.8 89.7 91.9 90.5 88.4 83.2 78.1 74.3 73.1 80.1 89.2 96.1 98.1 98.4 98.8 99 95.3 91.5 88.4 85.3 81.2 78.6 81.5 81.6 77.3 75.9 82 85.2 86.8 88.9 90.5 91.3 90.1 88.1 86.5
112.1 109.9 109.3 108.5 106 103.9 101.2 99.3 97.3 100.2 104.3 108.3 111.7 113 111.9 110.3 108.3 108.7 102.7 96.3 91.4 88.4 87.4 89.5 92.6 91.6 89.2 91.6 97.5 102.4 106.9 105.3 101.5 93.9 86.2 79.6 79.2 81.7 83.8 85.9 88.6 91.6 92.9 92.7 91.7 90.2 86.1 82.1 75.5 77.2 84.5 90 93.3 91.5 89.3 85.2 80.3 74.9 73.4 80.8 89 94.3 98.7 99.2 99.7 99.8 95.9 92.1 88.2 84.3 81 82.6 83.9 84.9 79.6 77.2 81.4 85.3 89.2 91.7 92.5 92.4 92.4 89.5 89
112.3 111.2 111.1 111.5 110.5 108 104.9 102.6 102.5 107.6 110.5 112.6 115.3 116 115.6 113.2 111.8 109.1 104.6 98.3 92.5 91.7 92.6 94.6 97.5 97.6 95.5 95.7 99.5 104.4 106.6 104.8 103 97.9 90.4 87.3 86.1 87.9 90.3 92.7 95.4 97.6 97.7 96.6 95.5 93.7 89.9 86.1 80.4 77.6 85 91.7 95.2 94 93 88.4 83.4 78.4 74.3 80.2 88.3 94.6 99.4 99.5 100.2 99.9 95.2 91.2 87.1 83.1 83.8 84.3 85.6 85 82.6 78.6 82.5 87.7 92.7 95.2 95.9 94.9 93.7 93.2 96.3
111.5 111.9 112.2 112.1 111.3 109.5 107.8 107.5 110.8 112 113.9 116.6 117.1 117.2 116.7 116 113.4 110.8 108.1 102.2 96.3 97.8 99.3 100.3 102.5 103.3 102.7 103.5 104.4 105.6 106.4 104.5 102.5 100.6 96.8 94.7 93.3 94 96.4 98 101.1 101.1 101.1 99.2 97.1 94.9 92.5 90 85.3 78.6 87 92.7 96.7 96.3 95.3 91 86.6 82.3 77.6 82.7 89.7 96.1 100.2 100.2 100.3 99.6 94.7 89.9 85.3 85.2 86.4 87.6 87.4 86 84.4 82.9 86.4 90.7 95.8 99.4 101.1 100.2 99.2 98.6 100.8
111.3 111.9 112.3 112.2 111.4 110.5 110.7 112.2 114.6 115.6 116.1 116.2 116.4 116 115.1 113.8 111.5 108.9 107.2 107.5 107.6 106.3 105.9 106.2 106.1 106 106 105.9 105.7 105.6 106.3 104.4 102.4 102 99.9 100.5 100.4 100.3 101.3 102.1 102.3 101.9 101.3 100.5 98.4 96.2 93.3 89.7 86.9 85 88.2 93.2 97.7 97.3 97.4 94.6 90.6 86 79.5 83.3 91.3 97.6 100.9 101 101 100 96.2 92 89.3 88.7 89.6 92.2 91.5 89.9 88.6 87 91.2 95.5 99.8 103.5 107.3 107.2 107.2 107.8 108.6
110.5 110.7 111.3 111.7 111.3 111.4 112.2 114.2 115.7 115.4 115.4 115.2 114.5 113.9 112.6 111.2 108.9 106.3 106.6 106.1 105.8 106.1 105.9 104.5 106 106 106 106 106 105.9 106.2 104.7 104.4 103.7 102 102.1 101.9 101.7 101.3 102.1 102.1 101.4 100.9 100.4 99.7 97.1 95.4 92.6 90.1 88 89.7 94.5 98.7 99.3 99.6 97.1 93.2 88.5 83.1 87.1 93.5 98.6 101.9 102.1 102.2 101.1 97.8 94.9 95 94.6 94.1 96.7 95.5 93.8 90.8 91.4 95.8 100.1 103.9 107.4 111.4 114.6 115.9 117.1 118.6
107.4 109.2 110 110.8 111.1 111.6 112.3 113.7 114.2 113.9 113.5 112.5 111.8 110.2 109.5 108.6 106.4 105.7 104.9 104.2 103.8 103.9 102.6 101.3 102.7 105 105.3 105 105 105.2 105.1 105.3 105.6 104.9 103.4 102 100.9 100.9 100.9 101.2 101.4 101 100.5 100 99.6 98.9 98 94.9 93.7 90 91.2 94.8 99.2 100.2 100.8 99.7 95.6 91.1 86.4 90.3 97.4 101 104.2 104.8 104.2 103.5 101.2 100 99.6 99.5 99.4 100.7 99.8 97.6 94.8 97.2 100.2 104.7 108.8 113.3 116.3 120.2 124.9 128 129.6
104.2 104.5 106.2 107.1 109 111.1 111 111.7 111.8 111.7 111 109.6 108.3 106.5 105.1 105.4 104.4 103.7 103 102.2 101.8 100.6 99.4 98.1 98.9 101.4 103.8 103.6 103.7 103.5 103.1 103.4 104.2 103.8 102.4 101 100.7 100.6 100.6 99.4 100.3 100.6 100.1 99.7 98.6 98.6 98.2 97.1 96.6 94.6 95 97.7 100.4 101.1 101.8 102.5 98.3 93.9 90.7 94.9 101.2 104.2 106.9 107.6 106.9 106.3 105.4 104.5 104.2 103.9 104 104 104.8 103.8 104 106.9 108.8 112.5 114.8 118.6 122.3 130 134.6 137.6 135.4
99.7 100 101.4 103.1 105.8 108.8 110.5 109.2 109.1 109.1 107.9 106.4 104.6 102.8 100.9 98.1 100.1 101.7 101 100.4 99.9 97.6 96.1 94.8 95 97.9 100.3 102.2 101.9 101.3 101.2 102 103 102.5 101.1 99.5 99.5 99.5 99.3 96 97.1 98.3 98.1 97.8 99.2 98.7 98.7 98.6 98.5 99 99.1 100.7 101.9 102.8 103.3 104.5 101 97.8 97.4 99.1 104 106.9 108.9 109.1 108.8 108.5 107.6 108.2 107.5 105.9 106.6 106.6 109.4 109.4 110.3 113.2 114.4 116.6 118.4 122.3 128.8 136.8 135.8 133.8 136.2
95.9 95.4 96.6 99.9 104.4 106.6 107 106.6 105.9 105.6 104.6 103.3 101 98.6 94.6 89.8 92.3 95.7 99.3 99.6 99.4 97.1 94.8 92.6 91.9 95 98 100.8 99.8 99.2 99.8 100.8 101.8 101.2 98.9 96.6 96.5 96.1 95.8 93 94.2 95.6 95.7 96.4 98.6 99.1 99.3 99.3 99.2 99.5 102.4 103 103.4 103.9 104.5 106.8 104.2 102.3 103.8 103 103.6 107.2 108.5 108.7 108.6 108.3 108.4 110.5 107.9 108 108.9 110.2 113 115 116.2 117.3 118 118.6 122.2 125.6 128.4 131.1 132.1 130.3 132.7
93.6 92.1 92.5 99.1 102.4 103 103.3 103.3 102.8 102.1 101.4 100.6 99.5 96.6 89.4 84.8 89.7 94.7 97.4 97.8 98.4 95.8 92.9 90.3 90.5 93.8 97 98.8 97.4 96.4 98 99.2 100.4 98.8 96.2 93.7 93.1 92.6 92.2 89.9 91.3 92.7 93.4 95.6 97.6 98.8 98.5 98.5 98.7 100.5 103.1 103.5 104 105.3 105.8 108.5 108.3 107.8 106.9 106.3 106.4 107.6 108.2 108.2 108.1 108.1 109.2 108.6 109.4 109.6 109.3 110.8 113.3 115.9 116 117.5 119.5 121.5 123.5 123.4 125.4 124.5 126.1 126.8 129.3
90.5 88.3 91.6 96.6 99.2 99.5 99.7 99.2 98.8 99.6 99 98.4 97.8 94.1 85.9 85.9 88.8 93.7 95.5 96.4 97.3 95.5 92.3 88.6 89 92 94.9 96.4 95 92.9 95.2 96.8 98 96.7 93.8 91 90.3 89.7 89.2 86.9 87.2 88.6 90.4 92.4 93.8 95.2 96.4 97.2 99.3 102.3 103.1 103.8 105.1 106.5 107.3 108.9 109.1 109.1 108.7 108.3 108.1 108.1 107.8 107.3 107.2 107 107.3 106 106.1 107.7 107.6 109.2 111.9 114.5 115.8 117.4 119.4 120.3 120.4 120.7 120.6 119.3 118.9 123.7 127.9
87 84.8 89 93.7 96 96.1 96.2 95.1 94.4 96.6 96.6 96.1 95.3 91.9 84.9 85.9 89.3 92.8 94.1 95 95.9 94.1 90 86 83.9 89.7 92.8 94 91.9 91.1 94 95.5 96.7 94.8 91.9 89.5 87.6 86.5 85.8 84.8 82.1 84.5 85.8 87.4 89.7 91.3 92.6 95.7 99.4 102.8 104.1 104.8 106.2 107.6 108.8 109.4 110.1 110.1 109.7 109.3 108.7 107.7 106.8 106.3 106 106 105 102.9 103.1 105.7 105.8 107.7 110.3 113 115.6 116.9 116.8 116.7 116.8 117 116.6 115.7 115.2 120.7 123.5
83 82.1 85.9 90.6 92.7 92 91.1 88.7 89.2 92.4 93.6 93.5 92.1 87.3 82.1 83.6 86.9 90.2 91.5 92.4 93.2 92.1 88 83.8 80 85.2 90.3 91.1 88.8 89 92.6 94.2 94.6 92.7 89.9 86.5 83.7 83.1 82.6 81.9 78.6 79.9 81.2 82.5 85 87.2 91.9 95.5 99.2 102.9 105.2 105.8 106.7 107.6 109.6 110.4 110.9 110.9 110.6 110 109.4 108.7 107 105.2 104.8 104.8 102.7 100.6 100.3 102.7 104.1 106.1 108.7 111.2 113.5 113.9 113.6 113.3 113 112.8 112.2 110.4 112.8 117.6 119.6
78.8 80.8 84 87.5 88.4 86.9 86 83.2 84.4 89.3 91.5 89.6 86.5 82.5 78.8 81.5 84.9 89.1 90 90.6 91.2 90 85.9 81.7 77.4 82.3 85.2 85.5 84.3 87.8 91.3 92.3 92.6 90.7 86.9 83.1 79.9 79.3 78.8 78.1 75.2 76.4 77.7 79.2 83.7 87.3 91.7 95.7 99.6 103.5 106 106.9 107.8 108.3 108.1 109.4 109.2 109.3 109.3 109.4 109.4 109.4 107.1 104.4 101.8 100.5 99.5 98.7 99.8 101.1 102.1 104 106.5 108.8 110.9 111.3 111.1 110 108.9 107.8 106.4 104.4 109.4 114.6 115.7
75.7 78.3 81.6 84.9 84.7 83.3 81.1 79.3 81.7 85.7 87.9 85.8 81.6 78.6 76.1 80 84.2 88.4 89 89.4 88.9 88.1 83.4 78.9 75.2 77 80.7 79.1 81.2 86.8 89.7 90.2 90.8 88.1 84.2 80.4 76.6 75.2 74.6 74.1 75.2 77.3 78.5 80.3 85.4 90.4 94.8 97.6 100.4 104.1 106.6 107.2 106.9 106.5 106.4 107.1 107.5 107.6 107.7 107.4 107.1 106.8 104.7 101.6 98.9 98 97.2 96.3 98.5 99.4 100.4 102.1 104.2 106.6 108 108.4 108.6 106.4 104.7 103.2 101.5 99.5 105 110.5 111.3
73.3 75.3 78.6 80.8 80.7 79.9 77.6 76.2 80.3 83.4 84.3 83.4 78.8 75.5 74.4 79 83.6 87.4 87.3 86.8 86.3 85.8 81.3 76.6 73.3 74.8 76.1 75.3 78.5 86.3 89.1 90.1 89 85.4 81.6 77.8 73.5 69.9 73.2 76.5 78.9 82.6 83.7 86.5 91 95.9 99.2 101.2 103.8 106.4 106.8 106.5 106.6 105.8 104.9 104.7 105.4 106.1 105.3 105 104.6 104.2 102.7 100.2 98.3 95.1 94.4 93.7 97 97.9 98.6 100.4 102.3 104.4 105.1 105.5 104.7 102.7 101 99.5 98.2 97.5 101.4 106.2 107
70.6 72.7 75.6 76.4 76.5 75.9 74.2 74.4 78.1 80.8 81 80.9 77.9 73.5 73.5 78 82.5 85.7 84.9 84.1 83.5 83 78.9 74.8 70.9 70.6 72.4 73.7 78.9 84.9 87.1 88.1 85.7 82.6 78.9 74.7 70.2 70.2 75.1 79 82.5 87.8 89.4 92.7 98 102.1 105 105.9 106.5 108.5 108.5 107.5 106.3 105 103.7 102.3 103.7 104.9 103.8 102.8 102.4 101.5 99.9 97.7 96.3 93.3 90.6 90 94.5 95.6 96.9 98.6 100.2 102.5 102.8 102.8 101.7 100.2 98.8 96.6 94.9 94.2 98.5 102.4 102.6
67.9 70.1 71.7 72.4 72.5 72.2 71 71.5 76.1 77.6 77.9 77.1 75.2 72 70.9 74.1 79.3 83.2 83.2 82.3 81.5 80.4 78.5 75.1 71.6 68.8 68.8 72.3 78.7 83.2 85.6 86 82 79.3 75.8 71.3 67.8 70.5 75.6 80.4 86 91.3 96.1 99.8 105 107.7 110.5 112 112.4 111.8 107.4 105.5 103.9 102.9 100.6 99.7 101.5 103.4 102.6 101.2 100 98.6 97.1 95.2 93.4 91 88.4 87.5 91.5 92.7 94 95.9 99.5 100.9 101.7 101.7 99.7 97.7 96.3 95 91.6 91.3 95 98.9 97.9
64.2 65.5 66 68.2 68.4 68.2 69.6 71.7 73.4 74.9 74.4 72.5 71.2 70.4 68.5 71 74.5 80.1 81.1 80 78.8 77.7 75.9 73.8 71.9 66.4 65.9 72 78.1 81.5 83.8 82.9 78.4 75.5 72.3 68 65.6 70.8 76.5 82.9 86.3 90.8 98.8 107.5 111.4 114.6 117.1 117.4 116.6 114 110 104.9 99 99.1 98.4 97.9 100.1 102.2 101.9 101.1 100.1 96.4 94.1 92.2 90.1 87.6 85.2 85.6 88.9 91.1 93.1 95.6 98.4 98.9 99.5 99.6 98 96.3 93.9 93.4 89.8 90.7 94.7 96 94.7
63.3 63.2 63.5 63.8 64.4 65.3 67.1 69.7 71.5 71.5 70.8 69.8 68.8 68.2 67.3 68.8 72.8 76.1 76.8 76 75.2 74.5 74 72.4 70.7 66.9 64 71 76 79.6 81.7 81.4 77.1 73.1 69.1 64.7 64 69.4 76 81.2 86 91.2 98.3 107.8 119.9 121.8 121.8 121.3 118.8 116.2 112.7 109.3 105.2 100.9 94.2 94.8 97.7 100.6 101.4 98.5 96.6 93 91.2 89.7 86.8 84.4 82 85.1 87.5 89 91.7 95.2 96.4 96.1 96.1 96.7 95.6 94.3 92.7 91.2 89.3 90.4 94.6 94.8 93.1
63.8 64 63.6 63.1 63.6 63.8 64.5 67.2 67.4 67.1 67.1 67.1 66.4 65.3 64 66.5 70.2 73 73.2 72.3 71.5 70.8 70.6 70.6 69.6 66.5 64.5 69.2 74.7 77.8 78.9 78.3 74.6 71.3 67 63.8 63.4 63.9 72.3 78.5 82.2 89.7 97.7 108.7 120.7 121.5 122.2 122.2 121 118.5 115.9 113.2 109 104.4 96.7 91.5 96.5 99.2 100.3 99.7 96.9 95.2 93.8 92.1 87.6 82.7 79 82.3 85.4 88.1 90.6 93.9 95 94.7 94.4 94.1 93.3 92 90.6 88.6 84.5 87.8 92.1 92.7 90.6
64.5 64.6 64.7 63.2 63.3 63.5 63.8 64 63.9 63.9 63.9 63.6 63.8 62.9 62.8 64.6 68 69.6 68.8 68.6 67.8 67.1 66.9 66.7 66.5 64.6 64 66.9 72.1 75.1 76.1 75.2 72.6 69.3 65.7 63.9 63.8 63.8 68.2 76.8 83.6 90.5 98.8 109.3 118.3 119.3 120.3 122 121.2 120.6 119.6 116.5 112.7 108.3 100.8 91.5 86.5 97.1 99.4 100.2 99 97.7 96.4 94.5 90.6 85.3 79.4 78.8 82.2 87.1 89.6 93.5 93.5 93.1 92.7 92.1 91 89.7 86.5 84.6 82.5 86.5 90.6 89.6 87.8
66.6 66.3 64 63.5 63.2 63.5 63.7 63.7 63.6 63.5 63.2 62.1 61.3 61.1 61 63 65 65.1 64.9 64.6 64.4 64.1 63.8 63.7 63.6 62.5 64.4 67.3 70.7 73.3 73.7 73.2 71.6 68.7 65.9 63.5 63.5 65.4 70.2 79 85 91.3 99.5 107.8 114.3 117.7 118.9 121 121.6 119.6 118.6 116.1 114.1 109.7 103.7 96.2 83.3 89.4 98.9 100.8 101 100.1 99 97.3 93 86.8 79.6 76.2 84.5 91.8 93.1 94.9 96 93.5 91 90 89.2 84.2 82.3 80.8 79.2 84.9 86.4 86.1 83.6
68.3 70.2 67.9 64.2 64 63.4 63.5 63.4 63.3 63.3 62.6 62.1 61.9 60.6 59.3 60.5 61.5 62.5 63.8 63 62.5 62.3 61.9 61.3 61.2 60.3 62.7 66 69.3 71.1 71.2 70.8 70.2 67.6 65.1 62 62.4 68.2 72.4 74.5 84.1 88.9 96.8 102.5 109.1 115.7 118 120.2 121.7 120.8 119.8 116.9 113.5 111.7 105.8 97.3 84.1 79.2 94.8 99.6 101 100.6 100.2 97 93.8 89.4 78.8 71.2 87.3 94.9 95.2 95.7 95.9 94.7 92.9 91.1 89.2 83.5 81 78.7 77.7 81.4 82.1 81.6 78.6
72 74.3 74.1 70.2 66.6 65.5 63.7 63.8 63.8 63.8 63.4 63.2 63.1 61.8 60.7 59.7 60.1 61.9 62.6 61.8 60.9 60.4 60 59.5 59 59.3 61.2 63.9 65.8 67.5 67.8 67.5 66.9 64.8 62.9 60.2 64.6 69 72.4 75 81.1 85.8 92.3 97.2 103.3 109.9 115.4 119.1 121.3 121.3 120.8 118.1 115.2 112.4 105 93.7 82.5 74.4 88 95.8 98.7 99 98.2 95.6 92.1 86.4 76.9 69.8 87.9 96.3 99 99 98.2 96.6 94.6 92.5 90.4 85.7 81.9 79.3 75.9 74.9 77.6 76.6 73.6
75.3 77.8 78.7 75.5 70.8 69 65.2 64.6 64.3 64.4 64.1 64.1 64.3 63.1 62.1 61.1 60.1 61.3 61.4 60.6 59.7 58.9 58.5 59 59.5 60 60.2 59.8 62.4 63.5 64 64 63.6 62.2 61 59 63 67.2 68.3 71.5 76.6 81.8 86.2 90.2 96.6 104.2 109.7 115.3 119.3 121 120.5 118.8 115.5 111.4 102.2 91.8 82.9 75.1 81.4 92.1 95.1 95.8 94.9 93.2 88.9 82.1 72.8 70.5 87.4 96.4 100.8 101.4 99.9 98.9 96.6 93.7 91.5 86.9 82.4 79.1 76 72.5 70 71.2 70.1
78.3 81 82.5 79.7 76.2 72.4 66.8 66.2 65.6 64.9 64.9 65 65.3 64.6 63.6 62.6 61.6 60.7 60.3 60.1 59.9 59.9 59.2 59.6 60.1 60.6 60.5 59.5 60 61.5 61.4 60.5 59.8 59.3 58.9 58.8 61.2 63.6 63.4 67.6 72.2 77.2 81.1 84.4 90.9 98.5 104.6 110.6 115.3 119.6 119.2 117.9 115.3 109.7 100.6 91.7 82.9 76.6 81.9 85.1 90.4 91.2 91.1 88.4 83.8 77.5 67.2 70.9 86.7 95.1 101.3 102.5 101.9 101.3 99.4 96 92.6 87.6 84.7 82.2 79 75.8 71.4 69.2 65.9
82.1 83.8 83.3 82.2 79.4 75.6 69.6 67.8 67.2 66.5 66.2 65.3 65.5 66.3 66.2 65.1 64 63.9 64.8 63.1 63 62.9 61.7 61.1 60.8 61.1 60.8 59.5 58.1 59.4 58.5 58.1 58.2 58.1 58.8 58.4 60.2 61 60.2 63.5 68.6 72.6 75.3 79 85.5 92.6 98.9 105 110.8 114.5 116.6 116.4 114 109.4 100.8 91.7 83.1 78.2 81.4 82.1 81.6 83.8 84.3 82.4 78.1 72.7 63.9 73.5 85.8 94 100.1 101.7 101.8 100.9 98.4 95.9 93 90.2 87.7 85.2 82.5 78.5 74.6 69.7 64.3
