data/540000-140000.asc
ncols 200
nrows 200
xllcorner 540000
yllcorner 140000
cellsize 50
[rows 156 to 194 of 200, columns 0 to 85 of 200]
76.8 80.2 83.3 86.2 88.9 91.6 94.1 96.6 98.2 101.2 103.1 103.3 102.3 101.4 103 104.5 105.8 106 103.3 97.5 92.6 89.3 88.6 92.5 93.8 93.1 91.2 90.6 90.5 84.7 83 85.5 90.1 90.5 86.8 83.2 85.6 85.9 87.8 89.1 94.5 100.4 102.7 102.1 99 100.2 103.9 110.5 113.7 114 119.2 121 121.5 118.6 117.9 123.3 126.9 126.8 131.3 133.9 136.5 139 139 137.8 139.7 142.7 145.3 147 147 144.6 142.2 131.5 120.6 118.3 121.2 119.2 115.9 114.8 114.5 116.2 123.9 129.2 130.8 130.6 130.5 129.3
79.1 82.1 85.1 88.1 90.4 93.2 96.1 98.5 100.8 103.7 105.7 106.3 105.3 103.9 104.9 106.4 107.9 107.2 103.6 98 93.8 90.7 90.3 96.3 97.7 94.5 95.2 93.8 90.2 84.1 87.4 90.4 90.9 90.6 87.4 85.2 85.7 90.9 92.9 94.6 95.5 101.2 104 103.3 105.1 106.3 108.6 110.5 113.3 114.7 119.5 122.7 123.1 123.8 125 129.5 132.4 132.6 133.5 135.7 138.6 142 143.4 143.6 143.9 146.7 149.2 150 150.4 147.8 143.7 133.9 120.6 119 123.2 123.2 119.2 118.2 116.8 118.1 125 130.7 132.2 132 130.9 129.1
81.2 83.6 86.5 89.3 91.9 94.8 97.7 100.5 103.1 105.9 107.5 109.2 108.3 107.2 107.3 109 110.8 109.4 102.8 98.5 97.1 94.6 93.8 98.8 101 97.3 96.9 94.9 89.2 86.1 91.8 94.9 93.9 92.6 91 88.8 86.2 92.8 96.7 99.5 101 104.8 106.5 108.6 109.2 109.9 112.3 114.4 118 120.4 122.5 124.8 126.3 127.7 130.4 133 135.1 136.9 137.1 139.2 141.2 144.4 144.6 146.9 148.4 149.6 151.7 152 151.5 148.7 143.1 131.2 125.8 120.3 122.5 125.9 122.9 121.6 121.4 121.9 126.9 131.4 133.5 132.8 131.2 128.4
83.6 86 88.4 90.7 93.6 96.5 99.5 102.5 105.4 108.1 109.3 111.8 110.9 110 110 110.5 111 109.5 103.1 99.2 99.9 96.6 95.6 100.2 101 100.2 99.2 96.3 89.5 89 94.8 98.5 99.7 97.7 94.2 91.9 90.2 94.1 99.5 104.2 106.9 108.9 111.4 114 113.9 114.5 115.8 119.3 123.2 125.5 128.1 129.9 130.3 131.6 132.8 135.2 137.3 139.2 140.6 141.6 143.6 145.8 148.2 150.5 151.9 153 153.5 154.7 152.8 146.8 140.3 135.9 133.9 125.1 127.3 127.8 127.6 128.4 127.3 127.5 131.9 135.4 134.6 133.1 130.1 127.1
84.4 88 89.7 92.4 95.4 98.5 101.6 104.6 107.5 109.8 111.5 114.9 113.6 112.8 112.8 114.2 114.5 111.3 104.9 102.4 102.7 100.3 99.3 100.9 100.6 101 101 96.8 90.5 91.4 96.4 101.1 104.5 102.5 100.9 96.8 92.6 95.5 103.7 109 112.6 113.8 116.3 118 117.6 115.2 117.4 123 126.8 130.3 130.8 131.6 132.5 133.6 134.9 137.1 140.9 140.7 142.4 143.6 147.2 149.6 151.9 154 155.2 156.2 157 156.4 155.7 151.3 147.2 141.9 137.1 128.9 133.7 135 134.6 135 133.3 133.1 134.8 135.9 134.3 131.5 127.7 124.7
85.8 88.7 91.4 94.9 97.3 100.2 103.4 106.3 109.6 112 114 116.1 116 115.9 116.2 117.3 116.7 112.4 106.3 104.8 105 101.8 99.5 100.6 100.2 99.7 96.8 92.9 93.3 95.4 98.4 104 105.3 105.8 105.8 103.4 97.6 102.4 107.4 112.2 116.1 117.6 120.8 121 120.5 119.1 120 125 129.3 129.4 130.9 132.4 132.3 134.6 135.5 138.3 139.1 141.1 143.3 146 150.4 153.4 155.7 157.4 158.4 159.5 160.3 158.9 157.5 152.9 148.9 145.9 137.4 133.2 138.6 138.5 138.6 139 138.3 136.5 135.8 135.4 132.6 129.8 125.8 122.4
86.4 89.7 91.7 96.2 98.9 101.7 104.7 107.5 111.1 113.9 116.9 117.7 118 118.8 121.1 120.9 118.3 114.1 109.8 108.2 105.3 103.3 102.2 102.7 100.4 97 94.1 94 95.6 100 102.9 105.8 108 109.8 110.7 105.4 102.8 106.9 108.8 111.3 115.1 117.9 120.6 121.6 121.7 122.3 122.6 127.1 130.6 129.6 130.2 129.2 131.8 135.3 137.3 139.5 141.8 144.7 147.6 150.2 151.7 155 158.3 160.9 162.1 163.4 162.9 161.7 159.7 157.6 153.6 146.3 135.6 139.7 143.4 143.4 142.7 142.9 141.8 139.8 137.8 134.8 131.3 128.2 124.4 120
81.5 87 90.9 95.5 98.7 101.8 105.2 108.4 112 114.7 117.4 119.2 120.4 121.7 123 122.7 120 116.3 113.4 110.5 107.3 104.3 104.9 103.8 100 94.8 94 96.3 98.1 102.3 107.1 108.4 110.2 112.1 112.8 108.8 107.8 110.2 112.5 115.4 117.5 118.3 122.6 125.3 124.6 124.2 125.2 127.1 128.7 129 128 129.3 133.4 136.9 139.3 141.8 144.9 148 150.9 153.5 156 157.5 161 164.4 165.4 166.4 165.1 163.7 161.9 159.5 153.8 146.4 142.6 146 147 146.9 145.1 145.9 144.3 141 138.2 135.1 131.3 127.9 124.7 121.1
83.7 84.8 87.3 92.5 97.3 102.1 105.3 108.8 112.6 116.3 118.4 120.8 122.8 124.1 125.4 125.1 123.5 119.3 116.5 113.9 111.2 108.4 106.8 106.1 100 95.5 95.8 98.7 101.9 106.5 111.3 112.5 113.1 114.4 115.2 111.8 114.2 116.5 119.1 120.7 123 125.1 125.6 126.2 125.9 126 126.8 127.7 128.5 128.8 125.9 129.9 134.9 138.4 141.6 144.5 148 150.7 154.1 156.7 159.7 161.3 163.5 167 168.2 168.1 167.4 165.3 163.6 160.8 152.8 149.6 149.5 150 149.5 148.2 146.1 145.7 143.5 141.3 138.7 135.4 131.9 129.2 126.2 123
89.5 87.5 91.4 93.7 95.8 99.7 103.4 108.7 112.6 116.5 119.4 123.5 125.1 126.2 127.6 127.3 125.3 121.8 119.2 117.1 115.3 112.1 109 107.1 103 98.8 99.6 102.3 106.9 110.6 114.4 118.6 120.4 116.9 115.7 115.3 120.6 122.5 124.2 125.1 125.9 127.7 127.5 126.8 126.1 125.1 125.8 126.8 127.1 125 123.7 129.6 134.4 139 142.7 146.4 150.3 153.3 157.5 160.6 163.4 165.3 166.7 168.3 170.4 170.3 169.7 168.1 165.6 161.7 155.9 153.7 151.4 151 150.9 149.2 147.2 145.2 141.3 138.9 136.9 135.6 132.5 130.5 127.6 124.3
94.1 95.1 95.7 97.9 100.1 102.3 103.9 107.2 110.9 114.8 120.7 124.8 126.6 129 130.1 130.2 126.8 123.9 122.1 120.3 118.3 114.9 111.9 110.2 106.1 101.7 104.4 107.6 111.6 114.4 118.9 121.3 121.3 119.6 120.4 123.1 124.5 126 128.5 130.3 128.7 129.1 128.7 126.2 125.1 124.4 124.1 123.5 120.2 120.2 119.2 126.3 132.2 137.2 142.5 146.8 151.4 155.1 159.8 164.4 166.9 168.8 171 171.1 171.2 171.3 171.1 169.1 165.1 161.2 157 155.1 152.2 151 149.9 147 144.1 140.7 137.4 136.2 136.3 134.9 133.7 131.7 129 125.1
96.2 97.3 98.8 101.2 103.5 105.8 108.7 111.8 115.3 118.9 121.9 123.3 128 130.4 132 132.5 128.7 125.6 125.3 123.7 120.9 117.5 115.9 113.5 110.3 106.4 109.6 113.9 116.4 120.7 122.2 123 123 122.6 124 125.5 127.5 129.1 130.2 129.9 129.6 130.2 126.9 124.8 124.1 122.5 120.4 117.3 115.7 116.2 119.7 124.9 128.5 132.7 138.4 144.6 149 154.1 158.5 163.9 167.2 169.7 171.4 171.8 171.7 171.6 171 166 163.1 156.9 154 153.4 151.3 149.4 147.4 145.8 140.5 136.5 134 133.1 133.5 134.1 134.7 133.4 132.2 129.2
96.6 98.7 101.5 104 106.3 108.5 111.4 115.1 118.7 122.4 125 126.3 129.7 131.4 133.3 131.7 129 127.9 127.4 126 123.4 121.7 121.4 118.8 116.2 114.3 117.7 119.2 121 124.4 125.3 124.2 124.5 126.5 128.6 129.3 130.7 130.5 130.6 130.8 128.5 126.7 124.6 121.9 120.7 120.7 116.2 113.4 112.2 115 120.6 123.7 126.4 131.1 136.1 141 144.7 148.6 151.7 156.1 161.5 166.6 169.9 172.2 172 171.1 167.2 162.3 159.4 155.2 152.8 150.5 148.6 146.7 144.9 142.1 138.7 136.1 132.7 130.4 129.8 132.5 134 134.9 135.6 134.2
97.5 100.4 103.3 105.5 108 110.7 113.7 117.2 121.7 125.4 128 130.4 131 130.9 132.4 130.9 129.7 131.1 129.7 126.3 124.8 125 125.2 123.6 121.4 121.5 122.8 123.6 124.2 125.3 126.6 126.7 127 130.4 130.8 131.1 131.3 131.1 129.9 128.4 126.5 123.9 122.2 118.7 115.9 115.2 112.2 112.2 113.6 117.2 121.1 123.5 126.3 130.6 135.3 138 140.2 143.2 146.5 148.5 155.6 160 163.7 169.4 170.6 168.2 163.4 152.9 154.7 151.8 149.7 147.8 146.5 144.4 142.3 140.6 138.1 135.7 131.3 127.2 125.4 129.2 133.2 135.2 136 136.5
98.3 100.5 104.6 106.4 109.5 112.2 115.3 118.6 123 126.1 129.4 130.7 130.8 130.3 130.2 129.7 131.2 130.4 127.8 126.9 126.4 127.5 127.9 126.8 126.5 126.2 126.1 126.6 127.1 128.2 128.2 128.7 131.2 132.1 131.6 131.9 131.2 129.9 127.6 125.4 123.3 120.9 118.5 116.1 111.7 110.1 109.7 110.7 113.8 117 119.8 122.6 127 130.8 132.8 134.2 136.8 139.5 139.9 143 147.9 151.8 156.5 163.7 164.6 163.3 159.8 153.6 149.5 145.6 141.3 144.5 144.4 142.4 140.4 140 137.3 134.2 129.6 123.1 122 127.2 131.7 133.8 135.3 137.3
98.8 101.5 104.4 107.3 110.7 113.8 117.4 120.6 123.5 126.1 129 129.6 129.2 128 127.3 128.9 130.5 130.9 127.9 126.4 127.2 129.4 129.8 128.3 128.4 128.9 129.1 129.2 129.8 130.4 129.3 130.6 133 134.1 133.1 131.4 130.1 126.9 125.2 123.3 120.4 117.3 113.8 110.2 109 107.7 107.6 109.9 113.2 116.2 118.8 121.6 126.6 129.1 129 130.7 132.7 133.3 133.7 136.6 140.8 144.8 148.2 152.5 156.7 156.7 154 149.7 146.3 143 140.6 143.3 144.1 139.7 136.7 136.2 134 130 125.8 121 119 125.1 126.7 131.6 134.6 137.4
100.1 102.8 105.6 108.7 112 115.8 119.5 122.2 125.2 127 128.7 129.1 126.8 124.6 126.2 128.9 129.8 127.2 125.3 125.6 126.3 128.1 129.6 128.9 128.4 128.4 128.5 129.4 128.5 127.8 131.9 133.4 134.1 134.4 133.1 131.3 128.2 124.6 120.4 119.8 116.7 114.3 111.4 109.9 109.9 106.7 106.2 108.7 112.4 115.5 118 120.6 123.7 125.4 126.1 126.3 128.2 127.9 128.2 130.2 134.8 139.6 143.7 145 147.5 147.5 146.4 145.3 143.3 139.9 136.6 140 140.5 137.5 130 130.5 127.2 122.7 120.5 116.8 118.2 124.9 124.8 128.9 133.8 137.2
101.1 104.1 106.9 109.8 113.5 117 120.3 122.2 124.4 126 127.2 126.8 124.8 121.3 125.3 127.6 126.5 124 123.3 124.5 125.6 126.7 127.3 127.6 127.4 127.7 128.5 129.3 126.2 130.8 134.3 134.5 134.1 134 132.6 131.3 127.8 123.7 119.9 116.1 113.7 112.6 111.8 112.1 110.7 106 104 106.1 110.3 114.5 117 118.7 120.8 122.3 120.2 122.1 123.7 123.1 122.4 124.8 129.5 134.3 137.7 140 140.7 139 140 141.5 140.1 137.6 133.4 136.4 136.8 133.3 128.3 121.3 122.9 116.6 113.6 113.4 117.5 119.6 120.8 127 133.7 136.5
102.1 104.9 107.8 110.8 114.3 117.5 119.3 121.4 123.2 124.7 124.1 123.5 122.3 121.1 124.7 124 123 121.3 121.2 122.9 125.2 125.7 126.5 125.8 126.1 126.3 126.6 123.6 127.8 129.6 131.3 132.8 133.3 133.6 131.8 129.5 126.3 122.5 118.6 114.7 113.9 113.7 114 113.1 110.1 107 104.2 104.7 108.3 111.5 114 116 118.2 118.3 115 116.2 120 116.8 118.3 122.7 125.5 128.4 130.9 133.5 132.6 132.8 134.6 137.1 138.1 136.8 132.3 130.5 133.9 130.6 126 118.5 113.2 112.3 108.9 110.5 114 115.6 118.1 127.3 133.4 136.1
102.7 105.5 108.5 111.5 114.3 117.3 119.4 120.4 121.2 122.2 121.9 120.9 119.2 119.7 120.4 119.4 118.8 118.8 119.8 121.8 122.9 124 124.8 124.4 125.3 125.8 123.6 123.6 127.6 129.6 131.1 131.5 131.2 132 128.9 126.6 123.7 120.4 114.9 115.6 118.1 117.5 116.5 113.1 109.2 105 103.2 105.2 109.7 110.8 112.1 113.6 115.5 115.4 110.4 111.2 114.3 112.9 119.8 122.8 124.6 124.5 131.2 132.1 129.6 128.6 130.4 133.4 137.4 135.1 128.1 129.8 132.2 128.7 121.5 115.8 111.3 106.5 104.5 106.8 109.5 113.1 119.9 127.9 133.1 136.3
103.2 105.7 108.5 111.5 114.7 116.5 117.3 118.1 119 119.9 119.6 117.9 116.8 116.7 115.6 113.6 113.5 115.7 118.4 120.4 121.5 122.6 122.3 122.3 123.4 124.5 122.8 125.4 127.3 129.3 129.8 130.2 130.2 128.7 124.1 121.5 118.3 117.1 117.8 121.2 124.1 123.3 119.6 113.3 107.4 103.5 101.2 103.1 106.7 108.9 110.7 113 113.9 112 106.2 104.8 106.3 115 119.7 122 122.3 120.8 126.3 130.3 127.8 125 127.9 133.6 135.6 132.5 127.2 126.2 127.9 123.4 116.1 111.5 107.3 104.5 104.2 107.2 110.5 115.4 121.1 127.2 133.1 136.3
103.9 106.4 108.6 111.6 114 115.3 115.4 115.1 116.1 116.8 115.8 114 112 110.3 107.8 109.4 111.7 114 116.6 118.3 120.9 120.2 119.8 120.5 119.2 121.5 121.5 124.8 126.9 128 128.6 128.5 126.2 124.7 122 120.7 119.3 119.3 122.8 127.2 129.2 127.7 120.7 113.4 106 100.4 100.9 103.7 106.3 107.7 110.3 112.5 111.7 109 103.8 102.5 109.3 114.8 119 121.3 120.1 119 126 126.5 123.4 120.3 128 133 133.6 130.2 126.8 119.7 118.1 117.2 113.2 107.8 103.3 103.4 105.3 109.5 113.1 117.9 122.5 127 132.7 136.3
104.6 106.9 109.3 111.6 113.1 113.9 113.3 112.5 113 113.6 112.9 110.8 109.4 106.8 105.2 106.6 109.3 112.2 114.7 115.6 117.8 117.5 117.4 118.5 120.5 121.6 122.3 124.5 126.4 127.3 127.6 128.8 126.9 124.7 126.2 124.5 123.3 126.4 129.5 133.2 135.3 127.3 119.1 110.4 103.7 98.6 100.6 103.3 106 108.3 109.1 108.1 106.9 104.9 99.9 100.5 106.9 112.2 115.4 118 117.8 118.6 123.4 123 118.6 118.3 126.8 130.5 131.1 128 125 118.9 111.5 110.1 107.3 103.5 99.4 102.6 106.9 109.5 113.5 118.6 123.8 128.3 132.8 135.9
105 107.5 109.9 111.7 112.8 112 110.7 109.3 109.8 110.5 110 107.7 106.6 105.1 104.2 108.1 110.8 111.8 112.8 114.2 115.1 114.6 114.6 116 119.5 121.7 123.7 124 125.5 126.2 127.8 130.5 131.5 132.4 133.7 133.8 132.2 133.3 136.6 137.6 136.2 126.6 114.7 107.2 102.8 100.2 96.6 99.1 102.2 104.4 103.8 102.5 100.7 98.7 95.8 98.3 104.5 107.1 110.4 112.8 111.7 116.1 119.3 117.3 111.6 117.2 124.7 128 128.3 124.7 122.2 119.7 112.5 106.1 103.2 98.3 99.2 104 107.6 111.6 114 118.5 123.6 128.9 132.2 134.6
105.2 108 110.2 110.6 111 110.3 108.4 106.6 107 107.9 107.5 103.2 105 102.3 104.5 107.4 109.2 109.7 110.7 111.7 112.1 111.5 111.1 115.6 120.1 122.6 124.8 125.2 126 127.8 128.3 129.3 132.9 134 136.3 137.1 138.4 139.2 140.8 140.9 135.8 123.7 113.8 108.7 106.3 103.2 100.6 98.6 95.8 97.8 97.2 96 94.5 93.8 92.8 94.3 99.1 102 105.6 106.4 107 113.8 113.7 110.6 108.1 116.4 122.6 123.8 123.9 121.4 120.1 119.6 113.8 109 104.2 99.3 96.2 102.3 105.6 109.3 113.7 118.8 124.5 129.5 130.9 132.9
106.1 107.4 109.6 110.1 109.2 107.4 104.8 102.9 104.9 106.1 103.9 100.2 98 99 103.4 105.8 106.9 107.2 108.2 108.8 108.8 105.9 109.9 114.9 119 122.6 125 125.6 126.1 128.2 129.5 130.3 130.8 133.1 134.7 137.1 140.7 141.7 141.8 141.3 136.5 128.9 121.8 115.3 112.3 107 103.1 100.1 97.4 95.3 94.9 94.7 94.1 93.8 92.1 90.4 92.8 96.9 100.9 101.5 106.3 109.6 108.6 106 106.7 115.7 119.3 118.9 121 117.6 117 116.8 111.9 107.5 102.2 96.6 94.4 101.5 105.2 110.7 114.9 119.6 125.6 128.8 130.1 130.5
105.7 106.6 107.9 108.5 106.6 104.9 102.2 99.4 101.7 101.8 100.3 98.9 96.3 98.2 102 104.9 104.9 104.1 105.9 106.6 105.8 105.9 109.3 114.2 118 121.5 124.1 125.8 127 128.4 129.9 131.5 132.8 134.7 136.3 137.1 138.6 140.3 141.8 143 142.3 138.7 131.3 124.7 117.6 111.3 105.8 101.2 100.5 105 103.7 103.7 103.7 103.2 100 95.8 90.7 90.3 94.3 97.2 103.9 106.1 102.7 100 109.1 114.1 116.4 115.5 115.7 112.2 114.5 111.6 110.1 104.3 99 94.6 94.3 100.5 105.3 110.6 115.2 120.3 125.5 127.4 128.5 128.5
105.6 106.4 106.7 106.2 104.4 102 99.2 97.2 96.8 98.5 97.2 95.8 94.1 96.8 100.2 102.1 102.1 101.1 100.7 100.6 103.7 106.5 110.3 114.5 118.8 122.2 124.5 126.5 127.7 128.2 129.8 131.9 134.1 135.5 137.6 138.7 139.9 141.3 143.1 144.4 144.5 143.3 139.4 132.7 125.1 117 110.2 105.6 103.7 106.3 109.1 110.1 111.1 107 103.6 99.7 93.5 87.9 88.6 95.2 100.1 102.2 97.4 100.2 106.5 111.7 112.5 110.8 109.5 106.9 108.2 108.6 106.7 100.7 96.5 93.5 98.3 102.7 106.4 109.6 114.9 119.8 124.8 125.9 125.6 124.7
105.8 106 105.2 103.6 101.3 98.9 96.1 93.3 93.3 94.8 94.3 93.9 94.7 96.3 98.4 99.2 99.1 99.2 99.3 102.6 106.3 109.2 112.8 116.9 120.2 122.3 124.5 126.6 128.2 128.8 130 131.7 135.6 136.4 137.8 139.3 140.1 141 142.7 145.1 145.8 146.3 145.5 139.9 131.6 123.2 115.2 108.5 106.6 108.3 110.4 110.6 110 107.8 104.3 100.4 96.1 91.2 87.3 90.8 96.8 96.6 94.2 99.4 105 109.1 108.2 105.2 104.4 103.7 104.2 104.6 102.2 97.4 92.5 90 97.9 104.6 109.7 112.2 114.9 119.3 124.6 126 122.8 120.9
106 104.6 103.5 101.3 98.5 95.6 92.6 89.6 90.6 92 92 92.8 94.6 96 96.6 96.1 97 99.2 102.8 106 108.9 111.8 115 118.3 121.2 121.1 122.8 124.9 127.2 129 129.4 130.4 134 135.5 137.2 138.1 138.8 140.2 142 144.5 145.2 146.3 146.9 144.1 137.9 130.6 122.4 114.5 113.7 113.9 113.9 111.7 108.6 105.5 101.8 98.2 94.5 90.4 86.4 84.3 90.5 90.3 92.8 98.5 102.4 104.4 103.9 101.7 100.3 99.5 101 101.8 97.5 92.2 88.8 91.7 100.6 107.2 113.1 117.7 120.2 122 125.4 123 120.1 116.2
104.1 101.9 100.6 98.2 94.7 92.3 90.2 88.8 90 90.6 89.3 90.9 92.8 94.1 94.5 93.7 97.5 101 105.6 106.9 109.1 111.3 113.8 116.9 119.6 120.6 121.8 123.3 125.8 127.2 128.7 129.2 130.8 133.2 135.5 137.7 136.1 137.7 140.8 142.4 144 145.2 146.1 147.1 142 137.1 129.1 122.5 122.3 119.5 117.8 113.4 108.4 103.3 99.6 96.4 92.9 90.8 87.3 84 84.6 85.1 88.9 94.9 96.8 97.9 99 97.2 94.7 94.4 100.5 100.8 96.2 88.2 91.3 99.3 104.8 108.7 113.8 118 120.2 121.4 122.6 121.6 117.5 113.1
101.8 98.6 97.4 94.9 91.7 89.6 88.2 88.4 89.1 89.1 88.3 89.5 90 90.1 90.7 93.8 97.7 100.7 103.4 105.7 107.9 109.9 112.6 114.7 117.2 119 120.6 122.7 124.2 125.8 127.4 128.3 128.9 130.6 132.9 134.6 134 134.6 137.9 140.1 141.5 142.8 143.9 144.4 143.1 141.6 137.2 132.3 128.8 124.4 120.9 116.4 111.9 106.9 101.4 96.5 93.5 94.8 93.9 89.1 85.1 83 85 86.6 88.9 90.8 92.3 91.8 93.2 95.2 98.3 97.2 91.3 86.4 94.1 99.6 103.4 107.9 112.4 115.3 117.6 118.8 118.9 118.3 114.9 111.1
99.6 96 92.7 90.3 88.3 86.5 86.1 87.3 87.9 87.6 87.6 88.4 88.8 89 90.2 94 97.6 99.8 102 104.6 106.6 108.7 111.4 114.1 115.3 117.9 120.9 122.4 123.4 124.5 126 126.8 127.1 127.6 131.3 131.3 129.7 130.5 133.5 135.9 139.6 139.8 140.6 142.1 142.4 141.6 138.5 136 133.6 128.3 123.3 118.2 114.2 110.3 104.3 97.9 97.1 98 97.1 93.1 87.6 83.9 83.9 83.6 84.3 86 85.9 88 92.1 96 95.8 94.3 88.9 85.6 92.6 98.8 102.6 106.5 110.2 113.5 115.3 116.3 115.1 114.1 114.6 111
95.4 93.4 90 87.9 85.4 83.6 84.3 85.8 85.9 85.6 84.8 87.9 90.9 90.4 91.3 94.2 96.7 98.8 101 103.3 105.1 107.8 110.6 113.5 115.7 118.5 121 121.4 122.5 123.7 124.7 124.5 124.1 125.2 127.9 127.3 125.4 126.9 129.9 134.8 136.9 137.9 139.2 140.8 140.8 140.9 139.6 137.3 136.5 132.3 127.4 121.5 115.6 110 105.9 102.7 101.5 100.9 98.1 94.2 91.7 89 84.4 82.3 81.2 81.1 82.7 87.7 92.6 94.1 92.7 90.7 88.2 85.7 94.4 100 102.5 104.3 108.1 110.6 112 112.6 111.2 110.7 110.8 110.5
91.2 89.9 88.3 85.1 82.8 80.9 81.2 83.1 84.1 83.9 85.8 89.2 92.2 93.2 93.9 95 95.2 97.6 100.1 102.1 104.9 107.9 111.6 114.4 117 119.6 121 121 121.1 121.8 121.4 121.1 120.6 120.1 123.3 123.3 122.2 123.8 128.7 132 133.8 136.3 139 140.1 139.4 138 137.6 136.2 135.9 133.1 131 124.3 116.8 113 110.4 108.3 106.7 103.1 99.6 97.2 92.9 90.6 86.8 84.6 82.1 79 80.1 85 89.3 90.7 90.3 87.7 86.3 87.1 95.2 101 101.4 102.7 106.5 108.1 108.4 106.8 107.1 106.9 108 107.2
88.1 86.9 85.6 82.7 79.6 81.5 83.5 84.8 85 85.8 87.8 90.3 93.2 95.8 95.9 95.9 96.4 98.1 99.4 102.4 105.7 109.1 112.3 115.4 117.9 120.3 121 121 119.5 117.6 117 118.2 117.9 117.4 119.2 119.1 119.9 120.9 126.3 129 131.1 133.9 135.8 137.6 137.1 135.7 134 134.6 133.5 130.7 129.2 125.9 122.5 118.6 115.1 112.3 108.8 105.4 103.2 99.5 94.8 89.7 88.3 86 86 83.3 78.9 77.9 82.3 86.2 86.7 83.8 83.8 90.6 95.8 97.5 99.2 102.9 105.3 106.3 105.8 103.1 100.6 103.2 104.5 105.3
85.3 84 82.6 80.4 79 81.6 85.4 86.4 86.7 88.5 89.8 91.9 93.4 94.1 95.2 97 99 100.8 100.8 101.4 104.5 108 111.7 114.7 117.7 120.5 120.8 119.6 117.1 114.1 113.6 116.1 114.9 113.8 115.7 116.8 117.5 118.2 121.2 125.5 129.1 132.6 133.9 135.3 134.2 135.7 134.5 131.9 129.5 127.9 126.2 123.9 121.8 119.1 115.9 113.4 110.1 105.6 102.4 98.9 94.4 90.3 89.8 90.7 90 86.8 82.3 78.2 78.4 79.7 81.2 80.8 86.6 92.2 93.6 93.1 96.7 97.8 101.7 103.4 105.1 105.5 94 98.8 104.1 104.1
80.6 80.9 79.7 79 79 82.8 85.8 87.9 89.1 90 91.5 93.7 95.1 95.2 96.7 99.2 100.8 100.9 102.5 104.1 104.3 107 110.3 113.3 115.5 119.3 120.9 119.2 115.9 112.7 112.6 113.4 111.4 111.6 113 113.6 114.4 115.1 119.4 123.1 127.2 129.3 131.4 132.6 132.9 133.7 133.2 129.6 126 123.9 126 122.7 119.7 118 115.5 112.3 108.4 105 102 98.7 95.9 94.6 92.3 92.4 91.7 88.8 85.2 82 79.1 78.5 78.3 80 83.6 85.6 89.3 90.6 92.1 92.5 96 98.3 100.5 101.9 90.9 93.7 100.9 98.4
78.6 78.4 79.1 79 79 82.3 85.2 86.5 90.1 91.2 93.4 95.6 97.6 98.5 100.1 100.9 100.6 101.7 103.3 104.8 107.6 108.9 110.9 114.4 116.1 118.6 119 119.3 116.4 113.6 112.6 112.6 109.6 110.3 110.7 111.8 112.4 114.4 118.7 121.6 124.4 126.8 128.7 129.7 130.8 131.9 131.6 130.9 128 121.2 121.1 119.2 116.3 114.2 111.4 108.8 106.3 104.2 103.1 100.3 97.3 95.5 94 92.9 91.5 88.8 85.8 82.4 79.6 79 79 80.1 82.4 84 83.5 89.1 88.2 86.7 89.9 93.1 95 96.6 86.2 89.7 95.9 94.4
