data/540000-130000.asc
ncols 200
nrows 200
xllcorner 540000
yllcorner 130000
cellsize 50
[rows 0 to 37 of 200, columns 0 to 84 of 200]
86.4 87.2 88.6 88.6 88.7 89.3 90.5 90.3 89.9 89.9 91.3 92.1 93.9 92.6 94.5 98.7 102.6 105.8 107.9 109.9 111.3 111.9 112.6 113 113 112.5 111.8 111.2 112.3 113.4 113.1 112.5 111.8 111 106.2 101.4 98.1 97.9 101 99.1 99.4 99.7 104.3 105.7 102.6 101.6 102.1 100.3 99.3 99.5 95.4 93.8 93 91.2 88.9 86.9 84.9 84.1 84 83.9 85.5 87.6 88.7 87.7 90 89 89.7 92.7 89 83.9 90.2 95 96.4 94.3 90.9 90.8 94.6 94.6 89.3 82.3 80.1 73.6 72.9 72.9 72.9
88.4 90.4 93 94 94.9 95.4 95.7 95.9 93.4 91.8 93.8 94.8 94.7 92.1 95.7 99 100.3 104 106.7 108.8 110.3 110.3 110.6 111 109.9 109 108.3 108.2 109.4 110.4 111 111.1 110.9 109.2 102.6 97.8 95.4 95 96.3 96.2 97.4 98.5 99.9 100.8 97.9 96.5 95.8 94.4 92.7 93.6 91.6 88.9 88.6 87.4 85.4 84.1 84.1 85 86.4 88.6 92.4 94.3 93 89.5 96.6 97.2 99.9 100.6 92.1 84.8 92.9 99.2 101.9 102.1 99.8 98.9 99.5 97.6 91.3 83.4 80.7 74 75.4 79.4 84.6
92.3 95.8 98.6 100 100 99.2 101.1 100.8 97.2 94.7 95.2 96.8 97.9 94.1 96.2 100 100.6 103.2 105.3 107 108.4 109.1 109.5 109.2 107.1 105.4 104.9 104.1 105.5 107 108.2 109.9 109.7 106.2 100.9 96.5 94 93.5 93.3 94.1 93.6 94.4 95.6 95.6 93.2 91 90.2 89.1 88.9 87.3 84.7 84.5 84.3 84.2 84.1 84.9 85.6 89.4 93.6 95.9 98 99 96.9 96.9 101.3 102.9 104.2 102 93.5 87.6 94.6 101.5 105.9 105.6 105.5 104.7 102.9 97.2 89.7 84.1 78.9 77.8 84.4 91.2 96
97.7 102.5 106.2 107 107.2 107.2 106.9 105.2 101.7 101.4 102.5 102.8 99.1 96.2 97.7 99.1 102.1 104.3 106 107.2 108.2 108.4 108.6 107.2 105.2 104.3 103.1 101.8 102.1 102.9 104.9 106.3 106.8 105.7 100.4 96.1 93.5 91.6 91.4 92.3 93.1 93.4 91 89.8 89.1 89.1 89.1 89.9 89.3 86 85.2 85.2 85.8 86.2 88.4 88.2 87.9 92.1 95.8 99.5 101.1 102.4 99.3 100.9 104.3 105.5 104.6 102.9 96.5 88.5 92.8 102.2 107.2 107.8 108.6 108.7 104.1 101.3 93.1 83.3 78.8 84 87.5 96 98.4
107.3 111.7 113.4 113.8 113.9 113.9 113.1 111.1 107.9 105.9 106.9 106.3 100.9 98.5 99.9 102.2 104.6 107.1 108.7 109.1 109.6 109.8 109.9 106.6 104.6 104.3 103 102 99.7 99.2 101.2 103.4 103.4 99.7 96.3 93.7 92.7 91.9 92 93.9 93.8 93.8 91.3 92.4 91.6 93.4 94.9 92.5 90.5 86.6 87.4 88.9 89.8 90.7 92.7 93.2 88.7 88.9 96.8 101.8 105.8 105.9 102.5 104.4 107.3 109.6 105.7 104.6 98.1 89.7 98.7 103.7 109.4 109.6 112.2 110.7 105.3 100.6 94.4 83.6 88.1 96.2 101.7 102 100
115.6 120.2 123.1 122.1 122.5 122.5 121.3 119 115.1 112.3 111.6 110.9 106.2 104.4 106.3 107.5 109.8 111.3 113.2 113.4 113.1 111.7 110.6 107.2 105.4 105.1 103.7 103.2 101.2 99.2 98.7 99.5 99.7 93.3 94.4 95.8 94.5 94 94.7 95.8 94.9 95.3 96.4 95.9 97.6 96.4 95.7 93.4 88.1 90.1 92 92.9 93.9 95.3 96.4 96.3 90.9 90.9 96.3 101.4 105.2 105.9 104.9 106.8 110.6 111.9 107.3 105.6 99 94.1 100.1 105.5 111.5 114 114.3 112.3 104.8 100 94.1 89.9 95.6 102.4 106.7 106.9 101.9
121.7 123.6 125.4 126.4 128.5 129.3 129 127.9 126.1 121 116.7 112.8 109.8 109.1 112.2 114.7 116.4 116.2 116.8 116.8 116.8 115.7 111.4 109.3 108.7 106.8 104.9 103.2 102 100.9 99.5 98 98.3 100.6 99.3 98.2 97.6 96.6 98.3 99.2 97.8 98.1 99.4 99.6 101 98.3 95.5 90.7 92.4 94.8 96.5 97.5 98.1 99.2 97.7 95.3 92 91.1 95.4 100.1 104.6 106.6 107.6 108.3 111.2 111.3 108.1 103.3 95.9 99.3 104.2 108.5 112.3 116.3 115.1 111.2 107.1 101.8 97.4 97.5 101.7 106.6 110.2 110.8 106.3
122.8 124.6 125.7 127 128.8 130.1 129.7 129.5 128.9 128.5 123.8 116.4 115.8 116.4 119.9 121.4 122.8 121.5 119.6 119.5 119.1 117.4 114.1 113.9 113.8 111.3 108.3 105.6 104.3 103.1 101.8 100.7 101.2 102.7 103.3 101.7 100.9 100.1 102.1 102.6 101.5 101.8 103.7 104.5 101.9 98.1 94.4 94.3 96.9 99.4 101.5 102.3 102.8 101.8 99.2 96.2 93.4 93 97.1 101.9 104.7 106.3 107.9 108.6 111 109.8 109.3 107.8 101.3 103.8 108.6 111.7 114 116.4 116.2 112.9 111.1 109.8 106.6 107.4 108.5 111.4 115 113.4 109.3
123.9 125 126 127.4 128.9 130.4 131.2 131.1 132 132.3 132.1 127 126.5 125.6 127 128.1 129.2 126.8 123.4 121.5 121.1 119.1 118.5 118.1 117.3 113.9 110.7 108.3 106.7 105.4 104.1 104.5 105 105.4 106.6 106.1 104.8 103.7 105.8 106.4 105.6 106.9 108.2 107.3 104.2 99.3 97.1 98.2 99.8 101.8 103.9 105.7 105.2 103.9 101.4 97.9 94 97.2 100.6 104 106.8 107.9 109.5 109.9 110 111.9 109.8 110 109.8 110.9 112 113.1 114.6 115.5 116 115.2 114.6 113.7 113.5 115.2 115.6 116.2 115.3 114.7 111.9
123.1 124.5 125.8 127.5 128.9 130.5 132 132 133.9 134.4 134.9 135.8 135.9 134.9 134.3 135 134.1 132 128.5 125.2 123.2 122.8 122.2 121.7 120.7 117.2 113.6 111.8 110.4 108.7 107.5 108.2 108.6 109.1 110.1 111 109.7 109.2 110 110.1 109.9 109.5 110.2 109.4 107 104.2 101.5 103.2 104.6 105.6 106.5 107.3 106.3 105.8 102.6 98.7 94.8 99.3 102.7 106.1 108.9 109.5 111.1 111.3 111.2 111.1 112.8 112.5 111.3 111.1 112 112.8 113.7 114.4 115.2 116 116.9 116.9 116.8 117.7 116.9 116.5 115.9 115.7 113.7
123.2 123.9 125.6 127.3 128.9 130.3 131 131.6 132.6 133.5 134.1 135 136.5 136.8 137.6 138.3 138.5 136.5 133.7 130.2 127.3 127 125.8 125.2 124 120.6 117.1 116.2 114.5 112.9 111.2 111.4 112.2 112.7 113.9 115 114.7 114.7 114.6 114.4 114.2 111.6 111.5 110.8 109.2 106.9 106.7 106.4 107 108.2 109.2 109 107.2 105.4 102.5 99.2 97.5 101.1 104.8 108.1 111 111.5 112.6 112.6 109.7 109.1 110.8 111.6 111 111.1 111.5 112.2 113.1 114 114.8 115.6 116.5 117.3 117 117.6 117.2 116.8 116.3 116 115.2
124.4 123.2 124.6 126.4 127.9 128.5 129.3 130.1 129.3 130.9 133.1 134.8 136.4 136.6 138 139 139.6 139 136.3 133.2 130.5 129.8 130.2 128.5 127.4 124.3 121.2 120.9 119.6 119.1 115.5 114.5 115.3 116.1 115.9 115.8 115.3 114.5 113.9 114.1 112.8 112.7 112.9 112.2 111.5 109.9 109.6 109.4 109.9 110.5 111 109.6 107.4 105.6 103.4 100.1 100.6 103 106.6 110.2 113.1 113.6 112.7 109.5 106.3 106.8 108.8 109.5 110.5 111 111.4 111.9 112.5 113.4 114.3 114.9 114.8 114.7 114 115.2 116.4 116.6 116.2 116 114.5
125.2 124 123.5 125.2 125.9 126.4 127.2 126.5 125.3 125.5 127.4 132.4 135.7 136.8 138.7 140.1 140.4 140.3 139.6 137 134.3 131.3 130.8 129.2 127.5 126 124.6 123.6 121.4 120.6 119 117.3 116.6 115.7 113.7 114.2 113.6 112.7 112.6 112.7 112 111.2 112.2 112.2 112.3 112.8 112.4 112.3 112.9 112.9 112.9 112.4 109.2 106.5 105.4 103.1 105.8 108.4 110.8 113.2 114.6 112.3 109.5 106.2 103 104.6 106.7 108.5 110.7 110.9 111.1 111.3 111.9 112.4 111.8 111.1 110.4 110.1 110.3 112.1 113.9 114.8 115.7 114.7 113.3
124.9 124.1 123.4 123.3 123.8 124.2 123.7 122.6 121.3 121.5 125.7 129.9 133.2 136.2 138.5 140.7 140.9 140.5 140.2 140.7 138.1 134.2 130 128.1 126.6 125.1 123.7 122.5 119.8 118.7 117.8 117.1 116.5 114.7 112.2 112.2 111.9 111 111.1 111.2 110.5 109.7 111.4 111.5 110.8 111.6 112.7 113.9 114.8 114.8 114.8 114.8 112 109.7 107.5 107.8 110.7 113.5 116.1 113.9 111.7 109.4 106.4 103 100.1 102.4 105.2 108.5 110 109.9 110 110.2 109.9 108.8 108.2 107.5 106.8 105.3 106.8 109.1 111.4 112.3 112.7 112.1 111.5
124.6 122.9 121.8 121.6 121.1 120.6 119.6 117.6 116.4 120.7 124.1 127.3 130.9 134.9 138.1 139 138.3 138.9 139.4 140.1 139.7 134.4 128.9 127.1 125.7 124.3 122.8 121.3 119.8 118.2 117.3 116.9 116.3 113.8 110.5 108.9 109.8 108.9 108 108.3 108.7 108.2 108.8 108.9 109.8 110.2 111.3 112.5 114.5 116.7 116.9 116.7 115.2 113.2 111.9 111.4 113.9 115.8 113.3 110.9 108.8 106.5 103.8 101.8 99.7 99.3 103 107.9 108.3 108.1 108 107.9 107.6 106.3 105.1 103.6 101.2 100.7 103.6 106.1 108.4 109.7 109.6 109.7 109.5
121.7 120.5 120.4 120.3 119.9 118.9 116.7 114.3 116.5 120.4 123.6 126 130.1 134.1 137.7 136.9 135.5 136 136.6 138.3 136.5 132.8 128.6 126.2 124.6 122.9 121.2 119.5 118 116.7 115.8 115.4 114.6 111.8 108.5 106.3 106.5 106.5 105.6 105.3 106.4 105.7 104.7 104.5 107.7 110 112.3 114.6 116.6 118.8 120 119.6 117.7 117.1 116.5 115.8 115.5 113 110.5 108 105.7 102.8 99.2 96.7 94.2 95.2 100.9 106.9 106.5 106.3 106.1 105.9 104.7 102.5 100.9 99.3 97 96.1 99.8 103.3 105.8 107 106.7 106.5 106.2
119.3 118.6 118.8 119 118.1 116 113.9 111.6 113.4 117.6 121.7 124.8 128 131.4 135.1 133.9 131.9 133 134.1 136.5 133.3 129.7 126.3 123.8 122.4 120.9 119.5 117.8 116.3 115.4 114.5 113.9 111.4 108.8 105.9 103.4 103.8 103.5 101.7 101.6 103 103.5 105.3 106.2 109.5 112.7 114.6 116.6 118.7 121 123.1 121.7 119.4 118.3 118 116.3 114.7 111.3 108.7 105.5 101.9 98.8 95.2 91.6 88.6 93.3 99.6 104.4 105.3 104.6 103.8 103.6 102.2 99.8 97.4 95 93.8 93 97 100.5 104.1 103.5 103 103.1 102.8
118.8 115.2 115.5 115.4 114.7 113.2 111 110.3 112.3 116 119.7 123.3 126 127.7 131.3 129.8 128.1 128 132 133.9 130.5 127.1 123.8 120.5 119 117.6 116.2 114.3 113.7 113.8 113 111.4 108.5 105.6 103 100.6 100.1 98.6 97.5 98 99.5 101.3 104.3 107.8 111 113.5 116.7 118.6 120.8 122.7 123.9 123.2 121.1 119.4 118.3 116.1 114.1 110.4 106.2 102.2 98.6 94.7 90.8 87.6 86.1 92.1 97.7 101.8 104.4 103.7 103 102.1 100.4 98.2 95.9 93.4 91 90.2 94.1 98.1 101 100 99 99.2 99.4
117 113.4 112 111.4 110.8 109.4 108.2 108.5 111.1 114.8 118.6 122.5 124.3 125.5 127.5 125.9 125.9 126.6 130.4 131.6 127.9 124.6 121.2 117.9 115.7 113.8 112.2 110.5 110.6 111.6 111.8 109.7 106.7 103.8 100.7 97.5 96.2 94.9 93.4 94.1 97.7 101.3 104.7 108.7 111.4 113.8 116.8 119.1 120.6 122.2 122.3 121.9 121.1 119.9 117.6 115.3 112.5 106.9 102.9 98 94.5 91 88 86.2 84.5 90.2 95.2 99.2 103.3 102.8 101.9 100.6 99.2 97 94.7 91.8 89 89.3 92.1 96.2 97.5 96.5 95.5 95.1 97.2
114.9 111.4 105.4 107.8 106.6 106.4 107.4 108.9 110.5 113.6 117.5 121.1 122.6 123.7 124.1 125.5 126.3 127.6 129.8 127.7 125.6 122.4 119.3 115.9 113 111.1 109.3 107.4 106.9 108.5 109.8 108.2 105.1 101.7 98.3 95 92.7 91.2 90.4 92.7 98.3 102.2 105.8 109.1 111.8 114.3 116.1 118.6 120.2 121 120.7 120.4 119.7 117.3 114.4 112.5 108.7 102.3 94.6 93.8 92 90.1 88.9 86.1 83.2 87.9 93.2 97.1 101.3 101.7 100.8 99.7 97.8 95.8 92.9 89.7 85.7 89.3 92.1 94.8 93.1 91.6 90.1 92.9 94.9
112.7 108.1 104.4 103.5 101.9 103.2 105.5 107.7 110 112.5 116.7 118.9 120.4 120.4 119.3 124.2 125.9 127.4 126.9 125.7 124 120.9 117.4 114 111.2 109.2 107.5 104.9 104.5 106.4 107.4 105.8 103.7 100.3 96.8 93.3 91 90.1 89.4 94.9 99.7 103.8 107 108.4 111.7 114.6 116.2 118 119.7 119.4 119 118.4 116.8 114.1 110.4 110.4 105 97 93.5 90.9 89.1 90.9 89.5 85 80.3 84.8 91.5 96.7 100.9 101.2 100.3 98.2 97 94.8 89.8 85.6 82.3 87.8 92 94.1 91.6 88.7 86.9 89.6 92.5
109.7 106 103.7 101.6 100.4 101.1 103.4 105.6 107.7 110.9 114.3 116.3 116.8 115 116.1 121 125.6 124.8 123.8 122.8 121.7 118.7 115.5 112.1 109.6 107.4 105.7 103.4 103.4 105 106.2 104.5 101.6 98.8 96 93.5 91 89.8 92.7 97.3 101.7 104.7 105.9 108.4 112.2 114 116 117.7 117.9 117.2 116.6 115.5 113.5 110.4 107 104.9 101.6 98 92.5 89.1 86.8 86.7 85.4 81.4 76.8 81.1 89.8 96.5 99 99.5 99.2 97.6 96 93.4 88.1 82.5 80.5 85.9 91.4 92.7 90.1 87.5 85.5 86.9 87.5
105.7 102.8 101.6 102.1 102.2 101.5 101.4 103.7 106 108.7 111.4 112.3 112.3 109.6 114.1 119.4 121.2 121.5 120.4 119.4 119.3 115.6 112.7 110 107.9 105.7 103.1 99.5 101.9 104.6 104.2 100.9 98.5 96.5 94.5 92.8 91.2 91.6 94.4 97.2 100.6 102.1 103.7 104.9 112.3 114.3 115.7 116.7 115.6 114.8 114.1 112 109.3 106.6 103.9 102 100.6 97.2 93.1 87.1 84.6 80.7 80.2 76.6 74.5 79.8 88.8 94.3 97 97.6 97.3 96.2 94.7 91.7 87 81.7 80.3 85.5 90.2 92.1 89.6 86.7 84.2 82.7 82.9
103.1 102.4 103.2 104.2 105 104.8 101.6 101.2 103.7 106.4 107.2 108.3 107.1 109.3 113.6 117 118.8 118.1 117 115.9 114.6 112.9 110.4 107.9 105.8 103.8 100.8 96.8 99.8 101.8 100.4 98.4 96.5 94.6 92.4 90.6 88.9 87.9 90.4 94.4 97.8 100.1 103.1 105.1 111.2 113.2 115.3 114.6 113.5 112.4 110.5 107.8 105.2 102.9 100.9 99.1 97.5 96.1 92.6 88.1 82.9 79.5 78.4 76.8 74.8 79.2 87.2 92 94 95.6 95.4 94.7 92.7 88.8 84.6 80.5 80.2 84.5 88.8 91.4 88.8 84.8 82 79.6 79.1
104.6 104.5 104.7 105.7 106.1 104.4 102.1 98.9 100.8 102.8 103.5 103.9 104.7 108 112 114.8 115.8 114.6 113 111.7 110.7 110.5 108.3 105.8 103.8 101.8 98.9 94 98.5 98.7 98.2 96.5 94.6 92.6 90.5 88.4 86.8 85.9 86.4 91.7 96.2 99.4 102.3 104.9 110.5 112.8 113.6 112.1 111 109.6 106.2 103.6 101 100 98.6 96.3 94.5 93.6 91.9 89.2 85.9 82.2 78 75.5 74.3 77.9 84 88.4 90.8 91.9 92 89.4 89 86.7 82.9 79.2 78.2 81.4 86.3 89.2 86.5 82.3 77.1 76.5 75.8
112.5 109.1 106.8 105.4 104.2 102.6 100.3 98.3 97.3 99.2 99.8 98.8 97.6 104.1 108.1 111.1 111.4 109.8 108.3 108 107.5 107.2 105.7 103.2 100.7 98.4 95.8 93.5 94.3 96.1 95.6 94.4 92.6 90.7 88.5 86.3 84.8 84.2 84.1 90.1 93.6 97.5 101.8 104.9 108.6 112.3 111.4 109.9 108.4 105.8 102 99.2 96.8 95.8 97.2 95.6 93.7 91.5 89.2 90.3 90.4 86.7 81.6 78.6 74.6 73.1 77.8 83 86.1 87.4 87.3 84.7 85.2 84.8 81.8 78.6 78 79.1 81.9 85.2 82.7 79.4 75.6 74.2 72.7
118.7 114.5 108.8 105.4 102.4 101.1 99.4 97.6 95.6 95.5 95.3 96.2 100.2 100.7 104.3 104.5 104.8 105 104.3 103.5 103.3 103.2 103.3 99.5 96.8 94.9 93.1 91.8 92.7 93.7 92.9 91.8 90.5 88.8 86.5 84.6 83.4 83.9 84.6 87.8 91.8 96.1 100.6 105.1 108.8 110.6 109.2 107.7 105.9 102 98.1 94.9 92.7 91.2 93.1 93.5 92.4 90.4 87.1 88 89.1 87 84 80.1 76 73.9 71.9 75.3 80.9 82.6 82.4 81.9 82 82.1 79.1 76.7 75.6 76.8 78.2 79.2 78.5 76.7 74.5 72.1 69.6
118.3 112.5 108.1 104.5 102.3 100.8 98.9 96.9 94.9 92.5 94.8 97.3 99 99.5 99.8 100.8 101.7 101.7 100.2 98.9 99.3 99.9 99.9 96.2 93.7 92.5 91.4 89.7 89.6 90.7 90.2 89 87.8 86.9 85.1 83.1 81.6 82.6 84.2 87.8 91.7 96.8 100.9 105.5 109.1 107.9 106.2 104.8 101.9 97.7 94.8 91.1 88.4 88.4 90.4 92.1 91.2 88.7 84.7 85.5 85.9 85.5 84.1 81 77.4 73 69 69 75 77.6 77.8 78.2 78.6 79.1 76.6 75.5 74.5 73.7 74.6 76.1 75.5 73.9 71.5 68.9 66.5
114.3 111 107.2 104.6 102.4 100.6 98.6 96.6 94.8 95.2 98.1 98.4 98.6 98.3 98.1 98.7 98.7 98.8 97.1 95.4 94.2 96.3 96.1 93.1 90.2 90.4 90.2 88.9 87.2 87.8 87.6 86.4 86 84.7 83.5 81.2 80.1 81.4 84.2 88 91.9 97.4 101.6 105.5 107.7 105.3 103.2 101.8 98.1 94.7 91.9 88.3 85.1 85.4 87.6 89.8 89.3 86.3 82.4 81.7 82.6 82.3 81.3 79.4 76 74.7 70.8 69 70.3 73.5 73.9 74.5 75 75.5 75.1 74 72.9 71.7 72.4 73.5 72.4 70.8 68.7 66.1 63.9
113.5 110.2 106.9 104.5 102.4 100.4 98.6 97 96.1 94.7 94.6 97.2 98 97.7 96.3 95.9 95.8 95.9 94.4 93.3 91.7 92 92 90.4 89.2 88.6 87.6 85.9 84.8 85 85.2 84.5 83.9 82.5 81.6 79.9 79 81.2 83.8 87.1 91.7 96.5 101.1 105.2 105.1 102.6 100.2 98.3 95.1 92.1 89.5 87 83.5 82.9 84.7 86.8 86.5 83.1 79.8 79 79 78.7 77.8 76.9 74.5 72.6 70.5 70 69.3 69.5 69.8 70.3 70.8 71.1 71.2 70.6 70 69.5 69.6 69.7 69.3 67.7 65.7 63.5 63.3
113.3 110 106.7 103.3 101.6 100.7 99.4 97.8 97.5 96.4 92.5 94.4 96.5 95.1 94.3 93.4 93.3 93.2 92.4 91.8 90.2 88.5 88.5 88.3 86.3 85.3 84.9 84.2 83.9 84 84.2 82.9 81.3 80.3 79.4 79 79 79.9 82.5 86.1 90.9 95.5 100.3 104.4 102.4 100.3 97.7 94.7 92 90 88 86.1 82.3 80.5 81.6 83.6 83.7 80.9 77.6 75.7 75 75.3 74.5 73.5 72.3 70.3 69 69.1 69.1 68.7 67.2 66.1 66.5 66.7 66.9 66.6 66.4 66.7 66.9 66.7 66.1 64.4 63.3 63.3 63.4
113.8 110.3 106.6 103 100.9 100.2 100 99 98.6 97.2 94.8 92.9 92.7 92.4 92.2 89.8 89.9 90.6 90 90.3 88.4 85.1 84.6 85 84.2 84.1 84.1 84 83.5 83.3 82 80.5 79.9 79.6 79.6 79.8 79.5 79.2 80.7 85.3 90.4 95.2 99.8 101.7 99.6 97.5 95.1 91.8 89.5 87.1 85.4 84.2 81.5 78 78.5 80.4 80.8 78.4 75.5 72.8 72 71.5 71.3 70.3 69 68.8 68.8 69.2 69.3 68.8 67.3 66.5 65.6 64.5 64.1 64 64 64 64.1 64.7 63.2 63.1 63.2 63.3 64.5
115.4 109 105.1 102.1 100.2 99.7 100.4 99.6 99 96.9 94.7 92.7 92.7 92.3 90.9 88.6 88.5 89.1 89.1 89.3 86.4 84.1 84.1 85.9 84.6 84.1 84.1 84.1 83.7 83.5 81.9 81.8 81.1 80.5 81.1 80.5 79.9 79 79.6 84.6 89.6 94.6 99.4 98.9 97.1 95.3 92.5 89.4 87 84.6 82.2 80.8 79.9 77.4 75.4 77.2 77.9 75.5 73.3 70.9 70.2 69.4 69 68.7 68.5 68.3 68.7 68.9 69.3 69 67.6 68.4 67.8 65.7 64 64 64 64 64 63.9 63.1 63 63.1 63.4 64.4
112.3 107.2 103.5 102.9 102.3 101.5 101.6 100.5 99 96.6 94.3 92.6 93.1 92.6 92.1 89.8 89.1 89.1 89.1 89.1 87 85.8 85.3 85.9 85.7 84.6 84.1 84.1 83.9 84.5 83.3 83.4 82.8 83.3 84.3 82.3 80 79 79.6 85.1 89.9 94.7 98.3 96.6 94.9 92.7 89.7 87 85.3 83.5 81.4 79.6 77.8 76 74.5 74.6 73.9 72.4 70.8 69.3 69 69 68.9 68.3 68.5 69.2 69 69.1 70.6 71.6 70.3 70.2 69.8 68 66.6 65.1 64 64 64 63.9 63.5 64 63.5 63.6 64.9
108.8 102.9 104.9 104.6 104.1 103.5 101.8 99.6 98.8 96.5 95.5 95.9 96.1 94.7 93.3 91.8 90.7 89.5 89.1 89.3 89.1 88.3 87.8 88.1 86.8 85.7 84.6 84.8 86 86.5 86.5 86.4 85.8 85.9 85.9 85 80.1 79 79.7 85.5 89.9 94.2 95.7 94.3 92.7 90 87.5 84.9 82.7 81 79.6 77.9 76 74.1 72.2 71.5 70.7 69 69 69 69 69 68.8 68.9 69.7 70.3 70.4 72.2 74.7 76.3 75.6 73.8 73.5 72.3 70.3 68.3 67.7 67.1 65 65.3 66.4 65 64.3 64.2 67.1
106.3 104.8 105.4 105.3 104.6 103.4 101.6 99.7 98.8 97.5 97.6 98.2 98.3 96.9 95.1 93.4 92.2 91.1 90.3 90.1 90.1 90.1 90.8 89 87.3 85.2 85.7 88.8 90.8 91.5 91.4 90.5 88 86.2 85.8 84.6 81.1 78.9 79.7 84.4 89 93.7 93.3 91.9 90.5 88 85.4 82.8 80.2 78.6 77.1 75.8 73.9 72 70.1 69 69 69 69 69 69 69 69.2 70.3 71 71.6 73.5 75.5 78.1 81 81.3 79.3 79.6 78.4 74.7 72.6 73.1 73.5 72.8 71.5 70.3 67.8 65 64.8 71.2
107.2 107 106.7 105.7 105 103.1 101.3 100.4 100.4 99.1 99 99.1 99 98.4 96.9 95.3 93.6 92.6 92.1 91.6 91.6 91.2 90.4 89.1 88.2 86.9 89.3 92.7 94.3 96 94.5 92 89.7 87.2 85 83 80.3 77.6 80.2 83.9 88.7 92.1 91 89.8 88.4 85.9 83.3 80.7 77.8 76.2 74.7 73.3 71.8 69.9 68.9 68.7 68.9 69 69 69 69.1 70.6 72.2 73 73.8 75.2 77.8 79.5 82.1 85.3 86.4 85.7 87 84.4 81 78 77.4 77.8 77 74.9 71.9 69.8 68.6 69.8 74.6
111.8 108.8 108.4 106.4 105.1 104.3 103.5 102.7 102.4 101.5 100.5 99.9 99.7 98.9 98.1 96.7 95.2 94.4 93.8 93.3 93 93.2 92 90 88.7 89.4 92.5 95.8 97.6 96.6 95.1 92.5 89.3 86.4 84 80.6 78 77.6 80.8 84.7 88.7 89.7 88.6 87.5 86.2 83.8 81.2 78.3 75.5 73.9 72.3 70.9 69.6 68.9 68.7 68.6 68.7 68.9 70 70.7 71.9 73.7 75.5 76.5 77.4 78.3 82.1 84.9 87.2 89.7 91.4 92.2 90.9 89.1 86.4 84.3 82.5 80.4 78 74.5 70.8 69 69 72.7 77.7
