data/540000-140000.asc
ncols 200
nrows 200
xllcorner 540000
yllcorner 140000
cellsize 50
[rows 78 to 116 of 200, columns 0 to 85 of 200]
73.7 74.1 72.7 70.4 68.2 66.6 65.7 66.2 65.8 64.1 62 59.1 55.7 54.1 53.3 54.2 54.4 57.5 58.2 56.9 56 55.3 53.6 52 51.8 51.1 49 49 49 49 49 49 49.6 50.6 51.2 50.2 49.8 49.8 49.3 49 49 50.8 54.3 56 56 54.8 53.2 51.5 49.9 49.3 48.5 47.5 46.7 47 47.3 48.4 49.5 51.4 54.4 55.8 55.8 55.3 54.8 54.2 53.2 54.9 55 54.6 53.4 52.1 50.9 49.3 47.5 45.3 44.1 44.2 43.7 43.5 42.7 42.1 41.4 41.2 41.1 40.9 40.8 41.1
75.8 74.8 75.1 73.6 74.8 72.6 68.6 68 66 63.3 60.5 58.2 55.8 54.7 53.6 54.1 55 58.3 59.4 58.4 57 54.9 53.4 51.9 50.8 50.8 49 49 49.1 49.1 49.1 49.1 49.8 50.7 50.1 49.4 49.4 49.4 49.4 49.2 49 52.4 55.8 56 56 55.3 54.5 52.9 51.3 50.2 49.6 47.9 46.6 46.4 46 46.9 48.2 49.3 51.9 53.3 54.3 53.8 53.2 52.6 53.8 54.7 54.7 54.2 52.7 51.6 51 49 47.2 45.5 44.8 44.6 43.4 42.7 42.6 41.7 41.3 41.1 41.1 41.2 41.1 41
76.2 76.3 76.6 76 75 73 70.8 67 64.7 61.9 59.3 56.9 54.4 54.6 54.2 54.1 57.7 60.8 60.6 59.3 56.7 55.2 53.5 51.8 50.2 49.6 49 49.1 49.1 49.2 49.2 49.2 49.3 50.9 50 49 49.2 49.5 49.2 49 50.8 52.4 54.4 55.5 56.6 56 55.2 54.3 52.8 50.7 50.4 48.4 46.8 46.1 44.8 45.7 46.8 48.4 49.9 50.9 52.1 52.2 51.6 51 52.1 53.6 54.4 53.5 52.1 51.1 50.5 48.1 46.6 45.4 45.5 44.2 43.1 42.2 41.9 41.9 41.7 41.5 41.5 41.6 41.1 40.9
78.1 78.5 77.8 76.6 75.9 73.6 69 65.7 63.5 60.6 58.4 55.8 54.4 55 55.7 59.5 60.4 60.7 60.6 60.3 57.8 55.6 53.4 51.8 50.2 49 49 49.1 49.1 49.2 49.2 49.2 49.2 49.6 49.5 48.6 48.7 49 49.2 49.5 49.9 52.7 55.5 56.4 58.1 58.3 56.6 54.8 54.4 52.3 49.5 48.5 47.3 46.6 45.9 44.9 45.5 47.2 48.7 49.7 50.6 51.1 49.6 49.2 49.2 48.8 48.6 49.5 49.6 50.2 48.2 46.8 45.5 44.8 44.4 43.7 43 42.3 42 42 41.7 41.4 41.6 41.6 39.9 41.5
79.9 80.6 79.4 78.1 75.7 72.8 67.5 64.4 62.5 60.4 58.8 57.4 56.8 57.3 58.4 61.8 62.2 61.8 61.7 60.6 57.8 55 53.6 51.4 49.3 49 49 49 49.1 49.1 49.2 49 48.9 49.1 48.2 48.1 48.2 48.5 49 49.5 49.4 52.2 55 57.5 59.3 60.6 58.5 57.1 55.8 54.4 51.3 49.2 48.1 47.1 45.7 44.7 45.2 45.2 46.6 48.1 48.8 48.9 48.4 48.2 47.7 47.1 47 47.8 47.2 47.3 47.4 46.7 46.2 45.7 44.9 44.1 43.2 42.5 42 41.6 41.4 41.2 41.7 41 41.1 40.4
80.8 80.6 80.7 76.7 74.4 72.1 67.2 65.1 63.5 62.4 60.2 59.1 59.6 60.7 61.9 64.2 64 63.5 63 60.4 57.7 54.9 54 51.8 50.1 49.8 49 49 49.1 49 48.9 48.8 48.7 48.6 48.1 47.9 48 48.5 48.9 49.6 51.1 53.1 55.7 58.2 60.5 60.6 59.9 58.6 57.1 55.2 51.7 49.9 49 47.6 46.4 44.3 44 44 44.8 46.3 46.9 47.1 46.9 47.1 46.6 45.6 45.2 46.5 45 45.9 46.6 46.2 45.6 44.4 43.8 43.2 42.6 41.9 41.4 41.1 41 40.8 40.5 39.7 39.7 40.1
79.1 79.9 79 77.1 74.2 71.2 69.4 67.5 65.5 64.7 62.4 61.3 62.9 64.2 65.3 66 65.9 65.7 62.8 60.3 57.5 54.9 54.4 52.7 51.2 50.2 50.7 49 48.9 48.8 48.7 48.6 48.5 48.4 48.3 47.8 47.8 48.4 49.9 50.3 52.5 54.6 57.1 58.9 60.3 60.1 59.7 58.7 57.1 55.9 54.4 50.5 49.8 48.7 47 45.5 44.5 44 44 44.4 44.8 45.1 46.1 46.1 45.4 44.2 44.1 44.1 44 44.7 45.1 44.8 44.4 43.8 43.2 42.6 42 41.4 40.8 40.6 40.5 40.4 40.9 39 39.2 39.2
77 78.1 77.3 75.5 75 72.2 71.1 69.6 67 65.5 64.4 63.9 65.6 65.6 66 65.6 64.9 64.5 62.6 60.2 57.6 55.2 55.7 53.8 52.3 51.1 50 49.2 49 48.8 48.6 48.3 48.2 48.1 48 47.8 47.5 48.4 49 51 53.8 56.2 59 60.6 60.5 60.1 59.5 58.1 57 56.3 55.7 54.6 52.9 50 48.2 46.8 45.5 44 44 44 44 44 44.4 45.6 44 44.1 44.3 44.3 44.5 44.6 44.4 44.2 43.9 43.4 42.7 42.1 41.4 40.8 40.3 40.2 40.1 40 40.8 39.1 39.3 39.5
75.2 75.9 75.5 74.6 74.2 73.4 71.9 70.1 67.4 65.2 64.3 65.7 65.2 64.7 64.2 63.8 63.5 62.7 61.6 59.2 57.6 56.4 56 55.6 53.6 51.7 49.9 49.6 49.4 49.2 49 48.7 48.5 48.1 47.7 47.3 47.3 48.6 50.3 52.8 55.1 59 60.8 60.7 60.4 59.7 58.3 57.3 56.1 55.9 55.7 55.9 56 53.1 50.8 48.8 47.4 46.4 45.5 44.5 44.5 44.6 44.7 44 44.1 44.3 44.4 44.4 44.2 44 43.8 43.6 43.4 42.9 42.3 41.7 41 40.4 40.1 40.1 40 40 40.2 39.3 39.8 40
72.7 73.1 74.7 74.3 72.8 72.8 71.9 69.4 66.4 64.2 64 63.6 63.1 62.6 62.2 61.8 60.5 60.4 59.4 58.1 56.5 55.7 55.6 53.7 51.8 50.7 50.7 49.8 49.2 48.7 48.3 47.9 47.4 47 47 46.8 46.4 49.3 50.5 54.8 56.6 60.1 60.1 59.7 58.7 58.3 57.5 55.9 55.4 55.7 55.9 55.8 56 56 54 51.7 50.2 49 47.8 45.3 45.4 44.6 44.1 44.1 44.3 44.6 44.3 44 43.7 43.4 43.2 43 42.8 42.3 41.9 41.2 40.6 40.1 40.1 40.1 40 40 39 39.3 39.9 40.3
69.4 68.7 69.2 70.8 70.6 70.2 69.4 67.8 64.4 62.6 61.7 60.7 60.8 60.6 60.2 59.4 57.5 58 56.9 56.1 55.1 54.9 53.4 51.3 50.2 50.4 50.2 49 48.4 47.8 47.2 46.8 46.3 46.2 46.6 46.5 46.7 48.8 52 54.6 58.1 59.5 58.9 57.8 56.8 56.4 56.1 55.4 54.1 56 56 56.1 55.9 56 56 54.3 52.7 51.5 49.9 45.9 45.5 44 44.2 44.5 44.5 44.3 44 43.6 43.3 43 42.7 42.5 42.3 41.8 41.3 40.8 40.2 40 40 40 40 40 39 39 39.5 40.2
65.6 65.5 65.9 66.3 66.9 67.1 66.4 64.9 62.9 61 58.2 57.8 57 56.2 57.8 57.8 54.6 55.6 54.7 54.2 53.8 52.7 50.7 49.7 49.1 49 48.9 48.2 47.4 47 46.4 45.9 45.6 45.5 45.9 46.2 43.2 47.5 51.6 56.7 57.8 57.8 57.3 56.4 55.1 55.1 54.2 53.3 53.4 54.1 54.4 53.7 53.1 54.1 55.4 54 53.6 52.3 50.6 49.1 46.7 44.4 44.7 44.5 44.2 43.9 43.6 43.3 42.9 42.6 42.3 42 41.7 41.2 40.8 40.3 40 40 40 40 40 39.4 39 39 39 40.4
61.9 62.2 62.4 62.7 63.2 63.9 63.4 61.1 59.1 55.6 54.6 54.3 54.1 53.9 53.7 54.8 53.2 52 52.5 53.1 52.1 50.8 49.3 48.4 47.9 47.7 47.6 47.2 46.5 46.2 45.6 45.7 45.8 44.6 44.7 45.3 45.8 48 53 54.7 56.1 56.7 55.8 55.5 54.1 52.9 51.8 50.9 50.6 51.2 51.9 52.6 51.7 52.8 53 51.8 52.4 51.9 50.2 49.1 47.1 44.8 44.4 44.1 43.8 43.5 43.2 42.9 42.6 42.3 41.9 41.6 41.6 41.4 41 40.5 40.1 40 40 40 40 39 39 39 39 42.1
58 58.3 58.6 59.2 59.5 60.5 60.1 57.5 54.9 52.9 52.8 52.6 52.4 52.2 52 51.7 51 50.2 49 48.7 49.8 48.9 47.6 47.1 46.8 46.5 46.3 45.9 45.5 45.3 45.9 45.9 44.8 44.4 44.6 45.8 45.6 47.7 49.9 52.5 54.5 55.8 55.9 54.7 52.2 51.1 50 48.8 49 49.6 49.3 50.2 50.6 50 49.7 49.4 50.4 49.6 48.5 47.2 45.3 44.2 44.1 43.8 43.5 43.2 42.9 42.5 42.2 41.9 41.6 41.6 41.6 41.5 41.2 40.7 40.3 40 40 40 40.4 39 39 39 42 44.7
52.3 53.8 55.2 55.2 55.6 56 55.7 53.5 51.8 51.4 51 50.9 50.7 50.5 50.2 50.1 49 47.3 47.3 47 46.8 46.7 46 45.7 45.4 45.2 45.4 45 44.3 44 45 44.2 45.3 44.6 44.1 45.4 45.6 47.3 48.9 49.3 49.7 50.7 51.6 52.2 50.4 49.3 48.1 46.9 46.9 46.8 46.7 46.7 46.9 47.1 47.4 47.6 47.5 46.7 45.5 44.9 44.4 43.7 43.7 43.4 43.1 42.8 42.5 42.2 41.9 41.6 41.7 41.7 41.6 41.1 41.4 41 40.5 40 40 40 40.6 39 39 41.1 45.2 46
49.7 50.6 50.1 51.9 52.2 52.1 51.4 49.6 50 49.8 49.4 49.2 49.1 48.8 48.8 48.6 47.2 47.2 46.9 46.5 45 45.1 44.7 44.3 43.9 44.3 44.7 44.5 44.3 44.1 44 44.5 45.4 44.8 44.7 45.2 46.2 47.4 47.9 48.5 47.2 48 48.8 48.7 48.6 47.3 46.1 44.9 44.3 45.2 45.5 45.6 45.5 45.2 44.8 44.6 44.6 44.2 43.4 43.1 43.6 43.3 43.4 43.1 42.8 42.4 42.1 41.9 41.7 41.7 41.7 41.7 41.6 41.3 41.5 41.2 40.7 40.2 40 40.1 40.7 40.2 39.6 43.7 46 46
47.5 48.5 49.1 49.9 50.2 50.1 49 48.4 48.3 48.3 47.9 47.5 47.6 47.5 47.4 47 46.6 46.4 45.7 44 43.6 43.8 43.4 43.6 44 44.4 44.6 44.6 44.4 44.2 44.1 44.8 45 44.6 44.5 45 45.6 46.1 46.6 47.3 46.4 45.3 46.5 46.7 46.6 46.2 44.7 43.7 43.4 44 44.4 44.5 44.2 44 44.1 44.1 43.7 43.3 42.7 42.4 42.7 42.9 43 42.7 42.4 42.1 41.9 41.7 41.7 41.7 41.7 41.7 41.6 41.4 40.9 41.3 41 40.4 40 40.4 41 41 42.8 45.5 45.1 45.7
46.5 47.3 48 48.5 48.2 47.8 47.2 46.7 46.5 46.4 46.2 45.8 46.2 46.3 46.4 46.2 45.5 44.6 44 43.6 43.3 43.1 43.4 43.8 44.1 44.5 44.5 44.5 44.4 44.2 44 44.7 44.9 44.9 44.9 44.8 44.9 44.9 45.4 46 46.1 44.3 44.7 44.8 44.5 44.4 43.7 43.3 43 43 43.2 43.2 43.4 43.6 43.7 43.6 43 41.4 42.4 42.3 42.3 42.4 42.6 42.4 42.1 41.8 41.7 41.7 41.7 41.7 41.8 41.8 41.6 41.6 40.5 41.4 41.2 40.6 40.1 40.7 40.3 41.2 46 45.3 44 44.6
46.3 46.7 47 47 46.9 46.7 46.1 45.4 45.1 44.8 44.4 44.2 44.5 45 45.5 45.4 44.9 44 43.8 43.5 43.1 43.2 43.6 43.9 44.3 44.4 44.4 44.4 44.3 44.3 44 44.5 44.7 44.6 44.5 44.5 45.1 45.5 44.2 44.7 44.9 44.8 44.7 44.6 44.3 43.9 43.6 43.4 43.1 43 43 43 43 43.2 43.3 43.2 42.6 42.5 42.5 42.4 42.3 42 40.7 42.1 41.8 41.7 41.7 41.7 41.8 41.8 41.8 41.8 41.6 41.6 40.6 41 41.2 41.4 41.2 40.7 40.4 39.9 44.9 43.7 43.8 44
46 46.4 45.9 45.9 45.7 45.4 45 44.5 44.2 44 44.1 44 43.8 43.7 44.2 44.6 44.2 43.5 43.6 43.3 43 43.3 43.7 44 44.4 44.4 44.3 44.3 44.2 44.2 44.1 44.4 44.8 45.1 44.7 44.6 46 46 45.9 44.5 44.7 44.5 44.4 44.4 44.1 43.7 43.4 43.4 43.1 43 42.9 42.9 42.9 42.8 42.9 42.7 42.6 42.7 42.6 42.6 42.3 41.9 42.4 41.9 41.7 41.7 41.7 41.8 41.8 41.8 41.8 41.8 41.6 41.6 40.8 41 41.2 40.9 41.1 40.9 40.7 40.3 43 42.1 42.3 42.9
45.8 45.6 44.8 44.7 44.4 44.2 44.1 44.1 44.2 44.3 44.2 43.9 43.7 43.5 43.4 43.4 43.5 43.2 43.3 43.2 43.2 43.5 43.8 44.2 44.3 44.3 44.2 44.2 44.1 44.1 44.1 44.2 44.5 45.1 44.3 44.2 45.1 44.9 44.8 44.7 44.6 44.4 44.2 44.1 44 43.6 43.3 43.4 43.2 43 42.9 42.7 42.9 41.4 42.6 42.6 42.7 42.7 42.8 42.7 42.3 41.9 40.6 41.9 41.8 41.8 41.8 41.8 41.8 41.8 41.9 41.8 41.6 41.6 41.5 40.8 40.4 40 39.7 40.2 40.5 41 40.4 41.2 42 42.9
45.1 44.5 44.3 44.5 44.7 44.9 44.3 44.4 44.5 44.4 44.1 43.9 43.7 43.5 43.3 43.1 43 43 43 43 43.3 43.6 43.9 44.2 44.2 44.2 44.2 44.1 44.1 44.1 44.1 44 44.3 44.7 44.7 44.7 44.7 44.7 44.6 44.5 44.4 44.3 44.1 43.9 43.8 43.5 43.2 43.3 43.2 43.1 42.9 42.5 42.6 42.6 42.7 42.7 42.8 42.8 42.9 42.7 42.1 41.8 41.9 42 41.9 41.8 41.8 41.8 41.9 41.9 41.9 41.7 41.3 41.3 40.5 39.4 39.2 39.1 40.1 40.4 40.4 40.9 40.3 41.1 42 42.8
45 45.1 45.4 45.5 45.7 45.9 44.6 44.7 44.6 44.3 44.1 43.9 43.6 43.4 43.2 43.1 43 43 43.1 43.5 43.8 44 44.3 44.2 44.2 44.2 44.1 44.1 44.1 44.1 44.1 44 44.2 44.4 44.4 44.5 44.5 44.5 44.5 44.4 44.2 44.1 44.1 43.8 43.6 43.4 43.1 43.1 43.1 43.1 43 42.8 42.8 42.8 42.7 42.7 42.8 42.9 43 42.1 41.8 42 42 41.8 41.6 41.9 41.8 41.8 41.8 41.3 41.1 40.8 41 41.2 41.7 41 41.2 41.5 41.7 41.2 41 40.8 40.7 41.1 41.9 42.5
45.6 45.4 45.3 45.4 44.7 44.9 44.9 44.7 44.5 44.3 44.1 43.8 43.6 43.4 43.1 43 43.1 43.4 43.7 44.2 44.5 44.8 44.8 44.5 44.3 44.1 44.1 44.1 44.1 44.1 44 44 43.9 44.2 44 44.2 44.3 44.4 44.3 44.3 43.9 43.9 43.8 43.8 43.7 43.8 43.2 43.5 43.6 43.2 43.3 43 43 43 43 42.8 42.8 42.9 43 41.8 41.7 41.6 41.5 40.3 41.6 41.6 41.6 41.7 41.2 42.1 41.4 41.3 41.5 41.8 42 42.1 42.3 42.4 41.7 40.3 40.1 41 41.9 42.1 42.2 41.7
45.6 45.4 45.2 45.2 44.7 45 44.9 44.7 44.5 44.2 44 43.8 43.5 43.3 43.1 43.4 43.7 43.9 44.2 44.8 45.3 45.3 45.2 44.9 44.7 44.4 44.2 44.1 44.1 44 44 43.8 43.4 43.9 43.7 44 44.1 44.2 44.2 44.1 43.6 43.6 43.5 43.5 43.6 43.2 43.6 43.6 43.6 43.6 43.5 43.3 43.3 43.3 43.2 43.1 43 42.9 43 42 41.7 41.6 41.5 41.5 42.1 41.8 41.8 41.6 41.4 41.8 42.3 41.9 42 42.3 42.5 42.5 42.7 42.4 41.7 41 41.9 42.8 42.4 42.3 42.5 42.2
45.4 45.3 45.1 45.1 45.4 45.2 45 44.6 44.4 44.1 43.9 43.6 43.4 43.4 43.3 43.7 44.1 44.5 44.8 45.5 45.9 45.7 45.5 45.3 45 44.8 44.5 44.3 44 44 43.8 43.2 42.6 44.4 43.6 43.8 43.9 43.9 44 44 43.4 43.4 43.4 43.5 43.4 43.7 43.7 43.7 43.8 43.9 43.7 43.5 43.5 43.5 43.5 43.4 43.3 43.1 43 42.3 41.7 41.6 41.5 41.5 42.1 42.2 41.9 41.4 41.8 42.2 42.7 42.6 42.6 42.9 43.1 43 42.9 42.3 41.7 41.2 41.4 41.7 42.2 42.5 42.7 42.7
45.5 45.4 45.3 45.2 45.6 44.3 44.8 44.4 44.2 44 43.7 43.6 43.6 43.5 43.6 43.9 44.7 44.9 45.3 46.1 46.1 46.1 45.9 45.6 45.3 45 44.7 44.4 44.2 44.1 44.2 44.2 44.2 44.1 43.8 44.3 43.6 43.7 43.7 44.2 43.6 43.3 43.6 43.4 43.6 43.8 43.9 43.9 43.9 44 43.9 43.8 43.8 43.7 43.7 43.7 43.6 43.4 43.3 42.9 42 41.6 41.6 41.9 42.2 41.9 41.6 41.7 42.2 42.6 43 43.3 43.2 43.5 43.6 43.5 43.3 43 42.5 42 42 41.6 41.7 42.5 42.5 42.8
45.7 45.6 45.5 45.4 45.3 45.2 45 44.4 44.1 43.9 43.9 43.8 43.8 43.7 43.8 44 45.9 46.3 46 46 46.1 46.1 45.5 45.2 44.9 44.6 44.5 44.5 44.4 44.4 44.4 44.4 44.4 44.2 44 45 43.8 43.8 45.2 44.6 43.3 43.5 43.8 43.2 43.4 43.6 43.8 44 44.1 44.1 44.2 44 44 44 43.9 43.9 43.9 43.7 43.7 43.3 42.2 41.6 41.7 41.7 42.2 41.8 41.9 42.1 42.4 42.8 43.3 43.9 43.7 43.9 44.1 44 43.6 43.4 43.2 42.8 42.9 42.5 42.7 41.1 42.2 42.6
45.8 45.7 45.7 45.6 45.5 45.4 45.2 45.4 45.9 44.7 44.6 44.1 44 44 44.9 45.6 45.6 47.6 46.7 46.1 46.1 45.3 45.2 44.9 44.8 44.8 44.7 44.7 44.7 44.7 44.7 44.7 44.5 44.4 44.2 44.2 43.8 43.8 45.2 44.1 43.1 43.8 44.1 43.7 43.4 43.4 43.6 43.7 43.9 44.1 44.3 44.3 44.2 44.2 44.2 44.1 44.1 44.1 42.9 42.9 44.8 44.5 43.1 42.2 42 42.1 42.5 42.7 42.6 43 43.5 44.3 43.9 44.1 44.4 44.4 44 43.7 43.5 43.2 43 42.6 42.6 41.6 42.1 42.3
46.1 46 45.9 45.8 45.7 45.7 45.9 46.2 46.8 45.5 45.9 45.5 44.3 45 46 46.2 46.1 48.2 47.3 46.5 44.9 44.2 44.7 44.9 44.9 44.9 44.9 44.9 44.9 44.9 44.9 44.8 44.7 44.6 44.6 44.5 44.2 44 44.6 43.6 43.5 43.9 44.5 44.1 44 43.8 44 44.1 44.2 44.4 44.5 44.5 44.3 44.3 44.3 44.2 44.1 42.9 44.2 44.8 45.1 44.7 43.9 43.1 42.5 42.6 43.1 43.4 43.1 43.2 43.6 43.8 44 44.5 44.5 44.3 44.2 44 43.4 43.2 43 42.8 42.5 42.1 42.4 42.6
46.6 46.4 46.3 46.2 46.1 46 46.3 46.8 47.3 46.8 47 46.1 46.8 47.3 47.6 48 48.7 48.5 47.7 46.7 45.8 44.7 44.9 44.8 44.9 44.9 44.9 44.9 44.7 45 45 45 44.9 44.8 45.1 45.3 44 44.1 44.3 43.9 43.8 44.1 44.7 44.7 44.6 44.3 44.4 44.5 44.6 44.7 44.7 44.7 44.5 44.3 44.3 44.2 44.1 44.6 44.1 44.8 45.4 45.2 44.7 44 43.7 43.5 43.6 44 43.7 43.6 43.9 43.8 44.3 45 44.9 44.7 44.1 44 43.2 43.2 43 42.9 42.5 42.6 43.2 43.7
47.2 47 46.9 46.7 46.5 46.3 46.8 47.3 47.9 48.4 48.1 47.8 48.9 49.8 50.1 49.6 48.6 47.7 47.3 46.5 45.6 45.2 45 44.9 44.5 44.9 44.4 44.5 44.7 44.9 45.2 45.2 45.1 45.1 45.5 45.2 44 44.3 44.6 44.4 45 44.8 44.4 45.1 45.2 45 44.7 44.8 44.9 45 45.1 45 44.8 44.6 44.2 44.1 44 45.9 46.2 47.2 45.4 45.6 45.5 45.1 45 44.8 44.6 44.9 44 43.8 44.4 44.7 44.9 45.3 45.3 45.1 44.7 43.9 43.2 43 42.9 42.8 43.3 44 44.6 45
47.8 47.6 47.4 47.3 47.1 46.7 47.1 47.8 48.4 48.9 49.2 49.9 50.3 51.2 51 50.1 49.1 48.2 47.2 46.2 45.7 45.5 45.4 45.3 45.1 44.9 44 44 44.1 45.2 45.4 45.5 45.8 46 46.2 45.3 44.9 45.2 45.5 45.7 46.3 45.5 44.9 45.1 45.2 45.2 45.3 45.1 45.2 45.3 45.4 45.5 45 44.6 44.1 44.2 45.4 45.6 47.9 47.9 46 45.6 46.4 44.8 44.8 45.1 45.3 46.4 46.2 44.1 45.7 44.9 44.9 45.7 45.6 45.2 44.6 43.9 43.4 43.3 43.6 43.9 45 45.2 45.5 45.8
48.4 48.2 48 47.9 47.6 47.5 47.9 48.5 49.1 49.7 50 50.3 51.1 51.5 50.8 50 49.2 48.2 47.2 46.3 46 45.9 45.8 45.6 45.7 45.7 45 45.5 45.3 45.6 46 46.5 46.9 47.1 47.2 47.1 47.6 48.1 47.9 47.4 47.5 46.1 45.3 45 45.1 45.3 45.7 45.7 45.7 45.2 45.2 45.4 45.5 45.3 45 46.2 47.3 47.9 49.7 48.3 47.9 47.4 47.2 46.2 45.5 46.1 46.5 46.9 47 46.2 45.4 45.3 45.2 45.3 45.9 45.4 44.9 44 43.6 44 44.5 45.1 45.8 45.8 46.1 46.5
48.7 48.8 48.6 48.5 48.6 48.7 49 49.5 50.1 50.5 50.9 50.2 50.3 50.5 50.4 49.6 49 48.2 47.2 46.2 46 46.2 46.1 46 46.2 46.2 46 46.1 46.2 46.3 46.9 47.4 47.9 48.1 48.3 49.3 49.8 50.5 50 49.4 48.7 47.3 45.9 45.4 45.3 45.7 46.1 46.2 46.1 45.6 45.1 45.4 45.1 45.4 46.6 47.5 49 50.2 50.9 50.1 49.7 49.3 48.9 48.7 48.6 48.7 47.5 47.5 47.5 46.7 46.2 46.1 45.9 45.6 45.8 45.8 45.3 44.6 43.9 44.8 45.2 46 46.2 46.2 46.9 47.4
49.3 49.4 49.3 48.9 48.8 48.7 49 49.4 49.1 50.3 50.4 49.9 49.5 49.1 49.2 49.3 48.5 47.9 47.2 46.2 46.1 46.3 46.5 46.6 46.6 46.5 46.8 46.9 47 47.1 47.3 48.2 49 49.2 50 51.4 52 52.9 51.6 50.5 49.4 48.3 47 46.1 45.8 46.1 46.5 46.8 46.6 46 45.7 45.8 45.9 46.8 48.3 48.8 50.3 51.8 52.4 52.1 51.8 51.5 51.2 51.1 51.1 50.8 48.4 48.1 48.1 47.4 47.1 46.9 46.6 46.3 45.9 46 45.5 44.9 44.7 45.3 45.6 46 46.3 46.4 47.2 48
50.7 49.8 49.6 49.9 48.9 48.9 48.9 49.1 50.7 50.8 50.2 49.7 49.3 48.9 48.5 48.1 48.1 47.5 46.8 46.2 46.3 46.7 46.7 46.9 47 46.9 47 47.4 47.8 47.9 48 48.5 49.6 50.4 51.8 53.4 54.5 55 53.4 51.9 49.5 48.5 47.4 46.9 46.6 46.6 46.9 47.2 47 46.7 46.7 46.7 46.9 47.8 49.7 51 53.1 55.2 54.6 53.1 52.9 52.8 51.5 51.1 52 50.8 49 48.6 48.7 48.2 47.9 47.7 47.3 47 46.6 46.2 45.7 45.1 45.3 45.6 46 46.3 46.3 46.7 47.4 48.3
51.7 51.2 50.7 49.6 49.5 49.5 49.6 50.7 50.7 50.5 49.9 49.5 49.1 48.7 48.3 47.9 47.4 47 46.6 46.4 47 46.8 46.9 47.3 47.4 47.3 47.3 47.4 47.8 48.4 48.8 48.9 49.9 50.7 52.3 54 55.9 56 55.1 53.2 50.8 48.6 48.3 47.5 47.4 47.1 47.4 47.7 47.7 47.6 47.7 47.6 47.9 49 51.2 52.6 55.1 56 56 54.4 54.7 53.6 52.4 52.1 51 51.3 50.3 49.6 49.3 48.9 48.7 48.4 48 47.7 47.4 47 46.4 46 46.3 46.1 46.9 47.6 47.4 47.5 47.9 48.6
53 52.5 52 51.4 50.7 50.6 51.1 51.1 50.2 50.2 49.7 49.3 48.9 48.5 48.1 47.7 47.3 46.9 46.7 47.3 47.1 46.9 47.1 47.6 47.7 47.7 47.6 47.7 47.8 48.1 48.8 49.5 50.6 51.4 53.7 54.8 56.1 56.1 54.9 53.2 51.2 50.4 48.6 48 47.9 47.8 47.9 48.3 48.4 48.7 48.1 48.2 48.3 49.9 52.1 53.8 56.4 56.6 56 55.9 54.4 54.6 53.3 53 53 52.1 51.7 50.9 50.3 49.7 49.4 49.1 48.7 48.4 48.2 47.8 47.7 47.8 48 48.3 47.7 48.8 48.8 49.1 49.4 50
