data/560000-170000.asc
ncols 200
nrows 200
xllcorner 560000
yllcorner 170000
cellsize 50
[rows 117 to 155 of 200, columns 0 to 86 of 200]
36.7 36 35.6 35.6 35.2 34.7 33.8 34.8 34 34 34 32.7 31.3 30.3 30.9 29.8 27.4 25 22.7 19.5 18 15.8 19.4 13.1 10.5 8.8 6.7 5.1 3.7 3.6 3.8 4 3.8 3.9 4.3 4.5 4.2 6.5 9.1 12.6 17.3 23.3 31 31.6 26.5 25.8 31 31.1 30.8 29 9.2 3.4 3.5 3.3 3.6 3.7 4.1 4 3 3 3 3 4 3.1 10.4 11.7 11.6 19.8 19.4 22.7 25.3 26.2 26 24.8 24.8 23.7 22.1 16.4 17.4 21.7 21.6 21.6 21.6 21.1 20.5 20.8 20.3
38.6 37.5 37 37 36.6 36.1 35.8 35.5 34.9 34 35.2 32.5 31.5 29.9 29.5 29 27.9 21.7 14.3 13.6 14 14 14.4 12.9 9.1 8.7 6.4 5.5 4.2 5.1 5.3 5.5 5.5 5.2 4 3.7 3.6 4.3 7.1 10.5 15.8 21.6 23.6 23.7 24.5 24.9 24.7 24.7 22.3 27.2 26.6 11.1 9.6 10 10.5 10.8 10.7 12.5 17.5 15.5 17.8 21.6 22.9 24.6 21.8 19.7 19.3 24.2 24 24 26 27.1 26.5 24.6 22.7 20.9 19.7 17.8 20.2 21.9 21.8 21.7 21.6 21.6 21.2 21 21.1
40.5 39.4 38.9 38.7 38.2 38.2 38 37.6 37.2 35.8 35.4 34.5 33.1 31.3 30.5 28.8 28.6 25.5 14.3 13.6 13.7 14.5 14.7 11.9 8.4 5.9 5.8 6.6 5.4 5.6 6.3 4.2 6 6 4.1 3.9 3.7 3.9 4.5 7.4 14.1 21 21.3 24 24.5 24.3 24.2 24.1 24 26.2 27.9 28.5 28.6 27.2 28.5 28.5 28.2 28.5 29.4 28.7 33.2 13.7 12.3 9.6 22.3 23.8 24 23.6 23.5 23.6 24.5 24.8 25.6 23.7 20.2 19 18.4 18.1 21.8 21.8 21.8 21.7 21.7 21.6 21.5 21.3 21.2
42.7 41.7 40.8 40.4 40.6 40.4 40.3 39.9 39.6 38.5 37.3 36.7 34.5 32.7 30.6 28.9 27.6 26.1 17.2 13.3 14.2 15.8 15.5 12.3 8.3 6 6 7.8 7.3 6.6 6.1 4.5 5 6 4.8 4.6 4.1 5.3 4 3.8 9.1 19.7 21.4 23.4 24.2 24 23.6 23.6 23.8 25.9 26.8 26.6 28.7 28.1 28 28.2 28.5 28.5 28.1 29 30.2 8.6 8.6 9.4 21.5 23.5 23.7 23.8 23.2 22.8 22.1 23.6 23 20.5 20.3 18.4 19.4 19.4 21.6 21.6 21.7 21.8 21.7 21.6 21.5 21.4 21.2
45.6 45.5 44.1 44.1 42.9 41.6 41.2 42.1 42 40.6 39.8 38.5 36.2 34 32 29.6 27.9 26.5 21.7 14.6 15.1 18.7 16.9 12.6 9 8.3 6.7 9.1 8.3 7 5.7 5.5 4 5 4 4.1 4.1 6 1 -0.6 -0.6 4 23.9 21.7 23.6 23.8 23.2 23.4 23.5 25.9 26.3 26.7 27.1 27.5 27.8 28 28.3 28.5 27.7 27.9 13.8 7.7 10.8 12.7 22 23.1 23.4 22.9 22.3 21.3 19.5 21.8 20.4 19.8 19.4 17.9 16.8 15.7 21.2 21.4 21.5 21.6 21.7 21.6 21.5 21.4 21.2
48.2 48.7 48.1 47 46.2 44.7 43.7 44.8 44.4 42.9 41 40 38.4 36.2 34 31.4 29.4 28.1 26.7 23.8 18.8 21 18 13.5 10.3 10.5 12.2 9.7 8.6 7.3 5.2 5.8 4.1 4 4 4 4 4.2 -0.6 -0.6 -0.6 -0.6 6.5 16.3 21.8 22.8 23.2 23.1 23.2 25.3 26.1 26.4 26.8 27.1 27 27 27 26.4 26.3 21 9.7 11 11.1 15.1 21.4 22.3 22 21.8 21.9 22.7 19.1 19.7 19.4 19.2 19 18.1 16.7 15.4 20.2 21.2 21.3 21.4 21.5 21.5 21.6 21.4 21.3
48.1 50.4 50.4 50.2 49.3 48.9 47.8 47.4 47.1 45.4 43.3 41.6 40.9 38.8 35.3 33.3 31.5 29.7 27.4 23.8 23.7 22.5 20.1 16.8 13.5 12.4 11.8 9.4 8.4 7.3 6.5 6.4 5.2 4 4.1 4.2 4.3 6 -0.6 -0.6 -0.6 -0.6 -0.6 3.9 13.9 20.2 22.3 23.4 23.3 25.4 25.7 26 26.4 26.7 26.5 26.5 26.4 25.5 26.1 14.1 12.2 12.7 13.7 14.2 17 21.3 19.6 20.8 22 20.7 19.5 19.4 19.4 19.2 19 18.9 17.9 18.6 21.4 21 21.1 21.2 21.3 21.5 21.3 21.7 21.7
42.9 48.7 52.3 52.4 52.1 51.7 50.8 50 48.9 46.7 44.9 43.2 42 40.2 35.3 33.7 31.5 29 25.6 24.2 23.9 23.3 21.4 18.8 15.2 13 10.6 9.1 8 7 6.7 6.5 6.4 6.2 4.9 4.4 5 4.6 -0.5 -0.6 -0.6 -0.6 -0.6 -0.6 -0.2 8.2 17.5 21 24.2 26 24.9 25.6 26 26.3 26 25.9 25.1 24.1 21.3 16.4 13.8 13.7 14.6 16.4 16.9 17 16.4 17.1 20 19.5 19 19.1 19.1 19.1 19 19 19.2 19.7 20.4 20.9 21 21.2 21.4 20.8 21 20.9 21.6
43.2 42.7 50.1 54.8 54.4 54.2 53.4 51.5 49.2 46.1 43.9 41.5 40 38 34.9 32.8 31.2 28.2 27 27.1 25.4 23.3 21.5 18.4 15.2 12.9 10.7 8.8 7.7 6.9 6.6 6.5 6.5 5.6 4.4 6.2 5.7 5.1 3 -0.6 -0.6 -0.6 -0.6 -0.6 -0.6 -0.6 2.7 11.2 25.6 23.9 24.4 25.5 25.8 25.7 25.6 25.6 24 22.9 21.7 21 20.8 19.1 16.1 17.3 17.5 16.3 16 19 18.2 18.3 19.3 19.4 19.5 19.3 19.1 19.2 19.2 19.7 20.4 20.9 21.1 21.2 20.3 20.5 20.6 20.6 20.9
44 43.9 44.6 54.9 56.7 57.1 56.6 53.1 48.9 45.4 41.7 39.4 37.3 35.3 33.8 31.6 30.3 29.6 30.2 31.9 28.7 24.1 21.6 18.7 15.8 13.3 11.2 9.3 7.7 6.8 6.5 6.5 6.4 4.7 4.2 5.2 6.2 5.6 4.3 3.3 -0.6 -0.6 -0.6 -0.6 -0.6 -0.6 -0.6 -0.6 6.4 19.3 18.9 22.5 24.2 24.5 24.4 23.9 22.9 21.7 20.7 21 20.1 19.3 16.4 16.6 16.2 16.2 18.1 19.1 19.7 20 20 20.4 20.1 19 19.5 19.2 19.2 19.7 19.3 21 21 20.1 20 20.1 20.3 20.4 20.2
47.2 48.9 49.3 47.3 45.1 44.1 43.2 46.1 48.8 46.2 44.8 43.5 39.5 37.2 35 33.2 33.7 34.6 35 35 31.4 26.3 23.1 19.7 16.8 14 11.9 9.9 8.1 6.9 6.6 6.5 6.4 4 4 4 5.7 6.3 5.4 4.2 -0.6 -0.6 -0.6 -0.6 -0.6 -0.6 -0.6 -0.6 6.8 11.1 14.8 19 21.5 21.9 22.3 21.5 21.9 19.9 17 16.8 17 16.5 15.8 15.8 15.7 18.5 20.2 21.1 20.2 19.8 19.7 18.9 18.7 20.2 21.5 21.5 20.5 20.7 21 20.7 19.9 19.5 19.6 19.8 19.9 20.1 19.9
52.3 52.8 51.9 48.3 46.2 44.8 43.9 43 41.9 41.8 41.1 41.5 40 37.7 37.5 37.7 39 39.3 38 35.6 33.4 29.1 26.4 22.3 19 15.7 13.2 10.6 8.5 7 6.7 6.6 5.6 4.1 4 5.8 6.8 7.7 6.9 5.3 4.3 0.6 -0.6 -0.6 -0.6 -0.6 -0.6 -0.6 10.6 10 11.6 15.7 17.4 18.2 19.2 19.1 19.8 17.6 14 13.4 14 15.2 15.6 14.9 14.3 15.1 17.4 19 17.3 16.8 17.8 17.8 18.7 20.1 21.1 21.5 21.5 21 20.4 19.9 19 19.1 19.3 19.4 19.6 19.7 19.6
55 54.4 52.6 49.2 47.2 45.5 44.5 43.7 42.5 42.1 41.3 41.3 40 40.7 41.6 42.4 42.5 42 39.9 37.5 33.9 31.7 28.7 25.7 22 18.6 14.8 11.6 9.3 7.3 6.7 6.5 4.5 4.1 4.9 7.6 9.2 9 8.3 7.3 6.1 4.3 4.4 7.6 9.6 1.4 -0.6 -0.6 9.3 9.5 9.8 12.2 13.6 14.5 15.3 15.8 15.5 15.2 13 9.9 10.5 12.6 13.8 12.6 9.5 9.2 11.9 15.3 14.7 14.5 17.2 17.9 19 19.1 19.5 20 19.9 19.8 19.7 19.5 19.2 19.2 19.2 19.2 19.2 19.4 19.3
55.7 54.4 52.2 49.3 47.2 45.3 43.9 43.9 43.2 42.4 41.6 41.2 41.8 42.8 44.4 45.2 45.4 43.3 40 34.6 34.3 33 30 27.4 25.4 21.7 17.3 12.2 9.4 7.9 6.8 6.5 4.4 4 6.8 9.9 11.6 10.5 9.7 8.7 7 4.8 4 4.9 5.3 6.2 6.1 7.6 9.5 9.3 9.5 9.9 10.1 10.9 11.7 11.6 10.9 11.2 9.6 9.1 9.4 10.9 9.4 9.5 9.2 8.6 9 11.4 12.4 13.8 16.5 17.7 17.9 18 18.4 18.1 18.3 18.2 18.1 18.6 18.4 19 19.1 19.1 19.1 19.2 19.3
52.5 51.3 49.5 47.5 45.8 44.2 41.8 39.9 38.5 40.5 40.7 41.4 42.9 45.1 46.6 47.2 46 41.9 42.4 38.3 35.7 32.4 30.5 28.4 26.4 23.1 19.3 11.3 7.9 6.9 6.4 6.1 4.1 4.6 8.7 14.1 14 13.1 11.5 10.2 8.7 7.9 7.1 5.8 4.1 4.1 5.2 5.6 8.2 9 9.3 9.5 9.3 9.2 10.2 9.8 9.8 11 9.7 9.3 9.3 9.6 10.4 9 8.8 8.8 9 9.2 11.5 13.2 14.6 16.1 16.4 16.7 15.4 15.9 16.2 16.4 16.5 17.1 17.1 17.6 18.2 18.7 18.9 18.9 19
47.4 46.4 43.9 44.1 43.6 43.3 38.4 34.8 34.1 36 38.3 41.3 45.3 48.2 49.8 47.6 43.8 43.4 42.7 40.3 36.8 32 29.5 27.9 26.4 22.9 17 9.7 5.8 4.9 4.2 5.1 4.1 5.5 9.2 14.2 15.9 15.6 14.3 12.7 11.6 10.7 9.8 8.9 7.3 6.5 6.8 7 8.6 8.8 9.1 9 8.8 8.8 10.4 9.7 9 8.9 9.2 9.2 11.3 13 12.8 11.5 11.1 10.5 9 9.1 9.7 11.4 13.2 13.9 14.6 15.3 14.3 14.1 14.2 14.6 16.2 16 15.8 16.3 16.8 17.4 18 18.6 18.9
39 37.1 32.3 30.6 31.4 34 35.9 29.2 28.7 31.2 40.2 47.4 51.1 52.5 50 45.4 40.8 39 37.7 36.9 35.9 33.7 30.2 27.9 26.3 22 13.8 7.4 5.4 4.1 4 5.3 4.2 5.8 9.6 15.7 15.9 16 16 14.7 14 12.9 12 11.2 10.6 9.4 8.8 8.6 9.2 8.7 8.7 8.7 8.7 9.1 11.6 10.2 8.9 9.4 10.6 11.3 13.6 16 15.1 15.1 15.1 13.6 11.9 10.3 9.2 10.4 12.2 12.8 13.3 13.9 13.7 13.5 13.3 13.8 15.3 14.2 15.2 15.8 16.4 16.9 17.6 18.3 18.7
25.3 23.9 19.3 15.7 15.9 15.3 20 22.7 23 35.3 47.8 53 54.8 52.8 48.2 43.1 38 34.1 32.7 33.1 36.2 34.1 31 29.7 26.8 19.6 11.1 5.8 4 4 4.3 4.2 4.1 6.4 10.5 15.1 15.9 16.5 16.5 16.1 15.8 15.2 13.8 12.8 11.9 11.7 9.6 9.7 9.7 9.7 9.2 8.7 8.9 10 12.5 10 9.9 10.8 13.4 14.8 15.6 16.4 16.9 17.5 17.1 15.9 14 12.2 10.6 11.3 12.2 12.6 13.1 13.6 13.7 13.5 13.4 13.4 14.4 14.3 14.3 15.3 15.9 16.7 17.5 18.1 18.5
13 12.4 10.5 10.1 9.5 7 8.1 14.6 19.8 41 57 54.1 51.5 48.8 43.6 38.8 35.5 32.4 29.7 28.8 29.8 30.7 30.7 27.5 24.6 16.7 8.9 6.2 5.4 5.4 5.5 4.4 4.1 7.5 11.8 15.4 16.9 17.6 17.7 17.1 16.9 16.5 15.5 14.4 13.2 10.5 10.3 11.3 11.8 11.4 10.8 10.5 10 10.4 12.4 11.6 11.7 13.2 15.3 16.8 17.7 18.1 18.6 19.8 19.5 18.3 15.6 13.7 12.3 12.4 12.5 12.9 13.4 13.6 13.7 13.8 13.7 13.7 14.2 14.2 14 15 15.8 16.6 17.2 17.8 18.3
0.5 -2.3 1.9 9 8.6 6.9 5.3 4.8 12.9 40.6 56.2 47.8 44.5 40.5 36.7 34.4 32.6 30.4 29.2 27.7 25.7 23.3 23.4 24.8 20.6 12.9 8.6 9 9 7.5 6.2 5.1 4 8.7 12.9 17 18.1 18.6 18.7 18 18.2 17.7 16.2 14.6 13 12.7 12.3 13.3 13.6 13.7 13.4 13.3 13 12.8 12.8 13.2 13.8 15.4 17 18.4 19.6 19.9 20.2 20.5 20.6 20.2 18.1 14.8 14 13.5 13.6 13.4 13.6 13.7 14 14.2 14.8 13.9 14.1 14 14 17 17.2 16.8 16.7 17.4 18
-8.1 -7.6 -8 -7.4 -2.7 -6.6 -7.5 -7 5.1 28.1 54.3 49.2 43.8 42.2 39.2 36 32.5 31.7 30.7 29.2 27.4 23.7 20.6 19.3 17.2 11.2 9 11.4 9.8 8.5 6.9 5.3 4.5 10.4 16.7 19 19.7 19.6 19.5 18.9 19.1 18.8 17.5 16.4 14.3 14.3 15.5 15.1 15.3 15.6 15.4 15.2 15.2 15.1 15 15.1 15.6 17.2 18.9 20.1 21 21.3 21.6 22.1 20.9 20 20.1 17.1 15.3 14.8 14.7 15.1 14.8 15 15.1 15.2 15.7 15.9 14.8 14.9 15.4 16.8 17 16.6 16.1 16.6 17.9
-7.5 -7.9 -8.3 -8.4 -7.8 -7.6 -8.3 -8.2 -7.2 10.2 48.2 50.5 46.6 43.5 40.9 38.1 34.9 35.2 32.9 31.9 29.8 25.2 21.1 19 16.3 10.7 11.7 12 9 7.7 6.7 4.5 4 10.4 17.8 20.9 21 21 20.5 19.9 20 19.6 19 17.9 16.6 15.4 16.1 16.5 16.8 17.1 16.8 16.5 17.1 16.9 16.9 16.8 17.2 18.5 20.5 21.5 22.3 22.8 23.3 23.7 22.8 21.8 20.3 18.6 17.5 17 15.5 15.9 16.3 16.7 16.8 16.8 16.9 17.5 16.8 16 16.8 17.5 17.5 17.1 16.7 16.8 18.1
-7.9 -8.3 -8.6 -8.7 -8.5 -8.1 -8.9 -8.9 -8.4 -1.5 35.9 53 47.6 43 41.6 39.3 39 38.5 36.8 32.9 30.1 27.4 22.7 19.6 16.8 15.2 14.9 11.7 8 7.6 6.7 5.6 4 11.4 19.4 22.4 23.3 23.4 23.3 22.7 22.2 21.2 20.7 19.6 18.3 16.8 17.4 17.8 18.5 18.5 18.1 18.5 19 18.8 18.7 18.6 18.7 19.5 20.9 22.2 23.4 24.5 25 25.1 24.5 23.2 21.8 20.2 18.6 17.7 17.6 17.4 17.8 18.2 18.6 18.9 19 19 18.7 17.8 17.8 18.5 18.4 17.9 17.6 17.4 18.2
-8.2 -8.6 -9 -9 -8.8 -8.4 -9 -9.1 -8.4 -7.6 20.4 52.2 47.5 42.7 41 38.3 38 37.8 37.4 32.5 29 26.7 26 23.6 18.5 14.3 15 12.9 10.1 8 7.2 5.4 4.2 12.2 20.5 25.5 25.8 25.4 25.2 24.8 24 23 22.4 21.4 20 18.6 18.7 19.2 19.8 20.4 19.5 20.7 20.9 20.6 20.5 20 19.8 20.3 21.9 23.4 25.5 25.9 25.9 26.3 25 23.9 23.4 21.8 20.2 19.6 19.4 19.1 19.3 19.7 20.1 20.3 20.9 20.9 20.5 19.7 19.2 19.5 19.4 18.8 18.6 18.4 18
-8.5 -8.6 -9.1 -9.2 -8.7 -8.2 -9 -9 -8.4 -7.9 -4.3 42.4 46.9 42.7 38.2 37.2 37 36.8 36.7 32 29.3 31.6 29.7 26.8 21 21 16.1 14.1 10.9 10.2 8.5 6.9 4 9.9 19.9 26.2 26.8 26.7 26.4 26.2 25.5 24.9 24 23.1 21.8 20.6 20.4 20.6 20.9 21 21.5 21.9 22.1 22.2 21.9 21.7 21.4 21.4 22.6 24.2 26.1 26.1 26.7 26.6 25.5 25.3 25.5 23.9 22.2 21.1 20.8 20.5 20.7 20.9 21.1 21.3 22.1 22.8 22.3 21.5 21.1 20.6 20.5 19.9 19.5 19.2 17.8
-5.9 -7.6 -8.8 -9.1 -8.6 -8 -8.7 -8.4 -8.7 -8.4 -8 26.9 44.8 37.8 36.2 36.1 36 35.8 36 35.3 35.7 35.8 32.6 29.1 23.6 20.7 16.9 13.6 11.8 11.1 9.8 8 4.3 8.1 17.4 25.7 27.1 27.1 27.2 26.9 26.6 25.9 25.4 25 23.7 22.5 21.6 22.2 23.2 23.3 22.7 23.1 23.3 23.4 23.2 23 22.7 22.6 23.2 24.4 25.7 27.3 28.3 28.2 26.8 26.6 26 25.3 24.2 23 22.2 21.9 21.7 21.9 22.1 22.4 22.8 24.6 24 23.5 23.5 22.8 22.3 21.3 20.4 19.8 18.8
48.7 33.9 13.8 6.6 24.7 17.1 -6.2 -8.1 -8.8 -8.5 -8.6 5 38.9 36 35.6 35.2 35.2 35.3 35.5 36.2 37.6 36.6 33.4 31.4 23.2 18.4 14.6 14 14.4 13.5 11.8 8.2 4.5 5.1 14.3 24.1 27.2 27.4 27.6 27.6 27.3 26.4 26 25.8 25.1 23.8 22.9 24.2 25.7 25.3 24.8 24.4 24.6 24.6 24.6 24.3 24 23.9 24.7 25.6 27.3 29.1 30 30.5 29.6 27.5 26.6 25.9 25.2 24.6 23.8 23.2 23.6 22.9 23.1 23.4 23.7 25.6 25.5 25.3 25.9 24.2 24.6 23.3 21.9 21.4 20.8
77.7 69.5 61.4 60.4 70.1 62.8 47.4 20.8 -2 -1.4 3.7 12.6 34.6 35.8 35.2 34.1 34.7 35 35 37.6 38.1 36.3 33.6 30.5 24 16.3 14.2 14.5 14.7 15.7 12.5 9.1 5.7 4 11.6 20.7 27.6 28.5 27.8 27.5 27.7 27 26.5 26.6 25.8 25.2 24.7 25.3 26.5 26.3 26.2 26 26.3 25.9 25.9 25.6 25.7 25.8 26.4 27.7 29.4 31 31 31 31 31 28.1 27 26.5 26 25.4 25.3 25.1 24 24.8 25.4 24.4 26.1 26.7 26.3 26.7 25.9 25 25.1 23 21.3 21.4
82.6 81.9 80.2 78.4 76.8 70.3 62.9 55.9 49.9 46.5 44 41.8 39.6 36.8 35.8 34.1 34.5 33.7 35.4 35.6 35.3 33.6 30.9 27.1 22.2 17.9 16.8 16.9 16.8 15.4 12.9 10.6 8 5.1 7.6 14.2 25.9 30.6 30.6 28.9 28 27.2 27.3 27.3 26.6 26.1 25.7 26.2 27.2 27.7 27.6 27.7 28.1 28.5 27.6 28.3 28.5 28.1 29 29.3 31 31 31 31 31 31 30.5 28.5 28.3 27.9 26.9 26.7 25.8 25.4 25.8 25.6 25.8 26.8 27.8 27.7 27.1 26 25.6 25.7 23.8 21.6 20.8
71.8 70.1 68.4 66.8 64.5 62.4 60.4 58.1 55.2 54.2 51.9 49.7 47.8 45.2 42.4 40.4 38.4 36.5 33.2 33 31.9 28.7 25.1 20.4 18.7 18.7 19.8 19.6 18 15.9 13.5 11.1 9.1 6.8 6.6 9.4 17.9 27.1 30.7 31 30.9 30.5 31 28 27.4 27 26.8 27.5 28.3 28.8 28.9 29.5 29.8 29.8 29.9 30.5 29 31 31 30.1 31 31 31 31 31 31 30.9 29.2 30.5 29.5 28.5 28 27.3 26.8 26.7 26.8 27.1 28.4 28.7 28.7 27.1 26.8 26.5 26.1 24.4 22.2 21.5
76.1 72.5 74.7 67.5 63.2 61.5 60.2 55.1 50 45.8 42 38.6 36.5 33.8 31.8 30 29.2 29.6 31 31.4 31.1 27.4 19.8 19.2 20 21.7 21.5 20.4 19.4 16.1 13.9 12 12 10.4 8.1 8.7 12.9 21.2 25.3 28.9 30.5 31.2 30.5 30.1 28.4 28.8 29.1 29.2 29.7 30.2 30.4 29.9 30.9 31.1 31.3 30.7 30.7 31 31 31 31 31 31 31 31 31 30.8 31 31 30.9 30.4 29.7 28.6 27.9 27.9 28 28.3 29 30.5 28.9 28.6 27.7 27.4 27 25.4 23.4 23.3
80.3 72.4 66.4 61.1 57.8 56.2 55.5 52.8 48 43 39.9 36.9 34.6 32.3 30.5 29.4 27.2 27.1 30.4 31.1 29.7 21.1 19 19.4 23.4 24.8 23.6 21.9 19.8 17 14.2 13.2 13.2 12.9 11.8 9.1 10.4 15.6 20.6 22.7 25.9 30.7 31 30.9 31 30.6 30.7 30.5 31 31.9 31.7 31.8 32.1 32.7 32.3 31.9 31.4 31 31 31 31 31 31 31 31 31 32.2 34.2 34.3 32.8 32.3 31.2 30 28.9 29 29.2 29.3 30.1 30.3 30.4 29.9 29 28.5 27.8 26.3 24.6 23.9
80.9 72.8 65.6 59.7 54.1 51.7 50.8 48.9 44.6 40.2 37.8 35.1 34.3 32.2 30.1 29.1 26.7 24.5 25.8 27.3 22.2 19.1 20.8 23.1 24.9 25.9 24.9 22.5 20.2 17.4 14.3 13.6 13.7 13.3 12.3 11.9 10.9 14.1 18.9 21.5 23.3 25.2 30.7 30.8 30.9 28.2 31.2 32.6 33 33.2 33.1 33.2 33.3 32.8 31.9 31 30.5 30.5 29.8 29 28.5 30.7 31 31 31 31.9 33.9 35.2 35.8 34.7 33.8 32.7 31.5 30.5 30.3 30.2 31 31.5 31.9 31.9 31 29.9 30.5 28.1 26.4 25.6 24.1
81.5 71.7 63.7 58.7 53.5 50 47.3 44.4 42.6 40.6 38.3 36.4 35.1 33.8 31.6 30.1 29 25.6 24.2 23.4 22.1 21.7 24 25.6 25.6 25.6 25.7 22.9 20.4 17.5 14.6 14.2 14.5 13.7 12.3 12.1 12.2 13.8 17.8 20 21.3 23.1 25.4 31.3 29.9 29.6 32.2 34.6 35.7 36 35.6 33.6 31.8 31.1 30.6 30 28.8 27.3 25.7 25.2 25.4 27.4 28.9 30.1 30.2 32.1 33.7 35.1 35.9 35.8 35.4 34.3 33.2 32.1 32.2 32.1 32.7 33 33.5 33.4 32.6 31.4 30.5 28.4 26.2 25 24.2
76.6 67.5 61.8 56.9 53 49.8 46.5 43.8 41.9 40.5 39.3 37.5 35.9 35.5 33.9 31.9 30 26.9 24 24.9 24.9 25.3 26.3 27.1 26.9 26.4 25.5 22.6 20.1 18 15.9 15.1 14.8 14 12.9 12 12 13.7 15.3 17.9 19.4 21 22.8 24.3 27.6 31.1 33.5 35.8 36 36 33.4 31.4 30.1 29.2 27.2 25.8 25 24.7 24.5 24.6 24.3 24.5 26.9 29 29.6 31.4 32.9 34.4 35.2 35.8 37.4 36 34.9 33.8 33.9 34 34.6 34.4 35.1 34.9 34.1 32.8 30.6 29.3 26.6 24.7 23.5
73.2 64.6 59.2 54.8 52.2 49.5 46.1 43.2 40.9 39.2 38 36.6 35.6 35.7 34.1 31.3 29.5 27.1 25.3 27 28.9 29 28.6 29.2 28.8 28 25.6 22.7 19.1 17.8 17.4 16.6 15.7 14.8 13.5 12.4 13.6 13.9 14.2 14.9 17.1 19.4 22.2 25.8 28.4 31.5 33.4 35.3 36 36 31.7 29.3 27.6 26 25.4 24.1 23.9 23.9 23.9 24 24.2 24.5 25.4 27.6 29 30.6 32.1 33.6 34.6 35.9 38.8 38.5 37.6 35.9 35.9 35.7 35.7 35.8 35.6 35.5 35.7 33.7 31.5 29.2 27 25 23.3
71.9 63.6 58.6 54.2 50.7 48.1 44.9 41.7 39.9 38.1 36.9 36.1 35 33.8 31.7 29.6 29.2 29.1 28.8 30.8 31.2 31 30.8 30.9 31 29.2 26.1 22.4 19.1 18.9 18.5 17.9 17.1 15.1 14.1 13.7 13.9 14 14.2 14.2 14.6 17.2 19.7 23.5 25.1 29.5 32.5 35.9 36 35.5 30.1 27.3 24.9 23.1 21.6 23.3 23.2 23.2 23.3 23.4 23.7 24.3 24.9 26.6 28.5 30 31.6 32.7 33.9 35 38.5 40.6 39.1 38.3 37.3 37 37.2 37.3 37.1 36.4 35.6 34.3 32.3 30.1 27.5 24.2 23.3
69.6 63.2 59.2 54.8 49.9 46.9 43.9 40.7 39.7 38.4 36.7 35.7 34.6 32.3 30.2 29.6 29.1 29 32 34.8 34.6 33.4 31.7 30.8 30.5 29.1 25.9 22.1 19.3 21.2 20.1 19.5 17.8 15.7 14.7 14.4 14.3 14.1 14.3 14.7 14.2 15.2 18.5 21.4 23.8 26.4 30.1 34.3 33.9 31.2 27.8 25.3 25.1 23.1 21.6 23 22.9 22.9 23.1 23.2 23.5 23.8 24.2 25.5 28.3 30.8 31 32.4 33.6 34.8 36.6 39.9 40.5 38.9 38.6 38.4 38.8 38.8 38.1 37.2 36.4 34.8 32.7 30.6 28 24.3 24.3
65.8 60.5 57.8 53.8 49.6 46.3 43.4 41.6 40.5 39 37.3 36.1 33.5 32 30.9 30.3 29.4 30.4 33.3 36 36 34.3 32.6 31 30.1 27.8 24.7 22.8 21.2 22.7 21.2 20.4 18.3 16.8 14.2 14 14 15.2 15.9 14.5 14.6 16.5 18.5 19.1 20.8 23.1 25.6 27.5 29.1 28.7 26.3 24.7 23.8 23.2 21.4 22.3 22.6 22.8 23 23.2 23.5 24.1 24.7 25.2 27.7 30.8 30.3 31.5 32.7 34.5 35.6 39.5 41.6 41.4 40.5 39.7 40.4 39.8 38.9 38 36.8 35.1 33.2 30.7 27.5 24.5 25.4
