data/570000-160000.asc
ncols 200
nrows 200
xllcorner 570000
yllcorner 160000
cellsize 50
[rows 37 to 73 of 200, columns 85 to 169 of 200]
20.6 18.2 15.2 11.4 8.8 7.8 7.5 5.8 5.2 4.9 4.9 10.3 5.3 6.1 -1.6 -1.6 -1.6 -1.6 -1.6 -1.6 -1.6 -1.6 -1.6 -1.6 -1.6 0.1 -1.6 -1.6 5.3 5 4.5 5 6.9 12 18.3 23.2 45.6 55.2 59.5 59.3 58.9 58.5 57.3 56.6 56.1 55.2 54.4 54 53.5 53.1 52.5 51.8 51 50.1 49.5 49.1 48.6 47.7 39.2 47.6 47.2 46.8 46.2 45.2 44.6 44.5 44.3 43.3 42.3 41.5 40.7 39.4 38.1 37.2 37.9 38.6 38.7 38.8 38.4 37.7 36.9 36.7 36.1 35.5 35.1
22.9 20.1 16.7 12.6 8.9 9 10.3 12 11.8 8.1 5.1 4.8 10.7 5.8 4.9 2 -1.6 -1.6 -1.6 -1.6 -1.6 -1.6 -1.6 -1.6 1.2 2.8 5.2 4.6 4.6 4.7 3.9 2.9 3.9 9.1 15.7 22.1 36.2 49.6 55.9 59.2 58.8 58.8 58.1 57.5 56.9 56.4 55.9 55.5 55.1 54.7 54.1 53.3 52.4 52.1 51.9 51 50.3 49.5 49 48.8 48.4 48 47.5 47.1 45.7 43.9 44.3 44.7 43.8 43.2 42.2 40.9 39.6 39.5 39.6 40 40.2 40.3 39.7 38.4 38.4 38.3 37.5 37 36
24.1 20.8 17.6 12.9 9.7 10.5 13.2 15.6 15.9 13.6 9.5 5.8 4.6 4.1 4.8 4.1 3.2 -1.6 -1.6 -1.6 0 1.4 2.3 3.4 4.2 4.4 4.5 4.5 4.6 3.7 3.9 3.4 3.3 7.5 11.9 17.7 27.5 41.9 51.1 56.9 59.3 59.3 59 58.6 58.3 58 57.5 56.9 56.4 55.8 55.2 54.5 54 54 53.9 52.8 52 51.3 50.4 50.1 49.8 49.5 49 48.4 47.8 46.4 47 46.3 45.7 44.9 43.7 42.5 41.6 41.9 41.7 42 41.9 41.6 40.8 39.2 39.7 39.8 39.1 38.6 37.6
24.9 21.1 16.8 13.1 11.3 12.1 16.1 18.3 19.7 19.1 13.7 9.2 7.5 5.9 5.5 5 4.8 4.6 3.6 3.5 2.7 4.5 5 5.7 6.5 6.8 8.1 6.4 5.3 5 4.6 4.3 4.3 4.1 8.7 14.4 20.9 33.6 43.8 52.8 58.7 59.6 60.2 59.9 59.6 59.4 58.9 58.5 58 57.5 56.9 56.4 56 55.7 55.4 54.5 53.7 53 51.9 51.8 51.4 50.8 50.2 49.7 48.9 48.7 48.5 47.9 47.4 46.7 45.5 44.3 43.8 44.1 43.5 43.8 43.5 43.2 41.7 41.4 41.4 41.6 41 39.9 38.7
24.1 19.6 15 12.6 11.5 13 17.1 24.2 22.8 21.7 17.9 13.9 11.9 9.2 8.6 8.2 7.4 6.5 5.8 6.7 6.1 6.7 7.3 9.4 11.4 13.5 13.3 8 5.6 5.3 4.9 4.8 4.5 4.1 4.3 10.3 16.3 24.5 36.4 46.8 54.3 56.6 60 61.1 60.8 60 59.6 59.3 59 58.6 58.1 57.3 57.7 57.5 57 56.1 55.3 54.6 53.9 53.5 52.9 52.4 51.8 51.3 51 50.7 50.1 49.6 49.1 48.3 47.2 45.9 45.8 46 45.4 45 44.9 44.7 43.5 43.4 43.4 43.3 42.3 41 39.9
22.6 18.5 15.4 13.2 12.2 13.3 17.5 25.3 26.8 24.6 22.8 20.8 18.6 16.6 17.2 13 12.3 10.8 9.7 9.7 10.8 10.9 13.6 16.9 18.6 20.5 13.5 9.3 7.5 8 5.7 5 4.5 4.2 4.4 6.4 11.9 17.7 25.8 36.9 47.5 53.5 57 60.8 61.3 60.6 60.3 60 59.6 59.4 59.6 59.1 59.7 59.3 58.5 57.7 56.9 56.3 55.8 55.2 54.7 54.2 53.7 53.3 53.1 52.5 51.8 51.3 50.5 49.7 48.7 47.5 47.7 47.8 47.1 46.6 46.5 46 45.4 44.9 45.4 44.6 43.7 42 41
21.5 17.8 15.9 14.5 13.7 14.4 18.5 27.7 29.3 30.1 26.3 24 23.4 22.6 22 21.8 20.8 17.5 15.8 18.4 19.3 21.1 21.9 24.2 21.6 21.1 12.8 10.9 10.5 11.3 8.8 8.1 4.7 3.8 4.4 4.8 5.3 12.6 19.7 26.6 35.6 47.5 56 59.2 61.9 61.2 60.9 60.6 60.3 60.2 60.4 60.6 61.1 60.8 59.7 59.2 58.6 58 57.2 56.6 56.2 55.5 55 55.4 54.9 54.3 53.7 53 52.1 51.1 50.1 49.5 49.6 49.7 49.1 48.1 48.1 47.7 47.1 46.8 47 46.1 45.3 43.2 42.7
21.4 17.1 17.9 16.6 15.6 15.1 18.3 25.9 30.6 33.3 32.3 31.9 30.9 31.3 31.4 31.6 31.4 28.9 26.5 24.9 25.5 31.6 31.8 30.1 26.5 15.7 14 13 17.1 14.6 12.7 9.8 7.6 4.5 4.9 5 4.1 5.6 15.1 20 22.6 34.3 49.6 57.6 61.4 61.8 61.5 61.3 61 61 61.4 62.2 61.9 62.1 61.9 61.2 60.4 59.6 58.7 58 57.5 56.5 56.7 57 56.9 56.1 55.6 54.8 53.9 52.9 51.9 51.5 51.6 51.7 50.9 50 49.7 49.4 48.8 48.7 48.5 47.8 46.8 45.6 45.2
22.5 21.4 19.7 18.7 17.6 15.8 18 24.8 32.1 35.8 37.5 38.1 40.4 40.7 40.9 40.7 39.8 41 40.3 35.7 37.4 33.9 31.8 28.2 21.4 15.5 15.5 20 21.7 20.3 17.3 15.1 11.7 9.5 6.4 5.4 4.9 4.7 9.4 15.3 21.1 25.1 36.3 48.1 59.7 62.5 62.2 62.1 61.9 62.4 63.1 63.5 62.7 63.5 63.5 63 62.3 61.4 60.5 59.8 59 58.2 58.3 58.5 58.7 58.3 57.6 56.6 55.6 54.6 53.7 53.6 53.7 53.7 53 52.3 51.5 51 50.7 50.5 50.1 49.5 48.5 48 47.8
25 23.6 22.3 21.2 19.8 17.9 18.5 21.9 32.5 37 42.2 43.3 44.1 45.7 47.1 47.1 46.9 47.3 44.9 41.1 37.4 32.9 23.6 16.1 17.2 17.3 17.9 20.7 24 24.2 21.8 18.5 15.6 13.2 9.7 7.4 5.6 5.5 6.6 12.9 16.8 20.8 27.7 35.1 46.6 59.4 63.1 63.5 63.3 63.9 64.7 64.6 64.7 65 64.9 64.6 64 63.7 62.6 61.4 60.4 60.1 60.1 60.3 60.4 59.9 59.3 58.3 57.4 56.4 55.6 55.9 55.9 55.6 55.1 54.3 53.5 52.9 52.6 52.4 51.9 51.3 50.2 49.4 49.6
26.4 25.3 24.8 24.9 22.9 20.3 19.9 21.4 31.7 37.7 41.9 44.1 47.7 49.5 49.9 49.9 49.8 49.4 46.5 42 37.7 31.2 28.9 20.8 17.1 17 19.7 24.5 23 29.8 25.5 23 20.1 17.1 13 10.3 7.8 6.5 5.5 8.1 11.3 16.2 21.3 27.7 33.3 45.8 58.8 62 64.7 65.4 66.2 64.7 65.4 65.9 65.9 65.7 65.2 64.7 64.1 62.5 62.2 62.1 61.7 61.9 61.9 61.5 60.9 60.1 59.1 58 57.7 57.9 57.8 57.5 57.1 56.4 55.2 54.7 54.4 54.1 53.6 53 52 51.5 51.5
28.9 27.6 28.5 28.6 25.7 22.2 20.8 21.6 29.8 37.8 43.4 47 50.8 52 52.6 52.2 50.9 47.7 42.8 42.1 36.9 28.8 25.1 24.7 25 22.4 17.5 25 32.7 32.8 30.7 26.9 24.3 21.3 17.1 13 9.9 7.5 6 6 6.7 11.6 11.7 21.7 27 34.2 44.6 56.9 60.3 65.9 66.8 66.7 66.5 66.8 66.8 67.1 66.1 65.3 64.4 64.3 64 63.9 63.5 63.1 63.5 63.3 62.6 62 60.8 59.6 59.3 59.8 59.9 59.4 58.8 58.4 57 56.4 56.2 55.9 55.4 54.7 53.6 53.9 53.9
32.5 31.3 32.2 32.9 28.2 25.3 21.9 21.7 28.5 35.4 42.7 50.3 53.5 53.8 54.3 54.4 52.4 43.8 43.2 42.5 33 28.3 25.3 26.9 27.5 24.5 22.2 29.1 37 40.2 38.6 32.3 28.6 24.5 20.3 15.7 12.7 10.6 8.3 7.1 7 7.3 8.8 14.8 21.2 27.4 30.2 43.8 54.7 62.3 67 68 67.9 67.8 67.8 68 67.6 67.1 66.3 66.2 65.9 65.7 65.8 65.8 65.4 64.8 64.1 63.4 62.3 61.1 61.4 61.9 61.9 61.5 60.8 60.2 59.4 58.7 58.2 57.8 57 56.3 55.7 55.9 56.3
35.4 35.6 36.8 36.4 32.9 28.2 24.4 23.6 27.9 34.3 42.3 50.7 54.9 54.6 54.8 54.9 53.3 45 43.8 39.4 30.3 27.9 27.3 31.4 29.8 24.8 23.5 32.2 37.9 42.8 42.6 39.9 36.1 27.4 18.2 16.9 13.8 11.5 10.6 10.4 9.5 7.6 8.5 9.8 12.6 22.2 29.1 37.2 49.9 56.3 64.6 67.6 69.2 68.9 69.2 69.1 68.7 68.3 68.1 67.8 67.6 67.5 67.2 66.9 66.9 66.1 65.5 65 64 63.3 63.5 64 64 63.5 62.9 62.5 61.7 60.8 60.4 59.4 58.5 58 58 58 57.9
37.8 40 41.6 40.2 36.6 31.8 27 24.2 27.5 34.4 42.2 49.2 55.2 55 55 55 48.5 43.8 43.5 34.3 30.4 31.4 33.9 35.7 32.3 24.1 25.9 33.1 40 44.8 44.7 42.9 37 31 19.8 18.7 18 17.4 13.6 10.9 10.4 10 9.3 18.1 10.6 15.3 20.3 25.1 35 49.9 54.8 62.2 68.4 69.3 70.2 69.8 69.1 69.5 69.3 69.2 69.2 69.2 68.9 68.6 68.2 67.8 67.6 66.9 65.9 65.8 66.4 66.1 66 65.6 65.5 64.6 63.6 62.9 62.4 61 60.1 59.9 60.1 60 59.5
41.7 44.2 45.4 44.4 40.3 34.7 28.2 25.3 27.3 35.3 42.6 49.7 55.2 55.3 55.5 55.9 51 49 38.9 33.2 34.4 36.6 38.9 38.3 35.2 25.9 27.2 36 42.7 45.5 46.2 44.1 35.8 17.6 22.6 24.8 23.2 19.5 16.8 12.9 11.9 15.7 18 10.5 9.5 12.5 17.5 23 27.4 36.8 48.8 54 59 68.2 68.7 70.3 70.7 71 70.5 70.7 70.8 70.8 70.4 70 69.8 70.3 69.6 68.8 67.6 67.7 67.8 68 67.9 67.6 67.4 66.7 65.7 64.4 63.5 61.6 61.7 61.8 62.2 62 61.5
45.8 48.6 49.7 48.1 43 36.9 30.3 26.9 28.4 37.2 44.3 50.8 55.9 55.9 56.1 52.3 50.7 48.5 36.9 36.3 37.4 41.1 43.1 40.7 36.4 29.3 29.2 38.6 44.9 46.9 46.4 41.6 34.8 26.7 29.9 33.8 27.9 24.2 23.7 21.5 18.5 15.5 13 11.5 10.1 9.4 13.9 19.4 25.1 31.7 37.1 44.9 55 57.8 67.7 69.2 71.6 72.3 71.7 72.1 72.3 72.4 72.5 72.5 72.2 72.1 71.5 70.5 69.4 69.4 69.7 69.8 69.7 69.4 69.1 68.6 67.8 66.7 65.4 64.3 63.7 63.7 64.2 64.3 63.7
49.9 52.6 53.2 51.3 45.2 38.5 30.4 28.8 32 39.9 45.9 52.2 58.6 60.6 57.9 51.4 50.5 39.8 37.3 38 44.4 46.8 45.8 43.3 37.5 31.1 33.9 42.5 46.9 48.4 44.9 40.6 30.9 29.8 32.5 38.8 35.4 33.2 29.8 26 23 20 16 12.5 10.7 10 10.3 15.6 21.3 27.2 33.2 39.9 45.3 56.7 63.1 68.4 72.5 73.4 73.6 73.7 73.8 73.9 74.1 74.3 73.9 73.4 72.7 72.3 71.5 71.3 71.5 71.7 71.5 71.2 70.8 70.3 69.7 68.6 67.4 66.1 65.4 65.7 66.1 66.4 66.1
55.2 55.3 55.5 53.5 47.8 39.8 31.2 30.7 34.6 41.8 48 52.9 59.8 60.4 55.8 50.5 45.5 40.6 41.8 45.4 50.3 51.2 48.8 44.8 38.9 33 34.5 47 49.8 50.1 45.6 40.8 33.2 32.5 32.6 45.8 45 41.6 34.3 30.5 25.6 22.5 20.2 17.6 12.6 11.3 10.8 12 17 23 28.6 34.3 41.2 50 59.2 67.5 72.4 74.3 75.1 75.1 75.1 75.3 75.4 75.6 75.3 74.6 73.7 73.5 73.2 73.4 73.4 73.5 73.3 73 72.6 71.9 71.2 70.5 69.2 67.9 67.3 67.8 68.1 68.4 67.9
58.1 57.8 57.8 53.7 48.6 40 32 32.8 36.7 44 50.3 56.2 60.5 60.3 53.6 48 42.7 42.4 43.5 51.9 54.2 54.7 52.2 46.5 37.9 35.1 35.7 47.8 51 52.3 46.3 40.7 34.6 33.7 33.7 49.9 48.7 45.5 39.6 33.6 27.8 25.2 22.9 21.1 16.5 13.6 12.2 11.8 13.6 18.6 25.1 30.3 37 44.5 52.1 61 71 74.9 76.4 76.4 76.4 76.6 76.7 76.9 76.6 75.9 75.3 74.9 74.7 75.3 75.3 75.3 75.1 74.7 74.2 73.7 73.1 72.3 70.9 70 69.4 69.9 70.5 70.3 69.3
60.9 60.4 59.5 53.2 47.5 39 33.1 34.6 39 46.6 52 57.5 60.9 59.8 52.1 46.1 44.8 47.6 51.3 55.9 58.2 56.6 52.9 46.7 39.7 39.5 47.1 49.8 50.9 53.7 47 38.8 38.1 33.1 53.4 52.7 50.7 46.3 41.2 35.4 31.6 31.4 29.7 25.2 21.6 16.1 14.1 12.4 12.5 15.9 19.8 26.8 32.8 40 46.9 55.2 63.9 70.3 77.5 77.9 77.5 78 78 78.1 77.8 77.1 77.1 76.7 76.5 76.2 76.2 76.4 76.2 76 75.8 75.5 75 74.1 72.5 71.7 71.3 71.7 72.3 72.4 71.1
61.5 61 57.8 52.8 46 37.4 33.8 37 41.1 48.4 53.6 59.1 61.8 57.7 50.7 49.4 50.1 52.5 56.7 59.7 61.2 58.3 53.1 46.2 39.8 43.1 49.2 53.6 57.5 54 47.2 41.8 46.2 53.1 55.3 54.9 51.3 48.2 43.2 40.1 37.5 37.3 34.6 30.7 25.6 22.2 17.9 14 13 14.2 16 21.6 27.6 34.5 41.9 48.6 60 67.1 71.8 76.5 76.9 77.8 79.2 79.4 79.4 79.2 78.9 78.5 78.2 78 77.7 77.8 77.9 77.6 77.3 77 76.3 75.2 73.9 73.3 73.1 73.3 73.7 74 72.8
63.2 62.4 57.8 52.3 45.6 37 34.7 39.2 43.3 50.7 56 60.6 62.3 57 51.7 54.7 58.2 59.2 61.6 63.4 62.9 59.2 52.2 45.2 40.6 47.4 52.7 58 60 56.3 47.7 46.3 53.5 59.3 58.9 56.4 53.8 51.6 49.1 44.9 44.2 42.3 38 33.5 29.1 26.4 23.7 18 13.2 13.8 14.7 17.2 22.8 29 35.3 41.1 46.6 52.4 70.5 75.1 76.9 78.9 80.1 80.5 80.9 80.8 80.6 80.2 79.9 79.6 79.3 79.4 79.4 79 78.7 78.4 77.7 76.9 75.8 75.1 74.8 74.7 75 75 74.1
64.4 63.2 58.9 52.1 45.6 37.6 36 40.8 45.2 52.7 57.6 61.9 62 57.9 56.2 59.8 62.8 63.7 65.7 65.5 64.4 59.4 52.5 46.5 44.7 51.7 57.4 61 61 55.9 48.1 50.4 57.6 60.7 60.3 58.7 57.5 55.1 52.5 50.4 49.7 45.2 42.7 36.1 32.9 32.6 29.1 23.3 16.2 14.7 13.5 15.1 17.8 23 28.2 33.3 38.4 47.1 51.1 54.4 67.3 78.2 80.6 81.4 81.8 82 82.3 81.9 81.7 81.1 80.5 80.7 80.6 80.3 80.1 79.9 79.2 78.4 77.4 76.6 76.2 76.5 76.5 75.8 74.8
65.4 63.9 58.9 52.9 45.4 38 37.6 42 47.1 54.3 59.3 63.3 63.1 59.7 57 60.8 64.2 66.9 67.9 66.9 65.5 59.5 51.8 45.4 48.4 55.2 60.6 63.5 62.3 56.3 51.6 55.7 61 63.3 63.5 62.4 60.8 59 57.6 54.9 51.9 48 43.9 39.6 39.8 38.9 33.6 27.4 18.9 16 14.6 14.9 16.2 17.5 20.1 25.3 29.8 35.6 42.7 46 50.2 51.9 51 81.5 81.6 81.9 82.6 83 83.2 82.4 82.1 81.7 81.6 81.5 81.5 81.2 80.5 79.9 79.1 78.2 77.8 78.3 77.9 77.2 76
66.6 64 58.6 52.7 44.1 39 39.4 42.7 48.2 55.5 61.1 64.7 63.5 60.5 58.1 62.2 66.2 69.1 69.2 68.1 66 59.7 52.2 47 51.2 57.8 63.9 65.7 63.7 57.5 54.5 58 63.5 65.4 65.3 65 63.8 62.5 61.2 58.1 54.7 50.6 47.2 45.9 45.1 39.8 33.4 25.1 23.6 18.9 16.3 16.6 16 16.5 17.9 17.9 23.2 28.1 32.7 37.7 42.2 46.8 55.9 68.2 81.4 82.3 83.2 83.6 84.1 83 83.4 83.3 83.1 82.5 82.3 82.1 81.8 81.3 80.6 79.8 80.2 79.8 79.1 78.5 77.4
67.6 63.7 58 51.3 43.9 40.2 40.8 43.4 49.1 57.1 63.1 65.9 65 61.4 57.9 64.2 67.9 70.4 70.2 69.2 67.2 60.3 53.9 49.4 54.3 60.6 66.1 67.9 65.1 58.8 57.3 60.4 65.9 67.3 67.2 66.7 65.7 64.7 63.2 60.8 57.5 53.9 51.8 51.8 46.4 41 29 28.3 28.9 25.2 18.2 17.8 17.6 17.6 17.8 17.9 17.6 21.4 26.3 30.7 35.2 39.9 46.2 57.3 69.2 81.8 83.9 84.5 85.1 84.9 84.7 84.7 84.4 84.2 84 83.2 82.8 82.6 81.9 81.4 81.4 81.2 80.5 79.7 78.7
67.5 63.1 57.2 48.8 43.3 41.9 42.7 44.9 49.8 58.5 64.2 67.2 66.1 62.3 63.4 66.2 69.5 70.4 69.8 69.7 67.5 60.9 54.7 51.9 56.3 63.2 68.3 70.1 69.5 62.8 59.2 64.7 68.6 69.8 69.1 68.5 67.5 66.5 64.9 62.5 60.2 58 55.3 52.8 45.6 37 32.1 36.8 36.1 31.2 25.7 20.1 19.4 20 19.1 18.3 18.1 17.4 20.1 25 28.6 36.4 40.8 46.6 56.8 66.6 74.5 85.6 86.3 86.7 86.8 86.2 85.9 85.7 85.7 85 84.2 83.9 83.3 82.6 82.4 82.2 81.7 81 80
67.2 62.3 54.4 46.4 44.2 45.8 45.7 46.3 51.5 60.9 65.7 68.4 67.7 63.5 65.7 68.4 71.1 72.5 73 71.6 68.7 62 55.9 53.7 58.2 64.8 70 71.4 70.6 64.2 62.2 66.2 70.1 70.7 70.2 69.7 68.9 67.8 66.7 64.5 62.4 59.7 56.2 51.7 43.3 35.8 40.5 43.9 42.6 37.6 31.7 26.5 24.6 22.3 20.5 19.5 19.9 20.3 18.9 19.5 23.2 26.3 35.6 41 46.8 57.6 65.9 70.2 82.9 87.6 93.4 93.3 87.9 86.9 87.4 87 86.5 85.8 85.2 84.1 83.7 84 83.6 82.6 81.7
66.2 59.8 52.4 45.9 46.6 50.2 49 48.5 53.6 62.9 67.3 70.1 69.2 66 66.6 69.9 71.5 73.3 73.6 72.7 69.9 64.6 58.6 55.9 60 66.5 71.7 72.9 71.3 67.3 65.5 68 71.5 72 71.6 71.1 70.4 69.4 68.1 66.7 64.7 61.1 56.5 50.8 40 40.9 49.2 50.7 47.8 43.6 37.1 31.5 28.4 24.9 23.5 22.7 23 23 20.3 19.6 19.7 22.1 30.2 35.1 39.3 46.4 50.1 67.7 80.8 83.7 87.8 93.7 93.6 89.2 88.7 88.4 88.1 87.4 86.9 86.8 86 85.9 85.1 84.4 83.7
65 58.3 51.4 47.8 50.7 53.7 52 50.6 56 64.1 68.5 71.4 71.7 70.5 68.7 70.6 71.2 73.8 74.6 73.8 70.7 65.9 61.1 58.4 60.1 67.9 72.4 73.8 72.2 70.3 67.6 69.2 72.4 73.1 73.1 72.5 71.5 70.9 69.7 68.3 66.3 62.4 56.2 48.1 43.5 50.6 54.7 55.4 51.6 47.2 41.1 35.5 31.7 29.5 26.8 25.9 26 25.1 20.9 20.9 21.1 20.9 23.8 29.3 35.2 40.3 46.7 53.9 71.7 78.9 84.9 89.1 90.8 90.5 90.1 89.7 89.3 88.8 88.8 89.4 88.6 87.5 86.7 86.4 85.8
64.9 58.3 50.2 50.6 54.7 56.3 54.1 52.7 57.9 66.3 69.6 72.8 73.3 72.1 71.4 70.2 71.2 73.8 75.8 75 73 68.4 63.7 60.9 61.9 69.6 73.4 74.4 73.8 72.8 71.9 71.9 73.3 74.1 74.3 73.5 72.7 72 70.9 69.6 67.2 62.5 55 47.3 49 56.7 58.9 57.7 54.3 48.2 42.7 38.8 37.1 34.6 31.9 29.8 29.3 26.9 22.2 22.1 22.2 21.8 22 23.1 28.7 34 40.8 48.6 62.6 73.1 81.4 87.7 93.4 92.1 91.7 91.4 91 90.5 90.5 90.9 89.3 89 88.3 87.3 87.4
65.2 56.8 51.5 55.8 59.5 60.5 56.9 54.8 59.9 67 71.5 74.4 74.6 73.9 72.8 74.1 73 77.8 76.9 76.3 75 70.7 66.3 63.3 65.5 71.7 74.6 75.6 75.5 74.2 73.1 73.7 74.3 75.1 75.1 74.2 73.5 73 72 70.7 67.7 63.5 53.4 50.3 57.1 60.5 61.2 59.8 55 48.1 45.7 47.1 44 39.1 37.5 35.3 33.1 23.8 22.8 21.8 22.1 22.1 22.7 23.2 22.7 27.7 35 42.4 55.3 69.7 76.2 84.9 90.7 93.4 93.1 93.1 92.5 92.2 92 92.1 91.3 90.7 90.1 89.2 88.4
65.2 55.5 54.9 59.6 62.9 63 58.9 56.8 62.2 68.8 73.7 75.9 75.8 74.2 73.8 75.5 77.7 78.6 76.2 77.4 76.1 73.4 68.4 65 67 73.5 75.8 75.5 75.5 75.4 74.7 75.3 75.8 76.4 76 75.1 74.4 74.1 72.6 70.9 68.2 62.4 53.9 55.5 61.4 64.8 64.8 60.6 55.8 52 50.9 51.9 48.9 44.7 40.3 39.2 34.9 24.8 23.9 27.3 27.1 25.8 24.3 24.1 23.1 24.7 31.4 38.8 48.5 59.8 70.3 81.4 90.6 94.6 95.5 95 94.4 93.9 93.6 93.6 93.1 92.4 91.7 90.6 90.4
61.5 55.2 58.1 63.7 65.8 65.5 59.5 59.6 64.5 71.1 75.5 76.8 76.5 74.7 75.2 76.9 78.2 79.3 78.8 78.3 77.3 74.3 69.7 66.7 68.1 73.7 76.6 76.7 76.8 77 76.7 76.6 77 77.5 77 76.4 75.6 75.2 73.9 71.4 67.6 61.6 56.7 60.2 65.4 68.2 66.4 63.1 59.1 57 56.5 55.9 53.6 49.9 45.8 40 28.3 25.8 28.5 28.9 30.1 29.4 26.9 25.8 23.5 23.3 28.6 35.9 44.1 53.8 65.4 77.4 87.6 93.9 96.1 96.2 96.4 95.9 95.7 95.1 94.9 94.2 93.4 92.2 91.5
60.2 57.6 63.2 67.6 69.4 68 62.7 62 68.4 74.3 76.9 78.3 77.5 75.7 77.6 79.1 79.9 80.1 79.6 79.2 78.3 75.1 70.8 70.1 72.8 77.4 77.4 77.4 77.5 77.7 78.1 78.3 78.1 78.2 77.8 77.9 76.9 75.6 74.5 71.7 67.6 61.3 62.3 66.8 70.2 69 68.1 67.4 65.1 62.7 61 60.6 55.3 49.2 43.9 33.7 26.5 27.7 33.1 35.2 34.4 33 30.2 28.2 25.2 24.5 26.4 34.7 42.8 51.7 60.2 71.7 80.5 88 93.8 97.8 98 97.7 97.2 96.9 96.8 96.1 95.4 94.5 94.1
59.3 61.3 68 71.8 72.9 69.6 64.2 65.5 72.1 76.8 78.7 80 78.7 77.3 79 81.3 81.4 81 80.7 80.3 79.6 75.7 71.7 73.2 76.5 78.2 78.2 78.2 78.2 78.5 78.9 79.1 79.1 79 79.2 78.8 77.9 76.5 74.8 72.4 67.6 64.6 67.7 71.5 70.5 69.9 69.2 68.5 67 65.4 62.8 56.7 51.2 45.3 33.1 27.5 30.3 34.9 37.3 38.6 37.3 36.6 34.5 29.8 26.1 25.2 26.1 28.8 39.6 47.1 54.3 64 70 71.5 74.8 81.4 91.8 98.6 98.8 98.8 98.6 98 97.4 96.7 96.2
